0.543773 0.463365 0.352613 0.242929 0.156886 0.102127 0.0739762 0.0622333 0.0569484 0.051192 0.0418333 0.0292985 0.016095 0.00453565 -0.00455723 -0.0111877 -0.0148699 -0.0146082 -0.0102221 -0.00299315 0.00593518 0.018198 0.0390854 0.0757931 0.134783 0.219169 0.324888 0.43631 0.526605 0.567411 
0.497259 0.429852 0.338009 0.247568 0.175078 0.125113 0.0942777 0.0763551 0.0651076 0.0552702 0.0435978 0.0298609 0.0161653 0.00466284 -0.00400558 -0.0100687 -0.0131814 -0.0124367 -0.00789409 -0.00129091 0.00583143 0.0151112 0.0321811 0.0644436 0.11809 0.195709 0.293104 0.395537 0.478354 0.516289 
0.401564 0.355465 0.293529 0.232869 0.182073 0.142114 0.11119 0.0877774 0.0702896 0.05601 0.0420014 0.0271934 0.0128299 0.000689244 -0.00848843 -0.0145919 -0.0170033 -0.0149003 -0.00887903 -0.00145456 0.00516012 0.0121795 0.0248475 0.0499113 0.0926684 0.155089 0.233505 0.315765 0.382119 0.413289 
0.290601 0.26693 0.235929 0.20583 0.177775 0.149606 0.120981 0.0944874 0.0727056 0.0553424 0.0398006 0.0241257 0.00864975 -0.00506014 -0.0157532 -0.0225432 -0.024355 -0.0205812 -0.0125871 -0.00374824 0.00310434 0.00868121 0.0174572 0.0350097 0.0653887 0.10992 0.165822 0.224284 0.271423 0.294659 
0.189359 0.183047 0.17622 0.170381 0.161282 0.144462 0.120358 0.0941555 0.0712143 0.0529583 0.0370495 0.0208735 0.00415974 -0.0114143 -0.0238342 -0.0313709 -0.032631 -0.0274092 -0.0178336 -0.00784799 -0.000516639 0.00454001 0.0109023 0.0227247 0.0426093 0.0711512 0.106477 0.143087 0.172557 0.188035 
0.106338 0.109814 0.117666 0.127611 0.132317 0.125649 0.107875 0.085099 0.0639824 0.0469312 0.0318856 0.0159826 -0.00123782 -0.017791 -0.0309806 -0.0385501 -0.0391556 -0.03313 -0.023078 -0.0129013 -0.00531162 1.32163e-05 0.00572569 0.0143953 0.026993 0.0432094 0.0619171 0.0805786 0.0952771 0.103302 
0.0403346 0.0468806 0.061254 0.0798203 0.0938719 0.0959341 0.0853205 0.067833 0.0504102 0.0359874 0.0229273 0.0085339 -0.00757663 -0.023213 -0.0354172 -0.041942 -0.0418704 -0.0360415 -0.027046 -0.0180363 -0.0108037 -0.00483011 0.00162618 0.00945807 0.0178399 0.0253408 0.0313289 0.0357801 0.0383354 0.0390297 
-0.0104527 -0.00537976 0.0100489 0.0323021 0.0522823 0.0613929 0.057604 0.0457752 0.0325817 0.0213104 0.0109646 -0.000650189 -0.0137792 -0.0263945 -0.0359079 -0.0406374 -0.0402817 -0.0359044 -0.0294975 -0.022909 -0.0167033 -0.0100534 -0.00204316 0.00663902 0.0133852 0.0154941 0.012466 0.00614747 -0.00117115 -0.00763635 
-0.0456513 -0.0446162 -0.0314008 -0.00873463 0.0145026 0.0289211 0.0310759 0.024508 0.0152424 0.00681679 -0.000882008 -0.00922453 -0.0182916 -0.0266274 -0.0326251 -0.0355811 -0.0357519 -0.0339526 -0.0310415 -0.0273325 -0.0222783 -0.0149078 -0.00505092 0.00536709 0.0123537 0.0120805 0.00379537 -0.00969493 -0.0244796 -0.0375049 
-0.0653086 -0.0693829 -0.0602572 -0.0394765 -0.0150678 0.00335631 0.0109997 0.00961688 0.00399992 -0.0023179 -0.00837989 -0.0143498 -0.0199292 -0.0243564 -0.0273051 -0.0291963 -0.030639 -0.0317687 -0.0320311 -0.0303689 -0.0256415 -0.0172058 -0.0056864 0.0062443 0.0140267 0.0133316 0.00302635 -0.0140723 -0.0335736 -0.0518202 
-0.0723516 -0.0814251 -0.0772677 -0.0599239 -0.0357962 -0.0139666 -0.000470825 0.00406198 0.00238961 -0.00244074 -0.00839171 -0.0140649 -0.018345 -0.0208318 -0.0222716 -0.0240318 -0.0268685 -0.0301115 -0.0319423 -0.0304402 -0.0245755 -0.0146103 -0.00210063 0.0100158 0.0175981 0.0167751 0.0062941 -0.0116411 -0.0331401 -0.0546049 
-0.0716148 -0.08471 -0.0854671 -0.0722296 -0.0491588 -0.0241637 -0.00434766 0.00689475 0.00968127 0.00608888 -0.000978627 -0.0084695 -0.0140628 -0.0171267 -0.018868 -0.0211646 -0.0247997 -0.0285436 -0.0298671 -0.0266693 -0.018617 -0.00719585 0.00515196 0.0156753 0.0214213 0.0197456 0.00964045 -0.00749775 -0.0288195 -0.0513402 
-0.0663291 -0.0819344 -0.0866901 -0.0773127 -0.0556528 -0.028234 -0.00294073 0.0143339 0.021208 0.0186851 0.0101835 3.83291e-05 -0.00827563 -0.0134933 -0.0166325 -0.0195779 -0.0230929 -0.0258451 -0.0253216 -0.0198679 -0.0100893 0.001507 0.0120809 0.0195885 0.0226171 0.0198899 0.0106684 -0.00448198 -0.02388 -0.0454424 
-0.0552695 -0.0715466 -0.0789097 -0.0727803 -0.0531849 -0.0254761 0.00212913 0.0222634 0.0310941 0.0290135 0.0196194 0.00773668 -0.00266051 -0.00980138 -0.0141863 -0.0173273 -0.0199405 -0.0210181 -0.0186864 -0.0121309 -0.00275941 0.0065602 0.0134519 0.0171777 0.0179118 0.015376 0.00872876 -0.00243438 -0.0176542 -0.0359288 
-0.0336062 -0.0486384 -0.0574941 -0.0546149 -0.0387829 -0.0144742 0.0103292 0.0281807 0.0353146 0.0323383 0.0228293 0.0111775 0.00083539 -0.00653525 -0.0110145 -0.0135781 -0.0148428 -0.0143571 -0.0112319 -0.00559831 0.000699754 0.00518825 0.00675059 0.00641203 0.00591738 0.00568542 0.00447192 0.000668757 -0.0068068 -0.0184857 
0.00193534 -0.0104086 -0.0205647 -0.0220152 -0.012519 0.00422898 0.0209861 0.0313799 0.0330023 0.0274505 0.0182383 0.00862703 0.00062691 -0.0049545 -0.00814132 -0.00940278 -0.00917164 -0.00753743 -0.00461511 -0.0013497 0.000342713 -0.00118811 -0.00555245 -0.00993511 -0.0109893 -0.00737311 -0.000463657 0.006853 0.0113484 0.010088 
0.047138 0.0378787 0.0258659 0.0187763 0.019936 0.0264451 0.0320346 0.0319573 0.025796 0.0165297 0.00762662 0.000938142 -0.00340776 -0.00592429 -0.0069334 -0.00652961 -0.00487325 -0.00238498 6.44247e-05 0.000972801 -0.0014693 -0.00817355 -0.0176656 -0.0258054 -0.027641 -0.0202597 -0.00436525 0.0161153 0.0352559 0.0468259 
0.0893988 0.0826076 0.068512 0.0559094 0.0490483 0.0456549 0.0403771 0.0301323 0.0164964 0.00374121 -0.00478393 -0.00858345 -0.00928479 -0.00868221 -0.0075018 -0.00558311 -0.00276214 0.000480546 0.0028817 0.00263408 -0.00201159 -0.0116789 -0.0245737 -0.0359386 -0.0393848 -0.0299138 -0.00678628 0.0254545 0.0581253 0.081516 
0.114149 0.108878 0.0938086 0.0781595 0.066365 0.0563462 0.043506 0.026256 0.00779749 -0.00675984 -0.0144155 -0.0158323 -0.0138831 -0.011157 -0.00857418 -0.00573924 -0.00216266 0.00180656 0.00480611 0.00487195 0.000144219 -0.0101852 -0.0246316 -0.03843 -0.0441819 -0.0349446 -0.00840402 0.0306527 0.0714674 0.101868 
0.113807 0.109421 0.095639 0.0808157 0.0684966 0.0563649 0.0405168 0.020652 0.00106649 -0.0128927 -0.0188607 -0.0184387 -0.0151385 -0.0116919 -0.00882104 -0.00581165 -0.00187498 0.00282753 0.00695449 0.00840348 0.00504677 -0.00433781 -0.0187918 -0.0338786 -0.0418497 -0.0347223 -0.00925748 0.0297377 0.0707738 0.101258 
0.0917071 0.088021 0.077669 0.0668671 0.0574837 0.0468663 0.0318908 0.0132832 -0.00417006 -0.0154344 -0.0189616 -0.0170584 -0.0133778 -0.0102684 -0.00791376 -0.00518717 -0.00104508 0.00449618 0.010101 0.0134828 0.0121865 0.00462472 -0.00862496 -0.0235531 -0.0328204 -0.0287219 -0.00813689 0.0243064 0.058032 0.0822955 
0.0583308 0.0554545 0.0494473 0.043771 0.0385599 0.0311273 0.0192464 0.00429976 -0.00904594 -0.0164684 -0.0172341 -0.0140727 -0.0104202 -0.00795899 -0.00621031 -0.00367274 0.000832083 0.00733757 0.0144901 0.0198473 0.0207151 0.0153437 0.00418787 -0.00919714 -0.0185697 -0.0176953 -0.00440828 0.0172065 0.038967 0.0535656 
0.0241432 0.022351 0.020335 0.0190686 0.0175427 0.013468 0.00548269 -0.00482201 -0.0134169 -0.0169167 -0.0152403 -0.0111795 -0.00764928 -0.00556429 -0.00389522 -0.00102107 0.00409912 0.0114048 0.0195932 0.0263039 0.0288861 0.0256682 0.0171131 0.00619549 -0.00245282 -0.00474575 0.000283404 0.00965962 0.01854 0.0234936 
-0.00496888 -0.00539931 -0.00434628 -0.00244276 -0.00106911 -0.00192581 -0.00580888 -0.0113663 -0.0155259 -0.015874 -0.0127071 -0.00845832 -0.00522336 -0.00313843 -0.000888365 0.00284944 0.00857966 0.0159674 0.023929 0.0306307 0.0339283 0.0324598 0.0266289 0.0185607 0.0109787 0.00572339 0.00285881 0.00106974 -0.000913023 -0.00320385 
-0.0276506 -0.0267292 -0.023503 -0.0191871 -0.0150273 -0.0123664 -0.0119714 -0.0130935 -0.0136846 -0.0121359 -0.00878114 -0.00530549 -0.00275787 -0.000559139 0.00258704 0.0072961 0.0131767 0.0194765 0.0255246 0.0304845 0.033194 0.0327878 0.0294527 0.0242065 0.0178347 0.0102552 0.00109978 -0.00910869 -0.0185475 -0.025075 
-0.0444113 -0.0426637 -0.0380304 -0.0315113 -0.0241238 -0.0173729 -0.0125768 -0.00980343 -0.00788172 -0.0057096 -0.00334326 -0.00148055 -6.67175e-05 0.00204355 0.00587587 0.0111116 0.0163322 0.0203651 0.0230967 0.0249413 0.0259507 0.0258135 0.0243939 0.0215832 0.0165535 0.00787044 -0.00495089 -0.0199571 -0.0333055 -0.0417177 
-0.0549823 -0.0533844 -0.0482156 -0.0398208 -0.0291212 -0.01822 -0.00932925 -0.00336344 0.000182257 0.00215656 0.00294274 0.00284548 0.00288682 0.00456641 0.00849461 0.0134442 0.0171405 0.0181772 0.0170696 0.015409 0.0143 0.0138271 0.0135075 0.0124008 0.00873894 0.000450102 -0.0129628 -0.028982 -0.0431398 -0.0519942 
-0.0573779 -0.0570382 -0.0525542 -0.0434672 -0.0306369 -0.0167552 -0.00483609 0.00348157 0.00814099 0.00978416 0.00917329 0.00742112 0.00623578 0.00723739 0.0105924 0.0144085 0.0159631 0.0139387 0.00948987 0.00505533 0.00231545 0.00139831 0.00147041 0.00122437 -0.00121259 -0.00780384 -0.0190398 -0.0327804 -0.0452612 -0.053642 
-0.0493971 -0.0511642 -0.0488241 -0.04113 -0.0286482 -0.0141558 -0.00100228 0.0086393 0.0141131 0.0157267 0.0144209 0.0118031 0.00990222 0.0102187 0.0125287 0.0146437 0.0138961 0.00939052 0.00285917 -0.00285081 -0.00605469 -0.00697785 -0.00680903 -0.00678069 -0.00815125 -0.0121841 -0.0193485 -0.0285419 -0.0375885 -0.0447403 
-0.031744 -0.0358313 -0.0366896 -0.032395 -0.0228786 -0.010359 0.00200364 0.0116885 0.0174154 0.0190894 0.017687 0.0150063 0.0130142 0.0128561 0.0140009 0.0143385 0.011689 0.00578443 -0.00123279 -0.0065486 -0.00894027 -0.00924449 -0.00894679 -0.00887627 -0.00925897 -0.0103844 -0.0127135 -0.0164223 -0.0211843 -0.0264804 
-0.00996354 -0.015745 -0.0196496 -0.0193031 -0.0138951 -0.00479743 0.00527156 0.0136116 0.018504 0.019654 0.0181295 0.0157269 0.0140427 0.0136871 0.013904 0.0129235 0.0092745 0.00329575 -0.00274122 -0.00642872 -0.00725246 -0.00667 -0.00628719 -0.00632318 -0.00588557 -0.00435035 -0.00223709 -0.000893638 -0.00156368 -0.00473673 
0.00757083 0.00130566 -0.00412987 -0.00627784 -0.00392574 0.00212044 0.00947489 0.0154352 0.0182657 0.0179026 0.015699 0.0133786 0.0120162 0.0116451 0.0113753 0.00987445 0.00632932 0.00143581 -0.00274463 -0.00443694 -0.00380692 -0.00269051 -0.00255831 -0.00296122 -0.00208477 0.00131625 0.00656517 0.0114306 0.01366 0.0122279 
0.0149353 0.00925169 0.00429768 0.002179 0.00386314 0.00849179 0.0137427 0.0171134 0.0173137 0.0148801 0.0115595 0.00896674 0.00768014 0.0072969 0.00692595 0.00564144 0.00304091 -0.000187453 -0.00247665 -0.00270308 -0.00143244 -0.000480357 -0.000956152 -0.00186958 -0.000888321 0.00345227 0.0102132 0.0165851 0.0198774 0.019078 
0.01266 0.00780661 0.00456795 0.00436575 0.00734389 0.0120888 0.0162053 0.0176068 0.0157096 0.0116793 0.00748887 0.00455234 0.00310049 0.00257244 0.00224182 0.00150674 9.89626e-05 -0.00159398 -0.00261647 -0.00233242 -0.00132368 -0.00101186 -0.00204627 -0.00316621 -0.00199713 0.00275918 0.00981533 0.0160074 0.0185991 0.0170069 
0.00649739 0.00190619 0.000225401 0.00212041 0.0067103 0.0119274 0.0154342 0.0157661 0.0130325 0.00869045 0.00451857 0.00157213 -7.67479e-05 -0.000849016 -0.00117446 -0.00142492 -0.00191113 -0.00262941 -0.00314175 -0.00305995 -0.00270866 -0.00295452 -0.0040521 -0.00475531 -0.00299938 0.00212923 0.00900094 0.0142468 0.0152316 0.011901 
0.00213836 -0.00287976 -0.00402849 -0.001214 0.00385084 0.00869582 0.0113455 0.0111349 0.00870958 0.00535955 0.00221377 -0.000186833 -0.00178394 -0.00266613 -0.00293804 -0.00285042 -0.00281857 -0.00310817 -0.00355393 -0.00380379 -0.00387499 -0.00419564 -0.00482761 -0.00473461 -0.0022652 0.00316405 0.0097737 0.0141645 0.0137752 0.00883682 
0.00103917 -0.00444961 -0.0058708 -0.00343497 0.000677847 0.00395088 0.00506081 0.00426436 0.00261875 0.000954721 -0.000502304 -0.00180841 -0.00288019 -0.00345815 -0.00340534 -0.00296589 -0.00265935 -0.00283324 -0.00332171 -0.00366035 -0.00366259 -0.00359898 -0.00360548 -0.00296688 -0.000359335 0.0047427 0.0107907 0.0146457 0.0137882 0.00832654 
0.000813368 -0.00437659 -0.00600156 -0.00441833 -0.00195578 -0.000895995 -0.00176333 -0.0033718 -0.00431583 -0.00425295 -0.00382326 -0.00365425 -0.00370508 -0.00351013 -0.00282943 -0.001974 -0.00153579 -0.00179579 -0.0023935 -0.00265838 -0.00230618 -0.00170192 -0.00129315 -0.000779395 0.000932128 0.00459808 0.00932388 0.0126091 0.0120715 0.00740035 
-0.00127719 -0.005076 -0.0061644 -0.00504569 -0.00398686 -0.00485562 -0.00740539 -0.00970377 -0.0101071 -0.00863633 -0.00653462 -0.00485741 -0.00369934 -0.00258537 -0.00128889 -0.000181811 0.000135848 -0.000476829 -0.00139667 -0.00170943 -0.00106223 -1.35218e-05 0.000551042 0.000419494 0.000437566 0.00170959 0.00425496 0.00653074 0.00651176 0.0034505 
-0.00555967 -0.00715438 -0.00690066 -0.00552321 -0.00508518 -0.00693735 -0.0102388 -0.0126803 -0.0126013 -0.0102444 -0.00709933 -0.00440851 -0.00241917 -0.00077831 0.000679312 0.00158831 0.0014206 0.000185028 -0.00127958 -0.00185119 -0.00109244 0.000288134 0.000980302 0.000208023 -0.00153219 -0.00288273 -0.00292331 -0.00212083 -0.00191072 -0.00325047 
-0.0099498 -0.00904348 -0.00699114 -0.00478248 -0.00418205 -0.00600888 -0.00909238 -0.0111681 -0.0107975 -0.0083208 -0.00513827 -0.00240904 -0.000448788 0.000957092 0.00192249 0.00215316 0.00124401 -0.000680114 -0.00267619 -0.00351684 -0.00268816 -0.000956869 6.1631e-05 -0.000916524 -0.0038135 -0.00721616 -0.0095394 -0.0102853 -0.0101707 -0.0100655 
-0.0119497 -0.00867506 -0.00481005 -0.00156129 -0.000353316 -0.00156411 -0.0039672 -0.0056459 -0.00549602 -0.00382312 -0.001696 1.55559e-05 0.00104817 0.00153141 0.00154552 0.000873905 -0.00077196 -0.00320061 -0.00547084 -0.00636895 -0.00535957 -0.0032089 -0.00167907 -0.00238933 -0.0056274 -0.0100843 -0.0138249 -0.0156505 -0.0155937 -0.0142548 
-0.0106668 -0.00544637 -0.000134257 0.00399685 0.00586583 0.00537365 0.00358341 0.00194669 0.00127948 0.00144125 0.00181057 0.00189172 0.00154805 0.000868072 -0.000117899 -0.00160319 -0.00380615 -0.00650075 -0.00879475 -0.00956442 -0.00832507 -0.00583868 -0.00387779 -0.0041659 -0.00718331 -0.0117664 -0.0158861 -0.0179508 -0.017498 -0.0148844 
-0.0072631 -0.000700959 0.00544578 0.0100519 0.0123842 0.0124678 0.0110698 0.00919003 0.00746775 0.00600534 0.00462144 0.00316192 0.00161271 1.84466e-05 -0.00168411 -0.00373266 -0.00631691 -0.00917388 -0.0114454 -0.0121149 -0.0108049 -0.00830752 -0.00632739 -0.00648289 -0.00921875 -0.0134324 -0.0171278 -0.0185868 -0.0171358 -0.0130858 
-0.00367718 0.00355101 0.00984241 0.014417 0.0169136 0.0174006 0.01631 0.0142486 0.0117532 0.00915731 0.00662241 0.00423358 0.00204214 2.08319e-05 -0.00201578 -0.00437631 -0.00722553 -0.0102383 -0.0125577 -0.0132705 -0.0121477 -0.0100615 -0.00863058 -0.00923116 -0.0120578 -0.0159028 -0.018806 -0.0191168 -0.0162471 -0.010713 
-0.00111581 0.0060866 0.0118676 0.0159055 0.0182327 0.0189592 0.0182173 0.0162721 0.0135549 0.0105421 0.00761175 0.0049852 0.00272516 0.000717362 -0.00133589 -0.00378928 -0.00675463 -0.00982586 -0.0121461 -0.0129244 -0.0121137 -0.0107027 -0.0102347 -0.0117867 -0.0151592 -0.0188748 -0.0209554 -0.0199513 -0.0156054 -0.00882451 
8.20305e-05 0.00653521 0.0112285 0.0143086 0.0161736 0.0169948 0.0166649 0.0151288 0.0126484 0.00973494 0.00689821 0.00446084 0.00249091 0.000794475 -0.00101661 -0.00331159 -0.00613033 -0.00899981 -0.0111041 -0.0118085 -0.0112474 -0.0105011 -0.0110302 -0.0136238 -0.0176701 -0.0213623 -0.0226839 -0.0204829 -0.0149863 -0.00755007 
-0.000425899 0.00461214 0.00784734 0.00980696 0.0111332 0.0120239 0.0121684 0.0111969 0.0091404 0.00648181 0.00386187 0.00174752 0.000244848 -0.000916619 -0.00222337 -0.00406906 -0.00644807 -0.00887168 -0.0106138 -0.0111916 -0.0108376 -0.0106061 -0.0118188 -0.0150411 -0.0193863 -0.022836 -0.0234124 -0.0203256 -0.0143165 -0.00709791 
-0.00310162 0.000230599 0.00210993 0.00324687 0.004302 0.00539416 0.00603032 0.00557956 0.00387071 0.00138445 -0.00105962 -0.00280781 -0.00371468 -0.00415852 -0.0047599 -0.00597491 -0.00780838 -0.00981738 -0.0113824 -0.0120984 -0.0121326 -0.0123297 -0.0137799 -0.0169165 -0.0208343 -0.0235918 -0.0234277 -0.0199306 -0.0142213 -0.00811947 
-0.00746851 -0.00545863 -0.00425363 -0.00326475 -0.0020679 -0.000712042 0.00021145 -1.87983e-05 -0.00161944 -0.00402558 -0.00623693 -0.00748234 -0.00767154 -0.00735149 -0.0072841 -0.00798039 -0.00947502 -0.0114007 -0.0132257 -0.0145221 -0.0152321 -0.0158287 -0.0170915 -0.0194133 -0.0221561 -0.0238097 -0.0230419 -0.019752 -0.0151295 -0.0107219 
-0.0114363 -0.00983394 -0.00843188 -0.00707867 -0.00571148 -0.00447326 -0.0038351 -0.00434063 -0.00605324 -0.00828611 -0.00998888 -0.0104852 -0.00990654 -0.00900507 -0.00860451 -0.00916225 -0.0106789 -0.0128446 -0.0151975 -0.017243 -0.0186395 -0.0194378 -0.020096 -0.0210546 -0.0221612 -0.0226056 -0.0216051 -0.0191847 -0.0161827 -0.0134934 
-0.0122027 -0.0101873 -0.00824447 -0.0067976 -0.00600525 -0.00581537 -0.00626738 -0.00748726 -0.00930041 -0.0110136 -0.0117888 -0.0113083 -0.0100494 -0.00891413 -0.00862161 -0.00940345 -0.0111173 -0.0134748 -0.0161005 -0.0184789 -0.0200516 -0.020529 -0.0201374 -0.0194584 -0.0189196 -0.0184644 -0.0177745 -0.0167188 -0.0154216 -0.0139512 
-0.00810137 -0.00555635 -0.00364883 -0.00320243 -0.00423237 -0.00613609 -0.00828879 -0.0103263 -0.0119369 -0.0126696 -0.0121856 -0.0106944 -0.00899053 -0.00795905 -0.00803208 -0.00909311 -0.0108004 -0.0128817 -0.0150859 -0.0169605 -0.0178577 -0.0173141 -0.015492 -0.013208 -0.0114262 -0.0106553 -0.0107585 -0.0111686 -0.0111733 -0.010185 
3.22411e-05 0.00243589 0.00317825 0.00144714 -0.00227496 -0.00667906 -0.0105015 -0.0130234 -0.0140014 -0.0134609 -0.0117221 -0.00949877 -0.00770765 -0.00699578 -0.00740134 -0.00847823 -0.00974546 -0.010984 -0.0120874 -0.0127079 -0.0122116 -0.0101295 -0.00673191 -0.00312645 -0.000666002 -0.000110256 -0.00118207 -0.00274462 -0.00342139 -0.00238833 
0.00898092 0.0102078 0.00891614 0.00469138 -0.00141438 -0.00759648 -0.012264 -0.0146041 -0.0146097 -0.012858 -0.0102762 -0.0078787 -0.00642977 -0.00615715 -0.00671625 -0.00748026 -0.00797686 -0.00809805 -0.00786395 -0.00701271 -0.00496021 -0.00132046 0.00345616 0.00800712 0.0107687 0.0109701 0.00916265 0.00693438 0.00596543 0.00693388 
0.0149664 0.0141289 0.0107425 0.00490238 -0.00208353 -0.00842113 -0.0126282 -0.0140346 -0.0129143 -0.0102953 -0.00749532 -0.00554968 -0.00483831 -0.0050932 -0.00568483 -0.00598972 -0.00569262 -0.0048459 -0.00357284 -0.00166399 0.00143403 0.00606473 0.0117027 0.0168901 0.0199949 0.0202569 0.018319 0.0158419 0.0144194 0.0144774 
0.0162422 0.0128959 0.00804272 0.0020934 -0.00393042 -0.00878477 -0.0114189 -0.0113946 -0.00919188 -0.00610545 -0.00360028 -0.00251752 -0.00275431 -0.00358496 -0.00421263 -0.00413751 -0.00327527 -0.00186273 -0.00013328 0.00206111 0.00527549 0.00995661 0.0157619 0.0213919 0.0252398 0.0263932 0.0251728 0.0227973 0.0204517 0.0184677 
0.0144838 0.00868254 0.00308981 -0.00186417 -0.0058726 -0.00853091 -0.0092913 -0.0078779 -0.00484577 -0.00159259 0.000422736 0.000616612 -0.000487894 -0.00183361 -0.0025493 -0.00227811 -0.00114101 0.000458299 0.00215012 0.00396919 0.00647732 0.0103683 0.0157433 0.0217022 0.0267323 0.0295959 0.0299178 0.0280581 0.0245881 0.0199435 
0.0134929 0.00567944 -0.000375319 -0.0043409 -0.00663749 -0.00760784 -0.00708238 -0.00484252 -0.00142069 0.00178818 0.00339086 0.00299634 0.00136832 -0.000284504 -0.00108736 -0.0007766 0.000421283 0.00200748 0.0034855 0.00474227 0.00631845 0.00917713 0.0139359 0.0201763 0.0265256 0.0314066 0.0336801 0.032767 0.0285908 0.021718 
0.0159704 0.00678457 2.57467e-05 -0.003901 -0.00571357 -0.00613899 -0.00525163 -0.00290472 0.000397524 0.00334364 0.00466161 0.00406998 0.00236897 0.000722475 -6.82396e-05 0.000218631 0.00136473 0.00288775 0.00425085 0.00524269 0.00635773 0.00869444 0.0131824 0.0197249 0.0270818 0.0335118 0.0374195 0.0376128 0.0335344 0.0257132 
0.0210743 0.0112172 0.00348091 -0.00135288 -0.00374361 -0.00444382 -0.00376522 -0.00178601 0.000963948 0.00336067 0.0043737 0.00382456 0.00241323 0.00109606 0.000506676 0.000822364 0.00189465 0.0033626 0.00479164 0.00600693 0.00746479 0.0101805 0.0150112 0.0218512 0.0295275 0.0363953 0.040908 0.0418181 0.038402 0.0309508 
0.0250222 0.0152769 0.00690614 0.00116413 -0.00188963 -0.00289238 -0.00245621 -0.00100411 0.000901047 0.00244206 0.00296671 0.00246008 0.00149683 0.000754345 0.000619047 0.00116083 0.00227947 0.00378236 0.00545628 0.00729007 0.00971137 0.0134576 0.0189798 0.0258826 0.033 0.038986 0.0427461 0.043453 0.0405538 0.0340793 
0.0242223 0.0155185 0.00766664 0.00206653 -0.000917394 -0.00185777 -0.00159515 -0.000775012 0.000113531 0.00061523 0.000476837 -0.000117834 -0.000654138 -0.000681671 -7.41647e-05 0.00105567 0.00257509 0.00442581 0.00662325 0.00931361 0.012834 0.0175471 0.0234276 0.029785 0.0355012 0.0395838 0.0414714 0.0409144 0.037771 0.0320485 
0.0179948 0.011271 0.0053911 0.00126203 -0.000942534 -0.00178168 -0.00199995 -0.00208049 -0.00226634 -0.00273127 -0.00349601 -0.00424031 -0.00441997 -0.00367024 -0.00205195 0.000112659 0.00257858 0.00532749 0.00847498 0.0121449 0.0164314 0.0213417 0.0266149 0.0315832 0.035343 0.0371629 0.0367611 0.0342789 0.0300693 0.0245018 
0.008595 0.00440839 0.00143648 -0.000488083 -0.00180546 -0.00300473 -0.00430232 -0.00559159 -0.00674651 -0.00784372 -0.00894047 -0.00971578 -0.00954686 -0.00801577 -0.00525699 -0.00176169 0.00208704 0.00621767 0.0106635 0.0152824 0.0197656 0.0238682 0.0274796 0.0303986 0.032138 0.0320608 0.0297594 0.0253961 0.0197484 0.0138635 
-0.000807498 -0.00262746 -0.00275235 -0.00260059 -0.00335461 -0.00535337 -0.00805038 -0.0105585 -0.0123833 -0.0136721 -0.0147162 -0.0153065 -0.0147502 -0.0125227 -0.00875717 -0.00404129 0.00114771 0.0066652 0.0123638 0.0177049 0.0219186 0.0246155 0.0260915 0.0268745 0.0269973 0.025793 0.0224366 0.0167942 0.00988717 0.00350615 
-0.00801571 -0.00832645 -0.00652948 -0.00497297 -0.00541515 -0.0080717 -0.0117802 -0.0150389 -0.0171056 -0.0182557 -0.0190237 -0.0193152 -0.0183966 -0.0156795 -0.0113041 -0.00589945 5.37882e-05 0.00641632 0.0129177 0.0186865 0.0225627 0.0240377 0.0237551 0.0228737 0.0218972 0.0201597 0.0164507 0.0102557 0.00261355 -0.0041896 
-0.0126275 -0.0125315 -0.0100669 -0.00786529 -0.00792294 -0.0104722 -0.0141782 -0.0173542 -0.0192088 -0.0200979 -0.0206389 -0.0207345 -0.0196114 -0.0166991 -0.0122067 -0.00678085 -0.000813363 0.00568067 0.012454 0.0184838 0.0223509 0.0233537 0.0221606 0.0201841 0.0182631 0.0159502 0.0120255 0.00577889 -0.00194705 -0.00886346 
-0.0160958 -0.0164163 -0.0142932 -0.0119678 -0.0113087 -0.0127096 -0.0151526 -0.0172582 -0.0184176 -0.0189995 -0.0194911 -0.0196249 -0.0185495 -0.0157577 -0.0115608 -0.00660115 -0.00113018 0.00501846 0.0117154 0.0179401 0.0221334 0.0233106 0.0218153 0.0189112 0.0156488 0.012101 0.00756008 0.00145099 -0.00573389 -0.0122577 
-0.0208557 -0.0218544 -0.0204975 -0.0181896 -0.0163857 -0.0156791 -0.0156817 -0.0157046 -0.015556 -0.0156181 -0.0161119 -0.0164757 -0.0157235 -0.0133747 -0.00978426 -0.00553493 -0.00074071 0.00488556 0.0112913 0.0175037 0.0219136 0.0232612 0.0214157 0.0172747 0.0120196 0.00643635 0.00071038 -0.00530647 -0.01152 -0.0171302 
-0.0282938 -0.0297166 -0.029 -0.0265873 -0.0233324 -0.019904 -0.0165942 -0.0136221 -0.0114437 -0.0105621 -0.0109201 -0.011612 -0.0114553 -0.00989402 -0.00719525 -0.00379994 0.000280673 0.00531913 0.011198 0.016943 0.0209693 0.0218839 0.0191897 0.0134196 0.00580561 -0.00220381 -0.00946551 -0.0155544 -0.0206818 -0.0250482 
-0.0369374 -0.0382394 -0.037802 -0.0352242 -0.0305994 -0.0243835 -0.0173997 -0.0108774 -0.00615174 -0.00401614 -0.00417538 -0.00534075 -0.00606304 -0.00561452 -0.00407173 -0.00167699 0.00163137 0.00600348 0.011122 0.0159284 0.0189122 0.018747 0.0148174 0.00741156 -0.00229886 -0.0124687 -0.0212065 -0.0275 -0.0316478 -0.0346195 
-0.0429851 -0.0435103 -0.0430178 -0.0404645 -0.035006 -0.0265309 -0.0161831 -0.00625809 0.00084792 0.00394218 0.0035915 0.00156848 -0.000339566 -0.00122014 -0.000980904 0.000308502 0.0027696 0.00641829 0.010698 0.0144113 0.0161315 0.0147383 0.00970961 0.00120392 -0.00978764 -0.0213414 -0.0311168 -0.0375547 -0.0407721 -0.042152 
-0.0432665 -0.0422951 -0.0413756 -0.0390263 -0.0333764 -0.0235324 -0.0108212 0.0014226 0.00975363 0.0126704 0.0111737 0.00766055 0.00428315 0.00203988 0.00103575 0.00125474 0.00286023 0.00580327 0.00936341 0.0122237 0.0130303 0.0108904 0.00543489 -0.00328324 -0.0145489 -0.0265762 -0.0367856 -0.0430908 -0.0451973 -0.044598 
-0.0380398 -0.0347998 -0.032767 -0.030266 -0.0246115 -0.0142639 -0.000708086 0.0119175 0.0194874 0.0205407 0.0167309 0.0111343 0.00617598 0.0027513 0.00076451 9.84425e-05 0.000926469 0.00322836 0.00626635 0.00870854 0.00928451 0.00725642 0.0022988 -0.00573693 -0.0164774 -0.0283291 -0.0385171 -0.0444049 -0.0451498 -0.0421706 
-0.0308851 -0.0246346 -0.0203757 -0.0166157 -0.0104596 -0.000209844 0.0124854 0.0232081 0.0278734 0.0255665 0.0187159 0.0109161 0.00460782 0.00035427 -0.00229838 -0.0036477 -0.00350717 -0.00178079 0.000922378 0.00338786 0.00445152 0.00339631 -0.000282783 -0.00709981 -0.0170308 -0.0285742 -0.0386763 -0.044135 -0.043542 -0.0381329 
-0.0257045 -0.0158801 -0.00817455 -0.00179436 0.0055846 0.0152929 0.025649 0.0326619 0.0330771 0.0269208 0.0172833 0.00788543 0.000809008 -0.00390613 -0.00707326 -0.00906887 -0.00958395 -0.00832636 -0.0057098 -0.00278709 -0.000665467 -0.000229562 -0.00239811 -0.00814273 -0.0176494 -0.0292704 -0.0395709 -0.0448873 -0.0433682 -0.0359631 
-0.0237543 -0.0101571 0.00164801 0.0112592 0.0199219 0.0284899 0.0356362 0.0384049 0.0347865 0.025729 0.014602 0.00477206 -0.0023621 -0.00733377 -0.0111239 -0.0139013 -0.015028 -0.0139728 -0.011035 -0.00724348 -0.00382747 -0.00203831 -0.00331282 -0.00894714 -0.0189834 -0.0313022 -0.042072 -0.0474663 -0.0454685 -0.0366655 
-0.023423 -0.0064558 0.00890865 0.0208611 0.0296731 0.0362308 0.0401416 0.0397141 0.0339259 0.0240931 0.0133139 0.00425742 -0.00242843 -0.00767086 -0.0122836 -0.0158931 -0.0173669 -0.016011 -0.0122604 -0.00741297 -0.00305152 -0.000877536 -0.0026979 -0.00974015 -0.021414 -0.0348308 -0.0458791 -0.0510206 -0.0484894 -0.0385749 
-0.0221858 -0.00306323 0.0140369 0.0261475 0.0332032 0.0369587 0.0384524 0.0370245 0.0318207 0.0236331 0.0147554 0.00710187 0.000856239 -0.00487711 -0.0103655 -0.0144992 -0.0157088 -0.0134072 -0.00851988 -0.00290411 0.0014009 0.00240106 -0.00168096 -0.0114998 -0.0254328 -0.0397039 -0.0501444 -0.0539737 -0.0501697 -0.0390205 
-0.0181451 0.00116305 0.0175344 0.0274656 0.0312465 0.0320634 0.0324927 0.0323876 0.0301527 0.0252446 0.0188133 0.0122159 0.0057168 -0.000967727 -0.0072307 -0.0112791 -0.0114557 -0.00771117 -0.00177464 0.00384594 0.00681942 0.00524734 -0.0021395 -0.0150665 -0.0307915 -0.0448052 -0.0531613 -0.0542044 -0.0481203 -0.0356423 
-0.0104894 0.00679209 0.0204149 0.0269671 0.0273209 0.0259617 0.0266457 0.0292509 0.0309361 0.0294668 0.0247972 0.0180409 0.0101093 0.00185648 -0.00506915 -0.00847527 -0.00713475 -0.00194617 0.00446396 0.00915793 0.00992464 0.00540669 -0.0048577 -0.0196653 -0.0354565 -0.047392 -0.0520479 -0.0491104 -0.0402674 -0.0270213 
-0.000325997 0.0132707 0.02347 0.0271695 0.0253966 0.0231857 0.0248759 0.0301613 0.0350497 0.0358239 0.0314855 0.0232118 0.0129096 0.00277634 -0.00462968 -0.00715095 -0.0044341 0.00153088 0.007469 0.0105085 0.00905409 0.00256999 -0.00865331 -0.0228756 -0.0363059 -0.0443099 -0.0442681 -0.0372553 -0.026426 -0.0139497 
0.00834893 0.0177677 0.0253665 0.0280394 0.0261634 0.0244056 0.0271627 0.0340383 0.0404227 0.0417366 0.0364922 0.0261689 0.013662 0.00223322 -0.00513978 -0.00680244 -0.00343787 0.00213247 0.00654375 0.00758484 0.004648 -0.00198477 -0.0116494 -0.0226897 -0.0317516 -0.0349166 -0.0305622 -0.0209702 -0.0102948 -0.000768795 
0.0100582 0.0160592 0.0227063 0.026378 0.0261685 0.0257546 0.029269 0.0364299 0.0426601 0.043279 0.0368437 0.0252436 0.0120092 0.000789919 -0.00570529 -0.00666705 -0.00363593 0.000308672 0.00236554 0.00142827 -0.00203115 -0.00716546 -0.0134252 -0.0198174 -0.0239587 -0.0229898 -0.0162653 -0.00678905 0.00110762 0.00592406 
0.00200126 0.00620001 0.0133725 0.019186 0.0214343 0.022672 0.0266012 0.0331691 0.0383361 0.0379693 0.0310753 0.019861 0.00792562 -0.00145183 -0.00638276 -0.00696012 -0.00514961 -0.00365634 -0.00425317 -0.00685072 -0.0101366 -0.0130766 -0.0155944 -0.0176593 -0.0180887 -0.0151261 -0.00876492 -0.00196675 0.00163063 0.00169702 
-0.0127091 -0.00851368 -0.00019636 0.00756116 0.0118388 0.0143332 0.0182586 0.0237906 0.0277034 0.0267894 0.0206267 0.0114319 0.0022839 -0.00442933 -0.00779673 -0.00854511 -0.00855287 -0.00970544 -0.0126375 -0.0163501 -0.0191727 -0.0202583 -0.020123 -0.0196418 -0.0186931 -0.0163104 -0.0124898 -0.00932456 -0.00925119 -0.0117385 
-0.0261583 -0.0207686 -0.0117063 -0.00329561 0.00160073 0.00422033 0.00735089 0.0114062 0.0140887 0.0132074 0.0087596 0.00254349 -0.00334216 -0.00757971 -0.0100219 -0.0115794 -0.0136333 -0.0171009 -0.0216814 -0.025938 -0.0283349 -0.0284571 -0.0273253 -0.0264192 -0.0262719 -0.026154 -0.0253647 -0.0245892 -0.0251828 -0.0267186 
-0.0301606 -0.0236617 -0.0151401 -0.0079026 -0.00424167 -0.00310095 -0.00198249 -0.000145652 0.00108753 0.000476737 -0.00180974 -0.00476268 -0.00754074 -0.00986935 -0.0120387 -0.0147534 -0.0187077 -0.0239628 -0.0296129 -0.034159 -0.0364386 -0.0364697 -0.0355627 -0.0354523 -0.036885 -0.0388632 -0.0395868 -0.0383686 -0.0361754 -0.0338006 
-0.0205362 -0.0144318 -0.00830707 -0.00407664 -0.0033492 -0.00519556 -0.00731304 -0.0085535 -0.00926029 -0.00979935 -0.00996837 -0.00971116 -0.00954963 -0.0102054 -0.012221 -0.0159331 -0.0213827 -0.0280158 -0.0346015 -0.0396927 -0.0423835 -0.0428695 -0.0424761 -0.042925 -0.0448936 -0.046918 -0.046234 -0.0414229 -0.034013 -0.026739 
0.00123957 0.00484143 0.00685747 0.00677885 0.00350952 -0.00222348 -0.00828167 -0.013111 -0.0161622 -0.0170121 -0.0154201 -0.0122037 -0.00917043 -0.0080026 -0.00950016 -0.0136978 -0.0201516 -0.0279286 -0.0356252 -0.0417629 -0.0453868 -0.0465154 -0.0462261 -0.0460481 -0.0464793 -0.0457106 -0.0405968 -0.029952 -0.0166757 -0.00552142 
0.0289677 0.0288794 0.0263174 0.0217697 0.0143305 0.00451984 -0.0055414 -0.0138809 -0.0192617 -0.0207063 -0.0179515 -0.0124369 -0.00693064 -0.00390584 -0.00447102 -0.00855067 -0.0154422 -0.0240169 -0.0327676 -0.0400958 -0.0447909 -0.0464761 -0.0458151 -0.0440164 -0.0413493 -0.0358857 -0.024744 -0.00777394 0.0104146 0.0235413 
0.0543151 0.0513857 0.0457434 0.0380422 0.0271679 0.0136224 -7.8021e-05 -0.0113976 -0.0187082 -0.0209338 -0.0179416 -0.0114477 -0.0045778 -0.000158686 0.000444493 -0.00281772 -0.00927303 -0.017784 -0.0268144 -0.0346717 -0.0399173 -0.0418118 -0.0406137 -0.0371772 -0.0315217 -0.0217251 -0.00546842 0.016176 0.0372117 0.0506674 
0.070168 0.0668073 0.0609804 0.0525098 0.0397023 0.0233304 0.00678593 -0.00669646 -0.0154521 -0.0188137 -0.0169321 -0.0113621 -0.00480704 0.000179787 0.00213336 0.000628467 -0.0040595 -0.0110352 -0.0188467 -0.0257965 -0.0303692 -0.0316725 -0.0297815 -0.0253835 -0.0183677 -0.00683651 0.0111534 0.0338678 0.0548702 0.0674506 
0.0735794 0.0717957 0.0683535 0.0615434 0.0488654 0.0314643 0.0136571 -0.000851078 -0.0107459 -0.0160073 -0.0169211 -0.014332 -0.0098017 -0.00506896 -0.00156144 -0.000301538 -0.0017566 -0.00552631 -0.0103443 -0.014547 -0.0166492 -0.0158612 -0.0124747 -0.00745576 -0.000898621 0.00903172 0.0243389 0.0435818 0.0610767 0.0712519 
0.0668866 0.0665217 0.0662213 0.0626613 0.0524375 0.0367073 0.020011 0.00578778 -0.00531146 -0.0136519 -0.0190622 -0.0210992 -0.0198042 -0.0159382 -0.010886 -0.0063504 -0.00365487 -0.00298763 -0.00330157 -0.00295814 -0.000557579 0.00434703 0.0108202 0.0171271 0.0225823 0.0288286 0.0381988 0.0502269 0.060826 0.0661835 
0.0564109 0.055225 0.0569231 0.057048 0.0512476 0.0399171 0.0265977 0.013532 0.000652365 -0.0120766 -0.023193 -0.0305883 -0.0329305 -0.0303254 -0.0242418 -0.0168986 -0.0101991 -0.00474493 0.000312301 0.00651501 0.0150404 0.0257813 0.0369282 0.045805 0.0510032 0.0538216 0.0567742 0.0603101 0.0620052 0.0600096 
0.0498901 0.0452378 0.0467291 0.0496059 0.0487437 0.0430852 0.0340734 0.0220945 0.00660206 -0.011299 -0.028229 -0.0404782 -0.0459823 -0.044841 -0.0387541 -0.0300437 -0.0205792 -0.0109769 -0.0005569 0.0118984 0.0270544 0.0440905 0.0604274 0.0727708 0.0792681 0.0808313 0.0797171 0.0766012 0.0700611 0.0598884 
0.0547319 0.0448919 0.0432523 0.0459142 0.0478417 0.0465937 0.0410742 0.0295658 0.0112804 -0.0111604 -0.0324561 -0.047854 -0.0554007 -0.0558018 -0.0510045 -0.0429041 -0.0326387 -0.0203819 -0.00558429 0.0123614 0.0332749 0.0555548 0.0762135 0.0919858 0.101139 0.104349 0.103243 0.0979181 0.0869523 0.0708863 
0.0781173 0.0618522 0.0527651 0.0494904 0.0489378 0.0483884 0.0444935 0.0333555 0.0137274 -0.0107222 -0.0335351 -0.0497551 -0.0581496 -0.0602219 -0.0579567 -0.0523775 -0.0434232 -0.0305089 -0.0131513 0.00849538 0.0332413 0.0587878 0.0821779 0.100823 0.1137 0.121568 0.125345 0.123974 0.114951 0.0980903 
0.127571 0.102596 0.0797054 0.0622959 0.0517406 0.0467791 0.0424995 0.0326618 0.0147139 -0.00794303 -0.0289991 -0.0440608 -0.052665 -0.0567236 -0.0578633 -0.0560569 -0.0500197 -0.0383916 -0.0206998 0.00222648 0.0283576 0.0550228 0.0797487 0.101105 0.119219 0.135296 0.149646 0.159607 0.16032 0.148861 
0.208641 0.171073 0.12693 0.0867048 0.0584666 0.0439452 0.0373821 0.0300102 0.0168537 -0.000604375 -0.0175684 -0.0306276 -0.0395889 -0.0459968 -0.0507312 -0.0528865 -0.0503836 -0.0413905 -0.0254532 -0.00380776 0.0211591 0.0469981 0.0722546 0.0970302 0.122889 0.151726 0.183265 0.212598 0.230906 0.23025 
0.317567 0.263703 0.19295 0.124348 0.0735077 0.0457146 0.0349179 0.0299835 0.0228564 0.011908 -0.000489759 -0.0119421 -0.0218353 -0.03063 -0.0383147 -0.043574 -0.0442059 -0.0383512 -0.0256282 -0.00737999 0.0142109 0.037597 0.0629316 0.092203 0.128567 0.174655 0.229404 0.284856 0.32665 0.339997 
0.433291 0.362952 0.266588 0.171214 0.0986545 0.056999 0.0403001 0.0359372 0.0332484 0.0274168 0.0182506 0.00732448 -0.00389427 -0.0145281 -0.0238821 -0.0308011 -0.0335445 -0.0305474 -0.0215156 -0.00770717 0.00922433 0.0290465 0.0539141 0.0879169 0.135775 0.200669 0.28047 0.363731 0.429969 0.457225 
0.519713 0.438737 0.32669 0.215365 0.129293 0.0774818 0.0544246 0.0476797 0.0457187 0.0417109 0.0335031 0.0220616 0.00963235 -0.00187511 -0.0115163 -0.0187012 -0.0223934 -0.021378 -0.0154105 -0.0056598 0.00667129 0.0225595 0.0460544 0.0831547 0.139795 0.219331 0.318497 0.422918 0.507342 0.544629 
