0.47495 0.4419 0.338168 0.21833 0.128019 0.0804156 0.0648702 0.0645056 0.0658169 0.0603079 0.0444872 0.0206455 -0.0043554 -0.0235359 -0.0338438 -0.0360536 -0.0317955 -0.0220898 -0.00844442 0.00637779 0.0197163 0.0310329 0.0419917 0.0544311 0.0694759 0.0908492 0.129962 0.202509 0.309685 0.419077 
0.407921 0.375084 0.280221 0.171264 0.0889841 0.04599 0.0336832 0.0375023 0.0448084 0.0458994 0.0352291 0.0141828 -0.00958467 -0.0278234 -0.0369684 -0.0380392 -0.0329758 -0.0228037 -0.00886534 0.00624611 0.0200741 0.032186 0.0438453 0.0560093 0.0691623 0.0867838 0.119277 0.180334 0.270892 0.362889 
0.28443 0.260216 0.190667 0.108732 0.0446247 0.0103629 0.00228935 0.0103181 0.0231547 0.0298487 0.0233219 0.00495626 -0.0164247 -0.0318533 -0.0382313 -0.037513 -0.032161 -0.0231217 -0.0112659 0.00147082 0.0132958 0.0240658 0.0345083 0.0444046 0.0533065 0.0640735 0.0851799 0.126843 0.189578 0.25347 
0.168693 0.155021 0.112342 0.0586866 0.0135872 -0.0115322 -0.0153861 -0.00407029 0.0119657 0.0209907 0.0156566 -0.0017319 -0.0212333 -0.0338675 -0.0376683 -0.035792 -0.0311842 -0.0245264 -0.0159338 -0.00641346 0.00295195 0.0120906 0.0209832 0.0282979 0.0328954 0.0372577 0.0482436 0.072799 0.110664 0.149367 
0.0964523 0.0903059 0.0663016 0.0327605 0.00152172 -0.0168989 -0.0179001 -0.00497529 0.01174 0.0202829 0.0139987 -0.00356909 -0.0218856 -0.0326121 -0.0350847 -0.0333778 -0.030504 -0.0265286 -0.0206489 -0.0130889 -0.00464586 0.0042172 0.012519 0.0179049 0.0187684 0.0177733 0.0217041 0.0361437 0.0598129 0.0838122 
0.0685247 0.066287 0.0509729 0.0270037 0.00245607 -0.0130598 -0.013393 -0.000600881 0.0153848 0.0227303 0.0156009 -0.0017025 -0.0188202 -0.0284295 -0.0308792 -0.030516 -0.0298171 -0.0279086 -0.0231816 -0.0155955 -0.00625347 0.00371182 0.0124524 0.0167437 0.0144902 0.0088139 0.00788619 0.0181304 0.0376147 0.0574304 
0.0675995 0.0676306 0.0541061 0.0315044 0.00772199 -0.00803519 -0.00948828 0.00185157 0.0164944 0.0231347 0.0165348 0.000951904 -0.0142083 -0.0228306 -0.0258567 -0.0272867 -0.0286309 -0.0280048 -0.0232861 -0.0146554 -0.00385204 0.00743495 0.0169467 0.0209065 0.0165916 0.00729462 0.00282993 0.0115801 0.0319692 0.0539953 
0.0738528 0.0752284 0.060435 0.0357838 0.010762 -0.00583157 -0.00878495 0.000362252 0.0130779 0.0192222 0.0141584 0.00157193 -0.0106156 -0.0176164 -0.0207332 -0.0234149 -0.0262583 -0.0265716 -0.0218619 -0.0125674 -0.00103077 0.0107184 0.0204889 0.0244017 0.0191433 0.00772188 0.000909548 0.00883512 0.0309549 0.056654 
0.0758429 0.0754412 0.0579501 0.03189 0.00754189 -0.007946 -0.011332 -0.00428653 0.00614181 0.0115375 0.00809259 -0.00113573 -0.00980602 -0.0143893 -0.0164471 -0.0190834 -0.0224948 -0.0235685 -0.0193667 -0.0102277 0.00112501 0.0123875 0.0216768 0.025451 0.0200908 0.00813895 0.000597171 0.00840513 0.0314586 0.058457 
0.0736476 0.0666444 0.0450756 0.0193384 -0.00162376 -0.0137806 -0.0160371 -0.0100526 -0.00145951 0.00302894 0.000644299 -0.00589976 -0.0115857 -0.0138246 -0.0141917 -0.0156194 -0.0184654 -0.0197035 -0.0160429 -0.0074248 0.00339065 0.0139801 0.0228642 0.0270567 0.0228531 0.0122506 0.00593667 0.014681 0.037589 0.0619201 
0.0706486 0.0551965 0.0295757 0.00509022 -0.0118237 -0.0201484 -0.0202033 -0.0137071 -0.00572315 -0.00188831 -0.00393054 -0.00916795 -0.0135258 -0.0148685 -0.0142962 -0.0143825 -0.0159024 -0.0164724 -0.0129428 -0.00486837 0.00544733 0.0159314 0.0255483 0.0317029 0.0304956 0.0230521 0.0190331 0.028366 0.0491891 0.0677542 
0.0665669 0.046807 0.0199772 -0.00312329 -0.0175901 -0.0233796 -0.0211237 -0.0129794 -0.00438008 -0.000566693 -0.00254406 -0.00769075 -0.0126041 -0.0151116 -0.0153018 -0.0149881 -0.0153064 -0.0149136 -0.0113612 -0.00395326 0.00594379 0.0170924 0.028754 0.0382375 0.0411729 0.0374174 0.0347512 0.0419744 0.0577759 0.0699076 
0.0611366 0.0443195 0.020174 -0.00200446 -0.0166015 -0.0220448 -0.0185061 -0.00892491 0.000607596 0.0050355 0.00359375 -0.00160858 -0.00785799 -0.0127003 -0.0149766 -0.0154938 -0.0155385 -0.0147947 -0.0116521 -0.00518491 0.00437409 0.0167015 0.0309677 0.043867 0.0504455 0.0492542 0.0457486 0.047729 0.0565233 0.0642883 
0.0571826 0.0482155 0.0287941 0.00665992 -0.010278 -0.0175514 -0.0145206 -0.00489323 0.00487902 0.0101338 0.00999551 0.0055343 -0.00142063 -0.00821398 -0.0126718 -0.0147206 -0.0155819 -0.0155572 -0.0135291 -0.00823187 0.00107497 0.0146178 0.0310708 0.0463293 0.0550394 0.0547901 0.0489752 0.0448818 0.0475853 0.0546006 
0.0554336 0.0545117 0.0396722 0.0174262 -0.00233766 -0.0125258 -0.0115271 -0.00339344 0.00553916 0.0112823 0.0127495 0.00975484 0.00316769 -0.00436607 -0.0101616 -0.0136388 -0.015831 -0.0171807 -0.0166161 -0.0124417 -0.00333812 0.0108991 0.0282678 0.0442214 0.0535172 0.0532869 0.0454865 0.037264 0.0368647 0.0457868 
0.0511885 0.0553423 0.0445302 0.023957 0.00351677 -0.00868238 -0.0101939 -0.00467156 0.00234907 0.00782744 0.0105231 0.00911873 0.00362649 -0.00352333 -0.00958918 -0.0137863 -0.0169013 -0.0192677 -0.0196766 -0.016099 -0.00712314 0.00687777 0.0232463 0.0377063 0.0459815 0.0454635 0.0372153 0.0278643 0.0268432 0.0374094 
0.0403392 0.0457555 0.0386925 0.022799 0.00559274 -0.00610577 -0.00962635 -0.00734881 -0.00306251 0.00139008 0.0046737 0.0046249 0.00056445 -0.00547929 -0.0109688 -0.0149899 -0.0180174 -0.020258 -0.0205079 -0.0167193 -0.00781782 0.00492784 0.0182982 0.0288467 0.0341415 0.0328413 0.025663 0.0177638 0.0172493 0.0271658 
0.0256999 0.0290251 0.0247885 0.0154334 0.00462851 -0.00407728 -0.00857719 -0.00933669 -0.00775322 -0.00453926 -0.00116274 -0.000272249 -0.00299721 -0.00776952 -0.0123215 -0.0155759 -0.017666 -0.0187642 -0.0179627 -0.0135925 -0.00511734 0.00546993 0.0146502 0.0198762 0.0207704 0.0180179 0.0127419 0.00814615 0.00909672 0.0167771 
0.0143825 0.0137008 0.0104213 0.00670425 0.00252945 -0.00236258 -0.00680897 -0.00936011 -0.00929796 -0.00676296 -0.00347425 -0.00219198 -0.00415254 -0.00807521 -0.0118672 -0.0143095 -0.0152996 -0.0150902 -0.013275 -0.00882231 -0.00164029 0.00620112 0.0114637 0.012238 0.0093717 0.00526264 0.002017 0.00147052 0.00491368 0.0106811 
0.0113986 0.00697673 0.0027608 0.00137336 0.000824743 -0.00159256 -0.00542611 -0.00808818 -0.00787021 -0.00508244 -0.00179225 -0.000593967 -0.00247474 -0.00611774 -0.00946478 -0.0113079 -0.011563 -0.0106486 -0.00861677 -0.00501695 8.60366e-05 0.0052579 0.0082101 0.00740392 0.0035237 -0.00072499 -0.00237183 0.000247869 0.00620298 0.0113408 
0.0164676 0.010316 0.00415382 0.00127692 0.000117584 -0.00208689 -0.00513222 -0.00657417 -0.00506051 -0.00152186 0.00172809 0.00246827 0.000238097 -0.00335006 -0.00625555 -0.00754548 -0.00745033 -0.00659093 -0.00523013 -0.00315486 -0.000255225 0.00300945 0.00558425 0.00613925 0.00417061 0.00122044 0.000441833 0.00426002 0.0115625 0.0172142 
0.0237022 0.0183107 0.0107048 0.00462852 0.000565465 -0.00257019 -0.00463153 -0.00439839 -0.00166042 0.0021594 0.00488394 0.00484145 0.00217168 -0.00121656 -0.00344652 -0.00408421 -0.00383533 -0.00350408 -0.0033101 -0.0028916 -0.00173808 0.000527629 0.00380233 0.00686954 0.00793167 0.00682009 0.00615858 0.00926091 0.0162969 0.0228423 
0.0252021 0.0225588 0.0157845 0.00841488 0.0028199 -0.000434849 -0.00145183 -0.000378789 0.00220362 0.00508401 0.00666543 0.00578333 0.00290402 -3.85503e-05 -0.00149528 -0.00153735 -0.00126028 -0.0015689 -0.00252113 -0.00342869 -0.00337517 -0.00156314 0.00229282 0.00707791 0.0103462 0.0106093 0.00945661 0.0104577 0.0154595 0.0219954 
0.0180627 0.0191713 0.0161987 0.0115009 0.0077797 0.00599798 0.00555969 0.00571165 0.00623683 0.00698707 0.00714956 0.00573026 0.00301139 0.000610705 -0.000270357 2.04417e-05 0.000251106 -0.00047924 -0.00209687 -0.00367402 -0.00407639 -0.00248184 0.00134354 0.00645195 0.0105201 0.0114064 0.00938334 0.00743295 0.00873969 0.0134062 
0.00671961 0.0114471 0.0138102 0.0142459 0.0144008 0.0147265 0.0142508 0.0123786 0.00995967 0.00821899 0.00708939 0.00546665 0.0030828 0.00104714 0.000341958 0.00065625 0.000862953 0.000112344 -0.00151107 -0.00304843 -0.00334145 -0.00170074 0.00188968 0.00661465 0.0105835 0.0114648 0.00836549 0.00334585 0.000365128 0.00189385 
-0.002607 0.00458343 0.011158 0.0157251 0.0187753 0.0205158 0.0200406 0.0169121 0.0125369 0.00904737 0.00703682 0.00537143 0.00322929 0.00120818 0.000225571 0.000239605 0.000361915 -0.000215996 -0.00150953 -0.00267087 -0.00256622 -0.000562359 0.00313413 0.00758837 0.0111142 0.0114649 0.0072936 0.000103107 -0.0059456 -0.00703219 
-0.00803087 -9.2418e-05 0.00783174 0.0134508 0.0169732 0.0191112 0.0193238 0.0168147 0.0125304 0.00876916 0.0066571 0.0052322 0.00330163 0.00105603 -0.000548972 -0.0011845 -0.00144474 -0.00209147 -0.00326559 -0.00425038 -0.00389338 -0.00151183 0.00247685 0.00677225 0.00963454 0.00918192 0.00440246 -0.00331187 -0.0101406 -0.0121383 
-0.0123089 -0.00497451 0.00196144 0.00634969 0.00884099 0.0108598 0.0121906 0.0115041 0.00892981 0.00646974 0.00542268 0.0048938 0.00343823 0.00101033 -0.00130799 -0.00280323 -0.00375844 -0.00484765 -0.00630071 -0.00752229 -0.00737436 -0.00516493 -0.00149071 0.00209507 0.00397659 0.002879 -0.0017118 -0.00859978 -0.0146169 -0.0162587 
-0.0189062 -0.0123901 -0.00667839 -0.00346465 -0.00178286 6.25812e-05 0.00212861 0.0030886 0.00274562 0.00266254 0.00373674 0.00475338 0.00407285 0.00165205 -0.00120605 -0.00346454 -0.00514085 -0.00678351 -0.00865541 -0.0103146 -0.0108149 -0.0096295 -0.00740759 -0.00546995 -0.00484476 -0.00622909 -0.0101666 -0.0160944 -0.0213849 -0.0226835 
-0.0288647 -0.022558 -0.0167061 -0.0130274 -0.0109695 -0.00908197 -0.00688431 -0.00497473 -0.00328317 -0.000740357 0.0027136 0.00530634 0.00534719 0.00303408 -8.09362e-05 -0.00279482 -0.00498416 -0.00705704 -0.00922633 -0.0112194 -0.0124807 -0.012831 -0.0128173 -0.0130709 -0.0137655 -0.0153229 -0.0188914 -0.0247384 -0.030426 -0.0322429 
-0.0402964 -0.0338779 -0.0267727 -0.0212645 -0.0177963 -0.0153786 -0.0129848 -0.010264 -0.00679686 -0.00207865 0.00310425 0.0066065 0.00694438 0.00467547 0.00149883 -0.00142389 -0.0039684 -0.0063941 -0.00875555 -0.0108824 -0.0126655 -0.0143424 -0.0163099 -0.018462 -0.0203014 -0.0222833 -0.0261889 -0.0328199 -0.0397315 -0.0428312 
-0.0494035 -0.0433389 -0.0352631 -0.0279834 -0.0228906 -0.0194061 -0.0161299 -0.0121635 -0.0070929 -0.00099381 0.00485222 0.0083729 0.00852548 0.00617617 0.00298284 -9.63251e-05 -0.00300721 -0.00583557 -0.008389 -0.010508 -0.01245 -0.0147856 -0.0177855 -0.0209246 -0.0235288 -0.0262253 -0.0309297 -0.0384149 -0.0463252 -0.050708 
-0.0527306 -0.047725 -0.0398935 -0.0320173 -0.0258549 -0.0210954 -0.0163936 -0.0109411 -0.00468255 0.00187543 0.00741426 0.0103091 0.0100178 0.00754637 0.00434084 0.00109171 -0.00220667 -0.00543175 -0.00811926 -0.0101022 -0.0119214 -0.0143329 -0.0174811 -0.0207571 -0.0237218 -0.0271227 -0.0324541 -0.0400644 -0.0479378 -0.0528573 
-0.0497924 -0.0462499 -0.0397856 -0.0325754 -0.0261093 -0.0202584 -0.0141688 -0.00757015 -0.000840477 0.00536309 0.0100254 0.012096 0.011415 0.00894349 0.00582736 0.00250678 -0.00103995 -0.00448075 -0.00713547 -0.00887266 -0.0104583 -0.0127261 -0.0157077 -0.0188574 -0.0220086 -0.0258065 -0.0310773 -0.0377835 -0.0445267 -0.0491116 
-0.0435008 -0.0416076 -0.0370591 -0.0311658 -0.0248941 -0.0183312 -0.0113105 -0.00416109 0.00246173 0.00796816 0.0117374 0.0132073 0.0124377 0.0102319 0.00741723 0.0042329 0.000683005 -0.00274605 -0.00528657 -0.00687858 -0.00838616 -0.0106069 -0.0135056 -0.0166384 -0.0199344 -0.0237051 -0.0281618 -0.0332008 -0.0382648 -0.0421654 
-0.0377723 -0.0376313 -0.0349388 -0.0302786 -0.0242974 -0.0173961 -0.00997505 -0.00271613 0.00364933 0.0086377 0.01189 0.0131519 0.0126104 0.0109026 0.00855852 0.00566481 0.00228788 -0.00101142 -0.00354141 -0.00534331 -0.00718539 -0.00961211 -0.0124707 -0.0154582 -0.0185928 -0.0218791 -0.025105 -0.028345 -0.0319314 -0.0354999 
-0.0347333 -0.0362707 -0.0349025 -0.0308846 -0.0249698 -0.0179401 -0.0104735 -0.00327932 0.00296022 0.00777189 0.0108404 0.0120537 0.0117297 0.0104397 0.00849254 0.00586318 0.00269348 -0.000449555 -0.00308457 -0.00540801 -0.00795921 -0.0107784 -0.01341 -0.0157232 -0.018064 -0.0204306 -0.0224025 -0.0242716 -0.0271044 -0.0310798 
-0.0337462 -0.0367837 -0.0361687 -0.0322026 -0.026093 -0.0189987 -0.0116017 -0.00441172 0.00193946 0.00681177 0.00973524 0.0106625 0.010132 0.00882742 0.00697005 0.00444937 0.00143794 -0.00154666 -0.00427742 -0.00712832 -0.0103815 -0.0134719 -0.0155393 -0.0166669 -0.0177354 -0.0189606 -0.0198236 -0.020789 -0.0234882 -0.0284313 
-0.032648 -0.0370797 -0.0370099 -0.0329582 -0.0267137 -0.019703 -0.0124048 -0.00505567 0.00163479 0.00665931 0.00929976 0.00961537 0.00846335 0.00675914 0.00473817 0.00221303 -0.000688574 -0.00354413 -0.00632147 -0.00946652 -0.0129808 -0.015821 -0.0169331 -0.0167574 -0.0166767 -0.0169723 -0.0169097 -0.0170937 -0.0197261 -0.0256719 
-0.0296821 -0.0353591 -0.0358537 -0.0319842 -0.0260557 -0.0195164 -0.0124665 -0.00494882 0.00203881 0.0070391 0.00921834 0.00889266 0.00721011 0.0051951 0.00305641 0.000561157 -0.00221171 -0.00494325 -0.00768702 -0.0107626 -0.0138337 -0.0156468 -0.0153914 -0.0140683 -0.0133622 -0.0132652 -0.0126182 -0.0121234 -0.0145769 -0.0212852 
-0.023891 -0.0304748 -0.0316188 -0.0285116 -0.0237167 -0.0182977 -0.011815 -0.00434004 0.00257742 0.00711233 0.00867135 0.0080289 0.00642911 0.00463718 0.00267054 0.000352628 -0.00214937 -0.00456245 -0.00695596 -0.00942798 -0.0113462 -0.0115141 -0.00963966 -0.00727339 -0.00619224 -0.00602861 -0.00527619 -0.00464254 -0.0072021 -0.0145125 
-0.014693 -0.0219065 -0.0241914 -0.023012 -0.0206807 -0.017338 -0.011838 -0.00456099 0.00207152 0.00592557 0.00696949 0.00657595 0.00584714 0.00491227 0.00345137 0.00149645 -0.000483054 -0.00216116 -0.00364875 -0.0049711 -0.00543907 -0.0040508 -0.000844313 0.00249284 0.0042404 0.00473885 0.00539059 0.00561444 0.0026551 -0.00494847 
-0.00303182 -0.0108502 -0.0150875 -0.0171898 -0.0186824 -0.0183731 -0.0142752 -0.00720346 -0.000659446 0.00283351 0.00383476 0.00429037 0.00501798 0.00536059 0.00464673 0.00323479 0.00202892 0.00146188 0.00128751 0.00127517 0.00186751 0.00389966 0.00749594 0.0114041 0.0140703 0.0154037 0.0163219 0.0164294 0.0135733 0.00643195 
0.00776837 -0.000435543 -0.00668018 -0.0121629 -0.0174894 -0.0202682 -0.0177882 -0.0111692 -0.00476545 -0.00143528 -0.000198156 0.00126504 0.00344239 0.00500574 0.0050611 0.00430544 0.00400493 0.00463897 0.00576177 0.00678838 0.00775547 0.00938409 0.012258 0.0158627 0.0189727 0.0211665 0.0229357 0.0239246 0.0222313 0.0163998 
0.014593 0.00693664 3.20151e-05 -0.00706239 -0.0143595 -0.0189794 -0.0180022 -0.0126155 -0.00727559 -0.00468807 -0.00359512 -0.00168256 0.0011513 0.00322102 0.00367548 0.00347309 0.00398307 0.00559177 0.00769868 0.00946106 0.0105337 0.011427 0.0129989 0.0153828 0.0179378 0.0204437 0.0232608 0.025782 0.025856 0.0217972 
0.0178165 0.0121012 0.00638153 -0.00011085 -0.00719716 -0.0122861 -0.0128068 -0.00970671 -0.0065885 -0.00537549 -0.0047731 -0.00308347 -0.000732723 0.000681833 0.0007517 0.000632415 0.00151524 0.00358699 0.00623211 0.00858114 0.0100159 0.0106256 0.0110899 0.0119414 0.0133649 0.0157467 0.0193822 0.0232076 0.024851 0.0227605 
0.0206103 0.0177584 0.0140237 0.00885165 0.00251085 -0.00297899 -0.00548069 -0.0052798 -0.00451814 -0.00420142 -0.00351923 -0.00204989 -0.000879357 -0.00109054 -0.00225684 -0.0030093 -0.0024608 -0.000613391 0.00205309 0.00483105 0.00693132 0.00787886 0.00785562 0.0076392 0.00832342 0.0108383 0.0151046 0.0195993 0.022335 0.0224594 
0.0253378 0.0248934 0.0221885 0.0171709 0.0104787 0.00382525 -0.000829701 -0.00297769 -0.00346025 -0.00279734 -0.00109331 0.000599927 0.000599727 -0.00148249 -0.00427304 -0.00616327 -0.00650883 -0.00537847 -0.00301557 9.10605e-05 0.00302416 0.00473873 0.00485441 0.00434996 0.0051492 0.00842228 0.0133501 0.0180721 0.0215941 0.0240316 
0.0317336 0.0319389 0.0283017 0.0217576 0.0137392 0.00599882 0.000248737 -0.00279523 -0.00336761 -0.00183651 0.000960785 0.00296014 0.00214297 -0.00133369 -0.00542123 -0.0083413 -0.00955356 -0.0090266 -0.00671358 -0.00294332 0.00118383 0.0040714 0.00479497 0.00445827 0.00566318 0.00970121 0.0150589 0.0197718 0.0239544 0.0283449 
0.0381108 0.0375364 0.0317457 0.0229964 0.0137923 0.00603453 0.000683821 -0.0022347 -0.00284972 -0.00117922 0.00182328 0.00373716 0.00246429 -0.00160181 -0.00618962 -0.00950901 -0.0110123 -0.0104179 -0.00735856 -0.0021275 0.0038272 0.0083011 0.00981981 0.00947215 0.0103351 0.0139309 0.018625 0.0228748 0.0277053 0.0337092 
0.0430779 0.0424746 0.0352394 0.0247106 0.0145983 0.00720339 0.002587 -0.000297796 -0.00158162 -0.000704193 0.00162081 0.00300999 0.0015037 -0.00245457 -0.00675143 -0.00979026 -0.0109928 -0.00973699 -0.00531244 0.00191384 0.00998335 0.0160759 0.01829 0.0176032 0.0171696 0.0186066 0.0208006 0.0235481 0.0289827 0.0370528 
0.0461867 0.0482466 0.0415888 0.0298658 0.0181388 0.00984787 0.00492828 0.00163959 -0.000340497 -0.000341564 0.000937512 0.00138191 -0.000441609 -0.00394021 -0.00740603 -0.00972785 -0.0104414 -0.00862711 -0.00322508 0.00536697 0.0147939 0.0219375 0.0248817 0.0244657 0.0231756 0.021882 0.0200307 0.0197443 0.0252778 0.0363437 
0.0475008 0.0544781 0.0500841 0.037529 0.0232104 0.0123555 0.00589434 0.00211729 9.32654e-05 -0.000358251 -0.000320311 -0.0012948 -0.00367446 -0.00652452 -0.00874658 -0.0100546 -0.0103535 -0.0086093 -0.00349431 0.00474162 0.013841 0.0210884 0.0251633 0.026792 0.0269511 0.0244724 0.0185539 0.0139629 0.0183019 0.0323091 
0.0470396 0.058842 0.0569835 0.0439516 0.027144 0.0133798 0.0049789 0.000716873 -0.00117312 -0.00219261 -0.00374082 -0.00628297 -0.00897742 -0.0106919 -0.0112026 -0.0112293 -0.0111103 -0.00980484 -0.00589932 0.00053472 0.00777365 0.0141491 0.0194661 0.0245313 0.0285361 0.0275109 0.019307 0.0104662 0.0121473 0.0273917 
0.045174 0.0597985 0.0592317 0.0456521 0.0272893 0.0117838 0.00213849 -0.00264912 -0.00505782 -0.00743058 -0.0108519 -0.0144968 -0.0166355 -0.0164831 -0.0149509 -0.013643 -0.0130476 -0.011964 -0.00899764 -0.00425694 0.000936013 0.00592129 0.0117034 0.0194757 0.02726 0.0289288 0.0207408 0.0094909 0.00850593 0.0233107 
0.0430966 0.0580671 0.0563629 0.041062 0.0217889 0.00638981 -0.00276199 -0.00736808 -0.0105146 -0.014601 -0.0197661 -0.0239084 -0.0249032 -0.0227463 -0.0194812 -0.0172625 -0.0163969 -0.0153204 -0.0125357 -0.00824714 -0.003819 0.000305352 0.00560806 0.0135654 0.0220329 0.0246966 0.0175688 0.00679236 0.00555915 0.0204136 
0.042051 0.0547188 0.0487368 0.0298389 0.00998789 -0.00312351 -0.00900358 -0.0111683 -0.0136131 -0.0185446 -0.0249733 -0.0295964 -0.030004 -0.0268454 -0.022905 -0.0205419 -0.0198706 -0.0190805 -0.0163846 -0.0116847 -0.00642163 -0.00167972 0.00316759 0.00901464 0.0141975 0.0144757 0.00786977 6.9809e-05 0.0021097 0.0190916 
0.0419279 0.0495452 0.0366498 0.0129779 -0.00673407 -0.0152007 -0.0145209 -0.0109317 -0.0100651 -0.0143295 -0.0217375 -0.0276746 -0.0290662 -0.0266225 -0.0232712 -0.0213123 -0.020922 -0.0205142 -0.0181276 -0.0129673 -0.00614162 0.000389542 0.00537332 0.00811901 0.00759169 0.00301023 -0.0040284 -0.00774466 -0.000336832 0.0198468 
0.0415587 0.0429125 0.0230542 -0.00459294 -0.0230731 -0.0254186 -0.0160952 -0.00442047 0.00161493 -0.00113589 -0.00985493 -0.0184287 -0.0226196 -0.0225611 -0.0207846 -0.0192882 -0.0184785 -0.0174912 -0.0147459 -0.0090453 -0.000998938 0.00697016 0.0118915 0.0113761 0.00496689 -0.00470522 -0.0125381 -0.0125678 -0.000309628 0.0219842 
0.0402426 0.037126 0.0138525 -0.0147994 -0.0312003 -0.0282402 -0.0114839 0.00733612 0.0179056 0.0162167 0.00571428 -0.00620232 -0.0141037 -0.0172806 -0.0175663 -0.0164299 -0.0144155 -0.0115554 -0.00726182 -0.00076233 0.00753865 0.0154446 0.0194865 0.0164417 0.00620004 -0.00659822 -0.0148254 -0.01263 0.00194725 0.0239637 
0.0369818 0.0330591 0.0119444 -0.013546 -0.0274717 -0.022405 -0.00313306 0.0181697 0.0301445 0.0283702 0.0165256 0.00240913 -0.00809365 -0.0137336 -0.0157037 -0.0148973 -0.0117797 -0.00702391 -0.00114271 0.00572971 0.0132052 0.0199529 0.023226 0.0198244 0.00939961 -0.00341166 -0.011329 -0.00885723 0.0047461 0.0238793 
0.0299902 0.0283689 0.0143086 -0.0040442 -0.0150902 -0.0117462 0.00369428 0.021374 0.030956 0.0282028 0.0164327 0.00270897 -0.00767387 -0.0135715 -0.0159318 -0.0153224 -0.0120094 -0.00680416 -0.00080571 0.00528084 0.0113504 0.0171952 0.0210256 0.0196752 0.0118899 0.00102846 -0.0064136 -0.00518266 0.00518513 0.019745 
0.0222706 0.0243358 0.0193202 0.00997621 0.00198322 0.00107216 0.00826051 0.0181106 0.0228909 0.0187419 0.00806055 -0.00343917 -0.0115785 -0.0157675 -0.0171735 -0.0164761 -0.0138239 -0.00974257 -0.00517707 -0.000656552 0.00433637 0.0103817 0.0159179 0.0172122 0.0118768 0.00221022 -0.00543283 -0.00537025 0.00265263 0.0137951 
0.0290172 0.0344951 0.035464 0.0316248 0.0242595 0.0176973 0.0157141 0.0171689 0.0168915 0.0110455 0.000877996 -0.00901488 -0.0152037 -0.0175325 -0.0176041 -0.0165978 -0.0147848 -0.0122811 -0.00943377 -0.00618558 -0.00150245 0.00535649 0.0124472 0.015268 0.0105863 0.000500788 -0.00742732 -0.00587762 0.0051178 0.018752 
0.0750846 0.0816847 0.0787667 0.068852 0.0545114 0.0402946 0.0307547 0.0262188 0.0222355 0.0143319 0.00276648 -0.00825967 -0.0151443 -0.0175102 -0.0171898 -0.0159696 -0.0144693 -0.0125973 -0.0102701 -0.00718844 -0.00241131 0.0046088 0.0120016 0.0154192 0.011438 0.00227625 -0.00273938 0.00643261 0.0299516 0.0566928 
0.177051 0.179555 0.157429 0.124179 0.0916799 0.0669747 0.0524035 0.0454323 0.0397474 0.0297132 0.0149088 -0.000338017 -0.0114594 -0.0169709 -0.0182757 -0.0174619 -0.0155554 -0.0126245 -0.00876723 -0.00426031 0.00100072 0.00735302 0.0140667 0.0185113 0.0180754 0.0150337 0.0199163 0.0455712 0.0928521 0.144405 
0.318004 0.309487 0.254727 0.184709 0.126248 0.0898186 0.0727689 0.066407 0.0609995 0.0497475 0.0316685 0.0110274 -0.00651263 -0.0176667 -0.0225552 -0.0230046 -0.0203412 -0.0150458 -0.00785576 -0.000160964 0.00690296 0.0134118 0.0201597 0.0270251 0.0330991 0.0409862 0.0617407 0.110223 0.187817 0.269906 
0.43932 0.416277 0.328459 0.223611 0.14216 0.0968734 0.0796198 0.0757255 0.072579 0.062538 0.0437223 0.0196336 -0.00336155 -0.0199969 -0.0286441 -0.0305047 -0.0270675 -0.0191881 -0.00817665 0.00361328 0.0139841 0.0226385 0.0312354 0.0414055 0.0538261 0.0717857 0.106685 0.174423 0.276412 0.381917 
