0.431499 0.401639 0.335559 0.260225 0.195013 0.14622 0.111828 0.0873123 0.0690668 0.0556501 0.0467861 0.0416814 0.0386748 0.0357939 0.0308956 0.021935 0.00849977 -0.00664798 -0.0185201 -0.0231066 -0.0197881 -0.0110578 -0.000617653 0.00798913 0.011486 0.00757068 -0.00170951 -0.00640264 0.0089286 0.0560721 0.135377 0.235165 0.334659 0.407599 
0.381283 0.348767 0.287562 0.223271 0.171324 0.133424 0.104503 0.0801331 0.0596039 0.0444867 0.0352872 0.0301806 0.0265217 0.0221999 0.01557 0.00557591 -0.0071806 -0.0199054 -0.028808 -0.0312325 -0.0270399 -0.0184143 -0.0086063 -0.000834597 0.00202541 -0.00183857 -0.0102919 -0.0140546 0.00120822 0.0463335 0.121094 0.213586 0.30338 0.365756 
0.276732 0.246239 0.19993 0.157933 0.128291 0.107325 0.0882571 0.0681535 0.0491505 0.0348647 0.026237 0.0211809 0.0170757 0.0120754 0.00479972 -0.00533975 -0.0171903 -0.0280215 -0.0349331 -0.0362633 -0.0322183 -0.0245912 -0.0159229 -0.00891488 -0.00640266 -0.0106264 -0.0202061 -0.026739 -0.0166945 0.0200174 0.0823945 0.158166 0.228213 0.272054 
0.16929 0.140243 0.108833 0.0894264 0.0822374 0.0782216 0.06944 0.05476 0.0386268 0.0259345 0.0180531 0.0132668 0.00936255 0.00459087 -0.00251237 -0.0123382 -0.0233228 -0.032683 -0.0380569 -0.0385275 -0.0347037 -0.0280992 -0.020403 -0.0135719 -0.0105343 -0.0145084 -0.0253798 -0.0356937 -0.0323765 -0.00556455 0.0433886 0.101897 0.151765 0.176354 
0.0989602 0.0684431 0.0450991 0.039896 0.0475916 0.0550958 0.0534614 0.0426559 0.028414 0.0163486 0.00850529 0.00398717 0.000938071 -0.00272182 -0.00885787 -0.0177842 -0.0275638 -0.0352509 -0.0387734 -0.0378463 -0.0336515 -0.0276313 -0.0205545 -0.0133098 -0.00865004 -0.0107728 -0.0210428 -0.0332136 -0.0347538 -0.0156473 0.0232261 0.0695365 0.105391 0.115954 
0.0736781 0.0408058 0.0187718 0.0173215 0.0293316 0.0404522 0.0414814 0.0324822 0.0189835 0.00652019 -0.0021047 -0.00669431 -0.00877956 -0.0109454 -0.0155331 -0.0228488 -0.0307228 -0.036103 -0.0371301 -0.0341286 -0.028981 -0.0231871 -0.0165376 -0.00857492 -0.00151261 -0.000280247 -0.00773829 -0.0191249 -0.0227374 -0.00830202 0.0243856 0.06392 0.0926741 0.0962162 
0.0761754 0.0434201 0.0203256 0.0157588 0.0235757 0.0314736 0.0315867 0.0234919 0.0109759 -0.00161887 -0.0110827 -0.0161182 -0.0178209 -0.0190221 -0.0222343 -0.0276791 -0.0331542 -0.0357562 -0.0339796 -0.0287686 -0.0226086 -0.0169305 -0.0105275 -0.00167207 0.00797024 0.0129278 0.00908294 -0.000208707 -0.00418845 0.0075422 0.036295 0.071873 0.0974382 0.0991164 
0.0842204 0.0553094 0.0326282 0.0232773 0.0232935 0.024668 0.0224155 0.0156727 0.00559216 -0.00562364 -0.0150281 -0.0205946 -0.0229218 -0.0245694 -0.0275923 -0.031816 -0.0351297 -0.035151 -0.031044 -0.0243488 -0.0177584 -0.0122559 -0.00574014 0.00425498 0.0162173 0.0242845 0.0235943 0.0164512 0.0125669 0.0220611 0.0470417 0.078678 0.101712 0.10377 
0.085698 0.0629 0.0428831 0.0304416 0.0236827 0.0191829 0.0152742 0.0109785 0.00490532 -0.00315766 -0.0112085 -0.0171815 -0.0212882 -0.0252554 -0.0299414 -0.0343519 -0.0364958 -0.0348473 -0.0295467 -0.0226312 -0.0164943 -0.0112983 -0.004311 0.00698017 0.020813 0.0312123 0.0331859 0.0282477 0.024652 0.0315552 0.0516191 0.0778774 0.0975187 0.100294 
0.0804103 0.0633455 0.0466759 0.0334396 0.0232475 0.0160044 0.0124956 0.0117721 0.0106604 0.00692714 0.00116662 -0.00525365 -0.0123047 -0.0203606 -0.0284795 -0.0345714 -0.0367949 -0.0346426 -0.0293149 -0.0231787 -0.0180287 -0.0131636 -0.00559225 0.0067886 0.0218732 0.0339321 0.0383303 0.035945 0.0331644 0.0375191 0.0519914 0.0719392 0.0875333 0.0905917 
0.0731137 0.0592593 0.0448019 0.0321192 0.0217386 0.0151462 0.0141574 0.0177525 0.0218457 0.0228149 0.0196205 0.0124333 0.00152491 -0.011696 -0.0241915 -0.0328051 -0.0359529 -0.0340994 -0.0293004 -0.0240672 -0.0196663 -0.0148837 -0.00681237 0.00616857 0.0217378 0.0345567 0.0405449 0.0403044 0.038699 0.0415863 0.0518209 0.0665745 0.0785244 0.0810418 
0.0671252 0.0533137 0.0393057 0.0276033 0.0189788 0.015015 0.0174438 0.0251705 0.0339448 0.0392753 0.0384089 0.0301546 0.0151863 -0.00308835 -0.0196333 -0.0305417 -0.0346504 -0.0332056 -0.0287416 -0.0237658 -0.0193297 -0.0141923 -0.00569788 0.00747205 0.0228574 0.0352608 0.041015 0.0410423 0.0399353 0.0427732 0.0518595 0.0645976 0.0744787 0.0756018 
0.0629322 0.0468809 0.0320777 0.0214293 0.0152472 0.0141854 0.0193175 0.0297121 0.0416218 0.0501247 0.0508784 0.0414915 0.0232268 0.00134038 -0.0176632 -0.029646 -0.0340114 -0.0325207 -0.0277957 -0.0222398 -0.0169912 -0.0111069 -0.00216381 0.0110502 0.0258696 0.0368239 0.0403538 0.0381527 0.0358835 0.0392074 0.0499689 0.0642745 0.0743555 0.0739479 
0.0596659 0.0406731 0.0246085 0.0149771 0.0112823 0.012644 0.0190739 0.0299333 0.042498 0.0519881 0.0530223 0.0425071 0.0223947 -0.000770059 -0.0199094 -0.0312713 -0.034883 -0.0326989 -0.0271066 -0.0203494 -0.0138075 -0.00693367 0.00251821 0.0156944 0.0296432 0.0384923 0.0386814 0.0327136 0.0277745 0.0309554 0.0442533 0.0621471 0.0744376 0.0734454 
0.0561963 0.0348907 0.0176582 0.00895505 0.00769942 0.0112578 0.0180881 0.0275462 0.0381289 0.0459084 0.0454451 0.0336777 0.0132214 -0.0088864 -0.0259779 -0.0352184 -0.0371935 -0.033726 -0.0267722 -0.0184316 -0.0103804 -0.00245822 0.0073751 0.0201066 0.0325706 0.038846 0.0356437 0.0260293 0.0181314 0.020265 0.0351245 0.0563842 0.0717043 0.0715168 
0.0512744 0.0289753 0.0111649 0.00343462 0.00458551 0.0103845 0.0174233 0.0245686 0.031392 0.0353653 0.0319744 0.0188558 -0.000851038 -0.0203331 -0.0340166 -0.0402241 -0.0399468 -0.0346765 -0.0259356 -0.0157938 -0.00626258 0.00244303 0.0120883 0.0234694 0.0335074 0.0368372 0.0308447 0.0188651 0.00902629 0.00994967 0.0249497 0.0478482 0.0654024 0.0666516 
0.0436068 0.0218448 0.00457304 -0.00189976 0.00138851 0.00911859 0.0162749 0.0210309 0.0237016 0.0232582 0.0166256 0.00245706 -0.0157981 -0.0319843 -0.0418264 -0.0446992 -0.0418289 -0.0343839 -0.023632 -0.0117558 -0.00110694 0.00774079 0.0162652 0.0252381 0.0321271 0.0325836 0.02478 0.0120337 0.00184191 0.00223532 0.0164535 0.0387404 0.0563094 0.0581968 
0.0324576 0.0129548 -0.00220979 -0.00696794 -0.00216006 0.00659482 0.0134784 0.0161624 0.0153611 0.0112476 0.0021772 -0.0122131 -0.0284177 -0.0411511 -0.0473339 -0.0470984 -0.0417596 -0.032297 -0.0199272 -0.00696016 0.00405149 0.0122544 0.018883 0.0249384 0.0288321 0.0273276 0.0190408 0.00690256 -0.00242715 -0.0019476 0.0107452 0.0300971 0.0448698 0.0458172 
0.0188744 0.00379669 -0.00735945 -0.00979353 -0.00418197 0.00438938 0.0102831 0.0110958 0.00771253 0.00108333 -0.00927232 -0.0229202 -0.0365373 -0.0458509 -0.0488556 -0.0461902 -0.0391633 -0.0286771 -0.0159604 -0.00326083 0.00698445 0.0138324 0.0183473 0.0219015 0.0239732 0.0221917 0.0149977 0.00443731 -0.00374131 -0.00354227 0.00641629 0.0207995 0.0307358 0.0299604 
0.00627246 -0.0021564 -0.0075369 -0.00700201 -0.00114378 0.00606627 0.0100219 0.00877352 0.00331261 -0.00503857 -0.0159416 -0.0283498 -0.0392481 -0.0454381 -0.0459287 -0.0417669 -0.0342446 -0.0242281 -0.0128898 -0.00215698 0.00599373 0.0108158 0.0133687 0.0154207 0.0173276 0.0171272 0.0124694 0.00402635 -0.0034604 -0.00466748 0.00129938 0.00982869 0.0148202 0.0132378 
-0.00166025 -0.00259796 -0.00162338 0.00208118 0.00781933 0.012882 0.0142195 0.0107936 0.00368064 -0.00583568 -0.0170006 -0.0283172 -0.0370373 -0.0408948 -0.0397684 -0.035063 -0.028096 -0.0197183 -0.0109857 -0.00340948 0.00163599 0.00386106 0.00461052 0.00608014 0.00913533 0.0116919 0.0102326 0.00390327 -0.00347221 -0.00677576 -0.00486081 -0.00118191 0.000604133 -6.55744e-05 
-0.00454095 0.000406352 0.00642673 0.0126666 0.018112 0.0211026 0.0202031 0.0153768 0.00762611 -0.00218591 -0.0132645 -0.0238353 -0.0313097 -0.0340338 -0.0324127 -0.028026 -0.0221905 -0.0157494 -0.00967534 -0.00520932 -0.00329057 -0.00370023 -0.00455987 -0.00319406 0.00140476 0.0066083 0.0077452 0.00284584 -0.00473252 -0.0096922 -0.0103438 -0.00919341 -0.0084729 -0.00746231 
-0.00569713 0.00200803 0.0106159 0.0181924 0.0233594 0.0251995 0.0235167 0.0188934 0.0119738 0.00302954 -0.00728505 -0.0171052 -0.0240005 -0.026638 -0.0255254 -0.0220888 -0.017487 -0.0125146 -0.00813744 -0.00557934 -0.00569121 -0.00795514 -0.00996082 -0.00858608 -0.00291137 0.00375779 0.00597035 0.00139578 -0.00650506 -0.0121672 -0.0136398 -0.0131212 -0.0124679 -0.0105934 
-0.00813027 -0.000132976 0.00900343 0.0167572 0.0216004 0.0232036 0.0220793 0.0188702 0.0136947 0.00639202 -0.00246507 -0.0111049 -0.0174115 -0.0202758 -0.0200267 -0.0176576 -0.0139926 -0.00971191 -0.00582149 -0.0036974 -0.00436449 -0.00728264 -0.00973831 -0.00833316 -0.00230368 0.00455238 0.00651861 0.00148856 -0.00676108 -0.0126708 -0.0144577 -0.0143573 -0.0141954 -0.0128113 
-0.0112031 -0.00351146 0.00532325 0.0124799 0.0166347 0.0180405 0.0175247 0.0154888 0.0116877 0.00591722 -0.00118539 -0.00812497 -0.0133315 -0.0159955 -0.0162156 -0.0144744 -0.0112086 -0.00697241 -0.00282856 -0.000310717 -0.000615078 -0.00326735 -0.00550236 -0.0039176 0.0020901 0.00858825 0.0100422 0.00470015 -0.00367635 -0.0100278 -0.0129171 -0.0143157 -0.0155613 -0.0152393 
-0.0123636 -0.00433549 0.00431046 0.0105945 0.0136116 0.0141268 0.0130987 0.0108042 0.00708921 0.00211432 -0.00334915 -0.00826813 -0.0118346 -0.0136818 -0.0137662 -0.0121241 -0.00886028 -0.00445466 -3.93864e-05 0.00280031 0.00292228 0.00087864 -0.000672277 0.00134988 0.00733095 0.0135702 0.0150796 0.0103215 0.00245159 -0.00446128 -0.00927631 -0.01314 -0.0162274 -0.0165896 
-0.011013 -0.00212417 0.00666394 0.0122926 0.0141794 0.0133236 0.0107266 0.00685068 0.00209148 -0.00277385 -0.00685151 -0.00969237 -0.0113811 -0.0121204 -0.0118346 -0.0101868 -0.00699721 -0.00271266 0.00146371 0.00401954 0.00412363 0.00259934 0.0018873 0.00441551 0.0102316 0.016177 0.0181922 0.0149134 0.00847276 0.00161465 -0.00482579 -0.0109726 -0.0155953 -0.0160895 
-0.00924873 0.000170214 0.00906472 0.0144291 0.0157621 0.0139416 0.00989362 0.00439323 -0.00149523 -0.00638228 -0.00926835 -0.0102353 -0.0102073 -0.00997889 -0.0095158 -0.00816435 -0.00547574 -0.00185792 0.00144611 0.00308534 0.00266841 0.00134806 0.0012209 0.00381688 0.00875325 0.0136662 0.015838 0.0142992 0.0101121 0.00455796 -0.00204579 -0.00916029 -0.0145048 -0.0149312 
-0.00923309 -0.000299625 0.00808361 0.0132499 0.0147114 0.0130354 0.00890442 0.00317873 -0.00274667 -0.00715355 -0.00895811 -0.00852998 -0.00732311 -0.00655111 -0.00623394 -0.00550054 -0.00369554 -0.00117001 0.000858715 0.0012489 1.76445e-05 -0.00146703 -0.00158319 0.000222696 0.00316108 0.00583686 0.00717929 0.00693103 0.00531287 0.00219979 -0.00286119 -0.00926505 -0.0143408 -0.0147131 
-0.0109039 -0.00362592 0.00326634 0.00782225 0.00974056 0.00931314 0.00683679 0.00285759 -0.00146163 -0.00453143 -0.00529058 -0.00410801 -0.00248659 -0.00170309 -0.0017804 -0.00178786 -0.00100123 0.000290159 0.000982381 0.000169603 -0.00184487 -0.00367542 -0.00426499 -0.003951 -0.00380468 -0.00421487 -0.00458667 -0.00430781 -0.00368658 -0.00399062 -0.00649858 -0.0109868 -0.015006 -0.0153605 
-0.0124676 -0.00773147 -0.00315423 0.000258711 0.00256274 0.00388925 0.00412078 0.00324835 0.001801 0.000830163 0.0011678 0.00259355 0.00397043 0.00432748 0.00372095 0.00299617 0.00281124 0.00294561 0.00249042 0.000789072 -0.00168868 -0.00370077 -0.00477408 -0.00596925 -0.00850741 -0.0119113 -0.0142219 -0.0140446 -0.0119226 -0.00984745 -0.00975106 -0.0119852 -0.0147175 -0.0152481 
-0.0129186 -0.0110001 -0.00888468 -0.00674809 -0.00424615 -0.00134612 0.00153642 0.00390828 0.00562926 0.00705458 0.00860074 0.0101507 0.0110744 0.0108841 0.00977052 0.00844071 0.00744512 0.00665488 0.00538842 0.00321448 0.000687732 -0.00115713 -0.00236643 -0.0045341 -0.0089484 -0.0145313 -0.0184319 -0.0186982 -0.0158767 -0.012266 -0.0102065 -0.0106371 -0.0124793 -0.0136156 
-0.0138019 -0.0141461 -0.0137305 -0.0123199 -0.00957243 -0.0055544 -0.000773521 0.00406112 0.00837651 0.0119589 0.0147863 0.0167185 0.0174978 0.0170376 0.0156466 0.0139285 0.0123863 0.0110168 0.00933441 0.00704873 0.00472098 0.00318101 0.0020043 -0.000710589 -0.00623621 -0.0131531 -0.0181723 -0.0190404 -0.0162104 -0.0120402 -0.00907351 -0.00867601 -0.0103765 -0.0125046 
-0.0179159 -0.0192489 -0.0191324 -0.0173934 -0.0139867 -0.00908386 -0.00310657 0.00325886 0.00927995 0.0144511 0.0184743 0.0211282 0.0222964 0.0220649 0.0207691 0.0189568 0.0171674 0.0155493 0.013751 0.011507 0.0092864 0.0077294 0.00622375 0.00284384 -0.00352472 -0.0112876 -0.0170755 -0.018607 -0.0163218 -0.0125927 -0.00999348 -0.00996814 -0.0122491 -0.0153658 
-0.0258104 -0.026719 -0.0255857 -0.0225763 -0.018025 -0.0121733 -0.00530912 0.00196251 0.00890139 0.0149759 0.0198615 0.0233169 0.0252185 0.025619 0.0247712 0.0231666 0.0214019 0.0197529 0.0179367 0.0156275 0.0131335 0.0109427 0.00846599 0.00404302 -0.00313414 -0.0114152 -0.0176405 -0.019771 -0.0183906 -0.0159162 -0.0147876 -0.0161271 -0.0194026 -0.023104 
-0.0339136 -0.0335966 -0.030925 -0.026431 -0.0206848 -0.0139301 -0.00640432 0.00127114 0.00838583 0.0145692 0.0196941 0.02362 0.0261903 0.0273302 0.0271417 0.0260206 0.0245557 0.0230525 0.0212175 0.0186352 0.015478 0.0121973 0.00844123 0.00301074 -0.00457854 -0.0128049 -0.0189732 -0.0214626 -0.0210381 -0.0200896 -0.0207969 -0.0237814 -0.0280264 -0.0318472 
-0.0369672 -0.035586 -0.0317899 -0.0263899 -0.0200195 -0.012886 -0.00529403 0.00201784 0.00839208 0.0137351 0.0182524 0.0220047 0.024844 0.0265641 0.0270923 0.0266809 0.0258129 0.0246942 0.0229298 0.0200169 0.0161011 0.0117934 0.00717543 0.0015517 -0.00542142 -0.0126421 -0.0180816 -0.0205371 -0.0207711 -0.0209301 -0.0228903 -0.0269471 -0.0317874 -0.0355628 
-0.0327844 -0.0310695 -0.0269709 -0.0215066 -0.0153344 -0.00866929 -0.00194112 0.00401743 0.00867774 0.0122707 0.0153534 0.0182284 0.0208211 0.0228406 0.0240405 0.0244827 0.0244619 0.0239914 0.0225139 0.0194581 0.0150688 0.0103099 0.00581861 0.00130322 -0.00374781 -0.00896058 -0.0130652 -0.0151158 -0.01558 -0.0161332 -0.0183804 -0.0226241 -0.0276346 -0.0315063 
-0.0245528 -0.0229611 -0.0190498 -0.0139933 -0.00853236 -0.00298837 0.00210315 0.00597432 0.0083493 0.00974413 0.0109461 0.0124583 0.014362 0.0163983 0.0181941 0.0195783 0.0205758 0.0209496 0.0199783 0.0170835 0.0127202 0.00830195 0.00499351 0.00269554 0.000432808 -0.0023187 -0.00497032 -0.00659722 -0.00717454 -0.00784651 -0.00999922 -0.0140652 -0.0190506 -0.0230879 
-0.0183289 -0.0165536 -0.0126293 -0.00782433 -0.00300805 0.00130494 0.00454546 0.00623435 0.00647832 0.00595699 0.00544268 0.00551207 0.00649182 0.00835066 0.0107156 0.013159 0.015325 0.0166529 0.0162975 0.0137998 0.00993374 0.00653665 0.00509062 0.00539173 0.00581934 0.00502612 0.00318914 0.00144094 0.000293457 -0.00102707 -0.00371481 -0.00809823 -0.0131589 -0.0170802 
-0.0181027 -0.0154738 -0.0109359 -0.00580196 -0.00110683 0.00238184 0.00414029 0.00415713 0.00299052 0.00133738 -0.000284263 -0.00135378 -0.00123265 0.000456411 0.00347665 0.0071392 0.010604 0.0129207 0.0131848 0.0112083 0.00816543 0.00618023 0.00671752 0.00916763 0.0112605 0.0111462 0.00898123 0.00626003 0.00381082 0.000956545 -0.0033234 -0.00889709 -0.0143088 -0.0177477 
-0.0229436 -0.0193037 -0.0138049 -0.00780138 -0.00259065 0.000746909 0.00175904 0.000910456 -0.000863615 -0.00294649 -0.0051163 -0.00688983 -0.00728085 -0.00548299 -0.00160215 0.00338446 0.00813832 0.0113689 0.0122296 0.0109039 0.00892251 0.00844636 0.0105815 0.0141545 0.016468 0.0156432 0.0121758 0.00793762 0.00383775 -0.000935059 -0.00728006 -0.0144821 -0.0205042 -0.0235284 
-0.0285878 -0.0246231 -0.0184421 -0.0114626 -0.0053599 -0.00155647 -0.000482544 -0.00141421 -0.0032884 -0.00559528 -0.00819231 -0.0104062 -0.010876 -0.00853437 -0.00355897 0.00269937 0.00849315 0.0124055 0.0138445 0.0133877 0.0127127 0.0136731 0.0167648 0.0203165 0.0216064 0.0191967 0.0141256 0.00852028 0.00316107 -0.00301192 -0.0108772 -0.0193542 -0.0260756 -0.0292736 
-0.0316354 -0.02821 -0.0219257 -0.0142965 -0.00736809 -0.00280098 -0.00106358 -0.00151845 -0.00331785 -0.00605429 -0.00934122 -0.0120117 -0.0123104 -0.00914189 -0.00301878 0.00423823 0.0106028 0.0148022 0.0167182 0.0173137 0.0181574 0.0204733 0.0240116 0.026783 0.0264227 0.0222414 0.0158637 0.00952472 0.00375259 -0.00280108 -0.0111287 -0.0201327 -0.0274738 -0.0314634 
-0.0323788 -0.0295942 -0.0233953 -0.0154787 -0.00807242 -0.00278564 -9.27038e-05 0.000268094 -0.00136863 -0.00471606 -0.00893428 -0.0121951 -0.0123864 -0.00855121 -0.00165528 0.00603484 0.0123535 0.0163427 0.0184689 0.0200679 0.0224705 0.0261179 0.029964 0.0317999 0.0297758 0.0240438 0.0168038 0.0103422 0.00488936 -0.0012474 -0.00931068 -0.0183856 -0.0262589 -0.0311907 
-0.0340022 -0.0311032 -0.0245525 -0.0163987 -0.00880956 -0.00296842 0.000801702 0.00227625 0.00110376 -0.00261912 -0.00760188 -0.0114176 -0.0117336 -0.00781119 -0.000970549 0.00631137 0.0119305 0.0152825 0.0173341 0.0197176 0.0235219 0.0284337 0.0326149 0.0336145 0.030073 0.0229793 0.0151318 0.00887806 0.00409467 -0.00137146 -0.00910605 -0.0183485 -0.0268131 -0.0324382 
-0.0391612 -0.0354899 -0.0280988 -0.0195698 -0.0119136 -0.00564519 -0.000739498 0.00215614 0.00196332 -0.00150361 -0.00664778 -0.0106514 -0.0111625 -0.00771222 -0.00178455 0.00429538 0.00877875 0.0114271 0.0134746 0.0166138 0.02163 0.0275309 0.0317766 0.031721 0.0265217 0.0180364 0.00967607 0.00379486 -0.000205549 -0.00503747 -0.0126359 -0.0223075 -0.0315276 -0.0377147 
-0.0471049 -0.0430643 -0.0350742 -0.0262871 -0.0186982 -0.0122282 -0.00641664 -0.00215851 -0.00113417 -0.00381587 -0.00844305 -0.0120279 -0.0123912 -0.00940623 -0.00461775 6.90196e-05 0.00354288 0.00598936 0.00865481 0.0129098 0.0190076 0.025338 0.0289309 0.0272475 0.0201367 0.0103147 0.00164748 -0.00369786 -0.00687401 -0.0110584 -0.0184131 -0.0283605 -0.0383315 -0.0453419 
-0.0541976 -0.0511324 -0.0435879 -0.0350804 -0.0278714 -0.0216934 -0.0157738 -0.0110235 -0.00936412 -0.0113441 -0.0150916 -0.0176499 -0.0171776 -0.0139647 -0.00964167 -0.00566647 -0.00243155 0.000689468 0.00476163 0.0104842 0.0173608 0.0233286 0.0254824 0.0218649 0.0131394 0.00260836 -0.0058385 -0.0104889 -0.012944 -0.0164586 -0.0231353 -0.0326589 -0.0429366 -0.0510618 
-0.0573138 -0.0564645 -0.0504531 -0.0427735 -0.0361904 -0.0308151 -0.0258853 -0.0221056 -0.0210811 -0.0230121 -0.0258934 -0.0270294 -0.0250882 -0.0207925 -0.0158762 -0.0114987 -0.0075471 -0.00311916 0.00255002 0.00940419 0.0162765 0.0210326 0.0213826 0.0162896 0.00708019 -0.00290316 -0.0103246 -0.0141677 -0.0162352 -0.0193118 -0.0250093 -0.0332984 -0.0430598 -0.052103 
-0.0560919 -0.0577979 -0.0536703 -0.0468044 -0.0405761 -0.0359941 -0.0327228 -0.0311298 -0.0319385 -0.034529 -0.0367326 -0.0363836 -0.0328403 -0.02718 -0.0211209 -0.0156659 -0.0105847 -0.00502541 0.00144874 0.00828477 0.0140637 0.0170219 0.0157823 0.0102111 0.00194286 -0.00616631 -0.0117848 -0.014755 -0.0168759 -0.0199986 -0.0247856 -0.0313147 -0.0396838 -0.0489435 
-0.0514908 -0.0554023 -0.052779 -0.0460866 -0.0393661 -0.0349192 -0.033225 -0.0342886 -0.037553 -0.041233 -0.0429941 -0.0414313 -0.0367353 -0.0302193 -0.0233795 -0.0170961 -0.0113415 -0.00558804 0.000374834 0.00594672 0.00992946 0.0111286 0.00894452 0.00383148 -0.00257935 -0.0081517 -0.0116992 -0.0139318 -0.016486 -0.0199902 -0.0238547 -0.0281319 -0.0342944 -0.0429661 
-0.0431539 -0.0490532 -0.0475935 -0.0404844 -0.032492 -0.0274752 -0.0269939 -0.0307223 -0.0366577 -0.0417081 -0.0433698 -0.0410721 -0.0358805 -0.0292917 -0.0224802 -0.0161854 -0.0106776 -0.00578492 -0.0013018 0.00251528 0.00492701 0.00516248 0.00296859 -0.00103188 -0.00542736 -0.00880708 -0.010954 -0.0131142 -0.0164039 -0.0200219 -0.0221601 -0.0231122 -0.026101 -0.033565 
-0.0294213 -0.0376774 -0.0378177 -0.0306754 -0.0216689 -0.0161885 -0.0168951 -0.0232183 -0.031862 -0.0385553 -0.0405998 -0.0380927 -0.0328513 -0.0266022 -0.0203206 -0.0146406 -0.0100381 -0.00651805 -0.00365415 -0.00117407 0.000641548 0.00119828 0.000186201 -0.0020261 -0.00457537 -0.00684149 -0.00917707 -0.0125593 -0.0168404 -0.0196082 -0.0182949 -0.0141847 -0.0128364 -0.0186612 
-0.00968778 -0.0208245 -0.0236571 -0.0180989 -0.00985301 -0.0052686 -0.00770524 -0.0164607 -0.027495 -0.0358585 -0.0386988 -0.0364325 -0.0313245 -0.025371 -0.0195798 -0.0145689 -0.0108816 -0.00851801 -0.00675871 -0.00482816 -0.00259164 -0.000507989 0.000909213 0.00138015 0.000672826 -0.00163709 -0.00599326 -0.012021 -0.0173718 -0.0179527 -0.0112234 -0.000398209 0.00620789 0.00233485 
0.0141963 0.000345875 -0.0059688 -0.00398753 0.000822431 0.00221627 -0.00297473 -0.0138859 -0.0265115 -0.0360603 -0.0397683 -0.0380449 -0.033216 -0.0274625 -0.021945 -0.0173027 -0.0140545 -0.0121726 -0.0107965 -0.00882972 -0.00571254 -0.00156192 0.00302247 0.00686531 0.00815029 0.0051712 -0.00222245 -0.0114876 -0.0174872 -0.0146419 -0.00126175 0.0168688 0.0288202 0.0270625 
0.0388275 0.0233976 0.0139252 0.0112689 0.0105044 0.00654789 -0.00248621 -0.0152748 -0.0284883 -0.03839 -0.0427286 -0.0417617 -0.0375326 -0.032184 -0.0269513 -0.0224459 -0.0191327 -0.0170568 -0.0154867 -0.0132725 -0.00946094 -0.00360359 0.00385605 0.0109219 0.0141854 0.0107437 0.000898901 -0.0106042 -0.0161056 -0.00909112 0.0107674 0.0351866 0.0514421 0.051652 
0.0609523 0.0453638 0.0339478 0.0270542 0.0202643 0.0102062 -0.00296067 -0.0171011 -0.0298842 -0.0392683 -0.0439393 -0.0440077 -0.0409546 -0.0365622 -0.0319541 -0.0276857 -0.0242077 -0.0217151 -0.0197696 -0.0173959 -0.0134012 -0.00675484 0.0024509 0.0117859 0.0167978 0.0138349 0.00357588 -0.00779775 -0.0112039 -7.99228e-06 0.0247042 0.05296 0.0714977 0.073007 
0.0783288 0.063365 0.0511451 0.041258 0.0296588 0.014673 -0.00142122 -0.0156311 -0.0267411 -0.0346767 -0.0393341 -0.0407407 -0.0395711 -0.0368663 -0.0334431 -0.0298718 -0.026696 -0.0242322 -0.0222689 -0.020055 -0.016336 -0.00968427 0.000176375 0.0107908 0.0173748 0.0160655 0.00772118 -0.001082 -0.00116712 0.0134466 0.0405301 0.0695448 0.0879297 0.0895829 
0.0896373 0.0753906 0.0629042 0.0512499 0.036828 0.0193385 0.00263638 -0.00978621 -0.0178484 -0.0233699 -0.0275311 -0.0303731 -0.0316163 -0.0312333 -0.0295626 -0.0272823 -0.025137 -0.0234877 -0.0221557 -0.0204785 -0.0171883 -0.0106936 -0.000549295 0.0109008 0.0190194 0.0201258 0.0150728 0.0100073 0.0132337 0.0296578 0.0563766 0.083339 0.0995753 0.10039 
0.0945014 0.081346 0.068972 0.0565341 0.0411924 0.023608 0.0083654 -0.00105906 -0.00555251 -0.00838988 -0.0118491 -0.0160632 -0.0198385 -0.0219857 -0.0222941 -0.0215723 -0.0207922 -0.0203116 -0.0198544 -0.0186814 -0.0154714 -0.00870414 0.00187529 0.0139449 0.023331 0.0268716 0.0252703 0.0235987 0.0286654 0.0443146 0.0677735 0.0905681 0.1039 0.104176 
0.0938519 0.0832098 0.0717942 0.0595103 0.0446698 0.0284598 0.0153128 0.00829037 0.00600163 0.00453356 0.00102648 -0.0046841 -0.0106877 -0.014888 -0.0167021 -0.0170967 -0.0172103 -0.0173486 -0.0170966 -0.0155946 -0.0115628 -0.00390426 0.0070583 0.01904 0.02883 0.0342407 0.0356502 0.0363135 0.0409695 0.0527079 0.0700752 0.0874437 0.0985969 0.100344 
0.0894175 0.0831827 0.0739684 0.0628092 0.0493605 0.0348913 0.0229693 0.0160964 0.0130774 0.010377 0.00527433 -0.00221804 -0.00973197 -0.0147976 -0.0169264 -0.0173993 -0.0174314 -0.0171368 -0.0158861 -0.0127788 -0.00690529 0.00195102 0.0126806 0.0233571 0.0323817 0.0389204 0.0427463 0.0446355 0.0469221 0.0524154 0.0620503 0.0739311 0.0844854 0.0902162 
0.0825152 0.0817383 0.0758656 0.0668273 0.0552862 0.0421434 0.0297857 0.020386 0.0137232 0.00750687 -0.000283436 -0.00933588 -0.0171548 -0.021514 -0.0225546 -0.0220671 -0.0212485 -0.019823 -0.0168216 -0.011424 -0.0034411 0.0062185 0.0158389 0.0243154 0.0319155 0.0389532 0.0442423 0.0461004 0.0449766 0.0440179 0.0467386 0.0545618 0.0659113 0.0766898 
0.0741029 0.0785567 0.0768463 0.0709241 0.0615141 0.0487649 0.0341617 0.0202443 0.0084763 -0.00176538 -0.0117269 -0.0210307 -0.0275444 -0.0298173 -0.0288869 -0.0270082 -0.02522 -0.0227688 -0.0183412 -0.011293 -0.00221554 0.00712248 0.0149559 0.0212593 0.0276292 0.0345959 0.0397629 0.0399749 0.0352899 0.0298243 0.0287753 0.0351044 0.0479574 0.0628489 
0.0659626 0.07497 0.077931 0.0757577 0.0681636 0.0544694 0.0361119 0.0169422 0.000496927 -0.0123505 -0.0224921 -0.0300065 -0.0336886 -0.0331958 -0.0303182 -0.0273913 -0.0251259 -0.0224235 -0.0178093 -0.0108156 -0.00249923 0.00514354 0.0108637 0.0155577 0.0211037 0.0271704 0.030261 0.0272558 0.0194877 0.0123389 0.011278 0.0187696 0.0335056 0.0510405 
0.0610144 0.0742296 0.0817809 0.0829548 0.0760359 0.060023 0.0374103 0.0139794 -0.00502774 -0.0180645 -0.0262774 -0.0305237 -0.0307368 -0.0276621 -0.0234718 -0.0202037 -0.0182583 -0.0164824 -0.0133679 -0.00837689 -0.00250613 0.00254534 0.00617641 0.00967275 0.0142581 0.018223 0.0175309 0.010405 0.000381635 -0.00614257 -0.00457894 0.00592175 0.0231693 0.043034 
0.0635132 0.0805644 0.0913803 0.0939151 0.0856849 0.0664618 0.0407113 0.0159008 -0.00242575 -0.0134425 -0.0189831 -0.0202991 -0.0178724 -0.0130391 -0.00808483 -0.00491038 -0.00409331 -0.00471613 -0.00497013 -0.00361372 -0.00104235 0.00145195 0.00350865 0.00609396 0.00925348 0.0100219 0.00456148 -0.00681727 -0.0182371 -0.0227497 -0.0171687 -0.00240007 0.0185984 0.041912 
0.0812057 0.100472 0.111067 0.110879 0.0982989 0.0752384 0.0484747 0.0259826 0.0115152 0.00365378 -0.000188505 -0.000651203 0.00244877 0.00797187 0.0135049 0.0165176 0.0154217 0.0107871 0.00540784 0.00208471 0.00142401 0.00230138 0.00393831 0.00634242 0.00817478 0.00552884 -0.0047313 -0.019927 -0.0318395 -0.0330245 -0.0216808 -0.000459853 0.0267037 0.0554492 
0.126115 0.14358 0.147432 0.137829 0.116335 0.0880519 0.0615081 0.0434866 0.034204 0.029199 0.0254044 0.0236005 0.0254855 0.0306272 0.0363234 0.0387487 0.0348501 0.02507 0.0138118 0.0059099 0.00300899 0.00379887 0.00657745 0.010055 0.0115334 0.00641767 -0.00756746 -0.0253412 -0.0361071 -0.0313977 -0.0104619 0.0219214 0.0597199 0.0966165 
0.206534 0.215957 0.204221 0.177018 0.141354 0.105529 0.0781568 0.0632542 0.0572423 0.0533356 0.0484844 0.044657 0.0445997 0.0483502 0.0529117 0.0534351 0.0459919 0.0313921 0.015584 0.00493515 0.00165164 0.00397394 0.009172 0.014743 0.0169666 0.0109475 -0.00464014 -0.0224833 -0.0291285 -0.0145124 0.021583 0.0718348 0.126437 0.174756 
0.311118 0.306683 0.27243 0.222417 0.170102 0.125524 0.0950306 0.0790662 0.0717905 0.0662416 0.059975 0.0549459 0.0533691 0.0549573 0.0566914 0.0538578 0.0429909 0.025683 0.00854288 -0.00184849 -0.00347261 0.00142077 0.00934641 0.0170012 0.0202791 0.0146746 3.04404e-05 -0.0145929 -0.0137506 0.0141327 0.0692673 0.141992 0.217671 0.279257 
0.40163 0.382044 0.326343 0.256988 0.192404 0.141922 0.107809 0.0873009 0.0747097 0.0652527 0.0575411 0.0523215 0.0499083 0.0490975 0.0472081 0.0407455 0.0277367 0.0105461 -0.00468742 -0.0124226 -0.0113318 -0.00395074 0.0059172 0.0146582 0.0184314 0.0137899 0.00186319 -0.00737293 0.00216044 0.0426785 0.114599 0.206801 0.300467 0.372308 
