0.367731 0.34124 0.277043 0.19951 0.128216 0.0739768 0.0405765 0.0257466 0.0225728 0.0223578 0.0179296 0.00680301 -0.00767579 -0.0191693 -0.0233832 -0.0208807 -0.0153908 -0.00989974 -0.00493759 -0.000312559 0.00295522 0.00320626 0.000299772 -0.00211329 0.00501811 0.0341447 0.0934046 0.178397 0.270398 0.341752 
0.325558 0.305443 0.251274 0.183391 0.11929 0.0699974 0.0401727 0.0276363 0.0250425 0.0239583 0.0183844 0.00684343 -0.00727424 -0.0182343 -0.0222519 -0.019887 -0.0144416 -0.00849948 -0.00256863 0.00325877 0.00766025 0.00870772 0.00584283 0.0021359 0.00609741 0.0297426 0.0808539 0.155284 0.236321 0.300183 
0.253188 0.240384 0.200873 0.149091 0.0985577 0.0593452 0.0366672 0.0287465 0.0282795 0.0273024 0.0209242 0.00864477 -0.00590452 -0.0172523 -0.0218031 -0.0199232 -0.0145193 -0.00804495 -0.00132785 0.00514716 0.0100383 0.0116132 0.00907623 0.00452961 0.00512249 0.0215314 0.0605931 0.118518 0.181587 0.23172 
0.182205 0.174481 0.14728 0.110123 0.0728534 0.0441225 0.029199 0.0267494 0.0297676 0.0305961 0.0248388 0.0124168 -0.00289504 -0.0155273 -0.0215325 -0.0207255 -0.0156334 -0.00881823 -0.00163095 0.00497985 0.00974778 0.0114594 0.00949405 0.00509953 0.0036923 0.014055 0.0418571 0.0838847 0.129505 0.165851 
0.132209 0.127126 0.106788 0.0780386 0.0489116 0.0273115 0.01844 0.0211366 0.0284102 0.0324841 0.0289118 0.0175173 0.00188075 -0.0123183 -0.0204343 -0.0213737 -0.0171644 -0.0104736 -0.00312094 0.00347753 0.0079946 0.00975551 0.0086911 0.00554681 0.00389947 0.0103546 0.0296003 0.059566 0.0925915 0.119461 
0.106005 0.102774 0.0851781 0.0589946 0.0322936 0.0134163 0.00783594 0.0143326 0.0254898 0.0330285 0.0322325 0.0226529 0.0074004 -0.00799078 -0.0182204 -0.0211648 -0.0182153 -0.0119934 -0.00458558 0.00221101 0.00679926 0.00878471 0.00878881 0.0074766 0.00676369 0.0110366 0.0242695 0.0460633 0.0716355 0.0940489 
0.0964149 0.0953289 0.0792362 0.0530728 0.0254949 0.00589147 0.000460082 0.00825153 0.0216501 0.0318632 0.0336932 0.0262327 0.0119983 -0.00381471 -0.0154951 -0.0200222 -0.0181266 -0.0122741 -0.00464922 0.00272096 0.00786555 0.010325 0.0113266 0.0119041 0.0128361 0.0164311 0.0258234 0.0421073 0.0630829 0.0835933 
0.0939735 0.0948258 0.0807057 0.0549127 0.0258379 0.00356576 -0.0046604 0.00141097 0.0149974 0.0271419 0.031719 0.0268525 0.0143651 -0.000883935 -0.0129793 -0.0182386 -0.0167831 -0.0108713 -0.00270706 0.00558319 0.011691 0.0148701 0.0167936 0.0192364 0.0225223 0.0271256 0.0347594 0.0469761 0.0634978 0.0812256 
0.0911286 0.0924356 0.0806313 0.0565403 0.0269401 0.00174847 -0.010714 -0.00822428 0.00423883 0.0179887 0.0256572 0.0239617 0.0139887 0.000323868 -0.0111191 -0.0162702 -0.0146849 -0.00832131 0.000632475 0.00997606 0.0171409 0.0210803 0.0238264 0.0280965 0.0343273 0.0414748 0.0492116 0.0581947 0.0691165 0.0813165 
0.0835505 0.0832098 0.0733137 0.0521391 0.0239191 -0.00250658 -0.0181959 -0.0190585 -0.00809395 0.00665766 0.016929 0.0182612 0.0111634 -0.000113662 -0.0100182 -0.0144483 -0.0124471 -0.00554505 0.00410681 0.0141736 0.0219064 0.0261161 0.0292099 0.0348735 0.0439927 0.0543979 0.0635017 0.0700965 0.0748713 0.0794559 
0.0698496 0.0664629 0.0580822 0.0411111 0.0168857 -0.00773308 -0.0240858 -0.026968 -0.0177383 -0.00336704 0.00792788 0.0113008 0.00692908 -0.00149735 -0.00923876 -0.0125502 -0.0100994 -0.00294598 0.00680497 0.0166736 0.0239053 0.0274368 0.0300654 0.0362619 0.047434 0.060703 0.0715113 0.0765558 0.0758549 0.0726438 
0.0506063 0.0443531 0.0379458 0.0267141 0.00908124 -0.0108564 -0.0256601 -0.029684 -0.0228239 -0.0104518 0.000231264 0.00466037 0.00271764 -0.00273162 -0.00802369 -0.0100386 -0.00729706 -0.000465771 0.00844057 0.0169338 0.0225442 0.0246129 0.0262208 0.0321792 0.0441915 0.058995 0.0707025 0.0743925 0.0693092 0.0595733 
0.0279203 0.0204942 0.0171257 0.0126527 0.00297909 -0.0108253 -0.0231192 -0.0281703 -0.02435 -0.0149905 -0.00573893 -0.00069793 -0.000480952 -0.00318401 -0.00616515 -0.00699889 -0.00429329 0.00158255 0.00884276 0.0152122 0.0187273 0.0192418 0.0198596 0.0251289 0.0366294 0.0509459 0.0617065 0.0633639 0.0548574 0.0407451 
0.00610523 -0.000129732 0.000186744 0.00195432 -0.000421991 -0.00836795 -0.0181764 -0.0243312 -0.0237784 -0.0177172 -0.01014 -0.00474661 -0.00279678 -0.00331734 -0.0044808 -0.0044959 -0.00219155 0.00234693 0.00776156 0.0121417 0.0139738 0.0134251 0.0132716 0.0173068 0.0266955 0.0382074 0.045982 0.0450324 0.0346222 0.0193041 
-0.00837182 -0.0114248 -0.00781417 -0.00197441 0.000364334 -0.00360698 -0.0118172 -0.0192573 -0.021875 -0.019087 -0.0134181 -0.00816477 -0.00513762 -0.00417125 -0.00410717 -0.00369696 -0.00198719 0.00127433 0.00530143 0.00853588 0.00959104 0.00853179 0.00752919 0.00948678 0.0152449 0.0222977 0.0262482 0.0235572 0.0140289 0.00147962 
-0.00991208 -0.00884569 -0.00314865 0.00375568 0.00707164 0.00388673 -0.00456596 -0.0137997 -0.0193736 -0.0196495 -0.0160947 -0.0115454 -0.00809636 -0.00622911 -0.00539275 -0.00479669 -0.00362947 -0.00127009 0.00207606 0.00507688 0.00612385 0.00484736 0.00278544 0.00217943 0.00387757 0.00654947 0.0077625 0.00565581 0.000277602 -0.00605406 
0.00196492 0.00684621 0.0130469 0.0180728 0.0185789 0.0127183 0.00200611 -0.00935912 -0.0172431 -0.0198991 -0.0182781 -0.0147258 -0.0113184 -0.00896991 -0.00765471 -0.00695977 -0.00616535 -0.0043424 -0.00122169 0.00199586 0.00337056 0.002067 -0.000817808 -0.00338235 -0.00455904 -0.0044959 -0.00382819 -0.00305041 -0.00223953 -0.000873955 
0.0215004 0.0288626 0.0339167 0.0348432 0.0299457 0.0192948 0.00556398 -0.00724401 -0.0160236 -0.0198002 -0.0194874 -0.0169197 -0.013862 -0.0113795 -0.00981524 -0.00905937 -0.00850235 -0.00705614 -0.00412082 -0.000721864 0.00105976 0.00010068 -0.00279514 -0.00592933 -0.0080357 -0.00842695 -0.00653466 -0.00198919 0.00490131 0.013136 
0.0401561 0.0481234 0.0506816 0.0465662 0.0357863 0.0205911 0.00494092 -0.00760172 -0.0154597 -0.0189101 -0.0190973 -0.0173385 -0.014856 -0.0125717 -0.0109968 -0.0102512 -0.00989609 -0.00887523 -0.00639042 -0.00312703 -0.000956342 -0.00111678 -0.00317506 -0.00571807 -0.00733842 -0.00682769 -0.00304713 0.00470464 0.015914 0.0286183 
0.0514051 0.0580869 0.0574478 0.04886 0.033846 0.0163326 0.000962487 -0.00947987 -0.0149468 -0.0169077 -0.01681 -0.0155505 -0.013746 -0.0119616 -0.0106623 -0.0100888 -0.0100219 -0.0096311 -0.00805823 -0.00547982 -0.00319206 -0.0023971 -0.00320198 -0.0046493 -0.00521196 -0.00331519 0.00225753 0.0120151 0.0251949 0.039429 
0.0527987 0.0567811 0.0530348 0.0417063 0.0253047 0.00838033 -0.00461378 -0.0117725 -0.0141004 -0.013844 -0.0127447 -0.0115143 -0.010313 -0.00926728 -0.00858184 -0.00844652 -0.00884835 -0.00933591 -0.00915955 -0.00794363 -0.00613687 -0.00466986 -0.00419058 -0.00434561 -0.00364565 -0.000356189 0.0064779 0.0168389 0.0297103 0.042781 
0.0449186 0.045812 0.0399537 0.0281867 0.0132572 -0.000734833 -0.0101352 -0.0136938 -0.0128136 -0.0100516 -0.00741714 -0.00570763 -0.00489026 -0.00469936 -0.0049188 -0.00548788 -0.0065021 -0.00793571 -0.00930999 -0.00984445 -0.00909539 -0.007469 -0.005914 -0.00471643 -0.00276068 0.00146836 0.00848388 0.0177871 0.028338 0.0382807 
0.0299755 0.0286947 0.022574 0.0126992 0.00130403 -0.0085924 -0.0142394 -0.0146522 -0.0111114 -0.00612487 -0.00187105 0.000626396 0.00134121 0.000770445 -0.000417884 -0.00176499 -0.00332026 -0.00539761 -0.00787823 -0.00986491 -0.0102806 -0.00894866 -0.00680334 -0.00463011 -0.00196807 0.00211029 0.00768836 0.0141682 0.0209054 0.0268047 
0.0115981 0.00982632 0.00541134 -0.000897019 -0.00785881 -0.0136363 -0.0161567 -0.0144032 -0.00927691 -0.00297266 0.00240066 0.00565653 0.00654719 0.00556421 0.0036962 0.00182176 7.36602e-05 -0.00203195 -0.00471381 -0.0072461 -0.0083733 -0.00755302 -0.00551597 -0.00328086 -0.00105269 0.00139826 0.00393031 0.00633358 0.00872537 0.0108551 
-0.00548511 -0.00644525 -0.00824599 -0.010687 -0.0135228 -0.0158899 -0.0162057 -0.0133776 -0.00789041 -0.00144016 0.00422035 0.00793946 0.00922737 0.00836223 0.00640229 0.00450532 0.00303275 0.00151442 -0.000479405 -0.00255105 -0.00369049 -0.00334176 -0.00202257 -0.000721099 -7.45753e-05 -0.000370966 -0.00168232 -0.00348439 -0.00478697 -0.00521587 
-0.0172733 -0.0172667 -0.01711 -0.0168253 -0.0167284 -0.0166607 -0.0155564 -0.0124159 -0.00738698 -0.00160477 0.00367689 0.00751706 0.00930533 0.00904405 0.00761006 0.00619013 0.00531662 0.00467277 0.00379323 0.00275743 0.00211154 0.00215468 0.00250147 0.00236155 0.000958529 -0.00222313 -0.006966 -0.0119429 -0.0154702 -0.0169759 
-0.0227724 -0.0225366 -0.0219046 -0.0206071 -0.0189867 -0.0173572 -0.0152804 -0.0120555 -0.0076139 -0.00261011 0.00212848 0.00590799 0.00815629 0.00869745 0.0081176 0.00741805 0.00718377 0.00729401 0.00737957 0.00731647 0.00720746 0.00702838 0.00646952 0.00500195 0.0019103 -0.00334508 -0.0102302 -0.0168204 -0.0210896 -0.0226571 
-0.0241173 -0.0244412 -0.0244389 -0.0233093 -0.0211312 -0.0185118 -0.015634 -0.0121817 -0.00798505 -0.00337756 0.00106244 0.00480267 0.00738639 0.0086103 0.00883273 0.00880024 0.00903806 0.0095576 0.0101128 0.0105006 0.0105445 0.00999988 0.00864441 0.00623149 0.002214 -0.00390576 -0.0114548 -0.0183076 -0.0224582 -0.0238518 
-0.0240115 -0.0251837 -0.0260102 -0.025296 -0.0228953 -0.0196002 -0.0160532 -0.0122519 -0.00799895 -0.00344646 0.000952277 0.00474074 0.0075594 0.00925081 0.0100528 0.0104994 0.0109988 0.0115936 0.0121115 0.0123442 0.0120093 0.0107895 0.00859715 0.00550185 0.00122137 -0.00469104 -0.0117028 -0.0179486 -0.0217272 -0.0231986 
-0.0234632 -0.0252882 -0.0265154 -0.0258803 -0.02324 -0.0195241 -0.0156119 -0.0116656 -0.00747861 -0.00307145 0.00123688 0.00506698 0.00809872 0.0101661 0.0114018 0.0121755 0.0127828 0.0132447 0.0134147 0.0131053 0.0120356 0.00991837 0.00683205 0.00318468 -0.000955917 -0.0059617 -0.011654 -0.0167881 -0.0201549 -0.0219538 
-0.0222722 -0.0242701 -0.0252559 -0.0242377 -0.0213097 -0.0174873 -0.0136777 -0.0100815 -0.00646974 -0.00268755 0.00119209 0.0049304 0.00818271 0.0106488 0.0122857 0.0133106 0.013939 0.0141838 0.0139199 0.0129881 0.0111516 0.00820388 0.00438157 0.000377348 -0.0034054 -0.00723455 -0.0113164 -0.0151452 -0.0180746 -0.0202279 
-0.0207151 -0.0222472 -0.022368 -0.0206257 -0.0174509 -0.0138252 -0.0105229 -0.00773243 -0.00519777 -0.00251803 0.000590386 0.00407407 0.00750663 0.0103604 0.0123683 0.0135995 0.0142135 0.0142408 0.013596 0.012151 0.00972274 0.00620906 0.00197617 -0.00212801 -0.00550056 -0.00830635 -0.0110076 -0.0137048 -0.0162333 -0.0185695 
-0.0196773 -0.0201626 -0.0190667 -0.0165526 -0.013269 -0.00999304 -0.00730324 -0.00541035 -0.00405332 -0.00256449 -0.000293721 0.002865 0.00637395 0.00948692 0.0117564 0.0131353 0.0137254 0.013564 0.0126029 0.0107445 0.00786595 0.0039864 -0.000422205 -0.00448134 -0.00755206 -0.00973359 -0.0115856 -0.0135633 -0.0157795 -0.0179987 
-0.0194205 -0.0186975 -0.0165762 -0.0136358 -0.0104565 -0.00749315 -0.0051962 -0.00388579 -0.00332865 -0.00264767 -0.000943393 0.00195433 0.00540391 0.00854204 0.0108605 0.0122619 0.0127828 0.0124214 0.0111358 0.00886417 0.00556336 0.00137921 -0.00313315 -0.00712654 -0.0100168 -0.0118865 -0.0133151 -0.0149045 -0.0168287 -0.0186143 
-0.0192298 -0.0177464 -0.0153197 -0.0125619 -0.00971053 -0.00690949 -0.00462325 -0.00335934 -0.00295144 -0.00243583 -0.000851226 0.00192223 0.00517137 0.00804429 0.010107 0.0112994 0.0116124 0.0109699 0.00930734 0.00661605 0.00295476 -0.00143134 -0.00595342 -0.00981402 -0.0124903 -0.0140819 -0.0151952 -0.016481 -0.0180512 -0.0192537 
-0.0183891 -0.0169995 -0.0151704 -0.0131835 -0.010809 -0.00798206 -0.00529706 -0.00349725 -0.00256261 -0.00160525 0.000240555 0.00299138 0.00591525 0.00826436 0.00976581 0.0104726 0.0103815 0.00935322 0.00729971 0.00428296 0.000465109 -0.0038649 -0.00815498 -0.0116741 -0.013946 -0.015109 -0.0158288 -0.0167773 -0.0179835 -0.0187453 
-0.0167289 -0.0162626 -0.0157231 -0.0148526 -0.012978 -0.00993723 -0.00650347 -0.003694 -0.00175864 -3.51369e-05 0.00219591 0.00490709 0.00742599 0.00913844 0.00992893 0.00998018 0.00934393 0.00786575 0.00545665 0.00225159 -0.00150057 -0.0055015 -0.0092704 -0.0121672 -0.0137934 -0.0143667 -0.0146205 -0.0152168 -0.0161349 -0.0167697 
-0.014121 -0.0149451 -0.0158862 -0.0161297 -0.0146905 -0.011392 -0.00715753 -0.00326175 -0.000303151 0.0020781 0.00449912 0.00701817 0.00910729 0.0102597 0.0104281 0.00986317 0.0086793 0.0067501 0.00400974 0.000657971 -0.00297366 -0.00654692 -0.00961765 -0.0116624 -0.0124471 -0.0123283 -0.012069 -0.012254 -0.0128556 -0.0135048 
-0.0102643 -0.0119463 -0.0138713 -0.0148833 -0.0139016 -0.0107423 -0.00628618 -0.00187677 0.00159184 0.00416058 0.00637935 0.0084837 0.0101446 0.0109177 0.0107111 0.00974192 0.00814486 0.00582811 0.00276076 -0.000791752 -0.00439262 -0.0075983 -0.00994658 -0.0110582 -0.0109455 -0.0101267 -0.00931376 -0.0089277 -0.00895003 -0.00932 
-0.00536354 -0.00666012 -0.00846153 -0.00973086 -0.00951995 -0.00746754 -0.00398216 -9.73512e-05 0.00313524 0.00538969 0.0070759 0.00859305 0.00982533 0.0103755 0.0100473 0.00894192 0.00714582 0.00457238 0.00123269 -0.00251962 -0.00611665 -0.00898991 -0.0106665 -0.0109431 -0.0100856 -0.00872229 -0.007436 -0.00641839 -0.00558721 -0.00508012 
-0.000567214 3.73162e-05 -0.000396677 -0.00150748 -0.00258925 -0.00276235 -0.00144448 0.00102165 0.00352366 0.00525019 0.00631156 0.00719025 0.0079877 0.00839021 0.00811229 0.0071042 0.00533855 0.00269132 -0.000774804 -0.00458275 -0.00802693 -0.0104663 -0.0114973 -0.0111219 -0.00980333 -0.00820906 -0.00677902 -0.00545109 -0.00388417 -0.0020736 
0.00271288 0.00616265 0.00789615 0.0072131 0.00459708 0.00171882 0.000428445 0.00123179 0.00297089 0.00424749 0.00474506 0.00497332 0.00528356 0.00552004 0.0053632 0.00460885 0.00306933 0.000545208 -0.00285094 -0.00650331 -0.00958087 -0.0114296 -0.0117782 -0.0108393 -0.00924326 -0.00771534 -0.00663293 -0.00568615 -0.00403399 -0.00110111 
0.00387755 0.0100997 0.0142003 0.0143087 0.0106578 0.00564081 0.00224195 0.00173836 0.00294507 0.00389454 0.00382013 0.00326179 0.00288961 0.00280053 0.00270352 0.00224789 0.00106029 -0.00116432 -0.00429548 -0.0076172 -0.0102054 -0.0113943 -0.0109997 -0.00939767 -0.0074282 -0.0060254 -0.00565694 -0.00580284 -0.00498487 -0.001765 
0.00328151 0.0116128 0.0181018 0.0197212 0.0162115 0.0102781 0.00566615 0.0043051 0.00510496 0.00567832 0.00485658 0.00321871 0.00180716 0.0010601 0.000787584 0.000525988 -0.000281299 -0.00206943 -0.00475478 -0.00761617 -0.00969647 -0.0102727 -0.00911655 -0.00667796 -0.00407797 -0.00264545 -0.00308814 -0.00474899 -0.00555021 -0.00311776 
0.00125969 0.0113108 0.0205287 0.0247093 0.0227355 0.017121 0.0120022 0.00992096 0.0101184 0.0100426 0.0082133 0.00520761 0.0023976 0.000586671 -0.00023482 -0.000556145 -0.00106849 -0.00235113 -0.00444529 -0.00673685 -0.00830762 -0.00834833 -0.00649754 -0.00323683 -7.38253e-06 0.00141843 8.10831e-05 -0.00326886 -0.00608465 -0.00512861 
-0.00246023 0.00948847 0.0219756 0.0296778 0.0304268 0.0261584 0.0210445 0.0181721 0.0173681 0.0162579 0.0132167 0.00875466 0.0044155 0.00128069 -0.000434155 -0.00112471 -0.00152503 -0.002347 -0.00380637 -0.0054604 -0.00647651 -0.0060001 -0.00361363 8.32597e-05 0.00335862 0.00418944 0.00157537 -0.00358289 -0.0083804 -0.00886285 
-0.00793586 0.00606342 0.0218638 0.0333538 0.0374753 0.0353658 0.0308129 0.027216 0.0251355 0.0227291 0.0184657 0.0127573 0.00711887 0.00274176 3.90967e-05 -0.00120953 -0.00168692 -0.00219089 -0.00309632 -0.0041115 -0.00449348 -0.00345669 -0.000750219 0.0027629 0.00519063 0.0046 0.000224023 -0.00681318 -0.0133068 -0.0147521 
-0.0142593 0.00116826 0.0193037 0.033805 0.0411187 0.0415133 0.0380057 0.0339808 0.0307203 0.0271461 0.0220133 0.0156127 0.00926505 0.00411294 0.000692507 -0.00103164 -0.00162909 -0.00191243 -0.00235541 -0.00276146 -0.00246568 -0.000856758 0.00199153 0.00494577 0.00614877 0.00392788 -0.00227184 -0.0111661 -0.0192132 -0.0214195 
-0.0203368 -0.00508146 0.0134496 0.0292547 0.0386807 0.0411971 0.0388738 0.0348184 0.0308985 0.0268351 0.0216865 0.0155202 0.00933697 0.00415616 0.00058591 -0.00125061 -0.00177508 -0.00174392 -0.001689 -0.00150734 -0.000613856 0.00145862 0.00444103 0.00715762 0.0078706 0.00486379 -0.00268141 -0.0134688 -0.023395 -0.0268772 
-0.0257031 -0.0127607 0.00374393 0.0186468 0.0285226 0.0322304 0.0309199 0.0272504 0.0234762 0.0200036 0.0160525 0.0112737 0.00624718 0.00187747 -0.00115576 -0.0025945 -0.0026898 -0.0020946 -0.00141271 -0.000702117 0.000544431 0.002849 0.00613766 0.00950705 0.011177 0.00872306 0.000468578 -0.012289 -0.0245676 -0.0301594 
-0.0296021 -0.0208683 -0.00862504 0.00325739 0.0118935 0.0157656 0.0151858 0.0122287 0.00932758 0.00741293 0.00569643 0.00324743 0.00017782 -0.00268216 -0.00457451 -0.00513637 -0.00445223 -0.00307092 -0.00171372 -0.000658323 0.000567084 0.00278623 0.00649066 0.0112187 0.0148809 0.0138884 0.00553975 -0.00871296 -0.0230054 -0.0308899 
-0.0297306 -0.0262324 -0.0197427 -0.0124272 -0.00632906 -0.00314182 -0.00333705 -0.0055259 -0.00728384 -0.0073295 -0.00654655 -0.00643959 -0.00730678 -0.00835508 -0.00877173 -0.00814911 -0.00647579 -0.00426515 -0.00238275 -0.00128467 -0.00043821 0.0014111 0.00539681 0.0114193 0.016999 0.0176274 0.0100427 -0.00407556 -0.0186141 -0.0277524 
-0.0230251 -0.0248521 -0.0248215 -0.0230261 -0.0203481 -0.0184857 -0.0186544 -0.0202364 -0.0210529 -0.0196902 -0.0170856 -0.0150829 -0.0142197 -0.0137099 -0.0127151 -0.0108614 -0.00819664 -0.00533297 -0.00324566 -0.00239021 -0.00202998 -0.000524083 0.00363018 0.0103909 0.0170503 0.0190287 0.0133514 0.00182023 -0.0102339 -0.0186449 
-0.00823693 -0.0148415 -0.0215097 -0.0258541 -0.0271835 -0.0270034 -0.0272533 -0.028256 -0.0284589 -0.0265779 -0.0234267 -0.0207882 -0.0192184 -0.0179027 -0.0159644 -0.0131219 -0.00967625 -0.00648495 -0.00454072 -0.00405048 -0.00392137 -0.00226036 0.00236348 0.00953049 0.0164526 0.0193528 0.0163969 0.00951597 0.00250687 -0.00292793 
0.0120767 0.0017445 -0.011283 -0.0218087 -0.0271832 -0.0285234 -0.0284897 -0.0285967 -0.0283668 -0.0268738 -0.0245524 -0.0227035 -0.0216838 -0.0205836 -0.0184297 -0.0150623 -0.011177 -0.00795852 -0.00633441 -0.00611113 -0.00576176 -0.00324755 0.00245842 0.0101725 0.0169365 0.020139 0.0196554 0.0179464 0.0173096 0.0166418 
0.0321344 0.0197652 0.00201974 -0.0133119 -0.0216849 -0.0237277 -0.0226992 -0.0214194 -0.0208031 -0.0204288 -0.0201453 -0.0204332 -0.0212126 -0.0213522 -0.019743 -0.0163882 -0.0124115 -0.00929427 -0.00788899 -0.00766327 -0.00672066 -0.00292079 0.00428239 0.0127925 0.0192347 0.0219251 0.0225499 0.0247083 0.0299308 0.0345913 
0.0460644 0.0338462 0.0145031 -0.00262978 -0.0118495 -0.0133141 -0.0105282 -0.00745073 -0.00649843 -0.00785089 -0.0106518 -0.0142665 -0.0178762 -0.0199956 -0.0194587 -0.016543 -0.0127476 -0.00972315 -0.00828561 -0.00776756 -0.00607184 -0.000991268 0.00762691 0.0168802 0.0228243 0.0242105 0.024199 0.0278656 0.036837 0.0458167 
0.0512739 0.0411571 0.0235537 0.00793448 0.000186439 0.000569258 0.00572838 0.0108202 0.0119384 0.00827255 0.0015134 -0.00626507 -0.013205 -0.0174563 -0.0180366 -0.0156723 -0.0121643 -0.00918256 -0.00752511 -0.00656451 -0.00416641 0.00188324 0.0114336 0.0209921 0.0261208 0.0256884 0.0238297 0.0269175 0.0371244 0.0485114 
0.0497729 0.0426629 0.0285536 0.0161054 0.0109006 0.0136473 0.0213012 0.028265 0.0292739 0.0229726 0.0119719 -3.37708e-05 -0.0100177 -0.0158936 -0.01713 -0.0150286 -0.0116278 -0.00852386 -0.00649871 -0.0050684 -0.00219517 0.00427647 0.0139817 0.0231084 0.0270332 0.024776 0.0210239 0.0228389 0.0327965 0.0450352 
0.0471211 0.0425502 0.031358 0.0212519 0.0176719 0.0218724 0.0310641 0.0390762 0.0397184 0.0312574 0.016942 0.00173741 -0.010342 -0.0170723 -0.0184033 -0.01613 -0.0124361 -0.00882792 -0.00612025 -0.00411205 -0.00106903 0.00502015 0.0137716 0.02152 0.0240367 0.0207991 0.0166571 0.0184221 0.0284022 0.0410078 
0.0493119 0.0456304 0.0352096 0.0251736 0.0211014 0.02472 0.0334077 0.0409175 0.0409775 0.0316806 0.0161349 -0.000437524 -0.0135233 -0.0206821 -0.0220054 -0.0194479 -0.0151898 -0.0106808 -0.00687152 -0.00403707 -0.00104033 0.00383184 0.0104367 0.015944 0.0173556 0.015023 0.0134414 0.0179426 0.0295432 0.0427111 
0.0592437 0.0542673 0.0422789 0.0302796 0.0239293 0.0250771 0.0312204 0.0366792 0.0360161 0.0273644 0.0128143 -0.00337661 -0.0167837 -0.0245319 -0.0263118 -0.0238285 -0.0191427 -0.0137218 -0.00872929 -0.00497712 -0.00208319 0.00119549 0.005068 0.00809849 0.009284 0.0102018 0.0144409 0.0246752 0.0396311 0.0534736 
0.0770375 0.0689965 0.0536285 0.0382273 0.0284056 0.0259253 0.028487 0.031306 0.030114 0.02311 0.0108728 -0.00404245 -0.0176659 -0.0264581 -0.0292621 -0.0273025 -0.0225781 -0.0167175 -0.0110767 -0.00677778 -0.00400009 -0.0020107 -0.000387047 0.000848611 0.00289271 0.00869103 0.0207553 0.0386491 0.058284 0.0730624 
0.105178 0.0933154 0.0727835 0.0518151 0.0364434 0.028804 0.0271767 0.0275911 0.0264463 0.0215772 0.0119124 -0.00172795 -0.0158111 -0.0259603 -0.029973 -0.0286223 -0.0240971 -0.0183923 -0.0129617 -0.00882945 -0.00629938 -0.00499588 -0.00449136 -0.00385894 -0.000159888 0.0108926 0.0312931 0.0581527 0.0845537 0.102232 
0.151031 0.135126 0.106597 0.0759556 0.0509523 0.0350553 0.0276817 0.0255342 0.0248407 0.022252 0.0148859 0.00213576 -0.0126324 -0.0241046 -0.0290447 -0.0279533 -0.0235103 -0.0182583 -0.0136384 -0.0102537 -0.00819969 -0.00726908 -0.00710077 -0.0062602 -0.000623717 0.0155338 0.0448259 0.0831933 0.120879 0.146256 
0.21901 0.198476 0.158179 0.11284 0.0734921 0.0456615 0.0301908 0.0244169 0.0238532 0.0232713 0.0177675 0.00559015 -0.0098172 -0.0222399 -0.0275779 -0.0262449 -0.0215639 -0.0166465 -0.0128183 -0.0101873 -0.0086597 -0.00820679 -0.00849373 -0.00758996 -0.00019438 0.0212758 0.0610997 0.114987 0.169976 0.209039 
0.29743 0.271944 0.217958 0.155584 0.0999905 0.0588768 0.0343019 0.0240532 0.0227893 0.0233789 0.019116 0.00739764 -0.00823576 -0.0209725 -0.026184 -0.0243125 -0.0191959 -0.0142866 -0.0106875 -0.00816631 -0.0067574 -0.00685274 -0.0081393 -0.00792052 0.000678251 0.0274547 0.0786481 0.149935 0.224993 0.280593 
0.356704 0.328317 0.264391 0.189116 0.121081 0.0698507 0.0383667 0.0244852 0.022029 0.022643 0.018764 0.00747165 -0.00775634 -0.0200804 -0.0248199 -0.0224823 -0.0170474 -0.0118996 -0.0078349 -0.0045308 -0.00248105 -0.00273057 -0.00509915 -0.00612663 0.00259196 0.0327224 0.0919156 0.175742 0.265569 0.333877 
