0.307742 0.302908 0.273478 0.239593 0.212075 0.189714 0.167851 0.144685 0.120276 0.094977 0.0707455 0.0510639 0.0378313 0.0290785 0.0202527 0.00795429 -0.00704895 -0.0202765 -0.027058 -0.0258055 -0.0185259 -0.00887723 0.000243254 0.00739381 0.0111667 0.00941186 0.0018248 -0.00635648 -0.00485948 0.0163763 0.0623091 0.130366 0.208208 0.274305 
0.34759 0.334254 0.294228 0.251738 0.220769 0.199505 0.179399 0.155139 0.12662 0.0967243 0.0696557 0.0489184 0.0348983 0.0246349 0.0142228 0.00174693 -0.0112536 -0.0207805 -0.023234 -0.01805 -0.00819333 0.00187898 0.00915425 0.0130529 0.0135782 0.00983497 0.00237574 -0.00282694 0.00508686 0.0357877 0.092205 0.168945 0.251715 0.318315 
0.322239 0.301363 0.258995 0.21912 0.194657 0.181406 0.167354 0.144831 0.114477 0.0821294 0.0542849 0.0344919 0.0218267 0.012489 0.00300881 -0.00750375 -0.0170298 -0.0219908 -0.0196765 -0.0105361 0.00144289 0.0111893 0.0160658 0.0168193 0.0149488 0.0104214 0.00383987 0.000829279 0.0118403 0.0456607 0.103192 0.176467 0.250253 0.304532 
0.251201 0.224192 0.185874 0.156566 0.144728 0.143059 0.137694 0.120163 0.0918054 0.0602962 0.0337164 0.0160532 0.0059664 -0.000861336 -0.00800882 -0.0160561 -0.0226261 -0.0240882 -0.0181542 -0.00617627 0.00685661 0.0155684 0.0181591 0.0168526 0.0143371 0.0109146 0.00654813 0.00548218 0.0166601 0.0476874 0.0982917 0.159162 0.215015 0.24925 
0.175096 0.143838 0.111526 0.0936774 0.0933825 0.100943 0.102694 0.0908935 0.0671548 0.0391823 0.0152773 -1.63185e-05 -0.00751354 -0.0115704 -0.0162642 -0.0224479 -0.0274303 -0.0270695 -0.0190622 -0.0055075 0.00770126 0.015149 0.0161269 0.0142188 0.012804 0.0119773 0.0106502 0.0112739 0.0209479 0.0463631 0.0872221 0.134157 0.172164 0.187415 
0.124799 0.0920539 0.0646973 0.05407 0.0591067 0.069204 0.0726147 0.063681 0.0443419 0.0209984 0.000606895 -0.0123787 -0.0179436 -0.019967 -0.0228382 -0.0277969 -0.0319863 -0.0307859 -0.0217647 -0.00750706 0.0055348 0.0121695 0.012777 0.0119504 0.0131417 0.0156191 0.0169851 0.0182175 0.0253326 0.0450243 0.0778738 0.115094 0.141765 0.145397 
0.105511 0.0743323 0.0503577 0.0418887 0.0456253 0.0514084 0.0503009 0.0397098 0.0225954 0.00376434 -0.01234 -0.0225716 -0.0266227 -0.0275913 -0.0294652 -0.0334279 -0.0366538 -0.0346123 -0.0250497 -0.0107183 0.00202668 0.00862257 0.0104146 0.0124945 0.0176925 0.0237673 0.0267917 0.0269476 0.0304856 0.045203 0.0729574 0.105505 0.127775 0.12768 
0.103439 0.0757747 0.0540885 0.0446224 0.0434707 0.0416123 0.0328169 0.0177016 0.00090771 -0.0138312 -0.0248597 -0.0313536 -0.0336687 -0.0342107 -0.0358291 -0.0389468 -0.040813 -0.0376314 -0.0278064 -0.0140294 -0.00185646 0.00522873 0.00935739 0.01558 0.025595 0.0353372 0.0394001 0.0377312 0.0375698 0.0481309 0.0722969 0.102199 0.122992 0.123185 
0.102197 0.0784207 0.0583898 0.047105 0.0411891 0.0329054 0.0178408 -0.0011486 -0.0178936 -0.0290152 -0.0349175 -0.0371798 -0.0374786 -0.0378815 -0.0398173 -0.0424973 -0.0431556 -0.0390242 -0.0294513 -0.0169588 -0.00586885 0.00164477 0.0081949 0.0183023 0.0324553 0.04526 0.0505228 0.04824 0.0461237 0.0537203 0.0741164 0.100079 0.118232 0.118708 
0.093739 0.0738506 0.0555354 0.0433341 0.0352074 0.0247056 0.0080839 -0.0113327 -0.0269462 -0.0353127 -0.0375852 -0.0368157 -0.0358631 -0.0366538 -0.0393705 -0.0421476 -0.0422856 -0.0380352 -0.02962 -0.0192788 -0.00997807 -0.00266267 0.00534773 0.0176391 0.0337079 0.0478693 0.0543259 0.0533028 0.0517104 0.0576178 0.073476 0.0934382 0.107104 0.107071 
0.0785108 0.0635931 0.048133 0.0368849 0.0297859 0.0218433 0.00908038 -0.00656038 -0.0195723 -0.0264803 -0.027979 -0.0272142 -0.0273334 -0.0298275 -0.033905 -0.0372229 -0.0375831 -0.0342316 -0.027981 -0.0206096 -0.0138106 -0.00756596 0.000552111 0.012987 0.028429 0.0416627 0.0482114 0.048725 0.0484388 0.0528452 0.0635779 0.0770285 0.0866151 0.0873128 
0.0597094 0.0519096 0.0412634 0.0330357 0.0295449 0.0276101 0.0226447 0.0139447 0.00466611 -0.00203592 -0.00575814 -0.00857203 -0.0127725 -0.018802 -0.0250472 -0.0293227 -0.0304366 -0.0286354 -0.025032 -0.0208505 -0.0167898 -0.0122024 -0.00497376 0.0063268 0.0196756 0.0303921 0.035431 0.0359185 0.0353902 0.0369321 0.0419234 0.0496101 0.0572396 0.0614196 
0.039898 0.0407144 0.0364255 0.0325698 0.0337576 0.0388598 0.0428227 0.0420264 0.0367724 0.029506 0.0217824 0.0132176 0.0031453 -0.00748532 -0.0164484 -0.0220681 -0.0242454 -0.024011 -0.0225616 -0.0207057 -0.0186369 -0.0154668 -0.00930825 0.000633939 0.0118162 0.0198743 0.0227476 0.0217934 0.0191231 0.0161192 0.0146047 0.0169363 0.0238652 0.0330458 
0.0221425 0.0303357 0.0318517 0.0320408 0.0370962 0.0476365 0.0585088 0.0639229 0.0617971 0.0537321 0.0421262 0.0282935 0.0132688 -0.000940804 -0.0120088 -0.0188522 -0.0220071 -0.0227421 -0.0221536 -0.0209206 -0.0192587 -0.0164275 -0.0107787 -0.00183442 0.00772317 0.0139327 0.0153763 0.0132633 0.00835798 0.00075653 -0.00709277 -0.0100573 -0.00441176 0.00839791 
0.0106163 0.0215735 0.0254485 0.0272935 0.0338547 0.0465367 0.0602676 0.068396 0.0676848 0.0591052 0.0454173 0.0291289 0.0124364 -0.00238738 -0.0135698 -0.0205677 -0.0239058 -0.0245018 -0.0232369 -0.0209142 -0.0181037 -0.0144703 -0.00874142 -0.000643028 0.0074426 0.0123962 0.013483 0.0116069 0.00630345 -0.00343114 -0.0150071 -0.0217993 -0.0183197 -0.00525196 
0.00801862 0.0154738 0.0165127 0.016338 0.0214524 0.0329369 0.0456907 0.0533322 0.0527208 0.0445251 0.0313369 0.0160617 0.0012833 -0.0111128 -0.0201979 -0.0257599 -0.0278797 -0.0268807 -0.0234923 -0.0188365 -0.0139907 -0.009134 -0.00345644 0.0031858 0.00905166 0.0122543 0.012949 0.0120195 0.00843494 0.000552428 -0.00971875 -0.0164336 -0.0144581 -0.00426508 
0.0136212 0.0127307 0.00652791 0.00097529 0.00212647 0.0102586 0.020136 0.0260636 0.0255063 0.0189524 0.00842442 -0.00350401 -0.0145029 -0.0232308 -0.0292701 -0.0323318 -0.0319387 -0.0279791 -0.0212478 -0.0133697 -0.00609634 -0.000229539 0.00462219 0.00866841 0.0109911 0.0109705 0.00974708 0.00880106 0.0077181 0.00507008 0.00141774 -0.000212022 0.00261811 0.00876714 
0.0242888 0.0138981 -0.000999561 -0.0134738 -0.0176435 -0.0136321 -0.00664307 -0.00193643 -0.00176627 -0.00590916 -0.0129877 -0.0211197 -0.0285705 -0.0343433 -0.0378995 -0.0384602 -0.0351012 -0.0275862 -0.0169431 -0.00539074 0.00446457 0.0110443 0.0144213 0.0151216 0.0130678 0.00861468 0.0037581 0.00108569 0.00182067 0.00555007 0.011324 0.0180945 0.0242431 0.0272765 
0.0356323 0.0183825 -0.00316391 -0.0215049 -0.030629 -0.0303242 -0.0254476 -0.0212582 -0.0202534 -0.022472 -0.0268998 -0.0322792 -0.0375154 -0.0417313 -0.0438821 -0.042603 -0.0367788 -0.0262801 -0.012344 0.00234455 0.014355 0.0213299 0.0231528 0.0208249 0.0149878 0.00654744 -0.00200491 -0.00702982 -0.00553302 0.00330205 0.0173868 0.032119 0.0422383 0.0439335 
0.0423723 0.0229454 -0.00082006 -0.0215678 -0.0332282 -0.0349974 -0.0313032 -0.0276052 -0.0267357 -0.0286962 -0.0323525 -0.0367169 -0.0411408 -0.0447823 -0.0461991 -0.0437566 -0.0364606 -0.0243848 -0.00884371 0.00727911 0.0200634 0.0267131 0.0271793 0.0229906 0.015277 0.00504513 -0.0052608 -0.0116094 -0.0100126 0.00116074 0.0193563 0.0381988 0.050644 0.0523186 
0.0407574 0.0233927 0.00199098 -0.0167448 -0.0271478 -0.0283573 -0.0247155 -0.0218183 -0.0224523 -0.0261067 -0.0310568 -0.0361174 -0.0407479 -0.0441844 -0.0450372 -0.0419008 -0.0341132 -0.0219263 -0.00666704 0.00874571 0.0203437 0.0255207 0.0247459 0.020092 0.0128058 0.00344402 -0.00620841 -0.0124888 -0.0113334 -0.000835952 0.0166521 0.0349147 0.0471788 0.0493661 
0.031888 0.0185319 0.0020341 -0.0115206 -0.0173739 -0.015516 -0.010754 -0.00867265 -0.011565 -0.018075 -0.025614 -0.0324112 -0.0377173 -0.0409542 -0.0412591 -0.0378182 -0.0302905 -0.0189859 -0.00530255 0.00775358 0.0165049 0.0192187 0.0174029 0.0136141 0.00863746 0.00188447 -0.0059814 -0.0119049 -0.0120012 -0.00427387 0.00951313 0.0244012 0.0350053 0.0378556 
0.0208618 0.0111629 -0.000491315 -0.00824653 -0.00847352 -0.00258973 0.00385249 0.00544701 0.000597693 -0.00851969 -0.0185228 -0.026971 -0.0328038 -0.035728 -0.0356199 -0.0322881 -0.0255204 -0.0155624 -0.00401063 0.00591616 0.0110643 0.0110867 0.00882007 0.00702169 0.00532976 0.0014413 -0.00514249 -0.0115544 -0.0136768 -0.00932307 0.000310737 0.0116257 0.0206694 0.0243261 
0.0119342 0.00494089 -0.0030661 -0.00628081 -0.00212957 0.00669389 0.0142315 0.0155773 0.00982951 -0.000367979 -0.011298 -0.0202095 -0.025936 -0.0284943 -0.0283062 -0.0254782 -0.0196953 -0.0111479 -0.0017714 0.0049935 0.00672922 0.0046518 0.00273617 0.00341772 0.00475439 0.00276192 -0.00373872 -0.0114867 -0.0158172 -0.0144115 -0.00814338 0.000489699 0.00867478 0.0133381 
0.0055842 0.00127067 -0.00366024 -0.00381676 0.00247001 0.01193 0.0190457 0.0199315 0.0143751 0.00506433 -0.00458937 -0.0121967 -0.0169434 -0.0191383 -0.0192689 -0.0172067 -0.0123639 -0.00503491 0.00240569 0.00646138 0.0056285 0.0024616 0.00142702 0.0040969 0.00709318 0.00554784 -0.00162501 -0.0106226 -0.0166389 -0.0176714 -0.0144375 -0.00829886 -0.000881516 0.00484257 
0.000180477 -0.000861795 -0.0025014 -0.000394684 0.00630527 0.0144331 0.0196502 0.0195096 0.0145636 0.00738727 0.000706841 -0.00403466 -0.00689895 -0.00855909 -0.00915098 -0.00785696 -0.00374547 0.00261292 0.00843402 0.0104541 0.00815003 0.00488373 0.00480681 0.00833794 0.0113203 0.00914031 0.00143102 -0.00785504 -0.0146778 -0.0179206 -0.0181124 -0.0151872 -0.00928407 -0.00291134 
-0.00508957 -0.00322504 -0.001805 0.00218417 0.00880703 0.0151659 0.0181041 0.0165168 0.0117729 0.00658221 0.00317294 0.00192298 0.00157352 0.000898394 0.000182881 0.00103755 0.00468213 0.0102169 0.0146519 0.0152673 0.0124524 0.00977258 0.0104566 0.0138395 0.0157836 0.0127726 0.00530422 -0.00311518 -0.00988817 -0.0149844 -0.0186245 -0.0193072 -0.0157462 -0.00975413 
-0.00947868 -0.00678583 -0.00382224 0.00145247 0.00839813 0.0140202 0.0156187 0.0127963 0.00761726 0.00330831 0.0021351 0.00377694 0.00588637 0.00658994 0.00636095 0.00730845 0.0107405 0.0154885 0.0186516 0.0182802 0.0155146 0.013668 0.0148164 0.0175595 0.0184035 0.0151955 0.00897724 0.00233843 -0.00361831 -0.00962509 -0.0155287 -0.0189487 -0.0178907 -0.0136414 
-0.011662 -0.0108262 -0.00851419 -0.00296754 0.00464187 0.0108053 0.0124875 0.00927688 0.00360638 -0.000721978 -0.00109479 0.00197093 0.00558233 0.0074725 0.0080736 0.00951043 0.0128791 0.0168113 0.0187335 0.0175477 0.014957 0.0137945 0.0150685 0.0170668 0.0172869 0.0148165 0.0107857 0.00664401 0.00232719 -0.00316331 -0.0093507 -0.0137578 -0.0146139 -0.0130862 
-0.0108831 -0.0132926 -0.0130843 -0.00829094 -0.000353163 0.00670522 0.00929633 0.0066606 0.00120824 -0.00311152 -0.00359272 -0.000697471 0.00284441 0.00497347 0.00611222 0.00802588 0.0113052 0.0143734 0.0150668 0.0130826 0.0105205 0.00969721 0.0107778 0.012043 0.0120557 0.0109244 0.00962334 0.00848652 0.00657389 0.00286028 -0.00198256 -0.00584352 -0.00766129 -0.00876929 
-0.00807521 -0.0129465 -0.014596 -0.0108735 -0.00326748 0.00410083 0.00749643 0.00596548 0.00164755 -0.00197613 -0.00272026 -0.00108763 0.000875202 0.00196699 0.00287708 0.00490678 0.00796935 0.0102043 0.00978719 0.00704839 0.00433688 0.00351833 0.00416816 0.00470316 0.0046092 0.00479946 0.00609698 0.00792214 0.00859757 0.00702121 0.00395634 0.00117833 -0.000818402 -0.00351106 
-0.00628364 -0.0114844 -0.0132882 -0.00985429 -0.00271923 0.00435331 0.00807504 0.00768453 0.0050357 0.00275096 0.00200527 0.00202869 0.00162042 0.000790685 0.000773389 0.00252111 0.00528504 0.00688198 0.00569796 0.00246527 -0.000402355 -0.00142718 -0.00138103 -0.00162585 -0.00196926 -0.000934524 0.00218891 0.00614402 0.00864521 0.0084543 0.00640856 0.00418306 0.00211731 -0.0011226 
-0.0091079 -0.0126968 -0.0126443 -0.00804349 -0.000704815 0.00615254 0.010057 0.0107419 0.00988418 0.00920343 0.00878108 0.00749487 0.00488216 0.00208738 0.000938575 0.00221576 0.0047028 0.00598617 0.00457286 0.0013422 -0.0014671 -0.00277191 -0.00350097 -0.00469458 -0.00560488 -0.00442773 -0.000623285 0.00405036 0.00693586 0.00677918 0.00451114 0.00178219 -0.000967909 -0.00455693 
-0.0179307 -0.0190586 -0.0159587 -0.00901672 -0.000539155 0.00673733 0.0112011 0.0131442 0.0141195 0.0150801 0.0152647 0.0133337 0.00936248 0.00524987 0.00322745 0.00404472 0.0063174 0.00759833 0.00647239 0.00373702 0.00124258 -0.000351563 -0.0020221 -0.00443384 -0.00638433 -0.00591064 -0.00270397 0.00114417 0.00293084 0.00162878 -0.00175061 -0.00575127 -0.00987875 -0.0142056 
-0.0304243 -0.0292518 -0.0231581 -0.01371 -0.00367657 0.00458631 0.0101646 0.013752 0.0166925 0.019314 0.020368 0.0185191 0.014172 0.00952863 0.00697121 0.00734401 0.00939501 0.0108181 0.0102144 0.00813538 0.00597731 0.00404915 0.00139161 -0.00236521 -0.00575235 -0.00678362 -0.00533504 -0.0035772 -0.0039035 -0.00688058 -0.0114678 -0.0166666 -0.0221647 -0.0273474 
-0.0415795 -0.0387819 -0.0307515 -0.0197622 -0.00869224 0.000521276 0.0074551 0.0129179 0.0178732 0.0221366 0.0242781 0.0231024 0.0191133 0.0144463 0.0114815 0.0112997 0.013002 0.0144863 0.0142613 0.0125542 0.0104253 0.00806345 0.00461782 -0.000170617 -0.00489603 -0.00775408 -0.00871817 -0.00971141 -0.01246 -0.0168969 -0.0220346 -0.0275617 -0.0336008 -0.0391146 
-0.0463995 -0.042805 -0.0343939 -0.0235955 -0.0128701 -0.00353052 0.00434692 0.0113915 0.0180331 0.0237031 0.0270061 0.0268875 0.0237046 0.0192794 0.0159372 0.015103 0.0163264 0.0176807 0.0174877 0.0156631 0.0131466 0.0102977 0.00650114 0.00144983 -0.00385906 -0.00809091 -0.0113284 -0.0149727 -0.0197539 -0.0248542 -0.029466 -0.0341475 -0.0396096 -0.0446504 
-0.0426699 -0.0391362 -0.031916 -0.0231823 -0.0145292 -0.0064176 0.00136237 0.00908849 0.0166245 0.0231641 0.0274619 0.0285333 0.0264192 0.0225169 0.0190642 0.017801 0.0186616 0.0198305 0.0194367 0.0171841 0.014086 0.0108726 0.00726298 0.00285343 -0.00195623 -0.00654885 -0.0112449 -0.0168144 -0.0227864 -0.0275492 -0.0306127 -0.0335147 -0.0375842 -0.0416012 
-0.0323309 -0.0296425 -0.0247668 -0.0193982 -0.0141058 -0.00847064 -0.00203561 0.00515961 0.012567 0.0192805 0.0241927 0.026296 0.0253028 0.0222492 0.0192692 0.0182411 0.0192564 0.0205022 0.0199805 0.0173381 0.0137948 0.0105164 0.0075767 0.00449327 0.00106378 -0.00289206 -0.00804211 -0.0145787 -0.0208632 -0.0245717 -0.0255862 -0.0263575 -0.0287583 -0.03165 
-0.0204337 -0.0190094 -0.0167978 -0.0149465 -0.0131976 -0.0105486 -0.00639337 -0.000853632 0.00547392 0.0117299 0.0168142 0.019572 0.0194918 0.0174646 0.0155741 0.0156274 0.0175637 0.0193988 0.0190478 0.016246 0.0125296 0.00951581 0.00758938 0.00616247 0.00447251 0.00163358 -0.00331354 -0.0100851 -0.0161589 -0.0187409 -0.0180036 -0.0169817 -0.0179014 -0.0198277 
-0.0119719 -0.0115903 -0.0113515 -0.0119153 -0.0126684 -0.0125767 -0.0110545 -0.00796444 -0.00345794 0.00184154 0.00669621 0.00968379 0.0101965 0.00920433 0.00880129 0.0105588 0.0140168 0.0168651 0.0169321 0.0141383 0.0104338 0.00791214 0.00719045 0.00744895 0.00733814 0.00544441 0.000757738 -0.00600051 -0.0118388 -0.0138523 -0.0123406 -0.0103996 -0.0103006 -0.0114195 
-0.00847579 -0.00848058 -0.00894533 -0.0101785 -0.0117545 -0.0131788 -0.0140602 -0.0137231 -0.0114796 -0.00755043 -0.00334526 -0.000523552 0.000369684 0.000468772 0.00176485 0.00540218 0.0104227 0.0142189 0.0146198 0.0118104 0.00818521 0.00626708 0.00677023 0.00847882 0.00942089 0.00787147 0.0030841 -0.00375773 -0.00957882 -0.0117222 -0.0104783 -0.00851762 -0.00784879 -0.00821398 
-0.00704096 -0.00696347 -0.00721602 -0.00782237 -0.00888042 -0.0107609 -0.0133695 -0.0154427 -0.0154239 -0.0131444 -0.0100879 -0.00786272 -0.00668385 -0.0053052 -0.00218785 0.00308723 0.00907899 0.0131433 0.0133827 0.0103602 0.00682737 0.00551225 0.00700303 0.00960019 0.0108259 0.00892951 0.0036941 -0.00323687 -0.00899214 -0.0114211 -0.0107559 -0.0090007 -0.00778226 -0.00728071 
-0.00345572 -0.00337901 -0.00348207 -0.00337023 -0.00358515 -0.00529292 -0.00870703 -0.0122096 -0.0137803 -0.0131259 -0.011659 -0.0104849 -0.00914697 -0.00637176 -0.00146679 0.0049595 0.0110374 0.0144225 0.0138416 0.0103622 0.0069061 0.00603658 0.00795057 0.0105218 0.011107 0.0083072 0.00260161 -0.00401831 -0.0091249 -0.0112307 -0.0105223 -0.00832902 -0.00599018 -0.00427364 
0.00270047 0.00246317 0.00183065 0.00182812 0.00191338 0.000564303 -0.00265323 -0.00619505 -0.00825748 -0.00882285 -0.00909294 -0.00926042 -0.007956 -0.0039396 0.00245734 0.00951504 0.0150134 0.0171064 0.015349 0.011353 0.00798708 0.00728427 0.00885156 0.0103229 0.00935723 0.00530545 -0.000601761 -0.00626365 -0.00995887 -0.0109719 -0.00945033 -0.00608645 -0.00203433 0.00125228 
0.00648311 0.00604496 0.00462774 0.00382318 0.00357789 0.00267434 0.000665927 -0.00144629 -0.00279138 -0.0039591 -0.00576803 -0.00725565 -0.00613998 -0.0012829 0.00608136 0.0133606 0.0181184 0.0189965 0.016313 0.012116 0.00901916 0.00829715 0.008904 0.00845922 0.00532073 -0.000136194 -0.00598349 -0.0103016 -0.0123269 -0.0121933 -0.00999834 -0.00576762 -0.000353376 0.00432053 
0.00203609 0.00218018 0.000765167 -0.000566959 -0.00116765 -0.00131823 -0.00119144 -0.000687631 -0.000389547 -0.00161092 -0.00458406 -0.00715272 -0.00634099 -0.00118535 0.0064963 0.0136852 0.0179154 0.0181817 0.015308 0.0115612 0.00916401 0.00858059 0.0081597 0.00564284 0.000234785 -0.0066236 -0.0124273 -0.0156275 -0.0165295 -0.0161456 -0.0145632 -0.0110979 -0.00594149 -0.000871009 
-0.0116181 -0.0100023 -0.0101072 -0.0108764 -0.0111171 -0.00993236 -0.00705601 -0.00339584 -0.00107356 -0.0019984 -0.00573565 -0.00915485 -0.00888369 -0.00410359 0.00318361 0.0099693 0.0139257 0.0142626 0.0120276 0.00947891 0.00838672 0.00848407 0.007609 0.00361478 -0.00358371 -0.011662 -0.0176584 -0.0203945 -0.0211596 -0.0218209 -0.0225574 -0.0219709 -0.0191764 -0.015092 
-0.0298732 -0.026656 -0.0246946 -0.0237246 -0.0224368 -0.0192067 -0.0135167 -0.00704354 -0.00293709 -0.00338052 -0.00747677 -0.0116259 -0.0123124 -0.00864526 -0.00240219 0.00368469 0.00747924 0.00831341 0.00728379 0.00648415 0.00721919 0.00862705 0.00815979 0.00371257 -0.00436421 -0.0131585 -0.01938 -0.0221482 -0.0235826 -0.026321 -0.0306528 -0.0344227 -0.0354261 -0.0334024 
-0.0470153 -0.0430394 -0.039223 -0.0357522 -0.0317368 -0.0258662 -0.0178925 -0.00973761 -0.00460334 -0.00452545 -0.00857423 -0.0133368 -0.0153344 -0.0132868 -0.00841616 -0.00312642 0.000536781 0.00195877 0.00224229 0.00326234 0.00587599 0.00879069 0.00927596 0.00529983 -0.00256712 -0.0111436 -0.0170397 -0.0197323 -0.0220837 -0.0273318 -0.0356979 -0.0441651 -0.0492663 -0.0497875 
-0.0599995 -0.0564968 -0.0515897 -0.0454396 -0.03801 -0.0293276 -0.019944 -0.0114827 -0.00623344 -0.0057128 -0.00935444 -0.0144698 -0.0177539 -0.017328 -0.0136989 -0.00902868 -0.00545048 -0.00359836 -0.00235049 -4.30362e-05 0.00379125 0.00765055 0.00894378 0.00590313 -0.000780583 -0.00799606 -0.0126249 -0.0146757 -0.0176356 -0.0250519 -0.0368665 -0.049278 -0.0579364 -0.0611183 
-0.0676935 -0.0656908 -0.0606436 -0.0524356 -0.0419553 -0.0309296 -0.0209387 -0.013075 -0.00829495 -0.00744206 -0.0104634 -0.0155914 -0.0197922 -0.0206178 -0.0178971 -0.0136315 -0.010134 -0.00811861 -0.00647785 -0.00376157 0.000218875 0.004039 0.0056033 0.00361311 -0.00121878 -0.00622064 -0.00892757 -0.009919 -0.0129268 -0.0213875 -0.0349707 -0.0496129 -0.0607509 -0.0664812 
-0.0685148 -0.0686187 -0.0644977 -0.0556464 -0.0434896 -0.0310721 -0.0209339 -0.0138484 -0.00969572 -0.00873885 -0.0113087 -0.0163843 -0.0212256 -0.023032 -0.021126 -0.0173361 -0.0140771 -0.0121701 -0.0106293 -0.00822893 -0.00487024 -0.0016123 0.000125431 -0.000523366 -0.0030472 -0.0055277 -0.00634047 -0.0064049 -0.00908293 -0.0172249 -0.0303997 -0.0450398 -0.0571356 -0.0648405 
-0.0609456 -0.0631856 -0.0607947 -0.0527115 -0.0403265 -0.027388 -0.017269 -0.0108819 -0.00759964 -0.00724989 -0.0102164 -0.0158246 -0.021555 -0.0244957 -0.0236705 -0.0206838 -0.0179177 -0.0163316 -0.0151763 -0.0133715 -0.0106104 -0.00737672 -0.00454851 -0.00293761 -0.0025703 -0.00243711 -0.00170688 -0.00133709 -0.00382735 -0.011054 -0.0224836 -0.0354255 -0.0469063 -0.0554326 
-0.0458394 -0.0495644 -0.0488676 -0.0419331 -0.0297976 -0.0166247 -0.00662448 -0.00123313 0.000290156 -0.00140456 -0.00630711 -0.0136391 -0.020958 -0.0253986 -0.0258935 -0.0238801 -0.0216971 -0.0205123 -0.0198432 -0.0185404 -0.0157441 -0.0112692 -0.00578022 -0.000530327 0.0036011 0.00665893 0.00875369 0.0089937 0.00589845 -0.00115624 -0.0111575 -0.0220019 -0.0317736 -0.0397048 
-0.0262802 -0.0304683 -0.0306988 -0.0243092 -0.0120467 0.00141551 0.0109483 0.0144485 0.0127161 0.00713688 -0.00139791 -0.0115876 -0.0209186 -0.0267224 -0.0281542 -0.0267491 -0.0249201 -0.0240392 -0.0237697 -0.0226635 -0.0191244 -0.0123424 -0.00301508 0.00690075 0.0154955 0.021735 0.024935 0.0242406 0.0192671 0.010948 0.00131362 -0.00761776 -0.0148881 -0.0208641 
-0.00499363 -0.00882225 -0.00932104 -0.00308697 0.00921273 0.0223484 0.0303999 0.0307203 0.0242734 0.0134123 0.000288848 -0.0129216 -0.0235488 -0.0294247 -0.0304792 -0.0287878 -0.0268965 -0.0261155 -0.0259562 -0.0245925 -0.0198547 -0.0105227 0.0026178 0.0169862 0.0296471 0.0383786 0.0416811 0.0389142 0.031059 0.0208579 0.0115519 0.00513999 0.00146151 -0.00134058 
0.0169495 0.0137991 0.0129455 0.0182451 0.0290501 0.0399504 0.0447987 0.0407636 0.0290072 0.0127482 -0.00456317 -0.0196803 -0.0297434 -0.0334884 -0.0322987 -0.029254 -0.0269337 -0.0260787 -0.0256522 -0.0235343 -0.0174281 -0.00607767 0.00962671 0.0267167 0.0414817 0.0507822 0.0527231 0.047317 0.0370359 0.0261319 0.0185858 0.0160395 0.0170668 0.0182713 
0.039181 0.0366241 0.0346263 0.0372472 0.0441098 0.0503553 0.0504175 0.0417148 0.0254638 0.00521314 -0.0147339 -0.0301199 -0.0378074 -0.0375922 -0.0327118 -0.0275362 -0.0245662 -0.0235678 -0.0226632 -0.0195549 -0.0122534 0.000121802 0.0164444 0.0335807 0.0476452 0.0554888 0.055653 0.0489824 0.0387262 0.0294718 0.0251084 0.0269021 0.032693 0.0380016 
0.0613522 0.0592583 0.0550301 0.0530323 0.0537889 0.053764 0.0486029 0.0362332 0.0176194 -0.00416204 -0.0247764 -0.0392899 -0.0440965 -0.0396857 -0.0309169 -0.0234254 -0.0197185 -0.0186454 -0.0174762 -0.0137477 -0.00591727 0.00625687 0.0212068 0.0358435 0.0470059 0.0528027 0.0528943 0.0483189 0.0414416 0.0356299 0.0342448 0.0390137 0.0483639 0.0574519 
0.0834828 0.0821249 0.0747788 0.0665981 0.0598918 0.0530694 0.0432744 0.0289743 0.010542 -0.0101613 -0.0296339 -0.0427959 -0.0454573 -0.0381181 -0.0264708 -0.0170707 -0.0127014 -0.0118129 -0.0110785 -0.00772638 -0.000424216 0.0104259 0.0226416 0.0333432 0.0409327 0.045775 0.0487281 0.0497395 0.0484798 0.0460836 0.0458033 0.0512668 0.0629193 0.0759932 
0.105177 0.105394 0.0947757 0.0797506 0.0651168 0.0515787 0.037826 0.0228025 0.00611362 -0.0118962 -0.0289951 -0.0404716 -0.0417887 -0.0330446 -0.0199224 -0.00934957 -0.00457067 -0.00423465 -0.00476748 -0.00289701 0.0029433 0.0119342 0.0211977 0.0280512 0.0327758 0.0382648 0.0461757 0.0542834 0.0585853 0.0579351 0.0564296 0.0608765 0.074543 0.0926375 
0.123318 0.126106 0.113137 0.0921708 0.0705038 0.0510254 0.0338093 0.0181492 0.00294887 -0.0125872 -0.0271361 -0.0365408 -0.0365181 -0.0270388 -0.0134062 -0.00237565 0.00250987 0.00215252 7.72003e-05 3.90316e-05 0.00411645 0.0114021 0.018471 0.0227386 0.0260085 0.0331253 0.0459767 0.0599492 0.0676773 0.0664537 0.0620084 0.0647716 0.0807423 0.104703 
0.131664 0.137623 0.124206 0.0999718 0.0738801 0.05041 0.0306516 0.0140091 -0.00113166 -0.0158585 -0.0287571 -0.0359505 -0.0340116 -0.0235283 -0.00964166 0.00139022 0.00620712 0.0055053 0.00258602 0.00126785 0.00391413 0.00980837 0.0155604 0.018867 0.0222862 0.0312599 0.0471199 0.063432 0.0709791 0.0668083 0.0585955 0.0597281 0.0779874 0.107352 
0.125071 0.134253 0.122722 0.0989093 0.0720725 0.0474399 0.0267262 0.00924104 -0.00695107 -0.0224815 -0.0349437 -0.0402817 -0.0361102 -0.0241818 -0.00991741 0.000935706 0.00567445 0.00528423 0.00279235 0.00140677 0.00312466 0.00758949 0.0123907 0.0160899 0.0211638 0.0318381 0.0478052 0.0616721 0.0646176 0.055266 0.0432595 0.0433908 0.0635835 0.0967093 
0.105215 0.117123 0.109353 0.0893369 0.0652326 0.0421028 0.0219862 0.00421129 -0.0131395 -0.0299601 -0.0427276 -0.0470209 -0.0411931 -0.0280384 -0.0134457 -0.00283098 0.00190988 0.00236133 0.00126262 0.000690307 0.00171996 0.00448268 0.00837864 0.013366 0.0211129 0.0330336 0.0462622 0.0533339 0.0480229 0.0322667 0.0174845 0.017993 0.0399869 0.0749702 
0.0807977 0.0942999 0.0909603 0.0768004 0.0578267 0.0379123 0.0190549 0.0011074 -0.0171239 -0.03482 -0.0480062 -0.0522124 -0.04606 -0.0327151 -0.0182928 -0.0080302 -0.00322582 -0.00180599 -0.00137774 -0.00106611 -0.00075208 0.000292745 0.00347763 0.0101196 0.0205659 0.0327668 0.0412631 0.0394734 0.0251393 0.0041761 -0.0109495 -0.00810059 0.0157972 0.0508965 
0.0606956 0.0744487 0.0752078 0.0676171 0.0549646 0.0389157 0.0209451 0.00212216 -0.0170322 -0.0350001 -0.048301 -0.053073 -0.0479191 -0.0356438 -0.0221393 -0.0125249 -0.00787063 -0.00593236 -0.00462973 -0.00389449 -0.00418557 -0.00427183 -0.00133059 0.00669976 0.0187177 0.0297217 0.0326404 0.0227292 0.0019365 -0.0206333 -0.032867 -0.0260202 -0.000512333 0.0330601 
0.0489518 0.0623101 0.0666606 0.0654587 0.0591943 0.046784 0.028929 0.00846726 -0.0116896 -0.0294135 -0.0424364 -0.0480284 -0.0446715 -0.0343657 -0.0224999 -0.0141888 -0.0105975 -0.00941972 -0.00849524 -0.00785987 -0.00816739 -0.00817565 -0.00479433 0.0039757 0.0159082 0.0243307 0.0219238 0.00632226 -0.0170316 -0.0374102 -0.0444228 -0.0330708 -0.00664963 0.0243954 
0.0495085 0.0625707 0.0695425 0.0731789 0.0717661 0.0618843 0.0437258 0.0218984 0.0013057 -0.0158268 -0.028655 -0.0354745 -0.0344796 -0.0267972 -0.0173978 -0.0116153 -0.0108543 -0.0124857 -0.0135678 -0.0135059 -0.0129833 -0.0114649 -0.00678795 0.00231349 0.013044 0.018454 0.0120287 -0.006398 -0.0291629 -0.0452509 -0.0463401 -0.0303963 -0.0025823 0.0270261 
0.0733643 0.0856398 0.091977 0.0959378 0.095317 0.0856983 0.0671735 0.0452047 0.0251027 0.00831926 -0.00535187 -0.014451 -0.0166329 -0.0124346 -0.0067262 -0.00514513 -0.00917476 -0.0154931 -0.0198949 -0.0207879 -0.0188918 -0.0148585 -0.00816705 0.00133605 0.0107304 0.0138028 0.00541308 -0.0130052 -0.0328301 -0.0433817 -0.0376483 -0.0150882 0.0178793 0.0503459 
0.132685 0.142022 0.141416 0.137994 0.131893 0.119311 0.100028 0.0786297 0.0589922 0.0412787 0.0250529 0.012403 0.00619742 0.00593855 0.00664285 0.0027314 -0.00689521 -0.0181258 -0.0257361 -0.0274084 -0.0240195 -0.0174141 -0.00871681 0.00113236 0.00934249 0.0109418 0.00243841 -0.0135046 -0.0279352 -0.0305339 -0.0147213 0.0195703 0.0644834 0.106181 
0.221865 0.2252 0.211131 0.193052 0.176148 0.158149 0.137379 0.115738 0.0948521 0.0741729 0.0540155 0.0373674 0.0270557 0.0220319 0.017335 0.00816953 -0.00569975 -0.0197005 -0.0284529 -0.0296549 -0.0245876 -0.0160642 -0.00637664 0.00290526 0.00942797 0.00962657 0.00172515 -0.01033 -0.0171005 -0.00842414 0.0218757 0.0731371 0.135427 0.190643 
