0.417549 0.375896 0.27061 0.151537 0.0575555 0.00120519 -0.0223739 -0.0252159 -0.02044 -0.015927 -0.0122373 -0.00791195 -0.00444161 -0.00452901 -0.0076721 -0.00992349 -0.00822859 -0.00385112 -0.00103921 -0.0031714 -0.0106458 -0.0211252 -0.0304561 -0.0334821 -0.024049 0.00558324 0.0639043 0.155482 0.270307 0.373776 
0.356988 0.329549 0.243383 0.139493 0.053689 -0.000724909 -0.0263813 -0.0322345 -0.0287689 -0.0230519 -0.0163595 -0.00860025 -0.00281818 -0.00262489 -0.00698619 -0.0104278 -0.00848621 -0.00180961 0.00490669 0.006958 0.00271667 -0.00556064 -0.0128513 -0.0138709 -0.004551 0.0193365 0.0637946 0.134085 0.225611 0.31337 
0.266494 0.258423 0.200042 0.119676 0.0479836 -0.000648628 -0.0258966 -0.033464 -0.0311377 -0.0250723 -0.0172133 -0.00840925 -0.00223698 -0.0023855 -0.00747363 -0.011398 -0.00893933 -0.000108703 0.0103339 0.0166189 0.0157879 0.00948087 0.00273961 0.000512087 0.00544534 0.0194947 0.0465307 0.0916794 0.155249 0.223309 
0.177213 0.18619 0.15454 0.0983712 0.0425469 0.00193589 -0.0208133 -0.0289743 -0.0281416 -0.0234879 -0.0171678 -0.0100916 -0.00518913 -0.00558583 -0.010112 -0.0132739 -0.0099484 0.000485327 0.0137464 0.0235558 0.0257843 0.0210746 0.0138346 0.0085253 0.00734663 0.0115162 0.0234919 0.0474209 0.0865127 0.135982 
0.112685 0.132005 0.119725 0.0824627 0.0397195 0.00623744 -0.0137993 -0.0222151 -0.0232762 -0.0213912 -0.0184501 -0.0145792 -0.0112979 -0.0110468 -0.0135443 -0.0148602 -0.0105612 0.000614266 0.0153618 0.0275179 0.0320887 0.0286184 0.0208056 0.0129831 0.00759364 0.00575619 0.00879007 0.0192832 0.0412271 0.0756818 
0.0807626 0.104142 0.102854 0.0769307 0.0414701 0.0110921 -0.00845459 -0.0178134 -0.0206885 -0.0213894 -0.0216443 -0.0205548 -0.0180995 -0.0162071 -0.0158038 -0.014758 -0.00946039 0.00193013 0.01723 0.0307653 0.0369908 0.0345216 0.026734 0.0184415 0.0125131 0.00956692 0.0095379 0.0135094 0.0253084 0.0490732 
0.0724034 0.0961587 0.100297 0.0804104 0.0477255 0.0165332 -0.00552217 -0.0173445 -0.0220431 -0.0242859 -0.0261961 -0.026368 -0.0236592 -0.0196403 -0.016259 -0.0128488 -0.00646764 0.0051563 0.0207638 0.0352351 0.0427394 0.0412439 0.0341722 0.0271901 0.0234794 0.0225105 0.0225162 0.0235593 0.0294603 0.0459001 
0.0705418 0.09297 0.100528 0.0858927 0.0560999 0.0237532 -0.00210043 -0.0179192 -0.0252288 -0.0286011 -0.0309071 -0.0310953 -0.027579 -0.0216 -0.0156982 -0.0102689 -0.00293058 0.0088444 0.0244887 0.0394337 0.0478247 0.0472502 0.0412519 0.0362642 0.0356218 0.0374344 0.0381642 0.0371851 0.0386394 0.0491727 
0.0630144 0.0829749 0.0935683 0.0860601 0.0628412 0.0327581 0.00468806 -0.0153503 -0.0261943 -0.0312572 -0.0339214 -0.0340054 -0.0299865 -0.022744 -0.0150712 -0.00826148 -0.000611073 0.010465 0.0250205 0.0392051 0.0474919 0.0473454 0.0423019 0.0392029 0.0414096 0.0458892 0.0475041 0.0448782 0.0423506 0.0472456 
0.0487751 0.064697 0.0771776 0.0778474 0.0647941 0.0415573 0.0148918 -0.00763212 -0.0219131 -0.0294061 -0.0333284 -0.0341622 -0.0305522 -0.0230386 -0.0145369 -0.00720637 -0.000225655 0.00879734 0.0205222 0.0321118 0.0388045 0.038206 0.0337085 0.0322028 0.037015 0.0443418 0.0477291 0.0447933 0.0394811 0.0392332 
0.0342089 0.0441214 0.0560152 0.0635533 0.0617137 0.0484444 0.0269202 0.00476066 -0.0117456 -0.02193 -0.0280995 -0.0307526 -0.0285689 -0.0218538 -0.0135657 -0.0065535 -0.000938054 0.00519991 0.0129609 0.020672 0.0246891 0.0229957 0.0187415 0.0186299 0.0259993 0.0366792 0.0432025 0.0419496 0.0357679 0.0313853 
0.0248678 0.0276946 0.0366687 0.0483491 0.0561178 0.0533814 0.0393166 0.0200927 0.00290237 -0.00970398 -0.0185662 -0.023674 -0.0236917 -0.0187696 -0.0116608 -0.00548599 -0.00118365 0.00243145 0.00654627 0.0104931 0.0118573 0.00917384 0.00527753 0.00644254 0.0160365 0.0299151 0.0399913 0.0414856 0.0358548 0.0285088 
0.020079 0.0169436 0.0223516 0.0356305 0.0500534 0.0564618 0.0505736 0.0359358 0.0192981 0.00476224 -0.00667422 -0.0142739 -0.0168187 -0.0143373 -0.00901629 -0.00376816 -0.000161594 0.00208046 0.00386882 0.00521263 0.0048473 0.00197466 -0.000990315 0.00131582 0.0119695 0.0271759 0.0389777 0.0421837 0.0373228 0.0283829 
0.014815 0.00855504 0.0113663 0.0247239 0.0430587 0.0566942 0.058781 0.0495068 0.0341101 0.0179887 0.00428518 -0.00540836 -0.0101771 -0.0100649 -0.00655342 -0.00207225 0.00137397 0.00319214 0.00388883 0.00391761 0.00301885 0.00105777 -0.000194385 0.00301064 0.012832 0.0260915 0.0360895 0.0385054 0.0338277 0.0248239 
0.00629674 -0.000397885 0.00119888 0.0140068 0.0342852 0.0531975 0.0622259 0.0581512 0.0441965 0.0267974 0.0113189 0.000289313 -0.00578922 -0.00724284 -0.00508652 -0.00127646 0.00199287 0.0035817 0.00376219 0.00336402 0.00292275 0.00273792 0.00364597 0.00732095 0.0146376 0.0232971 0.0287638 0.0284999 0.0234915 0.0155363 
-0.00247957 -0.00828129 -0.00703419 0.00473639 0.024924 0.046199 0.0595881 0.0594512 0.0471211 0.0294905 0.0135124 0.00239158 -0.00378739 -0.00577126 -0.00443031 -0.00137765 0.00128507 0.0023312 0.00207345 0.00165965 0.00208301 0.00369221 0.00631572 0.00986349 0.0142669 0.0182569 0.019453 0.0168673 0.0117294 0.00511157 
-0.0061288 -0.0108879 -0.00993535 -0.000345719 0.0167454 0.036034 0.049776 0.051668 0.0416082 0.0259047 0.0116886 0.00215054 -0.00296699 -0.00464383 -0.00367667 -0.0014148 0.000322153 0.000541389 -0.000248998 -0.000734493 0.000137096 0.00247351 0.00547477 0.00832996 0.0108303 0.0125793 0.0124464 0.0098695 0.00556158 0.000109389 
-0.00231653 -0.00643897 -0.00657466 -0.00109645 0.00954948 0.022679 0.0331703 0.0355265 0.0286033 0.0171022 0.00690496 0.000477342 -0.00266224 -0.00338551 -0.00230126 -0.000545077 0.000349112 -0.000306626 -0.00179639 -0.00279208 -0.00246289 -0.000987096 0.00086343 0.00271599 0.00489788 0.00745353 0.00938252 0.0094508 0.00722748 0.00298095 
0.0067962 0.00255877 -7.88691e-05 -0.000543314 0.00186494 0.0073069 0.0133417 0.0155784 0.0121102 0.00574256 0.000490463 -0.00220586 -0.00292769 -0.00224301 -0.000553733 0.00110959 0.00139963 -0.000117612 -0.0025453 -0.00458809 -0.00569538 -0.00621442 -0.0063983 -0.0055219 -0.00245657 0.00286921 0.00886173 0.013126 0.013948 0.0112998 
0.0170498 0.0117598 0.00539212 -0.00148245 -0.00636182 -0.00680891 -0.00386059 -0.00145112 -0.00191982 -0.00385313 -0.0048896 -0.00447306 -0.00313685 -0.0011487 0.00115225 0.00272131 0.00236642 -0.000114175 -0.00368328 -0.00706375 -0.00987692 -0.0124957 -0.0145727 -0.0142925 -0.00979884 -0.00117614 0.00917112 0.017732 0.0217785 0.0209564 
0.0250598 0.0181991 0.00806636 -0.00384638 -0.0131297 -0.0161421 -0.0139306 -0.0106143 -0.00866717 -0.00750694 -0.00598304 -0.00402609 -0.00186302 0.000518228 0.00270373 0.00360619 0.00225736 -0.00131327 -0.00603131 -0.0106627 -0.0148326 -0.0187927 -0.0217878 -0.0213633 -0.0152403 -0.00371218 0.0100636 0.0217584 0.0281547 0.0287379 
0.0290442 0.0210727 0.00858755 -0.00587753 -0.0166291 -0.0197154 -0.0166423 -0.0117128 -0.00749648 -0.00423944 -0.00176563 -1.75416e-05 0.00144105 0.00298524 0.00412759 0.00378849 0.00125239 -0.00329981 -0.00891372 -0.0144623 -0.0194177 -0.0237352 -0.0264422 -0.0249939 -0.0171621 -0.00360454 0.011879 0.0245982 0.0315961 0.0326724 
0.0282877 0.0204952 0.00771551 -0.00695873 -0.0174109 -0.0197626 -0.015535 -0.00876158 -0.00226541 0.00257538 0.00507567 0.00563126 0.00554447 0.00562703 0.0054187 0.00390751 0.000542524 -0.00450657 -0.010533 -0.0165637 -0.021841 -0.0258934 -0.0275957 -0.0246934 -0.0154923 -0.00127895 0.0136577 0.0248977 0.0306182 0.0314721 
0.0229142 0.0166798 0.00516945 -0.00837835 -0.0178995 -0.0196223 -0.0146472 -0.00644806 0.00186701 0.0078769 0.0102984 0.00990206 0.00864476 0.00766512 0.00662127 0.00463047 0.00120589 -0.00362164 -0.00943235 -0.0154345 -0.0207135 -0.0244199 -0.0252947 -0.0214954 -0.0121023 0.000866439 0.0129545 0.0207006 0.0240648 0.0247494 
0.0141208 0.0101521 0.000431247 -0.0116697 -0.0201008 -0.0211985 -0.0157998 -0.00698438 0.00212575 0.00878014 0.0115297 0.0112307 0.00993642 0.00884736 0.00778044 0.00606135 0.00326578 -0.000721909 -0.00573617 -0.0112023 -0.0162461 -0.0198781 -0.0207936 -0.0174965 -0.00970606 0.000120162 0.00786157 0.0114436 0.0126212 0.0138063 
0.00388432 0.00189626 -0.00628001 -0.0170173 -0.0241767 -0.0243361 -0.0185652 -0.00989416 -0.00103939 0.00578855 0.00933301 0.0101269 0.0097728 0.00931546 0.0087511 0.00767425 0.00578102 0.00288094 -0.00105333 -0.00569273 -0.0103857 -0.0142669 -0.0161359 -0.0147347 -0.0100343 -0.00434321 -0.000961887 -0.000679061 -0.000675064 0.00149658 
-0.00585126 -0.00686627 -0.0139057 -0.0232112 -0.0288223 -0.0277987 -0.0217065 -0.0136302 -0.00558409 0.00120222 0.00575474 0.00801254 0.00889344 0.00925388 0.00928991 0.00885003 0.00775673 0.00580056 0.00282452 -0.00106045 -0.00546017 -0.00973871 -0.0129098 -0.013906 -0.0126088 -0.0106628 -0.0103416 -0.0117105 -0.0119528 -0.00915803 
-0.0137156 -0.0148242 -0.0209192 -0.0284758 -0.0322851 -0.0301415 -0.0239737 -0.0166785 -0.0094874 -0.00276596 0.00264869 0.00608989 0.00790622 0.00887374 0.00937775 0.00941962 0.00887079 0.00750547 0.00509729 0.00163683 -0.00261483 -0.0071616 -0.0112366 -0.0139966 -0.0151633 -0.0156011 -0.0167041 -0.0184368 -0.0187403 -0.0163828 
-0.0189011 -0.0206527 -0.0257566 -0.031222 -0.0330746 -0.0300418 -0.0241554 -0.0177718 -0.0113776 -0.0048395 0.0009573 0.00493567 0.00716323 0.00843955 0.00925398 0.0096172 0.00935835 0.00823248 0.00601259 0.00269248 -0.00143889 -0.00588324 -0.0100412 -0.0133566 -0.015558 -0.0169913 -0.0184914 -0.020207 -0.020944 -0.0199447 
-0.0210812 -0.0233594 -0.0273115 -0.0305302 -0.0304116 -0.0267016 -0.021416 -0.0161855 -0.0108053 -0.00487848 0.000633531 0.00449828 0.00671871 0.00810185 0.00910085 0.00962611 0.00943862 0.00832047 0.00613113 0.00295492 -0.00084088 -0.00474102 -0.00829883 -0.0112587 -0.0135221 -0.0152393 -0.0169082 -0.018753 -0.0201304 -0.0205575 
-0.020633 -0.0228483 -0.0254023 -0.0264132 -0.0245103 -0.0203633 -0.0159519 -0.0122138 -0.00831926 -0.00360763 0.00103703 0.00440313 0.00643565 0.00781514 0.00885141 0.00934369 0.00903478 0.00781261 0.0057061 0.00291486 -0.000204778 -0.00326107 -0.00600578 -0.00842314 -0.0105875 -0.0125681 -0.0145375 -0.0165473 -0.0182185 -0.0193494 
-0.0187132 -0.020163 -0.0209945 -0.0199324 -0.016655 -0.0124575 -0.00915225 -0.00709341 -0.00497453 -0.00184026 0.00166733 0.00442963 0.00622897 0.00748863 0.00836086 0.00860603 0.00801893 0.00664203 0.00470801 0.00250795 0.000264982 -0.00190155 -0.0039836 -0.00612278 -0.00846215 -0.0109111 -0.0132157 -0.0151326 -0.0165097 -0.0175312 
-0.0166801 -0.0169597 -0.0159079 -0.0130663 -0.00899887 -0.0051993 -0.00303758 -0.00238301 -0.00173097 6.65337e-06 0.00244175 0.0045981 0.00609591 0.00709585 0.00763477 0.00749608 0.00655647 0.00500397 0.00324316 0.00161094 0.000154311 -0.00128985 -0.00292382 -0.00499915 -0.00766158 -0.0105731 -0.0130187 -0.0145445 -0.0153411 -0.0159708 
-0.0152584 -0.0144199 -0.0118089 -0.00785987 -0.00372702 -0.000664171 0.000623308 0.000606051 0.000624421 0.00157576 0.00320364 0.00476014 0.00587467 0.00656199 0.00676821 0.0062821 0.00503929 0.0033329 0.00167266 0.000399361 -0.000563593 -0.00153503 -0.00283249 -0.00480235 -0.00760282 -0.0106758 -0.0129791 -0.0140544 -0.0144706 -0.0149434 
-0.014379 -0.0126828 -0.00926072 -0.00522262 -0.0018146 0.000294252 0.00108388 0.00114963 0.0013679 0.00218144 0.00333961 0.00439328 0.00517012 0.00566965 0.00574076 0.00511236 0.00373265 0.00195508 0.000332345 -0.0008074 -0.00157164 -0.002287 -0.00329398 -0.00501337 -0.00763574 -0.0105037 -0.0125054 -0.0133556 -0.0138206 -0.0143976 
-0.0138532 -0.011492 -0.00798277 -0.00473851 -0.00263858 -0.00162215 -0.00115086 -0.000671466 0.000138411 0.00121725 0.002256 0.00306557 0.00371229 0.0042478 0.00444088 0.00393507 0.00265342 0.00095516 -0.000617009 -0.00174232 -0.00248904 -0.00312447 -0.00397532 -0.00547743 -0.00780185 -0.010298 -0.0120306 -0.0129566 -0.0137456 -0.0143816 
-0.01389 -0.0110784 -0.00786693 -0.00567197 -0.00489664 -0.00488817 -0.00471796 -0.00389282 -0.00251585 -0.00102919 0.000175044 0.00102963 0.00174562 0.00244768 0.00290027 0.00271099 0.0017628 0.000353945 -0.00104327 -0.00212622 -0.0029201 -0.00366461 -0.00468407 -0.00632256 -0.00857811 -0.0108011 -0.0123574 -0.013456 -0.0145229 -0.0150208 
-0.014682 -0.0119008 -0.00916888 -0.00770571 -0.00764941 -0.00813455 -0.0080664 -0.00697076 -0.00517421 -0.00332823 -0.00189516 -0.000926347 -0.000151544 0.000645268 0.00131371 0.00150089 0.00105848 0.000174681 -0.0008156 -0.00168931 -0.00249484 -0.00351411 -0.00507805 -0.00732463 -0.00990343 -0.012064 -0.0134644 -0.0145852 -0.0157214 -0.0160702 
-0.0156883 -0.0135864 -0.0116076 -0.0105483 -0.010438 -0.0105981 -0.0101122 -0.00861663 -0.00653741 -0.00456864 -0.003151 -0.00230159 -0.00169544 -0.00101275 -0.000280447 0.000231933 0.000371602 0.000211659 -0.000105245 -0.000534931 -0.0012381 -0.00255814 -0.00478409 -0.0077858 -0.0108236 -0.0130046 -0.0142186 -0.0152172 -0.0163321 -0.0167509 
-0.0159211 -0.0148049 -0.0138981 -0.0133165 -0.0127954 -0.0119961 -0.0105719 -0.00854023 -0.00640272 -0.00470926 -0.00371126 -0.00331026 -0.00312143 -0.00275155 -0.00212048 -0.00139728 -0.000701788 -4.82589e-05 0.000489195 0.000693244 0.000234397 -0.00123533 -0.00385414 -0.00723088 -0.0104021 -0.0124838 -0.013578 -0.0145896 -0.0158198 -0.016454 
-0.0151118 -0.0144801 -0.014573 -0.0147266 -0.0139762 -0.0121413 -0.00967296 -0.00724145 -0.00541692 -0.00440904 -0.00412359 -0.00431981 -0.00462438 -0.00465748 -0.00426299 -0.00348555 -0.00237507 -0.000999618 0.000376241 0.00127644 0.00120216 -0.000152115 -0.00271622 -0.00591227 -0.00880608 -0.0107594 -0.0120693 -0.0135283 -0.0150766 -0.0156901 
-0.0140206 -0.0126344 -0.0129901 -0.0138374 -0.0132268 -0.0107821 -0.00767266 -0.00526216 -0.00412196 -0.00401041 -0.0044573 -0.00514018 -0.00581189 -0.00620904 -0.00613028 -0.00547714 -0.00421921 -0.00245564 -0.000544349 0.000921189 0.00134148 0.000388609 -0.00181082 -0.00466431 -0.00741273 -0.00969421 -0.0118232 -0.0141479 -0.0159439 -0.0158391 
-0.0134267 -0.00994893 -0.00949784 -0.0105949 -0.0103539 -0.00794831 -0.00492648 -0.00305199 -0.00274989 -0.00339957 -0.0043267 -0.00523266 -0.00604012 -0.00664853 -0.00685762 -0.00646307 -0.00539279 -0.00376925 -0.00190194 -0.000258082 0.000602738 0.000193125 -0.00163703 -0.00453656 -0.00790285 -0.0113691 -0.0148806 -0.0180693 -0.0195388 -0.0177335 
-0.0133132 -0.00708147 -0.00510691 -0.00595537 -0.00613726 -0.00438631 -0.00222516 -0.00130172 -0.00170748 -0.00268528 -0.00369049 -0.00454959 -0.00526876 -0.00586067 -0.00619376 -0.00606348 -0.00542132 -0.00440866 -0.00318874 -0.00191888 -0.000962425 -0.000997691 -0.00267822 -0.00610596 -0.0108014 -0.0160847 -0.0211499 -0.0247586 -0.0250775 -0.0207642 
-0.0130778 -0.00461227 -0.00125569 -0.00165886 -0.00215594 -0.00132111 -0.000442038 -0.000627532 -0.00149932 -0.00240185 -0.00319808 -0.00387441 -0.00436625 -0.00470412 -0.00490347 -0.00488754 -0.00466418 -0.00435995 -0.00399983 -0.00346545 -0.00285798 -0.0028652 -0.00450933 -0.00838901 -0.0142879 -0.0212512 -0.0276116 -0.0312082 -0.0299945 -0.0231971 
-0.0122984 -0.00333898 0.000480028 0.000532696 0.000198958 0.000561702 0.000419678 -0.000722937 -0.00199509 -0.00286771 -0.00357707 -0.00417664 -0.00442915 -0.00434639 -0.00416888 -0.00403813 -0.00397643 -0.00399548 -0.0040542 -0.00401157 -0.00381772 -0.00389734 -0.00520521 -0.00869359 -0.0147069 -0.0224546 -0.0296512 -0.0332684 -0.031144 -0.0232082 
-0.01144 -0.00409553 -0.000670658 0.00017633 0.000952451 0.00184296 0.00142902 -0.000361683 -0.00224369 -0.00362651 -0.00477914 -0.0056331 -0.00579041 -0.00530085 -0.00467026 -0.00425936 -0.00399456 -0.00362708 -0.00311511 -0.00263264 -0.00226997 -0.00207574 -0.00249907 -0.00455467 -0.00934486 -0.016792 -0.0244759 -0.0286941 -0.0271835 -0.0204618 
-0.0115026 -0.00654415 -0.00326854 -0.000831129 0.00185852 0.00392409 0.00373448 0.00148167 -0.00129457 -0.00379238 -0.0059819 -0.00751619 -0.00789933 -0.00727473 -0.00635733 -0.005622 -0.00478932 -0.00327588 -0.00110002 0.000999414 0.00245649 0.00341513 0.00407271 0.00369202 0.000579479 -0.00614398 -0.0143822 -0.0200279 -0.0206471 -0.0170051 
-0.012253 -0.00801431 -0.00344079 0.00113397 0.00535746 0.00791991 0.00754657 0.00471463 0.000945771 -0.00290171 -0.00648101 -0.00911257 -0.0101724 -0.00983846 -0.00890031 -0.00780983 -0.00606654 -0.00286208 0.00162889 0.00606565 0.00924131 0.0111157 0.0122775 0.0124969 0.0100379 0.0033878 -0.00581884 -0.0132952 -0.0162902 -0.015388 
-0.0113652 -0.00467408 0.0028056 0.00902443 0.0128194 0.0137566 0.0119164 0.00821296 0.00371206 -0.00120823 -0.00620343 -0.0102568 -0.0124218 -0.0127388 -0.0119569 -0.0104328 -0.00752932 -0.0024563 0.00432775 0.0110155 0.0158359 0.0182574 0.0188511 0.0179641 0.0144622 0.00687942 -0.00343568 -0.0121863 -0.0162018 -0.0155409 
-0.00661604 0.00499811 0.0160981 0.0225611 0.0232054 0.0198699 0.0150787 0.0103837 0.00585685 0.000665415 -0.00532233 -0.0108072 -0.0143086 -0.015532 -0.015087 -0.0131828 -0.00910992 -0.00229693 0.00639259 0.0147984 0.0207496 0.0231914 0.0225284 0.0196991 0.0144716 0.00581337 -0.00510027 -0.014121 -0.0176135 -0.0148171 
0.00127521 0.0180677 0.0323719 0.037702 0.0332026 0.0237758 0.0151281 0.0096706 0.00615175 0.00198398 -0.00391784 -0.0102568 -0.0150466 -0.0174896 -0.0178289 -0.0159437 -0.0109876 -0.00266007 0.00769021 0.0175185 0.02432 0.0267153 0.0251727 0.0212548 0.0153954 0.00667753 -0.00413567 -0.0131659 -0.0161918 -0.0112507 
0.00904103 0.0289436 0.045157 0.0487883 0.0390187 0.0235167 0.0111275 0.00533599 0.00378418 0.00208635 -0.00219212 -0.00830826 -0.014084 -0.0180994 -0.0198711 -0.0186443 -0.0132778 -0.00366478 0.00836929 0.0198045 0.0277445 0.0306655 0.0294111 0.0261979 0.0216649 0.0143262 0.00404604 -0.00569728 -0.00997269 -0.00528449 
0.0139049 0.0332382 0.0494644 0.0517872 0.0387016 0.0192295 0.00432646 -0.00140291 -0.000669953 0.00088805 -0.000627333 -0.00552872 -0.0118161 -0.0174403 -0.020977 -0.0208795 -0.0156155 -0.00511478 0.00848466 0.0217167 0.0312325 0.0353794 0.035462 0.0343424 0.0326616 0.0279838 0.0188346 0.00792852 0.00062616 0.00186556 
0.0156897 0.0304695 0.0447245 0.0467948 0.0337585 0.0139648 -0.00137194 -0.00691054 -0.00474488 -0.000651072 0.000444608 -0.00294655 -0.00924714 -0.0159539 -0.0208845 -0.021937 -0.0172876 -0.0067024 0.00770833 0.0222586 0.0332156 0.0387569 0.0405056 0.0418738 0.043663 0.0427282 0.0361136 0.0250717 0.0144244 0.00989525 
0.0168189 0.02453 0.0355652 0.0386779 0.0292275 0.0130264 -0.000600408 -0.0064018 -0.00496918 -0.000709678 0.00140842 -0.00103074 -0.00703652 -0.0140083 -0.019523 -0.021473 -0.0180067 -0.00853626 0.0052691 0.0198363 0.0312625 0.0376241 0.040665 0.0441114 0.0491704 0.05268 0.0505427 0.0418841 0.0296268 0.0192102 
0.0214742 0.0219948 0.0295784 0.0346127 0.0310233 0.0209945 0.0102804 0.00313881 0.0010202 0.00226999 0.00305261 0.000473625 -0.00523514 -0.0118681 -0.0173456 -0.0200553 -0.0183513 -0.0111802 0.000521909 0.0135645 0.0241122 0.0302846 0.0337939 0.0384024 0.0458987 0.0539177 0.05799 0.0549433 0.0446403 0.0309606 
0.0338594 0.0284274 0.0324908 0.0390563 0.0413485 0.0378249 0.0299747 0.0204057 0.0125353 0.00812414 0.00543713 0.00166327 -0.00388672 -0.00995462 -0.0152326 -0.0187603 -0.0191341 -0.0148418 -0.00603604 0.00458423 0.0133606 0.0184597 0.0214267 0.0260121 0.0349234 0.0472999 0.0589869 0.0646444 0.0604263 0.047535 
0.0545955 0.0441082 0.0438738 0.050072 0.0561899 0.0577548 0.0522392 0.0401318 0.0260274 0.0148671 0.00758182 0.00205164 -0.00336591 -0.00878972 -0.0138888 -0.0182185 -0.0204946 -0.0188292 -0.0126976 -0.00430036 0.00282702 0.00663844 0.00831203 0.0118582 0.0215514 0.0385018 0.0588965 0.0750968 0.0794576 0.0701625 
0.077992 0.06268 0.0570351 0.0603193 0.0672505 0.0719278 0.0687675 0.0557351 0.0372218 0.0203247 0.00868407 0.00141901 -0.00378352 -0.00846302 -0.0132767 -0.0181519 -0.0218285 -0.0221258 -0.0179194 -0.0108565 -0.00442115 -0.00124662 -0.000833005 0.0012967 0.0115094 0.0330161 0.0618984 0.0879764 0.100337 0.0947825 
0.0955998 0.0757406 0.0638475 0.0617826 0.0664091 0.0723433 0.0724354 0.0618726 0.0430987 0.0236464 0.00927774 0.000757497 -0.004226 -0.0081722 -0.0125444 -0.017618 -0.0222263 -0.0240254 -0.0213108 -0.015 -0.00840788 -0.00493124 -0.00509495 -0.00425515 0.00584823 0.030369 0.0652584 0.0982761 0.116266 0.113444 
0.105049 0.0810903 0.0617648 0.0516499 0.0508527 0.0563364 0.060875 0.0568241 0.043014 0.0253748 0.0107243 0.00167157 -0.00324754 -0.00671426 -0.0106156 -0.0155605 -0.0207111 -0.0238872 -0.022946 -0.0178722 -0.0114562 -0.007649 -0.00815138 -0.00880047 -0.000276874 0.0243105 0.0616678 0.0989701 0.121812 0.122611 
0.115354 0.0875912 0.0585251 0.0368721 0.0273334 0.0302828 0.0392561 0.0439474 0.0386698 0.0262232 0.0133666 0.00443292 -0.000590859 -0.00385726 -0.00724564 -0.0116232 -0.0167534 -0.0211226 -0.0225438 -0.0200516 -0.0155127 -0.0129198 -0.0148943 -0.0181141 -0.0129213 0.00928309 0.0472658 0.0893685 0.120404 0.129401 
0.142849 0.111617 0.069802 0.0324748 0.0102353 0.00711462 0.0176283 0.029341 0.032315 0.0257665 0.0155465 0.00716299 0.00209545 -0.000956307 -0.00361824 -0.00690714 -0.0112585 -0.0162021 -0.0200746 -0.021312 -0.0206894 -0.0216325 -0.0270196 -0.0341 -0.0330244 -0.0133789 0.0266276 0.0777463 0.123955 0.148635 
0.200107 0.165726 0.107958 0.0504164 0.0107617 -0.00345461 0.00321095 0.0170036 0.0248225 0.0226984 0.0150162 0.00757185 0.00281849 0.000192002 -0.00163427 -0.00361827 -0.00656543 -0.0110564 -0.0165086 -0.0214522 -0.0257292 -0.0316418 -0.0414628 -0.0524053 -0.0543257 -0.0350662 0.0105043 0.0761694 0.144974 0.192865 
0.283945 0.245761 0.16892 0.0873642 0.026737 -0.00245028 -0.0043157 0.00673567 0.0157053 0.0161936 0.0108783 0.00497439 0.00108407 -0.0010327 -0.00235886 -0.00337186 -0.00467301 -0.00761065 -0.0130427 -0.0203234 -0.0287258 -0.0390572 -0.0522323 -0.0649679 -0.0670415 -0.0451662 0.00879395 0.0919227 0.186762 0.261464 
0.370114 0.326983 0.230747 0.125795 0.0454131 0.00178006 -0.00969001 -0.00358086 0.0044465 0.00650296 0.0037509 0.00030908 -0.00194744 -0.0035306 -0.00497224 -0.00569493 -0.00549628 -0.0061037 -0.0098327 -0.0173011 -0.0276585 -0.0402061 -0.0540924 -0.0653652 -0.0643932 -0.0380832 0.0236166 0.121019 0.237354 0.334835 
0.422865 0.37671 0.268342 0.148746 0.0561387 0.00301007 -0.0159607 -0.0147391 -0.00833357 -0.00505951 -0.00478118 -0.00466092 -0.00431232 -0.00517393 -0.00726698 -0.00844528 -0.00721577 -0.00526238 -0.00606001 -0.0116085 -0.0214337 -0.0337196 -0.0458155 -0.0530901 -0.0473404 -0.017442 0.0467737 0.14824 0.272642 0.380737 
