0.364538 0.337155 0.248443 0.147327 0.0663513 0.0154445 -0.00857705 -0.0154339 -0.0150758 -0.0129055 -0.0103595 -0.00809226 -0.00718516 -0.00839018 -0.0116437 -0.0158572 -0.0184416 -0.0163071 -0.00869012 0.00217387 0.0135994 0.0239068 0.0312407 0.0324222 0.0254273 0.0166311 0.0269298 0.0833312 0.189895 0.305049 
0.365055 0.338898 0.249395 0.145868 0.0641981 0.0177481 0.000272868 -0.0044727 -0.00785323 -0.0110732 -0.0115552 -0.00956838 -0.00824373 -0.00990522 -0.0143478 -0.0197701 -0.0235295 -0.0226894 -0.0159144 -0.00452807 0.00888747 0.0215654 0.0300544 0.0303422 0.0211576 0.0105837 0.0206705 0.0780227 0.185946 0.303173 
0.301081 0.281033 0.207418 0.119613 0.0510187 0.0168704 0.00873249 0.00662212 0.000107431 -0.00741607 -0.0101827 -0.00871295 -0.00785953 -0.0107099 -0.0165258 -0.0229429 -0.0275524 -0.0276953 -0.0213567 -0.00876188 0.00761879 0.0235136 0.0331774 0.0315201 0.0184324 0.00375312 0.00913191 0.0575841 0.149584 0.248557 
0.221981 0.208646 0.156134 0.090681 0.0401307 0.0189273 0.0175454 0.0162457 0.00745064 -0.00220066 -0.00581586 -0.00490933 -0.00538118 -0.0100678 -0.0173412 -0.0245622 -0.0298434 -0.0309085 -0.0252801 -0.0122695 0.00585442 0.0234311 0.0328902 0.0293328 0.0145846 -0.0006787 0.00278305 0.0419075 0.112505 0.184624 
0.16131 0.150558 0.113748 0.0677858 0.0340254 0.0230322 0.0247842 0.0226509 0.0126074 0.00272473 -0.000823954 -0.00070609 -0.00282263 -0.00912091 -0.0173514 -0.0249352 -0.0303579 -0.0316586 -0.0264671 -0.0139936 0.00330878 0.0190717 0.0259524 0.0213633 0.00916205 -0.000990916 0.00581378 0.0395797 0.0917907 0.139319 
0.11522 0.103396 0.0768898 0.0470913 0.0282118 0.025576 0.0293162 0.0264111 0.0157178 0.00589113 0.00203429 0.000918389 -0.00251782 -0.00950728 -0.0179295 -0.0253058 -0.0298701 -0.0298089 -0.0236491 -0.0118437 0.00221015 0.0127995 0.0155633 0.0113552 0.00478037 0.00251558 0.0139165 0.0429653 0.0794519 0.10689 
0.0739798 0.06198 0.0447692 0.0288868 0.0219275 0.0259496 0.0321032 0.029238 0.0176538 0.00696997 0.00209916 -0.000200777 -0.00421055 -0.0111018 -0.0192717 -0.0259448 -0.0285997 -0.02568 -0.0172791 -0.00597176 0.00367603 0.00790555 0.00679022 0.00405317 0.00329792 0.00716257 0.0196905 0.041363 0.0634939 0.0755076 
0.0434111 0.0352709 0.0273215 0.0203713 0.0183636 0.0246213 0.0323734 0.030156 0.0180096 0.00647129 0.000865562 -0.00190331 -0.00584975 -0.0124406 -0.020288 -0.025916 -0.0261775 -0.0202212 -0.00985926 0.000659627 0.0064102 0.00587613 0.00270764 0.00196879 0.00524223 0.0115085 0.021439 0.0348499 0.0460321 0.0487251 
0.0310456 0.0304161 0.0305663 0.0261308 0.0209586 0.0233005 0.0296268 0.0278257 0.0165277 0.00571783 0.000548434 -0.00200601 -0.00587451 -0.0125225 -0.0202222 -0.0248647 -0.0232933 -0.0156879 -0.00498637 0.00438524 0.00833864 0.00681192 0.00476583 0.00691563 0.0126259 0.0187048 0.0249828 0.0320273 0.0363583 0.0348109 
0.0313471 0.0401388 0.0478059 0.0432982 0.0316253 0.0262291 0.0277378 0.0252377 0.0159619 0.0074302 0.00337762 0.000752423 -0.00387596 -0.0112562 -0.0190725 -0.023165 -0.0209891 -0.0136078 -0.00403868 0.00458731 0.00965201 0.0112687 0.0134989 0.0194885 0.0268013 0.0316629 0.0344982 0.0364227 0.0351732 0.0310155 
0.0330236 0.0512381 0.0663637 0.0628748 0.046271 0.0335573 0.0297362 0.0265691 0.0199919 0.0139433 0.0101739 0.00597692 -0.000712679 -0.00930016 -0.0171584 -0.0209067 -0.0189908 -0.0128754 -0.00479714 0.00391426 0.0117991 0.0181084 0.025001 0.0340795 0.0421747 0.0456741 0.0452048 0.0417694 0.0345404 0.0280015 
0.0289467 0.0545396 0.0755333 0.0734984 0.0542613 0.0374837 0.031728 0.0304888 0.0276352 0.0236031 0.0187585 0.0115128 0.00197192 -0.00770071 -0.0150672 -0.0181709 -0.0165965 -0.0117959 -0.00497506 0.0038133 0.0134362 0.0220571 0.0304734 0.0399268 0.0478053 0.0506458 0.0479799 0.0400342 0.0278276 0.0197868 
0.0171144 0.0461273 0.0696965 0.0682169 0.0480741 0.0309041 0.0274207 0.0310943 0.0330518 0.0310212 0.024931 0.0147997 0.00299044 -0.00709616 -0.0135073 -0.0157074 -0.014263 -0.0105196 -0.00502982 0.00257543 0.0111075 0.0183915 0.0249274 0.0321966 0.0385873 0.0412159 0.0385016 0.0291568 0.0147234 0.00595243 
0.00100846 0.0283924 0.0508139 0.0495685 0.0306983 0.0156818 0.0160476 0.0249595 0.0314478 0.0316065 0.0255037 0.0144936 0.00229221 -0.00726826 -0.0126828 -0.0142217 -0.0129739 -0.0102221 -0.00638361 -0.00115609 0.00455614 0.00926806 0.0134756 0.0178915 0.0212757 0.0226398 0.0211287 0.0136787 4.10825e-05 -0.00906181 
-0.0127314 0.00851407 0.026497 0.025655 0.0103723 -0.00089079 0.00271662 0.0146718 0.0236578 0.0255297 0.0207781 0.0112375 0.000569 -0.00773896 -0.0123585 -0.0136795 -0.0128542 -0.0110689 -0.00875856 -0.00561878 -0.00186258 0.00187293 0.00530549 0.00718698 0.00646914 0.00527405 0.00478265 0.000459605 -0.010529 -0.0193492 
-0.0203061 -0.00780157 0.00355617 0.00291377 -0.00717419 -0.0130841 -0.00658625 0.00609077 0.0149782 0.0171147 0.0137558 0.00662035 -0.00169242 -0.00851948 -0.0125214 -0.013801 -0.0132764 -0.0119667 -0.0102395 -0.0075678 -0.00357313 0.00109376 0.00443142 0.00351101 -0.00142301 -0.00503003 -0.00482794 -0.00645871 -0.0143738 -0.0223861 
-0.0210651 -0.0169227 -0.0125911 -0.013901 -0.0189173 -0.0187831 -0.00939538 0.00265572 0.00957655 0.0103892 0.00739282 0.00216833 -0.00397502 -0.00942343 -0.0128959 -0.0140691 -0.0134219 -0.011713 -0.00920708 -0.00526487 0.000480927 0.00645938 0.00889781 0.00454514 -0.0040602 -0.00931058 -0.00860231 -0.00811023 -0.0128514 -0.0193538 
-0.0144315 -0.0152019 -0.0165314 -0.0200844 -0.022815 -0.0188152 -0.00788444 0.00268253 0.00714764 0.00630778 0.00320429 -0.000701085 -0.00510138 -0.00936399 -0.0124035 -0.0134789 -0.0125273 -0.00995936 -0.00597578 -0.000174877 0.0072398 0.0136631 0.0144146 0.00691382 -0.00448191 -0.0112441 -0.0105952 -0.00809184 -0.00889164 -0.0120838 
-0.00233926 -0.00395887 -0.00871998 -0.0156022 -0.0197141 -0.0159572 -0.00603791 0.00263007 0.00556093 0.00411643 0.00128526 -0.00154327 -0.00450877 -0.00771646 -0.0103987 -0.0115049 -0.0104894 -0.00744574 -0.00257343 0.00410769 0.0118148 0.0175828 0.016907 0.00790967 -0.00483312 -0.0130822 -0.0130868 -0.00858161 -0.00470066 -0.0027878 
0.00960356 0.00902422 0.00274698 -0.00688388 -0.0139886 -0.0132884 -0.0060392 0.00126743 0.00425315 0.00334382 0.000963063 -0.00120641 -0.00314506 -0.00543326 -0.00773558 -0.00890547 -0.00812149 -0.00531614 -0.000737794 0.00530502 0.011933 0.01667 0.0157429 0.00731154 -0.00517039 -0.014267 -0.0149564 -0.00896573 -0.00119328 0.00550034 
0.0172522 0.0176722 0.0112738 0.00070042 -0.00861662 -0.0113096 -0.00683328 -0.000116865 0.00380078 0.00374283 0.00160781 -0.000427788 -0.00193604 -0.00366092 -0.00560435 -0.00671361 -0.00615601 -0.00390601 -0.000302843 0.00434186 0.00960832 0.0139352 0.0140558 0.00744204 -0.00372132 -0.0125018 -0.0133074 -0.00698694 0.00211287 0.0110247 
0.0207764 0.0220105 0.0169054 0.00757334 -0.00210019 -0.00729407 -0.00564505 -0.000170819 0.00395902 0.00449408 0.0027521 0.000794176 -0.000802275 -0.00253085 -0.00430035 -0.00517658 -0.0045754 -0.00271498 -3.87068e-05 0.00337107 0.00776852 0.0123276 0.0138371 0.00910595 -0.000135663 -0.00714882 -0.00709969 -0.00148892 0.0061517 0.0143038 
0.0210809 0.0229331 0.0201664 0.0139664 0.00603878 -0.000356386 -0.0019533 0.000534511 0.00339997 0.00434936 0.00365629 0.0022267 0.000358548 -0.00183283 -0.00365871 -0.00420064 -0.00332553 -0.00164164 0.000374012 0.00296123 0.00679199 0.0112477 0.0131402 0.00953763 0.00264639 -0.00127421 0.000665697 0.00541654 0.0102337 0.0157505 
0.0171553 0.0187407 0.0181846 0.0160171 0.0115846 0.00567376 0.00134041 0.000215859 0.00117754 0.00256614 0.00338774 0.00297902 0.00112117 -0.00149764 -0.00346063 -0.00374666 -0.00265263 -0.00113852 0.000390887 0.00242054 0.00559096 0.00908041 0.0100448 0.00672124 0.00212686 0.0014831 0.00539387 0.00946098 0.0115733 0.0139855 
0.00928691 0.00974549 0.010483 0.0119279 0.0114516 0.00732473 0.00181464 -0.00173249 -0.0021433 -0.000351442 0.00184592 0.00269935 0.00142953 -0.00115569 -0.00321585 -0.00354693 -0.00256145 -0.00129237 -3.37576e-05 0.00170053 0.00419814 0.00637591 0.00598198 0.00251984 -0.000564709 0.00062054 0.0050343 0.00805953 0.008297 0.0084115 
0.00117819 0.000658939 0.00189029 0.00542953 0.00757692 0.0051358 -0.000232493 -0.00441254 -0.00512178 -0.00289943 0.000276998 0.00229155 0.00191601 -0.000313955 -0.00251036 -0.00326455 -0.00272372 -0.00167639 -0.00037498 0.00137852 0.00341409 0.00453819 0.00308981 -0.000624902 -0.0032514 -0.00208375 0.00116148 0.00277378 0.00222029 0.00158056 
-0.00395848 -0.0045861 -0.00320611 0.000635828 0.00320992 0.00135228 -0.00336997 -0.00687255 -0.00690617 -0.00411297 -0.000405277 0.00225008 0.00251856 0.000633535 -0.00171717 -0.0030004 -0.00292672 -0.00193451 -0.00037178 0.00152766 0.00323467 0.00359664 0.00137682 -0.00272499 -0.00558505 -0.00529362 -0.00364605 -0.00311907 -0.00349351 -0.00359635 
-0.00666957 -0.00656711 -0.00486909 -0.00164475 -5.99048e-05 -0.00223633 -0.0063634 -0.00884006 -0.00801565 -0.00487525 -0.00119725 0.0014817 0.00205292 0.000548647 -0.00169228 -0.00316772 -0.00324708 -0.00213469 -0.00035577 0.00152004 0.0028303 0.00254673 -0.000311774 -0.00484511 -0.00811889 -0.00870032 -0.00822672 -0.0081844 -0.00794877 -0.00709254 
-0.00897649 -0.00805796 -0.0057914 -0.0029406 -0.00224092 -0.00481163 -0.00863132 -0.0106242 -0.00962972 -0.00673512 -0.00345568 -0.000931173 -6.74514e-05 -0.000997187 -0.00271674 -0.00387369 -0.00375727 -0.00252386 -0.000791582 0.00079948 0.00164742 0.000862559 -0.00235004 -0.00702117 -0.0105471 -0.0118363 -0.0121395 -0.0122122 -0.0114416 -0.00998458 
-0.0112466 -0.0104796 -0.00813422 -0.00526558 -0.00452835 -0.00682821 -0.0103712 -0.0124705 -0.0119807 -0.00966008 -0.00670744 -0.00415137 -0.00292771 -0.00325531 -0.00426824 -0.00480755 -0.00436011 -0.00316812 -0.00175365 -0.000563701 -6.35761e-05 -0.00105513 -0.00418911 -0.00855472 -0.0120462 -0.0138124 -0.0145312 -0.0144434 -0.0133158 -0.0119072 
-0.0128159 -0.0132362 -0.0117421 -0.00904602 -0.00767454 -0.00894372 -0.0118237 -0.0140219 -0.0140836 -0.0122256 -0.00941434 -0.00676602 -0.00531715 -0.00525381 -0.00569806 -0.00568742 -0.00501168 -0.00401217 -0.00299957 -0.00213281 -0.00175482 -0.00264598 -0.00539131 -0.00920824 -0.0124153 -0.0142371 -0.0148792 -0.0144298 -0.0131874 -0.0123612 
-0.0134835 -0.0149687 -0.0146416 -0.0125948 -0.0107992 -0.0108944 -0.012774 -0.0146934 -0.0149804 -0.0134215 -0.010825 -0.00828997 -0.00680503 -0.00653114 -0.00665864 -0.00639846 -0.00571395 -0.00494768 -0.00423276 -0.00354557 -0.00315439 -0.00379631 -0.00602067 -0.00923439 -0.0120665 -0.0136724 -0.0139926 -0.0132916 -0.0122768 -0.0121443 
-0.0132665 -0.0147864 -0.0152699 -0.0142697 -0.0127647 -0.0121895 -0.0130885 -0.0143897 -0.0145614 -0.0132449 -0.0110903 -0.00892321 -0.00749898 -0.007057 -0.0070362 -0.00679904 -0.00629331 -0.00575088 -0.00522072 -0.00465389 -0.00425994 -0.00461362 -0.00620274 -0.00878385 -0.011404 -0.0130852 -0.0134367 -0.01282 -0.0120889 -0.0121153 
-0.0122253 -0.0130274 -0.0139344 -0.0141367 -0.0135392 -0.0129504 -0.0131305 -0.0136507 -0.0134516 -0.0122937 -0.0106525 -0.00893738 -0.00760114 -0.00701079 -0.00692638 -0.00684745 -0.00661335 -0.00630631 -0.00595672 -0.00554296 -0.00516627 -0.00515457 -0.00596925 -0.00790496 -0.0106018 -0.012933 -0.0139098 -0.013596 -0.0127774 -0.0121628 
-0.0107416 -0.0108363 -0.0120002 -0.0132453 -0.0136869 -0.0134408 -0.0131685 -0.0129354 -0.0122777 -0.0111866 -0.00995232 -0.0085989 -0.00734357 -0.00666941 -0.00659895 -0.0067242 -0.00676563 -0.00670144 -0.00658608 -0.00637756 -0.00599152 -0.00553126 -0.00552892 -0.0068467 -0.00970078 -0.0128511 -0.0146421 -0.0145976 -0.0133683 -0.01181 
-0.00942371 -0.00920056 -0.0105502 -0.0124714 -0.0136114 -0.0135826 -0.0129265 -0.0120749 -0.0110623 -0.0100556 -0.00915483 -0.00809292 -0.00694984 -0.00629 -0.00628322 -0.00655857 -0.00677427 -0.00690505 -0.00705518 -0.00708855 -0.0066824 -0.00579206 -0.00507527 -0.00578684 -0.00854 -0.0121135 -0.0144229 -0.01454 -0.0130413 -0.0110007 
-0.00866231 -0.00853124 -0.0100087 -0.0121993 -0.0135132 -0.0133173 -0.012184 -0.0108319 -0.00960223 -0.00874324 -0.00819767 -0.0074892 -0.00660145 -0.00609459 -0.00614101 -0.00638541 -0.00656095 -0.00676463 -0.00714888 -0.00741416 -0.00697221 -0.00569835 -0.00438324 -0.0044685 -0.00680629 -0.0103469 -0.0128461 -0.0131101 -0.011755 -0.0099885 
-0.00821488 -0.00847943 -0.0100158 -0.0121156 -0.0132242 -0.012684 -0.0111356 -0.00943753 -0.00805988 -0.00731375 -0.00710231 -0.00683844 -0.00639638 -0.00619965 -0.00628213 -0.0063061 -0.00621312 -0.00631223 -0.00679082 -0.00716995 -0.00661506 -0.00495515 -0.00311305 -0.00263161 -0.00450921 -0.00788287 -0.0104609 -0.0108919 -0.00989343 -0.00880868 
-0.00749098 -0.00813143 -0.00950323 -0.0112333 -0.0120877 -0.011452 -0.00989289 -0.00819062 -0.00676748 -0.00601706 -0.00599651 -0.00615283 -0.00623064 -0.00641847 -0.00655062 -0.00630635 -0.00585249 -0.0056871 -0.0060124 -0.00625912 -0.00548226 -0.00350042 -0.0013187 -0.00051797 -0.00213949 -0.00541686 -0.00805655 -0.00860627 -0.00785562 -0.00734767 
-0.00652219 -0.00709082 -0.00780225 -0.00891051 -0.00965082 -0.00932633 -0.00826418 -0.00699678 -0.00572402 -0.00493102 -0.00499706 -0.00548517 -0.00598355 -0.00646833 -0.00664348 -0.00620288 -0.00544421 -0.00493149 -0.00483582 -0.00464002 -0.00352663 -0.0013881 0.000788545 0.00152133 -0.000137335 -0.00343067 -0.00611988 -0.00673769 -0.00611641 -0.0059605 
-0.00615274 -0.00600352 -0.00540138 -0.00552096 -0.00608666 -0.00621172 -0.00591078 -0.00534511 -0.00440406 -0.00373645 -0.0040723 -0.00495022 -0.00572764 -0.00631077 -0.00645163 -0.00588231 -0.00492319 -0.00407264 -0.00339303 -0.00250164 -0.000923726 0.0012714 0.00318052 0.00351505 0.00153998 -0.0018812 -0.00462205 -0.00541695 -0.00517681 -0.00547799 
-0.00669487 -0.00531004 -0.00290359 -0.0016081 -0.0015645 -0.00181471 -0.00216092 -0.00230855 -0.0018345 -0.00163048 -0.0026437 -0.00414517 -0.00520312 -0.00579447 -0.00587527 -0.00525366 -0.00421294 -0.00311813 -0.00185839 -0.000192881 0.00188821 0.00410002 0.00568851 0.0055604 0.00322411 -0.000245187 -0.00295057 -0.00417523 -0.00491258 -0.00607719 
-0.0070229 -0.00447749 -0.000434041 0.00238057 0.00358136 0.00390929 0.00344698 0.00281731 0.00272223 0.0021574 0.00018745 -0.00214762 -0.00369941 -0.00452159 -0.00475145 -0.00424477 -0.00322066 -0.00194584 -0.000180455 0.00214072 0.00449795 0.00647644 0.00769555 0.00728543 0.00488365 0.0017454 -0.000605313 -0.0022585 -0.00423531 -0.00645013 
-0.00546159 -0.0029454 0.00150187 0.00535336 0.00809154 0.00984037 0.0100933 0.00940315 0.00870276 0.00724752 0.00433904 0.00112701 -0.00119228 -0.00263883 -0.00335533 -0.00313317 -0.00211474 -0.000609905 0.00158622 0.00433986 0.00661364 0.00792221 0.008492 0.00780917 0.0055447 0.00311308 0.00173572 0.000501514 -0.00180911 -0.00456125 
-0.00164476 -0.000938969 0.00221602 0.00642939 0.0109695 0.0148472 0.0164988 0.0159958 0.014546 0.0121333 0.00846524 0.00453368 0.00138535 -0.000900178 -0.00230951 -0.00245496 -0.00139974 0.000350858 0.00281558 0.0058102 0.00796313 0.00849733 0.00802405 0.00651964 0.00388891 0.00197901 0.00219775 0.00301109 0.00233787 0.000141552 
0.00228907 0.000540832 0.00182861 0.00622955 0.0127295 0.018975 0.0221371 0.0217008 0.0192781 0.0158682 0.0116593 0.00730208 0.00349781 0.000376042 -0.00181675 -0.00246185 -0.00153861 0.000251515 0.00275299 0.00600152 0.00859663 0.00904417 0.0075379 0.00437696 8.11175e-05 -0.00248572 -0.000870412 0.00316232 0.00578388 0.0050659 
0.00320143 0.000153322 0.000705835 0.00576781 0.0140708 0.0221742 0.0263464 0.0258549 0.0227305 0.0187088 0.0142736 0.00972431 0.00540197 0.0014558 -0.00162487 -0.00302792 -0.00263307 -0.00112371 0.00138295 0.0053018 0.00935097 0.0109473 0.00895233 0.00349421 -0.00402891 -0.00911789 -0.00744415 -0.000525672 0.00555103 0.00645083 
0.000697022 -0.00232545 -0.00109088 0.00522157 0.0149043 0.0238821 0.0282969 0.027841 0.0248315 0.0209965 0.0166567 0.0119235 0.00707464 0.00234078 -0.00165928 -0.00403347 -0.00448378 -0.00335066 -0.000466876 0.00485651 0.0112553 0.0148359 0.0127076 0.00459915 -0.00701256 -0.015783 -0.0153559 -0.00673742 0.00190198 0.0039912 
-0.00161121 -0.00500965 -0.00310179 0.00445024 0.0151175 0.0244273 0.0288383 0.0286423 0.026267 0.0229723 0.0186236 0.0133865 0.00789219 0.00251562 -0.00225168 -0.00558706 -0.00688415 -0.00590802 -0.00217162 0.00495023 0.0136892 0.0189916 0.0166533 0.0064515 -0.00795907 -0.0190846 -0.0195539 -0.0100361 1.78287e-05 0.00240519 
-0.000767861 -0.00672673 -0.00560619 0.00246427 0.0139679 0.0241399 0.029449 0.030063 0.0282684 0.0250686 0.0200861 0.0137567 0.00731641 0.00133627 -0.00400383 -0.00807406 -0.00994817 -0.00885159 -0.00419953 0.00414247 0.0138998 0.0196933 0.0173033 0.00735515 -0.00563748 -0.0147136 -0.0136435 -0.00353167 0.00600149 0.00636614 
0.00161093 -0.0091442 -0.0105305 -0.00293203 0.00942818 0.021532 0.0292523 0.0316769 0.0305739 0.0270486 0.0209429 0.0131184 0.00540024 -0.00139894 -0.00731784 -0.0119009 -0.0140442 -0.012685 -0.00746817 0.00083612 0.00956055 0.0142789 0.0123154 0.00570342 -0.000806633 -0.00256395 0.00311874 0.0134727 0.0196848 0.014681 
0.00390371 -0.0121598 -0.0175636 -0.0118974 0.000849175 0.0153005 0.0262401 0.0312419 0.0312821 0.0276762 0.0207698 0.0118171 0.00295072 -0.00481108 -0.011463 -0.0165706 -0.0189896 -0.0175695 -0.01234 -0.00517778 0.00102753 0.00376533 0.00273847 0.00110173 0.00310215 0.0105214 0.0218191 0.0320763 0.0338738 0.0228876 
0.007938 -0.011929 -0.022376 -0.0205653 -0.00888339 0.00698198 0.0204449 0.027629 0.0288536 0.0257512 0.0191326 0.0102513 0.00105682 -0.00735242 -0.014705 -0.0204659 -0.0235751 -0.0228399 -0.0184031 -0.0128731 -0.00918056 -0.00788537 -0.00727375 -0.0042724 0.00395488 0.0173042 0.0320503 0.0422848 0.0420391 0.0290546 
0.0123569 -0.00875672 -0.0231755 -0.0255557 -0.0162627 -0.000778087 0.0133963 0.0214372 0.0233924 0.0212335 0.0159253 0.00829698 -0.000216852 -0.00857848 -0.0162162 -0.0224836 -0.026543 -0.0272023 -0.0242138 -0.0200249 -0.0174154 -0.015902 -0.0130019 -0.00696368 0.00313461 0.0170166 0.0317608 0.0420038 0.0426234 0.0318029 
0.011097 -0.00908239 -0.0240592 -0.0280477 -0.0207356 -0.00694254 0.00612926 0.013743 0.0161019 0.0151613 0.0114494 0.00528669 -0.00213738 -0.00981173 -0.0170672 -0.0232556 -0.0277757 -0.0295011 -0.027601 -0.0236887 -0.0202385 -0.0169043 -0.0118616 -0.00518775 0.00264604 0.0127796 0.0249018 0.0346392 0.0365913 0.0282565 
0.00477437 -0.014064 -0.027275 -0.0301369 -0.0233244 -0.0113673 -0.000390328 0.00600963 0.00874554 0.00932222 0.00703137 0.00167785 -0.00510957 -0.0119844 -0.0183966 -0.0238797 -0.0279351 -0.029504 -0.027475 -0.0226827 -0.0172242 -0.0115683 -0.00545732 -0.000572762 0.00230521 0.00663655 0.0152167 0.024513 0.0277531 0.0208457 
0.00352629 -0.0160138 -0.0291649 -0.0313004 -0.0245616 -0.0141469 -0.00533688 -0.000148666 0.00338049 0.00595004 0.00497147 -0.000331745 -0.00737139 -0.0140258 -0.0198182 -0.0244921 -0.0275044 -0.0279003 -0.0248177 -0.0188206 -0.0116013 -0.0043257 0.00176256 0.00396792 0.00177446 0.000755052 0.00669125 0.0172377 0.0238168 0.0193494 
0.0148574 -0.00844023 -0.0253995 -0.029586 -0.0242493 -0.0158333 -0.00908757 -0.00444067 0.00081428 0.00599937 0.00637923 0.000679996 -0.00738759 -0.0147141 -0.0206236 -0.0248334 -0.0266592 -0.025406 -0.0209669 -0.0142818 -0.00670596 0.000787894 0.00664447 0.00769844 0.00304383 -0.00102342 0.0038241 0.0175318 0.0303511 0.0307028 
0.0364731 0.00862915 -0.013967 -0.0224741 -0.0206214 -0.015577 -0.0113204 -0.00688784 0.000505704 0.0083478 0.00990275 0.00355713 -0.00594608 -0.0144987 -0.0210147 -0.0249788 -0.0255165 -0.0222715 -0.0161794 -0.00923038 -0.00276224 0.00357219 0.00961058 0.0120484 0.00823805 0.00340399 0.00775254 0.024714 0.044834 0.0516397 
0.0599246 0.0305818 0.00415498 -0.00906741 -0.0122908 -0.0117663 -0.0101972 -0.00602407 0.00276442 0.0120213 0.0137947 0.00638524 -0.00465587 -0.0143681 -0.0213359 -0.0249387 -0.024152 -0.0187921 -0.0106918 -0.00318858 0.00199 0.00688045 0.0134965 0.0184959 0.0169495 0.0121787 0.015381 0.0335346 0.0590128 0.0722152 
0.0762152 0.0495607 0.0224604 0.00554159 -0.00277449 -0.00614499 -0.00584013 -0.00115351 0.00812657 0.0169177 0.0174233 0.00841774 -0.00398307 -0.0143444 -0.0212565 -0.0243183 -0.022485 -0.0154799 -0.00549651 0.00318081 0.0083406 0.013113 0.0208724 0.0278759 0.0275485 0.0218865 0.0223046 0.0383059 0.0652153 0.0833145 
0.0798056 0.0571634 0.0307296 0.0118271 0.00106326 -0.00290246 -0.00103581 0.00533776 0.0144311 0.0212897 0.019631 0.00924464 -0.00358119 -0.0136051 -0.0198574 -0.0223585 -0.020076 -0.0123785 -0.00118898 0.00906789 0.0159589 0.0227345 0.0324752 0.0402149 0.038409 0.0288693 0.0236318 0.0344418 0.0598353 0.0812881 
0.0722726 0.0521147 0.0254847 0.00635049 -0.00270959 -0.00338302 0.00163513 0.00930075 0.0172179 0.0216721 0.0184161 0.00815384 -0.00328647 -0.0115553 -0.016458 -0.0184334 -0.0162727 -0.00869437 0.00307783 0.0151035 0.0249067 0.0348111 0.046235 0.0526706 0.0460587 0.0288673 0.0151629 0.0198345 0.0439398 0.0688729 
0.0637349 0.0446834 0.0165839 -0.00232049 -0.00827749 -0.00581621 0.000102023 0.00671572 0.0127861 0.0159202 0.0130689 0.00502297 -0.00336453 -0.00880978 -0.0118542 -0.0132251 -0.0113335 -0.00409359 0.00805459 0.0217946 0.0344015 0.0464159 0.0572701 0.0598827 0.0466161 0.020834 -0.00106657 -0.000742423 0.0247757 0.055242 
0.0707417 0.0522617 0.0209434 -0.000801742 -0.00831008 -0.00848296 -0.00670942 -0.0035286 0.00127757 0.00532848 0.00516287 0.000720771 -0.00418251 -0.00687118 -0.00818284 -0.00891878 -0.00712356 -0.000121143 0.0122207 0.0270644 0.0412134 0.0533714 0.0616685 0.0597583 0.0414007 0.0106928 -0.0148226 -0.0142593 0.0169556 0.0560461 
0.111115 0.0921791 0.0532623 0.0205501 0.00165075 -0.00924506 -0.0158436 -0.0167737 -0.0120076 -0.00554007 -0.00220262 -0.00316434 -0.00543348 -0.00648348 -0.00696161 -0.00749554 -0.00590995 0.000706808 0.0127399 0.0275907 0.0417789 0.0530951 0.0593653 0.0553949 0.0364073 0.00700166 -0.0149247 -0.00684104 0.036524 0.0885909 
0.191715 0.170633 0.117224 0.0631584 0.0229165 -0.00448703 -0.0206906 -0.0250301 -0.0200983 -0.0121063 -0.00665538 -0.00540471 -0.00620469 -0.00689726 -0.00775067 -0.00899557 -0.00832619 -0.00272267 0.00824575 0.0219456 0.0350165 0.0454458 0.0514498 0.0488677 0.0339793 0.0116863 0.000357964 0.0239112 0.0871935 0.158373 
0.292325 0.267754 0.194842 0.114039 0.0494369 0.00607282 -0.0172448 -0.0238293 -0.0202523 -0.0137013 -0.00869903 -0.00655727 -0.00645359 -0.0073949 -0.00939542 -0.0120902 -0.0130391 -0.00913174 0.000116356 0.0120461 0.0236646 0.0334627 0.0400346 0.0400561 0.0307031 0.0172951 0.0191908 0.0619139 0.149705 0.245004 
