0.282257 0.293276 0.254652 0.188798 0.127101 0.0851997 0.0622169 0.0515115 0.0467627 0.043827 0.0405305 0.0353318 0.0274787 0.0176489 0.00690195 -0.00428232 -0.0148348 -0.0218769 -0.0223059 -0.0146271 0.00186929 0.0265056 0.0537605 0.0745523 0.084524 0.0890754 0.0989495 0.124089 0.170086 0.230919 
0.250901 0.256833 0.219691 0.158995 0.102533 0.0637537 0.0405755 0.0272115 0.0204578 0.0183858 0.0180187 0.0158105 0.0101913 0.00229161 -0.00628329 -0.0150665 -0.0234082 -0.0289696 -0.0291261 -0.0224786 -0.00765597 0.0161466 0.0449467 0.0696441 0.0836281 0.0897291 0.0981112 0.119319 0.158547 0.209523 
0.182134 0.184008 0.154582 0.109356 0.0700068 0.0445402 0.0268876 0.0114544 -2.01265e-05 -0.0046634 -0.00475963 -0.00571226 -0.0102229 -0.0166525 -0.0224965 -0.0273427 -0.0316348 -0.0343611 -0.0336241 -0.0277981 -0.0148807 0.00632443 0.0324588 0.0557076 0.069954 0.0761294 0.0812933 0.0941095 0.119801 0.15438 
0.123557 0.123197 0.102124 0.072661 0.0504023 0.0376806 0.0249885 0.00743718 -0.00857558 -0.0159033 -0.0163122 -0.0169834 -0.0216251 -0.0278354 -0.0318475 -0.0331463 -0.0334869 -0.0335193 -0.0320963 -0.027129 -0.0161903 0.0012879 0.0217231 0.0394757 0.0514156 0.0582113 0.0628713 0.0702361 0.0851024 0.106379 
0.101172 0.101274 0.086055 0.0654506 0.0510956 0.042619 0.0300298 0.0097254 -0.00942429 -0.0182497 -0.0184669 -0.0185542 -0.0231178 -0.0294254 -0.0328113 -0.0324595 -0.0308215 -0.0296323 -0.0281518 -0.0237911 -0.0140522 0.000464449 0.0156122 0.0280595 0.0383606 0.0478425 0.055849 0.0630076 0.0733035 0.0883004 
0.106635 0.10877 0.096566 0.0781053 0.0633881 0.052305 0.0364971 0.0133647 -0.00800422 -0.0180797 -0.0182978 -0.0175216 -0.0211193 -0.026906 -0.0303346 -0.0303437 -0.0290906 -0.0282394 -0.0268993 -0.0221067 -0.0115452 0.00310936 0.017008 0.02779 0.0378973 0.0493755 0.0603052 0.0692778 0.0794321 0.0935376 
0.114962 0.117613 0.10562 0.0866572 0.0704739 0.0576489 0.0407535 0.0169765 -0.00543573 -0.0169455 -0.018165 -0.0173237 -0.0198972 -0.0246201 -0.0280414 -0.0292599 -0.0295816 -0.0297361 -0.0282398 -0.021807 -0.0081935 0.010363 0.0279219 0.040458 0.0491225 0.0568927 0.0648669 0.0736137 0.0853435 0.100979 
0.11064 0.110229 0.0952552 0.0752244 0.0605097 0.0513346 0.0390538 0.0191507 -0.00135635 -0.0130358 -0.0156197 -0.0159019 -0.018319 -0.0220949 -0.0252373 -0.0274092 -0.029155 -0.0301693 -0.0282723 -0.0198208 -0.00245016 0.0213779 0.0442331 0.0585947 0.0624291 0.0602728 0.0595363 0.0656474 0.0795723 0.0974196 
0.0964244 0.0902259 0.0697291 0.0474467 0.0351435 0.0325668 0.0289796 0.0173369 0.00279592 -0.00612609 -0.00883428 -0.0103778 -0.0133712 -0.0169058 -0.020072 -0.0229921 -0.0256896 -0.0271909 -0.0248888 -0.0150278 0.00455963 0.0310171 0.0558133 0.0689436 0.0661743 0.0538032 0.0449937 0.0493532 0.0660573 0.0857419 
0.081119 0.0695704 0.0441564 0.0190038 0.00711354 0.00878936 0.0126119 0.00982093 0.00338249 -9.33051e-05 -0.000507196 -0.0017391 -0.00502788 -0.00913856 -0.0133171 -0.0173984 -0.0208565 -0.0224166 -0.0195374 -0.00900987 0.0103661 0.0350323 0.0565633 0.0653516 0.057458 0.0403912 0.029575 0.035358 0.0544294 0.0740073 
0.0673553 0.0543189 0.0287093 0.00317648 -0.00964287 -0.00837464 -0.00293082 -0.0014739 -0.00208019 4.49022e-05 0.00387264 0.00522295 0.00266252 -0.0024769 -0.00852236 -0.0141288 -0.0181592 -0.019339 -0.015585 -0.00469182 0.0132334 0.0339923 0.050101 0.0540426 0.0436684 0.0271495 0.0191853 0.0277338 0.0468025 0.0634737 
0.0527698 0.0433925 0.023845 0.00310608 -0.00861553 -0.00994636 -0.00852357 -0.00973429 -0.0102891 -0.00559277 0.00221143 0.00710599 0.00586834 -0.000321177 -0.00820575 -0.0149837 -0.0192602 -0.0201106 -0.0159318 -0.00519003 0.0113656 0.0294325 0.0422423 0.0435972 0.0326467 0.0179039 0.0125265 0.0215328 0.0374903 0.049948 
0.0366826 0.0341084 0.0243673 0.0130837 0.00687143 0.00496776 0.000683991 -0.00795005 -0.0140622 -0.0111386 -0.00181295 0.0054816 0.00521335 -0.00163893 -0.0104057 -0.0174322 -0.021729 -0.0229909 -0.0198358 -0.0106434 0.00431389 0.021476 0.0344288 0.0366502 0.0267761 0.0126998 0.00637431 0.0118328 0.0228011 0.0321609 
0.0224987 0.0257715 0.0247986 0.0240498 0.0267958 0.0283859 0.0208299 0.00459441 -0.00921822 -0.0110582 -0.00321022 0.00430581 0.00439774 -0.00222279 -0.0104365 -0.0167165 -0.0209005 -0.0233055 -0.0225243 -0.0163841 -0.00403804 0.0124214 0.0272875 0.0329871 0.0258518 0.0115948 0.001354 0.000764875 0.00696126 0.0152588 
0.0145034 0.0193835 0.0223891 0.0291498 0.0409271 0.0490818 0.0427837 0.0229089 0.00329219 -0.00395862 0.000116727 0.00580738 0.00583765 0.000401509 -0.00611058 -0.0109955 -0.0148699 -0.0185053 -0.0203659 -0.0176092 -0.00828245 0.00699139 0.023512 0.0328466 0.0286126 0.0138935 -0.000500192 -0.00618287 -0.00258421 0.00604833 
0.0125935 0.0150225 0.0172166 0.0269204 0.0448807 0.0601075 0.0590637 0.0409843 0.0195521 0.00788255 0.00690939 0.00915192 0.00842073 0.00427837 -0.00031476 -0.00373876 -0.00717592 -0.0116981 -0.0155819 -0.0152002 -0.00771757 0.00688995 0.0241776 0.0350931 0.0318373 0.0163197 -0.000406679 -0.00799261 -0.0042742 0.00516018 
0.0113731 0.0105888 0.01055 0.0202316 0.0405375 0.0604014 0.0653847 0.0524358 0.0326901 0.0185364 0.012799 0.0109669 0.00861875 0.00501724 0.00172695 -0.000700452 -0.00383745 -0.00886755 -0.0137975 -0.0141783 -0.00656105 0.00870901 0.0262518 0.036593 0.0324133 0.0161557 -0.00104782 -0.00850183 -0.00387787 0.00583611 
0.00654797 0.00469534 0.00390403 0.0124436 0.0312129 0.050893 0.0586635 0.0503755 0.0340233 0.0200562 0.0120808 0.00769793 0.00401994 0.000440567 -0.00233623 -0.00449425 -0.00766388 -0.0128057 -0.0176766 -0.0174319 -0.00853464 0.00781526 0.0251519 0.0343678 0.0298537 0.0146145 -0.00168525 -0.00949384 -0.00602269 0.00236517 
0.00116969 0.000169237 -0.000591658 0.00523915 0.0187041 0.0332783 0.0393528 0.0331725 0.0203478 0.00914402 0.00275113 -0.000720568 -0.00369872 -0.006713 -0.00932042 -0.0117753 -0.0152293 -0.0201014 -0.0241236 -0.0228343 -0.0132374 0.00287171 0.0191396 0.0281798 0.0262943 0.0155034 0.00178331 -0.00749549 -0.00785289 -0.00242903 
0.00211311 0.00162296 -0.000963319 -0.000470767 0.00540331 0.0130446 0.0154989 0.00948966 -0.000749611 -0.00828828 -0.0105488 -0.00998812 -0.00978032 -0.0109594 -0.0130794 -0.0158487 -0.0195307 -0.0239647 -0.0271908 -0.0256677 -0.017123 -0.00322571 0.0111522 0.0211876 0.0245134 0.0207335 0.0110826 0.000591544 -0.00388973 -0.00134853 
0.0100759 0.0089115 0.00259727 -0.00322446 -0.00392606 -0.00103756 -0.00092347 -0.00743035 -0.0168143 -0.0220053 -0.020324 -0.0149276 -0.0103406 -0.00872337 -0.00980438 -0.0125415 -0.0162143 -0.0203009 -0.0234602 -0.023146 -0.0173997 -0.00696533 0.00528354 0.0166029 0.0249067 0.0272829 0.0214555 0.0110645 0.00476209 0.00631443 
0.0173256 0.0162108 0.00788973 -0.00132545 -0.0048222 -0.0030583 -0.0032697 -0.0105132 -0.0208177 -0.0258975 -0.0223289 -0.0135896 -0.00536877 -0.00114246 -0.00113585 -0.00369837 -0.00722646 -0.0110882 -0.0148078 -0.0167529 -0.0147285 -0.00794748 0.00245908 0.0144277 0.0250201 0.0297926 0.0255706 0.0159944 0.0101968 0.0125439 
0.0172664 0.0187561 0.013068 0.00549417 0.00302267 0.00580683 0.00603152 -0.00210075 -0.0141418 -0.0206856 -0.017585 -0.00814308 0.00152224 0.00700356 0.00749868 0.00499657 0.00171137 -0.00182759 -0.00610146 -0.0103105 -0.0117547 -0.00795272 0.00114023 0.0128668 0.0228122 0.0262491 0.0212651 0.0122435 0.00753261 0.0108917 
0.0123955 0.0180242 0.0179932 0.0150577 0.0151919 0.0190953 0.0195043 0.0107935 -0.00249755 -0.0108889 -0.00992448 -0.00223835 0.00646767 0.0115459 0.0118486 0.00940481 0.0065464 0.0035015 -0.000949903 -0.0065672 -0.0102144 -0.00818863 6.8756e-05 0.0108834 0.018696 0.0195038 0.0133463 0.00495872 0.00102827 0.00461482 
0.00994206 0.0188057 0.023333 0.0239848 0.0256737 0.0296768 0.0300058 0.0216886 0.00856422 -0.000992984 -0.00254979 0.00228443 0.00872364 0.0124173 0.0121795 0.00983935 0.0073667 0.00463616 0.000232861 -0.00566693 -0.00982438 -0.00833107 -0.00073956 0.00873493 0.0144634 0.0136977 0.00786757 0.00108906 -0.00196712 0.00140778 
0.0119491 0.0222049 0.02823 0.0294531 0.0305178 0.033405 0.0336236 0.0268757 0.0156262 0.00641101 0.00340497 0.00598464 0.0102916 0.0124983 0.0115975 0.00913403 0.0065543 0.00359568 -0.000720406 -0.00585981 -0.00898412 -0.00710755 -0.000346049 0.00737288 0.0114401 0.0103831 0.00609573 0.00150731 -0.000404321 0.00301786 
0.0127988 0.0233828 0.0291694 0.029369 0.0287064 0.0298888 0.0299934 0.0254313 0.0172694 0.0101351 0.00759671 0.00945108 0.0124866 0.0135432 0.011976 0.00907646 0.00585224 0.00220047 -0.00203505 -0.00582505 -0.0071384 -0.00460229 0.00090436 0.00631061 0.00858469 0.00725225 0.00403966 0.000849386 -0.000239257 0.00350172 
0.00534346 0.016103 0.0220852 0.0222572 0.0208689 0.0209611 0.0210458 0.0184214 0.0134404 0.00938247 0.00887502 0.0113554 0.013941 0.0143044 0.0123172 0.00904671 0.00512522 0.000685527 -0.00363054 -0.00638136 -0.00636559 -0.00375704 -7.45704e-05 0.00259945 0.00274723 0.000465447 -0.00302059 -0.00640627 -0.00771564 -0.00405495 
-0.0125798 -0.00171759 0.00562192 0.00797133 0.00823877 0.00896997 0.00955576 0.00824461 0.005542 0.00421609 0.0059966 0.00960086 0.0122883 0.0125152 0.0106261 0.00748475 0.00336296 -0.00155552 -0.00618654 -0.00885254 -0.00885649 -0.00726495 -0.0058313 -0.00578366 -0.00762302 -0.0112366 -0.0161251 -0.0212106 -0.0240278 -0.0213788 
-0.0356938 -0.0256292 -0.0169876 -0.0112179 -0.00716159 -0.00376803 -0.00173806 -0.00212848 -0.00375755 -0.00367502 -0.000549678 0.0039208 0.00709532 0.00781537 0.00659646 0.00415728 0.000513241 -0.00431278 -0.00921532 -0.0124679 -0.0135142 -0.0136218 -0.0143884 -0.0164136 -0.0197438 -0.024705 -0.0315626 -0.0390988 -0.0440281 -0.0429908 
-0.0545293 -0.0469871 -0.0387333 -0.0302215 -0.0218303 -0.0147296 -0.010665 -0.0104082 -0.0119554 -0.0117743 -0.00836804 -0.00336516 0.00066458 0.00246172 0.00233393 0.000876476 -0.00197699 -0.00634646 -0.0112523 -0.0149924 -0.0169752 -0.0183921 -0.0206483 -0.0240005 -0.028352 -0.0344941 -0.0431702 -0.0527123 -0.0591167 -0.0594889 
-0.0632361 -0.0593692 -0.0532329 -0.0437386 -0.032261 -0.0221325 -0.0164496 -0.015936 -0.0178437 -0.0180084 -0.0145923 -0.00901457 -0.00382336 -0.000576774 0.000596197 3.32564e-05 -0.00233022 -0.00649217 -0.0113521 -0.0151191 -0.0171609 -0.0187052 -0.0212512 -0.025094 -0.0301419 -0.0373097 -0.0472641 -0.0577231 -0.0644129 -0.0655701 
-0.0631497 -0.0624062 -0.0588535 -0.0501679 -0.037945 -0.0266481 -0.0202346 -0.0194729 -0.0212678 -0.0212254 -0.0174194 -0.0111609 -0.0048777 -0.000217589 0.00225211 0.00236454 -4.47154e-05 -0.00458561 -0.00964173 -0.013139 -0.0144707 -0.0150906 -0.0168576 -0.0204778 -0.0260859 -0.0343897 -0.0453838 -0.0560683 -0.0622931 -0.0635878 
-0.0585551 -0.0594708 -0.0581842 -0.051806 -0.0412249 -0.0305371 -0.0237986 -0.0220437 -0.0225619 -0.0214305 -0.0169929 -0.0104223 -0.0036811 0.00192943 0.00555652 0.00631404 0.00369802 -0.00147586 -0.00685143 -0.00995544 -0.0102879 -0.00964895 -0.0103351 -0.0135952 -0.0198818 -0.0294646 -0.0413303 -0.0518712 -0.0573525 -0.0583052 
-0.052773 -0.0544031 -0.0548846 -0.051396 -0.0436251 -0.0343095 -0.0271145 -0.0235942 -0.0220352 -0.0195149 -0.0148075 -0.00873241 -0.0024028 0.00356718 0.00820357 0.00983436 0.00740963 0.00200023 -0.00338543 -0.00594834 -0.00536856 -0.00384702 -0.00410836 -0.00774095 -0.0150728 -0.0255354 -0.0372537 -0.0467952 -0.0514286 -0.0522318 
-0.0475545 -0.0494862 -0.0506136 -0.0489235 -0.0433898 -0.0353874 -0.0279107 -0.0228485 -0.0195263 -0.0161304 -0.0118258 -0.00689975 -0.001505 0.00442803 0.00986484 0.0125011 0.010804 0.00593911 0.00120263 -0.000643577 0.000416076 0.00186123 0.000729322 -0.00441755 -0.0129851 -0.0231498 -0.03284 -0.0401875 -0.0442616 -0.046051 
-0.0422389 -0.0437064 -0.0436774 -0.041828 -0.0374913 -0.0310854 -0.024413 -0.0189594 -0.0147463 -0.0110437 -0.00742834 -0.00369384 0.00077072 0.00643572 0.0121813 0.0154209 0.0145213 0.0107452 0.0072258 0.00611983 0.00690547 0.00701152 0.00383438 -0.00325654 -0.0123414 -0.0205816 -0.026644 -0.0312227 -0.0354036 -0.039301 
-0.0342961 -0.034292 -0.031911 -0.0290749 -0.0261249 -0.0224781 -0.0179724 -0.0130018 -0.00813684 -0.00392065 -0.000600267 0.00230034 0.0059322 0.0109545 0.0161892 0.0191463 0.018506 0.0156802 0.0133312 0.0126381 0.0124112 0.010384 0.00502505 -0.00308697 -0.0111409 -0.0162238 -0.0183026 -0.0203553 -0.0248222 -0.0305826 
-0.0223139 -0.0208403 -0.0168661 -0.0142743 -0.0141346 -0.0143619 -0.0124275 -0.00765885 -0.00143146 0.00414623 0.00781305 0.0100668 0.0125813 0.01632 0.0202217 0.0221192 0.0211163 0.0186493 0.0167918 0.0158868 0.014391 0.0106782 0.00446212 -0.00284583 -0.00851728 -0.010326 -0.00915785 -0.00897866 -0.0127877 -0.0188397 
-0.00762806 -0.0063699 -0.00337774 -0.00334552 -0.00725658 -0.0113596 -0.0112725 -0.0058833 0.00242878 0.0100164 0.0144427 0.0160058 0.0169598 0.0188698 0.0210497 0.021709 0.0202012 0.0177097 0.015681 0.0140733 0.011675 0.00782573 0.0030569 -0.00146942 -0.00415918 -0.00356569 -0.000334242 0.00205304 0.000321057 -0.00448156 
0.00628083 0.00499029 0.00436342 0.000370967 -0.00733948 -0.0141561 -0.0150908 -0.00906291 0.000992007 0.0104638 0.0158442 0.016965 0.0164725 0.0166224 0.0172552 0.0169443 0.0151589 0.0127244 0.0104889 0.00829998 0.00575249 0.00340554 0.00217035 0.00191782 0.00222339 0.00389703 0.00773718 0.0119358 0.012957 0.00994786 
0.0145579 0.00982527 0.0052707 -0.00163086 -0.0109581 -0.018738 -0.0205191 -0.0150312 -0.00471509 0.00575285 0.0120895 0.0133928 0.0122225 0.0112296 0.0107176 0.00963052 0.00765421 0.00551029 0.00363487 0.00168872 -0.000113013 -0.000125649 0.00278712 0.00693463 0.00956738 0.0108389 0.013489 0.0180695 0.02107 0.0194083 
0.0129913 0.00663631 0.00131119 -0.00465497 -0.0122787 -0.0193675 -0.0222401 -0.0187353 -0.00984661 0.000389484 0.0072636 0.00904505 0.00775793 0.0060339 0.00450318 0.00253655 0.000218333 -0.0015006 -0.00232425 -0.00293061 -0.00311492 -0.000877299 0.00494018 0.0117075 0.0151244 0.0146886 0.0144996 0.0172908 0.0201869 0.0187302 
0.00352937 -0.00115263 -0.00287416 -0.0041235 -0.00783711 -0.0134777 -0.0175614 -0.0166274 -0.0100132 -0.000936264 0.00569306 0.00744982 0.00574297 0.00304364 0.000294141 -0.00265307 -0.00531986 -0.00652275 -0.00597411 -0.00462526 -0.00273817 0.00107491 0.00752483 0.0140459 0.0164275 0.0138351 0.0104853 0.0102473 0.0112648 0.00906584 
-0.00284019 -0.00396495 -0.000887346 0.00227082 0.00126815 -0.00369736 -0.00886405 -0.00997761 -0.00532391 0.00241234 0.00813929 0.00901432 0.00617469 0.00213193 -0.00182918 -0.00547069 -0.00816258 -0.00879341 -0.00715187 -0.00424431 -0.000799571 0.003464 0.0085224 0.0126715 0.0132122 0.00946588 0.00481534 0.00307807 0.0031227 0.00103557 
0.00460532 0.00606592 0.0106081 0.0135995 0.0114444 0.00533298 -0.000838753 -0.00303729 0.000587494 0.00735202 0.0118692 0.0112689 0.00700437 0.00188114 -0.00266905 -0.00636604 -0.00870273 -0.00884093 -0.00672542 -0.00332993 0.000329174 0.00369907 0.0064011 0.00796171 0.00751039 0.0047168 0.00193927 0.00234938 0.00487368 0.00558335 
0.0235492 0.0251084 0.0268829 0.0256386 0.019664 0.0111534 0.00375368 0.000951604 0.00421994 0.0102829 0.0133345 0.0109934 0.00561277 0.000311311 -0.003807 -0.00685727 -0.00855444 -0.00821922 -0.00591628 -0.00271789 0.000125909 0.00183038 0.00236549 0.00245422 0.00248742 0.00229648 0.00343239 0.00845378 0.016042 0.0215123 
0.0415039 0.0415715 0.0392891 0.0336986 0.0244317 0.0135535 0.00445586 0.000840142 0.00389499 0.00929374 0.0107631 0.00681433 0.000929884 -0.00366194 -0.00652902 -0.00833401 -0.00894308 -0.0077124 -0.00485052 -0.00169322 0.000311467 0.000541995 -0.000387394 -0.000829013 0.000314021 0.00274726 0.00722932 0.0159576 0.0278185 0.0374436 
0.0502884 0.0493124 0.0444793 0.036552 0.0254456 0.0124514 0.0012116 -0.00350468 -0.000572314 0.00459028 0.00534833 0.000911402 -0.00464997 -0.00823009 -0.00975275 -0.0100182 -0.00897906 -0.00628894 -0.00255893 0.000662251 0.00202566 0.00113736 -0.00109194 -0.00233899 -0.000697837 0.00336283 0.00943151 0.0193474 0.0329269 0.0449081 
0.0509371 0.0504644 0.0452039 0.036581 0.0243051 0.0091899 -0.00442421 -0.0105788 -0.00794299 -0.00225874 -0.00020221 -0.00288959 -0.00706041 -0.00991134 -0.0107538 -0.00973803 -0.00699974 -0.00303957 0.000920952 0.00354072 0.0040483 0.00200421 -0.00220761 -0.00578522 -0.00526166 -0.000653669 0.00625329 0.0164301 0.0305443 0.0440048 
0.0466092 0.0475592 0.0437101 0.0364578 0.0246819 0.00841831 -0.00768104 -0.0166236 -0.0158212 -0.00966566 -0.00454487 -0.00342365 -0.00545257 -0.00817906 -0.00927547 -0.00762741 -0.00380389 0.000506909 0.00374804 0.00539873 0.00539455 0.00258729 -0.00408892 -0.011676 -0.0144582 -0.0107658 -0.00304985 0.00822332 0.0233791 0.0381563 
0.0395415 0.0415748 0.0403732 0.0372374 0.0292218 0.0140712 -0.00456481 -0.018553 -0.0221977 -0.0167888 -0.00851459 -0.00342164 -0.0037494 -0.00711959 -0.00913855 -0.00743602 -0.00318997 0.00098549 0.00387272 0.00602627 0.00746541 0.00550927 -0.00279162 -0.014683 -0.0223602 -0.0215717 -0.0139833 -0.00131822 0.0151554 0.0306276 
0.0344289 0.036741 0.03796 0.039685 0.0371867 0.024864 0.00391453 -0.0164507 -0.0262219 -0.0230215 -0.0132966 -0.00620823 -0.00627976 -0.010785 -0.0138288 -0.0124424 -0.00822213 -0.0038372 0.000407949 0.00570413 0.0111224 0.0120102 0.0038937 -0.010771 -0.0229669 -0.0260096 -0.019723 -0.00637922 0.0108147 0.0260904 
0.0354101 0.037925 0.0404113 0.0448486 0.0463134 0.0367463 0.0143195 -0.0114499 -0.0269469 -0.0270293 -0.0184571 -0.0120125 -0.0128839 -0.0180634 -0.0215876 -0.0208151 -0.0172366 -0.0125432 -0.00596547 0.0035508 0.0135512 0.0178375 0.0113609 -0.00352004 -0.017498 -0.0224578 -0.0167242 -0.00306344 0.0137637 0.0278765 
0.0399076 0.0433381 0.046849 0.0516866 0.0542935 0.0464933 0.0242774 -0.00378496 -0.0229553 -0.0269073 -0.0218238 -0.0177754 -0.0193064 -0.0238453 -0.0268777 -0.0267905 -0.0245762 -0.0204169 -0.0126235 -0.00072067 0.0116018 0.0177988 0.0134652 0.00117427 -0.0102543 -0.0127683 -0.00489657 0.00902123 0.0232135 0.033791 
0.0437082 0.047827 0.0525536 0.0566311 0.0581543 0.0511381 0.0312975 0.00516866 -0.0145492 -0.0219736 -0.0214441 -0.0203106 -0.0218779 -0.0246785 -0.0263144 -0.0264049 -0.025588 -0.0228523 -0.0158233 -0.00441277 0.00723783 0.0134275 0.011422 0.0042983 -0.000270267 0.00418044 0.0169218 0.0305685 0.0386186 0.0414397 
0.0490002 0.051661 0.0558699 0.0572862 0.0555113 0.0480032 0.0318825 0.011232 -0.00558827 -0.0145462 -0.0177639 -0.0191755 -0.0206745 -0.0217277 -0.0215717 -0.0208517 -0.0204397 -0.0190427 -0.0138691 -0.00459698 0.00505421 0.0107741 0.0116902 0.0113535 0.015978 0.0297564 0.0488393 0.0619421 0.0616359 0.0534865 
0.0579429 0.057258 0.0578604 0.0536536 0.0463218 0.0367729 0.0238682 0.00969579 -0.00174015 -0.00898868 -0.0132535 -0.0161444 -0.0180891 -0.0183354 -0.0165961 -0.0142815 -0.0131262 -0.0124782 -0.00951624 -0.00305348 0.00461028 0.01073 0.0154928 0.0221154 0.0352597 0.0573804 0.0822427 0.0950935 0.0874123 0.0692719 
0.0614199 0.058381 0.0549513 0.0449554 0.032485 0.0207132 0.00945 7.51416e-05 -0.00548922 -0.0080247 -0.0100216 -0.012957 -0.0158239 -0.0162288 -0.0133818 -0.00945488 -0.00738062 -0.00758584 -0.00761378 -0.00503496 0.000374276 0.0078124 0.0173578 0.0302668 0.0490731 0.0753534 0.102276 0.113559 0.10048 0.0763265 
0.0445365 0.0427124 0.0400471 0.030363 0.0183529 0.0072154 -0.00321889 -0.0107543 -0.0126416 -0.0104447 -0.0089158 -0.0109026 -0.0143318 -0.014827 -0.0110591 -0.00613591 -0.00402273 -0.00597672 -0.00997671 -0.012272 -0.00950999 -0.000221753 0.0146914 0.0328745 0.0536149 0.0779009 0.10015 0.105423 0.0867229 0.0594857 
0.00537749 0.00847215 0.0138709 0.0138499 0.0104848 0.00481795 -0.00398599 -0.012436 -0.0153124 -0.0127533 -0.0101114 -0.0112414 -0.0139467 -0.0133524 -0.00853535 -0.00344264 -0.00230423 -0.00639952 -0.0137703 -0.0196337 -0.018241 -0.00658512 0.0128967 0.0338317 0.052071 0.0682971 0.0794527 0.0741608 0.0484546 0.0188156 
-0.0372755 -0.0281135 -0.0117018 0.00177677 0.0108777 0.0143257 0.00963499 -0.000404385 -0.00879888 -0.0121229 -0.0129235 -0.0143603 -0.0152731 -0.0126107 -0.00692988 -0.00240775 -0.00245787 -0.00751523 -0.0152192 -0.0204251 -0.0170308 -0.00259853 0.0184094 0.0371286 0.0481717 0.0531486 0.0518252 0.0364447 0.00530331 -0.0256537 
-0.058687 -0.045981 -0.0244441 -0.00455271 0.0126789 0.0260013 0.0294484 0.0207091 0.00574986 -0.0074212 -0.015492 -0.0190822 -0.0186053 -0.0142371 -0.00839265 -0.00478731 -0.0053694 -0.00940958 -0.013992 -0.0143033 -0.00590565 0.0108845 0.0293541 0.0408207 0.0422797 0.0377804 0.0288974 0.00965289 -0.0212034 -0.0497573 
-0.0472937 -0.0345191 -0.0183577 -0.00483138 0.0117057 0.0326907 0.0469961 0.0436111 0.0246008 0.00179935 -0.0147534 -0.0221642 -0.0220386 -0.0175352 -0.0124996 -0.00995109 -0.0106009 -0.012892 -0.0134938 -0.00815145 0.00532194 0.0232925 0.0372102 0.0405105 0.0346859 0.0262784 0.0167753 0.000433843 -0.0237176 -0.0440311 
-0.00448593 0.00818713 0.0125379 0.0107917 0.018483 0.0406017 0.0618404 0.0638715 0.0442787 0.0160309 -0.00657631 -0.0179163 -0.020045 -0.0176575 -0.0149843 -0.0143694 -0.0159151 -0.0177364 -0.0162974 -0.00775612 0.00861344 0.0271256 0.0382956 0.0375733 0.0298907 0.022737 0.0164306 0.00609642 -0.00687439 -0.0123872 
0.0674624 0.0824672 0.0745015 0.0544882 0.0463841 0.0583996 0.0754945 0.0781509 0.0610386 0.0342639 0.0112612 -0.00200998 -0.00743794 -0.00937194 -0.011094 -0.0141063 -0.0182071 -0.0213466 -0.0199634 -0.0106563 0.00677775 0.0264489 0.0388542 0.0397792 0.0346351 0.0306347 0.0282186 0.0255294 0.0277493 0.0430039 
0.161084 0.17834 0.158443 0.119158 0.0896061 0.0811534 0.0837448 0.0822505 0.0700013 0.0510763 0.0335071 0.0212143 0.0128974 0.00600113 -0.000944177 -0.00846088 -0.0159878 -0.0211591 -0.0204949 -0.0112951 0.00653662 0.0282902 0.0452003 0.0516437 0.0508141 0.0497618 0.0519125 0.0599356 0.081214 0.119624 
0.246864 0.262608 0.231065 0.174124 0.123398 0.0932409 0.0796507 0.0728917 0.065808 0.0565814 0.0469176 0.0378156 0.0285574 0.0186175 0.00816611 -0.00259312 -0.0127235 -0.0194643 -0.0194689 -0.0107833 0.00683276 0.0306146 0.0532139 0.0669447 0.0712727 0.0730654 0.0802443 0.0998591 0.138784 0.19506 
