0.39652 0.339952 0.22696 0.121574 0.0568572 0.0266598 0.0103521 -0.00648595 -0.0265351 -0.0437833 -0.0501576 -0.0430557 -0.0284544 -0.0157057 -0.00921079 -0.00671342 -0.00494154 -0.0036589 -0.00342281 -0.00223773 0.00282237 0.0105003 0.0146379 0.0115333 0.00677159 0.0135279 0.0484479 0.126862 0.244401 0.356079 
0.330903 0.292185 0.201037 0.111097 0.0533183 0.0253496 0.0108808 -0.00311024 -0.0208057 -0.0378246 -0.0456286 -0.0397744 -0.0250504 -0.0111227 -0.00359629 -0.00106441 6.33597e-05 0.00103162 0.00167526 0.00325613 0.00793977 0.015005 0.0196191 0.0182265 0.0144175 0.0179377 0.0417755 0.0998937 0.19313 0.288593 
0.250437 0.231124 0.167921 0.100166 0.0533055 0.0284996 0.0155634 0.00471366 -0.00912531 -0.0241072 -0.0328651 -0.0299792 -0.0182217 -0.00581924 0.00143874 0.00381342 0.00451408 0.0054657 0.00675345 0.00869465 0.0125549 0.0181411 0.0219269 0.0204545 0.0155736 0.0145132 0.0274377 0.0660107 0.1338 0.209323 
0.178485 0.174149 0.136092 0.0898373 0.0540849 0.0324732 0.0208288 0.0130062 0.00333739 -0.00914427 -0.0190222 -0.0203856 -0.0135619 -0.004347 0.00196507 0.00442807 0.00534868 0.00682523 0.00894033 0.0111534 0.0141588 0.0184835 0.0217076 0.0201511 0.0140947 0.00928703 0.0143269 0.0383887 0.085237 0.141717 
0.126477 0.131081 0.111351 0.0815941 0.0542815 0.0346539 0.0235601 0.0180451 0.0118656 0.00136906 -0.00994764 -0.0156957 -0.0137733 -0.0075816 -0.00186727 0.00131082 0.00319846 0.00570444 0.00882448 0.0115365 0.0143644 0.0185081 0.0222674 0.0215133 0.0151869 0.00825825 0.00874236 0.0236947 0.0555004 0.0960391 
0.0954509 0.104487 0.0962552 0.0768167 0.0539001 0.0340168 0.0220055 0.0174526 0.0135569 0.00441481 -0.00795774 -0.0166365 -0.0176152 -0.0127177 -0.00655385 -0.0020939 0.00108524 0.00470903 0.00888421 0.012547 0.0161111 0.0209196 0.0255809 0.0258784 0.0200963 0.0126447 0.0110562 0.0207904 0.0426448 0.071272 
0.0785965 0.0894583 0.0879249 0.0743166 0.0529515 0.0312818 0.0171085 0.0120418 0.00913916 0.00106555 -0.0112052 -0.0205135 -0.0218329 -0.0163521 -0.00892765 -0.0031761 0.000903408 0.00512647 0.0100821 0.0149761 0.0197794 0.0251231 0.0296382 0.0299871 0.0250137 0.0185257 0.0167726 0.0237475 0.0392391 0.059575 
0.0659387 0.077026 0.0796723 0.0704404 0.0508034 0.0282035 0.0121352 0.0059064 0.00328991 -0.00349185 -0.0144055 -0.0227475 -0.0232499 -0.0168382 -0.00852705 -0.00228115 0.00172575 0.00560825 0.0107279 0.0166981 0.0226259 0.0276878 0.0304275 0.0294095 0.0252309 0.0210013 0.0205729 0.0261463 0.0371707 0.05137 
0.0520181 0.0621899 0.0676998 0.0631219 0.0473038 0.0264037 0.0102443 0.00355765 0.00162374 -0.00313745 -0.0119625 -0.019358 -0.0200784 -0.0143755 -0.00682688 -0.00145165 0.00137682 0.00398916 0.00852165 0.0150082 0.0215519 0.025638 0.0257297 0.0227122 0.0194282 0.018242 0.019993 0.02482 0.0323029 0.041566 
0.0394614 0.0478318 0.0547458 0.0544612 0.0438079 0.0268722 0.0126778 0.00687699 0.00646181 0.00424941 -0.00256791 -0.0101061 -0.0130179 -0.010224 -0.00520744 -0.00182307 -0.00081913 3.73542e-05 0.00339058 0.00968282 0.0163277 0.0194529 0.0173743 0.0128306 0.0106003 0.0125367 0.0168381 0.0216967 0.0268484 0.0325462 
0.0331121 0.0387436 0.0451289 0.0474619 0.0415223 0.0292558 0.0181019 0.0137968 0.0147062 0.014318 0.0086892 0.000259222 -0.00555424 -0.00628368 -0.00414488 -0.00273316 -0.00328252 -0.00397293 -0.00200101 0.00352531 0.00998547 0.0128166 0.00995023 0.00490555 0.00372473 0.00835043 0.0154349 0.0214991 0.0258764 0.0293072 
0.0324338 0.0343958 0.038704 0.0419356 0.0394722 0.0313275 0.0229087 0.0192435 0.019711 0.0191741 0.0137867 0.00506796 -0.00203064 -0.00450342 -0.00373532 -0.0030378 -0.00403703 -0.00547814 -0.00470093 -0.00032892 0.00566561 0.00877423 0.00635756 0.00165572 0.00131629 0.00798049 0.0178588 0.0259959 0.0305301 0.0320382 
0.0320029 0.0299335 0.0316873 0.0350911 0.0352711 0.0303868 0.023598 0.0188839 0.0166538 0.0140068 0.00847233 0.00111065 -0.00441009 -0.00577498 -0.0041924 -0.00262956 -0.00284126 -0.00413527 -0.00424383 -0.0014075 0.00345638 0.00656318 0.00486919 0.000742581 0.000851926 0.00876581 0.0209709 0.0312497 0.0360581 0.0354176 
0.0275844 0.0219035 0.0212874 0.0248181 0.0275332 0.0256638 0.0198852 0.0131254 0.00708802 0.00156696 -0.00395919 -0.00868308 -0.0107247 -0.00923737 -0.00564401 -0.00245308 -0.00129043 -0.00196767 -0.0027944 -0.00187122 0.000957449 0.00309337 0.00159438 -0.00214325 -0.00199669 0.00632689 0.0199846 0.0319065 0.0369241 0.0343806 
0.0198565 0.0112852 0.00853299 0.0122838 0.0178781 0.0195541 0.015259 0.00696222 -0.00219801 -0.00999881 -0.0153463 -0.0176507 -0.0165961 -0.0126871 -0.00753215 -0.00312349 -0.000862605 -0.00100012 -0.0024887 -0.00355469 -0.00324218 -0.00280134 -0.00451839 -0.00779892 -0.00761501 0.000538232 0.01468 0.0275094 0.0327201 0.0290094 
0.01338 0.00255452 -0.00188881 0.00239077 0.0111089 0.016617 0.0143677 0.00567635 -0.00499899 -0.0138612 -0.0191235 -0.0204534 -0.0183143 -0.0137917 -0.00842443 -0.00378448 -0.0011167 -0.0010154 -0.0030068 -0.00563676 -0.0075184 -0.00864835 -0.0102918 -0.0124177 -0.0115529 -0.00364866 0.0102116 0.0232097 0.0285 0.0241406 
0.0129891 0.000746503 -0.00447228 0.000696714 0.0119342 0.0201757 0.0193494 0.01068 -0.000358265 -0.00935613 -0.0147295 -0.0164657 -0.0150631 -0.0114377 -0.0068746 -0.00272567 -0.000185534 -4.10289e-05 -0.00223491 -0.00573386 -0.00903147 -0.0110839 -0.0120031 -0.0120954 -0.0096967 -0.00182276 0.0112858 0.023976 0.0293695 0.0247656 
0.0202122 0.00789323 0.00265187 0.00818851 0.0200574 0.0286832 0.0276476 0.018507 0.0073339 -0.00147347 -0.00692661 -0.00936213 -0.00904801 -0.00649813 -0.00279007 0.000755396 0.00296654 0.00306607 0.0008911 -0.00295735 -0.00705933 -0.00959439 -0.00958727 -0.00744654 -0.00320621 0.00474274 0.0168677 0.0291876 0.0352867 0.0316056 
0.0318414 0.0208403 0.0153259 0.0193413 0.0291621 0.0357988 0.0331572 0.0230616 0.0117404 0.00335383 -0.00165404 -0.00395881 -0.00374546 -0.00134997 0.00213672 0.00530641 0.00708707 0.00694064 0.00469948 0.000605411 -0.00414157 -0.00728464 -0.00700265 -0.00350731 0.00207175 0.0100903 0.0213852 0.0336783 0.0415151 0.0406623 
0.0422509 0.033185 0.0262536 0.0263461 0.0317529 0.0350246 0.0305227 0.0199151 0.00910415 0.00185303 -0.00180235 -0.00281078 -0.00146364 0.00178709 0.00563397 0.00854961 0.00967556 0.00889187 0.00621703 0.00167268 -0.00384422 -0.00804007 -0.00860085 -0.00520126 0.000884688 0.00922109 0.0204312 0.0333064 0.0436027 0.0469178 
0.047548 0.0398514 0.030302 0.0249544 0.0248664 0.0247221 0.0193708 0.00982084 0.000976237 -0.00415101 -0.00580634 -0.00496346 -0.00199811 0.00240222 0.00667421 0.00923654 0.00949405 0.00775065 0.00429966 -0.000883683 -0.00721131 -0.0127007 -0.0148968 -0.0126861 -0.00662756 0.00254664 0.0146438 0.0285651 0.0411321 0.0483022 
0.0469526 0.0392562 0.0266552 0.0161429 0.0112302 0.0088162 0.00437638 -0.00214052 -0.007588 -0.0100836 -0.00988657 -0.00756238 -0.00339907 0.00171554 0.00609143 0.00822624 0.00772187 0.0051073 0.000900203 -0.00481591 -0.0116836 -0.0182218 -0.0220906 -0.0213423 -0.0154233 -0.00508797 0.0083119 0.0230639 0.0366876 0.0457825 
0.0414312 0.0325282 0.0176166 0.00393383 -0.00371906 -0.00668451 -0.00872684 -0.0110498 -0.0126126 -0.012719 -0.0113325 -0.00832114 -0.00377073 0.00136194 0.00549245 0.00732769 0.00652426 0.00355509 -0.000985508 -0.0068453 -0.0137907 -0.0208402 -0.0258857 -0.0263125 -0.0205437 -0.00928947 0.00496262 0.0196088 0.0324808 0.0408869 
0.0325511 0.0222484 0.0066709 -0.00747429 -0.0153973 -0.0174722 -0.0167295 -0.0151826 -0.0134717 -0.011763 -0.00969723 -0.00660588 -0.00238973 0.00215009 0.00579071 0.00751802 0.0069112 0.00417885 -0.000179025 -0.00580579 -0.0125073 -0.0196358 -0.0253039 -0.0265505 -0.0211661 -0.00978579 0.00434237 0.0178133 0.0284539 0.0342458 
0.0218193 0.0110503 -0.00333868 -0.0156312 -0.0218751 -0.0222675 -0.0193253 -0.0152799 -0.0114966 -0.0085331 -0.00600378 -0.00316487 0.000219808 0.00374768 0.0067133 0.00836435 0.00814034 0.00592157 0.00199101 -0.0033151 -0.00978427 -0.0168637 -0.0228165 -0.024717 -0.0202125 -0.00979035 0.003159 0.0148118 0.0228149 0.0256718 
0.0103936 0.00055557 -0.0111851 -0.020193 -0.0236199 -0.0220309 -0.0177327 -0.012688 -0.00809254 -0.00449952 -0.00178536 0.000534313 0.0028384 0.0052187 0.00742565 0.00886557 0.0088562 0.00702447 0.00341809 -0.00173448 -0.00817473 -0.0152684 -0.0213777 -0.0239161 -0.020789 -0.0122758 -0.00130838 0.00839612 0.0143026 0.0151805 
-0.000622076 -0.00865053 -0.0171273 -0.0223771 -0.0226343 -0.0190943 -0.0140757 -0.00905976 -0.00461883 -0.00107131 0.00141797 0.00305442 0.0043741 0.00584233 0.00742745 0.00855622 0.00849132 0.00676278 0.00327172 -0.00186958 -0.0083743 -0.0154958 -0.0216855 -0.024809 -0.0232119 -0.0169908 -0.00833398 -0.000456084 0.00405248 0.00400951 
-0.0100311 -0.0164343 -0.0221147 -0.0241437 -0.0217148 -0.0166578 -0.0113206 -0.00669641 -0.00275605 0.000431538 0.00255374 0.00367917 0.00445871 0.00551662 0.00681681 0.00771568 0.00748492 0.00570181 0.00225054 -0.00282405 -0.00925263 -0.01625 -0.022357 -0.0258084 -0.0253691 -0.0210992 -0.0145876 -0.00844564 -0.00510665 -0.00573083 
-0.0167919 -0.0224508 -0.0266288 -0.0268696 -0.0230237 -0.0172713 -0.01183 -0.00734785 -0.00354951 -0.000445498 0.00161353 0.00268774 0.00347571 0.00460959 0.00596739 0.00682931 0.0065052 0.00468069 0.00131419 -0.00355037 -0.00968631 -0.0163467 -0.0221388 -0.0254936 -0.025488 -0.0223715 -0.0175387 -0.0130992 -0.0110623 -0.0124229 
-0.0204164 -0.026061 -0.0301227 -0.0302799 -0.0264831 -0.0207937 -0.0152007 -0.0103214 -0.00607265 -0.00261188 -0.000260169 0.00112314 0.00224577 0.00368498 0.00525204 0.00619756 0.00586583 0.00402634 0.000736128 -0.00389648 -0.00965457 -0.0158475 -0.0211322 -0.0240198 -0.0238158 -0.0211252 -0.0174826 -0.0145977 -0.0138202 -0.0158386 
-0.0213036 -0.0270055 -0.0316311 -0.0327126 -0.0297356 -0.0242881 -0.0182667 -0.0126499 -0.00779648 -0.00400098 -0.00142932 0.000212232 0.00161411 0.00326197 0.00493448 0.00590086 0.00551616 0.00357047 0.000208014 -0.00433291 -0.00976114 -0.0154179 -0.0200576 -0.0223097 -0.0216791 -0.0191007 -0.0162977 -0.0146204 -0.0147011 -0.0168934 
-0.0205832 -0.0259054 -0.030739 -0.0324917 -0.0300469 -0.0244911 -0.0178455 -0.01166 -0.00669162 -0.00315971 -0.000902939 0.000578882 0.00192714 0.00349683 0.00503858 0.00585135 0.00527116 0.00306777 -0.000527153 -0.00509343 -0.0101991 -0.015218 -0.0191187 -0.0207812 -0.0198713 -0.0174298 -0.0151968 -0.0142541 -0.0147407 -0.0167364 
-0.0195821 -0.0240106 -0.0280444 -0.0293396 -0.0265809 -0.0205824 -0.0135136 -0.00734673 -0.00300683 -0.000452291 0.000892198 0.00175805 0.00273808 0.00403276 0.00531761 0.00587531 0.00501021 0.00250049 -0.00130061 -0.00579018 -0.010433 -0.0147135 -0.0179252 -0.0192576 -0.0184191 -0.0162712 -0.0143837 -0.0137567 -0.0144336 -0.0163108 
-0.0195152 -0.0227206 -0.0250542 -0.0248413 -0.0211472 -0.0147812 -0.00785687 -0.00235911 0.000876196 0.00216203 0.00240031 0.00252552 0.00312464 0.00424688 0.00540696 0.00579381 0.00470688 0.00202632 -0.00172921 -0.00584661 -0.00983415 -0.0134038 -0.016187 -0.0175925 -0.0172256 -0.015615 -0.0140874 -0.0136851 -0.0146106 -0.0166416 
-0.0213374 -0.0232619 -0.0236125 -0.0215309 -0.0168191 -0.0104806 -0.0043443 3.47048e-05 0.00214609 0.00247508 0.00201557 0.00177455 0.00235009 0.0036636 0.00501719 0.00547124 0.00438336 0.00182539 -0.00152435 -0.00497415 -0.0082362 -0.0112933 -0.0139933 -0.0158044 -0.0161959 -0.0154532 -0.0146987 -0.0149274 -0.0163986 -0.0187668 
-0.0251061 -0.0259384 -0.0245605 -0.0208165 -0.0153376 -0.00947801 -0.00467015 -0.00168236 -0.00045503 -0.000420502 -0.00078767 -0.00071187 0.00035531 0.00224615 0.00409969 0.00490609 0.00414713 0.00209994 -0.000484402 -0.00308206 -0.00569038 -0.00847409 -0.0112938 -0.0135688 -0.0147703 -0.0152007 -0.0158538 -0.0174314 -0.0199162 -0.0227714 
-0.0292197 -0.0291721 -0.0264382 -0.0214239 -0.0155539 -0.0106085 -0.00757845 -0.00621865 -0.00571328 -0.00546281 -0.0051096 -0.00419071 -0.00229763 0.00035839 0.00287601 0.00428672 0.00422599 0.00310875 0.00163435 5.2165e-05 -0.00191825 -0.00448165 -0.00734643 -0.00988484 -0.0117802 -0.0135779 -0.0161527 -0.0196782 -0.0235809 -0.0270598 
-0.0310586 -0.03015 -0.0263445 -0.0205384 -0.0147838 -0.0111704 -0.0102223 -0.0106976 -0.0110325 -0.010599 -0.00949761 -0.00770095 -0.00498954 -0.00159941 0.00162326 0.00383526 0.00481364 0.00501917 0.00500323 0.00469374 0.00354893 0.00139868 -0.00126845 -0.00384643 -0.00635844 -0.00962427 -0.014296 -0.0198948 -0.0252231 -0.0292113 
-0.0290313 -0.0271267 -0.0225299 -0.0165471 -0.0115092 -0.00951019 -0.0106572 -0.0130286 -0.0145267 -0.0144196 -0.0130577 -0.0107324 -0.0074311 -0.00345532 0.000422062 0.00352017 0.00574338 0.0075365 0.0092502 0.0104721 0.0103948 0.00887761 0.00658748 0.00407057 0.000966063 -0.00371187 -0.0102631 -0.0175516 -0.0238472 -0.0278829 
-0.023928 -0.0208194 -0.015633 -0.0100266 -0.00621088 -0.00591846 -0.00892428 -0.0130523 -0.0159506 -0.0166845 -0.0155869 -0.0131235 -0.00951506 -0.00519275 -0.000864601 0.00298109 0.00638723 0.0097539 0.0131967 0.0159594 0.0169844 0.0161742 0.0143879 0.0121146 0.0086588 0.00290319 -0.00507629 -0.0135383 -0.0202947 -0.0238999 
-0.0182145 -0.0135186 -0.00755788 -0.00247448 -0.000137106 -0.00159721 -0.00624494 -0.0118627 -0.016053 -0.0177111 -0.017071 -0.0147188 -0.0111085 -0.00678912 -0.00236714 0.00188773 0.00614885 0.0107268 0.0154733 0.0193581 0.0212205 0.0211196 0.0201248 0.018596 0.0153685 0.00905456 1.32869e-05 -0.00943207 -0.0165665 -0.0196101 
-0.0139516 -0.00709455 0.000201694 0.0050056 0.00579764 0.0024474 -0.00380838 -0.0106104 -0.0156217 -0.0178066 -0.0174868 -0.0153987 -0.0121207 -0.00816633 -0.0039657 0.000383431 0.00507961 0.0102517 0.0154937 0.0196995 0.0219156 0.0225274 0.0227344 0.0225602 0.0201622 0.0137141 0.00376627 -0.00675397 -0.0144688 -0.0170313 
-0.011337 -0.00197676 0.00699817 0.0116922 0.0109128 0.00559362 -0.00218902 -0.00977833 -0.0149695 -0.0171054 -0.0168898 -0.0152354 -0.0126124 -0.00924937 -0.00536055 -0.00104377 0.00372161 0.0088022 0.0136352 0.0173169 0.0194021 0.0206729 0.0222736 0.0236874 0.0223136 0.0158854 0.0051774 -0.00625274 -0.0143872 -0.0163199 
-0.00933815 0.00200363 0.0121618 0.0165325 0.0143293 0.0074992 -0.00118442 -0.00891156 -0.013709 -0.0154216 -0.0152687 -0.0143039 -0.0126429 -0.0100032 -0.00640205 -0.0021606 0.00237035 0.00681234 0.0106487 0.0133904 0.0151407 0.0169137 0.0196229 0.0222258 0.0215375 0.0150625 0.00397361 -0.00756063 -0.0152352 -0.0160743 
-0.00726848 0.004559 0.0146499 0.0183687 0.0154247 0.0084039 0.000161412 -0.00684501 -0.0109466 -0.0122544 -0.0123337 -0.0123397 -0.0119634 -0.0103069 -0.00716824 -0.00317243 0.000891542 0.00447833 0.00728678 0.00926131 0.0107867 0.012775 0.0158625 0.0187725 0.0181162 0.0114832 0.000645945 -0.00972856 -0.0156679 -0.0149774 
-0.00500307 0.00568397 0.0145284 0.0175735 0.0149692 0.00936156 0.00294407 -0.00270787 -0.00617958 -0.00735208 -0.00779432 -0.00885482 -0.0100304 -0.00983792 -0.00766882 -0.0042507 -0.000731995 0.00216955 0.0043207 0.00592291 0.00731714 0.00907647 0.011667 0.0139568 0.012735 0.00592359 -0.00400424 -0.0120458 -0.015147 -0.0126972 
-0.00185286 0.00724336 0.0146362 0.0172781 0.0155684 0.0118923 0.00755497 0.00314471 -3.43412e-05 -0.00125018 -0.00187323 -0.00371842 -0.00652175 -0.00830416 -0.00772676 -0.0052255 -0.00216682 0.000413204 0.0022804 0.00366051 0.00474132 0.00580313 0.00730515 0.00845878 0.00639708 -0.000537344 -0.00916919 -0.0142411 -0.0138515 -0.00933026 
0.00398118 0.0128753 0.0198316 0.0222832 0.0206991 0.0174911 0.0137251 0.00951873 0.00618954 0.00500146 0.00461283 0.00241483 -0.00190706 -0.00593191 -0.00732804 -0.00592298 -0.00319504 -0.000666885 0.00104821 0.00206731 0.00255191 0.00271733 0.00309668 0.00316232 0.000313887 -0.00671352 -0.0140604 -0.0161358 -0.0119523 -0.00455324 
0.0141977 0.0252901 0.0333179 0.0354507 0.0321406 0.0265291 0.0206581 0.0151072 0.011257 0.0103368 0.0105246 0.0082356 0.00257149 -0.00358992 -0.00690836 -0.00655749 -0.00408522 -0.00153525 1.06064e-05 0.000558763 0.000411846 -9.56471e-05 -0.000387653 -0.000945753 -0.00427837 -0.0113493 -0.0176709 -0.0171328 -0.00906162 0.00239579 
0.0275348 0.0422117 0.0520376 0.0533834 0.0466212 0.0361615 0.0260407 0.0181451 0.0138825 0.0136904 0.0146908 0.0123952 0.00562867 -0.00224361 -0.00709596 -0.00761451 -0.00538346 -0.00283099 -0.00140889 -0.00119332 -0.00170223 -0.00240689 -0.0026839 -0.00307465 -0.00615688 -0.0128644 -0.0183921 -0.0160036 -0.00461331 0.0112442 
0.0378079 0.0549708 0.0659735 0.0662817 0.0559738 0.0405709 0.0262623 0.0165617 0.0128181 0.0141314 0.0162724 0.0141558 0.00670514 -0.00227802 -0.00818654 -0.00938893 -0.00742417 -0.00488862 -0.0034488 -0.00328896 -0.00382517 -0.00425344 -0.00371005 -0.00270747 -0.00410744 -0.0094659 -0.0144435 -0.011833 0.000562035 0.0186616 
0.0371477 0.0538732 0.0649576 0.0650682 0.0534466 0.0357583 0.0196085 0.00993578 0.00801324 0.0115574 0.0151844 0.0136404 0.00612819 -0.00332847 -0.00988903 -0.0116441 -0.00998134 -0.0075076 -0.00598687 -0.00572971 -0.00608873 -0.005823 -0.00352798 0.000434941 0.00254765 -0.000335249 -0.00542361 -0.00538454 0.00372948 0.0193502 
0.0231546 0.0366433 0.0473109 0.0491391 0.0397781 0.0237157 0.00882139 0.0009732 0.00149542 0.00723417 0.0123088 0.0116903 0.00472655 -0.00470001 -0.011653 -0.0138575 -0.0124879 -0.0101578 -0.00868241 -0.00841135 -0.00852743 -0.00719782 -0.00231934 0.00588419 0.0128391 0.0129999 0.00677573 0.00133315 0.0028093 0.0110612 
0.00200948 0.0104972 0.0204556 0.0255999 0.0215909 0.0106245 -0.000467047 -0.00564993 -0.00333722 0.00343895 0.00924688 0.00951135 0.00334242 -0.0059008 -0.0132163 -0.0158259 -0.0146789 -0.0125082 -0.0112154 -0.0110595 -0.0109082 -0.00833797 -0.000640739 0.0120284 0.0239657 0.0270873 0.0192468 0.0072708 -0.000607466 -0.00198962 
-0.0159691 -0.0138043 -0.00578802 0.00265655 0.00558957 0.00216601 -0.00334905 -0.00592801 -0.0034904 0.00233936 0.00759135 0.00820151 0.00261004 -0.00663927 -0.0145063 -0.017626 -0.0166697 -0.0145356 -0.0132851 -0.0130833 -0.0125196 -0.00881455 0.00109047 0.0171754 0.0331043 0.0389699 0.0305008 0.0138775 -0.00147454 -0.0115204 
-0.0228763 -0.0281321 -0.0240535 -0.0137578 -0.00385425 0.0013646 0.00215243 0.00141041 0.00197437 0.00477937 0.00807921 0.00829816 0.00292203 -0.00653974 -0.0151809 -0.0190663 -0.0183891 -0.0160428 -0.0143059 -0.0134569 -0.0121154 -0.0075695 0.00328646 0.0208175 0.03909 0.0477761 0.0411644 0.0240078 0.00527002 -0.0107252 
-0.0161931 -0.0289471 -0.0302866 -0.020145 -0.00483901 0.00803117 0.0141343 0.0138561 0.0110323 0.00958561 0.0101046 0.00943303 0.00409872 -0.00553426 -0.0149799 -0.0198147 -0.0194493 -0.016465 -0.013418 -0.0110738 -0.0085764 -0.00377321 0.00624602 0.0226666 0.0413173 0.0531461 0.0515935 0.0387121 0.0210382 0.00214486 
0.00145632 -0.0178109 -0.0251836 -0.0173823 0.000291006 0.0177463 0.0267413 0.0256416 0.0192786 0.0139303 0.0118239 0.0101319 0.00482926 -0.00465614 -0.0144878 -0.0199702 -0.0196022 -0.0154221 -0.0102983 -0.0058392 -0.00223448 0.00165371 0.00847973 0.0208914 0.0378488 0.0530795 0.059585 0.0554045 0.0428163 0.0239454 
0.0234384 -0.00131566 -0.0148262 -0.0111957 0.0055447 0.0239884 0.0334895 0.0312707 0.0227128 0.0150755 0.0111412 0.00842423 0.00313228 -0.0056439 -0.0148429 -0.0200226 -0.019092 -0.0134815 -0.00619073 0.00029367 0.00441362 0.00595642 0.00738366 0.0133837 0.0269296 0.0454534 0.0619343 0.0696569 0.0652108 0.0485353 
0.0421224 0.0127647 -0.00596927 -0.00669841 0.00730425 0.0243117 0.0329538 0.0301039 0.021038 0.0127317 0.00772357 0.00395419 -0.00141379 -0.00894844 -0.0163969 -0.0202878 -0.0186119 -0.0122143 -0.00372139 0.00397176 0.00803664 0.00676274 0.00228864 0.0012397 0.0104805 0.0313668 0.0575686 0.0779969 0.0829187 0.0692668 
0.0548814 0.0222869 0.000499126 -0.00290077 0.00843843 0.0229581 0.0299524 0.0266313 0.0178368 0.00971272 0.004224 -0.000441369 -0.00606394 -0.0124458 -0.0179269 -0.0204266 -0.0186424 -0.0129095 -0.00486417 0.00301001 0.0071541 0.00437963 -0.00409865 -0.0108347 -0.00620876 0.0148168 0.0478523 0.0792472 0.093451 0.0834006 
0.0686223 0.0342218 0.0108148 0.00596585 0.0148491 0.0260508 0.0302583 0.0256437 0.0168641 0.00929093 0.00408855 -0.000938727 -0.00705706 -0.0131473 -0.0175653 -0.0194307 -0.0184839 -0.014786 -0.00865017 -0.00135889 0.00356381 0.00157023 -0.00797569 -0.0184555 -0.0189314 -0.000882599 0.0349679 0.0752622 0.0999401 0.0962998 
0.0966121 0.0605177 0.0333676 0.0247661 0.0293711 0.0356049 0.0352953 0.0278659 0.0183416 0.0115488 0.00751397 0.00292267 -0.00366434 -0.0102573 -0.0145863 -0.0163725 -0.0164408 -0.0150327 -0.0113512 -0.00507917 0.00101751 0.00129005 -0.00747748 -0.0207769 -0.0272542 -0.0147775 0.0212731 0.0707012 0.110351 0.119447 
0.14902 0.109327 0.0720606 0.0531345 0.0491371 0.0480597 0.0416396 0.0300452 0.0189193 0.0127316 0.0102938 0.00697735 0.000739272 -0.00600389 -0.0102257 -0.0116322 -0.0118329 -0.0116848 -0.00996194 -0.00490805 0.00196672 0.00442958 -0.00338574 -0.0195263 -0.0324637 -0.026301 0.00986137 0.0710396 0.132293 0.162373 
0.225475 0.178954 0.123054 0.085052 0.0670748 0.0567797 0.043987 0.0280199 0.014578 0.00803614 0.00676031 0.00551059 0.0014099 -0.00378706 -0.00696967 -0.00738529 -0.00670417 -0.00644798 -0.00571532 -0.00189031 0.00497565 0.00883947 0.00185369 -0.0163532 -0.0342397 -0.0326824 0.00516026 0.0805043 0.168263 0.225813 
0.313049 0.257104 0.17593 0.111851 0.0760457 0.056371 0.0389184 0.0198697 0.00373609 -0.00472234 -0.00594169 -0.00445886 -0.00423628 -0.0057042 -0.00681171 -0.00608651 -0.00432487 -0.00331826 -0.0029024 -0.000220561 0.00608116 0.0109526 0.00569975 -0.0117974 -0.030538 -0.0298674 0.0111173 0.0997304 0.213128 0.299248 
0.387162 0.322812 0.217002 0.126781 0.0738238 0.0469636 0.0278243 0.00782362 -0.0108467 -0.0225744 -0.0249562 -0.020571 -0.014615 -0.0108692 -0.0093033 -0.00772221 -0.00540759 -0.00386887 -0.00360981 -0.00189927 0.0037458 0.00974638 0.00768887 -0.00560608 -0.0204729 -0.0171379 0.0263592 0.122203 0.252505 0.360818 
0.419521 0.353655 0.234823 0.128625 0.0649929 0.0347032 0.0164483 -0.00258199 -0.0228469 -0.0380296 -0.0423842 -0.0358572 -0.0245122 -0.0155153 -0.0112118 -0.00905851 -0.00680979 -0.0052375 -0.0051 -0.00394743 0.00129346 0.00843909 0.0100709 0.00254872 -0.00640308 0.000102774 0.0421898 0.134783 0.266742 0.384183 
