0.37207 0.356459 0.279772 0.190504 0.129251 0.101717 0.0892629 0.0762553 0.0629911 0.0540805 0.0463325 0.0348789 0.0217382 0.0118184 0.00597747 0.00127821 -0.00441073 -0.00902435 -0.00720187 0.0041725 0.021076 0.0349678 0.0413779 0.0448825 0.0537434 0.0713755 0.0995386 0.147896 0.225581 0.315837 
0.343446 0.321839 0.243333 0.153071 0.0910128 0.0647569 0.0564217 0.0493116 0.0428172 0.0411836 0.0400272 0.0325013 0.0197938 0.00804161 1.25766e-05 -0.00627432 -0.0130302 -0.0184028 -0.0168392 -0.00500611 0.0126709 0.0270787 0.0341162 0.039229 0.0506828 0.0712013 0.1015 0.148832 0.219649 0.298251 
0.259908 0.240882 0.178064 0.106167 0.0570103 0.0368198 0.0305179 0.024505 0.0197466 0.0210694 0.0241059 0.0208714 0.0108663 -0.00032119 -0.00909828 -0.0164284 -0.0239663 -0.0296148 -0.0278503 -0.015735 0.00190786 0.0163065 0.024392 0.0316413 0.0441725 0.0621082 0.0848975 0.118946 0.170458 0.227915 
0.169722 0.158657 0.120538 0.0771319 0.047173 0.0328104 0.023622 0.0126726 0.00422316 0.00380312 0.00761658 0.00741773 0.000780694 -0.00851491 -0.0169934 -0.024662 -0.0323744 -0.0378476 -0.0359402 -0.0243658 -0.00812653 0.0048861 0.0127758 0.0205695 0.0318094 0.044262 0.0570448 0.0768324 0.109889 0.148108 
0.107594 0.101546 0.0839615 0.066383 0.0542932 0.0444983 0.0306823 0.0125608 -0.002165 -0.0069941 -0.00473859 -0.00345355 -0.00737121 -0.0148221 -0.0227557 -0.0302622 -0.037362 -0.0417599 -0.0389888 -0.0275281 -0.0125189 -0.00117376 0.00523738 0.0112289 0.0190912 0.0263602 0.033148 0.0460228 0.0692209 0.0947218 
0.0788323 0.0697514 0.0610682 0.0596752 0.061344 0.0570486 0.0414105 0.0179939 -0.00260698 -0.0123327 -0.0128005 -0.011618 -0.0140451 -0.0199527 -0.0268813 -0.0334791 -0.0391489 -0.0415256 -0.0367229 -0.0239063 -0.00841186 0.00269854 0.00790973 0.0110667 0.0147208 0.0185068 0.0245125 0.0379712 0.0586935 0.0759763 
0.0697446 0.0516273 0.0418215 0.0477925 0.0599066 0.063003 0.0492591 0.0235219 -0.00114763 -0.0150243 -0.018751 -0.0190079 -0.0207079 -0.024479 -0.0290091 -0.0335069 -0.0372488 -0.0376628 -0.0309717 -0.0164501 0.000783272 0.0136127 0.0192906 0.0200287 0.0190044 0.0195699 0.0268359 0.044173 0.0658992 0.0775118 
0.0658993 0.0388498 0.0239419 0.0320376 0.0512808 0.0611507 0.0504366 0.0243566 -0.00224701 -0.0187747 -0.0253185 -0.027104 -0.02767 -0.0280495 -0.0286992 -0.0302058 -0.0321818 -0.0318579 -0.0250541 -0.0102707 0.00837342 0.0238162 0.0311991 0.0297176 0.0225568 0.0176252 0.0245306 0.045811 0.0707632 0.0807094 
0.0599765 0.0290488 0.0101537 0.0171901 0.0382279 0.050592 0.0417775 0.0171242 -0.00854534 -0.0251965 -0.0326633 -0.034553 -0.0329866 -0.0294475 -0.0261753 -0.0251318 -0.0263431 -0.0268959 -0.0219611 -0.00877239 0.00992132 0.0272383 0.0361675 0.0325081 0.018608 0.00624819 0.0100257 0.0334253 0.0626619 0.075468 
0.0514322 0.0230279 0.00349046 0.00691969 0.0231289 0.0323279 0.024203 0.00359804 -0.0173456 -0.0307666 -0.0365033 -0.0368888 -0.0331928 -0.0271828 -0.0219678 -0.0200998 -0.0217782 -0.0240656 -0.0217341 -0.0110517 0.00636451 0.0240869 0.0341061 0.0299474 0.0123588 -0.00571361 -0.00662568 0.0151446 0.0459413 0.0625947 
0.044657 0.0238048 0.0065709 0.00439215 0.0106877 0.0128646 0.00518272 -0.00892391 -0.0220672 -0.0296623 -0.0319535 -0.0306755 -0.0266806 -0.0212518 -0.0168847 -0.01574 -0.0180732 -0.0213902 -0.0208263 -0.0123484 0.00334419 0.0207052 0.0319734 0.0298516 0.0132206 -0.00673347 -0.0125155 0.00335811 0.030614 0.0489992 
0.0427857 0.0320252 0.0185177 0.0103384 0.00587502 0.000858186 -0.00610561 -0.0135495 -0.0188651 -0.0205805 -0.0197089 -0.0180958 -0.016221 -0.0139453 -0.012061 -0.0118739 -0.013898 -0.0167034 -0.0164995 -0.00929212 0.00522031 0.0224088 0.0348012 0.0349633 0.0207202 0.000800166 -0.00942441 -0.00126638 0.0199019 0.0389518 
0.0423005 0.0416667 0.0328999 0.0216865 0.0106542 0.001234 -0.0056043 -0.00960614 -0.0106003 -0.00879577 -0.00616688 -0.00532462 -0.00647351 -0.00776219 -0.00821018 -0.00850067 -0.00964239 -0.011353 -0.0108897 -0.00427116 0.0096552 0.0266572 0.0389146 0.0390531 0.0252168 0.00486854 -0.00887403 -0.00692256 0.00957299 0.0301232 
0.0379462 0.0451894 0.0425466 0.0340341 0.023104 0.0123259 0.00349792 -0.00207879 -0.00339595 -0.000732778 0.00287923 0.00346149 0.000466836 -0.00313294 -0.0050774 -0.00575516 -0.00663624 -0.00803987 -0.00765538 -0.00159291 0.0114696 0.0273158 0.0379744 0.0364982 0.0218469 0.000965674 -0.0147237 -0.0161808 -0.00207096 0.0198952 
0.0297168 0.0398903 0.0431392 0.0420885 0.0368808 0.0270857 0.0147399 0.00435483 -2.27019e-05 0.00216127 0.00693562 0.00868383 0.00564775 0.000968943 -0.00210793 -0.00350102 -0.00485282 -0.00660824 -0.00652051 -0.00117149 0.010246 0.0238322 0.032603 0.0303848 0.0161946 -0.00387749 -0.0195685 -0.0220978 -0.00950598 0.0113313 
0.0204816 0.0270168 0.0328516 0.0402597 0.0440912 0.0383818 0.0242823 0.00965143 0.00204943 0.00330338 0.00907115 0.0125081 0.0102969 0.00502267 0.00075806 -0.00151706 -0.00326048 -0.00501086 -0.00481308 -0.000100586 0.00934144 0.0205715 0.0283221 0.0269462 0.0146917 -0.00323012 -0.0171728 -0.0191074 -0.00816552 0.0081304 
0.0112668 0.0102727 0.0147192 0.0281015 0.0413628 0.0428621 0.0309628 0.0148425 0.00487768 0.00465073 0.0103549 0.0147945 0.0134549 0.00797762 0.00277124 -0.000236634 -0.00201988 -0.00326014 -0.00264157 0.00150235 0.00925209 0.0189507 0.0266325 0.0264791 0.0160189 0.000409611 -0.0109718 -0.0115771 -0.00248945 0.00778183 
0.00280829 -0.00393915 -0.00243684 0.0125295 0.0314543 0.039703 0.0320242 0.01634 0.00455743 0.00241053 0.00737585 0.012496 0.012466 0.00776996 0.00244753 -0.000985336 -0.00282471 -0.00371524 -0.0029878 0.000368643 0.00672434 0.0155336 0.023351 0.0238668 0.0144337 0.000684151 -0.00841731 -0.00801698 -0.000560661 0.00537004 
-0.00229383 -0.0101517 -0.0109849 0.00113371 0.0192015 0.0295271 0.0244781 0.0092757 -0.0040491 -0.00774079 -0.00286529 0.0037894 0.0061595 0.00354121 -0.00079634 -0.00416547 -0.00622433 -0.00735737 -0.00722599 -0.00511823 -0.000304069 0.00737721 0.0148105 0.0157314 0.00766917 -0.00387529 -0.0109759 -0.0100095 -0.00346633 0.00117538 
-0.00225686 -0.00864613 -0.0112351 -0.0045367 0.0078455 0.0155926 0.0106797 -0.00432159 -0.0183902 -0.0225447 -0.0167077 -0.00770762 -0.00229973 -0.00208352 -0.00453501 -0.00716717 -0.00940252 -0.0113989 -0.0127265 -0.0124898 -0.00964035 -0.00370598 0.00276988 0.00449449 -0.000677404 -0.00853182 -0.0130744 -0.0114845 -0.00537055 -0.000489813 
0.00149995 -0.00405802 -0.00872843 -0.00757364 -0.00143994 0.00277265 -0.00213818 -0.0156222 -0.0286486 -0.0322629 -0.0255378 -0.014919 -0.00725102 -0.00451965 -0.0048139 -0.00620987 -0.00845592 -0.0117403 -0.0152458 -0.01739 -0.0167215 -0.0127733 -0.00748632 -0.00461686 -0.0057711 -0.0086861 -0.0100267 -0.00777935 -0.00237809 0.00223512 
0.00620275 0.000372791 -0.00658954 -0.00970571 -0.00785303 -0.00526944 -0.00794102 -0.0171358 -0.0269769 -0.0298391 -0.0238498 -0.0139237 -0.0059756 -0.00196182 -0.000639894 -0.000916483 -0.00312097 -0.00761257 -0.0131811 -0.0174594 -0.0186106 -0.0164071 -0.0124411 -0.0089569 -0.00681032 -0.0054732 -0.00417795 -0.00165379 0.00281538 0.00679266 
0.0105335 0.00556421 -0.00225631 -0.00785526 -0.00856403 -0.00607171 -0.00484809 -0.0080584 -0.0138155 -0.0166209 -0.0134403 -0.00667612 -0.000543826 0.00319403 0.00497087 0.00504044 0.00273226 -0.00232763 -0.00876027 -0.0138586 -0.0157476 -0.0146579 -0.0121494 -0.0093896 -0.00650805 -0.00383623 -0.00189274 0.000509379 0.00494615 0.00970104 
0.015517 0.0142559 0.0086685 0.00289308 0.000479773 0.00240202 0.00615559 0.00730511 0.00429611 0.000544307 -2.25345e-05 0.00254183 0.00568984 0.00787001 0.00883762 0.00833123 0.00576181 0.000954896 -0.00478595 -0.00896591 -0.010121 -0.00915222 -0.00788664 -0.00700582 -0.00614603 -0.00544615 -0.00488829 -0.00251738 0.00342971 0.0109747 
0.0231268 0.0271026 0.0261907 0.0223947 0.0189209 0.0187135 0.021451 0.0229759 0.020188 0.0150183 0.0114354 0.0105551 0.0108359 0.0109461 0.0104264 0.00898711 0.00632418 0.0024419 -0.00157456 -0.00367749 -0.00297675 -0.00106475 -0.000207834 -0.00111316 -0.0032373 -0.00591186 -0.00743824 -0.00471038 0.00351601 0.014323 
0.0331641 0.0408916 0.0442119 0.0428606 0.0387506 0.0354937 0.0345659 0.0334289 0.0292865 0.0231687 0.0182469 0.0156397 0.0141344 0.0126138 0.0108471 0.00886585 0.00659863 0.00404507 0.00202799 0.00218967 0.00499071 0.00843191 0.00993673 0.00851644 0.00453782 -0.000669647 -0.00377022 -0.000628429 0.00928121 0.0219624 
0.0405996 0.049187 0.0541833 0.0539359 0.0492337 0.0434855 0.0391084 0.0352914 0.0302189 0.0243398 0.0197558 0.0171179 0.0152131 0.0130685 0.0108004 0.00883824 0.00728998 0.00611543 0.00589855 0.00785884 0.0121062 0.016632 0.0190301 0.0181903 0.0140821 0.00808937 0.00429823 0.00734377 0.0172978 0.0296223 
0.0375755 0.0455293 0.0505074 0.0502575 0.0452352 0.03853 0.0327699 0.0282098 0.0237782 0.0194521 0.0164292 0.0149529 0.0137845 0.0120034 0.00990439 0.00818073 0.00718754 0.00706326 0.00824378 0.0113237 0.0158489 0.0200285 0.0222405 0.0217799 0.0183174 0.0127397 0.00874876 0.0106467 0.0184709 0.0283446 
0.0207042 0.0287704 0.0342206 0.034435 0.0299693 0.0236947 0.0182449 0.0145404 0.0119387 0.009955 0.00907274 0.00929436 0.00947531 0.00874157 0.00734346 0.00598036 0.00522999 0.00561255 0.00759226 0.0110678 0.014806 0.0172098 0.0177405 0.0165332 0.0132124 0.00790741 0.00316816 0.00244821 0.00634604 0.0128738 
-0.00417575 0.00510319 0.0117595 0.0131308 0.00998846 0.00496188 0.000641652 -0.00160388 -0.0021732 -0.00191054 -0.00084369 0.000912636 0.00244136 0.00303091 0.0028111 0.00221287 0.00174179 0.0021977 0.00426331 0.00747214 0.00998652 0.0102574 0.008524 0.00565372 0.00138775 -0.00477114 -0.0114303 -0.0157607 -0.0160088 -0.0119732 
-0.0261223 -0.0163514 -0.00964941 -0.00788571 -0.00978032 -0.0130217 -0.0154822 -0.015988 -0.0149375 -0.0131788 -0.0108623 -0.00814802 -0.00572436 -0.00401425 -0.00290883 -0.00235853 -0.00224842 -0.00179565 -5.08229e-05 0.00261818 0.00423963 0.00321759 -0.000115401 -0.0047355 -0.0106796 -0.0184936 -0.0273514 -0.0346415 -0.0375145 -0.0344109 
-0.0377743 -0.0298148 -0.0254761 -0.0249675 -0.0262033 -0.0273376 -0.0273368 -0.025976 -0.0238279 -0.0213271 -0.0183936 -0.0152527 -0.0124752 -0.0101546 -0.00808081 -0.00650244 -0.00571612 -0.00510364 -0.00355931 -0.00116302 0.000361878 -0.000602553 -0.00422129 -0.00994015 -0.0174736 -0.0266679 -0.0366191 -0.0449481 -0.048498 -0.0455355 
-0.0396561 -0.0353081 -0.0349483 -0.0367208 -0.0377165 -0.0367758 -0.034285 -0.0311575 -0.0280965 -0.0250551 -0.0217647 -0.0185605 -0.0158601 -0.0133952 -0.0108669 -0.00875454 -0.00758258 -0.00679968 -0.00523707 -0.00272797 -0.000578607 -0.000350533 -0.00301286 -0.00892038 -0.0175001 -0.0274461 -0.0373739 -0.0453009 -0.048466 -0.0456722 
-0.0370213 -0.0363991 -0.0400883 -0.0442306 -0.0451319 -0.0423367 -0.0375375 -0.0325412 -0.0281587 -0.0242228 -0.0206043 -0.0176511 -0.0153241 -0.0129121 -0.0101885 -0.0079613 -0.00687193 -0.00627839 -0.00490278 -0.00230734 0.000693485 0.00260144 0.00153605 -0.00393517 -0.0131367 -0.0236601 -0.0334867 -0.0409122 -0.0436508 -0.041127 
-0.0346523 -0.0368617 -0.0435689 -0.0493971 -0.0499593 -0.0453041 -0.0381356 -0.0309383 -0.0247385 -0.0196226 -0.0157814 -0.0133332 -0.0114681 -0.00903479 -0.00610039 -0.00395355 -0.00336088 -0.00352504 -0.0029262 -0.000691601 0.0028627 0.00616116 0.00647856 0.00156215 -0.00790398 -0.0188616 -0.0288508 -0.0362711 -0.0391047 -0.0371385 
-0.0348692 -0.0389679 -0.0467934 -0.0524053 -0.0513704 -0.0443656 -0.0349184 -0.025916 -0.0184134 -0.0126453 -0.00897144 -0.0071326 -0.00559401 -0.00298024 0.000195165 0.00215422 0.00200186 0.000675016 4.14034e-05 0.00152236 0.00514161 0.0090394 0.00996487 0.00550474 -0.00356658 -0.0141921 -0.024041 -0.0317702 -0.0356136 -0.0353269 
-0.0376831 -0.0426469 -0.0489121 -0.051304 -0.0466108 -0.0367448 -0.0259548 -0.0169176 -0.00995771 -0.00485707 -0.00188047 -0.000581461 0.00082214 0.0035991 0.00682912 0.00844392 0.0075018 0.00505981 0.00331195 0.00407055 0.00737969 0.0110652 0.0119238 0.00804477 0.000290667 -0.00890493 -0.0179503 -0.0261357 -0.0321357 -0.0352168 
-0.0410933 -0.0453493 -0.0474011 -0.0442186 -0.03491 -0.0228623 -0.0125831 -0.00575966 -0.00123491 0.00215436 0.00427876 0.00530912 0.00667722 0.00933453 0.0121834 0.0131752 0.0114878 0.00831307 0.00596502 0.00622003 0.00889601 0.0118371 0.0124788 0.00959346 0.00384368 -0.00328201 -0.0111037 -0.0197296 -0.0284487 -0.0356994 
-0.0423928 -0.0441042 -0.0406794 -0.0320945 -0.0198905 -0.0080532 -0.000272143 0.0032243 0.00497206 0.0068423 0.00859066 0.00976234 0.0111434 0.0133662 0.0153736 0.0153645 0.0128257 0.00912979 0.00642044 0.00604532 0.00769182 0.00978818 0.010631 0.0092188 0.00557062 0.000344071 -0.00629516 -0.0149942 -0.0255937 -0.0357441 
-0.0402243 -0.0385531 -0.030699 -0.0193463 -0.00755724 0.00147003 0.00587432 0.00673167 0.00698609 0.00838611 0.0103187 0.0118296 0.013256 0.0150114 0.0160517 0.014789 0.0111012 0.00660599 0.00316527 0.0016712 0.00204793 0.00369001 0.00550652 0.00605026 0.00438984 0.000591879 -0.0051977 -0.0135111 -0.0242522 -0.0346494 
-0.0353454 -0.0314416 -0.0219916 -0.0109414 -0.00169371 0.00389422 0.00574237 0.00559505 0.00587775 0.00756503 0.00965527 0.0111686 0.0124927 0.0139647 0.0143458 0.0119798 0.00698862 0.00126482 -0.00340994 -0.00627788 -0.00696502 -0.00524401 -0.00192008 0.000989915 0.00163641 -0.000652487 -0.00579058 -0.013572 -0.0231941 -0.0318643 
-0.0300553 -0.0263262 -0.0178142 -0.00825539 -0.000996525 0.00271352 0.00358887 0.00350874 0.0043197 0.00630087 0.00815304 0.00908805 0.00988061 0.0110329 0.0111082 0.00815646 0.00223826 -0.004579 -0.0103282 -0.0141218 -0.0153845 -0.0135791 -0.00918461 -0.00409131 -0.00070987 -0.000933181 -0.00523242 -0.0124546 -0.0207144 -0.0275913 
-0.0270614 -0.0251857 -0.0178205 -0.00830634 -0.000787048 0.00295447 0.003709 0.00351845 0.00428717 0.00621809 0.00776171 0.00795703 0.00777472 0.00812536 0.00779613 0.0047302 -0.0012542 -0.00817857 -0.0139906 -0.0178389 -0.0194136 -0.0182205 -0.014047 -0.00784756 -0.00221315 -0.000417432 -0.00367518 -0.0101075 -0.0172698 -0.0236049 
-0.0271013 -0.026828 -0.0186808 -0.00671633 0.00283845 0.00722282 0.0075465 0.00640459 0.00627091 0.00783916 0.00942175 0.00935032 0.00817564 0.00717607 0.00590937 0.00280298 -0.00241766 -0.00821023 -0.0130199 -0.0164885 -0.0186272 -0.0187073 -0.0155895 -0.00930823 -0.00259345 0.000339851 -0.00207538 -0.00764033 -0.0142542 -0.0214337 
-0.0270091 -0.0269755 -0.0165068 -0.00143057 0.00976925 0.0139512 0.0131563 0.0106253 0.00922175 0.0102318 0.0121396 0.0125102 0.0109424 0.00866369 0.00615939 0.00287344 -0.00123489 -0.00534063 -0.00902387 -0.0125959 -0.0157385 -0.0168308 -0.0140969 -0.00746556 4.69079e-05 0.0038386 0.00213597 -0.00308815 -0.0102873 -0.019293 
-0.0216527 -0.0212369 -0.00961736 0.0058275 0.0158823 0.0182937 0.016289 0.0131284 0.011065 0.0114629 0.0134204 0.0144607 0.0133161 0.0106605 0.00748651 0.00423056 0.00120257 -0.00157619 -0.00491428 -0.00933437 -0.0133514 -0.0142711 -0.0104885 -0.00247804 0.00679376 0.0126604 0.0124181 0.00705275 -0.00179192 -0.0128233 
-0.00856365 -0.00858569 0.00104596 0.0126229 0.0180366 0.0171108 0.0143835 0.0122583 0.010879 0.0106304 0.0115836 0.0124901 0.0119964 0.0100097 0.00736182 0.00489502 0.00296761 0.000905332 -0.00272111 -0.00785427 -0.0116755 -0.0112311 -0.00599 0.0032075 0.0144804 0.0235388 0.0260768 0.0215213 0.0120025 0.000345042 
0.00837776 0.00699807 0.01306 0.0191637 0.0183705 0.012946 0.00939563 0.00923103 0.00944453 0.0083825 0.00713099 0.00664342 0.00630236 0.00538395 0.00421225 0.00342848 0.00289617 0.0013649 -0.00238719 -0.00720689 -0.00964099 -0.00772279 -0.00237306 0.00588415 0.0171709 0.0283666 0.0342628 0.0329275 0.0261234 0.0165556 
0.0201284 0.0179769 0.0224818 0.0256209 0.019916 0.00961408 0.00410203 0.00499048 0.00642828 0.00453314 0.00109797 -0.00091842 -0.0013756 -0.00138338 -0.000854311 0.000572924 0.00187702 0.0011602 -0.00223009 -0.00612139 -0.00727894 -0.005245 -0.00187784 0.0031057 0.0116936 0.0224774 0.0309725 0.0345841 0.0331869 0.0273003 
0.0210844 0.0195967 0.0253662 0.0286053 0.0204153 0.00635087 -0.00167741 -0.00134401 0.000160964 -0.00214747 -0.00612541 -0.00812514 -0.00810317 -0.0074118 -0.00557737 -0.0020618 0.00129943 0.00181878 -0.000872219 -0.00412336 -0.00530879 -0.00497894 -0.00492345 -0.00396723 0.000829358 0.0095824 0.019477 0.0275476 0.0309003 0.0276035 
0.0163841 0.0156843 0.0223012 0.0254363 0.016318 0.00117259 -0.00790101 -0.00870558 -0.00818415 -0.0106113 -0.0134994 -0.013853 -0.0126524 -0.0114649 -0.00903605 -0.00418121 0.00095514 0.0030759 0.00165856 -0.00086123 -0.00263998 -0.00468499 -0.00814868 -0.0110158 -0.00984175 -0.00323913 0.00755997 0.0188978 0.0250729 0.0226969 
0.0162043 0.0146254 0.0187242 0.019096 0.00935764 -0.00422176 -0.0118916 -0.0130541 -0.0139153 -0.0169729 -0.0190231 -0.0179467 -0.0158456 -0.0144539 -0.0119203 -0.00647796 -6.59198e-05 0.0039748 0.00486193 0.0042608 0.00287812 -0.000885417 -0.00775503 -0.0148624 -0.0177469 -0.0133117 -0.00131565 0.0136172 0.0230321 0.0221915 
0.0238132 0.0192534 0.0176423 0.0130523 0.00231606 -0.00868125 -0.0132375 -0.0130467 -0.0144159 -0.0186509 -0.0215714 -0.0209779 -0.0191748 -0.0178407 -0.0150929 -0.0091892 -0.00176632 0.00428614 0.00809487 0.0103507 0.0103484 0.00553908 -0.00478911 -0.0168999 -0.0246585 -0.0226396 -0.00895576 0.0109902 0.026028 0.0290349 
0.0340815 0.0249526 0.0159032 0.00540164 -0.00692164 -0.0157504 -0.0165923 -0.0130298 -0.0125993 -0.017037 -0.0215994 -0.0230066 -0.0225669 -0.0215125 -0.0183505 -0.0119402 -0.003801 0.00375936 0.00990686 0.0144916 0.0155937 0.00981158 -0.00362439 -0.0201435 -0.0318851 -0.031389 -0.0156446 0.00944107 0.0308191 0.0386703 
0.0431647 0.0290016 0.0120238 -0.00473637 -0.0192846 -0.027005 -0.0246684 -0.0167543 -0.012258 -0.0145889 -0.0194665 -0.0225801 -0.0237014 -0.0232544 -0.0201408 -0.0139023 -0.00592882 0.00208837 0.00937238 0.0151018 0.0166127 0.010193 -0.00474951 -0.0229453 -0.035383 -0.033967 -0.0162169 0.0115125 0.0364077 0.0476197 
0.0543986 0.0369869 0.013368 -0.00931436 -0.0267897 -0.0351075 -0.0316615 -0.0207616 -0.0121255 -0.010959 -0.01435 -0.0178915 -0.0201606 -0.0206997 -0.0186325 -0.0139119 -0.00748249 -0.000170237 0.00742469 0.013871 0.0160906 0.0106286 -0.00274396 -0.0185739 -0.0278039 -0.0233475 -0.00476052 0.0214786 0.0454465 0.0579901 
0.0733765 0.0565902 0.029378 0.00191149 -0.0192856 -0.0305178 -0.0291868 -0.0186227 -0.00831234 -0.00459364 -0.00612896 -0.00928881 -0.0122312 -0.0139784 -0.0138608 -0.0119468 -0.00838504 -0.00280807 0.00468322 0.0122568 0.0165988 0.0147218 0.00658371 -0.00310888 -0.0066261 0.00110348 0.0184544 0.0398286 0.0600425 0.0735531 
0.0999822 0.0869261 0.0587238 0.0275712 0.00223973 -0.0134062 -0.0166313 -0.00964585 -0.00100193 0.00279376 0.00197832 -0.000824883 -0.00401309 -0.00675306 -0.00883597 -0.0102868 -0.0102816 -0.00717575 -0.000287531 0.00862097 0.0162113 0.0197678 0.0190569 0.0174456 0.0205454 0.0311983 0.046496 0.0625227 0.0790485 0.0944769 
0.124348 0.115055 0.0868941 0.0535547 0.025876 0.00748202 2.87255e-05 0.00166807 0.0055114 0.00624802 0.00402896 0.000946439 -0.00183735 -0.00435251 -0.00745833 -0.0113569 -0.0143861 -0.0138539 -0.00825542 0.00118293 0.01135 0.0195613 0.0253319 0.0311204 0.0408725 0.0554549 0.0706592 0.0834492 0.0972361 0.11404 
0.129896 0.123471 0.0979459 0.0671988 0.0427772 0.0266325 0.017473 0.0130164 0.00909031 0.00319104 -0.00330914 -0.00782918 -0.00935232 -0.00939937 -0.0108335 -0.0147618 -0.0191686 -0.0206429 -0.0169117 -0.00838892 0.00226044 0.0123465 0.0213295 0.0315974 0.0466019 0.0658532 0.0830892 0.0941194 0.104042 0.118527 
0.105308 0.103271 0.0867326 0.0668114 0.0529432 0.0442224 0.0361062 0.026056 0.013132 -0.00174915 -0.0150575 -0.0225446 -0.0227284 -0.018876 -0.0165235 -0.018381 -0.0225723 -0.0251735 -0.0232234 -0.0163278 -0.00660378 0.00327058 0.0124836 0.0232851 0.0393142 0.0598506 0.0770207 0.0846275 0.087911 0.0959004 
0.0565194 0.0607787 0.057933 0.0541025 0.0546332 0.0561705 0.0523765 0.0406209 0.0218464 -0.000692582 -0.0211029 -0.0327363 -0.0331199 -0.0267987 -0.021541 -0.0215091 -0.0250056 -0.0276937 -0.0263009 -0.0201349 -0.0108775 -0.00113999 0.00736569 0.015551 0.026803 0.041438 0.0523951 0.0532427 0.0487838 0.0495098 
0.00615696 0.0143261 0.0211041 0.0292971 0.0416504 0.0538932 0.0585937 0.051596 0.0331414 0.00741966 -0.0174641 -0.0327484 -0.0351321 -0.029526 -0.0244268 -0.0244125 -0.0276258 -0.0294557 -0.0269245 -0.0198404 -0.00972252 0.00111901 0.00985441 0.0150089 0.018695 0.0225735 0.0226194 0.0149835 0.00463981 0.000925468 
-0.0174806 -0.0107042 -0.00516303 0.00373644 0.0203402 0.0406009 0.0548205 0.0553516 0.04055 0.0155106 -0.00985189 -0.0261613 -0.0303517 -0.0271258 -0.0242582 -0.0257217 -0.0292826 -0.0301738 -0.0258562 -0.0169247 -0.00502555 0.0078922 0.0183196 0.0227755 0.0216538 0.0167869 0.00691118 -0.00757933 -0.0197388 -0.0226767 
0.00812597 0.0113516 0.00631174 0.00459257 0.0160403 0.0370636 0.054484 0.0572045 0.0432496 0.0195225 -0.00353109 -0.0181004 -0.0224758 -0.0209796 -0.0201053 -0.0230264 -0.0273533 -0.0281636 -0.0227659 -0.0120171 0.00201255 0.0171188 0.0295736 0.0355489 0.0345024 0.0270143 0.012825 -0.00300353 -0.00959046 -0.00282275 
0.0898245 0.0913387 0.0709599 0.0506283 0.0478748 0.0597363 0.0699724 0.0661476 0.0482748 0.0249159 0.00467756 -0.00790979 -0.0124011 -0.0121208 -0.0122423 -0.0156853 -0.0205853 -0.0220654 -0.0166348 -0.00460897 0.0112729 0.0275455 0.0403618 0.0473627 0.048762 0.0439636 0.0329736 0.0252594 0.0357022 0.0642853 
0.209045 0.208939 0.169764 0.125126 0.101317 0.0970522 0.0944668 0.0812013 0.0593965 0.0374197 0.0197867 0.00732897 0.000546098 -0.00160183 -0.00271294 -0.00598835 -0.0109108 -0.013283 -0.00871789 0.00360388 0.0203032 0.0360311 0.0467441 0.0526166 0.0563506 0.0578458 0.0578791 0.0687122 0.10641 0.164664 
0.320293 0.314184 0.253904 0.18321 0.137012 0.117282 0.105555 0.0885531 0.0683567 0.051383 0.0375726 0.0245971 0.0139821 0.00787399 0.00476735 0.00127836 -0.0036985 -0.00715498 -0.00408845 0.00764838 0.0243001 0.0386781 0.0464688 0.050412 0.0564574 0.0664895 0.0822143 0.115734 0.18046 0.263388 
