0.359401 0.332615 0.241006 0.133906 0.0494606 0.000638859 -0.0175999 -0.0184295 -0.0140804 -0.0106341 -0.00935489 -0.00988062 -0.0111885 -0.0119954 -0.011488 -0.00919625 -0.00467324 0.00208577 0.00998441 0.0167402 0.0208511 0.0235598 0.0255988 0.0240672 0.0192694 0.0220067 0.04795 0.108411 0.202743 0.303983 
0.381935 0.354321 0.254664 0.13814 0.049297 0.00151937 -0.0148383 -0.0168541 -0.0167306 -0.0174719 -0.0174257 -0.0159792 -0.0141572 -0.0128418 -0.0118889 -0.0100832 -0.0059638 0.000956122 0.00944461 0.0166485 0.0204433 0.0216267 0.0205625 0.0148062 0.00653059 0.00843979 0.0371337 0.104208 0.208295 0.319863 
0.343896 0.318739 0.226131 0.119236 0.0413896 0.00334108 -0.00793621 -0.0106826 -0.0151457 -0.0206906 -0.022818 -0.0205339 -0.0164709 -0.0133702 -0.0118771 -0.010409 -0.00682323 -0.000194927 0.00859275 0.016827 0.0216235 0.0223103 0.018519 0.00845205 -0.00505948 -0.00939264 0.0130727 0.0758223 0.176754 0.284392 
0.275523 0.255349 0.180501 0.0956562 0.0365401 0.0103374 0.00363931 -0.000174717 -0.00849892 -0.0177018 -0.0216458 -0.0195072 -0.0149797 -0.0116831 -0.0105439 -0.00991041 -0.00762802 -0.00267197 0.00479503 0.0129974 0.0188211 0.0202659 0.0163756 0.00551965 -0.0107904 -0.0221668 -0.0102496 0.0413644 0.130363 0.224547 
0.212356 0.198009 0.142309 0.0793258 0.0360427 0.0178803 0.0135896 0.00914012 -0.000586919 -0.0105518 -0.01474 -0.0131978 -0.0100025 -0.00840677 -0.00883205 -0.00968562 -0.00937976 -0.00718056 -0.00265444 0.00360306 0.00920736 0.0120883 0.0112804 0.00483369 -0.00839972 -0.0221112 -0.0190592 0.0194501 0.0927217 0.170656 
0.163138 0.153345 0.112837 0.0659867 0.0330122 0.0192451 0.0163905 0.0129456 0.00491282 -0.00309114 -0.00631924 -0.00565531 -0.0048194 -0.00586912 -0.00835377 -0.0108873 -0.0126333 -0.0131879 -0.0117605 -0.00799182 -0.00301577 0.00192481 0.00614153 0.00727013 0.00162156 -0.00903611 -0.0107874 0.0150687 0.0705151 0.130813 
0.119321 0.111963 0.0833277 0.0499189 0.0263514 0.0172528 0.016757 0.0156767 0.0101544 0.00371801 0.00053852 -0.000252701 -0.00178245 -0.00503809 -0.00902063 -0.0127442 -0.0159058 -0.0181433 -0.018477 -0.0161311 -0.0112899 -0.00423225 0.0048125 0.0132445 0.0155237 0.00971685 0.00572295 0.0200757 0.0566457 0.0976568 
0.0803863 0.0748506 0.0565287 0.0359002 0.0224158 0.0191846 0.022092 0.023254 0.0180921 0.0100468 0.00472519 0.00208952 -0.000947259 -0.00520137 -0.00971655 -0.013852 -0.0173539 -0.0196599 -0.0199571 -0.0179149 -0.0135912 -0.00622636 0.00523651 0.0184834 0.0265003 0.0246529 0.0195356 0.0247502 0.0447721 0.0683636 
0.0545555 0.0511178 0.0408194 0.0299045 0.0240475 0.0255314 0.0311999 0.0328901 0.0253427 0.013491 0.00535146 0.00153088 -0.00174494 -0.00587079 -0.0101978 -0.0140838 -0.016892 -0.0178729 -0.0168529 -0.0147001 -0.0120158 -0.00686564 0.00400789 0.0192863 0.0308131 0.0318896 0.026805 0.0267383 0.0361083 0.0483618 
0.0414691 0.0395882 0.0342053 0.0290073 0.0277912 0.0325178 0.0392927 0.0389747 0.0274983 0.0124065 0.0029941 -0.00061988 -0.00314067 -0.0065549 -0.0103667 -0.0136661 -0.0153311 -0.0145203 -0.0118472 -0.00939162 -0.00832444 -0.00589967 0.00299059 0.0184043 0.0318294 0.0349171 0.0302028 0.0275548 0.0315133 0.0380576 
0.0310325 0.0307946 0.0291492 0.0282083 0.0311038 0.0389056 0.0454968 0.0415509 0.0263745 0.0100274 0.00111951 -0.00163504 -0.0034547 -0.00635832 -0.00972874 -0.0124668 -0.0131924 -0.0110235 -0.00712746 -0.00418062 -0.00344998 -0.00219444 0.00501812 0.0194882 0.0334839 0.0374952 0.0321916 0.0266938 0.0263358 0.0290448 
0.0177817 0.0204328 0.0235296 0.0272965 0.0341103 0.0439317 0.0493257 0.042434 0.026025 0.0108548 0.00324696 0.000513243 -0.00204479 -0.00550674 -0.00882405 -0.0110333 -0.0110083 -0.00805793 -0.00366247 -0.000487181 0.000582856 0.00183572 0.00787677 0.0208915 0.0347725 0.0395288 0.0335532 0.0244939 0.018613 0.0167476 
0.00421466 0.00992831 0.0180655 0.0262487 0.0352782 0.0447068 0.0483688 0.0411125 0.0272344 0.0156103 0.00943429 0.00527036 0.000131484 -0.00514801 -0.00879792 -0.0102518 -0.00920934 -0.00566802 -0.00142122 0.00110874 0.00160924 0.00225209 0.00699667 0.0186191 0.0325881 0.0389358 0.0337525 0.0222962 0.0111373 0.00436002 
-0.00667614 0.000608402 0.0116073 0.021847 0.0307118 0.0382406 0.040944 0.036085 0.0273509 0.0203407 0.0154766 0.00945205 0.0014626 -0.00570614 -0.00963392 -0.0101055 -0.00776086 -0.00362426 1.81506e-05 0.0008703 -0.000847859 -0.00235001 0.000603345 0.0110291 0.0251114 0.0331808 0.0298873 0.0182632 0.00446696 -0.00540984 
-0.0137056 -0.00709933 0.00282765 0.0112826 0.0178536 0.0236262 0.0270076 0.0260452 0.0226698 0.0197016 0.0161935 0.00959019 0.000637073 -0.00695287 -0.0105463 -0.01002 -0.00654384 -0.00199687 0.000819849 -0.000397458 -0.00498637 -0.00917637 -0.00811056 0.000791073 0.0137012 0.0220428 0.0206563 0.0111031 -0.00174401 -0.0118093 
-0.0158308 -0.0123713 -0.00731094 -0.00387987 -0.000730132 0.0041419 0.00938223 0.0123107 0.0130562 0.012973 0.011034 0.00551492 -0.00223649 -0.00861484 -0.011202 -0.0098011 -0.00564659 -0.000991984 0.00111224 -0.00157084 -0.0079941 -0.0137135 -0.013941 -0.00727913 0.00256446 0.00943886 0.00982238 0.00417582 -0.00492649 -0.0131794 
-0.01331 -0.0138214 -0.0147633 -0.0168305 -0.0166186 -0.0119429 -0.00502491 0.000469124 0.003616 0.00517176 0.00437051 0.000188015 -0.00574368 -0.0103242 -0.0116903 -0.00966879 -0.00529107 -0.000707526 0.00110342 -0.00193097 -0.00851652 -0.0141593 -0.0149629 -0.0109558 -0.00525767 -0.000894364 0.000826902 -0.000459363 -0.00470927 -0.0101059 
-0.00859421 -0.0101367 -0.0141567 -0.0192721 -0.0205996 -0.0162438 -0.0093341 -0.00374772 -0.000420399 0.00112284 0.00014138 -0.00376058 -0.00855072 -0.011644 -0.0119621 -0.00960517 -0.00535173 -0.000915661 0.00109417 -0.00118156 -0.00654514 -0.0111039 -0.0121132 -0.0106209 -0.00909263 -0.00809857 -0.00691389 -0.00576646 -0.00585875 -0.00728475 
-0.00463336 -0.00237263 -0.00468386 -0.00978251 -0.0118157 -0.00862509 -0.0034971 9.21458e-05 0.00162123 0.00147112 -0.0010219 -0.00566946 -0.0101142 -0.0122321 -0.0117247 -0.00914236 -0.00513472 -0.000893149 0.00160334 0.000858174 -0.00238602 -0.00541182 -0.00649741 -0.00696854 -0.00879258 -0.0115167 -0.0132013 -0.0128915 -0.0110799 -0.00827508 
-0.00306932 0.00484901 0.00665602 0.00278119 -0.000198559 0.00132946 0.00484587 0.00692828 0.00670265 0.00443239 -2.44707e-05 -0.00580031 -0.0103378 -0.0118785 -0.0107483 -0.00794829 -0.00414453 -0.000174985 0.00265892 0.00342148 0.00237188 0.000860449 -0.000244187 -0.00198172 -0.00574038 -0.0109866 -0.0156546 -0.017821 -0.0165681 -0.011507 
-0.00336539 0.00745796 0.0118896 0.00858321 0.0043374 0.00456661 0.00801579 0.0108307 0.0108436 0.00781097 0.00216631 -0.00446307 -0.00921385 -0.0105077 -0.00906766 -0.00617319 -0.00256646 0.00100227 0.00370663 0.00521329 0.00560142 0.00520312 0.00414212 0.00167745 -0.00279823 -0.0085576 -0.0140047 -0.0175213 -0.0177379 -0.0131757 
-0.00327673 0.00641027 0.0104433 0.00690307 0.00200044 0.00162997 0.00546943 0.00968172 0.0112309 0.00919239 0.0039747 -0.00246641 -0.00707401 -0.00831984 -0.0069749 -0.00426429 -0.000923465 0.00226006 0.00464615 0.00624861 0.0072277 0.00753543 0.00675056 0.00406213 -0.000468857 -0.00547716 -0.00979964 -0.0130135 -0.0142411 -0.0113997 
-0.000870195 0.00576091 0.00751782 0.00345819 -0.00114098 -0.00157497 0.00181296 0.00586464 0.0080538 0.00743792 0.00401291 -0.000829269 -0.00456916 -0.00581186 -0.00494449 -0.00272569 0.000310419 0.00338504 0.00580585 0.00751401 0.00871604 0.00945274 0.00914556 0.00679003 0.00277324 -0.00101761 -0.0038379 -0.00641659 -0.00819994 -0.00670263 
0.00349341 0.00736113 0.0065486 0.00171921 -0.00226899 -0.00229074 0.000413986 0.00304617 0.00424686 0.00409987 0.00263407 0.00010966 -0.0023144 -0.00358931 -0.00343642 -0.00186088 0.000943599 0.00421016 0.00701559 0.0089783 0.0102384 0.0110317 0.0109503 0.00911653 0.00614553 0.00395114 0.0025881 0.000495985 -0.00162895 -0.000809784 
0.00675933 0.00879857 0.00612355 0.000650518 -0.00266144 -0.00172428 0.00109784 0.00259398 0.00214217 0.00126864 0.000785205 0.000129259 -0.00102961 -0.00220026 -0.00259756 -0.00153818 0.00111805 0.00456121 0.00756666 0.00948216 0.0104655 0.0109183 0.0106448 0.00911316 0.00719682 0.00657066 0.00659833 0.00517962 0.00305182 0.00345746 
0.00591993 0.00693427 0.00375447 -0.00120206 -0.00336644 -0.00144124 0.00172176 0.00267031 0.000957255 -0.00102122 -0.00151098 -0.00114299 -0.00116698 -0.00175163 -0.0021125 -0.00127683 0.00112558 0.00433456 0.00701875 0.00847882 0.00898716 0.00901627 0.00843113 0.00693636 0.00551669 0.00557918 0.0062308 0.00533155 0.0034298 0.00349016 
0.00165374 0.00217512 -0.000295913 -0.0034413 -0.00409823 -0.00199471 0.000512352 0.000863089 -0.00122829 -0.00350584 -0.003967 -0.00297596 -0.00200638 -0.0016846 -0.0015449 -0.000740628 0.0011704 0.00368411 0.00573273 0.0067595 0.00703031 0.00685436 0.0060145 0.00438353 0.00295481 0.00282719 0.00310967 0.00206785 0.00022511 -9.75567e-06 
-0.00284407 -0.00268814 -0.00426859 -0.00552811 -0.00496472 -0.00341742 -0.00237616 -0.0027598 -0.00437018 -0.00572186 -0.0054871 -0.00399749 -0.00249409 -0.00158614 -0.00101208 -0.000218467 0.00115854 0.00294495 0.00450957 0.00543356 0.0057714 0.00550449 0.00434023 0.00243273 0.000891625 0.000489158 0.000203539 -0.00130216 -0.00330694 -0.00383531 
-0.00574205 -0.00601665 -0.00730149 -0.00769381 -0.00664512 -0.00564104 -0.00563152 -0.00632977 -0.00706889 -0.00710563 -0.00602324 -0.00429763 -0.00279343 -0.00182432 -0.00112848 -0.000358262 0.000744466 0.00221777 0.00370358 0.00475066 0.00511099 0.00452168 0.0027889 0.000472276 -0.00109583 -0.00141842 -0.00181723 -0.00348356 -0.00551586 -0.00620943 
-0.0072016 -0.00806254 -0.00965041 -0.0101672 -0.00930314 -0.00852956 -0.00859958 -0.00897743 -0.00898107 -0.0082725 -0.00684229 -0.00512104 -0.00370122 -0.00277904 -0.00210236 -0.00134089 -0.000235652 0.00129989 0.00291929 0.00401555 0.00412067 0.00294883 0.000578085 -0.00204223 -0.00343928 -0.00337975 -0.00347248 -0.00485498 -0.00656168 -0.00721034 
-0.00760143 -0.00942602 -0.0116471 -0.0126303 -0.0121989 -0.0115355 -0.0112798 -0.0111556 -0.0107562 -0.00988189 -0.00849139 -0.00678952 -0.00523337 -0.00416612 -0.00346613 -0.00271218 -0.00154701 6.41132e-05 0.00166408 0.00255927 0.0022823 0.000696892 -0.00188987 -0.00437067 -0.0053364 -0.00478751 -0.00440697 -0.00518326 -0.00626891 -0.00685895 
-0.0070232 -0.00997979 -0.0128918 -0.0143185 -0.0143145 -0.0138189 -0.0133724 -0.0129777 -0.012426 -0.0115142 -0.0101565 -0.00843396 -0.0067102 -0.00545379 -0.00469504 -0.00397098 -0.00286032 -0.00140823 -0.000125161 0.000409262 -5.98197e-05 -0.00149902 -0.00361717 -0.00550223 -0.00598192 -0.00512959 -0.00437779 -0.00444855 -0.00479175 -0.00535735 
-0.00597173 -0.00941548 -0.0127162 -0.0145945 -0.0151221 -0.0149026 -0.0143869 -0.0138697 -0.0132967 -0.012376 -0.0110191 -0.00935138 -0.00766213 -0.00637022 -0.00558451 -0.00492425 -0.00402142 -0.00297573 -0.00220071 -0.00198535 -0.00232022 -0.00311957 -0.00430576 -0.00537979 -0.00553485 -0.00481392 -0.00417034 -0.00392037 -0.00369611 -0.00400945 
-0.00532645 -0.00810135 -0.0111936 -0.0134875 -0.0147254 -0.014913 -0.0143162 -0.0136109 -0.0130647 -0.0122941 -0.0110867 -0.0096158 -0.00813576 -0.00694648 -0.00619039 -0.00563667 -0.00502931 -0.00447914 -0.00421317 -0.00419051 -0.0042165 -0.00427793 -0.0045233 -0.00484105 -0.00486911 -0.00469957 -0.00478571 -0.0048957 -0.00447683 -0.00416291 
-0.00532379 -0.00667649 -0.00907962 -0.0115965 -0.0135317 -0.0142124 -0.0136018 -0.0126808 -0.0121318 -0.0115832 -0.010645 -0.00946147 -0.00826054 -0.00724405 -0.0065853 -0.00618527 -0.00585921 -0.00569764 -0.00579395 -0.00588851 -0.00567754 -0.00523115 -0.0048576 -0.0047217 -0.0048518 -0.00542488 -0.0064707 -0.00723528 -0.00680699 -0.00563703 
-0.00535316 -0.00533373 -0.00704176 -0.00960966 -0.0119787 -0.0130387 -0.0125115 -0.0114598 -0.0108275 -0.0103805 -0.00968456 -0.00882299 -0.00794626 -0.00716226 -0.00666528 -0.00644446 -0.0063349 -0.00640652 -0.00673621 -0.00698752 -0.00674179 -0.00605509 -0.00536584 -0.00508102 -0.0054876 -0.0067394 -0.00848427 -0.00963598 -0.00909359 -0.00709421 
-0.00502782 -0.00417663 -0.00553186 -0.00808872 -0.0105057 -0.0116042 -0.0110967 -0.00995977 -0.00916346 -0.00866401 -0.00814084 -0.00761708 -0.00710437 -0.00660129 -0.00629336 -0.00622047 -0.00624657 -0.00647609 -0.00705701 -0.00762447 -0.0075668 -0.00681141 -0.00591 -0.00551171 -0.00609556 -0.0077615 -0.00984086 -0.011055 -0.0103029 -0.00771064 
-0.00481459 -0.00364907 -0.00490249 -0.00731882 -0.0093889 -0.0101653 -0.00956674 -0.00839947 -0.00743933 -0.00677136 -0.00629241 -0.00603136 -0.00585737 -0.00564664 -0.00552303 -0.00552908 -0.00560001 -0.0059497 -0.00682614 -0.00783184 -0.0081428 -0.00751838 -0.00653709 -0.00596279 -0.00642047 -0.00812277 -0.0103276 -0.0116021 -0.0107752 -0.00791499 
-0.00540363 -0.00414322 -0.00518159 -0.00709549 -0.00845636 -0.00869861 -0.00800994 -0.00698851 -0.00602113 -0.0051505 -0.00454274 -0.00438243 -0.00446549 -0.00452796 -0.00456389 -0.00458535 -0.00465032 -0.00508848 -0.00616706 -0.00749478 -0.00822988 -0.0080427 -0.00736133 -0.0067853 -0.0069595 -0.00841606 -0.0106862 -0.0122087 -0.0115164 -0.00860712 
-0.00684797 -0.00554227 -0.00600205 -0.00687257 -0.00720889 -0.00682788 -0.00605794 -0.00531921 -0.00456989 -0.00364133 -0.0029199 -0.00283572 -0.0031554 -0.00344309 -0.00355128 -0.00352744 -0.00361883 -0.00417322 -0.00528486 -0.00664689 -0.00774623 -0.00829628 -0.0083797 -0.00820093 -0.00829496 -0.00952749 -0.0118389 -0.0135923 -0.0129715 -0.0100017 
-0.00845305 -0.00712633 -0.00668568 -0.0060951 -0.00525139 -0.00426609 -0.00338458 -0.00289714 -0.00248521 -0.00176302 -0.00122777 -0.00145464 -0.00208875 -0.00249596 -0.00250853 -0.00237179 -0.00253952 -0.0032421 -0.00426826 -0.00546322 -0.00686388 -0.00827898 -0.00934639 -0.00990497 -0.0103729 -0.0116613 -0.0138846 -0.0154835 -0.014593 -0.0114497 
-0.00914027 -0.00762159 -0.00615072 -0.00417899 -0.00240698 -0.00104898 -0.000110571 0.000215474 0.000315703 0.000634039 0.000627427 -0.000222853 -0.00127972 -0.00171585 -0.00151442 -0.00122485 -0.00142591 -0.00219098 -0.00307933 -0.00408713 -0.00572611 -0.00784522 -0.00968043 -0.0109672 -0.0121416 -0.0137318 -0.0156142 -0.016604 -0.0152673 -0.0120052 
-0.00782482 -0.00583338 -0.00358305 -0.000958399 0.00107372 0.00247689 0.0034389 0.00374894 0.00369515 0.00361958 0.00293524 0.00128187 -0.000362678 -0.000973431 -0.000681706 -0.000259638 -0.000340044 -0.000994255 -0.00175246 -0.00264269 -0.0044118 -0.00692007 -0.00909512 -0.0107528 -0.0125109 -0.0143214 -0.015573 -0.0157006 -0.0140147 -0.0107784 
-0.00376414 -0.0017408 0.000132612 0.00221869 0.00402307 0.00566545 0.00709984 0.00780619 0.00786334 0.0075114 0.00618127 0.0036625 0.00118291 -1.37188e-05 7.36763e-06 0.000466496 0.000652155 0.000238686 -0.000451502 -0.00133699 -0.00322425 -0.00606758 -0.00851581 -0.0102657 -0.0120964 -0.013617 -0.0138128 -0.0127025 -0.0103779 -0.00692591 
0.00303795 0.00339292 0.00285252 0.00328467 0.00511432 0.00801507 0.0109413 0.0126541 0.0129664 0.012224 0.0101425 0.00673696 0.003332 0.00128492 0.000733534 0.00105803 0.00145712 0.00125147 0.000529468 -0.000506968 -0.00264858 -0.00604001 -0.00908092 -0.0109184 -0.0122117 -0.0126417 -0.0111022 -0.00794881 -0.00402502 0.000191698 
0.0109734 0.00776321 0.00328714 0.0017562 0.00438059 0.00965081 0.0148872 0.0178732 0.0182549 0.0167886 0.0137827 0.00960812 0.00554965 0.00283183 0.00167129 0.00162642 0.00192754 0.00173732 0.000956927 -0.000184558 -0.00241818 -0.00611235 -0.00961209 -0.0113709 -0.0116831 -0.0105702 -0.00706142 -0.00150271 0.0045816 0.00958226 
0.0160805 0.0088261 0.000871921 -0.00159696 0.00283036 0.0110618 0.0185881 0.0223897 0.0224177 0.0201494 0.0164551 0.011886 0.00756576 0.00446786 0.0027042 0.00195308 0.00172668 0.00142501 0.000907421 0.000300656 -0.00112152 -0.00406585 -0.00722736 -0.00863556 -0.00815678 -0.00609461 -0.00156267 0.00535141 0.0125853 0.0172459 
0.0142008 0.00382374 -0.00535951 -0.00653824 0.0010744 0.0126578 0.0219949 0.0257755 0.0250036 0.0221692 0.0183266 0.0137291 0.00928877 0.00586215 0.00337269 0.00154305 0.000430656 7.66556e-05 0.000459572 0.00146588 0.00214645 0.00111116 -0.00120853 -0.00268187 -0.00243708 -0.000544352 0.00389399 0.0106361 0.0168447 0.0189462 
0.00618208 -0.00655779 -0.0147379 -0.0124399 -0.000421163 0.0147785 0.0256316 0.0289496 0.0271457 0.023787 0.0198219 0.0150175 0.0102441 0.00641888 0.00319146 0.000206826 -0.00186589 -0.00218733 -0.000525963 0.00278229 0.00637153 0.00780848 0.00630656 0.00419253 0.00364549 0.00535369 0.00992006 0.0158951 0.0190387 0.0159435 
-0.00156259 -0.0170536 -0.0238092 -0.0176098 -0.0013684 0.0169396 0.0291977 0.0323889 0.0297843 0.0256509 0.020917 0.0152378 0.00974502 0.00546744 0.00170941 -0.00206217 -0.00477616 -0.00503683 -0.00230818 0.00312675 0.00955126 0.0134741 0.013101 0.011226 0.0114775 0.0149855 0.021111 0.0263369 0.0250028 0.0147016 
-0.00354163 -0.022819 -0.0299413 -0.0218034 -0.00317117 0.0169649 0.0305258 0.0344669 0.0318445 0.0269505 0.0209816 0.0140179 0.00758748 0.00276438 -0.0014093 -0.00558877 -0.00856459 -0.00877531 -0.00542934 0.00149098 0.0100943 0.0162146 0.0176947 0.0179541 0.0216351 0.029466 0.0385044 0.0430008 0.0368762 0.0193817 
0.000777232 -0.0226448 -0.0328675 -0.0260233 -0.00739659 0.0132969 0.0280591 0.0336114 0.031987 0.0268704 0.0199128 0.0119372 0.00470831 -0.000837764 -0.00570666 -0.0104147 -0.0136487 -0.0138669 -0.0102093 -0.00257224 0.00704481 0.0145696 0.0181867 0.0215353 0.0294786 0.0420592 0.0540932 0.0583174 0.0493806 0.027961 
0.00818147 -0.0176146 -0.0318873 -0.0285044 -0.0118225 0.0081136 0.0233567 0.0304842 0.0302992 0.0255444 0.0183249 0.0101487 0.0025823 -0.00386695 -0.0100021 -0.015766 -0.0195082 -0.0197328 -0.0159264 -0.00854039 0.000348301 0.00780822 0.0130767 0.0191789 0.0299712 0.0450804 0.0587029 0.0635376 0.0553642 0.0351901 
0.0137487 -0.0108835 -0.026738 -0.026127 -0.0122366 0.00525218 0.0190638 0.0261993 0.0266578 0.0224294 0.0159114 0.00873759 0.00165419 -0.00553495 -0.013235 -0.0203823 -0.0247001 -0.0248061 -0.0209572 -0.0145926 -0.00778988 -0.00176308 0.00421365 0.0120512 0.0235346 0.0382286 0.0517181 0.0577968 0.0527276 0.0369683 
0.0144196 -0.00696193 -0.0209522 -0.0204708 -0.00876788 0.00516966 0.0154779 0.0203039 0.0198227 0.0159934 0.0111843 0.00628537 0.000763741 -0.00633626 -0.0149993 -0.0230817 -0.0276425 -0.0274793 -0.0235963 -0.0181924 -0.013379 -0.00926873 -0.0039683 0.00373926 0.0139086 0.0265259 0.0394519 0.0473783 0.0456613 0.0337805 
0.0127143 -0.0071724 -0.0188034 -0.0167258 -0.00584265 0.00491666 0.0110906 0.0123662 0.0100439 0.00667948 0.00414788 0.00197746 -0.00148074 -0.00752751 -0.0158124 -0.0236136 -0.0277616 -0.0272577 -0.0233403 -0.0182868 -0.0144285 -0.0121854 -0.00934124 -0.0040948 0.00363771 0.0145104 0.0279918 0.0388908 0.0406347 0.0309726 
0.0140877 -0.00827911 -0.0204181 -0.0174656 -0.00655863 0.00239029 0.00565202 0.00429661 0.000886486 -0.00153026 -0.00199075 -0.00231376 -0.00449098 -0.00935414 -0.0162363 -0.0226217 -0.0258266 -0.0251176 -0.0214207 -0.0164718 -0.0128851 -0.0123517 -0.0129514 -0.0111454 -0.00531237 0.00541189 0.0208446 0.0358118 0.0418987 0.0340177 
0.0202108 -0.00751154 -0.0234603 -0.0217616 -0.0109122 -0.00216899 0.000663595 -0.000777063 -0.00351673 -0.00458062 -0.0038247 -0.00382559 -0.00617438 -0.0106288 -0.0161415 -0.0208872 -0.0231421 -0.022484 -0.0193222 -0.0147657 -0.0115823 -0.0123777 -0.015392 -0.0155011 -0.00979089 0.00223289 0.0202642 0.0394296 0.0498744 0.04336 
0.0288263 -0.00405683 -0.0249182 -0.0262391 -0.0162372 -0.00679219 -0.00212713 -0.00117855 -0.00198392 -0.0021371 -0.00148522 -0.00244066 -0.00601811 -0.0110223 -0.015975 -0.01961 -0.0211035 -0.0203201 -0.0173524 -0.0132102 -0.0107314 -0.012109 -0.0149661 -0.0139936 -0.00671578 0.00699035 0.0272822 0.049405 0.0620983 0.0553058 
0.0371577 0.00304942 -0.0207093 -0.0256196 -0.0180465 -0.00883013 -0.00202088 0.00210193 0.0031715 0.00270688 0.00188038 -0.000698791 -0.00573997 -0.0117586 -0.0169251 -0.0200304 -0.0206763 -0.0190167 -0.0153145 -0.0110394 -0.00892458 -0.0095666 -0.00944504 -0.00470301 0.00489807 0.0193262 0.0398539 0.0616833 0.0729705 0.0645242 
0.0408303 0.0121727 -0.0105063 -0.0186855 -0.0152446 -0.00800767 -0.000160367 0.0063054 0.00830068 0.00654341 0.00364623 -0.000514241 -0.00661803 -0.0133867 -0.0187996 -0.0213779 -0.020762 -0.0175569 -0.0126682 -0.00795258 -0.00542657 -0.00376172 0.00122634 0.0108484 0.0222128 0.0347337 0.0507105 0.0664687 0.0725606 0.0634719 
0.0359504 0.0185039 -0.000227006 -0.0112095 -0.0120653 -0.00672573 0.00186107 0.00960892 0.0115494 0.00832858 0.00373403 -0.00151511 -0.00810269 -0.0149203 -0.019859 -0.0212608 -0.0188377 -0.0138316 -0.00790943 -0.00278046 0.000854499 0.00564693 0.0152494 0.0282343 0.0387679 0.0448408 0.0495475 0.0532259 0.0527719 0.0471396 
0.0260287 0.021186 0.00638997 -0.00700736 -0.010722 -0.00570426 0.00391713 0.0119615 0.0130878 0.00866361 0.0029995 -0.00286678 -0.00939216 -0.015416 -0.0189333 -0.0185093 -0.0141304 -0.0074285 -0.000375656 0.00577793 0.0113298 0.0189234 0.0306252 0.0430728 0.0486881 0.0437657 0.032568 0.022361 0.0183508 0.0216533 
0.0238948 0.0278446 0.0141847 -0.00198188 -0.00800114 -0.00357717 0.00567249 0.0125931 0.0126556 0.00769397 0.00152724 -0.00468518 -0.010686 -0.0151022 -0.016395 -0.013869 -0.00792372 3.99758e-05 0.00849417 0.0165469 0.0244681 0.0336202 0.0441785 0.0521841 0.0501484 0.0336818 0.00874822 -0.0102289 -0.0113801 0.00482855 
0.0456197 0.0505143 0.0322107 0.0100657 -0.00135 -0.00140981 0.00423862 0.00915107 0.00944631 0.00568643 -9.52661e-05 -0.00656102 -0.0120964 -0.0147998 -0.0137527 -0.0092771 -0.00223487 0.0064974 0.0160865 0.0257125 0.0350047 0.0439038 0.0513491 0.0537944 0.045273 0.0226027 -0.00629778 -0.0229794 -0.0134598 0.0170446 
0.100861 0.0985876 0.0677691 0.0324274 0.00853516 -0.00193396 -0.00277008 0.000748052 0.00372764 0.00347774 -0.000598341 -0.00704271 -0.012654 -0.0146266 -0.0123383 -0.00685757 0.000641689 0.00958681 0.0194313 0.0291805 0.0379524 0.0452137 0.0499261 0.0492079 0.038826 0.0184377 -0.00197865 -0.00414958 0.0231372 0.0682156 
0.186224 0.173108 0.122787 0.0656028 0.021674 -0.00362562 -0.0120623 -0.00937139 -0.00310601 0.000674375 -0.000740663 -0.00616 -0.0116801 -0.0138591 -0.0119181 -0.00695883 -5.72979e-05 0.0082927 0.0174311 0.0260914 0.0331973 0.038709 0.0424666 0.0418759 0.0340004 0.0221963 0.0185868 0.0387211 0.0885896 0.150099 
0.283122 0.26103 0.188338 0.104443 0.0376431 -0.0023315 -0.0174086 -0.0162651 -0.00933353 -0.00397835 -0.003199 -0.00635571 -0.0104492 -0.0125273 -0.0115973 -0.00810818 -0.00254783 0.00474132 0.0129006 0.0202779 0.025676 0.0298593 0.0334109 0.0335408 0.0286649 0.0261352 0.0401303 0.0833848 0.157408 0.238913 
