0.286491 0.299632 0.236839 0.139023 0.0508187 -0.0055645 -0.0292465 -0.0295153 -0.0184479 -0.00723163 -0.00157388 -0.000992601 -0.00303907 -0.00592219 -0.00855518 -0.0105437 -0.0115091 -0.0103585 -0.00638928 0.00046111 0.0116091 0.0291042 0.0510956 0.0692028 0.0723105 0.0575095 0.0399902 0.0486463 0.106493 0.203436 
0.295529 0.298722 0.231369 0.135979 0.0534759 0.00165414 -0.0213562 -0.0245872 -0.0170576 -0.00739941 -0.00150318 -0.00044826 -0.00269075 -0.00632281 -0.00979454 -0.0125182 -0.0143931 -0.0146467 -0.0124764 -0.0074617 0.00237263 0.0199862 0.0439207 0.0644838 0.0686821 0.0540933 0.0391185 0.0548498 0.120973 0.219786 
0.268687 0.260328 0.196203 0.115233 0.0502297 0.0130495 -0.0015754 -0.00370281 -0.000289218 0.00343464 0.00387048 0.000927458 -0.00370342 -0.00848951 -0.0123069 -0.0149661 -0.0169669 -0.0179895 -0.0169288 -0.0127762 -0.00350986 0.0135157 0.0365629 0.0558941 0.0591638 0.0452285 0.03352 0.0542134 0.121446 0.210504 
0.216649 0.199604 0.146103 0.0874456 0.0462996 0.0284666 0.0256651 0.0263818 0.0248603 0.0197108 0.0113804 0.00217257 -0.0058976 -0.0120876 -0.0160126 -0.0181393 -0.0197863 -0.021092 -0.0203536 -0.0157126 -0.00579333 0.0100602 0.0291036 0.0433674 0.0440375 0.0320156 0.0252012 0.0488559 0.10995 0.180361 
0.149057 0.130194 0.0922851 0.0577954 0.0402002 0.0398078 0.0463244 0.0482641 0.0418026 0.0293536 0.0147517 0.00150282 -0.00877127 -0.0159267 -0.0198686 -0.0214071 -0.0223958 -0.023335 -0.0222073 -0.0167418 -0.00664199 0.00651376 0.0194479 0.0270215 0.0246661 0.0150714 0.0128189 0.0355274 0.0835561 0.131388 
0.0856971 0.0717197 0.049344 0.0335826 0.0319989 0.0413282 0.0511702 0.0522689 0.043211 0.0284599 0.0126507 -0.00126833 -0.0120516 -0.0193556 -0.0230227 -0.0239109 -0.0238067 -0.0234428 -0.0213286 -0.0156707 -0.0069281 0.00250338 0.00990191 0.0125333 0.00846956 0.000810268 0.000304114 0.0176069 0.0497397 0.0781887 
0.0511275 0.0439966 0.0310931 0.0229618 0.025515 0.0351429 0.0433137 0.04372 0.0358769 0.023204 0.00897911 -0.00439293 -0.0149211 -0.0215592 -0.0244415 -0.0245512 -0.0231243 -0.0209227 -0.0174892 -0.0119218 -0.00473072 0.00228625 0.007603 0.00989881 0.00753882 0.00169591 -0.000499418 0.00872568 0.0278457 0.0454056 
0.0518221 0.0496484 0.0386846 0.0272164 0.0229409 0.0255969 0.0300598 0.031807 0.0284457 0.0197112 0.00712054 -0.00605204 -0.0161002 -0.0215208 -0.0232996 -0.0227476 -0.0204369 -0.0168494 -0.0121827 -0.00614743 0.000841939 0.00768686 0.0141618 0.0200882 0.0227767 0.0196323 0.0146288 0.0166057 0.0285367 0.0433274 
0.0692746 0.070925 0.0595688 0.040798 0.0248955 0.0174852 0.0180918 0.0226442 0.0248199 0.0198749 0.00822861 -0.0051313 -0.0148393 -0.0192791 -0.0202746 -0.0195558 -0.0173187 -0.0135626 -0.00833396 -0.00139595 0.00651731 0.0140613 0.0219181 0.0314403 0.0394535 0.0400348 0.0344064 0.0327321 0.0418721 0.0572124 
0.0783394 0.085054 0.077121 0.0559178 0.0321515 0.0165741 0.0136079 0.019782 0.0254821 0.0227607 0.0115838 -0.00192586 -0.0116352 -0.0158631 -0.0167391 -0.0163697 -0.0150197 -0.0123156 -0.00773738 -0.000724936 0.00759419 0.0151211 0.0227452 0.0331496 0.0438604 0.0477115 0.043705 0.0411414 0.0484229 0.0634725 
0.0662303 0.078971 0.0792265 0.0640307 0.0411784 0.0226159 0.0163783 0.0210925 0.0267641 0.0245347 0.0140352 0.00114 -0.00832569 -0.0125868 -0.0135515 -0.0135397 -0.013148 -0.0119267 -0.00904564 -0.00371974 0.00308832 0.00931001 0.0156479 0.024839 0.0351936 0.0401672 0.037468 0.0339183 0.0377346 0.0500301 
0.0376054 0.0546384 0.0638462 0.0592462 0.0438616 0.0270357 0.018482 0.0200326 0.0238046 0.0216645 0.0127917 0.0017862 -0.00656576 -0.0104693 -0.0112996 -0.0112871 -0.0113112 -0.0111081 -0.0100546 -0.00745282 -0.00353764 0.000632563 0.00549892 0.0126775 0.0208244 0.0250914 0.022786 0.0174985 0.0159994 0.0227454 
0.0067326 0.0247507 0.0395479 0.0436296 0.0359949 0.0226026 0.013621 0.0135305 0.0165235 0.0152926 0.00877049 0.00035734 -0.00635255 -0.00967598 -0.0103375 -0.0101786 -0.0102061 -0.0104898 -0.0108122 -0.0105356 -0.00901303 -0.00628834 -0.00242582 0.00265413 0.00774481 0.0103242 0.00837593 0.00218604 -0.00434754 -0.00434426 
-0.0137756 0.0033956 0.019191 0.0259501 0.0214598 0.0103214 0.00277611 0.00405803 0.00855454 0.00900458 0.00461073 -0.00159516 -0.00687897 -0.00973719 -0.0103442 -0.0101288 -0.0101934 -0.0109105 -0.0121797 -0.0130589 -0.0122484 -0.00952455 -0.00589619 -0.00286199 -0.00163618 -0.00216082 -0.00438043 -0.00994245 -0.018257 -0.0220087 
-0.0163005 0.000837755 0.0139511 0.0166007 0.00894801 -0.00278452 -0.00835822 -0.00382973 0.00350961 0.0057007 0.00252159 -0.00256584 -0.00711228 -0.00976644 -0.010428 -0.0103074 -0.0105656 -0.0116225 -0.013107 -0.0136395 -0.0118182 -0.00801474 -0.00454861 -0.00425147 -0.00811496 -0.0135134 -0.0174342 -0.0211233 -0.0260104 -0.0265877 
-0.000678776 0.0174661 0.0259358 0.0204504 0.00533202 -0.00981478 -0.0144429 -0.00672321 0.00364316 0.00746986 0.00468338 -0.000596233 -0.00555102 -0.00871527 -0.00987695 -0.0101632 -0.0106801 -0.0116777 -0.0124804 -0.0115188 -0.0077118 -0.00246657 0.000383422 -0.0029335 -0.0124723 -0.0229662 -0.0285337 -0.0287555 -0.0257528 -0.0172564 
0.021104 0.0384276 0.0421842 0.030213 0.00921578 -0.00903734 -0.0136354 -0.00414252 0.00827367 0.0134192 0.0106357 0.00427135 -0.00212607 -0.00660551 -0.00880079 -0.00976085 -0.0105018 -0.0112039 -0.0112203 -0.00904603 -0.00371154 0.00274776 0.00515424 -0.000992151 -0.0144082 -0.0273702 -0.0322053 -0.0276945 -0.0166206 0.000114413 
0.0327502 0.0453348 0.0458265 0.0333187 0.0131952 -0.00402028 -0.00803512 0.00135106 0.0134384 0.018375 0.0151192 0.0078465 0.000465264 -0.00487429 -0.00779671 -0.00919231 -0.00993578 -0.0103309 -0.0100813 -0.00784073 -0.00229013 0.00470666 0.00722185 0.000207663 -0.0139345 -0.0258047 -0.0274882 -0.0187517 -0.00378851 0.0143434 
0.0307945 0.0367885 0.0361033 0.0279697 0.0140952 0.00131795 -0.00166066 0.00580759 0.0148476 0.0174501 0.0132995 0.00639622 5.67019e-05 -0.00437907 -0.0069335 -0.0081797 -0.00861308 -0.0086142 -0.0082562 -0.00635056 -0.00122262 0.00561536 0.00801075 0.000849038 -0.0125199 -0.0218202 -0.0198821 -0.0084237 0.00634216 0.0200367 
0.025538 0.027868 0.0281757 0.0247609 0.0162265 0.00644197 0.00286806 0.00683349 0.0114675 0.0110418 0.00648798 0.00149178 -0.0020003 -0.00415047 -0.00561649 -0.00649727 -0.00658203 -0.00607684 -0.00527756 -0.00321399 0.00167719 0.00780446 0.00909558 0.00104029 -0.0119652 -0.0192066 -0.0144826 -0.00141066 0.011956 0.0208431 
0.0230455 0.0270135 0.0303704 0.0294871 0.0220923 0.0117295 0.00564249 0.00572835 0.00661889 0.00419806 0.000109323 -0.00251531 -0.00307642 -0.00306472 -0.00368553 -0.00453725 -0.00454062 -0.00352956 -0.0019853 0.000614321 0.00529554 0.0102281 0.00982363 0.00059104 -0.0122267 -0.0179708 -0.0115934 0.00170223 0.0131861 0.0194025 
0.0182952 0.0261373 0.0332772 0.0338824 0.0262364 0.0149985 0.00730094 0.00511909 0.00410109 0.000990071 -0.00247436 -0.00361242 -0.00255459 -0.00149315 -0.00192366 -0.00307368 -0.00317096 -0.00169165 0.000670312 0.00381333 0.00817547 0.0119873 0.0105167 0.00127453 -0.0102949 -0.0145873 -0.00830052 0.00240039 0.00993972 0.0136498 
0.00741905 0.0167344 0.0261914 0.0286419 0.022678 0.0133001 0.00676231 0.00466138 0.00348562 0.000578449 -0.00244759 -0.00312818 -0.00171256 -0.000512231 -0.00106954 -0.00245544 -0.00259114 -0.00072298 0.00235923 0.00607666 0.0104689 0.0140015 0.0127989 0.00519371 -0.00377406 -0.00667373 -0.00249522 0.00273807 0.00414951 0.00378968 
-0.00487003 0.00276124 0.0121436 0.0160362 0.0127227 0.0065361 0.00255974 0.00193111 0.00177962 -0.000154991 -0.00255378 -0.00308634 -0.00174527 -0.000592043 -0.00109179 -0.00237208 -0.00240966 -0.00034988 0.00315205 0.00742654 0.0122859 0.0162351 0.0160178 0.0107028 0.00468247 0.00286519 0.00420873 0.0036588 -0.000792432 -0.00550751 
-0.0127148 -0.00748928 0.000346956 0.00421977 0.00223863 -0.0019558 -0.00411946 -0.0033739 -0.00210693 -0.00245141 -0.00370747 -0.00388431 -0.00261054 -0.00143459 -0.00159639 -0.00240301 -0.00217813 -0.000134439 0.00335673 0.00785132 0.0129879 0.0170806 0.0173887 0.0136971 0.00973643 0.00846571 0.00779107 0.0037371 -0.0038983 -0.0110097 
-0.0165058 -0.0128682 -0.00666901 -0.00329545 -0.00451932 -0.00761903 -0.00924144 -0.008344 -0.00634916 -0.00511905 -0.0048733 -0.00443333 -0.00326059 -0.00221181 -0.00206505 -0.00229028 -0.00173437 0.000156922 0.00328161 0.00747077 0.0121744 0.0155604 0.0155053 0.012366 0.00915986 0.00769773 0.00590027 0.000776718 -0.00718025 -0.0142234 
-0.0192989 -0.0166726 -0.0116267 -0.00788373 -0.00720519 -0.00861625 -0.0101499 -0.0102424 -0.00869534 -0.00664376 -0.0051065 -0.00397768 -0.00290415 -0.00215348 -0.00195007 -0.00182441 -0.00110305 0.000503142 0.00305551 0.00654231 0.0102721 0.012503 0.0117597 0.00863363 0.00533892 0.00308894 0.0004239 -0.00468881 -0.011598 -0.0173546 
-0.0215144 -0.0196528 -0.0154924 -0.0111312 -0.00828217 -0.00771091 -0.00887822 -0.00992144 -0.00930138 -0.00725054 -0.00498117 -0.00317883 -0.00195747 -0.00137853 -0.00125971 -0.00108497 -0.000449996 0.000764723 0.00269489 0.00541417 0.00822917 0.00961491 0.00851023 0.00543491 0.00192568 -0.0010948 -0.00444152 -0.00939994 -0.015326 -0.0199483 
-0.0216058 -0.0205009 -0.0174485 -0.0134693 -0.00988348 -0.00815463 -0.00864677 -0.00982776 -0.00981555 -0.00814308 -0.00559187 -0.0031298 -0.00143046 -0.000720458 -0.000638497 -0.000564327 -0.000147245 0.000687564 0.00211295 0.00428728 0.00663107 0.00777295 0.00675083 0.00393974 0.00050505 -0.0027937 -0.00636019 -0.0109922 -0.0161644 -0.0201238 
-0.0191887 -0.019468 -0.018121 -0.0153864 -0.0120993 -0.00982768 -0.0095192 -0.0103506 -0.0106794 -0.00951237 -0.0069652 -0.00400344 -0.00176905 -0.000764619 -0.000616006 -0.000646583 -0.000458569 8.95962e-05 0.00121451 0.00312258 0.00534337 0.00657688 0.00583776 0.00344161 0.000360813 -0.00282445 -0.00616115 -0.00991811 -0.0138826 -0.0172325 
-0.0160941 -0.0184029 -0.0190588 -0.0174759 -0.0142695 -0.0113303 -0.0102248 -0.0107601 -0.0114384 -0.0107676 -0.00835824 -0.00520068 -0.00270364 -0.00148339 -0.00120019 -0.00125032 -0.00122891 -0.000873495 9.42687e-05 0.00185587 0.00397999 0.0052457 0.00474146 0.00284372 0.000310168 -0.00259757 -0.00555805 -0.00813344 -0.0104879 -0.0131673 
-0.0141278 -0.0180609 -0.0201609 -0.0192206 -0.0158846 -0.0124167 -0.0108025 -0.0111846 -0.0120527 -0.0115893 -0.00925758 -0.00617508 -0.00377464 -0.00253707 -0.00211627 -0.00207665 -0.00211066 -0.00189555 -0.00112341 0.000341028 0.00211765 0.00316262 0.00279694 0.00152581 -0.000207419 -0.00266079 -0.00535594 -0.00716049 -0.00830657 -0.0104191 
-0.0132182 -0.0176193 -0.0202417 -0.0197059 -0.0166952 -0.0133952 -0.0117031 -0.0118804 -0.0125526 -0.0119421 -0.0096203 -0.00678466 -0.00469607 -0.00358207 -0.0030675 -0.00289698 -0.00292405 -0.00287844 -0.00249405 -0.00164866 -0.000560389 4.5796e-05 -0.000196922 -0.000709197 -0.0014387 -0.00325382 -0.00580267 -0.00743381 -0.00800339 -0.00953086 
-0.0121873 -0.0161651 -0.0188013 -0.0188236 -0.0167644 -0.0142461 -0.012721 -0.0125532 -0.0127703 -0.0119151 -0.00968247 -0.007175 -0.00540328 -0.00441116 -0.00384981 -0.00361146 -0.00368433 -0.00389285 -0.00405178 -0.00402814 -0.00379344 -0.00366477 -0.00375009 -0.0035618 -0.00341673 -0.00461434 -0.00699185 -0.00856686 -0.00865803 -0.00929758 
-0.0100712 -0.013247 -0.0158084 -0.0166515 -0.0159591 -0.0145331 -0.0132989 -0.0127985 -0.0125836 -0.0115969 -0.00959562 -0.00745187 -0.00591386 -0.00496933 -0.00439295 -0.00419727 -0.00442582 -0.0049505 -0.00564306 -0.00635026 -0.00680655 -0.00697246 -0.00688015 -0.00632136 -0.00580644 -0.00663057 -0.00867647 -0.00984142 -0.00908085 -0.008432 
-0.0066785 -0.0089549 -0.011476 -0.0132769 -0.014114 -0.0139029 -0.0130642 -0.0123769 -0.0119058 -0.0109499 -0.0093073 -0.00758085 -0.00624242 -0.00528958 -0.00469512 -0.00459551 -0.00503547 -0.00586731 -0.00695968 -0.00812106 -0.00891048 -0.0090846 -0.0088458 -0.00840191 -0.00816557 -0.00891849 -0.0104395 -0.0107646 -0.00874562 -0.00650106 
-0.00265468 -0.00414848 -0.00669695 -0.0093696 -0.0115836 -0.0125086 -0.0121216 -0.0114253 -0.0109208 -0.0101642 -0.00895592 -0.00765107 -0.00648085 -0.00547851 -0.00481571 -0.0047445 -0.00531118 -0.0063458 -0.00769101 -0.00909263 -0.00995745 -0.00994494 -0.00961733 -0.00969202 -0.0102541 -0.0112085 -0.0121378 -0.011399 -0.00790922 -0.00393567 
0.00101994 4.27708e-05 -0.00249686 -0.0056477 -0.00878097 -0.0106457 -0.0108307 -0.0104056 -0.0101322 -0.00969539 -0.00885542 -0.00781039 -0.00669603 -0.00561668 -0.00485082 -0.00469092 -0.0052102 -0.00630197 -0.00783694 -0.00947121 -0.0104092 -0.010211 -0.00983976 -0.0105439 -0.0120457 -0.0133285 -0.0137384 -0.0119416 -0.00699779 -0.00143349 
0.00378101 0.00315606 0.000926284 -0.00210947 -0.00567993 -0.0083965 -0.00941157 -0.00960871 -0.00979128 -0.00968093 -0.00901966 -0.00798662 -0.00678676 -0.00562745 -0.0047896 -0.00451795 -0.00492465 -0.00603206 -0.00778012 -0.00972207 -0.0108428 -0.0105811 -0.0101794 -0.0112795 -0.0133424 -0.0147304 -0.014676 -0.0120463 -0.00601102 0.000635049 
0.00543461 0.00522534 0.00374495 0.00133741 -0.00235523 -0.00591511 -0.00795965 -0.00898987 -0.00971628 -0.00988237 -0.00926953 -0.00811467 -0.0067419 -0.00547298 -0.00458667 -0.00427906 -0.00469727 -0.00593959 -0.00793575 -0.0101349 -0.0114125 -0.0111539 -0.0107021 -0.011839 -0.013852 -0.0148756 -0.0143017 -0.0112267 -0.00484278 0.0020673 
0.00612208 0.00638149 0.00586929 0.0043024 0.000717928 -0.00346831 -0.00639307 -0.0081555 -0.00936696 -0.00982588 -0.0093547 -0.00819269 -0.00669985 -0.00529215 -0.00432425 -0.00403329 -0.00461157 -0.00611698 -0.00830812 -0.0105193 -0.0117156 -0.0114145 -0.0109534 -0.0120191 -0.013723 -0.0140924 -0.0127931 -0.00941988 -0.00336249 0.00296968 
0.00663933 0.00721702 0.00748351 0.00657505 0.00325184 -0.00104241 -0.00422105 -0.00620961 -0.00767276 -0.00850791 -0.00847607 -0.00766702 -0.00635161 -0.00497744 -0.00400679 -0.00378342 -0.00454383 -0.00621806 -0.0083163 -0.0101397 -0.0109881 -0.0106826 -0.0104268 -0.0116171 -0.0131873 -0.0129365 -0.0106098 -0.00662589 -0.00108861 0.00410147 
0.00726662 0.00803098 0.00874149 0.00810514 0.00505162 0.00121783 -0.00135613 -0.00281953 -0.0041398 -0.00532212 -0.00592297 -0.00577737 -0.00502992 -0.00408812 -0.00343169 -0.00344157 -0.00431548 -0.00580609 -0.00728366 -0.00829471 -0.00871713 -0.00865249 -0.00889447 -0.0103625 -0.0119558 -0.0112971 -0.00796944 -0.00325281 0.00169939 0.00550339 
0.00670613 0.00781381 0.00893592 0.00845077 0.00568972 0.0026449 0.00119632 0.00072881 -9.70934e-05 -0.00134551 -0.002359 -0.00278238 -0.00270969 -0.00247514 -0.00243845 -0.00286566 -0.00378687 -0.00474073 -0.00510486 -0.00494147 -0.00486304 -0.00517234 -0.00604108 -0.00777438 -0.00943926 -0.00883274 -0.00532122 -0.000661949 0.00321724 0.00553879 
0.00354221 0.00522851 0.00717277 0.00738127 0.00534244 0.00327417 0.00293391 0.00339106 0.00314562 0.00210573 0.00100884 0.000306717 -9.0135e-05 -0.000466545 -0.00102687 -0.00185523 -0.00276999 -0.00308885 -0.00217374 -0.000545856 0.000427946 8.19941e-05 -0.00128316 -0.00330233 -0.00522144 -0.00534686 -0.00294647 0.000268867 0.00222406 0.0028532 
-0.00224474 -4.3389e-05 0.0033884 0.00542688 0.00507372 0.00439703 0.00513015 0.00626962 0.00629951 0.00515614 0.00373023 0.00269136 0.00200396 0.00134974 0.000563772 -0.000350804 -0.00111075 -0.000911362 0.00102001 0.00406198 0.00628288 0.0064451 0.00497265 0.0028148 0.000657456 -0.000498562 -7.61913e-05 0.000570145 -0.00028009 -0.00196814 
-0.00955762 -0.00700378 -0.00143542 0.00348518 0.00573841 0.00702212 0.00908272 0.0107558 0.0103777 0.00815774 0.00559252 0.00382229 0.00287453 0.00228207 0.00176668 0.00125385 0.000916239 0.00145869 0.00380197 0.00759043 0.0107389 0.0116218 0.0106557 0.00907993 0.00738213 0.00567416 0.00404663 0.00159481 -0.00273601 -0.00755069 
-0.0166591 -0.0135773 -0.00545159 0.00278401 0.00789407 0.0112062 0.014545 0.0164669 0.0150076 0.010876 0.00654831 0.00373987 0.00246557 0.00204765 0.00203508 0.0021564 0.0022998 0.00291383 0.00506167 0.00890446 0.0125643 0.014253 0.0143101 0.0139215 0.0131949 0.0113899 0.00803827 0.00267446 -0.00500026 -0.0129041 
-0.0207749 -0.0168233 -0.00629215 0.00492771 0.0123131 0.0168092 0.0206187 0.0222828 0.0195109 0.0133842 0.00724625 0.00327174 0.00143999 0.0009505 0.00120501 0.00164701 0.00185317 0.00215444 0.0039575 0.00814531 0.0130397 0.0161575 0.0171165 0.0169189 0.0158436 0.0132793 0.00875709 0.00194206 -0.00724179 -0.0164558 
-0.018463 -0.0132514 -0.00142736 0.0110584 0.0188337 0.022819 0.0259978 0.0270372 0.0231825 0.0155519 0.00796254 0.00284036 0.000216922 -0.000653898 -0.00051316 -0.000277455 -0.000536381 -0.000705084 0.00122586 0.0068952 0.0145229 0.0198383 0.020518 0.0175125 0.0129068 0.00823156 0.00377145 -0.0016284 -0.00886353 -0.0159356 
-0.00774636 -0.000282437 0.0110508 0.0211426 0.0254869 0.0265394 0.0283295 0.0289082 0.0245483 0.0162035 0.00784888 0.0019667 -0.00127297 -0.00248909 -0.00261842 -0.0028751 -0.00373298 -0.00409899 -0.00147098 0.00623885 0.017005 0.0242754 0.0228899 0.0139176 0.00303407 -0.00421791 -0.00667439 -0.00758088 -0.00930961 -0.0102834 
0.00982895 0.0208197 0.0297468 0.0327514 0.0290207 0.0249991 0.0255975 0.0266677 0.022724 0.0145831 0.00633358 0.000410139 -0.00289619 -0.00417203 -0.00457434 -0.00537037 -0.00666146 -0.00694491 -0.00375438 0.00495114 0.0172409 0.0252661 0.0214605 0.00677011 -0.00966499 -0.018366 -0.0176526 -0.0130177 -0.00783481 -0.000437521 
0.0273095 0.0413079 0.0460408 0.0391024 0.0254944 0.0167892 0.0179376 0.0213018 0.0190384 0.0118661 0.00426868 -0.00118661 -0.00417764 -0.00542816 -0.00622049 -0.00759872 -0.00923624 -0.00951321 -0.00653254 0.00118644 0.0123334 0.0200306 0.0163248 0.00129813 -0.0154074 -0.0231552 -0.0202816 -0.0128539 -0.00355404 0.010186 
0.0347747 0.0482889 0.0479926 0.0330993 0.0135387 0.00400419 0.00839713 0.0158973 0.0164328 0.0105113 0.00343662 -0.00164351 -0.00448015 -0.0060852 -0.00765954 -0.00983252 -0.0119739 -0.0125696 -0.0105027 -0.00525356 0.00270042 0.00961316 0.00961794 0.00139046 -0.00855105 -0.0122705 -0.00926644 -0.00427223 0.00281134 0.0163863 
0.0297788 0.0387274 0.0341567 0.0168829 -0.0016246 -0.00732031 0.00197505 0.0139212 0.0172222 0.0121705 0.00503812 -0.000201235 -0.00342982 -0.00599266 -0.00886054 -0.0122065 -0.0152769 -0.0167518 -0.0160593 -0.0134961 -0.00886829 -0.00241547 0.00310885 0.00513825 0.00563603 0.00775234 0.00973922 0.0088692 0.00895342 0.0164071 
0.0223836 0.025626 0.0179603 0.00186818 -0.0121903 -0.0129667 0.000158694 0.0148923 0.0199034 0.0153442 0.00790203 0.00209385 -0.00190445 -0.0056042 -0.0098385 -0.0145023 -0.0188935 -0.0219 -0.0229047 -0.0221724 -0.0191937 -0.0123476 -0.0021156 0.00837278 0.0173551 0.0237742 0.024323 0.0185518 0.013159 0.0150703 
0.0230472 0.022012 0.0112091 -0.00507996 -0.0175035 -0.0168451 -0.00303595 0.0123378 0.0184394 0.0150754 0.00823612 0.00233273 -0.00203966 -0.00620451 -0.0110428 -0.0164807 -0.0220182 -0.0267065 -0.0293145 -0.0291969 -0.0259908 -0.0184538 -0.00608285 0.00852469 0.0214904 0.0291085 0.0282867 0.0212863 0.0161927 0.0181595 
0.0293782 0.0249386 0.0105522 -0.00840962 -0.0230768 -0.0247206 -0.0129276 0.00159141 0.00866819 0.00759887 0.00289511 -0.00177492 -0.00538179 -0.00881045 -0.0130115 -0.018171 -0.0240705 -0.0297939 -0.0332679 -0.0327047 -0.0282958 -0.0205896 -0.00886511 0.00608698 0.0201621 0.0281883 0.0276031 0.0224696 0.0208659 0.0253254 
0.0317001 0.0249017 0.00880824 -0.0119108 -0.0286837 -0.0328817 -0.0238897 -0.0113699 -0.00437766 -0.00374227 -0.00617692 -0.00894105 -0.0109792 -0.0128491 -0.015553 -0.0195805 -0.0248839 -0.0304443 -0.0336118 -0.0318832 -0.0260138 -0.0183889 -0.00853605 0.00494579 0.0193343 0.0289161 0.0305201 0.0276172 0.0270396 0.0303064 
0.0290309 0.0238614 0.00921884 -0.0115277 -0.0283649 -0.0325564 -0.0246711 -0.0142437 -0.00922969 -0.00969799 -0.0122402 -0.014478 -0.0156389 -0.0163115 -0.0177183 -0.020574 -0.0246586 -0.028741 -0.0302253 -0.0267073 -0.0192374 -0.0111319 -0.00253817 0.00905106 0.0226381 0.0330031 0.0361082 0.0333301 0.029871 0.0290695 
0.0293023 0.030543 0.0176585 -0.00490081 -0.0216134 -0.0225101 -0.0116297 -0.00128611 0.000594288 -0.00413132 -0.0100726 -0.0143187 -0.0164325 -0.0173175 -0.0185985 -0.0211015 -0.0240653 -0.0258784 -0.0244978 -0.0184 -0.00881837 0.000930892 0.00984738 0.0197677 0.0304596 0.0380654 0.0389907 0.0333715 0.026126 0.0244185 
0.0329007 0.0416488 0.0287622 0.00252984 -0.0139012 -0.00889293 0.00825443 0.0201569 0.0185711 0.00844719 -0.00201059 -0.00931269 -0.0134832 -0.0157166 -0.0179102 -0.0208757 -0.0232196 -0.0228876 -0.0184998 -0.00961543 0.00261812 0.0155846 0.027237 0.0370161 0.0438119 0.0451534 0.0392783 0.0274084 0.0167935 0.0185587 
0.0305296 0.0435943 0.0304934 0.00337402 -0.0101872 0.00121708 0.0233399 0.0353652 0.0305746 0.0171342 0.00453174 -0.00429944 -0.00986549 -0.0132147 -0.0161167 -0.0192924 -0.0210084 -0.0190355 -0.0125454 -0.00172439 0.0129937 0.0302509 0.0468903 0.0588741 0.0627875 0.0567266 0.0409305 0.0195372 0.00429283 0.00913128 
0.0216807 0.0349818 0.0220158 -0.00276169 -0.0124072 0.00207044 0.0243418 0.0345536 0.029048 0.0169429 0.00601459 -0.00219016 -0.00789933 -0.0113368 -0.0138868 -0.0162355 -0.0167229 -0.0133387 -0.00563348 0.00613638 0.022512 0.0434095 0.0649045 0.0798479 0.0822221 0.069786 0.0441003 0.0126874 -0.00774457 -0.00201109 
0.0249666 0.0373421 0.0220358 -0.00426877 -0.0162184 -0.00624115 0.0112647 0.020289 0.0185444 0.0121676 0.00517609 -0.00160813 -0.00691934 -0.00982559 -0.0114148 -0.0124161 -0.0114661 -0.0069797 0.0012755 0.0131971 0.0298885 0.0519534 0.0753463 0.0914967 0.0926675 0.0758774 0.0437582 0.00733693 -0.0127356 -0.0021541 
0.0647443 0.0784781 0.0551448 0.0158788 -0.0111982 -0.0157071 -0.0070814 0.00207767 0.00701671 0.00775953 0.00462402 -0.000901151 -0.00569667 -0.00809621 -0.00900616 -0.00911294 -0.00738036 -0.00258764 0.00544043 0.0166422 0.0320677 0.0524446 0.0742503 0.0893159 0.0894181 0.0709434 0.038181 0.00632955 -0.00141456 0.0256441 
0.144175 0.161255 0.124382 0.0616244 0.00854851 -0.0180476 -0.021669 -0.0132664 -0.00252576 0.00385033 0.00361584 -0.000563192 -0.00459472 -0.00677084 -0.0076678 -0.00774646 -0.00624374 -0.00203991 0.00515684 0.0151451 0.0286725 0.0465106 0.0659172 0.0797298 0.0797196 0.0621118 0.0339413 0.015324 0.0308354 0.0851472 
0.231571 0.249616 0.197957 0.112022 0.0344094 -0.0127684 -0.0288742 -0.0240263 -0.0112195 -0.00143255 0.0011917 -0.000852191 -0.00385761 -0.00621534 -0.0077843 -0.00863689 -0.00821655 -0.00534423 0.00049932 0.00910428 0.0213 0.0382474 0.0577246 0.0725899 0.0738016 0.0579787 0.0360592 0.0330117 0.0734246 0.154693 
