0.294881 0.283356 0.219701 0.141224 0.0799915 0.0438348 0.0260759 0.0200471 0.0214575 0.0244614 0.0231515 0.0160744 0.0057217 -0.00503484 -0.0140138 -0.0196787 -0.0218823 -0.0214929 -0.0191371 -0.0146023 -0.00671356 0.00597706 0.0225247 0.0375863 0.0465529 0.0539345 0.0717997 0.111107 0.17489 0.248206 
0.331123 0.318848 0.248116 0.159626 0.090156 0.0494735 0.0301135 0.0237609 0.0251853 0.0286247 0.0277684 0.0199237 0.00743024 -0.00527924 -0.014693 -0.0195661 -0.0206734 -0.0193105 -0.0162382 -0.0112895 -0.00289642 0.0113784 0.031756 0.0530306 0.0686133 0.0801554 0.0989782 0.138164 0.20343 0.28063 
0.282354 0.271681 0.211028 0.133912 0.0741059 0.0422361 0.0307983 0.0294703 0.0316453 0.0326558 0.0284362 0.0178688 0.00419525 -0.00783198 -0.0155756 -0.0193394 -0.0204535 -0.0192699 -0.0154487 -0.00884899 0.00121545 0.016607 0.0377837 0.059593 0.0743482 0.0826105 0.0958255 0.126704 0.179407 0.241618 
0.190007 0.18212 0.138824 0.0829155 0.0413518 0.0246197 0.025672 0.032314 0.0362677 0.0339822 0.0248689 0.0113258 -0.00192884 -0.0112225 -0.0163308 -0.0193635 -0.0216319 -0.0218296 -0.0178033 -0.00920636 0.00298923 0.0188186 0.0381983 0.0562168 0.0652477 0.0658437 0.0694168 0.08746 0.122091 0.163246 
0.11014 0.103539 0.0727542 0.034285 0.00872304 0.00442747 0.0146465 0.0271348 0.0330735 0.0293288 0.0176119 0.00317989 -0.0083134 -0.0146587 -0.0176419 -0.0203417 -0.0238443 -0.0257917 -0.0226444 -0.0133817 0.000151582 0.0162314 0.0336361 0.0477891 0.0521364 0.047003 0.0420077 0.0476856 0.0671646 0.0931718 
0.0632148 0.0554576 0.0299652 0.00139539 -0.0144813 -0.0129578 -0.000297191 0.0139479 0.0220509 0.020065 0.00955166 -0.00335381 -0.0128271 -0.0174391 -0.0195232 -0.0220556 -0.0260031 -0.0291486 -0.0277227 -0.0197181 -0.00610992 0.0108028 0.0281605 0.0411964 0.045067 0.0398863 0.0317002 0.0288727 0.0369644 0.0527599 
0.039561 0.0294083 0.00669814 -0.0160429 -0.0272859 -0.0255186 -0.0154169 -0.00207271 0.0085887 0.0107708 0.00401936 -0.00619568 -0.0141845 -0.0183739 -0.0205435 -0.0230383 -0.0267768 -0.0302819 -0.0303765 -0.0241829 -0.0107839 0.0078829 0.026997 0.0408359 0.0465345 0.0451696 0.0393836 0.0331516 0.0318903 0.0367934 
0.0251134 0.0128086 -0.00603272 -0.0233387 -0.0318564 -0.0317833 -0.0254299 -0.013611 -0.000622205 0.00592983 0.00321261 -0.00452767 -0.0117218 -0.0162124 -0.0190126 -0.0218728 -0.0255341 -0.0289839 -0.0296641 -0.0242289 -0.0102267 0.0107505 0.0320012 0.0464404 0.052704 0.053948 0.0517909 0.0458774 0.0380369 0.0315636 
0.0122774 -0.000810145 -0.0145953 -0.0259511 -0.0312581 -0.0312885 -0.0265699 -0.0153004 -0.000597211 0.00894279 0.00872048 0.00196611 -0.00557337 -0.0110241 -0.0149078 -0.018691 -0.0228344 -0.0263248 -0.026978 -0.0214919 -0.0068112 0.01567 0.0382164 0.0523967 0.0567374 0.0560961 0.0541348 0.049481 0.0395054 0.0257962 
0.000553556 -0.0116309 -0.0204146 -0.0261274 -0.0276401 -0.0256063 -0.0196786 -0.00732678 0.00877117 0.0196678 0.01977 0.0118369 0.00228245 -0.005081 -0.0104631 -0.0153788 -0.0201938 -0.0238785 -0.0246761 -0.0198004 -0.00610979 0.0157042 0.0382336 0.0518479 0.0530566 0.0471264 0.0417064 0.0380875 0.0305872 0.0163437 
-0.00486272 -0.0152333 -0.0199744 -0.0210235 -0.0195093 -0.0157821 -0.00838343 0.00516746 0.0217965 0.0324151 0.0311343 0.0206786 0.00824333 -0.00140297 -0.00818028 -0.0138364 -0.0189813 -0.0228641 -0.0242808 -0.0210502 -0.00994789 0.0094669 0.0308132 0.0435346 0.0417648 0.0306207 0.0215953 0.0197523 0.0181373 0.00891968 
0.00106283 -0.00715143 -0.00903632 -0.00655362 -0.00362293 -0.00104099 0.00450782 0.0161968 0.0306302 0.038904 0.0354022 0.0228864 0.00878677 -0.0017867 -0.00875606 -0.0142486 -0.0192998 -0.0234234 -0.0255668 -0.0237551 -0.0148825 0.00187587 0.0207838 0.0313698 0.0273024 0.0138873 0.00428379 0.00575369 0.0114761 0.0101544 
0.0153988 0.00978955 0.00977044 0.014447 0.0175805 0.0168461 0.0168752 0.0223628 0.0307911 0.0344399 0.0285646 0.0157909 0.00283365 -0.00598554 -0.0112581 -0.0156149 -0.020326 -0.024653 -0.0269257 -0.0250191 -0.0167249 -0.00233429 0.0125637 0.0193836 0.0140209 0.00215402 -0.00444277 0.00106309 0.0128543 0.0189026 
0.0297012 0.0263014 0.0266694 0.0311412 0.0332868 0.0295004 0.0239781 0.0220942 0.0229773 0.0212761 0.0138281 0.0029426 -0.00632998 -0.0114557 -0.014052 -0.0169424 -0.021111 -0.0251429 -0.0265228 -0.0231403 -0.0143439 -0.00225676 0.00775104 0.0101972 0.00456964 -0.0032477 -0.00479776 0.00431206 0.0191468 0.0291693 
0.0406949 0.0376269 0.0355711 0.0356432 0.0338513 0.0275373 0.0195039 0.0137213 0.0100482 0.0055356 -0.0012866 -0.00861389 -0.0134357 -0.0150741 -0.0156577 -0.0174474 -0.0207428 -0.0237167 -0.023679 -0.0189294 -0.0100303 -0.000176941 0.00582028 0.00509666 -2.39154e-05 -0.00365412 -0.000362251 0.0116392 0.0276086 0.0386913 
0.0507851 0.0466393 0.039513 0.0310488 0.0213116 0.0112251 0.00305731 -0.00186209 -0.00472019 -0.00759434 -0.0112579 -0.0145495 -0.0158898 -0.0155405 -0.0153155 -0.0164604 -0.0186784 -0.0203908 -0.0195659 -0.0149773 -0.00725199 0.000756983 0.00498747 0.00362684 -0.000244757 -0.00120309 0.0047548 0.0185035 0.0356093 0.0478716 
0.0594785 0.0550464 0.0429819 0.0254511 0.00639967 -0.00879615 -0.0168527 -0.018447 -0.0167974 -0.015023 -0.0145654 -0.0147946 -0.0143835 -0.0134165 -0.0130618 -0.0138567 -0.0153126 -0.0163879 -0.015887 -0.0128106 -0.00698927 -6.82796e-05 0.00461309 0.00494195 0.00276391 0.00233752 0.00771832 0.0210158 0.0391585 0.0540728 
0.0624751 0.0596986 0.0458212 0.0231933 -0.00200404 -0.021178 -0.0293015 -0.0275998 -0.0210954 -0.0148901 -0.0116847 -0.0109367 -0.010621 -0.0100193 -0.0098313 -0.0105292 -0.0117511 -0.0127279 -0.0127354 -0.0109605 -0.00657234 -4.69784e-05 0.00594485 0.00849823 0.00732295 0.00522595 0.00721137 0.017797 0.0358669 0.0535218 
0.0575222 0.0573691 0.0454392 0.0235621 -0.00193107 -0.0213671 -0.0285162 -0.024377 -0.0150541 -0.00725084 -0.00433982 -0.00511506 -0.00644356 -0.00689149 -0.0070983 -0.00785262 -0.00892393 -0.00946832 -0.00902588 -0.00737792 -0.00380289 0.00198666 0.00815486 0.0113759 0.00959376 0.00459433 0.00258884 0.0101444 0.0272896 0.0461213 
0.0466983 0.0481865 0.0401144 0.0234906 0.00323291 -0.0120414 -0.0163742 -0.0107338 -0.00147141 0.00440311 0.00401665 -0.000115088 -0.00380609 -0.00543122 -0.00600212 -0.00666035 -0.00715971 -0.00655085 -0.00480973 -0.00273754 -0.000292914 0.00330361 0.00736754 0.00899004 0.00548912 -0.00161823 -0.00537929 0.00121102 0.0176046 0.0355319 
0.034545 0.0358816 0.0311762 0.0210063 0.00859825 0.000151192 -0.000297772 0.00571615 0.012541 0.0143966 0.00968712 0.00208359 -0.003637 -0.00603261 -0.00662346 -0.00682921 -0.00638631 -0.00443399 -0.00149396 0.000696558 0.00144915 0.00176449 0.00210417 0.000746205 -0.00430137 -0.0111775 -0.0132646 -0.0051454 0.0107386 0.0260113 
0.0256999 0.0262509 0.0232224 0.0171844 0.0108496 0.00836873 0.011145 0.0165668 0.0202445 0.0185163 0.0110213 0.00166125 -0.00491924 -0.00749736 -0.00784329 -0.00752936 -0.0063585 -0.00362301 -0.00011455 0.00202088 0.00152467 -0.000914997 -0.00425878 -0.00869451 -0.0144343 -0.0189108 -0.0170505 -0.00652457 0.00830874 0.0201624 
0.022259 0.0225648 0.0196512 0.0141724 0.00962987 0.00959972 0.0136199 0.0180835 0.0196571 0.0164804 0.00886883 0.000131659 -0.00584692 -0.00808664 -0.00825694 -0.00782854 -0.00661105 -0.0039098 -0.000346023 0.00207198 0.00164877 -0.00179747 -0.00745148 -0.0141885 -0.0199905 -0.0214216 -0.015563 -0.00348148 0.00951216 0.0183905 
0.0221076 0.0223127 0.0187906 0.0123004 0.00691995 0.00626797 0.00948971 0.0128927 0.013752 0.0110134 0.00512465 -0.00139762 -0.00570146 -0.00721727 -0.0073392 -0.0071513 -0.00632929 -0.00409438 -0.00069401 0.00227551 0.00288627 -2.74169e-06 -0.00632537 -0.014326 -0.0201468 -0.0194953 -0.0112302 0.00106316 0.0120353 0.0188983 
0.0209859 0.0204572 0.016552 0.010093 0.00430995 0.00223697 0.00365585 0.00584582 0.00653744 0.00484229 0.00115069 -0.00270756 -0.00494461 -0.00550632 -0.00545969 -0.00537158 -0.00476034 -0.00285241 0.00032527 0.0035474 0.00499772 0.00309606 -0.00283258 -0.0111898 -0.0172906 -0.0162149 -0.00755788 0.00398906 0.0132965 0.0186999 
0.0164534 0.014918 0.0113553 0.00643475 0.00166163 -0.00105802 -0.00117049 -0.000128829 0.000337049 -0.000430964 -0.00203915 -0.00340222 -0.00378806 -0.00351026 -0.00320065 -0.00292493 -0.00213309 -0.000244566 0.00259112 0.00531278 0.00658811 0.00519267 0.000173039 -0.00754936 -0.0137426 -0.0135211 -0.00626063 0.0036877 0.0115075 0.0155563 
0.00954481 0.00764408 0.00488615 0.00182203 -0.00128305 -0.00356425 -0.00428251 -0.0040142 -0.00371752 -0.00353534 -0.00319515 -0.0025754 -0.00185489 -0.00135392 -0.00110708 -0.000739742 0.000279895 0.00218061 0.00438928 0.00583302 0.005897 0.00431435 0.00048901 -0.00536489 -0.0105767 -0.0114491 -0.00690026 0.000320553 0.00640959 0.00946 
0.00302145 0.00138588 -0.000854028 -0.00275592 -0.00433141 -0.00556158 -0.00614791 -0.00611946 -0.00549825 -0.0040461 -0.00200893 -0.000223405 0.00064232 0.000618045 0.000315976 0.000441068 0.0014283 0.00308664 0.00434888 0.00411542 0.00249536 0.000314538 -0.00222734 -0.00529206 -0.00823878 -0.00955274 -0.00807216 -0.00428352 -7.54356e-05 0.00267053 
-0.00173133 -0.00327423 -0.00567352 -0.0072886 -0.00799435 -0.00839364 -0.00856152 -0.00803022 -0.00624802 -0.00320931 9.67712e-05 0.00229219 0.00272285 0.00191312 0.000988343 0.000798039 0.00156723 0.00272616 0.00293043 0.00119599 -0.00184533 -0.00458502 -0.0060327 -0.00643009 -0.00686392 -0.00796156 -0.00876493 -0.00784418 -0.00522279 -0.00254204 
-0.00589647 -0.00771418 -0.0103923 -0.0121134 -0.0127563 -0.0129912 -0.0126434 -0.0109098 -0.00744072 -0.00291693 0.00119055 0.00348949 0.0035954 0.00241597 0.00133241 0.00112351 0.00171402 0.00230779 0.00164382 -0.000977823 -0.00469356 -0.0076085 -0.00831559 -0.00711885 -0.00609493 -0.00697908 -0.00890835 -0.00962766 -0.00833715 -0.00638243 
-0.011066 -0.0129545 -0.0151205 -0.0165837 -0.0174827 -0.017916 -0.0170184 -0.0140549 -0.00939405 -0.00420552 0.00015238 0.00260729 0.00297422 0.00222349 0.00165129 0.00179977 0.00233828 0.00246084 0.00126227 -0.00157991 -0.00516948 -0.00773054 -0.00792026 -0.00625743 -0.0051015 -0.00619549 -0.00860641 -0.010277 -0.0105693 -0.0104068 
-0.0166771 -0.0182784 -0.0191414 -0.019691 -0.0205219 -0.0210086 -0.019654 -0.0160995 -0.0114062 -0.00670446 -0.00272354 -7.04375e-05 0.00108681 0.00141285 0.00179373 0.00247571 0.00303799 0.00283215 0.00136914 -0.00129024 -0.00426153 -0.00610872 -0.00589585 -0.00440514 -0.00380828 -0.00534907 -0.00804924 -0.0104729 -0.0124983 -0.0145921 
-0.0208805 -0.0224426 -0.022253 -0.0217782 -0.0221445 -0.02238 -0.0206746 -0.0170515 -0.0129886 -0.00930229 -0.00599365 -0.00322662 -0.00123979 0.000199004 0.00148629 0.00262446 0.00322576 0.00282826 0.00125745 -0.00112281 -0.00344452 -0.00467132 -0.00433016 -0.00330074 -0.00333488 -0.00519965 -0.00798276 -0.0107631 -0.0138544 -0.0175648 
-0.0232004 -0.02538 -0.0251816 -0.0242887 -0.0242213 -0.0240461 -0.021916 -0.0181366 -0.0144169 -0.0113236 -0.00838732 -0.00552857 -0.0030607 -0.00100288 0.000779584 0.00216743 0.00280511 0.00233765 0.000755151 -0.00143456 -0.0034349 -0.00451627 -0.00443833 -0.00393723 -0.00437581 -0.00633002 -0.00902316 -0.0117047 -0.01486 -0.0190524 
-0.0248324 -0.0277651 -0.0282193 -0.0274701 -0.0271392 -0.0264917 -0.0238412 -0.0197197 -0.0159312 -0.0128543 -0.00980757 -0.00672347 -0.00403936 -0.00182571 7.0251e-05 0.00154165 0.00222769 0.00178719 0.000245786 -0.00191104 -0.00402639 -0.00550077 -0.00598951 -0.00592757 -0.00653397 -0.00855547 -0.0113575 -0.0139779 -0.0167055 -0.0204855 
-0.0270074 -0.0299179 -0.0307018 -0.0299137 -0.0290131 -0.0277025 -0.0247396 -0.0207236 -0.0171948 -0.0141939 -0.0109179 -0.00748371 -0.00457104 -0.00229488 -0.000385792 0.00113548 0.00189499 0.00151373 -1.21097e-05 -0.00227722 -0.00476356 -0.00689122 -0.00805935 -0.00842622 -0.00931102 -0.0117814 -0.0152178 -0.0182109 -0.0205757 -0.0234081 
-0.0300222 -0.0318577 -0.0321866 -0.0307788 -0.0287433 -0.0265521 -0.0237025 -0.020537 -0.0178643 -0.015301 -0.0120197 -0.00834076 -0.0051859 -0.00276349 -0.000760438 0.00083666 0.00163942 0.00125427 -0.000331945 -0.00274163 -0.00550935 -0.00807053 -0.00974811 -0.0106868 -0.0123529 -0.0158257 -0.0202243 -0.023837 -0.0261262 -0.0279371 
-0.0335193 -0.0335477 -0.0328684 -0.0307318 -0.0276812 -0.0248526 -0.022422 -0.0202005 -0.0181892 -0.0159192 -0.0127803 -0.00913754 -0.00591057 -0.00336152 -0.00126286 0.000324117 0.00103228 0.000560918 -0.00106883 -0.0035073 -0.00628585 -0.00885925 -0.0107333 -0.0123277 -0.0151222 -0.0197551 -0.0249723 -0.0292239 -0.0319227 -0.0331677 
-0.0371139 -0.0348505 -0.0328829 -0.0304384 -0.0272947 -0.0245635 -0.0226012 -0.0207071 -0.01852 -0.0160026 -0.0129317 -0.00949674 -0.00637341 -0.00385663 -0.00187746 -0.000545019 -7.36515e-05 -0.000566594 -0.00201589 -0.0042817 -0.00700383 -0.00957848 -0.0115803 -0.0136593 -0.017279 -0.02271 -0.0285879 -0.0337543 -0.0374536 -0.0385785 
-0.0406586 -0.036063 -0.0326168 -0.0299885 -0.0273146 -0.0250578 -0.0233271 -0.0212672 -0.0186153 -0.0157721 -0.0127291 -0.00946605 -0.00650422 -0.0042495 -0.00271485 -0.00184907 -0.00157743 -0.00183008 -0.00274007 -0.00460025 -0.00738357 -0.0103333 -0.0126161 -0.0147788 -0.0185523 -0.024459 -0.031245 -0.0377613 -0.0427034 -0.0438223 
-0.0441114 -0.0380938 -0.0331292 -0.029725 -0.0269478 -0.0245994 -0.0226465 -0.0205656 -0.018151 -0.0155604 -0.0126518 -0.00948485 -0.00675972 -0.00499566 -0.0040721 -0.00362215 -0.00334822 -0.00315481 -0.00330256 -0.00444054 -0.00700739 -0.0102284 -0.0126335 -0.0144279 -0.0179147 -0.0243247 -0.032328 -0.0402224 -0.0462628 -0.0478213 
-0.0462394 -0.039997 -0.0337168 -0.029003 -0.0253579 -0.0222646 -0.0199458 -0.0184439 -0.0171701 -0.015356 -0.012675 -0.00969793 -0.00744791 -0.0063047 -0.00584024 -0.00553484 -0.00517889 -0.00475313 -0.00433958 -0.00446734 -0.00596042 -0.00848505 -0.0103754 -0.0115101 -0.0145876 -0.0214121 -0.0303979 -0.0392252 -0.0461936 -0.0489721 
-0.0439937 -0.0379626 -0.0310076 -0.0254807 -0.021254 -0.0177816 -0.0156901 -0.0153466 -0.0154901 -0.0144787 -0.0121357 -0.00969779 -0.00824055 -0.0076746 -0.00734234 -0.00697652 -0.00674117 -0.00662838 -0.00618745 -0.00534725 -0.00510265 -0.00602696 -0.00700325 -0.00760934 -0.0101731 -0.0166244 -0.025553 -0.0345487 -0.0419762 -0.0457073 
-0.0351314 -0.0296448 -0.0233806 -0.0183165 -0.0143922 -0.011426 -0.0103297 -0.0113007 -0.0125538 -0.0122345 -0.0105729 -0.00913393 -0.00864424 -0.00850959 -0.00812853 -0.00773453 -0.00784433 -0.00833056 -0.00821017 -0.00681833 -0.00518416 -0.00482911 -0.0054479 -0.00606611 -0.00775289 -0.0123039 -0.0194294 -0.0273178 -0.0339074 -0.0369438 
-0.0205534 -0.0168328 -0.0128871 -0.00924937 -0.0059532 -0.00373513 -0.00377523 -0.00584199 -0.00796843 -0.00859277 -0.00816916 -0.00805055 -0.00851163 -0.00878022 -0.00852809 -0.00834584 -0.008825 -0.00967267 -0.00973537 -0.00824463 -0.00630678 -0.00591047 -0.00707412 -0.00794668 -0.00798859 -0.00888128 -0.0121741 -0.017236 -0.021471 -0.0226012 
-0.00446958 -0.00362887 -0.00240224 -8.65772e-05 0.00282632 0.00463844 0.00395662 0.00122003 -0.00178806 -0.00382879 -0.00513523 -0.00649664 -0.00792684 -0.00883675 -0.00915883 -0.00951426 -0.0103341 -0.0111994 -0.0111009 -0.00962262 -0.00802298 -0.00816002 -0.00981978 -0.0104129 -0.00807603 -0.00423296 -0.00223694 -0.00329018 -0.00505985 -0.00529706 
0.00699331 0.00599622 0.00643772 0.00857777 0.0111103 0.0123592 0.0114174 0.008596 0.00498899 0.00153152 -0.00153363 -0.00440568 -0.0070117 -0.00897179 -0.0102583 -0.011342 -0.0125381 -0.0133789 -0.0129561 -0.0111688 -0.00937488 -0.00916224 -0.0102607 -0.0100311 -0.00569449 0.00216673 0.00908251 0.0114138 0.0102265 0.00844769 
0.0111013 0.01128 0.0137922 0.0169139 0.0185297 0.0181993 0.0166103 0.0140497 0.0104817 0.0062939 0.00207627 -0.00200771 -0.00588071 -0.00913283 -0.0114986 -0.0132987 -0.0149204 -0.0158801 -0.0150866 -0.0124024 -0.00924456 -0.00730882 -0.0069156 -0.00607042 -0.00143709 0.00774761 0.0169281 0.0203827 0.0177962 0.0135658 
0.0125024 0.0155595 0.0208017 0.0248293 0.0250524 0.0223344 0.0193335 0.0168342 0.0137084 0.00946269 0.00476362 8.41829e-06 -0.00477767 -0.00913098 -0.012496 -0.0149891 -0.016961 -0.0177989 -0.01616 -0.0118878 -0.00668985 -0.00266728 -0.000793492 0.000150649 0.00346855 0.0110053 0.0192226 0.0220455 0.0184567 0.0136757 
0.018952 0.0232732 0.0288556 0.0324429 0.0312473 0.0262225 0.021211 0.0180358 0.0151085 0.0108786 0.00580688 0.000666541 -0.00451064 -0.00950661 -0.0136984 -0.0167681 -0.0185707 -0.0182848 -0.0147851 -0.00847653 -0.00164327 0.00348935 0.00603652 0.00676208 0.00828734 0.0129192 0.0189955 0.0219276 0.020309 0.0180196 
0.0348063 0.0374147 0.0398785 0.0409841 0.0380618 0.030928 0.0234023 0.0185869 0.0153033 0.0109395 0.0052888 -0.000415952 -0.00584733 -0.0111424 -0.0158103 -0.0189521 -0.0197067 -0.0172916 -0.0114142 -0.0033745 0.00416272 0.00933439 0.0118316 0.0121764 0.0122682 0.0148503 0.0203289 0.0259741 0.0296699 0.032212 
0.0578792 0.0571539 0.0541367 0.0507192 0.0450669 0.0356897 0.0256305 0.0189963 0.0153486 0.0110203 0.00469465 -0.00200566 -0.00800645 -0.0134842 -0.0181497 -0.0207514 -0.0200482 -0.015687 -0.00826643 0.000537209 0.00830175 0.0135863 0.016327 0.0168205 0.0167683 0.0195282 0.0266962 0.0364406 0.0461376 0.0539523 
0.0794775 0.0758103 0.0674469 0.0591535 0.0506262 0.0395793 0.0279709 0.0202542 0.01654 0.0124266 0.00555116 -0.00227755 -0.00909017 -0.0147586 -0.0191897 -0.0211533 -0.0194894 -0.0143913 -0.00688774 0.00172234 0.00976616 0.0161204 0.0205331 0.0229307 0.0248619 0.0297589 0.0390958 0.0511312 0.0638069 0.0747124 
0.0910586 0.0858405 0.074438 0.0633854 0.0540053 0.0433052 0.031553 0.0229539 0.018602 0.0145288 0.00769001 -0.000642633 -0.00813114 -0.0141719 -0.018621 -0.020364 -0.0185292 -0.013738 -0.0070711 0.000804128 0.00915698 0.0173723 0.0248503 0.0305915 0.0353358 0.0421071 0.0520612 0.0635632 0.075574 0.0864367 
0.0932393 0.0878274 0.0756608 0.0641022 0.0558786 0.0471415 0.0358891 0.0258321 0.0199149 0.0157688 0.00978465 0.00182157 -0.0060834 -0.0127346 -0.0175659 -0.0194938 -0.0179661 -0.0138773 -0.00824106 -0.00123869 0.00724133 0.0171256 0.0271952 0.0350814 0.0407822 0.0476881 0.0574583 0.0683574 0.0792596 0.089045 
0.093382 0.0893149 0.0777383 0.0658998 0.0576614 0.0493333 0.0377924 0.0263909 0.01932 0.0153265 0.0103438 0.00303705 -0.00500378 -0.0121315 -0.0173206 -0.0195287 -0.0184441 -0.0150006 -0.0100911 -0.00371309 0.00456263 0.0146458 0.0245105 0.0311864 0.0354477 0.0421599 0.0534052 0.0662543 0.0782191 0.0883476 
0.0944164 0.0936623 0.0843712 0.0718939 0.0603701 0.0483542 0.0345912 0.0226279 0.0158622 0.0123742 0.0080182 0.00140829 -0.00621075 -0.0132523 -0.0184478 -0.0207132 -0.0197575 -0.0163607 -0.0113633 -0.00499157 0.00274583 0.011063 0.0175461 0.020411 0.0227618 0.0305545 0.044801 0.0607778 0.0749844 0.086879 
0.0920046 0.095547 0.0904153 0.0784413 0.0624696 0.0441498 0.0263392 0.0137212 0.00801732 0.00566581 0.00246455 -0.00271697 -0.00912549 -0.0155343 -0.0203963 -0.0222743 -0.020698 -0.0164017 -0.0104381 -0.00352283 0.00355234 0.00912941 0.0110865 0.0100246 0.011426 0.0206886 0.0365454 0.0534593 0.0685233 0.0818088 
0.0830941 0.0893996 0.0882058 0.078458 0.0607037 0.0378786 0.0161935 0.00218799 -0.00279138 -0.00320643 -0.00384684 -0.00662099 -0.0115232 -0.0172864 -0.0217323 -0.0229217 -0.0202817 -0.0147469 -0.00772168 -0.000277865 0.00635313 0.0100499 0.00912024 0.00590285 0.00694262 0.01623 0.0307613 0.0455541 0.0591424 0.0720191 
0.0719 0.0780134 0.0780322 0.070648 0.0549363 0.0325305 0.0100475 -0.00470109 -0.00936592 -0.00795602 -0.00592341 -0.00668041 -0.0109106 -0.0166935 -0.0210174 -0.0217546 -0.0185546 -0.0125368 -0.00519371 0.00242424 0.00929965 0.0134577 0.0130141 0.0099273 0.0102689 0.0175809 0.0290802 0.0406691 0.0514628 0.0621483 
0.0638691 0.0682589 0.067002 0.0604882 0.0483163 0.0303366 0.0113612 -0.00136677 -0.00508783 -0.00298253 -0.000341159 -0.00118591 -0.00629022 -0.012978 -0.0177392 -0.0187621 -0.0161184 -0.0108252 -0.00407774 0.00337921 0.0112449 0.0181304 0.021214 0.0200986 0.0193005 0.0233572 0.031639 0.0405696 0.0484459 0.0562214 
0.0568743 0.0603749 0.057872 0.051449 0.0423623 0.0299435 0.0171848 0.00940832 0.00809505 0.0100864 0.011076 0.00804794 0.00093355 -0.00718622 -0.0129387 -0.0150655 -0.0138517 -0.00994775 -0.00421931 0.00286261 0.0118283 0.0219698 0.0293573 0.0307197 0.028513 0.0286379 0.0335014 0.0400243 0.0451878 0.0504518 
0.0440204 0.0485111 0.0469044 0.0422961 0.0368478 0.0297295 0.0229746 0.0203381 0.0216093 0.02316 0.0218992 0.0163834 0.0073431 -0.00211638 -0.00907569 -0.0126476 -0.0128933 -0.010026 -0.00485649 0.00219859 0.0121432 0.0243725 0.033962 0.0357899 0.0307921 0.0258171 0.0261051 0.0296199 0.0326576 0.037007 
0.0254232 0.0318933 0.0328864 0.0323659 0.0319304 0.0296733 0.0268382 0.0266004 0.0282894 0.0286206 0.0257234 0.0190043 0.00920935 -0.000821696 -0.00849484 -0.0130113 -0.0140392 -0.0114343 -0.00602114 0.00178801 0.0128121 0.0254207 0.0336289 0.032108 0.021866 0.0105456 0.00547554 0.00629255 0.00949794 0.0159796 
0.0143253 0.020768 0.0221981 0.0240466 0.0272458 0.0285425 0.0277216 0.0272655 0.0271344 0.0254037 0.0213037 0.014474 0.0052597 -0.00401167 -0.0111807 -0.0156372 -0.0169049 -0.0145265 -0.00895119 -0.000406794 0.0112393 0.0228614 0.027731 0.0212762 0.00555255 -0.0108633 -0.0190208 -0.0174366 -0.00957349 0.00232353 
0.0318732 0.0341074 0.028892 0.0248531 0.0248837 0.0258778 0.0254743 0.0242882 0.0225714 0.019285 0.0140337 0.00700625 -0.00106978 -0.00855457 -0.0143569 -0.0183523 -0.0200967 -0.0187788 -0.0140975 -0.00597664 0.00508503 0.0154531 0.0187595 0.0108124 -0.00623762 -0.0229862 -0.0286922 -0.0203301 -0.00240958 0.0179064 
0.0943172 0.0902893 0.0693265 0.0467357 0.0323249 0.0257436 0.022648 0.0209177 0.0197308 0.0170635 0.0115131 0.00400541 -0.0035258 -0.00997046 -0.0153378 -0.0196457 -0.0223063 -0.0224173 -0.0192703 -0.0126013 -0.00293792 0.00717014 0.012876 0.00949205 -0.00250622 -0.0137084 -0.0116943 0.00817833 0.0409391 0.0748428 
0.195875 0.187016 0.143804 0.0924339 0.0540111 0.0326245 0.0226244 0.0192845 0.019827 0.0199741 0.0160699 0.00859065 0.000235673 -0.00756539 -0.0144797 -0.0197953 -0.0228366 -0.0233596 -0.0211383 -0.0159062 -0.00748352 0.00361461 0.0145759 0.020118 0.0181337 0.0163312 0.0275951 0.0593207 0.109409 0.163539 
