0.455797 0.429681 0.368163 0.297248 0.236271 0.189255 0.150435 0.113854 0.0778886 0.0443153 0.0157862 -0.00583084 -0.0200083 -0.0273364 -0.0288169 -0.0253215 -0.0178383 -0.00814166 0.00128322 0.00854723 0.0139983 0.0208652 0.0342388 0.0587309 0.0964636 0.147513 0.211977 0.288774 0.369135 0.432622 
0.423105 0.404252 0.353272 0.29327 0.240808 0.198707 0.161623 0.124732 0.0874142 0.0520201 0.0214606 -0.00224024 -0.0183859 -0.0274488 -0.0305062 -0.0286875 -0.0231814 -0.0156347 -0.00802573 -0.00160146 0.00432405 0.0126005 0.0271365 0.0510314 0.0854645 0.130827 0.1886 0.259272 0.335272 0.397283 
0.344298 0.335918 0.302623 0.262346 0.2268 0.196392 0.165759 0.13128 0.0938118 0.056998 0.0246495 -0.000738556 -0.0183019 -0.0285189 -0.0326396 -0.0320998 -0.0282914 -0.0226639 -0.0165618 -0.0105113 -0.00358958 0.00631607 0.0213371 0.0423892 0.0692326 0.102492 0.145371 0.200702 0.263535 0.317731 
0.245737 0.248831 0.234984 0.216364 0.199683 0.18302 0.160939 0.130782 0.094701 0.0576899 0.0246464 -0.00137125 -0.0193888 -0.0299616 -0.0344734 -0.0345538 -0.0317484 -0.0274143 -0.0225095 -0.0171244 -0.0102544 -0.000418356 0.0130697 0.0292822 0.0466496 0.0657739 0.0911945 0.128049 0.174609 0.21889 
0.151987 0.164531 0.166529 0.165291 0.1639 0.159159 0.145778 0.121497 0.0889013 0.0536882 0.0215938 -0.00375929 -0.0212328 -0.0313924 -0.0356236 -0.0355894 -0.0329567 -0.0292184 -0.0253929 -0.0215559 -0.0166914 -0.00947122 0.00026474 0.0106907 0.0193648 0.0265519 0.0372499 0.0580511 0.090044 0.125242 
0.0770837 0.0942675 0.105201 0.114004 0.121924 0.125665 0.120261 0.103174 0.0763598 0.0452896 0.0160485 -0.00724223 -0.0231417 -0.0320659 -0.035268 -0.0343506 -0.0311273 -0.0274504 -0.0247536 -0.0233528 -0.0221224 -0.0193358 -0.0144756 -0.0093626 -0.00679932 -0.00707357 -0.0056839 0.00411449 0.0250532 0.0522795 
0.0264205 0.0423031 0.0546666 0.066153 0.0775864 0.0862257 0.0873913 0.0778175 0.0582017 0.0331269 0.00852012 -0.0112175 -0.0243229 -0.0309756 -0.0322586 -0.0297325 -0.0254132 -0.0215891 -0.0201488 -0.0215657 -0.0243762 -0.0261313 -0.0255685 -0.0240649 -0.0244263 -0.0275078 -0.0299494 -0.0260822 -0.0129513 0.00661194 
0.000457785 0.0104889 0.018532 0.0271404 0.0375779 0.047799 0.0532285 0.0498136 0.0370365 0.0184713 -0.000458701 -0.0154303 -0.0245626 -0.0279029 -0.0264736 -0.0219019 -0.0164334 -0.0126689 -0.0126653 -0.0166967 -0.0227279 -0.0276055 -0.0294902 -0.0293876 -0.0299677 -0.032469 -0.0347674 -0.0328879 -0.0247269 -0.0122036 
-0.00494137 -0.0020368 -0.000932717 0.00178989 0.00839915 0.0175244 0.0245393 0.0247688 0.0168971 0.00375968 -0.00979876 -0.0198048 -0.0245315 -0.0241234 -0.0197505 -0.0132473 -0.00706145 -0.00385248 -0.00541918 -0.0114402 -0.0192065 -0.0251563 -0.0273842 -0.0269201 -0.0263476 -0.0269593 -0.0273544 -0.0249637 -0.0188876 -0.0111187 
0.00173689 -0.00061181 -0.00595716 -0.0095328 -0.00766347 -0.000987321 0.00575408 0.00737374 0.00206557 -0.00775347 -0.0176331 -0.0239152 -0.0251037 -0.0215979 -0.0148936 -0.00712804 -0.000877841 0.00139172 -0.00153281 -0.0085366 -0.0163541 -0.0214645 -0.0224935 -0.0209766 -0.0195329 -0.0190946 -0.0180562 -0.0142596 -0.00768712 -0.00113603 
0.0112566 0.0066728 -0.00287087 -0.0112564 -0.0132878 -0.0088067 -0.00267261 -0.000623446 -0.00495525 -0.013537 -0.0220371 -0.0268026 -0.0263626 -0.0213158 -0.0135084 -0.00537051 0.000495052 0.00197227 -0.00147859 -0.00805107 -0.0142528 -0.0170821 -0.0161798 -0.0139264 -0.0130154 -0.0135952 -0.0129474 -0.00827169 0.000127855 0.00830494 
0.0179956 0.0130857 0.001552 -0.0094999 -0.0136734 -0.010131 -0.00382913 -0.00110167 -0.00488359 -0.0134024 -0.0222896 -0.027569 -0.0274621 -0.0225366 -0.0148435 -0.0069844 -0.00147727 -5.78823e-05 -0.00273281 -0.00733013 -0.0105462 -0.010267 -0.00737416 -0.00513705 -0.00618345 -0.00957003 -0.0110268 -0.0066478 0.00325108 0.0136258 
0.020817 0.0154971 0.00301922 -0.00902639 -0.013703 -0.00983718 -0.00244611 0.00165319 -0.00116311 -0.00963199 -0.0194083 -0.0260841 -0.0273558 -0.0235152 -0.0165922 -0.00917887 -0.00361768 -0.00133407 -0.00206005 -0.00362176 -0.00320982 0.000281784 0.00482094 0.00648191 0.00293336 -0.00373097 -0.00786894 -0.00474758 0.00521009 0.0161696 
0.0208776 0.0137771 0.000262074 -0.0120096 -0.0162661 -0.0114265 -0.00251608 0.00344485 0.00229312 -0.00531293 -0.0152678 -0.0229059 -0.0254335 -0.0227442 -0.0166343 -0.00950088 -0.00345882 0.000253411 0.00193065 0.00352274 0.00729647 0.0135292 0.0193578 0.0204937 0.0149882 0.00583389 -0.000519683 0.000872257 0.00922623 0.0183088 
0.0198215 0.00956662 -0.00553382 -0.0179888 -0.0216631 -0.0158812 -0.00560667 0.00226433 0.00330438 -0.00241824 -0.0112844 -0.0187287 -0.0217242 -0.0197864 -0.0143152 -0.00735026 -0.000752408 0.00431432 0.00802861 0.0120934 0.0184286 0.0268511 0.0340155 0.0353875 0.0291951 0.0188591 0.0110664 0.0105323 0.01603 0.0212954 
0.0193307 0.0054324 -0.0116237 -0.0246095 -0.0281361 -0.0219713 -0.0109094 -0.00148787 0.00184395 -0.0013449 -0.00808749 -0.01428 -0.0169921 -0.015467 -0.0106178 -0.00401342 0.00276519 0.00859659 0.0135446 0.0191798 0.027334 0.0376923 0.0466419 0.0493362 0.0438342 0.0335272 0.0249755 0.0225431 0.0247107 0.0254806 
0.0204777 0.00364764 -0.0152235 -0.0292259 -0.03347 -0.0278458 -0.0167895 -0.00641955 -0.00114103 -0.00179295 -0.00607666 -0.0105377 -0.0125822 -0.0113252 -0.00722582 -0.00137219 0.00496772 0.0107969 0.0161834 0.0226778 0.0321256 0.0441934 0.0550963 0.0596788 0.0556998 0.0462953 0.0376995 0.0339082 0.0333094 0.0303718 
0.0226956 0.00479371 -0.0151058 -0.0304912 -0.0364809 -0.0324624 -0.0222265 -0.0115575 -0.0049504 -0.00361091 -0.00576941 -0.00855491 -0.00977796 -0.00859034 -0.0051932 -0.00033118 0.00504772 0.0102166 0.0153984 0.0221324 0.032153 0.0450305 0.0569414 0.0627342 0.0601435 0.0520866 0.0443059 0.0403279 0.0385566 0.0340146 
0.0239234 0.00752656 -0.0120132 -0.0286939 -0.0371424 -0.0355903 -0.0268739 -0.0165443 -0.00936653 -0.00688262 -0.00761568 -0.00902614 -0.00925109 -0.00764591 -0.00447009 -0.000394919 0.00386987 0.00795064 0.012306 0.0183885 0.0276317 0.0394506 0.0502772 0.0555339 0.053419 0.0467374 0.0405521 0.037789 0.0369411 0.0335889 
0.0223507 0.00989997 -0.00758889 -0.0247511 -0.0355281 -0.0367187 -0.0300513 -0.02082 -0.0140368 -0.0114498 -0.0116208 -0.0120636 -0.0111118 -0.00844816 -0.00469756 -0.000773678 0.00264558 0.00544369 0.00826392 0.0124194 0.0190339 0.0275423 0.035064 0.0381196 0.0356606 0.0302982 0.0262012 0.0256689 0.0274376 0.0276551 
0.0182595 0.011198 -0.00268994 -0.0188292 -0.0307818 -0.0342561 -0.0299986 -0.02285 -0.0177179 -0.0162611 -0.016879 -0.0169782 -0.0149922 -0.0109609 -0.0060263 -0.00157212 0.0014803 0.00299408 0.00362168 0.00456855 0.00691435 0.0105404 0.0136794 0.0141555 0.0115254 0.0078457 0.00615571 0.00820452 0.0131955 0.0179471 
0.0142772 0.0127959 0.00357316 -0.00980435 -0.0212162 -0.0260621 -0.0244268 -0.0204025 -0.0182471 -0.0191686 -0.0213105 -0.0219761 -0.0196652 -0.0146917 -0.0086424 -0.00340547 -0.000357456 2.05663e-05 -0.00183165 -0.00473595 -0.0072768 -0.00867375 -0.00935305 -0.0103518 -0.011968 -0.0131462 -0.0121482 -0.00768915 5.80768e-05 0.00875653 
0.013606 0.01707 0.0129433 0.00360562 -0.00584492 -0.01123 -0.0122557 -0.0120227 -0.0137163 -0.0178622 -0.0223721 -0.0245478 -0.0229569 -0.0180368 -0.0115929 -0.00587145 -0.00274963 -0.00324431 -0.00727393 -0.0136213 -0.0202965 -0.0254459 -0.0282721 -0.0290787 -0.0284576 -0.026553 -0.0228723 -0.0165136 -0.00702776 0.00421297 
0.0174072 0.0248832 0.0256071 0.0206204 0.0136608 0.00818991 0.00477358 0.0013443 -0.00415562 -0.0115878 -0.01871 -0.0228952 -0.0227718 -0.0187764 -0.0127273 -0.00703242 -0.0039554 -0.00500943 -0.0104428 -0.018956 -0.028011 -0.0349127 -0.0380926 -0.0375923 -0.034489 -0.0299237 -0.0242903 -0.0169166 -0.00683078 0.0055368 
0.0233462 0.0337586 0.0384587 0.0372242 0.0325365 0.0272499 0.0221953 0.0161406 0.00786103 -0.00205268 -0.0112641 -0.0171939 -0.0185017 -0.0155952 -0.0102481 -0.00491085 -0.00204182 -0.00341624 -0.00941555 -0.018613 -0.0281363 -0.034935 -0.0372662 -0.0353147 -0.0306096 -0.0248427 -0.0187621 -0.0116698 -0.00214572 0.0101775 
0.0264836 0.0385331 0.0459564 0.0475674 0.0448874 0.0403238 0.0348947 0.0278848 0.0185063 0.00754786 -0.0026054 -0.00936442 -0.0113913 -0.0091057 -0.00429141 0.000594413 0.00309137 0.00145821 -0.00457216 -0.0134048 -0.0220768 -0.0276568 -0.0287313 -0.0258997 -0.0210244 -0.0159118 -0.0111762 -0.00582383 0.00198002 0.0131885 
0.0220506 0.0342514 0.043141 0.0470062 0.0466029 0.0438084 0.0395899 0.0334645 0.0248212 0.0144656 0.00475124 -0.00173404 -0.00364833 -0.00143861 0.00307773 0.00747606 0.00944666 0.00749955 0.00163782 -0.00638093 -0.0136878 -0.0177746 -0.0178517 -0.0150559 -0.0114448 -0.0086078 -0.00668861 -0.00424281 0.000877365 0.00993813 
0.00854611 0.0194241 0.0286822 0.0345536 0.0370915 0.0373553 0.0359094 0.0322799 0.0259248 0.017578 0.00945113 0.00404859 0.00271376 0.00503973 0.00926816 0.0131035 0.0144852 0.0122475 0.0066675 -0.000410798 -0.00633957 -0.00917465 -0.00885885 -0.00706348 -0.00587286 -0.00639195 -0.00809595 -0.00910135 -0.0071867 -0.00110206 
-0.0107633 -0.00247271 0.00605554 0.0134546 0.0192194 0.0234017 0.025839 0.0258198 0.0227595 0.0172609 0.0113177 0.00728726 0.00653353 0.00880599 0.0125632 0.0157641 0.0166443 0.0143271 0.00926814 0.0032836 -0.00128882 -0.0031121 -0.00285495 -0.0026472 -0.00443859 -0.00866492 -0.0140561 -0.0184059 -0.0196977 -0.0170012 
-0.0292301 -0.0243634 -0.0177505 -0.010003 -0.00180357 0.00606106 0.0125806 0.0165398 0.0170937 0.0146143 0.0108549 0.00803664 0.00758903 0.00950706 0.0125823 0.0151175 0.0156595 0.0135609 0.00936069 0.00475999 0.00174395 0.00106823 0.00141711 0.000287244 -0.00408702 -0.0114804 -0.019946 -0.0270627 -0.0311436 -0.0317222 
-0.0403707 -0.0390099 -0.035221 -0.0287488 -0.0199597 -0.00995514 -0.000377262 0.00694153 0.0106694 0.0107966 0.00880449 0.00681211 0.00634959 0.0076783 0.00994385 0.0118121 0.0121377 0.0104704 0.00739123 0.00445663 0.00331566 0.00424121 0.0054202 0.00405179 -0.00155402 -0.0107666 -0.0211884 -0.0302229 -0.0363861 -0.0395825 
-0.0409534 -0.0422486 -0.0413928 -0.0374917 -0.0302669 -0.0205034 -0.00995377 -0.000861015 0.00490831 0.0068268 0.00600335 0.00441871 0.00368944 0.00431232 0.00574441 0.00698033 0.00715918 0.00601053 0.00414049 0.00295455 0.00381653 0.00668058 0.00947284 0.00921766 0.0041318 -0.00515369 -0.0161375 -0.0260709 -0.0333934 -0.0381038 
-0.0316285 -0.0342115 -0.0356089 -0.0347246 -0.0306235 -0.0233438 -0.0141755 -0.00532563 0.000998305 0.00372115 0.00344679 0.00189836 0.000711601 0.000578376 0.00122554 0.00192933 0.00206665 0.00150056 0.000811797 0.00121606 0.00382887 0.00847474 0.013128 0.0148674 0.0117463 0.00403141 -0.00606031 -0.0157457 -0.0231871 -0.028186 
-0.0157164 -0.0185816 -0.0214176 -0.0232652 -0.0227411 -0.0190832 -0.0128305 -0.00577819 -0.000178894 0.00245979 0.00218938 0.000366734 -0.00143032 -0.00234176 -0.00238549 -0.00204244 -0.00176686 -0.00165003 -0.0012302 0.000445824 0.00425519 0.0100547 0.0161689 0.0200254 0.0196046 0.0146287 0.00670679 -0.00159638 -0.00821637 -0.012631 
0.00207078 -0.000932858 -0.00481004 -0.00876806 -0.011203 -0.0108217 -0.00755412 -0.00272927 0.00155392 0.00356999 0.00293555 0.000646209 -0.00181697 -0.00345092 -0.00403752 -0.00386318 -0.00329953 -0.00249287 -0.00118264 0.00128632 0.00558599 0.0117217 0.0185605 0.0240958 0.0263894 0.0246266 0.0196477 0.0135258 0.00829908 0.0047255 
0.016729 0.0133248 0.00857894 0.00330231 -0.000814059 -0.00231663 -0.000919939 0.00229484 0.0054191 0.00672988 0.00564249 0.00290977 -8.15352e-05 -0.00223459 -0.00316076 -0.0030344 -0.00223849 -0.00104918 0.000580553 0.00307921 0.00703409 0.0126981 0.0195218 0.0260836 0.0305808 0.0317487 0.0296944 0.0258984 0.0221583 0.0192897 
0.0246238 0.0210178 0.0159284 0.0103148 0.00588752 0.00400848 0.00487157 0.00742538 0.00992023 0.0107862 0.00944795 0.00654447 0.00336799 0.00102386 -4.01415e-05 9.9346e-06 0.00070195 0.00160393 0.00261437 0.00410419 0.00677962 0.0112453 0.0174631 0.0244205 0.0303403 0.0335708 0.0336746 0.0317044 0.0292366 0.0270377 
0.0250175 0.0220847 0.0176219 0.0126614 0.00886437 0.00744824 0.00849224 0.0109682 0.0132968 0.014112 0.012923 0.010292 0.00737283 0.00517391 0.00408998 0.00388714 0.00397855 0.00380767 0.00323124 0.00274832 0.00337838 0.00614725 0.0113919 0.0182495 0.0247841 0.0290033 0.0301885 0.0292866 0.0278569 0.0266178 
0.019832 0.0184361 0.0154178 0.0116926 0.00879011 0.00785882 0.00905152 0.0115363 0.0139644 0.0151349 0.0145725 0.0126944 0.0104364 0.00862275 0.00753389 0.00686206 0.00595251 0.0042056 0.00154142 -0.00129826 -0.00290542 -0.0018718 0.00233677 0.00878316 0.0152672 0.0195601 0.0209197 0.0204611 0.0199001 0.0199331 
0.0117774 0.0120026 0.0105122 0.00797399 0.00572308 0.00491272 0.00595052 0.00836748 0.0110873 0.0129894 0.0134861 0.0127469 0.0114245 0.0101258 0.00902765 0.00781008 0.00584795 0.00259804 -0.00189234 -0.00664071 -0.00993517 -0.0101477 -0.00673974 -0.000846104 0.00510538 0.00882852 0.00975344 0.00926728 0.00925949 0.0103994 
0.00286179 0.00399973 0.00348238 0.00171209 -0.000209725 -0.001135 -0.000374212 0.0019984 0.0051697 0.00803632 0.00981894 0.0103893 0.0101083 0.00939282 0.00837313 0.00680154 0.00417847 8.71671e-05 -0.00530417 -0.0108849 -0.0148349 -0.0155168 -0.012534 -0.00723744 -0.00216281 0.00052202 0.000520395 -0.000534794 -0.000652241 0.000810672 
-0.00547122 -0.00425682 -0.00438433 -0.005706 -0.0073987 -0.00840308 -0.00784938 -0.00549534 -0.00191893 0.00180345 0.00472713 0.0064644 0.0071355 0.00702337 0.00626766 0.00474848 0.0021416 -0.0018311 -0.00695463 -0.0121635 -0.0157423 -0.0162024 -0.0133329 -0.00863952 -0.00465325 -0.00333444 -0.0047002 -0.00693602 -0.00799392 -0.00719935 
-0.0115578 -0.0106151 -0.0105153 -0.0114043 -0.0127936 -0.0137924 -0.0134622 -0.0113369 -0.00776984 -0.00373593 -0.000233862 0.00219424 0.00350778 0.00390465 0.00355522 0.00247338 0.000505422 -0.00252425 -0.00645444 -0.0104272 -0.0129875 -0.0128569 -0.00995446 -0.00582907 -0.00292595 -0.002995 -0.00583964 -0.00954174 -0.0120105 -0.0124502 
-0.0137143 -0.0128433 -0.0123332 -0.0126782 -0.0137426 -0.0148167 -0.0149458 -0.0135053 -0.0106269 -0.00709666 -0.00383089 -0.00140226 6.29544e-05 0.000701001 0.000701982 0.000187084 -0.000862185 -0.00257031 -0.00490816 -0.00732345 -0.00869679 -0.00795325 -0.00503907 -0.00140485 0.000679303 -0.000342129 -0.00416582 -0.0088993 -0.0124774 -0.0139514 
-0.0114163 -0.0102647 -0.00919906 -0.00902333 -0.00988432 -0.0112106 -0.0120647 -0.0117359 -0.0101618 -0.0078775 -0.00559898 -0.00382386 -0.00271423 -0.00219681 -0.00208585 -0.00218258 -0.002406 -0.00286894 -0.00370863 -0.00470518 -0.00509057 -0.00397059 -0.00122173 0.00196012 0.00361373 0.00239744 -0.00139663 -0.00609357 -0.00982067 -0.0115596 
-0.00596247 -0.00444609 -0.00299101 -0.00252929 -0.00334076 -0.00496347 -0.00656325 -0.00745982 -0.00745239 -0.00679049 -0.0059031 -0.00514052 -0.00467896 -0.00452489 -0.0045228 -0.00442083 -0.00406579 -0.00358051 -0.00326565 -0.00321111 -0.00298469 -0.00185971 0.000422023 0.00306361 0.00456732 0.00385507 0.00110617 -0.00241929 -0.00524752 -0.00645553 
8.92359e-05 0.00168419 0.00309975 0.00352466 0.00270105 0.00096206 -0.0010947 -0.00295365 -0.00434049 -0.00520991 -0.00565996 -0.00585843 -0.00598823 -0.00615022 -0.00624484 -0.006 -0.00522332 -0.00406001 -0.0029459 -0.00222459 -0.00175917 -0.000981436 0.000524326 0.00244041 0.00383243 0.00392084 0.00271283 0.000941191 -0.000450786 -0.000782897 
0.00391058 0.00517954 0.00616679 0.00634881 0.00557794 0.00402887 0.00197455 -0.000316816 -0.00255704 -0.00444872 -0.00578588 -0.00655929 -0.00694578 -0.00713007 -0.00708554 -0.00656652 -0.0053883 -0.00372601 -0.00210134 -0.00102618 -0.000587993 -0.000360423 0.000201458 0.00122505 0.00231749 0.0029844 0.00306678 0.00280504 0.00263787 0.0029639 
0.00324579 0.00402574 0.0045472 0.00456815 0.00404643 0.00300878 0.00143657 -0.000633332 -0.00294999 -0.00507864 -0.00662377 -0.00744822 -0.00769819 -0.00759615 -0.00718047 -0.00627206 -0.00473769 -0.00277969 -0.000941592 0.000199243 0.000424701 4.59092e-05 -0.000336184 -0.000295616 0.000173202 0.000805744 0.00135262 0.00173638 0.00206531 0.00253769 
-0.00251934 -0.00200687 -0.00158529 -0.00135328 -0.00132338 -0.0015738 -0.00228354 -0.00354235 -0.00516132 -0.00671789 -0.00779671 -0.00821768 -0.00807702 -0.00757186 -0.00676922 -0.00556531 -0.00389672 -0.00197891 -0.000317053 0.000540594 0.000341848 -0.000678962 -0.0019438 -0.00291616 -0.00338664 -0.00345982 -0.00336436 -0.00326602 -0.00316485 -0.00293908 
-0.0113981 -0.010746 -0.00993835 -0.00907987 -0.00825077 -0.0076037 -0.00733494 -0.00751664 -0.00799311 -0.00845952 -0.00863434 -0.00839429 -0.00779717 -0.00697313 -0.00597342 -0.00474596 -0.00328707 -0.00181023 -0.000747728 -0.000556855 -0.00144377 -0.00319675 -0.00529382 -0.00722226 -0.00872875 -0.00982682 -0.0106479 -0.0112807 -0.0116852 -0.0117417 
-0.0193816 -0.0183483 -0.0169406 -0.0153428 -0.0137689 -0.0124394 -0.0114721 -0.0107931 -0.0102036 -0.0095329 -0.00871415 -0.0077666 -0.00675958 -0.00576192 -0.00478277 -0.00378423 -0.00279477 -0.00201714 -0.00180945 -0.00252083 -0.00426551 -0.00679661 -0.00961908 -0.012274 -0.0145391 -0.0164042 -0.0179199 -0.0190752 -0.0197696 -0.0198836 
-0.0228464 -0.021533 -0.0197297 -0.0177021 -0.0158078 -0.0143231 -0.0132389 -0.0122619 -0.0110764 -0.00959958 -0.00798053 -0.00642932 -0.00509286 -0.00402209 -0.00318078 -0.00250606 -0.00201997 -0.00190716 -0.00247399 -0.00398694 -0.00647147 -0.00961636 -0.0129005 -0.0158702 -0.0183289 -0.0202987 -0.0218484 -0.0229665 -0.0235611 -0.0235346 
-0.0209103 -0.0196115 -0.0178031 -0.0158179 -0.0141322 -0.0130466 -0.0124076 -0.0116943 -0.0104459 -0.00860992 -0.006504 -0.00453418 -0.00297545 -0.00190691 -0.0012475 -0.00086669 -0.00073337 -0.00100225 -0.0019588 -0.00384015 -0.00663282 -0.00998612 -0.0133363 -0.0161829 -0.0183121 -0.0197979 -0.0208193 -0.0214802 -0.0217688 -0.0216099 
-0.0157561 -0.0146632 -0.0130566 -0.011341 -0.0100941 -0.00962386 -0.00965214 -0.009476 -0.00850089 -0.00665596 -0.00436137 -0.00219309 -0.000571912 0.000375647 0.000790061 0.000914912 0.000879134 0.000571291 -0.000299673 -0.00199794 -0.00454343 -0.00761851 -0.0106666 -0.0131473 -0.014796 -0.0157005 -0.0161401 -0.0163536 -0.016425 -0.0162856 
-0.0108831 -0.00996164 -0.00844866 -0.00682213 -0.00576595 -0.00563016 -0.00609275 -0.00635528 -0.0057171 -0.00404149 -0.001779 0.000370109 0.0018551 0.00251453 0.00257313 0.00241911 0.00230449 0.00217068 0.00170987 0.000595208 -0.00128898 -0.0037438 -0.00631337 -0.00848351 -0.00993573 -0.0106835 -0.010979 -0.0110984 -0.0111885 -0.0111993 
-0.0087459 -0.00788515 -0.00626022 -0.00436872 -0.00299412 -0.00259956 -0.00294845 -0.00326636 -0.00279161 -0.00128822 0.00082908 0.00279533 0.00397436 0.00420091 0.00379747 0.00329378 0.00305909 0.00309207 0.00307817 0.00262613 0.00149761 -0.000283742 -0.00244381 -0.00457062 -0.00630119 -0.00747545 -0.00815046 -0.00851099 -0.00875107 -0.00891044 
-0.00928847 -0.00849923 -0.00677942 -0.0045163 -0.00252151 -0.00139956 -0.00110373 -0.00100455 -0.000363422 0.00112993 0.00312497 0.00485215 0.00565289 0.00539355 0.00448553 0.0035608 0.00307259 0.00307517 0.00327161 0.00323464 0.00262072 0.00127812 -0.0007228 -0.00310224 -0.00544642 -0.00734486 -0.0085482 -0.00909589 -0.00929032 -0.0093977 
-0.0102201 -0.00965416 -0.0082045 -0.00597102 -0.00363035 -0.00183501 -0.000720275 0.000123831 0.00128538 0.00303517 0.00504844 0.00659064 0.00704554 0.00634381 0.00496549 0.00359285 0.00271926 0.00244394 0.00250785 0.00248455 0.00197043 0.000686959 -0.00145611 -0.00427631 -0.00727126 -0.00973496 -0.0110885 -0.0112726 -0.0108314 -0.0104379 
-0.00885009 -0.00869049 -0.00807995 -0.00666713 -0.00477619 -0.00290397 -0.00124309 0.000384261 0.00227491 0.00449418 0.00666044 0.00809101 0.00826475 0.00720438 0.00544665 0.00368896 0.00242827 0.0017862 0.00153819 0.00127325 0.000560744 -0.000950976 -0.00344085 -0.00674598 -0.0102134 -0.0128193 -0.0136869 -0.0127427 -0.0109055 -0.00942359 
-0.00404264 -0.00444323 -0.00515462 -0.00528765 -0.00465363 -0.0034119 -0.00167986 0.000503117 0.00304429 0.00568493 0.00793728 0.00919365 0.00906933 0.00770327 0.00569581 0.00375238 0.00234854 0.00158941 0.00124578 0.000892836 5.8682e-05 -0.00166869 -0.00450366 -0.00822021 -0.0119496 -0.0143472 -0.0142889 -0.0117458 -0.00805954 -0.00512767 
0.00330507 0.00220921 4.19065e-05 -0.00180973 -0.00266756 -0.00235281 -0.000891293 0.00147075 0.00425226 0.00688804 0.00883371 0.00961754 0.00903547 0.00736755 0.00529384 0.00352921 0.00249693 0.00222291 0.00239994 0.00252246 0.0020227 0.000399798 -0.00257543 -0.00655188 -0.0104021 -0.0124917 -0.0115256 -0.00754706 -0.00225869 0.00188688 
0.0112598 0.00937193 0.00604117 0.00297938 0.00111437 0.000747418 0.00183528 0.00395186 0.00635074 0.00830874 0.0093513 0.00923411 0.00799102 0.00606816 0.00422136 0.00314201 0.00313734 0.00406846 0.00546628 0.00668238 0.0070175 0.00587375 0.00302925 -0.00100712 -0.0048622 -0.00670827 -0.00520315 -0.000490761 0.00550522 0.0100332 
0.0179051 0.0152131 0.0112533 0.00781654 0.00573783 0.00514285 0.0058505 0.00734887 0.00883199 0.00959482 0.00933253 0.00809307 0.00619983 0.00427372 0.00309121 0.00322442 0.00476495 0.00732879 0.0102392 0.012709 0.0139644 0.0133958 0.0108537 0.00699712 0.00333614 0.00170963 0.00334215 0.0079571 0.0135768 0.0174748 
0.0216196 0.0181918 0.0140566 0.0108758 0.00913149 0.0085754 0.00886708 0.00957313 0.010035 0.00966179 0.00830196 0.00626784 0.00416759 0.00275695 0.00272297 0.00438556 0.00753253 0.0115162 0.0154974 0.0186584 0.0203169 0.0200294 0.0178142 0.0144128 0.0112595 0.00996044 0.0114699 0.015381 0.0198248 0.0223712 
0.0211587 0.0171465 0.0130461 0.0103015 0.00898433 0.00846293 0.00831822 0.0083601 0.00821357 0.00739788 0.00579339 0.00384231 0.0023328 0.00204368 0.00344136 0.00649775 0.0106953 0.015218 0.0192184 0.0220314 0.0232619 0.0227984 0.0208767 0.0181932 0.0158548 0.0150117 0.0162709 0.0191698 0.0221059 0.0230975 
0.0162136 0.0119876 0.00806277 0.00567021 0.00460254 0.00399735 0.00347943 0.00319291 0.00308776 0.00274753 0.00194783 0.00107541 0.000909122 0.00208937 0.00476449 0.00856523 0.0127924 0.0166652 0.0195438 0.0210839 0.0212766 0.0203671 0.0187515 0.0169391 0.0155329 0.0151113 0.0159554 0.0176943 0.0191642 0.0188978 
0.00793706 0.00426449 0.000916145 -0.00111537 -0.00211969 -0.00294336 -0.00377665 -0.00412313 -0.00373731 -0.00300716 -0.00234036 -0.00156338 -0.000103239 0.00240112 0.00576399 0.00938883 0.0125966 0.0148677 0.0159465 0.0158746 0.0149652 0.0136778 0.0124303 0.0114643 0.0108499 0.0106018 0.0107498 0.0111891 0.0114011 0.0105019 
-0.00161719 -0.00361999 -0.00559126 -0.0069523 -0.00795932 -0.00917766 -0.0104316 -0.0108616 -0.0099819 -0.00816897 -0.00602655 -0.00367732 -0.000875991 0.00240869 0.00573471 0.00844122 0.0100401 0.0103984 0.00969077 0.00828144 0.00663221 0.0052084 0.00433052 0.00400283 0.0038673 0.00344505 0.0025631 0.00151346 0.00063709 -0.000229606 
-0.0109592 -0.0101555 -0.00971846 -0.00981107 -0.0107117 -0.0125071 -0.0144471 -0.0152554 -0.0142426 -0.0117776 -0.00863288 -0.0052328 -0.00167578 0.00179421 0.00461502 0.00619617 0.00629107 0.00510956 0.00315194 0.00095949 -0.00103043 -0.00249079 -0.00321825 -0.00331417 -0.00338947 -0.0043344 -0.0065332 -0.00927032 -0.0112089 -0.0116202 
-0.019874 -0.0154765 -0.0117065 -0.00981005 -0.0102888 -0.0126987 -0.0155579 -0.0170888 -0.0163907 -0.0138111 -0.0102507 -0.00639039 -0.00260733 0.000695216 0.00296885 0.00375433 0.0029756 0.00101154 -0.00150775 -0.00402276 -0.00622378 -0.00795311 -0.00905385 -0.00956335 -0.010151 -0.0120006 -0.0157098 -0.0202129 -0.0232179 -0.0230285 
-0.0284077 -0.020218 -0.0126887 -0.00828432 -0.00792946 -0.0107517 -0.01453 -0.0169387 -0.0168267 -0.0144908 -0.010926 -0.00701093 -0.0033051 -0.000253989 0.00169351 0.00220662 0.00126728 -0.00076403 -0.00331794 -0.00594344 -0.00849421 -0.0109417 -0.0130899 -0.014789 -0.0165936 -0.0197857 -0.0250742 -0.0311431 -0.0349875 -0.0341013 
-0.0353674 -0.0239573 -0.0131429 -0.00636166 -0.00496255 -0.00783289 -0.0122144 -0.0153252 -0.015759 -0.0137368 -0.0103222 -0.00653333 -0.00302085 -0.000197294 0.0016105 0.00217455 0.00147552 -0.00023459 -0.00255326 -0.00521409 -0.00823869 -0.011682 -0.0152773 -0.0186727 -0.0222103 -0.0270415 -0.033777 -0.0409027 -0.0450502 -0.0432927 
-0.0381872 -0.0250392 -0.0125427 -0.0044724 -0.00230539 -0.00486674 -0.00926537 -0.0125704 -0.0132329 -0.0113972 -0.00814577 -0.0045504 -0.0012715 0.00132973 0.0030085 0.00361237 0.00314937 0.00181028 -0.000158574 -0.00269281 -0.00597856 -0.0101359 -0.0148617 -0.0196917 -0.0247805 -0.0310177 -0.0387444 -0.0462695 -0.0501693 -0.0475344 
-0.0343711 -0.0217267 -0.0100056 -0.00250034 -0.000327443 -0.0023783 -0.00614451 -0.00902821 -0.00957197 -0.0078562 -0.00486845 -0.00158488 0.00141365 0.00378893 0.00528014 0.00576002 0.00532796 0.00424483 0.00270778 0.000629552 -0.00231633 -0.00630953 -0.0110662 -0.016137 -0.0216175 -0.0282054 -0.036018 -0.0432869 -0.0467265 -0.043714 
-0.0232066 -0.0133877 -0.00485696 0.00024251 0.00154448 -3.56629e-05 -0.00284057 -0.00505997 -0.00554617 -0.00428023 -0.00196838 0.00070705 0.00333574 0.00554651 0.00692272 0.00725495 0.00673619 0.00579951 0.00473174 0.00341734 0.00147668 -0.00129031 -0.00464135 -0.00822814 -0.0122391 -0.0174138 -0.023945 -0.0302502 -0.0333136 -0.030832 
-0.0064572 -0.000880063 0.00321351 0.00505351 0.00502069 0.00363046 0.00142561 -0.000738411 -0.00201693 -0.00212939 -0.00128049 0.000304387 0.00242846 0.00461621 0.0061539 0.00659387 0.00610839 0.00528034 0.00457822 0.00403275 0.00338797 0.00253075 0.00168997 0.00108848 0.000349209 -0.0015448 -0.0052361 -0.00969393 -0.012344 -0.0111229 
0.0123152 0.0137909 0.0139705 0.0131666 0.0120443 0.0104287 0.00776885 0.0042097 0.000616596 -0.00218104 -0.00372009 -0.00374437 -0.00229254 -9.64701e-06 0.0020171 0.00296704 0.00280088 0.00209698 0.00150095 0.00135356 0.00174644 0.00280481 0.00479075 0.00780221 0.0112635 0.013813 0.0141685 0.0125187 0.0107593 0.0107331 
0.0291942 0.0280469 0.0261918 0.0244134 0.0229867 0.0207987 0.0164715 0.00996466 0.00264993 -0.00382807 -0.00833449 -0.0102873 -0.00969875 -0.00738778 -0.00476024 -0.00304074 -0.00264866 -0.00321687 -0.00401536 -0.00431368 -0.00350608 -0.00110783 0.00320533 0.00940782 0.0167881 0.0237756 0.0285479 0.0303748 0.0302569 0.029729 
0.0411696 0.0391874 0.0373469 0.0363078 0.0354524 0.0326785 0.0261446 0.016107 0.0047707 -0.00535956 -0.0126737 -0.0165184 -0.0169838 -0.0149555 -0.0119678 -0.00955657 -0.00859041 -0.00906808 -0.0102991 -0.0112031 -0.0106407 -0.00773598 -0.00207889 0.00621801 0.0164067 0.0269029 0.03557 0.04086 0.0428057 0.0425678 
0.0466694 0.04476 0.0440169 0.0446447 0.045015 0.0421966 0.0341456 0.0215589 0.00740576 -0.0051902 -0.0144317 -0.0197766 -0.0213794 -0.0200109 -0.017108 -0.0143611 -0.0130354 -0.0135228 -0.0152607 -0.0169564 -0.0170737 -0.0144017 -0.00838473 0.000893019 0.0127342 0.0255964 0.0371073 0.045015 0.0485047 0.0484805 
0.0454418 0.0431313 0.0432755 0.0455878 0.0475967 0.0457636 0.0378881 0.0248776 0.0100603 -0.00319952 -0.0131144 -0.0192568 -0.0217472 -0.0211296 -0.0186302 -0.0159519 -0.0145868 -0.0151912 -0.0173407 -0.0197067 -0.0205869 -0.0185373 -0.0127606 -0.00315017 0.00967442 0.0240592 0.037228 0.0462447 0.0496941 0.0485511 
0.0381886 0.0342579 0.0344159 0.0379756 0.0418274 0.041973 0.0359714 0.0246044 0.0111338 -0.0011176 -0.0104036 -0.016311 -0.0188959 -0.0185668 -0.0164133 -0.0140544 -0.012948 -0.0137574 -0.0161254 -0.0188439 -0.0202777 -0.0188599 -0.0134796 -0.00373327 0.00978336 0.0250622 0.0386866 0.0470395 0.0483964 0.0441913 
0.0262402 0.0200975 0.0197824 0.024224 0.0297971 0.0321624 0.0286592 0.0198401 0.00874531 -0.00141813 -0.00890538 -0.0132955 -0.0147274 -0.0137521 -0.0115168 -0.00949567 -0.00883892 -0.00993177 -0.012374 -0.0151648 -0.0168974 -0.015981 -0.011011 -0.00131247 0.012439 0.0277452 0.0405185 0.0466399 0.0444 0.0359533 
0.0113435 0.00407579 0.00387543 0.00914787 0.0158757 0.0196511 0.0178928 0.0111496 0.00236224 -0.00532982 -0.0102009 -0.0119522 -0.0110585 -0.00849216 -0.00561907 -0.0037438 -0.00355428 -0.0049936 -0.00752598 -0.0103465 -0.0123203 -0.0119243 -0.00760101 0.00144352 0.0143794 0.0283162 0.0388077 0.0416879 0.0356481 0.0236154 
-0.00446498 -0.010222 -0.00877056 -0.00246024 0.00455144 0.00830823 0.00683141 0.00101392 -0.00615417 -0.0115941 -0.0136955 -0.0124471 -0.00881411 -0.00426732 -0.000407519 0.00160262 0.00147251 -0.000344135 -0.00313043 -0.00615624 -0.00848795 -0.00877891 -0.00558581 0.00177143 0.0123261 0.0231395 0.0299926 0.0293087 0.0205771 0.00736573 
-0.0190661 -0.0203526 -0.0155413 -0.00790479 -0.00137506 0.00115817 -0.00118712 -0.00699433 -0.0132774 -0.0171268 -0.0171277 -0.013581 -0.00786476 -0.00178016 0.00295426 0.0052402 0.00494473 0.00272119 -0.000512154 -0.00390681 -0.0066082 -0.00760104 -0.00592605 -0.00128999 0.00531161 0.0113999 0.013675 0.00974822 0.000157059 -0.0111734 
-0.0305359 -0.0255005 -0.0163132 -0.00712382 -0.0013182 -0.000330059 -0.00376038 -0.00979285 -0.0157057 -0.0189085 -0.0181354 -0.013809 -0.00745226 -0.000924218 0.0040826 0.00644866 0.00595521 0.0032679 -0.000472821 -0.00413943 -0.00688807 -0.0082296 -0.00806231 -0.006725 -0.00508805 -0.00463546 -0.00713079 -0.0134192 -0.0219869 -0.0289909 
-0.0370006 -0.0256626 -0.0122482 -0.00148561 0.00392157 0.0039467 3.24061e-05 -0.00596649 -0.0119004 -0.0155677 -0.0156452 -0.0123291 -0.00696203 -0.00125605 0.00318601 0.00516992 0.00429111 0.00116357 -0.00285329 -0.00634863 -0.00855335 -0.00966681 -0.0106455 -0.0125476 -0.0159474 -0.0209377 -0.0274011 -0.0346689 -0.040698 -0.042267 
-0.0361579 -0.0202238 -0.0038961 0.00796173 0.0132998 0.0131186 0.0094025 0.00362768 -0.00283952 -0.00813763 -0.0106006 -0.00981812 -0.0066854 -0.00270424 0.000560779 0.00181847 0.000527581 -0.00271488 -0.00641426 -0.00906915 -0.0101565 -0.0105917 -0.0122687 -0.0167743 -0.0241958 -0.0331195 -0.0416571 -0.0480966 -0.0505623 -0.0469202 
-0.0259558 -0.00802876 0.0090602 0.0207272 0.0255262 0.0250963 0.021508 0.0155757 0.00782564 -0.00010848 -0.00598479 -0.00852406 -0.00804328 -0.00590449 -0.00377104 -0.00304788 -0.00430796 -0.00693361 -0.00946865 -0.0106158 -0.0102599 -0.00988099 -0.0118932 -0.0179679 -0.0275035 -0.0377748 -0.0457087 -0.0493595 -0.0477202 -0.03995 
-0.00696691 0.0102636 0.0256522 0.035185 0.0380383 0.0362788 0.0318291 0.0247841 0.0149383 0.00383332 -0.005617 -0.01122 -0.0127725 -0.0116735 -0.00985665 -0.00886177 -0.00920818 -0.0102637 -0.0108017 -0.00996164 -0.00807759 -0.00692611 -0.00894131 -0.0153949 -0.0248544 -0.0336853 -0.0384587 -0.0378508 -0.0321794 -0.0217837 
0.0161775 0.0304123 0.041943 0.0475425 0.0470446 0.0427753 0.0363638 0.0272771 0.0148345 0.000672479 -0.0116309 -0.019127 -0.0213199 -0.0198789 -0.0171583 -0.0148451 -0.0133545 -0.012065 -0.0100933 -0.00708063 -0.00370242 -0.00175393 -0.00333451 -0.00904868 -0.0166748 -0.0221456 -0.0224074 -0.0173061 -0.00853794 0.00272079 
0.0369433 0.0464867 0.0527807 0.0536675 0.0496224 0.0428686 0.0344154 0.0231438 0.00822315 -0.00835163 -0.0223535 -0.0303185 -0.0317406 -0.0287501 -0.0241892 -0.0198755 -0.0160969 -0.0122574 -0.00782296 -0.00284662 0.00185577 0.00470229 0.00407295 -1.53363e-05 -0.00484463 -0.00639048 -0.00238648 0.00609561 0.0163095 0.0266301 
0.0510001 0.0548514 0.0553905 0.0519725 0.04569 0.0381022 0.029005 0.0165302 -6.33419e-05 -0.018152 -0.0328435 -0.0403635 -0.0403926 -0.0355574 -0.0291083 -0.0229301 -0.0171872 -0.0113176 -0.0050724 0.00123714 0.006858 0.0105879 0.0112912 0.00935851 0.00756495 0.00949823 0.0165636 0.0267952 0.036878 0.0449614 
0.0584713 0.0562003 0.0509996 0.0442641 0.0377412 0.0317988 0.0243622 0.0124674 -0.00451615 -0.0232057 -0.0380478 -0.0450789 -0.044197 -0.0383537 -0.030964 -0.0238643 -0.0171197 -0.0102166 -0.00310291 0.00379453 0.00990109 0.0144345 0.0166435 0.0170115 0.0180217 0.0226544 0.0316297 0.0425069 0.0517199 0.0571295 
0.0632613 0.0547033 0.0439146 0.0347056 0.0295187 0.0272397 0.0235048 0.01391 -0.00225078 -0.0209178 -0.0359432 -0.0432021 -0.0426775 -0.0373321 -0.0304293 -0.0236278 -0.0169274 -0.00987093 -0.00249829 0.00475844 0.0114884 0.0171659 0.0211671 0.0238168 0.0272043 0.0338533 0.0441299 0.0553929 0.063814 0.0666817 
0.0709006 0.0561114 0.0399546 0.0286826 0.0253585 0.0273593 0.0280165 0.0213614 0.00638732 -0.0123735 -0.0282612 -0.0369066 -0.0381416 -0.0346432 -0.0293099 -0.0235783 -0.0174303 -0.0104494 -0.00264381 0.00564372 0.0140622 0.0220143 0.0285958 0.0337125 0.0391228 0.0472606 0.058563 0.0703581 0.0783686 0.0789901 
0.0861432 0.0658179 0.0447803 0.0314463 0.0293588 0.0345805 0.0385006 0.0337884 0.0190669 -0.000832236 -0.0187806 -0.0300044 -0.0339466 -0.0328583 -0.0292919 -0.0245668 -0.0187265 -0.0113751 -0.0023858 0.00806183 0.0195872 0.0312425 0.0414927 0.0495815 0.0569423 0.0662076 0.0783113 0.0908369 0.0990247 0.0981499 
0.111804 0.0875382 0.0622413 0.0462189 0.0435643 0.0494674 0.053992 0.0489207 0.0326493 0.0102104 -0.0108801 -0.0253696 -0.0322026 -0.0332388 -0.0308647 -0.0264663 -0.0202482 -0.011871 -0.00108878 0.0120699 0.0271913 0.0430038 0.0573913 0.0689239 0.0785895 0.0891553 0.102275 0.11622 0.126013 0.125643 
0.15033 0.124002 0.0943228 0.0736195 0.0671458 0.0699896 0.0716308 0.0635316 0.0440866 0.0183907 -0.00594553 -0.0234095 -0.032564 -0.0349894 -0.03303 -0.0282217 -0.0209947 -0.0112033 0.00129453 0.0164402 0.033842 0.0523175 0.0698271 0.0847611 0.0976248 0.110903 0.126751 0.14438 0.158883 0.162693 
0.205667 0.178336 0.14249 0.113203 0.0981108 0.0932947 0.0884137 0.0750634 0.0517312 0.0232623 -0.00320437 -0.0224327 -0.0329204 -0.0360506 -0.0340507 -0.0284859 -0.0199923 -0.0088201 0.00468243 0.0200951 0.0370881 0.0551868 0.0735024 0.0912413 0.108727 0.127693 0.150145 0.175938 0.200121 0.212986 
0.279658 0.251265 0.2064 0.163852 0.135011 0.118103 0.103647 0.0836219 0.0564818 0.026368 -0.000695346 -0.0203441 -0.0313472 -0.0349089 -0.0329445 -0.026821 -0.0172949 -0.00516402 0.00839992 0.0223171 0.0363279 0.0511559 0.0679913 0.0878743 0.111524 0.139758 0.17374 0.213236 0.252608 0.279195 
0.362996 0.333441 0.278269 0.220321 0.175304 0.144212 0.118882 0.0918016 0.0612056 0.0301871 0.00329482 -0.0162623 -0.0276656 -0.0319207 -0.0305144 -0.0244946 -0.0146647 -0.00236001 0.0103936 0.0218351 0.031806 0.0423228 0.0568437 0.07858 0.10907 0.148455 0.196865 0.253383 0.311004 0.353589 
0.431261 0.401858 0.339535 0.270042 0.212281 0.169547 0.135062 0.101972 0.0683511 0.0363228 0.0091447 -0.0109203 -0.0233337 -0.0288842 -0.0287088 -0.0236395 -0.0145342 -0.00307996 0.00819047 0.0171793 0.023925 0.0313773 0.0445007 0.0679543 0.103938 0.152368 0.212865 0.283969 0.357303 0.413713 
