0.632709 0.545627 0.336057 0.14807 0.0450623 0.00565481 -0.004528 -0.00343154 0.00104378 0.0049612 0.00651894 0.00478188 0.000722639 -0.00282016 -0.00446051 -0.00579585 -0.00868507 -0.012677 -0.0153183 -0.0140886 -0.00820595 0.0010267 0.00948335 0.0112711 0.00707977 0.0108246 0.0458736 0.141363 0.316932 0.525507 
0.521227 0.439163 0.262282 0.110042 0.0318597 0.00474859 -0.00275803 -0.00376262 -0.00174381 0.00143563 0.00441684 0.00570528 0.00480164 0.00310102 0.00142029 -0.00149149 -0.00649332 -0.0120413 -0.0150538 -0.0127722 -0.00450611 0.00748048 0.0173435 0.0182723 0.0120723 0.0145555 0.0478403 0.133076 0.279648 0.444838 
0.315869 0.255464 0.144111 0.0543833 0.0124517 -0.000513214 -0.00506405 -0.00676772 -0.00564504 -0.00219661 0.00294578 0.00765906 0.00947928 0.00849581 0.00571805 0.000697884 -0.00662874 -0.0139114 -0.0172863 -0.0136765 -0.00327429 0.00965898 0.0180686 0.0162758 0.00788633 0.00792604 0.0330631 0.0931439 0.186328 0.28138 
0.144939 0.106552 0.0512444 0.0132411 -0.000439007 -0.00380593 -0.00651452 -0.00769122 -0.00598564 -0.00192517 0.00453651 0.0110096 0.0133535 0.0109743 0.00598642 -0.000899194 -0.00957035 -0.0177619 -0.0213134 -0.0170879 -0.00631467 0.00518571 0.010529 0.00642612 -0.0027558 -0.00568081 0.00874712 0.0446295 0.0952126 0.138487 
0.0551513 0.0338856 0.00955023 -0.00258013 -0.00385201 -0.00419708 -0.0064325 -0.00623743 -0.00273591 0.00230615 0.00906247 0.0152536 0.0159812 0.0107087 0.00303839 -0.0051765 -0.0140466 -0.0219082 -0.0249442 -0.0206658 -0.0112627 -0.00264171 0.00031845 -0.00321479 -0.0105958 -0.0164998 -0.013467 0.00415197 0.032467 0.0550467 
0.0259423 0.0182216 0.00671476 0.000788332 -0.000608374 -0.00325935 -0.00646947 -0.0049287 0.000924842 0.00742029 0.0139089 0.0184882 0.0168866 0.00912021 -0.000489733 -0.00959978 -0.0183434 -0.0252581 -0.0270946 -0.0225721 -0.0146715 -0.00822492 -0.00543353 -0.0058921 -0.0103701 -0.0190951 -0.0259226 -0.0209189 -0.00202467 0.0186598 
0.0248306 0.0266677 0.0193886 0.011474 0.00531927 -0.00112419 -0.00555102 -0.0029303 0.00505215 0.0127639 0.0180412 0.0198089 0.0159512 0.00722907 -0.00281025 -0.0123463 -0.0211138 -0.027171 -0.0276713 -0.0223073 -0.0142405 -0.00715366 -0.00214894 0.000245595 -0.0036776 -0.0160877 -0.0296594 -0.0314514 -0.0157653 0.00832794 
0.0303743 0.0361294 0.029047 0.0180851 0.00877672 0.00148082 -0.00167132 0.00278718 0.0122381 0.0200358 0.0228636 0.0208749 0.0148295 0.00617334 -0.00327291 -0.0127423 -0.0213817 -0.0266467 -0.0259397 -0.0190898 -0.00855198 0.00240686 0.0112185 0.0146386 0.00767652 -0.0100737 -0.0282172 -0.0323962 -0.0169876 0.00933937 
0.033429 0.0374886 0.0280658 0.0145959 0.00502434 0.0013789 0.00379371 0.0119454 0.0221291 0.0286976 0.0287688 0.0234836 0.0155659 0.00687457 -0.00209441 -0.0111884 -0.0191002 -0.0232152 -0.0213006 -0.0127531 0.00112579 0.0168335 0.0291115 0.0320195 0.020991 -0.00123907 -0.0215899 -0.0257934 -0.0105307 0.0142617 
0.034943 0.0335248 0.0203278 0.00431782 -0.0045799 -0.00233261 0.00827623 0.0210481 0.0306791 0.0347176 0.0327526 0.0260828 0.017272 0.0081002 -0.00105269 -0.00973204 -0.0164105 -0.0189352 -0.0156905 -0.00597475 0.00959633 0.0272916 0.0401346 0.0413346 0.02848 0.00717563 -0.00961045 -0.0107168 0.00364707 0.0228636 
0.039874 0.0321654 0.015469 -0.0028253 -0.0116129 -0.0047284 0.0124467 0.0278604 0.0347726 0.0350334 0.0317245 0.0254789 0.0169315 0.00731249 -0.00232449 -0.010752 -0.0162847 -0.0171317 -0.0123453 -0.00209564 0.0124969 0.0278354 0.0373816 0.0358665 0.02423 0.0101518 0.00362577 0.00974608 0.0240914 0.0365603 
0.0466439 0.0351913 0.0174991 -0.00123363 -0.0100528 -0.00158854 0.0173424 0.0315744 0.0343454 0.0310675 0.0271992 0.0220828 0.0141799 0.00434471 -0.00558542 -0.0138532 -0.0186172 -0.0180319 -0.0116516 -0.00119894 0.0106724 0.0206974 0.0246551 0.0204666 0.0121092 0.00770897 0.0129862 0.0269119 0.0420331 0.0496206 
0.0483578 0.0372887 0.0224067 0.00655548 -0.00108475 0.00630862 0.0218087 0.031293 0.030187 0.0255125 0.0224477 0.0185886 0.0111515 0.00130838 -0.00843429 -0.0162376 -0.020287 -0.0186648 -0.0112819 -0.00112874 0.00765625 0.0121111 0.0109371 0.00564632 0.00179498 0.00566454 0.0184075 0.0353194 0.0491328 0.0536352 
0.045862 0.0371612 0.0267515 0.0160856 0.0112997 0.0166335 0.0256348 0.0283186 0.0239073 0.0193091 0.0175057 0.0147241 0.00804894 -0.000973357 -0.00970093 -0.0164837 -0.0196799 -0.0175597 -0.0102382 -0.000985217 0.00552291 0.00648103 0.00270008 -0.00157592 -0.000524532 0.00891339 0.0237028 0.0381614 0.0481932 0.050775 
0.0469444 0.0393527 0.0306972 0.0235353 0.0213811 0.0251008 0.0285668 0.0258177 0.0189015 0.0136934 0.0115224 0.00893739 0.00368037 -0.00325517 -0.0101414 -0.0156263 -0.018067 -0.0159122 -0.00924185 -0.000857077 0.00476044 0.00472855 0.000662172 -0.00173307 0.00321297 0.0156035 0.0293241 0.0396114 0.0467276 0.0499332 
0.0522201 0.0442927 0.033331 0.0251174 0.0228206 0.0256166 0.0277573 0.0244748 0.0172277 0.0104363 0.00591172 0.00243704 -0.0012788 -0.00563627 -0.0105137 -0.0148545 -0.0167882 -0.0147269 -0.0085087 -0.000393097 0.00532748 0.00546859 0.0016477 0.000266686 0.00704509 0.0200442 0.0312712 0.0379975 0.0447992 0.0517282 
0.0539393 0.0460757 0.0313923 0.0188173 0.0135563 0.0158992 0.0208855 0.0221438 0.0174969 0.00968182 0.00245336 -0.00240387 -0.00520419 -0.0076307 -0.0109341 -0.0143454 -0.0159048 -0.0139344 -0.00790202 0.000316252 0.0063602 0.00667185 0.0026735 0.00105306 0.00754077 0.0188677 0.0262922 0.0297013 0.0373335 0.0490653 
0.0487526 0.0417854 0.0241767 0.00663593 -0.00259589 -0.000509073 0.00901956 0.0171772 0.0172784 0.0100868 0.00116978 -0.00500697 -0.00775459 -0.00929358 -0.0115603 -0.0141429 -0.0153615 -0.0135481 -0.00776672 0.000402623 0.0064668 0.00667014 0.00233116 -0.000130811 0.00442478 0.0121267 0.01498 0.0155675 0.0242666 0.0400074 
0.0415769 0.0349225 0.0153083 -0.00579601 -0.0181232 -0.0166915 -0.00407804 0.00984774 0.0149585 0.00971757 0.000477826 -0.00641508 -0.00941741 -0.0107255 -0.0124007 -0.0143768 -0.0154052 -0.0138749 -0.00856693 -0.000880372 0.00468504 0.00453841 7.55121e-05 -0.0031173 -0.0010783 0.00266321 0.00230724 0.0023208 0.0127849 0.0309729 
0.0369448 0.0291297 0.00874243 -0.0125282 -0.0252362 -0.0251489 -0.01329 0.00226929 0.0103123 0.00708314 -0.00140405 -0.00795319 -0.0106796 -0.0117098 -0.0129964 -0.0146715 -0.0157665 -0.0146866 -0.0101265 -0.00341074 0.00120414 0.000663607 -0.00344065 -0.00663779 -0.00631438 -0.00497087 -0.00566829 -0.0035296 0.00896854 0.0273523 
0.0351709 0.0258806 0.0066664 -0.0108923 -0.0208174 -0.0222608 -0.0148193 -0.00244681 0.00512752 0.00275523 -0.00469469 -0.0101994 -0.0119969 -0.0122814 -0.0129765 -0.0143536 -0.0155475 -0.0149334 -0.0112683 -0.0058251 -0.00232359 -0.00299195 -0.00604978 -0.00825328 -0.00834414 -0.00780426 -0.00731611 -0.00246767 0.011185 0.0280707 
0.0346663 0.0253491 0.00889102 -0.00338018 -0.00917406 -0.0114465 -0.00926961 -0.00263603 0.00176198 -0.00112732 -0.00782072 -0.0123191 -0.0131228 -0.0123838 -0.0121206 -0.0128562 -0.0138311 -0.0134078 -0.0104704 -0.00624936 -0.00377317 -0.00429458 -0.00588353 -0.00650514 -0.00623327 -0.00612075 -0.00534115 0.00028977 0.0136038 0.0289715 
0.0322964 0.024779 0.0117968 0.0038543 0.00128813 -0.00079254 -0.00191674 -0.000246883 0.000553253 -0.00317084 -0.00911978 -0.0128516 -0.0130776 -0.0115297 -0.0102194 -0.0100252 -0.0104187 -0.00981454 -0.0072163 -0.00384241 -0.00212797 -0.00248667 -0.00289661 -0.00224125 -0.00160188 -0.00215631 -0.0025893 0.00138212 0.0126517 0.0265448 
0.025535 0.0206669 0.0112544 0.00577923 0.00438172 0.00279154 0.000965046 0.000552705 -0.000286369 -0.00371796 -0.00842222 -0.0115174 -0.0117187 -0.00992545 -0.00787806 -0.00678979 -0.00644875 -0.0053725 -0.00265119 0.000488007 0.00195041 0.00175244 0.00184768 0.00279067 0.00302905 0.00134179 -0.000899417 0.000431199 0.00845108 0.0198383 
0.0153485 0.012896 0.00675018 0.00243187 0.00055322 -0.000984472 -0.00205076 -0.00192589 -0.00200511 -0.00380216 -0.0068747 -0.0094809 -0.0101146 -0.00865987 -0.00636915 -0.00466386 -0.0036393 -0.00195814 0.00122425 0.00468634 0.00640954 0.00639635 0.00639388 0.00661344 0.00537423 0.00192742 -0.0019085 -0.00251378 0.00247678 0.010606 
0.00457614 0.00391146 0.00077399 -0.0023694 -0.0048766 -0.00671036 -0.0069113 -0.00537743 -0.0038186 -0.00382509 -0.00552749 -0.00776618 -0.00888279 -0.00803849 -0.00595723 -0.00402968 -0.00256634 -0.000441878 0.0031366 0.00700981 0.0090468 0.00893514 0.0082383 0.00711887 0.00400244 -0.00116277 -0.00588258 -0.00716502 -0.00402307 0.0012392 
-0.00491879 -0.00410655 -0.00451403 -0.00609915 -0.00868163 -0.0108458 -0.0105857 -0.00787323 -0.00496237 -0.0038135 -0.00464804 -0.00639694 -0.00756159 -0.00719308 -0.00560546 -0.00386901 -0.00234052 -0.000152244 0.00341014 0.0072877 0.00923084 0.00855202 0.00668122 0.00410361 -0.000280952 -0.0061259 -0.0109401 -0.012445 -0.0105192 -0.00725928 
-0.0122362 -0.0098528 -0.00837286 -0.00910098 -0.0119131 -0.0144967 -0.0140774 -0.0104903 -0.00645397 -0.00433016 -0.00424937 -0.00510033 -0.0057683 -0.00557151 -0.00453586 -0.00324888 -0.00194462 1.74036e-05 0.00318836 0.00657081 0.00799821 0.00664668 0.00378705 0.000272106 -0.00435771 -0.00985617 -0.0146619 -0.0171422 -0.0167874 -0.0147024 
-0.0154792 -0.0117954 -0.00987672 -0.0111467 -0.0147996 -0.0179936 -0.0177943 -0.0138631 -0.0089302 -0.00561554 -0.00423309 -0.00388292 -0.00383009 -0.00361072 -0.00301959 -0.00220131 -0.00119912 0.000471494 0.00314066 0.00582943 0.00670187 0.00514929 0.00224752 -0.00115672 -0.00523484 -0.0101744 -0.0154842 -0.0196718 -0.0209251 -0.0190545 
-0.013378 -0.00957448 -0.00856826 -0.0109433 -0.0152387 -0.0188771 -0.0193713 -0.0160254 -0.0109228 -0.00670097 -0.0041784 -0.00287862 -0.00229143 -0.00202787 -0.00173516 -0.00125443 -0.000473657 0.00097333 0.00322466 0.00536669 0.00602002 0.00494254 0.00298344 0.000581191 -0.00265405 -0.00733767 -0.0133752 -0.0187527 -0.0204905 -0.0179411 
-0.00914238 -0.00666043 -0.0069598 -0.00958023 -0.0132873 -0.0166435 -0.0178402 -0.0156395 -0.0111433 -0.0067927 -0.0038749 -0.0022338 -0.00143279 -0.00116531 -0.00105853 -0.00076283 -7.89046e-05 0.00122141 0.00313813 0.00491338 0.0056108 0.00526637 0.00449484 0.00322577 0.000635903 -0.00408601 -0.0104972 -0.0157922 -0.0167349 -0.0134414 
-0.00811737 -0.00759075 -0.00858452 -0.0101212 -0.0120248 -0.0142267 -0.0154322 -0.0139998 -0.0102792 -0.00636755 -0.00365263 -0.00204383 -0.00114926 -0.000847066 -0.00083824 -0.00063273 2.05919e-05 0.00117593 0.00269687 0.00400369 0.00451748 0.00445021 0.00431232 0.00371099 0.00140572 -0.00346111 -0.00978769 -0.0141766 -0.0140297 -0.0108161 
-0.0122452 -0.0131158 -0.01389 -0.0136627 -0.0133312 -0.0138045 -0.0141721 -0.0127642 -0.00952241 -0.00607153 -0.00360716 -0.00201587 -0.000988341 -0.000596743 -0.000628593 -0.000485258 0.000127924 0.00107044 0.00202702 0.00254829 0.00232924 0.00175147 0.00145677 0.00101584 -0.00119312 -0.00618115 -0.0123275 -0.015964 -0.01538 -0.0130689 
-0.0188227 -0.0197453 -0.019599 -0.0177491 -0.0155573 -0.014362 -0.0136579 -0.0119917 -0.00896057 -0.00564751 -0.00314159 -0.00149084 -0.000443671 -7.75486e-05 -0.000195761 -0.000146681 0.000374223 0.00101605 0.00125356 0.000748981 -0.000540562 -0.00206777 -0.00296854 -0.00351108 -0.00561545 -0.0106535 -0.0168742 -0.020518 -0.0202786 -0.0188321 
-0.0234282 -0.0233214 -0.0220723 -0.0192173 -0.0160206 -0.0138078 -0.0124338 -0.0107207 -0.00789053 -0.00451646 -0.0018099 -0.000200985 0.000572381 0.000651782 0.000293607 0.000131696 0.00044073 0.000677882 0.000117848 -0.00143467 -0.00369215 -0.0059844 -0.00739371 -0.00802352 -0.0098796 -0.0147265 -0.0210732 -0.0251549 -0.0253999 -0.0240225 
-0.0247482 -0.023642 -0.0216103 -0.0182894 -0.0146542 -0.011816 -0.00997763 -0.00833918 -0.00584967 -0.00262351 2.65025e-05 0.0013282 0.00159567 0.00122623 0.000512882 8.80162e-06 -2.5485e-05 -0.000225641 -0.00147242 -0.00382571 -0.00663194 -0.00915718 -0.0106982 -0.0113137 -0.0128051 -0.0171051 -0.0231749 -0.0274122 -0.0278506 -0.0261774 
-0.0256077 -0.0241056 -0.0214058 -0.0174882 -0.013145 -0.00932523 -0.00672391 -0.00505262 -0.0030954 -0.000508283 0.00155768 0.00226376 0.00197851 0.00121917 0.00022645 -0.000567775 -0.000881883 -0.0013176 -0.00284093 -0.00545429 -0.00824767 -0.010533 -0.0120239 -0.0128183 -0.0142002 -0.0178714 -0.0232192 -0.0271803 -0.0279409 -0.0268301 
-0.0276327 -0.0260283 -0.0223159 -0.0172098 -0.0115569 -0.00636519 -0.00291366 -0.00131821 -0.000184492 0.00125807 0.00226728 0.00222084 0.00149754 0.000555174 -0.000485117 -0.00132599 -0.00166475 -0.00197869 -0.00322135 -0.00543713 -0.00769957 -0.00954137 -0.0111841 -0.0127039 -0.0144934 -0.0175674 -0.0217394 -0.0251194 -0.0267618 -0.0275268 
-0.0281322 -0.0265142 -0.0218135 -0.0154857 -0.00857185 -0.00238068 0.00138078 0.00254794 0.00265521 0.002698 0.00244988 0.00168399 0.000712208 -0.000224239 -0.00115818 -0.001911 -0.00215821 -0.00217458 -0.00277977 -0.00414223 -0.00559961 -0.00706108 -0.00915483 -0.0116966 -0.0138975 -0.0159092 -0.0182141 -0.0206478 -0.0233645 -0.0264286 
-0.0240523 -0.0224303 -0.0174836 -0.0109544 -0.00386393 0.00223699 0.00550889 0.00595741 0.00508202 0.00390265 0.00267439 0.00149133 0.000463766 -0.000435489 -0.00134438 -0.00214811 -0.00248616 -0.0023688 -0.00237913 -0.00287831 -0.0036782 -0.00501255 -0.00751445 -0.0104984 -0.0122444 -0.0124791 -0.0125681 -0.0138711 -0.0171484 -0.0215456 
-0.0169859 -0.0147597 -0.01011 -0.00473847 0.000913019 0.00569664 0.00793274 0.00756932 0.00589958 0.00408375 0.0027229 0.00178685 0.000948206 1.79807e-05 -0.00105141 -0.00211836 -0.00280577 -0.00285981 -0.00258619 -0.00260128 -0.00324914 -0.00477376 -0.00729808 -0.00972623 -0.010256 -0.00882208 -0.00737419 -0.00791271 -0.0110905 -0.0152325 
-0.0120407 -0.0079154 -0.00319972 0.000216439 0.00300984 0.00553325 0.00670499 0.00591187 0.00395289 0.00230818 0.00179715 0.00184516 0.00150904 0.00057082 -0.000721689 -0.0021129 -0.00325817 -0.00369587 -0.00345117 -0.00339074 -0.00432272 -0.00624356 -0.00859953 -0.0102934 -0.0101069 -0.00819915 -0.00644093 -0.00688344 -0.00979143 -0.0126099 
-0.0103461 -0.00336714 0.0019059 0.00298816 0.00183277 0.00124476 0.00143875 0.000976188 -0.000386685 -0.00116351 -0.000407087 0.000888257 0.00130035 0.000566566 -0.000800808 -0.00239068 -0.00388627 -0.00471997 -0.00471056 -0.00485426 -0.0062364 -0.00864732 -0.0111646 -0.0129651 -0.0132407 -0.011811 -0.0101861 -0.0106575 -0.013191 -0.0141654 
-0.00693199 0.0024865 0.00798107 0.00649492 0.000845783 -0.00364336 -0.00488667 -0.00483008 -0.0051059 -0.00487914 -0.00323035 -0.00106156 0.000138373 -9.26574e-05 -0.0012834 -0.00286693 -0.00444325 -0.00550168 -0.00588589 -0.00652584 -0.00843391 -0.0113651 -0.0144527 -0.0169991 -0.0179484 -0.0165302 -0.0143122 -0.0141171 -0.0155175 -0.0140352 
0.000885137 0.0110195 0.0160247 0.0126149 0.00347004 -0.00465483 -0.00790826 -0.00806961 -0.00777439 -0.00711439 -0.00539263 -0.00307695 -0.00135795 -0.00102301 -0.00195171 -0.00343443 -0.00488776 -0.00602976 -0.00691916 -0.00816118 -0.010361 -0.0134854 -0.0170625 -0.020112 -0.0207982 -0.018151 -0.0144548 -0.0128792 -0.0123395 -0.00827063 
0.00903847 0.0179387 0.0222623 0.018624 0.00851995 -0.00142666 -0.00638267 -0.00742915 -0.00737649 -0.007 -0.00593065 -0.00419641 -0.00255297 -0.00203367 -0.00289241 -0.00434083 -0.00569417 -0.00693694 -0.00818592 -0.00943306 -0.0108575 -0.0131085 -0.0165381 -0.0196542 -0.019495 -0.0151433 -0.00985686 -0.00696016 -0.00490429 0.000253654 
0.0127508 0.0196488 0.0236633 0.021216 0.0124227 0.00272617 -0.00291097 -0.00461524 -0.00485835 -0.00496326 -0.00487958 -0.0042166 -0.00326836 -0.00306088 -0.00403311 -0.0054944 -0.00685626 -0.00817176 -0.00919062 -0.00914846 -0.00810692 -0.00789533 -0.0101589 -0.0131933 -0.0128997 -0.00801543 -0.00223631 0.000881165 0.00264694 0.00638719 
0.012861 0.0180106 0.0215085 0.0200031 0.0131464 0.00483451 -0.000498122 -0.00202247 -0.00191276 -0.00220497 -0.00304226 -0.00350803 -0.00344877 -0.00370147 -0.00475407 -0.00619178 -0.00758669 -0.00872027 -0.00863914 -0.00595692 -0.00105904 0.00282829 0.00266922 -0.00017952 -0.00109068 0.00205525 0.00639423 0.0083794 0.0083592 0.00928182 
0.0143029 0.0172369 0.0181779 0.0155022 0.00993683 0.00366412 -0.00034648 -0.000848526 0.000175687 0.000159467 -0.00108647 -0.00228284 -0.00299325 -0.00376742 -0.00499735 -0.00650128 -0.00789315 -0.00846098 -0.00652156 -0.000407822 0.00876005 0.0164157 0.0185656 0.0160837 0.0133172 0.0131829 0.0147973 0.0153849 0.0139833 0.0128184 
0.0190508 0.0182594 0.0139026 0.00775654 0.00274088 -0.000700836 -0.00210822 -0.000859894 0.00137218 0.00222643 0.00142192 -6.8145e-05 -0.00176675 -0.00365864 -0.00566992 -0.00757209 -0.00890129 -0.00854207 -0.00441079 0.00499558 0.0176239 0.0279281 0.0317615 0.0300394 0.0264451 0.0238568 0.0231403 0.0228218 0.0211196 0.0192404 
0.0242188 0.0185516 0.00824398 -0.00144037 -0.0061021 -0.00669523 -0.00491992 -0.00129289 0.00266941 0.00509469 0.00535072 0.00359592 0.000333323 -0.00352578 -0.00707952 -0.00974308 -0.0109109 -0.00937904 -0.00325317 0.00834716 0.02261 0.0337811 0.0384404 0.0382321 0.0362586 0.0341814 0.0328103 0.0315522 0.029148 0.0265585 
0.0276913 0.0172595 0.00344327 -0.00703117 -0.0112668 -0.0111726 -0.00799482 -0.00222254 0.00409586 0.00857961 0.00993127 0.00780839 0.00297839 -0.00289524 -0.00818575 -0.0117848 -0.0128618 -0.0103983 -0.00314633 0.00902939 0.0231256 0.0339765 0.0391906 0.0412513 0.0430359 0.0444869 0.0444356 0.0420491 0.0377065 0.0332426 
0.0302685 0.0167559 0.00358085 -0.00399081 -0.0078596 -0.0106388 -0.00989143 -0.00380618 0.00451892 0.0107644 0.0128058 0.0105759 0.00523037 -0.0015431 -0.00796307 -0.0124445 -0.0138897 -0.0115466 -0.00475934 0.0063526 0.0193524 0.0299624 0.0361889 0.0405715 0.0460235 0.0516144 0.0541456 0.0517795 0.0460235 0.0393675 
0.0335708 0.0203616 0.0108911 0.00724288 0.00276867 -0.00506272 -0.0092194 -0.00477525 0.00416716 0.0109977 0.0129873 0.0108791 0.00613305 -0.000203879 -0.00679588 -0.011875 -0.014166 -0.0131217 -0.00832239 0.000536879 0.0121698 0.0231335 0.0309041 0.0366636 0.0429408 0.0497392 0.0543859 0.0544744 0.0505263 0.0439482 
0.0406579 0.0316957 0.0251386 0.0207749 0.0122971 -0.000321037 -0.00765431 -0.00414192 0.00487655 0.0113472 0.0125279 0.010097 0.00583753 0.000223051 -0.00607651 -0.0115157 -0.0147649 -0.0153666 -0.0129698 -0.00660852 0.0037743 0.0155369 0.0251178 0.031076 0.0346228 0.0382044 0.0429077 0.0471272 0.0488687 0.0470287 
0.0540983 0.0517518 0.0442676 0.0316768 0.0144729 -0.00179847 -0.00826763 -0.00269947 0.0074678 0.0138122 0.0141461 0.010781 0.00585176 -4.99626e-05 -0.00655964 -0.0125529 -0.0167445 -0.0186636 -0.0180714 -0.0136285 -0.00428519 0.00797186 0.01878 0.0242981 0.0241394 0.0229604 0.0261901 0.0341846 0.0435271 0.0509656 
0.0696088 0.0726975 0.0613823 0.0379135 0.0113167 -0.00704991 -0.010406 -0.00140978 0.0105119 0.017557 0.0180937 0.0140531 0.0075507 0.000107086 -0.00737587 -0.0141303 -0.0191972 -0.0220749 -0.0225284 -0.0193243 -0.0113953 -0.00056277 0.00901828 0.0133627 0.0116078 0.00865811 0.0113486 0.0219518 0.0382403 0.056025 
0.0777455 0.080713 0.0646988 0.035066 0.00526987 -0.0117322 -0.011967 -0.00117595 0.0114213 0.0197362 0.0219892 0.0183206 0.0103677 0.00117102 -0.00713464 -0.014109 -0.0195692 -0.0230574 -0.0240588 -0.0217473 -0.0159994 -0.0089764 -0.00364996 -0.00163998 -0.00247812 -0.0027779 0.00196142 0.0146295 0.0354302 0.0596051 
0.0750527 0.0711607 0.0497225 0.0195672 -0.00613975 -0.0177566 -0.0149011 -0.00403765 0.00820117 0.0180712 0.0228659 0.0203741 0.0118975 0.0020528 -0.00592669 -0.0120406 -0.017044 -0.0205919 -0.0218183 -0.0203379 -0.0169835 -0.0140614 -0.0132206 -0.0132741 -0.0116115 -0.00672861 0.00174983 0.0157642 0.0372628 0.0609445 
0.0669084 0.0543089 0.0277092 -0.00149848 -0.021705 -0.0275618 -0.0219967 -0.0112655 0.000824535 0.0122972 0.0193736 0.0183044 0.0105711 0.00174697 -0.00465907 -0.00917968 -0.013164 -0.0162667 -0.0174958 -0.0168965 -0.0154171 -0.0144637 -0.014748 -0.0140648 -0.0087051 0.00149249 0.0132435 0.0265348 0.0440312 0.0612832 
0.0581351 0.0410822 0.0126779 -0.0155123 -0.0328893 -0.0363875 -0.0302759 -0.0200247 -0.00786422 0.00465826 0.0131206 0.0135228 0.00768317 0.00116894 -0.00303944 -0.0059835 -0.00907426 -0.0116434 -0.0126966 -0.0127068 -0.0120593 -0.0104595 -0.00822641 -0.00437604 0.00435157 0.0179191 0.0310736 0.0413644 0.0514007 0.0596966 
0.0485569 0.032394 0.00688488 -0.0182278 -0.0337246 -0.0376977 -0.0336752 -0.0251136 -0.0134982 -0.00109511 0.00748341 0.00897194 0.00536481 0.00139227 -0.000876298 -0.00279026 -0.00546139 -0.007656 -0.00816076 -0.00765294 -0.00610773 -0.00217505 0.00335843 0.00927735 0.018137 0.0312719 0.0434913 0.0501479 0.0529591 0.0536868 
0.0385797 0.0268565 0.00691436 -0.0134687 -0.0268091 -0.0322431 -0.0314965 -0.0251628 -0.0144389 -0.003065 0.00435789 0.00591861 0.0037745 0.0014614 0.000201472 -0.00134953 -0.00396583 -0.0059188 -0.00539079 -0.00280624 0.00150406 0.00814736 0.0150541 0.0195103 0.0242159 0.0328265 0.0418856 0.0457902 0.0449651 0.042857 
0.037261 0.0327687 0.0168093 -0.00267443 -0.0175898 -0.0264142 -0.0287008 -0.0233268 -0.0125735 -0.00206925 0.00372491 0.0042911 0.00208489 -8.4882e-05 -0.00131543 -0.00284066 -0.00547511 -0.00735147 -0.00584222 -0.000743785 0.00656425 0.0145389 0.0199767 0.0203504 0.0190672 0.0215354 0.0266227 0.0294894 0.0304466 0.0335943 
0.0695854 0.0713087 0.0491403 0.0180407 -0.00779601 -0.0237489 -0.0282021 -0.0216592 -0.00962551 0.000671804 0.00525465 0.00431745 0.000539116 -0.00293398 -0.00470324 -0.00605429 -0.00844926 -0.0104213 -0.00879228 -0.00265328 0.00561628 0.0125049 0.0148109 0.0114432 0.00605524 0.00435256 0.00746423 0.0135926 0.025963 0.0481016 
0.172784 0.16902 0.116703 0.0531175 0.00514236 -0.0211651 -0.0273537 -0.0191693 -0.0062284 0.0036986 0.0075141 0.00529832 -0.000425971 -0.00561924 -0.00797505 -0.00892022 -0.0108013 -0.0129695 -0.0122656 -0.0071746 -0.000193789 0.00463722 0.00494268 0.000631839 -0.00536953 -0.00752391 -0.00133087 0.0182457 0.0608006 0.123835 
0.359504 0.330316 0.217564 0.100445 0.0232885 -0.0136278 -0.0220441 -0.0144325 -0.00284083 0.0055562 0.00846212 0.00552998 -0.0011348 -0.00708995 -0.00961444 -0.0102316 -0.011754 -0.0142491 -0.0149674 -0.0119139 -0.00664851 -0.00233806 -0.000932789 -0.00335064 -0.00788869 -0.0076808 0.00794214 0.0549739 0.150848 0.277874 
0.558525 0.493502 0.312791 0.141879 0.0407952 -0.00209747 -0.0125374 -0.00802038 0.000133069 0.00609616 0.00790322 0.00490857 -0.00119942 -0.00645463 -0.00860414 -0.00925636 -0.0110121 -0.0140525 -0.0159942 -0.0145192 -0.00978997 -0.00366095 0.00125244 0.00157554 -0.00192633 0.000974054 0.0287547 0.108031 0.261145 0.451325 
