0.422524 0.388362 0.318199 0.246032 0.192874 0.157345 0.127615 0.0967687 0.0675377 0.0468917 0.0382169 0.0380045 0.0387716 0.0344243 0.0234459 0.00855005 -0.00580521 -0.01586 -0.0196285 -0.0170534 -0.00985412 -0.000451305 0.00955554 0.0191121 0.0258649 0.0264852 0.0208728 0.0164949 0.0273491 0.0664255 0.137191 0.230641 0.327193 0.39975 
0.368966 0.333825 0.271056 0.211627 0.171229 0.144167 0.11739 0.0858031 0.0551261 0.0341385 0.0259048 0.0255063 0.0247855 0.0186128 0.00727442 -0.00566651 -0.0167604 -0.0240288 -0.0263117 -0.0231595 -0.015773 -0.00653231 0.0030563 0.0125651 0.0202713 0.0225255 0.0178694 0.0124903 0.0202624 0.054887 0.120072 0.206061 0.292688 0.354285 
0.273799 0.241043 0.192088 0.151819 0.129061 0.114739 0.096153 0.0700259 0.0433226 0.0248851 0.0173601 0.016008 0.0137869 0.00701075 -0.00321285 -0.0137073 -0.0223123 -0.0281674 -0.0302539 -0.0275899 -0.0210075 -0.0128855 -0.00457354 0.00407116 0.0117035 0.0140367 0.00808399 -0.00119126 5.12916e-05 0.0260882 0.0805663 0.152914 0.223073 0.268588 
0.181428 0.151757 0.116023 0.0927371 0.0846546 0.0809005 0.070303 0.0512397 0.0306157 0.0160521 0.00956573 0.0074024 0.00444499 -0.00163946 -0.00978915 -0.0178725 -0.0247578 -0.0299109 -0.0320333 -0.0297757 -0.0238279 -0.0165792 -0.0093334 -0.0017869 0.00474536 0.00553621 -0.00320963 -0.0170883 -0.0222452 -0.00430827 0.0399438 0.0992229 0.153807 0.184448 
0.120652 0.0936614 0.066592 0.0530048 0.0519805 0.0526961 0.0461334 0.0319885 0.0164302 0.005376 0.000105943 -0.00212717 -0.00473024 -0.00920422 -0.0150211 -0.0210884 -0.0267348 -0.0311435 -0.032644 -0.0298503 -0.0235398 -0.016103 -0.00891099 -0.00187512 0.00352333 0.00255179 -0.00853516 -0.0253748 -0.0344061 -0.0218427 0.0149742 0.064624 0.108132 0.128708 
0.0928344 0.0685424 0.0459353 0.0351363 0.0340842 0.0336435 0.0271099 0.0149694 0.00234897 -0.00639951 -0.0105795 -0.0122194 -0.0136849 -0.0162228 -0.0199572 -0.0245117 -0.0292172 -0.0327137 -0.0330107 -0.0288916 -0.0213269 -0.012651 -0.00426429 0.00361008 0.00925969 0.00811233 -0.00327607 -0.0206473 -0.0312122 -0.0221541 0.00891775 0.051318 0.0874556 0.102496 
0.0823181 0.061157 0.0412866 0.0301314 0.0258965 0.0219498 0.0137513 0.00207705 -0.00910791 -0.0166626 -0.0201707 -0.0211422 -0.0214192 -0.0222969 -0.0244258 -0.0278595 -0.0318292 -0.0345346 -0.0337499 -0.0283758 -0.019437 -0.00903295 0.00158241 0.0119264 0.0199038 0.0208122 0.011178 -0.00517579 -0.0164521 -0.0107042 0.0146374 0.0501863 0.080169 0.0916756 
0.0735252 0.0556096 0.038722 0.0277894 0.0213026 0.0148553 0.00573261 -0.00517916 -0.0150401 -0.021753 -0.0250876 -0.0261098 -0.0261961 -0.0265062 -0.0278641 -0.0305639 -0.0339309 -0.03612 -0.0348677 -0.0290313 -0.0193564 -0.00740656 0.00590603 0.0198423 0.0316376 0.0359927 0.0290465 0.0140964 0.00205943 0.00418779 0.0233447 0.0514975 0.0748344 0.0825668 
0.0608662 0.0457468 0.0324605 0.0238294 0.018048 0.0119347 0.00406861 -0.00450286 -0.0119346 -0.0173179 -0.0209192 -0.0234695 -0.0255481 -0.0275108 -0.0297093 -0.0324185 -0.0353147 -0.0370602 -0.0357675 -0.0302592 -0.0207328 -0.00794843 0.00767993 0.0251837 0.040965 0.0488714 0.0445949 0.0311038 0.0185756 0.0174075 0.0304417 0.0508817 0.0670265 0.0703291 
0.0479942 0.0347557 0.0247691 0.0197072 0.0172752 0.0145184 0.010499 0.00621236 0.00255804 -0.000894171 -0.00527577 -0.0111504 -0.0179399 -0.0244233 -0.0297 -0.0336104 -0.0362722 -0.0373207 -0.0357687 -0.0307133 -0.0218841 -0.0092193 0.00749185 0.0273245 0.0461044 0.0569329 0.0551308 0.043458 0.0313308 0.0279877 0.0358972 0.049428 0.0590691 0.0582858 
0.0411126 0.0283431 0.0200833 0.018067 0.0199586 0.0225262 0.024336 0.0255905 0.0261231 0.0243924 0.0185139 0.00803992 -0.00523964 -0.018219 -0.0282896 -0.0344707 -0.0371591 -0.0370763 -0.0344863 -0.0292417 -0.02108 -0.00942194 0.00665715 0.026827 0.0470347 0.0600209 0.06067 0.0512919 0.0404667 0.0364022 0.0412695 0.0503882 0.0558619 0.0523731 
0.0431071 0.0291086 0.0203844 0.0196104 0.024986 0.0329643 0.0408859 0.0473408 0.0509657 0.049688 0.0415087 0.0262994 0.00683647 -0.0122708 -0.026968 -0.0354364 -0.0380752 -0.0363806 -0.0318403 -0.0254508 -0.0175705 -0.00756493 0.00622469 0.0246507 0.0446297 0.059051 0.0621495 0.0552343 0.0460256 0.0424301 0.0469413 0.0553803 0.0600674 0.0556039 
0.0518444 0.0354218 0.0245364 0.0230776 0.0299624 0.0414639 0.053593 0.0631244 0.0676164 0.0650272 0.0539317 0.0348938 0.0114556 -0.0110391 -0.0279999 -0.0372795 -0.0391419 -0.0353397 -0.0282116 -0.0199748 -0.0120019 -0.0039665 0.00644465 0.0215709 0.0399176 0.0550447 0.0604439 0.0558684 0.0480668 0.0454229 0.0515773 0.0625628 0.0695213 0.0656774 
0.0620001 0.0432191 0.0296685 0.026268 0.0324536 0.044456 0.0574611 0.0670259 0.0700581 0.0648271 0.0507826 0.0294429 0.0049981 -0.0171903 -0.0330289 -0.0407923 -0.0407118 -0.0343892 -0.0245145 -0.0142502 -0.00596625 0.000227358 0.00708869 0.0182746 0.0340114 0.0489746 0.0562007 0.0536929 0.0469295 0.0449211 0.0529727 0.0675894 0.0783706 0.0764771 
0.0682938 0.0484304 0.0328102 0.0270322 0.0307976 0.0404525 0.0511304 0.0581537 0.058342 0.0503079 0.0342407 0.0125093 -0.0102678 -0.029187 -0.0412581 -0.0456464 -0.0427185 -0.033778 -0.0214762 -0.00946022 -0.000764047 0.00413185 0.00812882 0.0156277 0.0281876 0.0418163 0.0497248 0.0485714 0.0423744 0.0402809 0.0491228 0.0664065 0.0809237 0.0819429 
0.0677722 0.0486765 0.0322933 0.0244785 0.0250728 0.0307374 0.0372229 0.0404713 0.0377025 0.0278411 0.0114933 -0.00856891 -0.0277711 -0.0419783 -0.04935 -0.0498721 -0.0440552 -0.0329219 -0.0188925 -0.00568729 0.00338763 0.00761122 0.00974684 0.0142712 0.0233959 0.0343248 0.0410562 0.0398017 0.0334763 0.0308103 0.0393656 0.0577006 0.0748335 0.079054 
0.0598945 0.0436045 0.0283837 0.0197464 0.0176102 0.0191547 0.0211388 0.0206052 0.0155001 0.00510807 -0.00977668 -0.0264839 -0.0410736 -0.0504411 -0.0536575 -0.0511245 -0.0433138 -0.0309802 -0.0162277 -0.00257413 0.0066734 0.0106161 0.0116662 0.0139022 0.0195893 0.0267495 0.0304346 0.0273368 0.0201052 0.0168624 0.0247956 0.0428277 0.0609075 0.06774 
0.0456808 0.0343798 0.0228385 0.0154308 0.0120232 0.0104713 0.00869212 0.00497836 -0.00182439 -0.0119439 -0.0244382 -0.0370505 -0.0469196 -0.0521665 -0.0525426 -0.0484706 -0.0401561 -0.0280294 -0.0137837 -0.000530566 0.00857594 0.0124126 0.0128416 0.0133089 0.0158509 0.0189821 0.0187214 0.0127039 0.00401079 0.000235927 0.00735891 0.0238614 0.0410165 0.0493725 
0.0276732 0.0232433 0.0178458 0.0139685 0.0111783 0.00803822 0.00362403 -0.00254681 -0.0106729 -0.0203877 -0.0305587 -0.039432 -0.0453727 -0.0477508 -0.0468316 -0.0428366 -0.0355658 -0.0250604 -0.0125177 -0.000501847 0.0080907 0.0118674 0.0120043 0.0112447 0.0113715 0.0112391 0.00756453 -0.00122713 -0.0115535 -0.0162645 -0.0107115 0.00298512 0.0177053 0.0266944 
0.00986038 0.01278 0.0147016 0.0158743 0.0152412 0.0119029 0.00595887 -0.00197121 -0.011178 -0.020696 -0.0291968 -0.0353916 -0.0387446 -0.0396787 -0.0388079 -0.0360743 -0.0308535 -0.0228155 -0.0127163 -0.00259617 0.00498283 0.0084973 0.00856746 0.00733508 0.00634823 0.00464419 -0.000734061 -0.0110893 -0.022759 -0.0290171 -0.0260511 -0.016092 -0.00455963 0.00444791 
-0.00419954 0.00432798 0.0126119 0.0188123 0.0209954 0.0184834 0.0120961 0.00327331 -0.00656801 -0.0159809 -0.0234892 -0.0281688 -0.0302763 -0.0309249 -0.0308773 -0.029794 -0.0267086 -0.0210666 -0.0134311 -0.0055415 0.000418162 0.00316233 0.00322938 0.00244098 0.0020428 0.000917431 -0.00400414 -0.0142351 -0.0264486 -0.0343288 -0.0343333 -0.0283157 -0.0202655 -0.0122693 
-0.0136141 -0.0028889 0.00907918 0.0188778 0.0236932 0.0227932 0.0172707 0.00887322 -0.000681778 -0.00969909 -0.0166233 -0.020728 -0.0226389 -0.0237 -0.0246063 -0.0247859 -0.0231023 -0.0190191 -0.0132428 -0.00751152 -0.00361966 -0.0021891 -0.00216696 -0.0017007 2.73287e-05 0.00130984 -0.00141846 -0.0100802 -0.0217877 -0.0306124 -0.0330906 -0.0306846 -0.0264924 -0.0212692 
-0.0196073 -0.0100688 0.00255137 0.0139655 0.0208034 0.0221826 0.0189891 0.012618 0.00453351 -0.00362263 -0.0102547 -0.0145811 -0.0171009 -0.0189223 -0.020496 -0.0211324 -0.019761 -0.0161166 -0.011307 -0.00728223 -0.00547473 -0.00558745 -0.00563878 -0.00347734 0.00119744 0.00576926 0.00597379 -0.000451413 -0.0109052 -0.019834 -0.0239991 -0.0247658 -0.0248149 -0.0240044 
-0.0228659 -0.0163647 -0.00523215 0.00610248 0.0142451 0.0182225 0.0183376 0.0150727 0.00917079 0.00199146 -0.00479104 -0.0100529 -0.0137489 -0.0164317 -0.0182467 -0.0185425 -0.016544 -0.0124369 -0.00781916 -0.00489709 -0.00478047 -0.00624751 -0.00630563 -0.00242396 0.00516315 0.0128619 0.0157521 0.0114317 0.00239269 -0.00621245 -0.0115423 -0.0150219 -0.0190738 -0.02294 
-0.0227793 -0.0192619 -0.0104025 -0.000159494 0.00853266 0.0146922 0.0178818 0.0175001 0.0134725 0.00686899 -0.000477355 -0.00696918 -0.0119146 -0.0152921 -0.0169937 -0.0165005 -0.0134475 -0.00853681 -0.00379905 -0.00157743 -0.00264386 -0.00500823 -0.00489606 0.000441709 0.0102353 0.0201083 0.0248062 0.0220483 0.0142549 0.00605254 -0.000150808 -0.00566178 -0.012497 -0.019563 
-0.01953 -0.0177195 -0.0108046 -0.00195701 0.0065487 0.0137338 0.0185403 0.019623 0.0164554 0.0100161 0.00228135 -0.00488832 -0.0104782 -0.0141555 -0.0156245 -0.0144229 -0.0105223 -0.00508973 -0.000463733 0.00106638 -0.000861556 -0.00368782 -0.00325443 0.00305761 0.0139067 0.0244983 0.0297934 0.0279641 0.021285 0.0136321 0.00699491 0.000485259 -0.00728845 -0.0151779 
-0.0155363 -0.0140535 -0.00827852 -0.000620377 0.0071902 0.0141209 0.0187989 0.0197627 0.0166174 0.0104859 0.00331337 -0.00326147 -0.00846558 -0.0120041 -0.0133922 -0.0120016 -0.00791169 -0.00259783 0.00142666 0.00204582 -0.000682806 -0.00382815 -0.00321533 0.00331512 0.0138217 0.0234734 0.028019 0.0264478 0.0208716 0.0142366 0.00803909 0.00184313 -0.00513524 -0.0118842 
-0.0138644 -0.0121256 -0.0069188 -7.7749e-05 0.00696342 0.0130402 0.0167144 0.0168762 0.0136664 0.00848535 0.00304816 -0.00166697 -0.0055838 -0.00868556 -0.0102625 -0.00931139 -0.00575479 -0.00113931 0.00197343 0.00160793 -0.00192552 -0.00555555 -0.00531084 0.000396473 0.00912883 0.0163409 0.0189466 0.017006 0.0125757 0.00767027 0.00311408 -0.00146472 -0.00660358 -0.0114896 
-0.0155264 -0.0139127 -0.0092892 -0.00304139 0.00352312 0.00905162 0.0120814 0.0118943 0.00917913 0.00559876 0.00256896 0.000284248 -0.00198613 -0.00456129 -0.00652326 -0.00643969 -0.00388809 -0.000226176 0.0020636 0.0010149 -0.00310916 -0.00738055 -0.0081623 -0.00434536 0.00142995 0.00522346 0.00526073 0.00267236 -0.000486581 -0.0030375 -0.00499275 -0.00717412 -0.0103269 -0.0138048 
-0.018758 -0.018078 -0.0144399 -0.00880941 -0.00241627 0.00321439 0.00653985 0.00699662 0.005526 0.00388627 0.00321906 0.00311909 0.00227705 0.000140371 -0.00225206 -0.00315818 -0.00175842 0.000978648 0.00277577 0.00158685 -0.00261783 -0.00731977 -0.00936258 -0.00800713 -0.0057415 -0.00556684 -0.00793033 -0.0108804 -0.0125424 -0.0125599 -0.0118075 -0.0117616 -0.0135543 -0.0166243 
-0.0209629 -0.0217698 -0.019435 -0.0145679 -0.00833014 -0.00230479 0.00194182 0.0038115 0.00414208 0.0045059 0.00575288 0.0071558 0.00721545 0.00535266 0.00263758 0.000909148 0.001282 0.00323104 0.00478567 0.00387637 0.000152926 -0.00440334 -0.00727033 -0.00808964 -0.00900611 -0.0118921 -0.0159415 -0.0187003 -0.0187548 -0.0166257 -0.0139307 -0.0126231 -0.0140566 -0.0176434 
-0.0214058 -0.0236335 -0.0224777 -0.0183862 -0.0125044 -0.00631093 -0.00118365 0.00227898 0.00461655 0.00694367 0.00970297 0.0120123 0.0125125 0.0108269 0.00804084 0.0058967 0.00558354 0.00689221 0.00819679 0.00759 0.00459748 0.000728205 -0.00219711 -0.00429116 -0.00742343 -0.012455 -0.0175362 -0.019914 -0.0187045 -0.0152287 -0.0116683 -0.0101939 -0.0121272 -0.0167333 
-0.0219905 -0.0248935 -0.0242028 -0.0205005 -0.0150412 -0.00909038 -0.00357593 0.00114671 0.00537913 0.00964266 0.0138131 0.0168419 0.0176426 0.0161906 0.0136441 0.0115588 0.0109644 0.0117266 0.0125249 0.0118267 0.00932412 0.00624419 0.00376566 0.00124957 -0.00310799 -0.00952234 -0.0154466 -0.0179038 -0.0163134 -0.0124979 -0.00900546 -0.00808561 -0.0108912 -0.0164509 
-0.0250839 -0.0273687 -0.02594 -0.0218141 -0.0165272 -0.0111164 -0.00583817 -0.000462967 0.00532136 0.0114652 0.0171583 0.0210681 0.0223196 0.0212454 0.0191367 0.0173813 0.0167165 0.0168691 0.0167465 0.0153346 0.01273 0.0100811 0.00806304 0.00553957 0.000588677 -0.00675834 -0.0136413 -0.0169278 -0.0160529 -0.0129605 -0.0103163 -0.0103198 -0.0138739 -0.0197488 
-0.0303569 -0.0306276 -0.0272448 -0.021873 -0.0164625 -0.0118387 -0.00743813 -0.00215962 0.00458884 0.0123094 0.0194938 0.0244305 0.0263087 0.0257024 0.0240364 0.0225932 0.021809 0.0211753 0.0197588 0.0170965 0.0138029 0.0111064 0.00934884 0.00698646 0.00187776 -0.00599238 -0.0137699 -0.0183019 -0.0189238 -0.0174322 -0.0163059 -0.0174293 -0.0213185 -0.0265409 
-0.0341293 -0.0316106 -0.0257471 -0.0189231 -0.0135153 -0.0101183 -0.00730775 -0.00301771 0.00377374 0.0122901 0.0204564 0.0262007 0.0286657 0.0285206 0.0272566 0.0260732 0.0251438 0.0237217 0.020977 0.0169251 0.012692 0.00971047 0.00818669 0.00629309 0.00162038 -0.00608037 -0.0141802 -0.0196707 -0.0218455 -0.0222556 -0.0229345 -0.0251596 -0.0289299 -0.0327164 
-0.0325303 -0.0275167 -0.0196846 -0.0120608 -0.00732258 -0.00578104 -0.00525215 -0.00285775 0.00283714 0.0109575 0.0191147 0.0250332 0.0278073 0.0281025 0.027366 0.0266488 0.025863 0.0240457 0.0204162 0.0153319 0.0103491 0.00719714 0.00614919 0.00523611 0.00177653 -0.00481365 -0.0122529 -0.0178013 -0.0208227 -0.0226529 -0.0247996 -0.0278345 -0.0312349 -0.0334546 
-0.0256127 -0.0190886 -0.0104004 -0.00303469 0.000268909 -0.000454818 -0.00249594 -0.00251277 0.00118586 0.00777477 0.0148516 0.0201783 0.0229016 0.0236584 0.0237384 0.0239189 0.023803 0.0222245 0.0184128 0.0129404 0.00769194 0.00471549 0.0044639 0.00493757 0.00324805 -0.00149725 -0.00737193 -0.0119662 -0.0148276 -0.0172032 -0.0201895 -0.0237583 -0.0269266 -0.0280908 
-0.0180168 -0.0107262 -0.00199156 0.0044509 0.00609185 0.00336381 -0.000795563 -0.00299708 -0.00150484 0.00300093 0.00835167 0.0125657 0.0149731 0.0162183 0.0173717 0.0188296 0.0198243 0.0189873 0.0155548 0.0102706 0.00528165 0.00287285 0.00359629 0.00541936 0.00537868 0.00247539 -0.00158482 -0.00473781 -0.00685804 -0.00929761 -0.0129175 -0.0171873 -0.0206138 -0.0213676 
-0.015063 -0.00702899 0.00173985 0.00743176 0.00798377 0.00420898 -0.00100902 -0.0045622 -0.00482183 -0.00226602 0.00131004 0.00430039 0.00631009 0.00805564 0.0103959 0.0133 0.0155803 0.0156554 0.0128046 0.00800072 0.00364441 0.00209066 0.00372636 0.00635736 0.00710906 0.00520942 0.00237948 0.000339098 -0.00127583 -0.00409467 -0.00881854 -0.0143601 -0.0185568 -0.0191984 
-0.017919 -0.00897784 0.000183437 0.00583197 0.00634855 0.00274233 -0.00239199 -0.00638079 -0.00773739 -0.0066976 -0.00462687 -0.00270631 -0.00100928 0.00129356 0.00486701 0.00924187 0.0127898 0.0137226 0.0114267 0.00719062 0.00365666 0.00304491 0.00528576 0.00790525 0.00830013 0.00624674 0.00367786 0.00195239 0.000113639 -0.00377521 -0.0101796 -0.0173577 -0.0224522 -0.0229435 
-0.0227062 -0.0134267 -0.00402212 0.00207973 0.00347871 0.000997294 -0.00327561 -0.00711657 -0.00913941 -0.00931292 -0.00853499 -0.0075024 -0.00593763 -0.00292804 0.00194673 0.00776146 0.0124823 0.0141921 0.0124672 0.00892515 0.00632782 0.00654557 0.00891103 0.0107356 0.00990526 0.00692889 0.00398303 0.00200898 -0.000534816 -0.00576332 -0.0137714 -0.0222097 -0.0278253 -0.0281605 
-0.024672 -0.0164813 -0.00776858 -0.00133583 0.00135697 0.000490356 -0.00257117 -0.00603666 -0.00857407 -0.00987434 -0.0103213 -0.0100518 -0.0084302 -0.00455421 0.00164232 0.00875812 0.0144584 0.0168665 0.0158516 0.0132758 0.0117691 0.0126415 0.014659 0.0151597 0.0127466 0.00871706 0.00541669 0.00331018 0.000320651 -0.00572993 -0.0145338 -0.0233347 -0.0289374 -0.0294075 
-0.0232891 -0.0174113 -0.0102847 -0.00385862 0.00018553 0.00109777 -0.000624915 -0.00362239 -0.00659861 -0.00895906 -0.0105476 -0.0109319 -0.0091749 -0.00448023 0.00280189 0.0108286 0.0171138 0.0200233 0.0198247 0.0185103 0.0183139 0.0198112 0.0212677 0.0202432 0.0161939 0.0112514 0.00796294 0.00634777 0.00375659 -0.00219211 -0.0109781 -0.0196125 -0.0251248 -0.026247 
-0.0229547 -0.019152 -0.0133046 -0.006667 -0.00116553 0.00159329 0.00132245 -0.00102977 -0.00423031 -0.00741613 -0.00992737 -0.0108762 -0.0091571 -0.00411418 0.00357977 0.0117986 0.0180724 0.021148 0.0217354 0.0218656 0.0232244 0.0255654 0.026632 0.0241593 0.0184115 0.0124601 0.00931623 0.00873036 0.00732517 0.00207485 -0.00666989 -0.0156803 -0.0218261 -0.0240761 
-0.0286029 -0.0251938 -0.0190368 -0.0112656 -0.00402086 0.000660062 0.00206187 0.000776825 -0.00214058 -0.00566919 -0.0087656 -0.010271 -0.00905492 -0.00454434 0.00252158 0.0100242 0.0156833 0.0186452 0.0199766 0.02165 0.0247737 0.028291 0.0293416 0.0256118 0.0179978 0.0106194 0.00730071 0.00776136 0.00772678 0.0030395 -0.00648641 -0.0172224 -0.0251903 -0.0288276 
-0.0407109 -0.0361209 -0.0281972 -0.0185487 -0.00947168 -0.0028955 0.000482745 0.000942544 -0.00086165 -0.00400215 -0.00725808 -0.00935377 -0.00917729 -0.00609693 -0.000612206 0.00548377 0.0102414 0.0131099 0.0153009 0.0185931 0.0235438 0.0283729 0.0296012 0.0247231 0.0151323 0.00600877 0.00212742 0.00327948 0.00422392 -0.000510192 -0.0117351 -0.0252663 -0.0358705 -0.0409602 
-0.0544217 -0.0487016 -0.0392249 -0.028217 -0.0179968 -0.0100104 -0.00463525 -0.00188023 -0.00171505 -0.00364321 -0.00654269 -0.00910235 -0.0101339 -0.00878055 -0.00511143 -0.00042359 0.00369493 0.00682256 0.010066 0.0148906 0.0213761 0.0271865 0.0283858 0.0223933 0.0111058 0.000593351 -0.00368994 -0.00205649 -0.000643723 -0.0059389 -0.0190717 -0.0352602 -0.0482639 -0.0546942 
-0.0633995 -0.0580042 -0.0487537 -0.038141 -0.028327 -0.02017 -0.0136015 -0.00878779 -0.00635619 -0.00651589 -0.00853792 -0.0111255 -0.0128732 -0.0126101 -0.0100144 -0.00597374 -0.00183872 0.0019086 0.00610513 0.0119027 0.0190874 0.025064 0.0258003 0.0189629 0.00698571 -0.00359717 -0.00731697 -0.00498322 -0.0034148 -0.00943635 -0.0239075 -0.0415017 -0.0556793 -0.0630335 
-0.0646092 -0.0607913 -0.053438 -0.0448877 -0.0370615 -0.0303441 -0.0241598 -0.0185116 -0.0144274 -0.0128819 -0.0137445 -0.0157953 -0.0173568 -0.0170072 -0.0142828 -0.00995429 -0.00534821 -0.00111916 0.0033136 0.00895289 0.0155811 0.0207315 0.0207279 0.0138186 0.0028683 -0.00579139 -0.00752585 -0.00404295 -0.00249372 -0.00924752 -0.0243049 -0.0418658 -0.0557459 -0.0632704 
-0.0594276 -0.057294 -0.0521483 -0.0459938 -0.0406407 -0.0362853 -0.0318794 -0.0269195 -0.0224053 -0.0198626 -0.0197558 -0.0209989 -0.0217221 -0.0204379 -0.0168522 -0.0119314 -0.00713875 -0.00325501 0.000244672 0.00446829 0.0094454 0.0131214 0.0125028 0.00660022 -0.00153759 -0.00646789 -0.00508945 -0.000194983 0.00116283 -0.00630078 -0.0214021 -0.0379782 -0.0505314 -0.0574448 
-0.0506722 -0.0499004 -0.046413 -0.0418201 -0.0380989 -0.0357142 -0.0334263 -0.0301281 -0.026399 -0.0238785 -0.0233853 -0.0239983 -0.0238488 -0.0215989 -0.0173178 -0.0123138 -0.00819784 -0.00569836 -0.00406817 -0.00188454 0.0011953 0.00353087 0.00282437 -0.00121294 -0.00561572 -0.0062174 -0.00165041 0.00440521 0.00543975 -0.00244563 -0.016951 -0.0318301 -0.04247 -0.0483497 
-0.0396464 -0.0405252 -0.0385404 -0.0347477 -0.0315384 -0.030147 -0.0296164 -0.0284106 -0.0264132 -0.0248344 -0.0244857 -0.0246916 -0.0238978 -0.0211054 -0.0167302 -0.0123298 -0.00954767 -0.00888713 -0.00918728 -0.0086246 -0.00662958 -0.00465128 -0.00459705 -0.00640461 -0.00745718 -0.00480953 0.00164359 0.00798095 0.00865221 0.00110517 -0.0116526 -0.0237877 -0.0319082 -0.0366819 
-0.0262847 -0.0294222 -0.0293869 -0.0265318 -0.0237194 -0.0231636 -0.0245009 -0.0259672 -0.026551 -0.0265275 -0.0264131 -0.0260089 -0.0245063 -0.0213965 -0.0172522 -0.0136287 -0.0120652 -0.0127852 -0.014194 -0.0140846 -0.0117404 -0.00863914 -0.00675605 -0.00628242 -0.00528341 -0.00166401 0.00440075 0.00969336 0.0099669 0.00374293 -0.00582826 -0.0138949 -0.0186989 -0.0222529 
-0.0108934 -0.0159479 -0.0179122 -0.0166417 -0.0152996 -0.0167293 -0.0210005 -0.0261527 -0.0301695 -0.0320914 -0.0320408 -0.0306032 -0.0281 -0.0245755 -0.0205354 -0.0173151 -0.0162843 -0.0174367 -0.0188391 -0.0179682 -0.0139623 -0.00841088 -0.00376064 -0.00109594 0.000511259 0.00277473 0.00627355 0.00933868 0.00920132 0.0050931 -0.000229664 -0.00333433 -0.00425392 -0.00619909 
0.00545741 0.000149762 -0.00280831 -0.00337361 -0.00471702 -0.00956419 -0.0179056 -0.0275244 -0.0355216 -0.0397655 -0.0400267 -0.0377462 -0.0343809 -0.0304315 -0.02625 -0.0229537 -0.0217891 -0.0225843 -0.023186 -0.0208747 -0.0146624 -0.00624287 0.00130546 0.00573399 0.00694455 0.00668705 0.00684373 0.00754332 0.00735715 0.00587851 0.00508649 0.00681161 0.00953754 0.00954136 
0.0219998 0.0180887 0.0154395 0.0134488 0.00920262 0.000715787 -0.0115241 -0.0251447 -0.0368552 -0.0438281 -0.045518 -0.0437532 -0.0405369 -0.0365692 -0.0321984 -0.0285857 -0.0269768 -0.0270725 -0.0266264 -0.0229381 -0.0150337 -0.00467222 0.0046564 0.00993743 0.0105307 0.00847839 0.00671184 0.00655323 0.00739885 0.00894306 0.0122653 0.017706 0.0228919 0.0245194 
0.0387008 0.0362819 0.034257 0.0313745 0.0251593 0.0144981 0.000293044 -0.0153356 -0.0295037 -0.0394157 -0.0441395 -0.044953 -0.0434165 -0.0401382 -0.0357797 -0.0319007 -0.0298632 -0.0292845 -0.0279996 -0.0236068 -0.0153406 -0.00490904 0.00434943 0.00953799 0.0101985 0.00864746 0.00798788 0.0095872 0.0129569 0.0177584 0.0243429 0.0319379 0.0379315 0.0400544 
0.0553123 0.0531245 0.0508514 0.0471742 0.0402657 0.0296512 0.0161944 0.00116548 -0.0137454 -0.0263886 -0.0352641 -0.0401749 -0.041423 -0.0394045 -0.0353813 -0.031491 -0.0292287 -0.0282065 -0.0265413 -0.0223379 -0.01511 -0.00628323 0.00155798 0.00636749 0.00825879 0.00953918 0.0126441 0.0180741 0.0249068 0.0326955 0.0413862 0.0496657 0.0551628 0.056676 
0.0705181 0.0676392 0.0640399 0.0591766 0.0522842 0.0433214 0.032577 0.0199364 0.00550167 -0.00936084 -0.0223336 -0.0313266 -0.0352557 -0.0345066 -0.0310601 -0.027487 -0.0252745 -0.0240864 -0.022439 -0.0189657 -0.0133719 -0.00660602 -0.000256456 0.00456541 0.00835274 0.0131086 0.0204192 0.0297942 0.0396527 0.0492776 0.0585242 0.0663154 0.071019 0.0721016 
0.0823523 0.0792945 0.0738785 0.0671673 0.0601442 0.0532204 0.0456514 0.0356176 0.0217839 0.00514974 -0.0108934 -0.0225524 -0.0279082 -0.0277911 -0.0248739 -0.0218071 -0.0198156 -0.0185586 -0.0168867 -0.0138294 -0.00923337 -0.00368642 0.00194503 0.0070828 0.0122459 0.0191478 0.0289606 0.0405907 0.0517 0.061058 0.0688263 0.0752048 0.0799203 0.0824885 
0.0893477 0.0873344 0.079962 0.0706157 0.0627867 0.0574404 0.0524097 0.0440645 0.0301598 0.0119998 -0.00582017 -0.0183451 -0.0235676 -0.0231621 -0.0204001 -0.0177058 -0.0158165 -0.0142235 -0.0119016 -0.00813991 -0.00309254 0.00253139 0.00805161 0.0131298 0.0183703 0.0255258 0.0357433 0.0474853 0.0574998 0.0640259 0.0682185 0.0726457 0.0788279 0.0855565 
0.0914443 0.0909018 0.0811926 0.068476 0.0591395 0.0546463 0.051164 0.0434226 0.028899 0.00966398 -0.00870017 -0.0207375 -0.0248324 -0.0235382 -0.020539 -0.0178951 -0.0157717 -0.0133497 -0.00955835 -0.00393455 0.00276872 0.00921798 0.0145724 0.0188734 0.0232605 0.0297393 0.0392024 0.0493565 0.0561066 0.0577767 0.0573879 0.0603539 0.0696311 0.082394 
0.0902377 0.0902973 0.0777199 0.0613775 0.0501574 0.0457109 0.0426953 0.0348322 0.0199238 0.000781571 -0.016733 -0.0274184 -0.0302032 -0.0281319 -0.0249348 -0.0222446 -0.019711 -0.0162053 -0.0106261 -0.00286588 0.00557314 0.0126296 0.0173892 0.0206278 0.0242925 0.0303022 0.0385056 0.045558 0.0473248 0.0435486 0.0397357 0.0433953 0.0574562 0.0766086 
0.088202 0.0877339 0.0723719 0.0530339 0.0399825 0.0346609 0.0309095 0.0225128 0.00809141 -0.00924901 -0.0243662 -0.0330856 -0.0348812 -0.0327078 -0.0298429 -0.0274183 -0.0247159 -0.02044 -0.0136067 -0.00456914 0.00453774 0.0112646 0.0149998 0.0174518 0.0211339 0.0270817 0.0333009 0.0355941 0.0312381 0.0229201 0.0186474 0.0262878 0.0467457 0.0716758 
0.0870065 0.086044 0.0690935 0.0481162 0.0335707 0.0266041 0.0212675 0.0123909 -0.000503068 -0.0146473 -0.0263611 -0.0329091 -0.0342059 -0.0326534 -0.0307135 -0.0290174 -0.0266674 -0.0223611 -0.0153535 -0.00646763 0.00179139 0.00705337 0.00934145 0.0112059 0.0151962 0.0208028 0.0239552 0.0202493 0.00962508 -0.00152215 -0.00332748 0.0107881 0.0384768 0.0685156 
0.0869992 0.0869511 0.0702096 0.0489018 0.0332218 0.024542 0.0180486 0.00978956 -0.000511604 -0.0110665 -0.0196567 -0.0246102 -0.0259391 -0.0253488 -0.0245832 -0.0240049 -0.0226758 -0.0192757 -0.0132545 -0.00582564 0.000368744 0.00334735 0.00384335 0.00490043 0.00860336 0.0128062 0.0119335 0.00221121 -0.013412 -0.025447 -0.0233789 -0.00266179 0.0315119 0.0661194 
0.0904755 0.0926454 0.07706 0.0556602 0.0388418 0.0291428 0.0232896 0.0176969 0.0109157 0.00327379 -0.00370578 -0.00827868 -0.00999109 -0.0101153 -0.0103916 -0.0114393 -0.0122468 -0.0110924 -0.0072891 -0.00226489 0.00133394 0.00198212 0.000910973 0.00110269 0.00373633 0.00538076 8.25888e-05 -0.0144005 -0.0324727 -0.0431183 -0.0366902 -0.0107652 0.0280555 0.0665045 
0.106696 0.110272 0.0941623 0.070692 0.0515312 0.0411162 0.0373753 0.0357716 0.0324715 0.0262916 0.0191145 0.0139445 0.0120797 0.0120211 0.0109371 0.00734761 0.00261535 -0.000381273 -0.000176436 0.00189302 0.00320232 0.00248954 0.00104631 0.00116699 0.00274051 0.00148252 -0.00780615 -0.0250202 -0.0423082 -0.048509 -0.0360923 -0.00489174 0.0379847 0.0798869 
0.150548 0.151832 0.129966 0.0995047 0.0747003 0.0618202 0.0589385 0.0596676 0.0577757 0.0512137 0.0428751 0.0372259 0.0360167 0.0367137 0.0346859 0.0274589 0.0171828 0.00854314 0.00435481 0.00369053 0.00389348 0.00357729 0.00357162 0.00503867 0.00645525 0.00309098 -0.00877649 -0.0262671 -0.039441 -0.0374214 -0.0151088 0.0251326 0.0751379 0.121954 
0.229569 0.223402 0.188672 0.144875 0.109908 0.0907866 0.0842446 0.0821353 0.0774304 0.0685687 0.05932 0.0543162 0.0544225 0.0555801 0.0518468 0.0405514 0.0249518 0.0113504 0.00375485 0.00172966 0.00257087 0.00445014 0.00736823 0.0112869 0.0135871 0.009569 -0.00277673 -0.0179845 -0.0242405 -0.0105999 0.0263465 0.0817478 0.144913 0.200124 
0.327861 0.310638 0.258729 0.198449 0.15124 0.123015 0.10782 0.0967466 0.0845201 0.0717102 0.0623298 0.0590956 0.0603566 0.0606539 0.0543137 0.0398727 0.0216147 0.00624832 -0.00203581 -0.00338752 -0.000409994 0.00463646 0.0109011 0.0174476 0.0211894 0.0179145 0.00710959 -0.0039392 -0.00204154 0.0242995 0.0779469 0.152085 0.232438 0.298397 
0.405571 0.377729 0.311648 0.239489 0.184234 0.148754 0.12386 0.101176 0.0792334 0.0618593 0.0528058 0.0515202 0.0530572 0.0511993 0.0420913 0.0264567 0.009062 -0.00445231 -0.0108202 -0.0101179 -0.00459244 0.00331728 0.0121944 0.0207452 0.0260479 0.0245103 0.0163921 0.00966744 0.0182213 0.0543039 0.120993 0.21016 0.304203 0.377885 
