0.360449 0.33416 0.267056 0.19121 0.13123 0.0950429 0.0773633 0.0664937 0.0522135 0.0321819 0.0113522 -0.00448748 -0.0134705 -0.0172003 -0.018177 -0.0181997 -0.0177557 -0.0160384 -0.0119332 -0.00499897 0.00473592 0.0166778 0.0285344 0.0377222 0.0464771 0.0644827 0.104091 0.170983 0.255348 0.329484 
0.354246 0.336522 0.277194 0.206621 0.148717 0.111864 0.09161 0.0769624 0.0586446 0.0355456 0.0133698 -0.00240435 -0.010902 -0.01449 -0.0157695 -0.0162747 -0.0162047 -0.0144816 -0.0099216 -0.00268472 0.00606611 0.015239 0.0234432 0.0294213 0.0356807 0.0511903 0.0880033 0.152833 0.237696 0.316008 
0.306599 0.298279 0.25045 0.188679 0.135021 0.0994399 0.0797064 0.0659929 0.0496278 0.029764 0.0114478 -0.00113306 -0.00787857 -0.0109149 -0.0121432 -0.0126722 -0.0127371 -0.0114181 -0.00750914 -0.00120448 0.00589916 0.0122844 0.0168271 0.0188571 0.0206399 0.0299651 0.0582168 0.113297 0.190046 0.264999 
0.242929 0.239405 0.200676 0.147202 0.0984373 0.0655716 0.0487995 0.0396786 0.0297972 0.017594 0.00639417 -0.00131585 -0.00576115 -0.00809048 -0.00908374 -0.00934902 -0.00927641 -0.0083795 -0.00559043 -0.000749795 0.00487544 0.0096156 0.0119819 0.0110433 0.0085542 0.0112945 0.0299423 0.0730961 0.137833 0.203892 
0.182874 0.177978 0.144481 0.098782 0.056631 0.0285133 0.0160118 0.0121389 0.00901183 0.00439672 -1.2802e-05 -0.00315891 -0.00540007 -0.0070019 -0.00781731 -0.00792494 -0.00765103 -0.00688685 -0.00487073 -0.00107337 0.00392118 0.00847781 0.010403 0.00811039 0.00300845 0.00134491 0.0130155 0.0462208 0.0986621 0.152351 
0.133864 0.124571 0.0952499 0.0589806 0.0264538 0.00516669 -0.00323859 -0.0041653 -0.00413575 -0.00503545 -0.00570806 -0.00586343 -0.00628451 -0.00722652 -0.00819259 -0.00863059 -0.00832317 -0.00722049 -0.00500524 -0.00119704 0.00397632 0.0088339 0.0106209 0.00751396 0.00123481 -0.00205694 0.00635103 0.0329404 0.0745489 0.114801 
0.0970171 0.0846377 0.0610697 0.0362972 0.0153364 0.00150396 -0.00420414 -0.00539805 -0.00654802 -0.00825324 -0.00875209 -0.00782277 -0.0070335 -0.00755557 -0.00907969 -0.0103297 -0.0101645 -0.00828188 -0.00487925 -0.000117892 0.00536829 0.00958202 0.00974577 0.0048419 -0.00216839 -0.00498397 0.00326187 0.0262767 0.0594188 0.087992 
0.0724084 0.061138 0.0452358 0.0316019 0.0206234 0.0122656 0.0071959 0.00365425 -0.000907097 -0.00586305 -0.00847429 -0.00804945 -0.00684283 -0.0072692 -0.00950454 -0.0116608 -0.011672 -0.00886235 -0.00388107 0.0021221 0.00748532 0.00969059 0.00651925 -0.00131256 -0.00902553 -0.0102702 -0.000579323 0.020651 0.0477721 0.0685178 
0.0593896 0.0539006 0.0462982 0.0404315 0.0345434 0.0276845 0.0211525 0.0147854 0.00711932 -0.000923425 -0.0060838 -0.00696546 -0.00599285 -0.00654873 -0.00937223 -0.0122353 -0.012406 -0.00887171 -0.00256429 0.00446284 0.00945552 0.0094543 0.0030603 -0.00724096 -0.0152296 -0.014915 -0.00419195 0.015139 0.0377162 0.0547369 
0.0556179 0.0581445 0.0574849 0.0548331 0.0487821 0.0397357 0.0303607 0.021732 0.0126443 0.00326007 -0.00350535 -0.00566558 -0.00526112 -0.00609152 -0.00935068 -0.0126941 -0.0129905 -0.00899664 -0.00177754 0.00607206 0.0111632 0.0104423 0.00316831 -0.00734618 -0.0146848 -0.0136919 -0.00382245 0.0122061 0.0306159 0.0465051 
0.0568258 0.0653235 0.068305 0.0653363 0.0564952 0.0440863 0.0320585 0.0224149 0.0138232 0.00506298 -0.00201359 -0.00510935 -0.00548155 -0.00672953 -0.0102485 -0.0137374 -0.0139276 -0.00949216 -0.00156068 0.00710971 0.0131011 0.0136668 0.00838672 0.000246479 -0.00540769 -0.00454714 0.00284186 0.0145096 0.0287312 0.0437878 
0.0575127 0.066883 0.0694823 0.0647072 0.0538259 0.0399142 0.0272442 0.0182635 0.0114765 0.00442973 -0.00216722 -0.00593703 -0.00721485 -0.00888274 -0.0122447 -0.0152511 -0.0148528 -0.009808 -0.00127173 0.0080694 0.015158 0.0178344 0.0158853 0.0114875 0.00838993 0.00933315 0.0141846 0.0216307 0.0316476 0.0443817 
0.0530966 0.0587055 0.0580381 0.0516394 0.0412506 0.0291787 0.0186866 0.0118683 0.00718268 0.00181481 -0.004082 -0.00821313 -0.0102016 -0.0119916 -0.0145852 -0.0163962 -0.0149646 -0.00927318 -0.000444614 0.00897587 0.016356 0.0202407 0.0208496 0.0198885 0.0197398 0.0216977 0.0250575 0.0290853 0.0349561 0.0437147 
0.0421663 0.0424838 0.03792 0.0307849 0.0229192 0.015065 0.00862744 0.00469936 0.00182499 -0.00228929 -0.00738579 -0.0113596 -0.0134936 -0.0149066 -0.0162543 -0.0164978 -0.0139469 -0.00786219 0.000750217 0.00949731 0.0160454 0.0195856 0.0210072 0.0220644 0.0242439 0.02741 0.0298798 0.0311204 0.0332403 0.0377488 
0.0265585 0.0231512 0.0162143 0.0094737 0.00467957 0.00111447 -0.00147264 -0.00287016 -0.00431751 -0.00736378 -0.0114671 -0.0147386 -0.0163662 -0.016939 -0.0168971 -0.015695 -0.0123347 -0.00629115 0.00166115 0.00935222 0.0146375 0.0171455 0.0182935 0.0198866 0.0227241 0.0256652 0.0265004 0.0250819 0.0242666 0.0257073 
0.00988108 0.00588688 -0.000539444 -0.00539408 -0.00745144 -0.00840882 -0.00919715 -0.00961834 -0.0104085 -0.0126097 -0.0156483 -0.0179054 -0.0186017 -0.0181008 -0.0168201 -0.014608 -0.0109426 -0.00537309 0.00167452 0.00839779 0.0128788 0.0149668 0.0161044 0.0175364 0.0191784 0.0195753 0.0171889 0.0129087 0.0100811 0.0101243 
-0.00328836 -0.0047699 -0.00776584 -0.00926198 -0.00910731 -0.00952975 -0.0111578 -0.0128595 -0.01441 -0.0164663 -0.0187381 -0.0200689 -0.0198511 -0.0184018 -0.0162336 -0.013523 -0.0100426 -0.00530295 0.000662035 0.00654547 0.0108203 0.0134846 0.0155284 0.0169455 0.0164408 0.0127875 0.00620566 -0.000776156 -0.0045754 -0.0043157 
-0.00781478 -0.00520351 -0.003587 -0.00150267 -8.05656e-07 -0.00146774 -0.00575953 -0.0104313 -0.0140427 -0.0168471 -0.0190091 -0.0199835 -0.019371 -0.0174484 -0.0148634 -0.0121249 -0.00922999 -0.00563131 -0.0010334 0.00378354 0.00783388 0.0113162 0.0146449 0.0164391 0.0142206 0.0071783 -0.00249988 -0.0106616 -0.0137661 -0.0116934 
-0.000327718 0.00556097 0.0103022 0.0142471 0.0156228 0.0122044 0.00488208 -0.00287032 -0.00870673 -0.0126793 -0.0154327 -0.0168748 -0.0166166 -0.0148185 -0.0123035 -0.00994433 -0.00794573 -0.00574101 -0.0028281 0.000464421 0.00369936 0.0072978 0.0113018 0.01356 0.0110785 0.00347945 -0.0058613 -0.0121103 -0.0122956 -0.00720672 
0.0171208 0.0237345 0.0285836 0.0317702 0.0314428 0.0257349 0.0160775 0.0064347 -0.000631981 -0.00541742 -0.00898432 -0.011341 -0.011868 -0.0105878 -0.00851808 -0.0068436 -0.00591539 -0.0051711 -0.00401776 -0.00247211 -0.000560173 0.00227077 0.00594214 0.00840967 0.00719785 0.00245663 -0.00247069 -0.00361851 0.00065814 0.00869662 
0.0362082 0.0409865 0.0435241 0.0441955 0.0414083 0.0336911 0.0228428 0.0128904 0.0060244 0.00138284 -0.0024075 -0.0052555 -0.00630533 -0.00550374 -0.00399035 -0.00309276 -0.00318738 -0.00368795 -0.00396773 -0.00386995 -0.00320099 -0.00143583 0.00131581 0.00366834 0.00440739 0.00433648 0.00586862 0.0108806 0.0191701 0.0285244 
0.0464595 0.047945 0.0473343 0.0453469 0.040685 0.0321675 0.0217042 0.0130102 0.00764825 0.00427619 0.0014106 -0.000812519 -0.00154327 -0.000752857 0.000437498 0.000758328 -7.22259e-05 -0.00138106 -0.00248583 -0.0031387 -0.00310568 -0.00205073 -0.000176569 0.00181134 0.00398797 0.00774249 0.0143713 0.0235371 0.0333677 0.0415636 
0.0417371 0.0395113 0.0360148 0.0323253 0.0274446 0.0202386 0.0121861 0.00619534 0.003232 0.00196036 0.00110677 0.000688444 0.00122367 0.00261238 0.00388558 0.00399838 0.00283944 0.00120934 -0.000102753 -0.000785115 -0.00069769 0.000199671 0.0015409 0.00302119 0.00545871 0.0104659 0.0185271 0.0279552 0.0360584 0.0408583 
0.024215 0.0186006 0.0128357 0.00851997 0.00511633 0.00127472 -0.00263635 -0.00499824 -0.00523872 -0.00411783 -0.00241831 -0.000384935 0.00193732 0.00425775 0.00586048 0.00604311 0.00488711 0.00328789 0.00213889 0.00180562 0.00228619 0.0033406 0.00447834 0.00552609 0.00736102 0.0112813 0.0172688 0.0233989 0.0272527 0.027509 
0.00231387 -0.00567025 -0.0129624 -0.017295 -0.0184908 -0.0181973 -0.0175184 -0.0162705 -0.0140402 -0.0107616 -0.00669529 -0.00240016 0.00152003 0.00462967 0.0065156 0.00684111 0.00583471 0.00439323 0.00344716 0.00339614 0.00413358 0.0052769 0.0063629 0.00725029 0.00842166 0.0104018 0.0127337 0.0139621 0.0127772 0.00879677 
-0.0156515 -0.0244759 -0.0322851 -0.0362758 -0.0355257 -0.0318851 -0.0276956 -0.0238352 -0.0198645 -0.0150809 -0.00945251 -0.00378582 0.00100051 0.00446633 0.00646642 0.00691825 0.00609077 0.00479884 0.00394449 0.00391937 0.0045368 0.0053995 0.00624688 0.00707224 0.007922 0.00840333 0.0075282 0.00442163 -0.000866583 -0.00766634 
-0.0259666 -0.0340281 -0.0410459 -0.0441411 -0.0420435 -0.036685 -0.0309326 -0.02599 -0.0212813 -0.0158927 -0.00979774 -0.00389171 0.000922555 0.00433492 0.00635191 0.00695191 0.00633155 0.00520233 0.00441958 0.00429957 0.00450077 0.00459973 0.00464015 0.00499624 0.00561045 0.00539487 0.0027751 -0.00283218 -0.0103335 -0.0181678 
-0.0290674 -0.0351422 -0.0401806 -0.0417716 -0.0388752 -0.0333794 -0.0278626 -0.0231734 -0.0186241 -0.0135002 -0.00795436 -0.0027704 0.00142753 0.00451778 0.00651684 0.00729095 0.00689525 0.00596175 0.00531451 0.00514173 0.00484179 0.00385515 0.00251088 0.00176728 0.00188794 0.0015003 -0.00146469 -0.00763091 -0.0154071 -0.0227081 
-0.0271071 -0.0307025 -0.0332892 -0.0332221 -0.0300158 -0.0253522 -0.0210092 -0.017205 -0.0132955 -0.00899688 -0.00464319 -0.000747388 0.00246591 0.00505423 0.00694747 0.00781422 0.00755057 0.00673117 0.00616789 0.00594542 0.00522737 0.00327466 0.000570026 -0.00142409 -0.00197243 -0.00237554 -0.00492022 -0.0103657 -0.0170601 -0.0228117 
-0.0226921 -0.0241018 -0.0246128 -0.0232964 -0.0201661 -0.0165711 -0.0134487 -0.0105203 -0.00732449 -0.00399091 -0.000940519 0.00161338 0.00379969 0.00580259 0.00744529 0.00821494 0.00787672 0.00695015 0.00624037 0.00583403 0.00486697 0.00253566 -0.000717236 -0.00335794 -0.00445297 -0.00503783 -0.00715996 -0.0114944 -0.0165506 -0.0204167 
-0.0184024 -0.0182981 -0.0174648 -0.0154701 -0.0126233 -0.00991612 -0.0076734 -0.00537399 -0.00275025 -0.000170609 0.00194546 0.00357793 0.00503796 0.00655181 0.00786705 0.00837693 0.00778029 0.00653742 0.00543294 0.00466774 0.00361639 0.00161459 -0.0011093 -0.00352024 -0.00499035 -0.00623573 -0.00854376 -0.0120868 -0.0155797 -0.0177119 
-0.0161715 -0.0150041 -0.0132857 -0.0109374 -0.00844409 -0.00645341 -0.00483468 -0.00294976 -0.000666714 0.00155282 0.00331701 0.00465447 0.00587047 0.00714426 0.00819092 0.00841584 0.00752756 0.00592714 0.00434519 0.00313512 0.00206784 0.000771984 -0.000816528 -0.00253192 -0.00443522 -0.0069553 -0.0102769 -0.0136927 -0.0160219 -0.0167112 
-0.0168988 -0.0146237 -0.0119725 -0.00924122 -0.00705896 -0.00569033 -0.0045463 -0.00288982 -0.000702501 0.00151196 0.00338854 0.00491629 0.00627517 0.00753907 0.00843019 0.00845386 0.00738871 0.00557374 0.00363383 0.00201896 0.000879189 0.000162049 -0.000455239 -0.00167237 -0.00428249 -0.00849837 -0.0134255 -0.0173751 -0.0190798 -0.0186116 
-0.0203564 -0.0167015 -0.0128152 -0.0094535 -0.00735255 -0.00634573 -0.00540815 -0.00376876 -0.0015387 0.000786641 0.00291557 0.00478855 0.00641632 0.00774642 0.00854098 0.00846304 0.0073928 0.00559202 0.00352171 0.00162879 0.000315829 -0.00023307 -0.000517666 -0.001831 -0.00544425 -0.0113977 -0.0180361 -0.0229175 -0.0245476 -0.0232701 
-0.0251865 -0.0201792 -0.0149356 -0.0106827 -0.00823849 -0.0070928 -0.00597425 -0.00420628 -0.00200226 0.000265846 0.00247285 0.00454734 0.00633748 0.00767148 0.00837014 0.0082718 0.00735421 0.00577797 0.00380621 0.00181613 0.000333945 -0.000350133 -0.000874525 -0.00282802 -0.00760404 -0.0150152 -0.0229909 -0.0287548 -0.0306633 -0.0290364 
-0.0294496 -0.0236937 -0.0173586 -0.0120447 -0.00875891 -0.00696149 -0.00542194 -0.00360118 -0.00167873 0.000218252 0.00217839 0.00415222 0.00587696 0.00710126 0.00770489 0.00766795 0.0070245 0.00581816 0.0041342 0.00228606 0.000844513 6.72349e-05 -0.000868274 -0.00367402 -0.00956355 -0.0179637 -0.0265758 -0.0327247 -0.0349484 -0.0335079 
-0.031747 -0.0261679 -0.0192282 -0.0127656 -0.00823288 -0.00550897 -0.00362619 -0.00204663 -0.000705793 0.000551371 0.00196524 0.0035152 0.00491786 0.00591538 0.0064361 0.00653178 0.00623422 0.00547861 0.0042415 0.0028244 0.00179624 0.00125626 0.000115875 -0.00339255 -0.0101132 -0.0189405 -0.0274288 -0.0333389 -0.035772 -0.0350589 
-0.0319683 -0.0272478 -0.0201223 -0.0125664 -0.00668161 -0.00307524 -0.00110983 -5.68102e-05 0.000533752 0.0010402 0.00174597 0.00265551 0.00354785 0.00422639 0.00466028 0.00491355 0.00497818 0.00471374 0.004063 0.00335334 0.00310668 0.00318166 0.00219437 -0.00162985 -0.00871117 -0.0174356 -0.0253236 -0.0307243 -0.0334263 -0.0338613 
-0.031071 -0.0272874 -0.0202436 -0.0119766 -0.00510471 -0.000889285 0.00101413 0.00153125 0.00143638 0.00124795 0.00126313 0.00152809 0.00190253 0.0022594 0.00260721 0.00301202 0.00343086 0.00368472 0.00371831 0.00387469 0.00458951 0.00547974 0.00493059 0.00120948 -0.00576973 -0.0141028 -0.021429 -0.0266039 -0.0298567 -0.0315494 
-0.0301825 -0.0269054 -0.0201911 -0.0120091 -0.00494342 -0.000445968 0.0015693 0.00193386 0.0014679 0.000769876 0.000238294 2.17574e-05 3.66569e-05 0.000182331 0.000499716 0.0010773 0.0018623 0.00265329 0.0033803 0.0043572 0.00593068 0.00756842 0.00754243 0.00415462 -0.00254551 -0.0106141 -0.0178556 -0.0233545 -0.0273548 -0.029935 
-0.0296682 -0.0263162 -0.0202516 -0.0131703 -0.00687341 -0.00237179 0.000180004 0.00107548 0.000773931 -0.000153028 -0.00110736 -0.00171908 -0.00196146 -0.00191472 -0.00153135 -0.000715182 0.000468637 0.00178265 0.00309718 0.00465232 0.00674773 0.00884506 0.00920419 0.00607888 -0.000541227 -0.00876267 -0.0164198 -0.022528 -0.0270503 -0.0297165 
-0.0288342 -0.024983 -0.0198409 -0.014674 -0.00995839 -0.00575184 -0.00234396 -0.000263603 0.000203882 -0.000643087 -0.00203728 -0.00323377 -0.0038897 -0.00396525 -0.00345027 -0.00233304 -0.000748743 0.00100093 0.00269872 0.00449979 0.00671078 0.00889274 0.00933667 0.0061773 -0.000697272 -0.00932111 -0.0173784 -0.0237477 -0.0281402 -0.0300236 
-0.0265364 -0.0219921 -0.0177346 -0.0146831 -0.0119866 -0.00856284 -0.0045502 -0.00116478 0.000398673 -0.000159775 -0.00209789 -0.00420962 -0.00559234 -0.00592818 -0.00527777 -0.00384271 -0.00192324 8.70049e-05 0.00190171 0.00363527 0.00564589 0.00761126 0.00784177 0.00437403 -0.00286101 -0.0116085 -0.0193567 -0.0250922 -0.0285921 -0.0291845 
-0.0222711 -0.0169479 -0.0130805 -0.0116123 -0.0109348 -0.00900836 -0.00540959 -0.00146728 0.000930998 0.000696571 -0.00173952 -0.00483895 -0.00708756 -0.00778367 -0.00702465 -0.00528511 -0.00311814 -0.00105234 0.000592395 0.00197998 0.00358645 0.00520035 0.00513392 0.00138887 -0.0059188 -0.0141397 -0.020645 -0.0248371 -0.0269241 -0.0262031 
-0.0168708 -0.0107156 -0.00646526 -0.00555263 -0.00645867 -0.00665368 -0.00484906 -0.00173393 0.000711131 0.000738201 -0.00180726 -0.00545954 -0.00834841 -0.009387 -0.00856733 -0.00654735 -0.00416909 -0.00217889 -0.000948821 -0.000187387 0.000814954 0.00204362 0.00186443 -0.0017478 -0.00858158 -0.0157391 -0.0205424 -0.0228391 -0.0234204 -0.0216784 
-0.0121828 -0.00524131 7.54771e-05 0.00158788 8.7142e-06 -0.00227305 -0.00317801 -0.00221017 -0.000655898 -0.000458331 -0.00251331 -0.00597476 -0.00906706 -0.0103931 -0.00963161 -0.00740869 -0.00481124 -0.00290017 -0.00220337 -0.00230343 -0.00213042 -0.00130568 -0.0012648 -0.00412605 -0.00992999 -0.0159125 -0.0193587 -0.0202307 -0.0197168 -0.0174097 
-0.00994952 -0.00234917 0.004382 0.0074709 0.00653395 0.00315811 -0.00033877 -0.00219386 -0.00231049 -0.00217026 -0.00333902 -0.00601334 -0.00894927 -0.0105716 -0.0100907 -0.00786476 -0.00509651 -0.00319804 -0.0029791 -0.00397245 -0.00467907 -0.004146 -0.00346813 -0.00495936 -0.00934558 -0.0144801 -0.0176341 -0.0183432 -0.0176436 -0.0152749 
-0.0108613 -0.00257072 0.00558602 0.0108116 0.0118558 0.00898647 0.00392204 -0.000687198 -0.00301556 -0.00344858 -0.00386464 -0.00558735 -0.00820697 -0.0101907 -0.0102775 -0.00838438 -0.00564213 -0.00373353 -0.00378613 -0.00535371 -0.00655773 -0.00590118 -0.00415994 -0.00392394 -0.00687525 -0.0118725 -0.0162399 -0.0185006 -0.0187005 -0.0164673 
-0.0147294 -0.00535838 0.00412931 0.0116189 0.0155446 0.0146655 0.00939695 0.00265468 -0.00213605 -0.00387632 -0.00418412 -0.0052115 -0.00751992 -0.00992451 -0.0108395 -0.00966093 -0.00725519 -0.00538709 -0.00537997 -0.00682163 -0.00768063 -0.00629065 -0.00335846 -0.00170705 -0.00385527 -0.00974614 -0.0168183 -0.0221363 -0.0239393 -0.0214437 
-0.0211277 -0.0101171 0.000836454 0.010639 0.0178105 0.019776 0.0154587 0.007491 0.000357578 -0.00336579 -0.00446995 -0.00537227 -0.00752775 -0.0103694 -0.0122191 -0.0119944 -0.0101812 -0.00838794 -0.00787736 -0.00824558 -0.00770996 -0.00507973 -0.00136354 0.000602284 -0.00199891 -0.00986734 -0.0205519 -0.0295947 -0.0331214 -0.0297997 
-0.0287116 -0.0158017 -0.00291742 0.00952818 0.0199968 0.0249052 0.0220527 0.0136045 0.00448224 -0.00162711 -0.00440917 -0.00596339 -0.00830633 -0.0115569 -0.0141978 -0.0148772 -0.0137268 -0.0119852 -0.0105485 -0.00897064 -0.00612896 -0.0019371 0.00195502 0.00295024 -0.00137771 -0.0118615 -0.026057 -0.0384122 -0.0434297 -0.0393194 
-0.0337482 -0.0192425 -0.00396371 0.0115791 0.0251411 0.0323039 0.0303858 0.0214095 0.0104584 0.00183194 -0.00323023 -0.00619955 -0.00918663 -0.0128136 -0.0159268 -0.017241 -0.0166966 -0.0150405 -0.0125428 -0.00860149 -0.00291987 0.00315738 0.00707753 0.00652424 -3.82369e-05 -0.0128656 -0.0293293 -0.0435591 -0.0495454 -0.0453076 
-0.030519 -0.0151796 0.00235783 0.0208555 0.0366631 0.0444876 0.0417929 0.0311746 0.0180781 0.00698924 -0.000486961 -0.00530311 -0.00930552 -0.0133091 -0.0166055 -0.0182844 -0.0183115 -0.0169441 -0.013682 -0.0075764 0.00102167 0.00938984 0.0138893 0.0122694 0.00408582 -0.00974686 -0.0262302 -0.0400186 -0.0458385 -0.0418945 
-0.0143737 0.00074034 0.0192843 0.0392355 0.0553341 0.0614473 0.0556612 0.0418181 0.0260562 0.0127432 0.00320361 -0.00338744 -0.00850916 -0.0129002 -0.0162362 -0.0181267 -0.0187359 -0.0179416 -0.0144826 -0.00689564 0.00419108 0.0150367 0.0209499 0.0195107 0.0113016 -0.00135226 -0.0150395 -0.0255459 -0.0292576 -0.0250348 
0.014202 0.0278077 0.0451331 0.0638405 0.0775564 0.0796818 0.0691393 0.0511347 0.032535 0.0174426 0.00651646 -0.0013529 -0.00741513 -0.0121871 -0.0155428 -0.0175525 -0.018661 -0.0185575 -0.0154302 -0.00733164 0.00518062 0.0179946 0.0258684 0.0261961 0.0201751 0.0111565 0.0028075 -0.00191296 -0.00140522 0.00429991 
0.0476212 0.058416 0.0723779 0.0873775 0.096741 0.0939705 0.0786939 0.0569349 0.0359972 0.0198208 0.00842439 9.41455e-05 -0.00651925 -0.0116735 -0.0151254 -0.0171413 -0.0184303 -0.0187584 -0.0162164 -0.0087038 0.00353758 0.0169671 0.0268028 0.0304045 0.0287209 0.0251238 0.0232967 0.0253443 0.0310316 0.0387772 
0.0748864 0.0817605 0.0911669 0.101472 0.106273 0.099524 0.0811717 0.0572685 0.035199 0.0190197 0.00837795 0.000712232 -0.00585572 -0.0113482 -0.0149933 -0.0168356 -0.0177408 -0.0178421 -0.0157388 -0.0097124 0.000444491 0.0127582 0.0240164 0.0316463 0.0352917 0.0372544 0.0411588 0.0489506 0.0590036 0.0680325 
0.0898686 0.0916621 0.0956395 0.101104 0.102267 0.0934936 0.0745042 0.0506801 0.0291561 0.014296 0.00567952 -0.00014307 -0.00586941 -0.0113655 -0.0150551 -0.0164047 -0.0162765 -0.0153343 -0.0131481 -0.00884392 -0.00178883 0.00814198 0.0198933 0.0309418 0.0390397 0.0449856 0.0525517 0.0641148 0.0770212 0.0861545 
0.0958438 0.0910528 0.0878294 0.0875262 0.0856174 0.076663 0.0594313 0.0378905 0.0184614 0.00578313 -0.000275182 -0.00366005 -0.00779708 -0.0125521 -0.0156845 -0.0160732 -0.0144668 -0.0119714 -0.00913358 -0.00600576 -0.0016934 0.00574444 0.0171128 0.0298914 0.0403009 0.0481527 0.0576673 0.0717905 0.0869508 0.0959323 
0.0995522 0.0869927 0.0744779 0.0668172 0.0617698 0.0539741 0.0404146 0.0228034 0.00628969 -0.00434568 -0.00851835 -0.00992676 -0.012268 -0.0155604 -0.0173867 -0.0164165 -0.0133557 -0.00951639 -0.00594474 -0.00317521 -0.000162617 0.0059458 0.0167759 0.0297147 0.0404602 0.0488452 0.0596533 0.076124 0.0938152 0.103297 
0.101436 0.0814976 0.0595197 0.0443459 0.0366973 0.0313266 0.0229056 0.0102991 -0.00302225 -0.0122892 -0.0159164 -0.0166532 -0.0178656 -0.0196909 -0.0199592 -0.0176226 -0.0136371 -0.00939241 -0.00576353 -0.00293349 0.000423215 0.00707031 0.0181622 0.0307206 0.040744 0.0488021 0.0601665 0.0781778 0.0979004 0.108132 
0.0959174 0.0707382 0.0418287 0.021219 0.0124579 0.0107707 0.00876265 0.00233483 -0.00707849 -0.0150733 -0.0191038 -0.0205493 -0.0218678 -0.0230326 -0.0222143 -0.0189611 -0.0148447 -0.0114169 -0.00886162 -0.00616429 -0.00141228 0.00736197 0.0197945 0.0321405 0.0408903 0.0474481 0.0575234 0.0748197 0.0946121 0.104768 
0.0828322 0.054885 0.0220436 -0.00203842 -0.0113765 -0.00929429 -0.00421015 -0.00306966 -0.00707977 -0.0128669 -0.0172424 -0.02007 -0.0224687 -0.0238849 -0.0227068 -0.0191483 -0.0155867 -0.0138657 -0.013297 -0.0112273 -0.00491666 0.00651545 0.0206788 0.0328078 0.039781 0.0436889 0.0507579 0.065455 0.0837188 0.0930407 
0.0754541 0.04617 0.0100551 -0.0184902 -0.0308576 -0.027564 -0.016775 -0.00805396 -0.00581429 -0.00839694 -0.012448 -0.0164821 -0.0201418 -0.0221479 -0.0210322 -0.0176064 -0.0149048 -0.0150048 -0.0165027 -0.0153139 -0.00790528 0.0056358 0.0210187 0.0325558 0.0376083 0.0390864 0.0439164 0.0573359 0.0756097 0.0855569 
0.0938795 0.0637667 0.0223736 -0.0145292 -0.0349079 -0.0356155 -0.0236552 -0.010546 -0.00378009 -0.00375007 -0.00744312 -0.0124228 -0.0170517 -0.0194644 -0.0184837 -0.0154122 -0.0134795 -0.0146811 -0.0172667 -0.0165274 -0.00852008 0.00612908 0.0219277 0.0326757 0.036533 0.0377407 0.0442379 0.0616186 0.0854797 0.100861 
0.149295 0.118617 0.0691302 0.0197873 -0.0132337 -0.0234754 -0.0165369 -0.00477368 0.00211487 0.00181961 -0.00315929 -0.00966564 -0.0151891 -0.0178186 -0.0170334 -0.0144973 -0.0130557 -0.0141984 -0.0162229 -0.0148467 -0.00635896 0.00857545 0.0242865 0.0346354 0.0388499 0.0430262 0.0564737 0.0846874 0.121581 0.149068 
0.232467 0.201413 0.142346 0.079295 0.0325683 0.010442 0.0081425 0.0133652 0.0153016 0.0104333 0.00128675 -0.0080907 -0.0148331 -0.0177714 -0.0174258 -0.01566 -0.0145108 -0.0146647 -0.0146958 -0.011548 -0.00241423 0.0122669 0.0275969 0.0381384 0.0442793 0.0540488 0.0782384 0.122071 0.177351 0.22196 
0.314261 0.283865 0.217334 0.144041 0.0873904 0.0557762 0.0442638 0.0408238 0.0345474 0.0219486 0.0065435 -0.0065513 -0.0147043 -0.0181123 -0.0184511 -0.0176239 -0.0167758 -0.0157467 -0.0133602 -0.00801628 0.00172442 0.0155239 0.0297837 0.040351 0.0486886 0.06418 0.0987535 0.157593 0.23093 0.292877 
