0.226338 0.18844 0.148489 0.122333 0.104331 0.0813152 0.0469184 0.00727249 -0.0224049 -0.0301318 -0.0186596 -0.00283403 0.00459111 0.00207105 -0.0044118 -0.00912195 -0.00957024 -0.00610434 -0.00143677 0.00137145 0.00230026 0.00378816 0.0062664 0.00870523 0.015114 0.0352916 0.0766645 0.136478 0.197811 0.233468 
0.218199 0.182834 0.142805 0.115508 0.0985464 0.0793686 0.0496271 0.0134855 -0.0146179 -0.022266 -0.0108027 0.00580152 0.0138751 0.0105155 0.00175955 -0.00560718 -0.00834764 -0.00657144 -0.00293642 -0.000610824 0.000308456 0.00265232 0.00718231 0.0118053 0.018482 0.0362983 0.0738292 0.12954 0.187648 0.222804 
0.187001 0.161984 0.130678 0.108326 0.0948736 0.0797846 0.0546031 0.0222217 -0.00439407 -0.013289 -0.00426948 0.0109048 0.0189517 0.0154948 0.00540454 -0.00439134 -0.00999 -0.0109374 -0.00935834 -0.00805688 -0.00724402 -0.0043461 0.00136124 0.00721167 0.0135325 0.0280098 0.0590565 0.105761 0.154855 0.186384 
0.153098 0.140056 0.11927 0.102158 0.0907582 0.0781125 0.0571415 0.0292813 0.00479443 -0.00562727 -0.000117634 0.0125989 0.0205256 0.0179145 0.00769973 -0.00377211 -0.0120357 -0.0157907 -0.0162541 -0.0155685 -0.0141779 -0.0103776 -0.00386817 0.00254666 0.00816053 0.0191056 0.0431455 0.0800318 0.119347 0.146817 
0.127953 0.122668 0.108672 0.0935794 0.0814447 0.0695713 0.0526027 0.0300108 0.00873298 -0.00206602 0.0009699 0.0120121 0.0205723 0.0198959 0.0109487 -0.000855684 -0.010693 -0.0163654 -0.0180529 -0.0171596 -0.0145021 -0.0096779 -0.00305889 0.0029865 0.0077304 0.0161692 0.0351592 0.0646876 0.0961322 0.119156 
0.109274 0.105749 0.0938777 0.0783556 0.064674 0.0533116 0.0399 0.0223013 0.00512058 -0.00379613 -0.000630134 0.0104928 0.0204393 0.022255 0.0155931 0.00484272 -0.00521115 -0.0116995 -0.0138444 -0.0123408 -0.00838757 -0.00299581 0.00273198 0.00739113 0.0112932 0.0188811 0.0356262 0.0606681 0.0857207 0.102762 
0.0887334 0.0830177 0.0712154 0.0562469 0.0435649 0.0342078 0.0237439 0.00992275 -0.00290468 -0.00798712 -0.00263924 0.00925366 0.0199669 0.0235204 0.0191545 0.0101446 0.000674236 -0.00609665 -0.0085949 -0.00685416 -0.0022859 0.00299542 0.00733724 0.010431 0.0139398 0.0218863 0.0378834 0.0595278 0.0783225 0.0878951 
0.0640305 0.0555225 0.0449049 0.0340639 0.0264549 0.0211088 0.0130777 0.00159928 -0.00767237 -0.00903033 -0.00194983 0.00923007 0.0185747 0.0220179 0.0189384 0.0113445 0.00238164 -0.00478877 -0.00794579 -0.00653957 -0.00198266 0.00305251 0.00666361 0.00926543 0.0132518 0.0218779 0.0368819 0.054691 0.0671338 0.069328 
0.0425128 0.0325998 0.0254341 0.0217443 0.0214411 0.020641 0.0144201 0.00409918 -0.00336343 -0.00328332 0.00299125 0.0110086 0.0168906 0.0185845 0.0155612 0.00851863 -0.000443457 -0.00819243 -0.0119581 -0.0107462 -0.00589417 -0.000229552 0.00422302 0.00793853 0.0132007 0.0223464 0.0357694 0.0495086 0.0563 0.0525471 
0.0315086 0.0218249 0.0194823 0.0232933 0.0291743 0.0312781 0.02583 0.0157879 0.00833233 0.00727909 0.0105426 0.014238 0.016275 0.0159524 0.0125101 0.00554989 -0.00353427 -0.0115299 -0.0152002 -0.0132455 -0.00697305 0.000716867 0.00748514 0.0132096 0.019688 0.028826 0.0404385 0.0505323 0.0527574 0.0446039 
0.0291502 0.0213797 0.0238325 0.03301 0.0417977 0.0441028 0.0380755 0.0275661 0.0191526 0.0161234 0.0164995 0.0170425 0.016683 0.0153517 0.0120172 0.0056103 -0.00289654 -0.0102746 -0.0129697 -0.00943028 -0.000959767 0.00934838 0.0185135 0.0254392 0.0315848 0.0392351 0.048332 0.0549748 0.053685 0.0430183 
0.0271417 0.022913 0.0288217 0.0399284 0.0482359 0.0486818 0.0410955 0.0296942 0.0205564 0.0168035 0.0164918 0.0163583 0.0155777 0.0144973 0.0122162 0.00741813 0.000633895 -0.00522546 -0.00652435 -0.00144188 0.00876188 0.0206675 0.0305144 0.0363403 0.0396639 0.0436932 0.0489627 0.0520283 0.0486597 0.0384525 
0.0193827 0.0188592 0.0257266 0.0353651 0.0411816 0.0395247 0.0308426 0.0192419 0.0106295 0.00802078 0.00906199 0.00996146 0.00988693 0.00974943 0.00916375 0.00675423 0.0024254 -0.00156848 -0.00171831 0.00409955 0.0147604 0.0265141 0.0349925 0.0378512 0.0369804 0.0364316 0.0373415 0.0371028 0.0331362 0.0258861 
0.00617642 0.00749263 0.01299 0.0195043 0.0229137 0.020737 0.0130037 0.00301936 -0.00379752 -0.00475732 -0.00247469 -0.000785343 -0.000236075 0.000614022 0.00178392 0.00175128 -0.000273842 -0.00275825 -0.00239157 0.00327389 0.0133953 0.0240758 0.0306878 0.0309718 0.0271553 0.0234701 0.0211313 0.0182585 0.0138214 0.00901747 
-0.00787409 -0.00657099 -0.00253231 0.00196744 0.004625 0.00375995 -0.00126089 -0.00841326 -0.0134297 -0.0140762 -0.0124094 -0.0112667 -0.010622 -0.00895272 -0.0063321 -0.00456993 -0.00498364 -0.00655999 -0.00617781 -0.00113571 0.00811217 0.0178186 0.0234636 0.0231063 0.0190358 0.0149063 0.011272 0.00632518 4.95513e-06 -0.00544666 
-0.0170286 -0.015508 -0.0107484 -0.00580471 -0.00267362 -0.00235797 -0.00540844 -0.0106914 -0.0152556 -0.0172599 -0.0176001 -0.0176112 -0.0168612 -0.0143303 -0.0105774 -0.00764309 -0.00703414 -0.00798867 -0.00762576 -0.00324646 0.00499962 0.0137508 0.0189062 0.0189541 0.0161309 0.0133218 0.0100897 0.00395042 -0.00500619 -0.0132284 
-0.0169399 -0.0137055 -0.00638392 2.08139e-05 0.00275413 0.00166115 -0.00252526 -0.0084031 -0.0138451 -0.0174406 -0.0192345 -0.0195301 -0.0179711 -0.0143409 -0.00968469 -0.0059999 -0.00462694 -0.00487932 -0.00426706 -0.000457394 0.00646104 0.0135926 0.017458 0.017072 0.0148206 0.013359 0.0117203 0.00644746 -0.00315212 -0.0128127 
-0.00813187 -0.00259939 0.00674608 0.0131899 0.0131879 0.00765387 -0.000597794 -0.00884177 -0.0151587 -0.0188638 -0.0201538 -0.0192516 -0.0162145 -0.0114645 -0.00622776 -0.00216502 -0.000229803 0.000240112 0.00120253 0.00437532 0.00953648 0.014245 0.0157269 0.0135754 0.0105363 0.00967205 0.0103302 0.00843651 0.00186225 -0.00578755 
0.00402212 0.0108455 0.019928 0.0240445 0.0195781 0.0085742 -0.00419076 -0.0145412 -0.0205673 -0.0225942 -0.0217834 -0.0189267 -0.0144732 -0.0090701 -0.00379843 0.00015215 0.00225012 0.00311841 0.0041592 0.00646357 0.00966597 0.0117898 0.0107851 0.00678703 0.00281183 0.00235142 0.00546422 0.00811364 0.0068499 0.00359347 
0.0143015 0.0205102 0.0271109 0.0275489 0.0188884 0.00408267 -0.0110714 -0.021828 -0.0265671 -0.0264948 -0.023637 -0.0193034 -0.014139 -0.00875749 -0.00398112 -0.000569006 0.00128612 0.00213747 0.00290486 0.00419469 0.00562576 0.00576278 0.00329323 -0.00120864 -0.00478582 -0.00406824 0.0013732 0.0078926 0.0113738 0.0120766 
0.0209075 0.0244746 0.0273726 0.0244291 0.0136327 -0.00177753 -0.0162665 -0.025723 -0.029163 -0.0280878 -0.024545 -0.0198592 -0.0147417 -0.00980502 -0.0056986 -0.00286889 -0.00128602 -0.000510933 -3.77764e-05 0.000384516 0.000482625 -0.00053829 -0.00322102 -0.00666297 -0.00828633 -0.00541818 0.00213102 0.0109989 0.0169451 0.0191903 
0.0244996 0.0239501 0.0227022 0.0174479 0.0069278 -0.00620301 -0.0177662 -0.0250394 -0.0276864 -0.026861 -0.0238847 -0.0197012 -0.0150514 -0.010641 -0.00703816 -0.00446962 -0.00278801 -0.00173119 -0.00119422 -0.00124441 -0.0020285 -0.00367949 -0.00596306 -0.00771678 -0.00688977 -0.00174491 0.00734609 0.0171534 0.0235746 0.0252405 
0.0259778 0.0210807 0.0158349 0.00914841 0.0003239 -0.00921321 -0.0171629 -0.0222312 -0.0244062 -0.0241733 -0.0220161 -0.0185043 -0.0144006 -0.0104677 -0.00717083 -0.00454859 -0.00240896 -0.000719046 0.000221379 2.32256e-05 -0.0013887 -0.00358095 -0.00562755 -0.00614009 -0.0035503 0.00303993 0.0127692 0.0226218 0.0288082 0.0294675 
0.0255397 0.0177775 0.00978262 0.00246037 -0.00443776 -0.0107288 -0.0157828 -0.0192876 -0.0211651 -0.0212431 -0.0195062 -0.0164263 -0.012818 -0.00940413 -0.00647022 -0.00385586 -0.00134253 0.000881729 0.0021524 0.00178585 -0.000269164 -0.00316468 -0.00545684 -0.00557528 -0.00228256 0.00474115 0.0143546 0.0238776 0.0299804 0.0304401 
0.0237707 0.0159112 0.00755231 0.000621114 -0.00480324 -0.00917645 -0.0127739 -0.0157031 -0.0176145 -0.0178503 -0.0162476 -0.0134398 -0.0103679 -0.00768393 -0.00545338 -0.00329539 -0.000925944 0.00133048 0.00254377 0.00179486 -0.000987752 -0.00471819 -0.00763684 -0.00802843 -0.00479175 0.00209033 0.011316 0.0204779 0.0267727 0.0280224 
0.0222116 0.0167341 0.0102016 0.00443558 -0.000236816 -0.00411049 -0.00751741 -0.0106025 -0.0128254 -0.0132953 -0.0118724 -0.00941521 -0.00702219 -0.00529624 -0.00409921 -0.0028371 -0.0011205 0.000693819 0.00153872 0.000334814 -0.00307819 -0.00758798 -0.0113098 -0.0123677 -0.00956746 -0.00295495 0.006012 0.014975 0.021598 0.0242068 
0.0212092 0.018889 0.0148992 0.0103588 0.00586967 0.00181224 -0.00174524 -0.00491696 -0.00724411 -0.00787994 -0.00673083 -0.00474405 -0.00308084 -0.00229692 -0.00211746 -0.00181424 -0.000916943 0.000249516 0.000616285 -0.00093987 -0.00470199 -0.00972078 -0.014157 -0.0159705 -0.0137205 -0.00737155 0.00143637 0.0101986 0.0169279 0.0206905 
0.0182194 0.0183224 0.0164026 0.0128441 0.00857204 0.00470073 0.00165814 -0.000794049 -0.00252181 -0.00291379 -0.00189614 -0.000305768 0.000809697 0.000973112 0.000492685 8.88735e-05 0.000233378 0.000666427 0.000458806 -0.00138985 -0.00522517 -0.010349 -0.0151122 -0.0174255 -0.0156812 -0.0098147 -0.0016429 0.0062349 0.0122127 0.016142 
0.0104681 0.0120084 0.0116168 0.00910271 0.00565348 0.00289037 0.00135708 0.000556771 0.000231883 0.00068358 0.00194605 0.00339746 0.00425135 0.00415864 0.0033781 0.00249333 0.00190439 0.00144888 0.000461704 -0.00178054 -0.00557846 -0.0104748 -0.0151117 -0.0175539 -0.0162973 -0.0114527 -0.00494984 0.000845264 0.00495332 0.00796137 
-0.000893343 0.00151084 0.00243944 0.0012598 -0.000765949 -0.00179147 -0.00129982 -1.07681e-05 0.00150556 0.00322634 0.00506372 0.00658303 0.00731376 0.00708719 0.00610281 0.00475926 0.0033574 0.00186031 -7.16512e-05 -0.00282739 -0.00660054 -0.0111163 -0.0153328 -0.0176353 -0.0168798 -0.0135234 -0.00948928 -0.00655003 -0.00485148 -0.00323401 
-0.0114264 -0.00856706 -0.0065762 -0.00640427 -0.00692212 -0.00627858 -0.00397995 -0.000827923 0.00240801 0.00539873 0.00787068 0.00949472 0.0100797 0.00965451 0.00839788 0.00655512 0.00434934 0.00188277 -0.000883977 -0.00407749 -0.0078129 -0.0119164 -0.0155731 -0.0175257 -0.0171126 -0.0151895 -0.0135717 -0.0133027 -0.0137363 -0.013386 
-0.0183798 -0.0154837 -0.0128642 -0.0116539 -0.0109943 -0.00916566 -0.00564231 -0.00117865 0.00334011 0.00732492 0.0103209 0.012044 0.0124974 0.0118661 0.0103351 0.00806208 0.00524863 0.00213738 -0.0011026 -0.00449509 -0.00816581 -0.0119506 -0.0150841 -0.0165718 -0.0162343 -0.0153162 -0.0155134 -0.0172267 -0.0192065 -0.0198373 
-0.0230121 -0.0202529 -0.0172483 -0.0152114 -0.0136312 -0.0110064 -0.00673263 -0.00141714 0.00401242 0.00876497 0.0122316 0.0141334 0.0145824 0.0138514 0.0121312 0.00955286 0.00635769 0.00292041 -0.000485403 -0.0039251 -0.00760613 -0.0113087 -0.0141777 -0.0153657 -0.0150939 -0.0149367 -0.0164879 -0.0196396 -0.0226969 -0.0240163 
-0.0275496 -0.0247374 -0.0212516 -0.0183413 -0.0158816 -0.0126485 -0.00792829 -0.00208586 0.00400022 0.00940097 0.0133703 0.0155921 0.0162077 0.0155115 0.0136849 0.0108676 0.00737836 0.00371014 0.000184065 -0.00334469 -0.00715955 -0.0109869 -0.0139141 -0.0152213 -0.0153891 -0.016132 -0.0188711 -0.0230927 -0.0268023 -0.0284134 
-0.0319644 -0.0288132 -0.0247035 -0.0209337 -0.0177414 -0.0141674 -0.0093677 -0.00341102 0.00295979 0.00877874 0.0132207 0.0158979 0.0168817 0.0163964 0.0145772 0.011578 0.00779913 0.00383915 8.04861e-05 -0.00361952 -0.00754747 -0.0114541 -0.0145723 -0.0163965 -0.0174686 -0.0193105 -0.0230144 -0.0277986 -0.031617 -0.0330634 
-0.0345952 -0.030986 -0.0263599 -0.022109 -0.0186957 -0.0152826 -0.0108924 -0.00535828 0.000747339 0.00657484 0.0113502 0.0146 0.0161982 0.0161759 0.0145665 0.0115256 0.00751707 0.00322953 -0.000837303 -0.00468304 -0.00850821 -0.0122041 -0.0153987 -0.0179028 -0.0201098 -0.0230046 -0.0272137 -0.0318853 -0.0352339 -0.0361556 
-0.0341469 -0.0301676 -0.0255354 -0.021695 -0.0189952 -0.0164232 -0.012889 -0.00817507 -0.00272728 0.00284801 0.00792835 0.011918 0.014381 0.0150658 0.0138784 0.0109809 0.00688295 0.00233306 -0.00202078 -0.00593055 -0.00944777 -0.0126821 -0.0157939 -0.0189313 -0.0221914 -0.0258376 -0.0299943 -0.0339043 -0.0362583 -0.0363285 
-0.030416 -0.0264553 -0.0228525 -0.0208418 -0.0201288 -0.0191667 -0.0167865 -0.01292 -0.00798243 -0.00235414 0.00342138 0.00851277 0.0121079 0.0136788 0.0130531 0.0104463 0.00641931 0.0017409 -0.00283126 -0.00680204 -0.0100578 -0.0129048 -0.0159637 -0.0196108 -0.0236006 -0.027525 -0.0310852 -0.033681 -0.0345317 -0.033352 
-0.0243216 -0.021227 -0.0199909 -0.0212216 -0.0235775 -0.0248269 -0.0237697 -0.020538 -0.0155509 -0.00910234 -0.00188896 0.00484477 0.00987861 0.0124879 0.0125209 0.0103063 0.0064745 0.00179592 -0.00292143 -0.00701157 -0.0102329 -0.0130066 -0.0161932 -0.0201999 -0.0244713 -0.0281394 -0.030625 -0.0314749 -0.0304288 -0.0277849 
-0.0175171 -0.0163714 -0.0183832 -0.0232666 -0.0287551 -0.0322141 -0.0325029 -0.029805 -0.0244208 -0.0166443 -0.00752126 0.00116024 0.00777428 0.01149 0.0122512 0.0105047 0.00693692 0.00233682 -0.00242758 -0.0065747 -0.00981858 -0.0126735 -0.0160517 -0.0202108 -0.0243316 -0.0273038 -0.0284099 -0.0273444 -0.024411 -0.0206714 
-0.0113454 -0.0128789 -0.0179924 -0.025573 -0.033016 -0.0378538 -0.0391746 -0.0370665 -0.0315332 -0.0227851 -0.0121722 -0.00196179 0.00589719 0.0105335 0.0119825 0.0107285 0.00744157 0.00295422 -0.00172584 -0.00569146 -0.00870163 -0.0114295 -0.01478 -0.0187633 -0.0223216 -0.0242662 -0.0239083 -0.021167 -0.0169451 -0.0130745 
-0.00608348 -0.0102553 -0.0175029 -0.0261827 -0.0338946 -0.0387758 -0.0403739 -0.0387876 -0.0336994 -0.025041 -0.0141644 -0.00352854 0.0047728 0.00986026 0.01178 0.0109297 0.00787382 0.00348618 -0.00102998 -0.00461292 -0.00708129 -0.00927378 -0.0120774 -0.0152766 -0.0176831 -0.0182448 -0.0165527 -0.0128536 -0.00847274 -0.00563285 
-0.00132229 -0.00724485 -0.0152659 -0.0236387 -0.0303834 -0.0342877 -0.0354763 -0.0343037 -0.0302515 -0.0227997 -0.0129529 -0.00303439 0.00489035 0.0099202 0.0120022 0.0113617 0.00842191 0.00407349 -0.000322666 -0.00355599 -0.00539178 -0.00663756 -0.00809257 -0.00950482 -0.00989445 -0.00869227 -0.00605549 -0.00257513 0.000493599 0.00131832 
0.00315111 -0.00296927 -0.0101581 -0.0171758 -0.0225624 -0.0255291 -0.0265756 -0.0262692 -0.0238829 -0.0183569 -0.0101977 -0.00147048 0.00580063 0.0106 0.0126819 0.0120952 0.00916494 0.0047854 0.000394191 -0.00267246 -0.00394725 -0.0038994 -0.00313714 -0.00167118 0.00078714 0.00395416 0.0069073 0.00880896 0.00911587 0.00731215 
0.00704471 0.00239641 -0.00245709 -0.00739059 -0.0116529 -0.0146981 -0.0169793 -0.0187877 -0.0188703 -0.0155719 -0.00898666 -0.00105973 0.00602986 0.0109623 0.0132229 0.0127302 0.00978948 0.00532728 0.000848121 -0.00216209 -0.00289537 -0.00134192 0.00208437 0.00688045 0.0123446 0.0171907 0.0197543 0.0191492 0.0159957 0.0116483 
0.010019 0.00787296 0.00600949 0.00333499 -0.000197973 -0.00432689 -0.00923538 -0.0144458 -0.0177598 -0.0168153 -0.0113924 -0.00351118 0.00422929 0.00997203 0.0128418 0.0126553 0.00976082 0.00517649 0.000548861 -0.00242058 -0.00261809 0.000289962 0.00592638 0.0132681 0.0207621 0.0264001 0.0281327 0.0252687 0.0195265 0.0138346 
0.0127726 0.0130222 0.0134619 0.0124417 0.00941153 0.00420944 -0.00333308 -0.0120874 -0.018873 -0.0204868 -0.0162427 -0.00817402 0.00062095 0.00759118 0.0113716 0.0116336 0.00879609 0.00401826 -0.000865433 -0.00394311 -0.00395244 -0.000525278 0.00584489 0.0138559 0.0216728 0.0272268 0.0286227 0.0254038 0.0196526 0.0147745 
0.0177392 0.0190306 0.0198684 0.0191501 0.0164461 0.0111608 0.00262928 -0.00817075 -0.017723 -0.0220721 -0.0197009 -0.0122101 -0.00291181 0.00499647 0.00953237 0.0100951 0.00715007 0.002015 -0.00332387 -0.00687497 -0.00746745 -0.00493499 0.000187363 0.0068826 0.0138353 0.0195681 0.0225859 0.0222226 0.0197413 0.01773 
0.0272754 0.027459 0.026323 0.0241533 0.0212195 0.0167269 0.00923807 -0.00130203 -0.0120755 -0.0188635 -0.0191047 -0.0134008 -0.00473043 0.00334388 0.00819184 0.00877452 0.00549808 -0.000184242 -0.00616198 -0.0104814 -0.0122985 -0.0118258 -0.00938973 -0.00497114 0.00137904 0.00898033 0.0163549 0.0218194 0.0248013 0.0262918 
0.0405157 0.0379246 0.0332535 0.0282448 0.024133 0.0202763 0.0145936 0.00570784 -0.0048935 -0.0133128 -0.0161318 -0.0127301 -0.00534257 0.00245016 0.00748768 0.00818322 0.00470225 -0.00145851 -0.00803342 -0.0130554 -0.0160761 -0.0178035 -0.0181853 -0.0156339 -0.00858426 0.00273356 0.0160666 0.0281167 0.0363031 0.0401657 
0.0531019 0.0477024 0.0396191 0.0315508 0.025678 0.0216227 0.0168135 0.00896643 -0.00137618 -0.0107268 -0.01524 -0.013429 -0.00685948 0.00104467 0.00681749 0.00835963 0.00542344 -0.000624442 -0.00737524 -0.0127052 -0.0163929 -0.0195728 -0.0218105 -0.0199775 -0.0111583 0.0042172 0.0225186 0.0389765 0.0498841 0.054239 
0.059907 0.0531364 0.0432659 0.0334445 0.0265296 0.0219779 0.0165234 0.00771534 -0.00360706 -0.0137953 -0.0189711 -0.0175038 -0.0107358 -0.00193241 0.00538481 0.00875564 0.007434 0.00246744 -0.00373717 -0.00888609 -0.0127193 -0.0164545 -0.0192832 -0.0170931 -0.00644558 0.0114067 0.0314599 0.0483681 0.0587598 0.0621584 
0.0580375 0.0520599 0.0430856 0.0341775 0.0282195 0.0238122 0.0167671 0.00520518 -0.00848592 -0.0198509 -0.0252952 -0.0236758 -0.0164156 -0.0065275 0.0026359 0.00836825 0.00938903 0.0062973 0.00127352 -0.00340703 -0.00724259 -0.0109878 -0.0133377 -0.0100022 0.00186676 0.0197748 0.0378875 0.0514363 0.0586603 0.0603655 
0.0497116 0.0468355 0.0417716 0.0365757 0.0332881 0.0295021 0.0205693 0.00575797 -0.0106354 -0.0233829 -0.029506 -0.0285572 -0.0218589 -0.0118134 -0.00140024 0.00642594 0.00977479 0.0087052 0.00498233 0.000653308 -0.00339211 -0.00691986 -0.00799411 -0.00292964 0.00957462 0.0257266 0.0396491 0.0479508 0.0509354 0.0509399 
0.0426389 0.0440049 0.0441809 0.0434237 0.042488 0.0386643 0.0278849 0.0106984 -0.00743998 -0.0212799 -0.0287067 -0.0297542 -0.0251974 -0.0164333 -0.00589837 0.00319383 0.00826694 0.00875885 0.00595107 0.00163718 -0.00279582 -0.00593994 -0.00534153 0.00155045 0.01419 0.0280239 0.0380053 0.0422702 0.0424835 0.0418913 
0.0441106 0.0481458 0.0514411 0.0528409 0.0521325 0.0470658 0.0347758 0.016681 -0.00173592 -0.0159539 -0.02468 -0.0280721 -0.0261727 -0.0193698 -0.00952504 9.43343e-06 0.00605935 0.00745176 0.00505133 0.000541396 -0.00418699 -0.00680367 -0.00469118 0.00343771 0.0156112 0.0274738 0.0356427 0.0395369 0.040671 0.0415185 
0.053545 0.0565461 0.0587291 0.0590006 0.0566875 0.0498695 0.0366083 0.0187152 0.0011016 -0.0126504 -0.0217723 -0.0263237 -0.0259099 -0.0204142 -0.0112897 -0.00177743 0.00466448 0.00640206 0.00400429 -0.00078651 -0.00562456 -0.00763976 -0.00437387 0.00435963 0.0157657 0.0263563 0.03482 0.0416316 0.0469182 0.0505848 
0.0628736 0.061812 0.06026 0.0582595 0.0545765 0.0467135 0.0330927 0.0158854 -0.00049662 -0.0132408 -0.0217695 -0.0259445 -0.0253847 -0.0201143 -0.0114277 -0.00219336 0.00424184 0.00598579 0.00339578 -0.00161528 -0.00626569 -0.0074112 -0.00292945 0.00651765 0.0176845 0.0278565 0.0373217 0.0473153 0.0564612 0.0618079 
0.0648485 0.0594856 0.0554229 0.0532598 0.0503578 0.0428547 0.0293985 0.0128965 -0.00241881 -0.0143399 -0.0222939 -0.0258202 -0.024699 -0.019433 -0.0113315 -0.00272391 0.003457 0.00522771 0.00275341 -0.00190471 -0.00566963 -0.00541841 0.000555937 0.0111896 0.0231915 0.0340456 0.044276 0.055091 0.0642999 0.0677382 
0.059982 0.0522927 0.0493143 0.0504032 0.0505375 0.0443688 0.0310476 0.0146753 -0.000295011 -0.0121939 -0.0205642 -0.024535 -0.0238029 -0.0192545 -0.0122672 -0.00459791 0.00138501 0.00369012 0.00220413 -0.00110729 -0.00328725 -0.00166795 0.00514176 0.0165893 0.0301946 0.0431739 0.0545862 0.0642908 0.0697775 0.0678267 
0.0545892 0.0465805 0.0471802 0.0532352 0.0570115 0.0519931 0.0379994 0.0206126 0.00504384 -0.00748194 -0.0170423 -0.0225085 -0.0231405 -0.019878 -0.0141529 -0.00723383 -0.000925924 0.00272295 0.00307331 0.00158701 0.000629746 0.002114 0.00749366 0.0179288 0.0328967 0.049319 0.063593 0.0730064 0.0745327 0.0667842 
0.0527917 0.0450419 0.0488488 0.0589463 0.0653004 0.0604506 0.0447301 0.0252739 0.00858586 -0.00435347 -0.0146457 -0.0213555 -0.0231897 -0.0208318 -0.0157415 -0.00887544 -0.00159794 0.0038628 0.00605361 0.00559207 0.0040902 0.00283131 0.00380557 0.0106437 0.0255312 0.0455457 0.0644589 0.0766271 0.0777944 0.0674166 
0.0530135 0.0450193 0.050351 0.0628622 0.0705467 0.0648631 0.046543 0.0243516 0.00646985 -0.00601496 -0.0155127 -0.0219816 -0.0238844 -0.0214857 -0.0162158 -0.00893185 -0.000714606 0.00603914 0.00904177 0.00801598 0.00401001 -0.00192194 -0.00711427 -0.00575886 0.00697264 0.0291823 0.053351 0.0714128 0.0769044 0.0681108 
0.0543228 0.0456375 0.0515562 0.0657996 0.074164 0.0667337 0.0447899 0.0188953 -0.000756705 -0.0123073 -0.0194282 -0.0239134 -0.0247815 -0.0218638 -0.0163505 -0.0090857 -0.000934039 0.00581631 0.0084329 0.00597596 -0.00083021 -0.0109548 -0.0215261 -0.0257472 -0.016722 0.00577315 0.0347423 0.0604201 0.0732682 0.0687678 
0.0645078 0.0545275 0.0596452 0.0741462 0.0817949 0.0712651 0.0443405 0.0131842 -0.00973297 -0.0207895 -0.0245478 -0.0256983 -0.0250208 -0.0220399 -0.0172202 -0.0111344 -0.00433094 0.00138277 0.00334818 0.000239887 -0.00746904 -0.0188918 -0.0317525 -0.0396399 -0.0342413 -0.0123978 0.0207618 0.0545118 0.0761532 0.0775704 
0.0955505 0.081866 0.081445 0.0912205 0.0946128 0.0792641 0.0466555 0.00947742 -0.0177306 -0.0287764 -0.0285564 -0.0253789 -0.0229813 -0.0208493 -0.0180529 -0.0142594 -0.00947066 -0.00485324 -0.00277601 -0.00485633 -0.0108541 -0.020052 -0.031251 -0.0394826 -0.0358769 -0.0143321 0.0226836 0.0647477 0.0968811 0.106543 
0.14717 0.12563 0.112595 0.11078 0.10596 0.0852535 0.0484157 0.00694434 -0.0234614 -0.033998 -0.0293283 -0.0212244 -0.0169686 -0.016361 -0.0165629 -0.0156171 -0.0127501 -0.00863342 -0.00553354 -0.0054738 -0.00835441 -0.0132451 -0.0198161 -0.025181 -0.0211749 0.000523726 0.0408086 0.0913135 0.135837 0.156125 
0.19934 0.167736 0.13871 0.122417 0.108894 0.0850222 0.047585 0.00549603 -0.0254874 -0.0345834 -0.0257087 -0.0129826 -0.00692277 -0.00801708 -0.0115173 -0.0134676 -0.0122169 -0.00820953 -0.00390826 -0.00189019 -0.00211556 -0.00294932 -0.00427511 -0.0053978 -2.2612e-05 0.0214106 0.0634827 0.120919 0.176876 0.20721 
