0.389701 0.357522 0.257365 0.150489 0.0724629 0.0249423 0.0013048 -0.00268944 0.00681949 0.0193029 0.0246459 0.0200665 0.0105614 0.00243333 -0.00219802 -0.00482536 -0.0066689 -0.00726789 -0.0060342 -0.00243584 0.00450632 0.0135538 0.0198104 0.0203045 0.0202212 0.0307106 0.0624275 0.124742 0.221734 0.329807 
0.327179 0.294527 0.207739 0.117666 0.0536153 0.0154736 -0.00368873 -0.00653032 0.003005 0.015013 0.0194763 0.014534 0.00576142 -0.00111304 -0.00466252 -0.00645251 -0.00748931 -0.00708894 -0.00451127 0.000670966 0.00928668 0.0203754 0.0292425 0.0319919 0.0326018 0.0421789 0.0706396 0.123524 0.201411 0.284834 
0.218467 0.191691 0.132113 0.0719928 0.0294263 0.00294633 -0.0123512 -0.0158321 -0.00794698 0.00345109 0.00896565 0.00640985 0.000303642 -0.00461714 -0.00711598 -0.00837683 -0.00911994 -0.00856076 -0.00572913 0.00012548 0.0101978 0.0240878 0.0370119 0.0430171 0.0430904 0.047072 0.0648978 0.0997856 0.14886 0.197878 
0.122495 0.105997 0.0727739 0.0391737 0.0141746 -0.00402345 -0.0178373 -0.0237324 -0.0189998 -0.00880559 -0.00154998 -0.000744688 -0.00405039 -0.00767617 -0.00995216 -0.01143 -0.0126787 -0.0130015 -0.0112092 -0.00595542 0.00474786 0.021353 0.0389533 0.0491851 0.0491032 0.0459795 0.0501859 0.0660055 0.0906037 0.114435 
0.0631831 0.0579589 0.0439081 0.0272349 0.011914 -0.00279457 -0.0167878 -0.0248683 -0.0227721 -0.013786 -0.00549889 -0.00268836 -0.0048711 -0.00877079 -0.012032 -0.0145615 -0.0168754 -0.0185081 -0.0182587 -0.014418 -0.00436784 0.0132102 0.0337407 0.0475705 0.0488224 0.0416978 0.0357729 0.0373152 0.0463532 0.057638 
0.0359413 0.0378017 0.0345095 0.0265625 0.0153945 0.0018436 -0.0116542 -0.0193306 -0.0172529 -0.00850367 -0.000352154 0.00210583 -0.00113947 -0.00678665 -0.0119844 -0.0161315 -0.019593 -0.0221334 -0.0228805 -0.0203841 -0.0119925 0.00432042 0.0250192 0.0407798 0.0444484 0.0375564 0.0278963 0.0227393 0.0244725 0.0303919 
0.0289113 0.0313393 0.0309835 0.0262097 0.0171419 0.00543631 -0.00527985 -0.00969074 -0.00531738 0.00399349 0.011097 0.011398 0.00555677 -0.00259204 -0.00994018 -0.0156486 -0.0198979 -0.0226527 -0.0236402 -0.0221134 -0.0157238 -0.00178096 0.0176761 0.0344768 0.0408586 0.0361824 0.0269567 0.0211398 0.0215679 0.0252519 
0.0342428 0.0333812 0.0302871 0.0246529 0.0168399 0.00827103 0.00188658 0.00155047 0.00832121 0.0179073 0.0234387 0.0209552 0.0121494 0.00169739 -0.00719445 -0.0138534 -0.018436 -0.0210188 -0.0218661 -0.0208909 -0.0159943 -0.0039445 0.0144484 0.0319449 0.0401965 0.0370695 0.0289701 0.0250661 0.0278824 0.0323822 
0.0472551 0.0423013 0.0329743 0.023063 0.0151042 0.00983899 0.00793383 0.0110411 0.0192497 0.0284461 0.032211 0.0271721 0.0160425 0.00428607 -0.00507852 -0.0119563 -0.0166179 -0.0189619 -0.0193489 -0.0180615 -0.0132575 -0.00158976 0.0165061 0.0339102 0.0419051 0.0382628 0.0304436 0.0290078 0.0362744 0.0448354 
0.0621908 0.052801 0.0356948 0.0196075 0.0102901 0.00790273 0.0102402 0.0163182 0.0253458 0.0336845 0.0356473 0.0286426 0.0162703 0.00439183 -0.00444282 -0.0108591 -0.015303 -0.0172693 -0.01673 -0.0140562 -0.00786962 0.00473485 0.0229517 0.0392125 0.0449743 0.0395097 0.0320157 0.0335524 0.0456166 0.0587176 
0.0741064 0.0603816 0.0367843 0.0153431 0.00438997 0.00400446 0.00973084 0.0179759 0.0268883 0.0336112 0.0337987 0.0257839 0.0134373 0.00235891 -0.00534486 -0.0107147 -0.014436 -0.0158048 -0.01428 -0.0100548 -0.00226229 0.0112473 0.0291447 0.043643 0.046983 0.0405828 0.0351173 0.0406175 0.0564087 0.0714898 
0.0797993 0.0639007 0.0380396 0.0144561 0.00224101 0.00210823 0.00898997 0.0175114 0.0248457 0.0292043 0.0280428 0.0204101 0.00945878 -0.000212826 -0.0067241 -0.0109518 -0.0137592 -0.0146744 -0.0129163 -0.00830592 -0.000159788 0.0130775 0.0298371 0.0426977 0.0448723 0.039234 0.0369996 0.046466 0.0643954 0.0790402 
0.0749477 0.06098 0.0387082 0.0177519 0.00576095 0.00431771 0.00956143 0.0160865 0.0208622 0.0230216 0.0213622 0.0151829 0.00641201 -0.00170145 -0.00740567 -0.0110079 -0.0133131 -0.0142884 -0.0132737 -0.00968678 -0.00255498 0.00950355 0.0248554 0.0365402 0.0383819 0.0335758 0.0330395 0.0438652 0.0615644 0.0747671 
0.0586881 0.0504742 0.0367408 0.0229115 0.0135306 0.0104984 0.0121857 0.0150726 0.0171324 0.0179168 0.0163558 0.0115561 0.00459824 -0.00230313 -0.00760248 -0.0110935 -0.0133373 -0.0146343 -0.0146353 -0.0125101 -0.00677489 0.00411442 0.0184181 0.0292121 0.0304005 0.0249694 0.0232601 0.0317721 0.0463229 0.0573264 
0.0396241 0.0380288 0.0333933 0.0273346 0.021434 0.0173485 0.0153831 0.0145401 0.0144069 0.0145101 0.0130522 0.00883329 0.00278038 -0.00333428 -0.00826776 -0.0116478 -0.0137878 -0.0150844 -0.0155028 -0.0142928 -0.00971363 7.01244e-05 0.0134219 0.0232778 0.0232805 0.0162339 0.0121433 0.0170752 0.0275403 0.0362946 
0.027965 0.030641 0.0308198 0.0283559 0.0238934 0.0190985 0.0151041 0.0123463 0.0113415 0.0112697 0.00972309 0.0055782 3.82264e-05 -0.00527482 -0.00950932 -0.0124342 -0.0141695 -0.0149698 -0.0149999 -0.0139255 -0.0103125 -0.00216603 0.00947636 0.0178816 0.0164522 0.00786558 0.00221612 0.00540898 0.0141851 0.0225475 
0.0235983 0.0278113 0.0281502 0.0245481 0.0186874 0.0130188 0.0088646 0.00668186 0.00654544 0.00688434 0.00526551 0.00125694 -0.00351586 -0.00764047 -0.0107618 -0.0129437 -0.01415 -0.0143196 -0.0136264 -0.012255 -0.00951867 -0.00359742 0.0053389 0.0115469 0.00850888 -0.00134116 -0.00764649 -0.00412815 0.00589664 0.0161127 
0.0198611 0.0249481 0.0240061 0.0176188 0.00914737 0.00232232 -0.00116783 -0.00136497 0.000506927 0.00185388 0.000529622 -0.00300636 -0.00677154 -0.00959278 -0.0115423 -0.0129762 -0.0137818 -0.013565 -0.0123322 -0.0106226 -0.00855629 -0.0048056 0.00112088 0.00475524 9.10014e-06 -0.0111376 -0.018327 -0.0145262 -0.00273082 0.0100686 
0.015301 0.0219432 0.020246 0.0113883 0.000373215 -0.00770619 -0.0106198 -0.0088994 -0.00499726 -0.00229249 -0.00271722 -0.00537333 -0.00820404 -0.0101359 -0.011354 -0.012343 -0.0129994 -0.0127161 -0.0112578 -0.00924948 -0.00737329 -0.00495266 -0.00135517 1.77572e-05 -0.0062702 -0.0187517 -0.0274756 -0.0246466 -0.0122545 0.00275791 
0.0133042 0.0216396 0.0197344 0.00901414 -0.00414034 -0.0133937 -0.0161846 -0.0135405 -0.00854717 -0.00473898 -0.00393907 -0.0054081 -0.00739545 -0.00888557 -0.00991301 -0.0108587 -0.0115899 -0.0113881 -0.00981073 -0.00736891 -0.00497953 -0.0026152 -1.95632e-05 4.07348e-05 -0.00708028 -0.0202791 -0.0304019 -0.0293009 -0.0176336 -0.00151455 
0.0139047 0.0232423 0.0221209 0.0112967 -0.00256075 -0.01247 -0.015781 -0.0137724 -0.00939117 -0.00564457 -0.00410958 -0.00444165 -0.00551633 -0.00661365 -0.0076494 -0.00874514 -0.00959329 -0.0093947 -0.00761229 -0.00459057 -0.00123327 0.00199333 0.00477835 0.00472118 -0.00196808 -0.01448 -0.0249456 -0.025621 -0.0160805 -0.00111824 
0.0128029 0.0222512 0.0237137 0.0162203 0.00472177 -0.00450701 -0.00880585 -0.00898817 -0.00708256 -0.00506218 -0.00396467 -0.00371552 -0.00393639 -0.00449459 -0.00540974 -0.00656346 -0.00740975 -0.00711633 -0.00518624 -0.00182947 0.00223666 0.00635496 0.00983988 0.0106055 0.00557062 -0.00492647 -0.0146894 -0.0170087 -0.0109047 0.000275303 
0.00731987 0.0160637 0.0213791 0.0202526 0.0141763 0.0072377 0.00207238 -0.000919542 -0.0023668 -0.00306798 -0.00338652 -0.00332615 -0.00311182 -0.00319289 -0.0038237 -0.00481992 -0.00553623 -0.00520744 -0.00345146 -0.000364857 0.0036621 0.00814754 0.0123817 0.014528 0.011763 0.00363893 -0.00526818 -0.00923771 -0.00705753 -0.000980581 
-0.00076298 0.0065816 0.0151538 0.0205893 0.0207382 0.0169036 0.0115337 0.00639697 0.0022314 -0.000802368 -0.00254902 -0.00304325 -0.00285011 -0.00270173 -0.00299803 -0.00365429 -0.00415165 -0.00388496 -0.00257135 -0.000188636 0.00326588 0.00774016 0.012735 0.0164698 0.0158645 0.0095134 0.000801747 -0.00496939 -0.00626411 -0.00477365 
-0.00852831 -0.00310334 0.00662099 0.016089 0.0208326 0.0198918 0.0152663 0.00954086 0.0043108 0.000292568 -0.00209898 -0.00293137 -0.00287688 -0.00266007 -0.00265506 -0.00289651 -0.00310621 -0.00287882 -0.00198184 -0.000259202 0.00265328 0.00713493 0.0128542 0.0178553 0.0186305 0.0130832 0.00391522 -0.00362608 -0.0075358 -0.00923168 
-0.0147473 -0.011432 -0.00271789 0.00749686 0.0141537 0.0151883 0.0120998 0.00753431 0.00317359 -0.000271088 -0.00238116 -0.00314516 -0.00309691 -0.00281306 -0.00257362 -0.00245994 -0.00237414 -0.00207403 -0.00135607 4.14888e-05 0.00270331 0.00720787 0.0131872 0.0184632 0.019407 0.0138675 0.00426497 -0.00436933 -0.00981001 -0.0133025 
-0.0184859 -0.0169245 -0.0104933 -0.00216776 0.00372691 0.00526401 0.00370588 0.00130222 -0.000797523 -0.00245078 -0.00353269 -0.00385802 -0.00360282 -0.00314158 -0.00270338 -0.00236751 -0.00206702 -0.00160247 -0.00079666 0.000579812 0.00305032 0.00710175 0.0122844 0.0165049 0.0165615 0.010788 0.00149684 -0.00686077 -0.0123331 -0.0161539 
-0.0183065 -0.017734 -0.0139243 -0.00896648 -0.00571652 -0.00514882 -0.00601053 -0.00656656 -0.00630886 -0.00581463 -0.00544711 -0.0049663 -0.00422362 -0.00342082 -0.00277337 -0.00232925 -0.00193562 -0.00131664 -0.000317521 0.00108116 0.00304987 0.00582362 0.00907102 0.0113019 0.0102173 0.0047392 -0.00310673 -0.00972572 -0.0137147 -0.0164041 
-0.0143795 -0.0141536 -0.0125871 -0.0109845 -0.0106587 -0.0116009 -0.0126638 -0.0125509 -0.0110147 -0.00897301 -0.00721992 -0.00571807 -0.00428377 -0.00306188 -0.00223268 -0.0017648 -0.0013925 -0.000747819 0.000302772 0.00153092 0.00270249 0.00380375 0.00474945 0.00493321 0.00317024 -0.00117217 -0.00667979 -0.0107922 -0.0126562 -0.013592 
-0.00935488 -0.00929673 -0.0091383 -0.00958025 -0.010931 -0.0127829 -0.0143494 -0.0145801 -0.0129897 -0.0103497 -0.00771148 -0.00538777 -0.00336978 -0.00183192 -0.000906984 -0.000471891 -0.000190957 0.000326988 0.00119371 0.00208094 0.00257987 0.00251371 0.00187103 0.000672199 -0.00130389 -0.00429846 -0.00752465 -0.00943231 -0.00965296 -0.00936147 
-0.00664975 -0.00687217 -0.00722933 -0.00809782 -0.00948815 -0.0111562 -0.0127791 -0.0134244 -0.0122311 -0.00965397 -0.00682256 -0.00426397 -0.00206079 -0.000400893 0.000585225 0.00103805 0.00127564 0.00162666 0.00218738 0.00272984 0.0029635 0.00265097 0.00159071 -0.00011291 -0.0021855 -0.00450642 -0.00655966 -0.00742943 -0.00710091 -0.00663206 
-0.00853344 -0.00909775 -0.00934664 -0.00959244 -0.00995838 -0.0105019 -0.011251 -0.0114832 -0.0103026 -0.00798889 -0.00552996 -0.00333021 -0.00133983 0.000305666 0.00143119 0.00208096 0.00243454 0.0026866 0.00294373 0.00321032 0.00345778 0.00344347 0.00269011 0.0010498 -0.00120741 -0.00380511 -0.00615709 -0.00742145 -0.00766098 -0.00788642 
-0.0150075 -0.0157035 -0.0154427 -0.014582 -0.0134713 -0.0123916 -0.0115392 -0.0105072 -0.00874994 -0.00657537 -0.0046771 -0.00309082 -0.00149848 7.37702e-05 0.00140772 0.0023774 0.00293763 0.00313169 0.0031182 0.00314651 0.0033839 0.0035479 0.00299648 0.00139873 -0.00119603 -0.00465207 -0.00828038 -0.0109474 -0.0124588 -0.0137042 
-0.0231575 -0.0233913 -0.0222333 -0.0200579 -0.0174588 -0.0149167 -0.0126305 -0.01036 -0.0079235 -0.00575407 -0.00430435 -0.00326857 -0.00207975 -0.000635798 0.00082047 0.00199226 0.0026416 0.00273047 0.00248717 0.00227937 0.00225933 0.00202892 0.000985208 -0.00106186 -0.00415927 -0.00846707 -0.0133871 -0.0174851 -0.0201078 -0.0218812 
-0.0286536 -0.0278082 -0.0255999 -0.022254 -0.0185423 -0.0151755 -0.0123022 -0.00962518 -0.00706533 -0.0050981 -0.00405004 -0.00345039 -0.00260408 -0.00133843 5.20855e-05 0.00114529 0.00164694 0.00155803 0.00113567 0.000655056 4.90355e-05 -0.00120888 -0.00348558 -0.0065283 -0.010214 -0.0149278 -0.020321 -0.0248454 -0.0274293 -0.0284826 
-0.0294388 -0.0276765 -0.0249056 -0.0208597 -0.0163787 -0.0125306 -0.00963265 -0.0073565 -0.0054808 -0.00425564 -0.00381108 -0.00360936 -0.00297743 -0.00182573 -0.000601133 0.000187369 0.000341474 4.20511e-06 -0.00061049 -0.00148312 -0.00294451 -0.00553105 -0.00926747 -0.0134161 -0.0175599 -0.0221313 -0.0269915 -0.0306035 -0.0317116 -0.0308831 
-0.0266559 -0.0250594 -0.022683 -0.0184657 -0.0132678 -0.00872295 -0.00570449 -0.00409195 -0.00342856 -0.00344741 -0.00384879 -0.00399856 -0.00337868 -0.00215861 -0.00104747 -0.000633752 -0.000942323 -0.00164527 -0.0026004 -0.00404171 -0.0064074 -0.0100429 -0.0146815 -0.019388 -0.0235934 -0.0276171 -0.0313046 -0.0331172 -0.0319533 -0.0290672 
-0.0218945 -0.0215806 -0.0204394 -0.0166126 -0.0108812 -0.00543831 -0.00195541 -0.000797137 -0.00137929 -0.00280716 -0.00414802 -0.00460281 -0.00389417 -0.00252308 -0.00145858 -0.00136441 -0.00213371 -0.00329806 -0.00474386 -0.0067844 -0.00971686 -0.0135799 -0.0180463 -0.02241 -0.0261598 -0.0293626 -0.0316289 -0.0314458 -0.0281958 -0.024069 
-0.0160778 -0.0172135 -0.017516 -0.0146123 -0.00890481 -0.00276944 0.00136536 0.00242286 0.000863773 -0.00186622 -0.0041244 -0.00492133 -0.0042612 -0.00291267 -0.00194851 -0.00205107 -0.00309401 -0.00459598 -0.00642346 -0.00875349 -0.0115683 -0.0146763 -0.0179968 -0.0213265 -0.0242522 -0.0264858 -0.0274178 -0.0257758 -0.0215128 -0.0173316 
-0.0105041 -0.0119828 -0.0130362 -0.0112304 -0.0062444 -5.9228e-05 0.00447406 0.00554974 0.00332206 -0.000368537 -0.00329884 -0.00441672 -0.00403215 -0.00302077 -0.00231378 -0.00248663 -0.00347683 -0.0049434 -0.00675741 -0.00886218 -0.0109155 -0.0126759 -0.0144941 -0.0166751 -0.0188116 -0.0202667 -0.0204286 -0.0184996 -0.014692 -0.0112714 
-0.00606167 -0.00612115 -0.00668559 -0.00584446 -0.00242366 0.0026054 0.00661457 0.00738679 0.00478208 0.00083307 -0.00206009 -0.00313247 -0.0030406 -0.00257238 -0.00227545 -0.00246115 -0.0031275 -0.00417457 -0.00557353 -0.00710879 -0.0082436 -0.00881021 -0.00952407 -0.0109947 -0.0127202 -0.0138166 -0.013897 -0.0127136 -0.0102729 -0.00758484 
-0.00130304 0.00101232 0.00160819 0.00137737 0.00220914 0.00457557 0.00674069 0.00655453 0.00376201 0.000400093 -0.00147116 -0.00180376 -0.0016773 -0.0016793 -0.00183884 -0.00208359 -0.00239545 -0.00290856 -0.00378258 -0.00482284 -0.00546929 -0.00558128 -0.00591532 -0.00707487 -0.0084226 -0.00899627 -0.00881899 -0.0082328 -0.00689948 -0.00441115 
0.00659001 0.0103102 0.0111649 0.00910953 0.00656765 0.00538524 0.00485247 0.00317962 0.000258488 -0.00196264 -0.00214115 -0.00118246 -0.000601762 -0.000798417 -0.00134465 -0.00179398 -0.00201706 -0.00225742 -0.00286475 -0.00382227 -0.00463736 -0.00496147 -0.00514775 -0.0055655 -0.00558671 -0.00444516 -0.00271899 -0.0014185 -0.000154406 0.00244159 
0.0175792 0.0205934 0.0198076 0.0149799 0.00903272 0.00462357 0.00159794 -0.0014627 -0.00431033 -0.00516174 -0.00357743 -0.00132175 -0.000152314 -0.000332398 -0.00121517 -0.00212622 -0.00274047 -0.00319861 -0.00391308 -0.00507503 -0.00626883 -0.00674313 -0.00619725 -0.0047645 -0.00211113 0.00202534 0.00641877 0.00940574 0.0112291 0.0137368 
0.027237 0.0281053 0.0246508 0.0171954 0.0089891 0.00267741 -0.0019286 -0.00585829 -0.00833037 -0.00782425 -0.0048665 -0.00177502 -0.000224353 -0.000384313 -0.00165799 -0.00330716 -0.00474052 -0.00576096 -0.00660793 -0.00759654 -0.00849505 -0.00837651 -0.00647271 -0.00268953 0.00303185 0.010288 0.0170323 0.0210908 0.0228932 0.0247251 
0.0315078 0.0300589 0.0246667 0.0163574 0.00804219 0.00146356 -0.00391408 -0.00844671 -0.0105757 -0.0091011 -0.00546956 -0.00222029 -0.000687975 -0.000968321 -0.00264607 -0.00501821 -0.00723747 -0.00863814 -0.00907456 -0.00890381 -0.00836217 -0.00699142 -0.00400969 0.00115857 0.00881841 0.01799 0.0256849 0.0294545 0.0302798 0.030827 
0.0306364 0.0277143 0.0221691 0.0152081 0.00858916 0.00267115 -0.00325018 -0.00840809 -0.0103943 -0.00850636 -0.00500027 -0.00234268 -0.0013777 -0.00202892 -0.00396272 -0.00656072 -0.00888564 -0.00990202 -0.00908224 -0.0068712 -0.00423662 -0.0016696 0.00133101 0.00604027 0.0134556 0.0224349 0.0295705 0.0324932 0.0323779 0.0316667 
0.027142 0.0243182 0.020235 0.0157142 0.0111584 0.00576884 -0.000820366 -0.00643543 -0.00812218 -0.00601186 -0.00306471 -0.00151484 -0.00165508 -0.00299508 -0.005003 -0.00714741 -0.00864141 -0.00838161 -0.00575029 -0.00147939 0.00275617 0.00572852 0.00772454 0.0104196 0.015314 0.0217659 0.027176 0.0296535 0.0296871 0.0287321 
0.0221816 0.0208987 0.0189247 0.016582 0.0134822 0.008279 0.00124707 -0.0042442 -0.00516691 -0.00257154 6.20027e-05 0.000642423 -0.000719064 -0.00293486 -0.00498853 -0.00635874 -0.00657159 -0.00479874 -0.000709447 0.00456374 0.00903491 0.0114133 0.0119399 0.0120637 0.0132999 0.0160145 0.019313 0.0218791 0.0229513 0.022852 
0.0147479 0.0156112 0.0158325 0.0150409 0.0126963 0.0076903 0.00103966 -0.00336713 -0.00292522 0.000640309 0.00361438 0.00385608 0.00160232 -0.00149381 -0.00380391 -0.00469951 -0.00406349 -0.00155528 0.00276187 0.00761312 0.0112104 0.0125567 0.0117742 0.00980356 0.00809398 0.00798018 0.00984926 0.0124313 0.0138732 0.0141945 
0.00540097 0.00791073 0.0103782 0.0109341 0.00882469 0.00395602 -0.00158102 -0.00394707 -0.00145042 0.00357257 0.00732577 0.00762915 0.00476679 0.00078064 -0.00220616 -0.00339074 -0.00292666 -0.000899316 0.00251192 0.0063275 0.00907325 0.00974243 0.00821685 0.00535317 0.00287642 0.00246661 0.00438666 0.00655461 0.00651102 0.0051169 
-0.000782379 0.00198406 0.00628967 0.00792753 0.00536406 -1.87356e-05 -0.0045429 -0.00452621 0.000398949 0.0069802 0.0113582 0.0115871 0.00812961 0.00317163 -0.000958016 -0.00326222 -0.00392132 -0.00310823 -0.000730861 0.00264778 0.00544755 0.00619423 0.0048132 0.00279947 0.00219356 0.0040767 0.00750074 0.00921716 0.00646743 0.00135585 
0.00170385 0.00400402 0.00916598 0.0106467 0.00619442 -0.00102998 -0.00543996 -0.00346582 0.00360863 0.0112881 0.0157233 0.0154825 0.0112813 0.00524071 -0.000321278 -0.00417844 -0.0062494 -0.00642993 -0.00421867 -5.99181e-05 0.00391232 0.0057612 0.00591699 0.00657743 0.00938229 0.0142009 0.0191175 0.0203898 0.0152115 0.00656022 
0.0137616 0.0160112 0.0205348 0.0197562 0.0117867 0.00154402 -0.0038017 -0.000803267 0.00767368 0.0158928 0.0199906 0.0190029 0.0138652 0.00664733 -0.000314914 -0.00550699 -0.00843163 -0.00860203 -0.00533444 0.000628791 0.00656515 0.0104974 0.0134338 0.0174458 0.0228948 0.0287549 0.0335205 0.0342489 0.0284134 0.0190385 
0.0320191 0.0337023 0.0348024 0.0293226 0.0172818 0.00452579 -0.00169564 0.00161315 0.0107482 0.0193299 0.0232868 0.0216672 0.0155579 0.00723564 -0.000759733 -0.00662607 -0.00950372 -0.00870053 -0.00374961 0.00403417 0.0115568 0.0171489 0.0222115 0.0281276 0.0339613 0.0386399 0.0422553 0.0436724 0.0407417 0.0350203 
0.0513911 0.0504838 0.0442789 0.0314212 0.0156178 0.00278969 -0.00206357 0.00229347 0.0119519 0.020985 0.0252292 0.0232847 0.0163165 0.00712783 -0.0014057 -0.00739083 -0.00986701 -0.00819704 -0.00235255 0.00581546 0.0130283 0.017869 0.0220625 0.0269294 0.0313114 0.0345563 0.0382829 0.0433919 0.0480035 0.0504241 
0.0678029 0.0624466 0.0461592 0.0241105 0.00497218 -0.00529438 -0.00554049 0.00189309 0.0125887 0.0219877 0.0264905 0.0242187 0.0163422 0.00636769 -0.00246478 -0.00848732 -0.0110383 -0.00977304 -0.00498638 0.00141731 0.00627707 0.00808204 0.00863314 0.0101399 0.0125986 0.0158669 0.0221781 0.0339303 0.0492898 0.0623943 
0.0804219 0.0687335 0.0421339 0.0121799 -0.00857088 -0.0147082 -0.00903589 0.00216094 0.0137156 0.0228381 0.027086 0.0242527 0.0153373 0.00449371 -0.00464217 -0.010793 -0.0139708 -0.0143909 -0.0124155 -0.00918882 -0.00706297 -0.00785454 -0.0104819 -0.0119795 -0.010469 -0.0052117 0.00595504 0.0256549 0.0512859 0.0730965 
0.0874156 0.0671286 0.0326405 0.000100432 -0.0178815 -0.0189187 -0.00911658 0.00335968 0.0139279 0.0217866 0.0254389 0.0221174 0.0124161 0.000967047 -0.00821452 -0.0142351 -0.0179253 -0.0202014 -0.0213044 -0.0210175 -0.0201649 -0.0206789 -0.0229876 -0.0245504 -0.0220041 -0.0133107 0.00339962 0.0294689 0.0604831 0.0841039 
0.0818636 0.0535114 0.0163736 -0.0118263 -0.0223037 -0.0178793 -0.00697719 0.00325058 0.0108887 0.0171582 0.0205857 0.0173709 0.00769367 -0.0034922 -0.0120252 -0.0173698 -0.0209453 -0.0241132 -0.0269056 -0.0279096 -0.0264401 -0.0241608 -0.0229208 -0.0215835 -0.0166308 -0.0052045 0.0141676 0.0411144 0.0697244 0.0872795 
0.0607385 0.0296897 -0.00351805 -0.0231446 -0.0253683 -0.0171861 -0.00753773 -0.000948229 0.00386792 0.00947618 0.0136556 0.0115762 0.003183 -0.00658783 -0.0138111 -0.0181535 -0.0210852 -0.0239459 -0.0266509 -0.0273922 -0.0247278 -0.0197817 -0.0148713 -0.0101937 -0.00335714 0.00807633 0.0250215 0.0462724 0.0661632 0.073943 
0.0336532 0.00700634 -0.017531 -0.0288055 -0.0268626 -0.019461 -0.0132298 -0.00960218 -0.00563347 0.000984653 0.00705463 0.00727564 0.00138988 -0.00619713 -0.0119802 -0.0154688 -0.0177188 -0.0198254 -0.0218103 -0.0221529 -0.0193311 -0.0139138 -0.00793398 -0.00229437 0.00418212 0.0131878 0.025137 0.0385413 0.0490146 0.049124 
0.017291 -0.000402745 -0.0157717 -0.0222597 -0.0221823 -0.0212388 -0.0211334 -0.0199403 -0.015009 -0.00599005 0.00279602 0.00590931 0.00281977 -0.00265486 -0.00722494 -0.0100991 -0.0119618 -0.0137352 -0.0155775 -0.0162889 -0.0144109 -0.010289 -0.00603408 -0.00309561 -0.00035476 0.00477388 0.0130837 0.0224372 0.0290059 0.028209 
0.0255604 0.0169862 0.00630888 -0.00151084 -0.00889054 -0.0183565 -0.0262716 -0.0278533 -0.0216856 -0.0099705 0.00150334 0.00683346 0.00542076 0.00123543 -0.00230345 -0.00450705 -0.00620844 -0.00828371 -0.0107876 -0.0124323 -0.0115784 -0.00872179 -0.00698769 -0.00880814 -0.0121061 -0.0114695 -0.00420568 0.00721774 0.0186321 0.0260413 
0.0665451 0.062967 0.0480863 0.0303396 0.0106123 -0.0103439 -0.0257847 -0.0300501 -0.0231987 -0.00952962 0.00353024 0.00932998 0.00769631 0.00354968 0.000594968 -0.00103538 -0.00272296 -0.00537143 -0.00878678 -0.0113077 -0.0108334 -0.00802562 -0.00732485 -0.0123083 -0.0199983 -0.0222168 -0.0135812 0.00488454 0.0292624 0.0532157 
0.145312 0.139812 0.108528 0.0701477 0.0332522 0.00121365 -0.0196681 -0.0254399 -0.0180687 -0.00359941 0.00925581 0.0136586 0.0103132 0.00507014 0.0017524 -1.79588e-05 -0.00196386 -0.00492192 -0.00855712 -0.0110194 -0.00988492 -0.00591247 -0.00433908 -0.00918717 -0.0168837 -0.0180248 -0.00503916 0.0245131 0.0687299 0.116447 
0.256186 0.242242 0.182878 0.114284 0.0566607 0.014376 -0.0100442 -0.0160677 -0.00801264 0.0061838 0.0170726 0.0186909 0.0129641 0.00615837 0.00182659 -0.000725851 -0.00310058 -0.00576819 -0.00834376 -0.00926987 -0.00638499 -0.000685437 0.00242469 -0.000633526 -0.00554517 -0.00250173 0.0177154 0.0620447 0.131986 0.209954 
0.358944 0.334149 0.245707 0.148232 0.0732956 0.0243723 -0.00135666 -0.00674989 0.00205917 0.015369 0.0233035 0.0214742 0.0133572 0.00534776 0.000371782 -0.00265453 -0.00509474 -0.00688503 -0.00755414 -0.0061185 -0.0010713 0.00633906 0.0108953 0.00960071 0.00752322 0.0151329 0.0429582 0.101154 0.194028 0.298601 
