0.252374 0.222101 0.176473 0.139901 0.114542 0.0888077 0.0548096 0.0160917 -0.0151879 -0.0277464 -0.0212374 -0.00707486 0.00210894 0.0024379 -0.00205401 -0.00628329 -0.00763708 -0.00565263 -0.00184689 0.000910703 0.00158899 0.00293043 0.0075798 0.0140258 0.020878 0.0341237 0.0651607 0.119801 0.18756 0.240736 
0.230682 0.204891 0.163465 0.128958 0.106024 0.0850426 0.0568628 0.0227054 -0.00644256 -0.0190493 -0.0133885 0.000523064 0.00995115 0.00987372 0.00390261 -0.00229296 -0.0055409 -0.00526517 -0.00289023 -0.000990053 -0.000375404 0.00172708 0.00789934 0.0160978 0.0235999 0.0351586 0.0620435 0.110503 0.171024 0.218934 
0.189605 0.173231 0.142982 0.115969 0.0976584 0.0813374 0.0586009 0.0293557 0.00291771 -0.00990947 -0.00633986 0.00573835 0.0146026 0.0143816 0.00755115 -0.000400126 -0.00592639 -0.00812901 -0.0079884 -0.00738374 -0.0068195 -0.00406019 0.00278536 0.0114882 0.019008 0.028937 0.0509512 0.0902359 0.138708 0.177504 
0.150403 0.143198 0.12432 0.104487 0.0890257 0.0748437 0.0560056 0.0318132 0.00910006 -0.00315546 -0.00153923 0.0084948 0.0168869 0.0172138 0.0104545 0.00141465 -0.00611256 -0.0106999 -0.0125956 -0.0127811 -0.0115326 -0.00761036 -0.000226478 0.00847622 0.0158715 0.0245847 0.0421609 0.0724011 0.10884 0.138381 
0.12177 0.119656 0.10818 0.0924675 0.0772819 0.0631086 0.0469445 0.0276505 0.00932988 -0.00117182 -0.000142099 0.0090813 0.018085 0.0201072 0.0146552 0.00564782 -0.00298495 -0.009199 -0.0124032 -0.0127033 -0.0102863 -0.00512216 0.00233815 0.010285 0.0171325 0.0250697 0.0396878 0.0633488 0.090466 0.111828 
0.0996946 0.0981745 0.0898779 0.0759958 0.0606421 0.0467091 0.0329966 0.0178846 0.00374057 -0.00400947 -0.00181377 0.00809076 0.0185408 0.0228724 0.0195779 0.0116332 0.00283897 -0.00424596 -0.00822835 -0.00847345 -0.00518595 0.000499677 0.00700176 0.0130451 0.0185843 0.026066 0.0395136 0.0595147 0.0801323 0.0941564 
0.0770767 0.0735778 0.0662162 0.054223 0.041022 0.0298234 0.0192689 0.00740401 -0.00342326 -0.00816737 -0.00405772 0.006631 0.0177708 0.0235718 0.0222083 0.0156476 0.00712207 -0.000546171 -0.00524854 -0.00573972 -0.00227592 0.00309996 0.0079812 0.0116706 0.0156587 0.0229077 0.0361241 0.0539653 0.0696045 0.076979 
0.0540244 0.0480945 0.0412991 0.032616 0.0244912 0.0184784 0.0117105 0.00225448 -0.0064152 -0.00905798 -0.00400961 0.00592864 0.0157745 0.0212485 0.0206917 0.0150271 0.00661717 -0.00166644 -0.00710611 -0.00795247 -0.00447711 0.000741447 0.00482156 0.0073669 0.0106729 0.0178007 0.0303594 0.0457209 0.0568274 0.0586811 
0.0377189 0.0296383 0.0236377 0.019218 0.0171685 0.0164901 0.0129869 0.00516691 -0.00249484 -0.00468222 -0.000568802 0.00683793 0.0138277 0.0176414 0.0168309 0.0113971 0.00291535 -0.00575154 -0.0114244 -0.0119759 -0.00763863 -0.00119055 0.0042067 0.00788879 0.0119023 0.0188618 0.0297236 0.0416818 0.0484421 0.046012 
0.0314642 0.0216946 0.017032 0.0170634 0.0200315 0.0226461 0.0207102 0.0136103 0.00603628 0.00297721 0.00496531 0.00929094 0.0133397 0.0154092 0.0141364 0.00889266 0.00074354 -0.00749523 -0.0123857 -0.0115577 -0.00517397 0.0039652 0.0124061 0.0186649 0.0238737 0.0301799 0.0384862 0.0464678 0.0489515 0.0428076 
0.029046 0.0194744 0.0176094 0.0220292 0.0281516 0.0314115 0.0289135 0.0212913 0.0131049 0.00892629 0.00923329 0.0115275 0.0137582 0.0148817 0.0137376 0.00942243 0.00260257 -0.004164 -0.00742932 -0.00467466 0.00401763 0.0158321 0.0269281 0.0348314 0.0398628 0.0442411 0.0492421 0.0529541 0.0512289 0.0420229 
0.0217584 0.0158075 0.0184277 0.0264916 0.0336584 0.0354787 0.0308395 0.0216501 0.0125986 0.00807835 0.00828613 0.010303 0.0120765 0.0131518 0.0129124 0.0104325 0.00585613 0.00116087 -0.000415083 0.00377161 0.0137397 0.0265769 0.038018 0.0448924 0.0473485 0.0482607 0.0493218 0.0487158 0.043418 0.0330728 
0.00739928 0.00734117 0.0145258 0.0243703 0.0306675 0.0303049 0.0236094 0.0132124 0.00393564 1.14431e-05 0.00111968 0.0037055 0.00564404 0.0071281 0.00820236 0.00792404 0.00575787 0.00291921 0.00235351 0.00688249 0.0167135 0.0288163 0.0385705 0.0425637 0.0413092 0.0384048 0.0356495 0.0311942 0.0234431 0.0141224 
-0.00913356 -0.00427837 0.005704 0.0154898 0.0202722 0.0186799 0.0117698 0.00201231 -0.00630642 -0.00954709 -0.00833156 -0.0060533 -0.00436135 -0.0025156 -0.0001711 0.00148519 0.00121276 -0.000464487 -0.000839207 0.00315915 0.0120676 0.022868 0.0307661 0.0324402 0.0288215 0.023677 0.0183684 0.010985 0.00140762 -0.00669092 
-0.0216891 -0.0146405 -0.00355178 0.00579988 0.00983243 0.00847493 0.00307572 -0.00451584 -0.0112561 -0.0146031 -0.0149944 -0.0145054 -0.0136915 -0.011583 -0.00811069 -0.00493864 -0.00387553 -0.00485776 -0.00534504 -0.00208836 0.00578608 0.015453 0.0222598 0.0232624 0.0196411 0.0146368 0.00862214 -0.000591923 -0.0120989 -0.0206983 
-0.0266752 -0.019176 -0.00747679 0.00195002 0.00578185 0.00465734 0.000415766 -0.00536471 -0.0109617 -0.0151071 -0.0178022 -0.0193509 -0.0191698 -0.0164652 -0.0118092 -0.00733975 -0.00514623 -0.00535615 -0.00561385 -0.00279014 0.00406558 0.0124002 0.0180813 0.01888 0.0162219 0.0126273 0.00740852 -0.00217062 -0.0150223 -0.0250965 
-0.0234 -0.0158149 -0.00381476 0.00540684 0.00816577 0.00554276 0.000345788 -0.00538794 -0.0107271 -0.0154489 -0.0193138 -0.0214477 -0.0207366 -0.0168587 -0.0109819 -0.00542839 -0.00219685 -0.00138879 -0.000941154 0.00178007 0.00746092 0.0138026 0.0174248 0.0169916 0.0143189 0.0116836 0.00804771 0.000210244 -0.0115433 -0.0215339 
-0.0140011 -0.00651902 0.00478269 0.012536 0.012725 0.00677422 -0.00136355 -0.00866702 -0.0142538 -0.0185201 -0.0214987 -0.022296 -0.0200539 -0.0149339 -0.00831745 -0.00229336 0.00154373 0.0032159 0.00436918 0.00693189 0.011198 0.0151323 0.0160934 0.0135033 0.00962553 0.00712222 0.00553493 0.00157847 -0.00596293 -0.013144 
-0.00161786 0.00514742 0.0144994 0.0195777 0.0163438 0.00645511 -0.00521267 -0.0145795 -0.0203341 -0.0231805 -0.0238982 -0.0224788 -0.0187551 -0.0131356 -0.00677529 -0.00121519 0.00247948 0.00442203 0.00577101 0.00777535 0.0104769 0.0122249 0.0110317 0.00681679 0.0021515 0.000201441 0.00133374 0.00240703 0.000652987 -0.00229089 
0.0118955 0.0170276 0.0234157 0.0251382 0.0184718 0.00524894 -0.00913598 -0.0199399 -0.0255165 -0.0268008 -0.0253649 -0.022207 -0.0178016 -0.0125809 -0.00726683 -0.00278374 0.000264823 0.00198001 0.00303025 0.00412799 0.00528812 0.00544482 0.00332094 -0.000803701 -0.00435237 -0.00415578 0.000430882 0.00632969 0.00972211 0.0103765 
0.025264 0.0278678 0.0305126 0.0285071 0.0188207 0.00348182 -0.0120563 -0.0230766 -0.028092 -0.0282922 -0.0256555 -0.0217034 -0.0172634 -0.0127434 -0.00850692 -0.00498759 -0.00247648 -0.000973234 -0.000258935 -4.28607e-05 -0.000223382 -0.0011365 -0.00317188 -0.0056684 -0.00638606 -0.00284192 0.00520193 0.0146545 0.0213552 0.0240184 
0.0362692 0.035878 0.0343405 0.028547 0.0165401 0.000504349 -0.0145472 -0.024574 -0.0286552 -0.0281774 -0.0250807 -0.0209032 -0.0165751 -0.0125186 -0.00889798 -0.00581909 -0.00338444 -0.00172685 -0.0010139 -0.00132552 -0.00251883 -0.00424347 -0.00592331 -0.00645577 -0.00412777 0.00246409 0.0128636 0.0241275 0.0323953 0.0359072 
0.0418732 0.0388343 0.0335725 0.0247743 0.0117178 -0.00344917 -0.0166331 -0.0248677 -0.0278378 -0.0268901 -0.0236461 -0.0194536 -0.0152406 -0.0114473 -0.00811882 -0.00514225 -0.00250906 -0.000478598 0.000472319 -6.20728e-05 -0.00198967 -0.00447236 -0.00612308 -0.0054308 -0.00117255 0.00704188 0.0181772 0.0296696 0.038346 0.0422619 
0.0401394 0.0359191 0.0288158 0.01897 0.00669128 -0.00609069 -0.0164699 -0.0226953 -0.0248478 -0.023864 -0.020845 -0.0169379 -0.0130869 -0.00973991 -0.006839 -0.00411106 -0.00147884 0.000699284 0.00172159 0.000937562 -0.0016312 -0.00486238 -0.00686884 -0.00590719 -0.00112577 0.00716582 0.0176133 0.0281414 0.0364077 0.040571 
0.0327221 0.0295368 0.023306 0.0147673 0.00483842 -0.00473616 -0.0121289 -0.0167067 -0.0187254 -0.0184251 -0.0162251 -0.0130819 -0.0100208 -0.00753084 -0.00546934 -0.00343144 -0.00127563 0.000586153 0.00130751 8.86326e-05 -0.00308337 -0.00695631 -0.00946434 -0.00885419 -0.00455007 0.00274761 0.0115875 0.0203932 0.0276942 0.0321157 
0.0241296 0.0235406 0.0200574 0.014207 0.00711529 0.000500524 -0.00449289 -0.00802125 -0.0103902 -0.011172 -0.0101376 -0.00805144 -0.00603349 -0.00464249 -0.00367784 -0.00262289 -0.00126237 -1.55101e-05 0.000198532 -0.00148717 -0.00510206 -0.00940418 -0.0123859 -0.012403 -0.00903377 -0.00313257 0.00386963 0.0108137 0.0170108 0.0217559 
0.0173603 0.0191804 0.0184861 0.0152238 0.0104524 0.00594639 0.00258247 -0.000163608 -0.00262752 -0.00406557 -0.00388999 -0.00268874 -0.00157628 -0.00113122 -0.00112106 -0.000968237 -0.000403071 0.000183056 -0.000116929 -0.00214495 -0.00593874 -0.0103807 -0.0136529 -0.0142273 -0.0117044 -0.00695641 -0.00141022 0.00398005 0.00903825 0.0136914 
0.01135 0.0142405 0.0152659 0.013752 0.0105278 0.00741348 0.0053006 0.00362012 0.00194419 0.000885316 0.00100807 0.00186545 0.00251038 0.0024461 0.00190262 0.00142866 0.00130061 0.00119384 0.000330642 -0.00197733 -0.00573132 -0.00999735 -0.013222 -0.0140012 -0.0119176 -0.00785788 -0.00334963 0.000637342 0.00418184 0.00775315 
0.00359833 0.00650176 0.00838627 0.00801869 0.00590514 0.00388292 0.00302015 0.00287657 0.0028643 0.00316471 0.00404335 0.00513667 0.00576462 0.00558687 0.0048034 0.00386012 0.00300273 0.00201981 0.000383697 -0.00231371 -0.00597782 -0.0098803 -0.0127928 -0.0134924 -0.0115984 -0.0080744 -0.00460065 -0.00220574 -0.000623851 0.00109689 
-0.0058844 -0.0032054 -0.000728172 -0.000106987 -0.0011781 -0.00214595 -0.00173094 -0.000174514 0.00178818 0.00385303 0.0058937 0.0075524 0.00839312 0.00824192 0.00727321 0.00582103 0.00409896 0.00204576 -0.00054728 -0.00375843 -0.00739064 -0.0109304 -0.0134903 -0.0140779 -0.012429 -0.00962425 -0.00742344 -0.00677138 -0.00715013 -0.00722417 
-0.014736 -0.0121587 -0.00920718 -0.00770262 -0.0077275 -0.00763196 -0.0060463 -0.00303222 0.000622582 0.00426401 0.00742581 0.00968903 0.0107674 0.0106162 0.00940486 0.0073939 0.0047964 0.00172315 -0.00172367 -0.00535879 -0.00896087 -0.0122241 -0.014522 -0.0150617 -0.0137559 -0.0118388 -0.0110521 -0.0120799 -0.0140545 -0.0153664 
-0.0215618 -0.0189855 -0.0157297 -0.0135246 -0.0125458 -0.0113791 -0.00875278 -0.00463505 0.00023023 0.00502613 0.00905744 0.01182 0.0130988 0.0129331 0.0114922 0.00900106 0.00571577 0.00192864 -0.00201582 -0.00581521 -0.00934583 -0.0124779 -0.0146903 -0.0152828 -0.0143627 -0.0133679 -0.0140016 -0.0165938 -0.0198382 -0.0218972 
-0.0272518 -0.0245473 -0.0209692 -0.0180583 -0.0160314 -0.0137525 -0.0101519 -0.00517565 0.000521644 0.0060955 0.0107331 0.0138694 0.0153283 0.015191 0.0136049 0.0107719 0.00702269 0.00282575 -0.0013195 -0.00513036 -0.00865855 -0.0118981 -0.01431 -0.015198 -0.0148279 -0.0148204 -0.0168297 -0.0208332 -0.0250855 -0.0275648 
-0.0328692 -0.0298418 -0.0256858 -0.0218275 -0.0186346 -0.0152717 -0.0108438 -0.00526347 0.00091924 0.00690534 0.0118744 0.0152672 0.0169293 0.0169184 0.0153046 0.0122524 0.00817491 0.00369739 -0.000591087 -0.00448173 -0.00818108 -0.0117501 -0.014627 -0.0161374 -0.0166285 -0.0177329 -0.0209551 -0.0259852 -0.0308073 -0.0333697 
-0.0377312 -0.0342944 -0.0293826 -0.0244489 -0.0201673 -0.0159995 -0.0111259 -0.00536993 0.000819546 0.00673549 0.0116821 0.0152062 0.0171462 0.0174308 0.0159723 0.0128661 0.00858745 0.00388102 -0.000604562 -0.00469681 -0.00865513 -0.0125634 -0.0159346 -0.0182278 -0.01979 -0.0220093 -0.0260658 -0.0314629 -0.0362215 -0.0385176 
-0.0401292 -0.0364011 -0.0309214 -0.0252788 -0.0204579 -0.0160852 -0.0113024 -0.00585722 -0.000163331 0.00520075 0.00980448 0.0133844 0.0157179 0.0165009 0.0154329 0.0125213 0.00825988 0.00344465 -0.00123421 -0.00555062 -0.00968082 -0.0136984 -0.0173087 -0.0202303 -0.0227684 -0.0258684 -0.0302389 -0.0352926 -0.0393925 -0.0411721 
-0.0389159 -0.0350998 -0.0296714 -0.0243601 -0.0201684 -0.0165334 -0.012427 -0.00762523 -0.00263421 0.00209262 0.00642981 0.0102601 0.0132016 0.0146719 0.0141909 0.0117154 0.00772055 0.00296399 -0.00185862 -0.00638365 -0.0105745 -0.0144506 -0.0179718 -0.0211869 -0.0243584 -0.0279249 -0.0320816 -0.0362246 -0.0392233 -0.0402572 
-0.0340955 -0.0304802 -0.0261238 -0.0227195 -0.0207658 -0.0190559 -0.0162575 -0.0122494 -0.0077078 -0.00303473 0.00177441 0.00650632 0.0104746 0.0128453 0.0130781 0.0111705 0.00758132 0.00296922 -0.00200143 -0.00678477 -0.0110458 -0.0147049 -0.0179792 -0.0212478 -0.024719 -0.0283317 -0.0318049 -0.0345684 -0.0360316 -0.035938 
-0.0266348 -0.0238081 -0.021766 -0.0217869 -0.0234108 -0.0245593 -0.0235747 -0.0204075 -0.0158322 -0.0102839 -0.00393995 0.0025555 0.00807118 0.0115829 0.0126147 0.0112854 0.00806804 0.00354275 -0.00163041 -0.00669865 -0.0110263 -0.0144618 -0.0174983 -0.0208096 -0.0244811 -0.0279168 -0.030366 -0.0313049 -0.0307178 -0.0290534 
-0.0179152 -0.0167463 -0.0180112 -0.0221475 -0.0276168 -0.0316626 -0.0324999 -0.0301156 -0.0252203 -0.0182766 -0.00983842 -0.00116831 0.00611531 0.0108541 0.0126855 0.0118568 0.00887698 0.00433197 -0.00102019 -0.00619562 -0.0103503 -0.013405 -0.0162017 -0.0196412 -0.023556 -0.0267447 -0.027981 -0.0268028 -0.0238554 -0.0205254 
-0.00915908 -0.0103889 -0.0151941 -0.0229659 -0.0313076 -0.0372407 -0.0392148 -0.0373631 -0.0322525 -0.0242558 -0.0142076 -0.00387447 0.00475693 0.0104457 0.0129072 0.0124504 0.00960182 0.0050185 -0.000353532 -0.00529777 -0.008893 -0.0112934 -0.0137133 -0.0171369 -0.0210218 -0.0236416 -0.0235046 -0.0203391 -0.0154488 -0.0111216 
-0.00133603 -0.00510349 -0.0126567 -0.0225602 -0.0320139 -0.0382744 -0.0403532 -0.0387304 -0.0338588 -0.0258391 -0.0154702 -0.00469823 0.00434379 0.0103908 0.0131655 0.0129386 0.0101934 0.0056439 0.000420722 -0.00407055 -0.00690102 -0.00844323 -0.010119 -0.0128189 -0.0157001 -0.0169334 -0.0152895 -0.0109192 -0.00551209 -0.0016693 
0.00459076 -0.00102404 -0.00950903 -0.0192896 -0.0278841 -0.0331925 -0.0348627 -0.0336714 -0.029855 -0.0230312 -0.0136733 -0.00364875 0.00491898 0.0107695 0.0135672 0.0134598 0.0108237 0.00637011 0.00133601 -0.00275702 -0.00492777 -0.00550107 -0.00576527 -0.00647325 -0.00691515 -0.00585195 -0.00289224 0.00127091 0.00508775 0.0066102 
0.00800628 0.00184657 -0.0052855 -0.0125586 -0.0187158 -0.0227294 -0.0246682 -0.0250444 -0.0234083 -0.018691 -0.0110091 -0.00216982 0.00567597 0.0112149 0.0139905 0.0139863 0.0114554 0.00708313 0.00215304 -0.00174662 -0.00347375 -0.00296336 -0.00106273 0.00145304 0.00453405 0.00821509 0.0118017 0.014213 0.0145962 0.0124809 
0.00954719 0.00417365 -4.54233e-05 -0.00349737 -0.00672667 -0.0101108 -0.0138552 -0.0174152 -0.0189842 -0.0166803 -0.0104913 -0.00240641 0.00522019 0.0108842 0.0139266 0.0141538 0.0117319 0.00736856 0.00242137 -0.00143261 -0.00281562 -0.00113916 0.00323153 0.00927394 0.015809 0.0215178 0.0248362 0.0246775 0.0212167 0.0156548 
0.0110424 0.0072783 0.00592315 0.00570555 0.00453787 0.000686967 -0.0060617 -0.0137384 -0.0188666 -0.0187763 -0.0135432 -0.00550291 0.00266922 0.00913395 0.0129066 0.0135835 0.0113008 0.00687604 0.00181371 -0.00207356 -0.00319597 -0.000601822 0.00560261 0.0140634 0.0226581 0.0291658 0.0317341 0.0296603 0.0240267 0.017087 
0.0145219 0.0123608 0.0123873 0.0133678 0.0126598 0.00769948 -0.0018105 -0.0129375 -0.0210196 -0.0228199 -0.0184143 -0.0102676 -0.00125947 0.00636324 0.0111316 0.0123534 0.0101793 0.00560808 0.000306836 -0.00381085 -0.00507488 -0.00245464 0.00398419 0.0127652 0.0214822 0.0278204 0.0302652 0.0285724 0.0240242 0.0187435 
0.0216178 0.0201059 0.0193776 0.0191899 0.0175106 0.0116965 0.00115553 -0.0113087 -0.0209976 -0.0244881 -0.0214571 -0.0139083 -0.00458951 0.00387421 0.00941576 0.0109746 0.00871687 0.0038228 -0.00193246 -0.00663586 -0.00872659 -0.0073524 -0.00256034 0.00456505 0.0121928 0.0186237 0.0228999 0.0247714 0.0246294 0.0233222 
0.0327714 0.0305133 0.0272034 0.024062 0.0205142 0.0145005 0.00491257 -0.00665981 -0.0166231 -0.0217296 -0.020821 -0.0148464 -0.00610561 0.00249019 0.00830369 0.0098946 0.00736648 0.00197975 -0.00442253 -0.0099362 -0.0132379 -0.0138829 -0.0118648 -0.00729988 -0.000665453 0.00727333 0.0157287 0.0236087 0.0295397 0.0326323 
0.0461504 0.0424013 0.0358924 0.0290849 0.0232169 0.017239 0.00940478 -0.000434656 -0.0102383 -0.0170189 -0.0185686 -0.0145766 -0.00683283 0.00154027 0.00748847 0.00924033 0.00667927 0.000965669 -0.00597225 -0.0120799 -0.0162344 -0.0185836 -0.0191907 -0.0169344 -0.010504 0.000207863 0.0138857 0.0279286 0.039128 0.0453249 
0.0579199 0.0530643 0.0440176 0.0339204 0.0258228 0.0197637 0.0132197 0.00436541 -0.00590217 -0.0145429 -0.0183501 -0.0159978 -0.00893263 -0.000435352 0.00619462 0.008891 0.00713811 0.00181273 -0.00505985 -0.0111059 -0.0152549 -0.0182751 -0.0204956 -0.0197247 -0.0129732 0.000402493 0.018054 0.03588 0.049675 0.057055 
0.0636954 0.058701 0.0485621 0.0366713 0.0275529 0.0218973 0.0160917 0.006994 -0.00473256 -0.0154421 -0.0211537 -0.0199971 -0.0132294 -0.00414054 0.00388327 0.00846913 0.00856178 0.00462596 -0.00129624 -0.00655567 -0.0100312 -0.0128639 -0.0155863 -0.0153349 -0.00814712 0.00653323 0.0252094 0.0430202 0.0561142 0.0629161 
0.0606956 0.0567364 0.0477319 0.0368359 0.0291332 0.0251529 0.0200162 0.00985423 -0.00398842 -0.0168489 -0.0243313 -0.0244915 -0.0183808 -0.00896173 0.000512244 0.00735074 0.00986385 0.0080099 0.00365367 -0.000559588 -0.00343477 -0.0059334 -0.00830478 -0.00740911 0.000537557 0.0150942 0.0317241 0.0458703 0.0553284 0.0600564 
0.0509504 0.049356 0.0440471 0.0370874 0.0328434 0.0311423 0.0263559 0.0147357 -0.00121706 -0.0159261 -0.0250709 -0.0270125 -0.0224943 -0.0137471 -0.00358831 0.00505062 0.00981061 0.010047 0.00720585 0.00362038 0.00061769 -0.00192157 -0.00334239 -0.000576631 0.00881559 0.022583 0.0354203 0.0439777 0.0483743 0.0503121 
0.0418112 0.0431492 0.0424288 0.0400558 0.0388777 0.0381736 0.0326421 0.0194389 0.0020724 -0.0135762 -0.0237668 -0.0274163 -0.0249537 -0.0176867 -0.00776439 0.00182973 0.00816952 0.00995965 0.00805538 0.0043544 0.000448746 -0.00253865 -0.00277318 0.0024502 0.0136171 0.0265498 0.0357831 0.0396912 0.0404004 0.0406137 
0.0400502 0.0429511 0.0446878 0.044581 0.0440635 0.0422081 0.0347564 0.0200949 0.00229972 -0.0130683 -0.0231361 -0.0274614 -0.02633 -0.0203447 -0.0110205 -0.00116272 0.00601564 0.00865122 0.00697763 0.00254107 -0.0026665 -0.00631222 -0.00557806 0.00170866 0.0142077 0.0264679 0.0337237 0.0362095 0.0369356 0.0379228 
0.0451553 0.0468023 0.0475496 0.0469792 0.0455235 0.0417613 0.032227 0.0164343 -0.00118415 -0.0155599 -0.0245731 -0.028288 -0.0271088 -0.021471 -0.0125587 -0.00282966 0.00457929 0.00743755 0.00544479 -2.35011e-05 -0.00647612 -0.0106406 -0.00915115 -0.000459198 0.0127603 0.024633 0.0316956 0.0357777 0.0395715 0.0429015 
0.0505226 0.0484677 0.0465334 0.045364 0.0441996 0.0400966 0.0295655 0.0130738 -0.00448765 -0.0183053 -0.0265313 -0.0293306 -0.0273608 -0.0214356 -0.0128002 -0.00351423 0.00366618 0.00639633 0.00399871 -0.00217708 -0.00914679 -0.0130582 -0.0104922 -0.00059307 0.0131895 0.025173 0.033086 0.0395297 0.0461317 0.0503874 
0.0518105 0.0450495 0.0414435 0.0422022 0.04433 0.0422805 0.0320514 0.0151245 -0.00300036 -0.0175566 -0.0264804 -0.029479 -0.0272874 -0.0213499 -0.0132868 -0.00482004 0.00187673 0.0046165 0.00250821 -0.00315191 -0.00917542 -0.0116818 -0.00767012 0.00323282 0.0176904 0.030683 0.0402637 0.0483355 0.0550257 0.0566147 
0.0519714 0.0407196 0.0373721 0.0424807 0.0496865 0.0505384 0.0407899 0.0232266 0.00399537 -0.0123424 -0.0235129 -0.0283828 -0.0272753 -0.0221021 -0.0150225 -0.00756271 -0.00120969 0.0022237 0.0016788 -0.00187607 -0.00561994 -0.00632265 -0.00165707 0.0090434 0.0239796 0.039315 0.0522006 0.0620847 0.0671032 0.063437 
0.0558385 0.0410364 0.0387177 0.0480775 0.0592689 0.0616294 0.0513088 0.0326195 0.0123347 -0.00559535 -0.0192881 -0.026846 -0.0276398 -0.0235805 -0.0173674 -0.010526 -0.00390652 0.00108833 0.00308371 0.00231 0.000702755 0.000458751 0.0033933 0.0115076 0.0259386 0.0445523 0.0627849 0.0764449 0.0811581 0.0731513 
0.0620724 0.0450096 0.0430937 0.0546015 0.0671483 0.0688789 0.0567408 0.036571 0.015866 -0.00221612 -0.0169442 -0.0262762 -0.0284875 -0.0249968 -0.0188638 -0.0118096 -0.00429376 0.00254227 0.0068214 0.00777591 0.00634229 0.0038985 0.00223037 0.00521029 0.0173392 0.0385427 0.0628748 0.0826327 0.0906104 0.0821859 
0.0653825 0.0473388 0.0451305 0.0571134 0.0693069 0.0691292 0.0543549 0.0323163 0.0115941 -0.00502152 -0.0183389 -0.027228 -0.029456 -0.0256853 -0.0189493 -0.0112395 -0.00295812 0.00486039 0.00990101 0.0105199 0.00693502 0.000249284 -0.00742067 -0.0107769 -0.00278459 0.0187138 0.0478812 0.0748376 0.0894606 0.0849116 
0.0678081 0.0499243 0.0472233 0.0590519 0.0702793 0.0674916 0.0491571 0.0241052 0.00248775 -0.0122815 -0.0223086 -0.0285688 -0.0296048 -0.0254222 -0.0184573 -0.0107508 -0.00281723 0.00443506 0.00862989 0.00766477 0.00137547 -0.00908944 -0.0214159 -0.0300394 -0.0268237 -0.00732237 0.0245357 0.058442 0.0816512 0.08408 
0.0833118 0.0660181 0.0611976 0.0705421 0.0787622 0.0716846 0.0481618 0.0181742 -0.0063686 -0.0203458 -0.0264338 -0.0286443 -0.0278843 -0.0239874 -0.0181765 -0.0119378 -0.00571747 -0.000124772 0.00279998 0.000851226 -0.0063783 -0.0177057 -0.0310404 -0.0417364 -0.0418887 -0.0249803 0.00815782 0.0484612 0.081599 0.0938333 
0.124713 0.106471 0.0945007 0.0953426 0.0959076 0.0818633 0.0517203 0.0156215 -0.0131947 -0.0273789 -0.029432 -0.0267115 -0.0237113 -0.0207735 -0.0174625 -0.0139182 -0.0100847 -0.00613305 -0.00366834 -0.00494945 -0.0106274 -0.0194322 -0.0296235 -0.0382174 -0.0387273 -0.0233307 0.0107105 0.0572886 0.102109 0.127388 
0.184821 0.162448 0.137364 0.123431 0.112391 0.0904454 0.0546403 0.0138757 -0.0182035 -0.0323231 -0.0303578 -0.0224519 -0.0168862 -0.0150328 -0.0147187 -0.0141753 -0.0124858 -0.00943036 -0.00638382 -0.00581539 -0.00861293 -0.013128 -0.0176064 -0.0209314 -0.0191053 -0.00414278 0.0303592 0.0827383 0.139989 0.179696 
0.23604 0.208042 0.169049 0.140093 0.118718 0.0920608 0.0547233 0.0131376 -0.0195603 -0.0328433 -0.0276452 -0.0155444 -0.00770623 -0.00674266 -0.00913977 -0.0112072 -0.0111017 -0.00841074 -0.00454295 -0.00225973 -0.0026076 -0.00332912 -0.00222184 0.000241828 0.00510612 0.0195661 0.0532273 0.109029 0.17544 0.225945 
