0.459402 0.470836 0.385131 0.249257 0.12345 0.0422944 0.00656924 -0.00114363 0.00290745 0.0100892 0.0147265 0.0126347 0.00445336 -0.00495341 -0.0114313 -0.0138674 -0.011985 -0.00428739 0.0104882 0.0300856 0.0479246 0.0567099 0.0531882 0.0403478 0.0266213 0.0237561 0.0462118 0.110088 0.2219 0.357711 
0.400414 0.426534 0.361698 0.241452 0.121439 0.0386877 -0.000890962 -0.0108025 -0.00633356 0.00280808 0.00954333 0.00882914 0.00135309 -0.00740274 -0.0129878 -0.0146692 -0.0128774 -0.00661499 0.00548658 0.0219496 0.0374572 0.0460178 0.0449327 0.0364208 0.0267496 0.0242344 0.039724 0.0880615 0.179581 0.299783 
0.25499 0.289735 0.258021 0.177593 0.089435 0.025376 -0.00668547 -0.0150885 -0.0103185 2.42233e-05 0.00832383 0.00817882 -0.000186475 -0.0105868 -0.017468 -0.0194948 -0.0174994 -0.0113712 -9.94206e-05 0.0152078 0.0300149 0.0394661 0.0416914 0.0379744 0.0315013 0.0262876 0.0282652 0.0482137 0.0982697 0.17674 
0.112162 0.148077 0.144803 0.104833 0.0531981 0.0136014 -0.00660136 -0.0117896 -0.00715799 0.00319778 0.0121101 0.0118664 0.00171895 -0.0116584 -0.0210788 -0.0238957 -0.0211647 -0.0139079 -0.00169316 0.0145303 0.0305289 0.0419449 0.0473744 0.0472321 0.0421669 0.0330883 0.0221472 0.0158342 0.0262253 0.0617856 
0.0289873 0.0599857 0.0708743 0.0568818 0.0316765 0.0112603 0.000964902 -0.00179437 0.00126275 0.00929584 0.0167544 0.0156379 0.00408229 -0.0114946 -0.0227806 -0.0260511 -0.0227346 -0.0150183 -0.00283571 0.0135589 0.0307719 0.0448771 0.0543538 0.0584263 0.0554857 0.0443496 0.0255723 0.00388841 -0.00899682 -0.000364978 
0.00394915 0.0272327 0.0396756 0.0366617 0.0259441 0.0171346 0.0126889 0.0102793 0.00994867 0.0132917 0.017099 0.0143104 0.00223805 -0.0137545 -0.025402 -0.028778 -0.0259193 -0.0199375 -0.0106813 0.00310333 0.0199273 0.0367809 0.0516706 0.0621856 0.0642022 0.0544438 0.033311 0.00670942 -0.013172 -0.0141834 
0.00598017 0.0224633 0.0309768 0.0303559 0.0264136 0.0240097 0.0224193 0.0188854 0.0144623 0.0124279 0.0118286 0.00725709 -0.00422474 -0.0187411 -0.0292542 -0.032484 -0.0309761 -0.0282183 -0.0236713 -0.0144238 0.00026057 0.0185994 0.038258 0.0554087 0.0637021 0.0577796 0.0380132 0.0122499 -0.00638702 -0.00776845 
0.0109602 0.0233947 0.0275998 0.0255395 0.0237091 0.0245148 0.0244173 0.0197609 0.0121529 0.00600564 0.00219393 -0.00284006 -0.0118105 -0.0225505 -0.030154 -0.0324439 -0.0319682 -0.0319197 -0.0314223 -0.0266161 -0.0152071 0.00217234 0.0233031 0.0436811 0.0558321 0.053388 0.0366162 0.0139229 -0.00169393 -0.00148103 
0.0155318 0.0265774 0.0270287 0.0204826 0.0160122 0.0164233 0.0165889 0.0115575 0.00266263 -0.00522095 -0.00988062 -0.013164 -0.0173959 -0.0222063 -0.0252486 -0.0255187 -0.0250173 -0.026163 -0.0279931 -0.0265731 -0.0188719 -0.00455246 0.0145891 0.0338623 0.0457985 0.0447046 0.0312601 0.0128426 0.000639884 0.00265239 
0.0248153 0.037123 0.0348372 0.0214436 0.00922955 0.00413241 0.00196941 -0.00297531 -0.0107802 -0.0175345 -0.0206728 -0.0207774 -0.0196834 -0.0184308 -0.0169231 -0.0151059 -0.0141875 -0.0156755 -0.0186688 -0.0195476 -0.0149402 -0.00379529 0.0123574 0.0287338 0.0385436 0.0376784 0.0274173 0.0134626 0.00483157 0.0094138 
0.0339456 0.0503551 0.0491674 0.0309996 0.0093795 -0.00530067 -0.0128711 -0.0177502 -0.0221028 -0.0249642 -0.0250433 -0.0223896 -0.0180766 -0.0134905 -0.00971355 -0.00720179 -0.00645249 -0.00820401 -0.0116311 -0.0134539 -0.0101716 -0.000470281 0.0139845 0.0284143 0.037002 0.0368278 0.0288665 0.017077 0.00951083 0.0153451 
0.0298938 0.0519997 0.0580894 0.0426704 0.0163662 -0.0071029 -0.0210694 -0.0261127 -0.0258379 -0.0233589 -0.0201982 -0.0167177 -0.0128289 -0.00886992 -0.00579514 -0.00417406 -0.00406056 -0.00568201 -0.00838658 -0.00944045 -0.0056295 0.00417154 0.0180084 0.0314014 0.0396302 0.0402053 0.0327545 0.0194195 0.00819502 0.0107221 
0.0102386 0.0371502 0.0546028 0.0497337 0.026833 -1.01763e-06 -0.0184493 -0.0240121 -0.0199528 -0.0128618 -0.00772301 -0.00579673 -0.00544603 -0.0049193 -0.00425568 -0.00407415 -0.00430034 -0.00489097 -0.00564115 -0.00489173 -0.000227786 0.0092071 0.0215337 0.0330081 0.0401019 0.040537 0.0324677 0.0161185 -0.00113506 -0.0056601 
-0.0121778 0.0164354 0.0438901 0.0520492 0.0382334 0.0138655 -0.00608988 -0.012578 -0.00677981 0.00288552 0.00832015 0.00719454 0.00272574 -0.00107634 -0.00321604 -0.00441461 -0.00465966 -0.00382133 -0.00241871 -0.000322834 0.00382961 0.0109758 0.0200219 0.0283975 0.0337073 0.033884 0.026119 0.00895106 -0.0119588 -0.0228788 
-0.0254161 0.000483273 0.0322226 0.0503602 0.0467324 0.0280799 0.00890063 0.00132703 0.00707367 0.0175846 0.0227104 0.0190543 0.0106289 0.00292335 -0.00209518 -0.00490315 -0.00546182 -0.00369988 -0.000933885 0.00143953 0.00386106 0.00777629 0.0134094 0.0194641 0.0241953 0.025368 0.0196504 0.00461892 -0.0160849 -0.0304835 
-0.0293224 -0.0100087 0.0198966 0.0429007 0.0475195 0.0352932 0.018181 0.0096376 0.0141173 0.0243648 0.0297304 0.0257981 0.0159047 0.00565577 -0.00203879 -0.0066981 -0.00794128 -0.0058365 -0.00232423 0.000132529 0.00137775 0.00346317 0.00784946 0.0140714 0.0202497 0.0234056 0.0199188 0.00737083 -0.0118932 -0.0283252 
-0.0295944 -0.0174388 0.00762743 0.0313228 0.0411322 0.0344755 0.0198642 0.0103029 0.0122435 0.0208638 0.0266867 0.0245582 0.0159068 0.00517663 -0.00407481 -0.010045 -0.0117752 -0.00941537 -0.00513306 -0.00178765 0.000115209 0.00283492 0.00842027 0.0165848 0.0247767 0.029065 0.0258272 0.0135808 -0.00537746 -0.023433 
-0.0285311 -0.0203959 0.000220406 0.0221862 0.0342004 0.0316254 0.0194104 0.00851574 0.00642077 0.0113865 0.0164235 0.0163053 0.0103631 0.00123064 -0.00763875 -0.0136234 -0.0153166 -0.0127648 -0.00782574 -0.00311307 0.000606697 0.00517403 0.012505 0.0221553 0.0309675 0.0344032 0.0292759 0.0156628 -0.00319617 -0.0208626 
-0.0239019 -0.0162178 0.00106852 0.0197736 0.0315466 0.0316741 0.0218811 0.00988777 0.00305365 0.00261274 0.00475547 0.00513837 0.00177106 -0.00451822 -0.0112708 -0.0160526 -0.0174062 -0.0151084 -0.0103161 -0.00504662 -0.000288232 0.00508588 0.0126411 0.021961 0.0298139 0.0316671 0.0250381 0.0113862 -0.00514012 -0.0189971 
-0.014952 -0.0065886 0.00751422 0.0217358 0.0312303 0.0326624 0.0256179 0.0141764 0.00414297 -0.00145455 -0.00336103 -0.00415383 -0.00603238 -0.00953017 -0.0136114 -0.0167137 -0.0176683 -0.0160154 -0.0122596 -0.00790466 -0.00410306 -0.00020691 0.005355 0.0126955 0.0191866 0.0208701 0.0157401 0.00542725 -0.00613316 -0.0143334 
-0.00645069 0.00195195 0.0131337 0.0227479 0.0285541 0.0295696 0.0252649 0.0168304 0.0072162 -0.000726174 -0.00570131 -0.00822767 -0.00980579 -0.0115696 -0.0135705 -0.0151153 -0.0154843 -0.0142872 -0.0118091 -0.00932502 -0.0080239 -0.00731564 -0.00523855 -0.000828614 0.00439207 0.00748446 0.00648528 0.00168447 -0.00457155 -0.00848292 
-0.00418728 0.00362274 0.0131475 0.0196713 0.0218864 0.0212999 0.0191128 0.0151598 0.00928845 0.00259591 -0.00308208 -0.00672113 -0.00870237 -0.00992167 -0.0107668 -0.0110334 -0.0104897 -0.00919415 -0.00767068 -0.00712975 -0.0085862 -0.0112482 -0.0127641 -0.01148 -0.00779579 -0.00344973 -0.000483567 -0.0005953 -0.00364468 -0.0063145 
-0.00776358 -0.00101593 0.00786833 0.0132773 0.0135661 0.0117412 0.0110164 0.0111898 0.0100062 0.00653509 0.00202198 -0.00184795 -0.00439584 -0.00578261 -0.00620172 -0.00561259 -0.00416248 -0.00245523 -0.0014256 -0.00224833 -0.00565734 -0.0106472 -0.0146749 -0.015755 -0.0136228 -0.00916634 -0.00439073 -0.00240486 -0.00474826 -0.00837149 
-0.0106331 -0.00572458 0.00215811 0.00735421 0.00751538 0.00564428 0.00592676 0.00869962 0.0109572 0.0103928 0.00734413 0.00358506 0.000556754 -0.00122314 -0.00172435 -0.000931116 0.00089907 0.00288058 0.0037888 0.00244922 -0.00171122 -0.0075936 -0.0125405 -0.0144104 -0.0128418 -0.00863366 -0.00377544 -0.001681 -0.00443539 -0.00932376 
-0.00698554 -0.00474068 0.000995067 0.00565753 0.00634283 0.00491891 0.0054649 0.00900915 0.0127193 0.0136186 0.0113562 0.00767192 0.00442142 0.00239099 0.00159382 0.00206311 0.0036909 0.00563287 0.00657104 0.0052991 0.00127705 -0.0043537 -0.00881401 -0.00988137 -0.00745166 -0.00279987 0.00198772 0.00394541 0.00123844 -0.00402451 
0.00294617 0.00222047 0.00493879 0.00829592 0.00913642 0.00776663 0.00762423 0.0104476 0.0140201 0.0151718 0.0131716 0.00971409 0.00672968 0.00488803 0.00401351 0.00415355 0.00540539 0.00709057 0.00794337 0.00681435 0.0032708 -0.00148556 -0.0047187 -0.00431911 -0.000444065 0.00524403 0.0106233 0.0132691 0.0116496 0.0070388 
0.0136737 0.0105429 0.0102065 0.0117078 0.0120879 0.0103431 0.00912296 0.0106589 0.0134346 0.0144057 0.0126656 0.00978307 0.00754073 0.00636596 0.00588991 0.00610605 0.00716767 0.00852449 0.00909789 0.00800232 0.00506238 0.00143506 -0.000572984 0.000784804 0.00536208 0.0116649 0.0177734 0.0215468 0.0214937 0.0181339 
0.0188118 0.0146076 0.0121719 0.0118761 0.0113601 0.00907267 0.00706868 0.00771664 0.0100031 0.0111146 0.010008 0.00801767 0.0067296 0.00643386 0.00667429 0.0073262 0.00843187 0.0095117 0.00979013 0.00880487 0.00665834 0.00425527 0.00316686 0.00463682 0.00870913 0.0144268 0.0202701 0.024292 0.0250804 0.0228415 
0.0145756 0.0106511 0.00766106 0.00627304 0.00475098 0.00185004 -0.000494329 1.57237e-05 0.00260303 0.00463294 0.00486465 0.004247 0.00410549 0.00469931 0.00563688 0.00674888 0.00796864 0.00888048 0.00901846 0.00831301 0.00704205 0.00579621 0.00547555 0.00681089 0.00979534 0.0137771 0.0176913 0.0200881 0.0200444 0.0179552 
0.00112929 -0.0019052 -0.00412536 -0.0055653 -0.00766175 -0.0109145 -0.013171 -0.0122726 -0.00885425 -0.00527742 -0.00291907 -0.0013984 8.52499e-05 0.00167056 0.00313575 0.0044589 0.0056384 0.00638087 0.00643823 0.0059536 0.00526155 0.00477842 0.00507736 0.00645612 0.00840686 0.0100604 0.0107958 0.0100541 0.00767516 0.00443265 
-0.0173244 -0.0196 -0.020408 -0.0209137 -0.0226187 -0.0254319 -0.0271115 -0.0257068 -0.0215726 -0.0164743 -0.011684 -0.00748006 -0.00389498 -0.00113572 0.000722515 0.00192987 0.00272916 0.00305945 0.00283332 0.00223446 0.00155466 0.00116297 0.00158977 0.00285304 0.00381356 0.00319243 0.000792144 -0.00308493 -0.00811366 -0.0132976 
-0.0345151 -0.0362784 -0.0355214 -0.034402 -0.0346999 -0.0361913 -0.0368994 -0.0351154 -0.0307325 -0.024701 -0.0179904 -0.0114127 -0.00584818 -0.00198019 0.00011644 0.000896686 0.000900464 0.000406362 -0.000483531 -0.00161359 -0.0027914 -0.00369537 -0.00380363 -0.00323131 -0.00341833 -0.00573972 -0.0100387 -0.0156912 -0.0225111 -0.0294876 
-0.0456276 -0.0467207 -0.0443162 -0.0411829 -0.0394495 -0.0391313 -0.0386979 -0.0366282 -0.0323651 -0.0261946 -0.0187708 -0.0110858 -0.00447278 -1.09851e-05 0.00203469 0.0021318 0.00106168 -0.000536943 -0.00237728 -0.00435767 -0.00636591 -0.00811677 -0.00917032 -0.00972017 -0.0110919 -0.0143357 -0.0190876 -0.0249757 -0.0323236 -0.0401547 
-0.0489767 -0.0489218 -0.0447721 -0.0394689 -0.0354733 -0.033243 -0.0316916 -0.0294112 -0.0255643 -0.0201146 -0.0134832 -0.00642453 -0.000158745 0.0040666 0.00567904 0.00500079 0.00296145 0.000445207 -0.0022218 -0.00508721 -0.00808755 -0.0108436 -0.0129196 -0.0145568 -0.0168248 -0.020348 -0.0247268 -0.029986 -0.0367873 -0.0441544 
-0.0454268 -0.0438987 -0.0381063 -0.030718 -0.0244502 -0.0203697 -0.0178798 -0.0156529 -0.0126691 -0.0087707 -0.00421568 0.000716611 0.0053234 0.00844919 0.00926712 0.00792271 0.0053777 0.00254462 -0.000413998 -0.00382441 -0.00771627 -0.011492 -0.0144874 -0.0168787 -0.0195705 -0.0229596 -0.0267182 -0.0310414 -0.0365255 -0.0422386 
-0.0375945 -0.034668 -0.0276112 -0.0185257 -0.0102583 -0.00456695 -0.0014447 0.000335961 0.00200267 0.00384266 0.00570741 0.00775499 0.00990199 0.0113022 0.0110777 0.00925488 0.00667504 0.00405499 0.00131017 -0.0021467 -0.00648678 -0.0109454 -0.0145485 -0.0173064 -0.0200172 -0.0229932 -0.0259832 -0.0291691 -0.0329074 -0.036401 
-0.0282589 -0.0242844 -0.0165821 -0.00672848 0.00253212 0.00903655 0.0122802 0.0133069 0.0135169 0.0133716 0.0127711 0.0121017 0.0117777 0.0113771 0.0101679 0.00809082 0.00571016 0.00342348 0.00100577 -0.0021419 -0.00623245 -0.0105243 -0.0140061 -0.0166227 -0.0190064 -0.0212993 -0.0232938 -0.0252259 -0.0272986 -0.0287978 
-0.018444 -0.0138797 -0.00637355 0.00267874 0.0109702 0.0166591 0.0191294 0.0191448 0.0180832 0.0165275 0.0143454 0.0119097 0.00991536 0.00834278 0.00665536 0.00466687 0.00258953 0.00053622 -0.00166329 -0.00430549 -0.00741604 -0.0104061 -0.0126225 -0.0142037 -0.0156251 -0.0168309 -0.0177345 -0.0187369 -0.0198441 -0.0201375 
-0.0086839 -0.00404061 0.00250188 0.00925834 0.0145398 0.0175808 0.0182346 0.0170093 0.0150451 0.0129141 0.0103357 0.00743773 0.00496018 0.00317824 0.00170453 0.000195153 -0.00142541 -0.00319627 -0.00513488 -0.00711276 -0.00878597 -0.00966619 -0.00959854 -0.00908352 -0.00863898 -0.00832502 -0.00840872 -0.00936249 -0.0106498 -0.0107913 
-0.00191225 0.00235199 0.00768695 0.0116957 0.0131539 0.0127155 0.0111686 0.0089269 0.00676925 0.00509232 0.00332493 0.00115735 -0.000818432 -0.00211319 -0.00295491 -0.00377484 -0.00478802 -0.00608499 -0.00761748 -0.00896351 -0.00936139 -0.00823905 -0.00579161 -0.00287127 -0.000255675 0.00152108 0.00168387 -0.000129169 -0.00260961 -0.00360668 
-0.00164671 0.00199729 0.00638425 0.00816771 0.00633832 0.00295147 -5.04724e-05 -0.00220135 -0.00325048 -0.00326403 -0.00323776 -0.00394244 -0.0049712 -0.00561938 -0.00587273 -0.00613234 -0.0066363 -0.00749477 -0.00874289 -0.00989273 -0.0098174 -0.00767673 -0.00382108 0.000580804 0.00447339 0.0069537 0.00692013 0.00408017 0.000149945 -0.00228831 
-0.00694235 -0.00398736 -0.000301457 -0.000133131 -0.00429652 -0.00943293 -0.0124231 -0.012759 -0.0110937 -0.00843336 -0.00626554 -0.00554569 -0.0058419 -0.00618503 -0.00628844 -0.00647712 -0.00696793 -0.00783199 -0.00918532 -0.0106281 -0.0108421 -0.00869226 -0.00458743 -3.25159e-05 0.0037731 0.00606851 0.00585089 0.0026092 -0.00231453 -0.00626552 
-0.0122174 -0.0100646 -0.00718433 -0.00832589 -0.0138755 -0.0193746 -0.0208286 -0.0179472 -0.0126821 -0.00730662 -0.00365652 -0.00238127 -0.00269247 -0.00336164 -0.00394025 -0.00471559 -0.00584137 -0.00719809 -0.00879024 -0.0103589 -0.0107406 -0.0087505 -0.00483895 -0.000810152 0.00211038 0.00372246 0.00348583 0.000455401 -0.00495533 -0.0102302 
-0.0122464 -0.0110512 -0.00920834 -0.0112294 -0.0168315 -0.0210733 -0.0199647 -0.0138915 -0.00601087 0.000553862 0.00411825 0.00471902 0.00360061 0.00208733 0.000608906 -0.00110075 -0.00303991 -0.00475987 -0.00600329 -0.00671847 -0.0063185 -0.0039539 -6.08896e-05 0.00349097 0.00548943 0.00627055 0.00583898 0.00292682 -0.0028743 -0.00917266 
-0.00596232 -0.00574374 -0.00485509 -0.00671947 -0.0104577 -0.0118215 -0.00811829 -0.000739234 0.00679656 0.0117599 0.0133473 0.0122856 0.00995336 0.00750189 0.00526125 0.00303804 0.00101195 -0.000112903 7.55161e-05 0.00127373 0.00323645 0.00632013 0.0103851 0.0139473 0.0157242 0.0159914 0.0149525 0.0113901 0.00483224 -0.00218832 
0.00295489 0.00222037 0.00253177 0.00218407 0.00218884 0.00475308 0.0102111 0.0162729 0.0202208 0.0210135 0.0192554 0.0160734 0.012524 0.00943817 0.00711889 0.00543619 0.00452944 0.00504943 0.0073375 0.0106788 0.0140799 0.0176221 0.0219329 0.0263875 0.0293631 0.0300373 0.0281196 0.0228955 0.0148896 0.00719547 
0.00783266 0.00597333 0.00582333 0.00765877 0.0121585 0.0187143 0.0250288 0.0283763 0.0275811 0.023729 0.0187499 0.0138131 0.00946436 0.00631117 0.00471686 0.00444694 0.00526638 0.00752018 0.0114723 0.0162324 0.0203664 0.0238983 0.0284514 0.0344936 0.0397958 0.0415724 0.0385141 0.0308761 0.0209649 0.012571 
0.00361367 0.000569207 -0.000275285 0.00328287 0.011492 0.0210812 0.0276516 0.0286365 0.0245158 0.0179953 0.0116552 0.00636893 0.00223785 -0.000208365 -0.000607571 0.000526161 0.00252217 0.00551672 0.00995782 0.0151789 0.0195401 0.0227893 0.0271464 0.0341041 0.0410147 0.0432069 0.0384884 0.0284203 0.0171236 0.00860827 
-0.00813974 -0.0117181 -0.0131315 -0.00850459 0.00212082 0.0134178 0.0196806 0.0190552 0.0135514 0.00672127 0.0010631 -0.0030043 -0.00571522 -0.00674022 -0.00597926 -0.00419811 -0.00213638 0.000473429 0.0044543 0.00959789 0.0141695 0.0171649 0.0205053 0.026341 0.0323136 0.0330367 0.0261641 0.0145185 0.00334909 -0.00389165 
-0.0200892 -0.0231294 -0.024373 -0.0185445 -0.00592426 0.0064786 0.0120978 0.0100654 0.00377477 -0.00288277 -0.0077264 -0.0104777 -0.011521 -0.0110865 -0.00967426 -0.00809635 -0.00667197 -0.00480305 -0.00148164 0.00344511 0.00835467 0.0114174 0.0134587 0.0165751 0.0192781 0.0169907 0.00807221 -0.00382309 -0.0132317 -0.0177862 
-0.0251549 -0.0272512 -0.0277507 -0.0202755 -0.0054442 0.00820127 0.0133716 0.0100671 0.00266886 -0.00495296 -0.0107456 -0.013901 -0.0145589 -0.0136311 -0.0123252 -0.0113341 -0.0103984 -0.00874873 -0.00568404 -0.00103858 0.00400403 0.00740355 0.00879119 0.00947458 0.00877817 0.00383223 -0.00586629 -0.0165372 -0.0233138 -0.0249365 
-0.0194005 -0.0212802 -0.0215984 -0.0133742 0.00258362 0.0168212 0.021638 0.0174899 0.00899015 -0.000433471 -0.00874207 -0.0142324 -0.0163856 -0.0163286 -0.0156184 -0.0148558 -0.0135619 -0.0112134 -0.00783968 -0.00360905 0.00093686 0.00441043 0.00593751 0.0059187 0.00410614 -0.000779856 -0.00850252 -0.0161705 -0.0202179 -0.0200372 
-0.001953 -0.00473337 -0.00668642 -0.000803831 0.0128209 0.0253001 0.0290305 0.0242881 0.0151868 0.00448828 -0.00598598 -0.0140818 -0.0186177 -0.0201832 -0.0200016 -0.0186755 -0.0160964 -0.0124252 -0.00855807 -0.00509239 -0.00188519 0.000919462 0.00290598 0.00411891 0.00445185 0.00341065 0.00102269 -0.00167829 -0.00291533 -0.00213268 
0.0224366 0.0182218 0.0127834 0.0127745 0.0201477 0.0282857 0.0299878 0.0246409 0.015589 0.00518115 -0.00530116 -0.0142679 -0.0204348 -0.0234654 -0.0236522 -0.0214699 -0.017446 -0.0126776 -0.00890399 -0.00699881 -0.00606286 -0.00476175 -0.00240821 0.00122664 0.00586038 0.0108935 0.0156474 0.0192349 0.0214834 0.0229089 
0.0432424 0.0373888 0.0279121 0.0209908 0.02113 0.0246963 0.0247998 0.0194055 0.011168 0.00258238 -0.0055967 -0.0130865 -0.0192653 -0.0231478 -0.0239299 -0.0215882 -0.0169921 -0.0120807 -0.00935966 -0.00983961 -0.0118854 -0.0127854 -0.0105859 -0.00472709 0.00387072 0.0139686 0.0247482 0.0345477 0.0412291 0.0441609 
0.0514147 0.0424714 0.0291872 0.0175832 0.0136777 0.0158774 0.0171259 0.0135606 0.00701951 0.000662873 -0.00451746 -0.00927971 -0.0141263 -0.0181711 -0.019867 -0.0183936 -0.0143491 -0.0100058 -0.0083922 -0.0107723 -0.0152985 -0.0184523 -0.0171577 -0.010475 -0.000227031 0.0115867 0.0249983 0.0391184 0.049969 0.0541464 
0.0466308 0.0312938 0.0136723 0.000441253 -0.0027125 0.00277598 0.00907341 0.0100339 0.00606197 0.0012352 -0.00193915 -0.00413781 -0.00697062 -0.0104655 -0.0130146 -0.0129633 -0.00999826 -0.00591743 -0.00382846 -0.00558617 -0.0101325 -0.0141122 -0.0136478 -0.00723038 0.00254217 0.0128523 0.024899 0.0395802 0.0518007 0.0546366 
0.0367241 0.0126729 -0.00987648 -0.0230171 -0.0228384 -0.011903 0.00115886 0.00787604 0.00663592 0.00230183 -0.000291203 -0.000723076 -0.00138342 -0.00368789 -0.0066489 -0.00799924 -0.00608419 -0.00147689 0.00312958 0.00511134 0.00395583 0.00193707 0.00320696 0.00990781 0.0188847 0.0262028 0.033682 0.0444888 0.0540111 0.0525749 
0.0298736 0.000183688 -0.0248552 -0.0365913 -0.0334859 -0.0192628 -0.00237817 0.00748985 0.00701567 0.00145983 -0.00224252 -0.002247 -0.00127029 -0.002119 -0.0049098 -0.00723019 -0.00615847 -0.000778304 0.00701531 0.0141566 0.0186252 0.0211766 0.0254664 0.0338404 0.042655 0.0466291 0.047579 0.051389 0.0560536 0.0508869 
0.0271521 0.000710719 -0.0203092 -0.0277578 -0.0224101 -0.00870954 0.00623373 0.0135379 0.00951167 -0.000434758 -0.00798058 -0.00985038 -0.00864796 -0.00841889 -0.0106679 -0.0133649 -0.0128837 -0.00716017 0.00283888 0.0142369 0.0242295 0.0321377 0.0403415 0.0506513 0.0590659 0.0592692 0.0528105 0.048598 0.0492219 0.0450608 
0.0237871 0.00960568 -0.000499628 0.000329079 0.00936645 0.0212555 0.0303106 0.0300287 0.0180956 0.000366916 -0.0138761 -0.0199591 -0.0202248 -0.0199302 -0.0219382 -0.0247781 -0.0247146 -0.019191 -0.00846459 0.0051298 0.0186386 0.0302965 0.0409817 0.0517487 0.0587401 0.0551916 0.0419232 0.0302693 0.0285585 0.0303205 
0.0162084 0.0162926 0.0189761 0.0304574 0.0464507 0.059371 0.0633386 0.054409 0.0331611 0.00683621 -0.0145056 -0.0253754 -0.0282066 -0.0292438 -0.0320634 -0.035392 -0.0356835 -0.0305104 -0.0199373 -0.00602448 0.00815668 0.0201788 0.0301881 0.0393262 0.0445976 0.0390271 0.0217376 0.00471145 0.00142535 0.00978016 
0.00649974 0.0138789 0.0237181 0.0436472 0.0686589 0.0873741 0.0910741 0.0770922 0.0496025 0.0181248 -0.00708864 -0.0211315 -0.0269325 -0.0307234 -0.0355453 -0.0397783 -0.0401954 -0.0349423 -0.0244726 -0.0112367 0.00115867 0.0101205 0.0165017 0.0227854 0.0271456 0.0223159 0.00522402 -0.0134954 -0.017908 -0.00659036 
0.00483544 0.00874943 0.0146876 0.0344232 0.0647177 0.0908886 0.0995823 0.0871359 0.0602084 0.0301157 0.00609364 -0.00879662 -0.017634 -0.0250476 -0.0323994 -0.0375223 -0.0376494 -0.0316492 -0.0206093 -0.0078105 0.0022444 0.0071163 0.00924271 0.012795 0.0167676 0.0140327 0.000578129 -0.0150462 -0.0181508 -0.0068694 
0.0315322 0.0253499 0.0155795 0.0206218 0.0436696 0.070911 0.0852539 0.0797269 0.0602991 0.0377694 0.0190418 0.00513441 -0.00620566 -0.0168882 -0.0263072 -0.0319794 -0.0316372 -0.0245769 -0.0121479 0.00173172 0.0115713 0.0146826 0.014294 0.0152915 0.0173491 0.0153365 0.00736911 0.000923746 0.00650987 0.0221365 
0.110902 0.0963735 0.0620198 0.0352015 0.031527 0.0447998 0.0577425 0.0588576 0.0496689 0.0374942 0.0259883 0.0145079 0.00213839 -0.0103108 -0.0206603 -0.0264165 -0.025681 -0.017622 -0.00315156 0.0137343 0.0265808 0.0313449 0.0300409 0.0270618 0.0238402 0.0202064 0.0196755 0.0305809 0.0583729 0.0931912 
0.246697 0.2323 0.170025 0.0979653 0.0493344 0.0316998 0.0318113 0.0339522 0.032751 0.0299498 0.0255957 0.0175747 0.00591067 -0.00656357 -0.0165495 -0.0217377 -0.02055 -0.0117135 0.00471257 0.025077 0.042132 0.0497538 0.0473873 0.0386785 0.0283491 0.0229113 0.0324043 0.0677841 0.131293 0.203672 
0.391514 0.387171 0.303657 0.187807 0.0906055 0.0353432 0.0156047 0.013257 0.0160153 0.0196202 0.0208155 0.0162437 0.00631735 -0.00485872 -0.0133232 -0.0172338 -0.0155442 -0.00668066 0.010101 0.0317377 0.0508298 0.0598552 0.0561542 0.043038 0.0283365 0.0234295 0.0426916 0.100344 0.199234 0.313935 
