0.411623 0.430038 0.362937 0.250865 0.146625 0.0805254 0.0504608 0.0369183 0.025798 0.0164307 0.0114566 0.0081903 0.00283486 -0.00373865 -0.00878983 -0.012452 -0.0160194 -0.0174462 -0.0118635 0.00313598 0.0242049 0.0435722 0.0520408 0.0440914 0.0249894 0.0117202 0.0253628 0.0826807 0.186883 0.314012 
0.363568 0.387467 0.331789 0.227823 0.123641 0.0518707 0.0163859 0.00211459 -0.00454536 -0.00605374 -0.00204671 0.00205938 7.63893e-05 -0.00721308 -0.0145517 -0.0192115 -0.0217854 -0.0218309 -0.0160815 -0.00163201 0.0203009 0.0433791 0.0577426 0.0558082 0.040301 0.0254856 0.0307547 0.0735899 0.160232 0.272124 
0.245872 0.267962 0.23027 0.153066 0.073531 0.0188404 -0.00753487 -0.0179958 -0.0224239 -0.0204177 -0.0111326 -0.00203258 -0.00187768 -0.0104031 -0.020274 -0.0260409 -0.0274415 -0.0256005 -0.0191576 -0.00512153 0.0172041 0.0430481 0.0622623 0.0653041 0.0519488 0.0331327 0.0254704 0.045087 0.0996074 0.177496 
0.127957 0.144414 0.122054 0.0733489 0.025077 -0.00368702 -0.0140943 -0.0187619 -0.0236168 -0.0232611 -0.014127 -0.00381663 -0.00255684 -0.0110928 -0.0217666 -0.0279427 -0.0287369 -0.0260837 -0.0199006 -0.00723517 0.0140266 0.0405549 0.0623568 0.0684852 0.0561774 0.0335555 0.0147748 0.0140767 0.0392795 0.0843498 
0.0535344 0.063225 0.0490406 0.0198311 -0.00479665 -0.0123343 -0.00849474 -0.00768326 -0.0141983 -0.018947 -0.0147663 -0.00700825 -0.00561532 -0.0126583 -0.0219179 -0.0272221 -0.0275284 -0.0248964 -0.0197369 -0.00917247 0.00972154 0.0348608 0.0571573 0.0655087 0.0555806 0.0331103 0.00983367 -0.00202521 0.00504087 0.028266 
0.0218728 0.024384 0.0126288 -0.00619876 -0.0175308 -0.012847 0.000191635 0.00565607 -0.00176765 -0.0121208 -0.015193 -0.0127079 -0.0128683 -0.0186029 -0.0255396 -0.0287975 -0.0278373 -0.0248465 -0.0203787 -0.011646 0.00471347 0.027849 0.0503652 0.0621011 0.0576848 0.0402437 0.018664 0.00300682 0.000325497 0.00985742 
0.0135925 0.00938167 -0.00218331 -0.0154988 -0.0202708 -0.0102813 0.00716131 0.0158523 0.00863002 -0.0055837 -0.0150375 -0.0182935 -0.021274 -0.0267735 -0.0316009 -0.0322394 -0.0291773 -0.0250539 -0.0205104 -0.0128025 0.00173448 0.023461 0.0469288 0.0631922 0.0658794 0.0554711 0.038152 0.0219331 0.0131214 0.0123812 
0.0150935 0.00666473 -0.00488506 -0.0153497 -0.0175315 -0.00658179 0.011327 0.0208821 0.014015 -0.00174199 -0.0146733 -0.0216408 -0.0265914 -0.0316861 -0.0344507 -0.0325441 -0.0274126 -0.022082 -0.0171836 -0.0100134 0.00316944 0.0235154 0.0469867 0.0655556 0.0724284 0.0668826 0.0537211 0.0390815 0.0276703 0.0207414 
0.0228478 0.01423 0.00216777 -0.00909965 -0.0128104 -0.00422737 0.0115422 0.0204122 0.0141535 -0.00115 -0.0147494 -0.0227142 -0.0274696 -0.0307884 -0.0311053 -0.0271258 -0.0207501 -0.0149693 -0.0103344 -0.00429968 0.00671156 0.0241011 0.0444186 0.0602297 0.0655194 0.0607176 0.0511003 0.041272 0.0334789 0.0281326 
0.0348425 0.0294594 0.0156945 -0.00050835 -0.00989417 -0.00610257 0.00695819 0.016011 0.0119402 -0.00139975 -0.0143831 -0.0220747 -0.0254679 -0.0262994 -0.0241939 -0.0188481 -0.0122065 -0.00694242 -0.00365288 -0.000100045 0.0071164 0.0194621 0.033753 0.0432019 0.0432442 0.0364474 0.0296553 0.0270368 0.0286748 0.0327374 
0.0453032 0.0444393 0.0291055 0.00709574 -0.00903072 -0.0103874 0.000773115 0.0116739 0.0112094 0.000248492 -0.0123218 -0.0200371 -0.022532 -0.0216333 -0.0180291 -0.0122229 -0.00603171 -0.00179071 -0.000306919 0.000297616 0.00330032 0.0102118 0.0183517 0.0220065 0.0176594 0.00873195 0.0033067 0.00667768 0.018295 0.0337404 
0.0488619 0.0521204 0.0379465 0.014201 -0.00532283 -0.0101755 -0.000721404 0.0113996 0.0135676 0.00412202 -0.00849238 -0.016638 -0.0191978 -0.0180992 -0.0145472 -0.00934738 -0.0040192 -0.000605944 -0.000167978 -0.00119695 -0.000679033 0.00277507 0.00723466 0.00842797 0.00315867 -0.00627465 -0.011932 -0.00679571 0.00952831 0.0313051 
0.0453472 0.0518966 0.042683 0.0233163 0.0055375 -0.000844737 0.00547438 0.0155298 0.0175128 0.00866691 -0.00349758 -0.0116862 -0.0149794 -0.0152658 -0.0135051 -0.010082 -0.00591555 -0.00273258 -0.00187894 -0.00242421 -0.00196703 0.00055489 0.00396083 0.00554247 0.00239001 -0.00516824 -0.0110792 -0.00786324 0.00644029 0.0270832 
0.0391925 0.0473687 0.0446753 0.0335831 0.0213446 0.0148425 0.0163839 0.0211382 0.0207412 0.0126571 0.00232817 -0.00509378 -0.00955619 -0.0125275 -0.0140082 -0.0133864 -0.0107253 -0.00734262 -0.0049327 -0.00352684 -0.00168601 0.00126406 0.00470886 0.00741396 0.00748856 0.00392512 -0.000312109 0.000535555 0.00946343 0.0242549 
0.0352921 0.041515 0.0428701 0.0399162 0.0346553 0.0293395 0.0261783 0.0248505 0.0218605 0.0155508 0.00841751 0.00242356 -0.00337922 -0.0096045 -0.0148703 -0.0174135 -0.0164829 -0.0129399 -0.00875375 -0.00504655 -0.00141064 0.00249811 0.00627759 0.00970357 0.0124963 0.0136415 0.0131975 0.0138419 0.018298 0.0263699 
0.0345416 0.0350422 0.0360792 0.0381915 0.0390422 0.0360184 0.0301828 0.0246237 0.020305 0.0165491 0.0130436 0.00877152 0.00205022 -0.00678236 -0.0150632 -0.0201394 -0.0207569 -0.0173761 -0.0119445 -0.00630137 -0.000823104 0.00455721 0.00928057 0.0134058 0.018036 0.0230602 0.0268246 0.0290229 0.0310223 0.0331767 
0.033394 0.0278596 0.0262584 0.0297998 0.0341217 0.0337255 0.0281376 0.0214938 0.0171726 0.0153237 0.014191 0.0112473 0.00457191 -0.00505784 -0.0145086 -0.0208172 -0.0225309 -0.0197203 -0.0138829 -0.006926 0.000308492 0.00754865 0.0139017 0.0191924 0.0251066 0.0323744 0.0386717 0.0416914 0.041545 0.0387229 
0.0292031 0.0215064 0.018368 0.0209917 0.0257295 0.0274293 0.0243872 0.0192062 0.0151038 0.0128982 0.0113907 0.00860795 0.0029287 -0.00535084 -0.0139116 -0.0202217 -0.0227541 -0.0210302 -0.0156949 -0.00815979 0.000482908 0.00944448 0.0174302 0.023871 0.0303653 0.0380201 0.0444085 0.046328 0.0435655 0.0374617 
0.0243576 0.0191553 0.0169582 0.0179866 0.0209008 0.023318 0.0231413 0.0201562 0.0156372 0.010821 0.00649388 0.00269746 -0.00159205 -0.00724858 -0.0136875 -0.0193307 -0.0225981 -0.0223233 -0.0181531 -0.0107979 -0.00153302 0.00820408 0.0167258 0.0231976 0.0290338 0.0356605 0.0410189 0.0416984 0.0375605 0.0310696 
0.0221725 0.0213244 0.0216113 0.0216439 0.0218926 0.0231894 0.0242852 0.0228464 0.0177744 0.0101719 0.00279517 -0.00224534 -0.00545156 -0.00879014 -0.0132259 -0.0180568 -0.0217119 -0.0225357 -0.0194857 -0.0128374 -0.00415134 0.00457319 0.0115908 0.0163014 0.0203033 0.0255794 0.0307859 0.0323937 0.0296549 0.0252813 
0.021195 0.0233989 0.0264515 0.0271162 0.0256258 0.0246942 0.0249707 0.0240023 0.0191818 0.0108926 0.00255209 -0.00286687 -0.00563482 -0.00801652 -0.0114252 -0.0154776 -0.018759 -0.01966 -0.0170711 -0.0113101 -0.00433691 0.00155506 0.00511127 0.00664745 0.00836548 0.0127913 0.0192091 0.0237271 0.0240529 0.0219945 
0.0170767 0.0198315 0.0253266 0.0287472 0.0280473 0.0255901 0.0238845 0.0222473 0.0183008 0.0117289 0.00505738 0.000526149 -0.0022107 -0.00481054 -0.00804063 -0.0113379 -0.0136043 -0.0137573 -0.0110937 -0.00618483 -0.00127076 0.00125072 0.000760148 -0.00121189 -0.00163283 0.00231106 0.010122 0.0173831 0.0200058 0.0184147 
0.00823631 0.00954589 0.0166975 0.0242296 0.0270844 0.0252913 0.0219521 0.018786 0.0152762 0.0111802 0.00747742 0.00470473 0.00218097 -0.000815453 -0.00407305 -0.00673263 -0.008004 -0.00736874 -0.00457391 -0.000323766 0.00312107 0.00322988 -0.000416307 -0.00538256 -0.00779475 -0.00466677 0.00347796 0.0118571 0.0150362 0.0121432 
-0.00147044 -0.00257902 0.00470668 0.0155437 0.0227456 0.0233951 0.0196728 0.0149138 0.010944 0.00844992 0.00734443 0.00657462 0.00496613 0.00231219 -0.000656416 -0.00292105 -0.00371816 -0.00270292 0.000132013 0.00403841 0.00684586 0.00583766 0.000347667 -0.00686338 -0.0112932 -0.00965577 -0.00229369 0.00608031 0.00926239 0.00511202 
-0.00454304 -0.00811948 -0.00286562 0.00799875 0.0171438 0.0198514 0.0166881 0.011089 0.00633469 0.0042386 0.0045677 0.00552695 0.00551082 0.00415299 0.00198939 6.40353e-06 -0.000737617 0.000358691 0.00324519 0.00707995 0.00976304 0.00850522 0.00230077 -0.00626578 -0.0124573 -0.0125238 -0.00616717 0.00245824 0.00676594 0.00318151 
0.00324512 -0.00209186 -0.000761689 0.00601786 0.0128987 0.0154823 0.0130283 0.00770427 0.00268499 0.000387914 0.00107554 0.00312222 0.00478463 0.00520433 0.00430181 0.00283197 0.0021568 0.00327137 0.00621674 0.010119 0.0130126 0.0122046 0.00637943 -0.00240637 -0.00957222 -0.0109045 -0.00519257 0.00430316 0.0110015 0.0100134 
0.0159701 0.0100944 0.00721165 0.00770735 0.00934804 0.00977627 0.00781367 0.00383404 -0.000339954 -0.00250241 -0.00180397 0.000794648 0.00373476 0.00579732 0.00634803 0.00577926 0.00545014 0.00659289 0.00948022 0.013438 0.0167844 0.0169862 0.0123894 0.00438161 -0.0028365 -0.00486572 0.000165698 0.00994005 0.0184967 0.0204584 
0.0209589 0.015892 0.0106091 0.00600825 0.00247588 0.000143415 -0.00157812 -0.00347843 -0.00540585 -0.00612859 -0.0046926 -0.00146935 0.00234289 0.00554299 0.00733319 0.00778634 0.00794608 0.00903669 0.0116186 0.0153823 0.019002 0.0201172 0.0168168 0.00994792 0.00322216 0.000691079 0.00422543 0.0122566 0.0201386 0.0232847 
0.0102768 0.00709735 0.00224086 -0.00406326 -0.0103826 -0.0147823 -0.0164581 -0.016039 -0.0145294 -0.0121831 -0.00874501 -0.00442443 2.74743e-05 0.00381403 0.00635244 0.00753319 0.00797036 0.00871372 0.0105529 0.0135462 0.0167117 0.0179252 0.0152438 0.00917428 0.00280673 -0.000610404 0.000317655 0.0045841 0.009217 0.0113169 
-0.0128008 -0.0136947 -0.0161625 -0.0210945 -0.0273822 -0.032394 -0.0338471 -0.0312835 -0.0260967 -0.0200012 -0.0139164 -0.00822704 -0.00320001 0.000919894 0.00382611 0.00527705 0.00550827 0.00535504 0.0057687 0.00718465 0.00901254 0.00943711 0.00658388 0.000614567 -0.00611133 -0.0111337 -0.0134053 -0.0134104 -0.0126639 -0.0124358 
-0.0374968 -0.0367058 -0.0367178 -0.0390646 -0.0433808 -0.0472952 -0.0478418 -0.0436109 -0.0358235 -0.0269294 -0.0186901 -0.0117171 -0.00596418 -0.00135566 0.00184588 0.00321868 0.00274001 0.00110752 -0.000551254 -0.00135146 -0.00140666 -0.00221941 -0.00567591 -0.0120688 -0.0197021 -0.0265262 -0.0314583 -0.0345321 -0.0364195 -0.0374925 
-0.0539014 -0.0527492 -0.0516281 -0.0518639 -0.0535365 -0.0550993 -0.0540412 -0.0488011 -0.0401666 -0.0303043 -0.021001 -0.0129989 -0.00632458 -0.00100677 0.00249556 0.00356657 0.00206867 -0.00129025 -0.00516125 -0.00825111 -0.0102676 -0.0124469 -0.0166509 -0.0234806 -0.0316537 -0.0392968 -0.0452686 -0.0494348 -0.0522189 -0.0537987 
-0.0588245 -0.0584336 -0.0576049 -0.0569036 -0.0564077 -0.0554694 -0.0526917 -0.0469854 -0.0387005 -0.0291825 -0.0197133 -0.0110648 -0.00360267 0.00228064 0.00587249 0.00644102 0.00386537 -0.0010191 -0.00667213 -0.0116076 -0.0153514 -0.0188959 -0.0238413 -0.0307236 -0.0384321 -0.0453655 -0.0506518 -0.0542792 -0.056697 -0.0582443 
-0.0556606 -0.0560438 -0.055926 -0.055185 -0.0536579 -0.0512047 -0.0473445 -0.0414804 -0.0336924 -0.0247422 -0.0155076 -0.0067204 0.000991889 0.00692654 0.0102191 0.0101401 0.00665364 0.000709828 -0.00609302 -0.0122965 -0.017383 -0.0220496 -0.0274631 -0.0339353 -0.0405027 -0.0459786 -0.0499038 -0.0523802 -0.0538403 -0.0548701 
-0.0497924 -0.0497183 -0.0493108 -0.0484432 -0.0468131 -0.0442022 -0.0402834 -0.0345701 -0.0270974 -0.0185985 -0.0098866 -0.00156974 0.0057135 0.0111426 0.0138409 0.0131762 0.00917838 0.00276974 -0.00457554 -0.0115404 -0.0175425 -0.022895 -0.0283424 -0.0341298 -0.0396021 -0.0439869 -0.0470522 -0.0487848 -0.0494248 -0.0496402 
-0.0438008 -0.0417308 -0.0392947 -0.037244 -0.0355319 -0.0334886 -0.0302445 -0.0251248 -0.0183655 -0.0109626 -0.0036355 0.00336495 0.00957434 0.0141293 0.0161847 0.0152299 0.0112911 0.00510334 -0.00211653 -0.00923533 -0.0156113 -0.02121 -0.0264343 -0.0315463 -0.036243 -0.0401222 -0.0430573 -0.0448251 -0.0453339 -0.0449569 
-0.0355442 -0.0309852 -0.0256306 -0.0215521 -0.0193054 -0.0177665 -0.0153742 -0.0113728 -0.00642367 -0.00163537 0.00285687 0.00752691 0.012137 0.0156728 0.0172192 0.0163216 0.0129396 0.00757111 0.00118945 -0.00522791 -0.0110905 -0.0162844 -0.0210412 -0.0255006 -0.0294604 -0.0328247 -0.0356715 -0.0376875 -0.0384808 -0.0379358 
-0.021211 -0.0151394 -0.00784106 -0.00244232 1.96695e-06 0.000962465 0.00235208 0.00463206 0.00665477 0.00754888 0.00819671 0.00998323 0.0128415 0.0154683 0.0167335 0.0161169 0.0134716 0.00914152 0.0040304 -0.000883822 -0.00510631 -0.00877667 -0.0123085 -0.01571 -0.0185933 -0.0209706 -0.0230721 -0.0245541 -0.0250153 -0.0242415 
-0.00197535 0.00407501 0.0112991 0.0160735 0.0172936 0.0168234 0.01663 0.016706 0.0155784 0.0127727 0.0100717 0.00953422 0.0111403 0.013279 0.014561 0.0143193 0.0122953 0.00880237 0.00486591 0.00167891 -0.000191973 -0.00121956 -0.00237125 -0.00389927 -0.00532828 -0.00652287 -0.00740162 -0.0073749 -0.00644317 -0.00502402 
0.0138976 0.0188382 0.0245012 0.0271819 0.0260331 0.0233351 0.0211401 0.0192472 0.0161132 0.0114536 0.00735177 0.00604335 0.00742811 0.00967149 0.0112132 0.0113114 0.00968908 0.00668775 0.00344604 0.00144857 0.00161971 0.00343764 0.00531678 0.00628042 0.00637622 0.00588916 0.00572604 0.00709364 0.00944534 0.0113779 
0.0178154 0.0210649 0.0247363 0.0254154 0.0224311 0.0181009 0.0146257 0.0120853 0.00905761 0.00505068 0.00181458 0.00137185 0.00350601 0.00626566 0.00804375 0.00821994 0.00669801 0.0038361 0.000666669 -0.00116376 -0.000198415 0.0033818 0.00768593 0.010926 0.0122779 0.0118382 0.0113139 0.0126539 0.0150476 0.0164753 
0.00911241 0.0102677 0.0121775 0.0121605 0.00935176 0.00532704 0.0022442 0.000773786 -0.000284231 -0.00189599 -0.00295411 -0.00175232 0.00147356 0.00476439 0.00651637 0.00634711 0.00450424 0.00136054 -0.00235623 -0.00504978 -0.00480423 -0.00125421 0.00389876 0.00849542 0.010858 0.0104522 0.00911929 0.00919129 0.0100077 0.00967731 
-0.00440622 -0.00542624 -0.00457992 -0.00364357 -0.00419132 -0.00611675 -0.00760825 -0.00733066 -0.00613626 -0.00537092 -0.00449442 -0.00203443 0.00188866 0.00541527 0.00692165 0.00618428 0.00377304 9.21937e-05 -0.00448037 -0.00860108 -0.0101386 -0.00808696 -0.00341631 0.00192483 0.00557837 0.00595937 0.00427139 0.00279293 0.00129353 -0.00148325 
-0.0136882 -0.016174 -0.01511 -0.0118271 -0.00910439 -0.00853266 -0.00878323 -0.00788885 -0.00607128 -0.00458797 -0.00318478 -0.000587072 0.00322087 0.00656984 0.00783334 0.00678353 0.00410411 0.000188413 -0.00489912 -0.0102336 -0.0137011 -0.0135076 -0.00944865 -0.00303731 0.00252923 0.00428557 0.00261008 -0.000152081 -0.00367153 -0.00866373 
-0.015073 -0.0175747 -0.014889 -0.00869665 -0.00309959 -0.00103823 -0.00162586 -0.00229904 -0.00222237 -0.00197459 -0.00140814 0.000363564 0.0033502 0.00617986 0.00737999 0.00661909 0.00441512 0.00104655 -0.00366039 -0.00925061 -0.0137666 -0.0145979 -0.0103202 -0.00223371 0.00531978 0.00803123 0.0059555 0.00206978 -0.00272312 -0.00901223 
-0.0112935 -0.0125075 -0.00771335 0.000709577 0.00785461 0.00995741 0.00749915 0.00371781 0.000885702 -0.000690344 -0.00119223 -0.00046051 0.00141789 0.00358709 0.00497639 0.00511792 0.00414689 0.00214785 -0.00119343 -0.00581744 -0.0100133 -0.01066 -0.00554656 0.00397518 0.0126019 0.0152364 0.0121125 0.00699076 0.00128454 -0.00547711 
-0.00877189 -0.00834021 -0.00206744 0.0073676 0.0150199 0.0164618 0.0117372 0.00509925 0.000412826 -0.00167684 -0.00240466 -0.00253928 -0.00193002 -0.000487573 0.00127767 0.00266537 0.00333212 0.0031699 0.0017695 -0.00114543 -0.00423372 -0.00439006 0.000831794 0.0101737 0.018283 0.0201353 0.016072 0.00986304 0.00315853 -0.00386993 
-0.0115736 -0.00997469 -0.00306643 0.00681588 0.0150991 0.0164121 0.0102389 0.0022233 -0.00221199 -0.00293645 -0.00304989 -0.0042076 -0.00534446 -0.00491929 -0.0029221 -0.000489943 0.00157166 0.00306587 0.00350659 0.00225573 5.86444e-05 -0.000549794 0.00278911 0.00948612 0.0153515 0.0163137 0.0125623 0.00667543 -0.000332556 -0.00749393 
-0.0156995 -0.0138905 -0.00703559 0.00335946 0.0131214 0.0155774 0.00921797 0.000843786 -0.00265892 -0.00177392 -0.00149557 -0.00418565 -0.00757981 -0.00861218 -0.00693472 -0.00421506 -0.00157193 0.000889107 0.00269663 0.0028454 0.00119749 -0.000794237 -0.000984157 0.00124897 0.00365673 0.00381998 0.00211958 -0.000680178 -0.00564128 -0.0120243 
-0.0130887 -0.0123621 -0.0065724 0.00416413 0.0160581 0.0208374 0.0151625 0.00598973 0.00158023 0.0018582 0.00108426 -0.00347982 -0.00890915 -0.0113384 -0.0103517 -0.00795352 -0.00532554 -0.00237492 0.000548955 0.0021944 0.00143057 -0.0016417 -0.00516575 -0.00731286 -0.00852586 -0.00927333 -0.00799964 -0.00530014 -0.00540704 -0.00948832 
-0.00175513 -0.0032365 0.000138508 0.0104631 0.0245099 0.0321639 0.0274227 0.016278 0.00820316 0.00478805 0.00113989 -0.00531277 -0.01177 -0.0146634 -0.0138763 -0.0114942 -0.00858843 -0.00496578 -0.000891328 0.00232806 0.00286278 -0.00025197 -0.00541698 -0.0101672 -0.0140123 -0.0157232 -0.0118406 -0.0033663 0.00246445 0.00175062 
0.0129102 0.00842291 0.00794602 0.0165411 0.0319747 0.0423711 0.0388077 0.0255781 0.0128272 0.00422788 -0.00325794 -0.0114583 -0.0179838 -0.0202053 -0.0186299 -0.0154029 -0.011505 -0.00683696 -0.00174888 0.00250909 0.00396964 0.00137462 -0.00370345 -0.00879099 -0.0133671 -0.0151969 -0.00923489 0.00354911 0.014068 0.0163899 
0.0259544 0.0168591 0.0107277 0.0157911 0.031108 0.0435964 0.0419396 0.0283644 0.0126669 0.000114643 -0.0102904 -0.0194661 -0.0254285 -0.0264517 -0.0236465 -0.0192836 -0.0143317 -0.00882536 -0.00326854 0.00115626 0.00276627 0.000684277 -0.00328084 -0.00684783 -0.00982581 -0.00979288 -0.00125274 0.01454 0.0275716 0.0309709 
0.0373933 0.0208216 0.00704652 0.00691332 0.0203677 0.0337916 0.0344843 0.0225805 0.00665738 -0.00695578 -0.0174642 -0.0254459 -0.0297906 -0.0295138 -0.025911 -0.0211648 -0.0161299 -0.0107846 -0.00564041 -0.00178582 -0.000474501 -0.00196693 -0.00411686 -0.00471124 -0.00391213 0.000127117 0.0123641 0.0310202 0.0452602 0.0472087 
0.0509369 0.0247693 0.0022137 -0.00396064 0.00629364 0.0191754 0.0213952 0.0113294 -0.00362323 -0.0160534 -0.0237986 -0.0280916 -0.0295162 -0.0278891 -0.0242688 -0.0203525 -0.0165977 -0.0126499 -0.00883473 -0.00611975 -0.00531002 -0.00596054 -0.00551424 -0.00185021 0.00413678 0.0130428 0.0292626 0.0513269 0.0675449 0.0676041 
0.0703477 0.0353139 0.00409505 -0.00834963 -0.00186551 0.00957934 0.0120837 0.00260994 -0.0119216 -0.0228949 -0.0274346 -0.0279595 -0.0267263 -0.0241859 -0.0211434 -0.0188242 -0.0171475 -0.0151626 -0.0128678 -0.0112422 -0.0108301 -0.0104081 -0.00684367 0.00158964 0.0125166 0.0249968 0.0438231 0.0695902 0.0903701 0.091803 
0.0930732 0.0524071 0.0137444 -0.00477503 -0.00172089 0.00892132 0.0120105 0.00296589 -0.0114888 -0.0220022 -0.0256579 -0.0254713 -0.0239698 -0.0215995 -0.0193473 -0.0185804 -0.0188104 -0.0182422 -0.0163954 -0.0145411 -0.0135318 -0.0116814 -0.00526061 0.00689854 0.0207048 0.0340043 0.0528262 0.081045 0.107786 0.114613 
0.107276 0.0652965 0.022252 -0.000656364 0.000507422 0.0124363 0.0183683 0.0115867 -0.00200549 -0.0131655 -0.0189771 -0.0216151 -0.0222533 -0.0209506 -0.0194701 -0.0198418 -0.0212362 -0.0209044 -0.017836 -0.0137972 -0.0106065 -0.00688718 0.00142752 0.01534 0.0297766 0.0416694 0.0575632 0.0842005 0.113511 0.125586 
0.10158 0.0626177 0.0203256 -0.00296211 -0.000686168 0.0152671 0.0265922 0.0239107 0.0116497 -0.00122515 -0.0109839 -0.0178189 -0.0211972 -0.0211733 -0.0205194 -0.0217241 -0.0234723 -0.022288 -0.0168691 -0.00950054 -0.00322465 0.00235977 0.0113345 0.0252633 0.039206 0.0489101 0.0593482 0.0786756 0.103409 0.11618 
0.0784855 0.0458698 0.00952051 -0.0091499 -0.00202734 0.0200643 0.0372076 0.0376326 0.0250278 0.00919333 -0.0045369 -0.0146997 -0.0200969 -0.0212531 -0.0214699 -0.0230915 -0.0243241 -0.0214432 -0.01324 -0.00251627 0.00659265 0.0133368 0.0215303 0.0336727 0.0458689 0.0527398 0.0563182 0.064872 0.080119 0.0897475 
0.0522783 0.0276487 -1.87685e-05 -0.0106446 0.00399041 0.032385 0.0525343 0.0516818 0.0351965 0.0154555 -0.000887198 -0.0125542 -0.0190987 -0.0213611 -0.0222572 -0.0236258 -0.0235195 -0.0182995 -0.00699886 0.00698023 0.0184743 0.0255403 0.031272 0.0388885 0.0463875 0.0487458 0.0457711 0.0450328 0.0521035 0.0593541 
0.0347657 0.0174063 -0.00267086 -0.00527213 0.0172131 0.0506337 0.0702362 0.0638089 0.0407773 0.0172347 0.0001333 -0.0113508 -0.018402 -0.0217104 -0.0231265 -0.0239377 -0.022358 -0.0148569 -0.000488812 0.016827 0.0308381 0.0380989 0.0402781 0.040856 0.040548 0.0368709 0.0292115 0.0238487 0.0278539 0.0363516 
0.0297842 0.0157824 -0.00181439 -0.000248955 0.0281404 0.0657634 0.0845161 0.0726886 0.043783 0.0174403 0.000589393 -0.00996768 -0.017101 -0.0212897 -0.0232993 -0.0239149 -0.0216392 -0.0131012 0.00294476 0.022685 0.0391674 0.0472048 0.0464123 0.040061 0.0317723 0.0228027 0.0134743 0.00842568 0.0141662 0.0265646 
0.0404566 0.0243034 0.00202072 0.00102648 0.030855 0.0717511 0.0923703 0.0796447 0.048272 0.0200286 0.00277486 -0.00743494 -0.0145829 -0.019374 -0.0219842 -0.0228089 -0.0207433 -0.0128774 0.0024634 0.0224684 0.0403792 0.049558 0.0474906 0.0368418 0.0234103 0.0120295 0.00478022 0.00489731 0.0167135 0.0346219 
0.0752466 0.0549807 0.0225127 0.0105484 0.0332665 0.0726009 0.0958408 0.0864937 0.0562532 0.0267173 0.0076715 -0.00356294 -0.0112549 -0.0166174 -0.0197162 -0.020853 -0.0194764 -0.013249 1.54495e-05 0.0188584 0.0371315 0.0472511 0.0450746 0.0324507 0.0163774 0.00490123 0.00298914 0.0135276 0.0375358 0.0654198 
0.145213 0.125932 0.0811922 0.0485014 0.0505315 0.0769337 0.0975357 0.0918554 0.0651035 0.0357973 0.0150074 0.00201533 -0.00695107 -0.013171 -0.0167191 -0.0183251 -0.0181476 -0.0139408 -0.00263311 0.0153561 0.0340553 0.0451602 0.0433383 0.0293492 0.0107699 -0.000846096 0.00398691 0.0296708 0.0741901 0.122184 
0.250883 0.241382 0.184377 0.121519 0.0877762 0.0864464 0.0945717 0.0890829 0.0671166 0.0412759 0.0215684 0.00826476 -0.0015648 -0.00848505 -0.0123517 -0.0146521 -0.0163017 -0.0146184 -0.00525959 0.0121971 0.031783 0.0446801 0.0442872 0.0296443 0.00841269 -0.00420297 0.00687033 0.0497868 0.121768 0.201615 
0.360555 0.366095 0.299642 0.204937 0.129271 0.091659 0.0796506 0.0704361 0.053894 0.0352972 0.0212407 0.0112422 0.00263314 -0.00420226 -0.0083013 -0.0112817 -0.0145547 -0.01527 -0.00819391 0.00811221 0.0284958 0.0442578 0.0473621 0.0345675 0.0128288 -0.000396333 0.0145426 0.0707534 0.167694 0.280552 
