0.388872 0.351986 0.289758 0.231292 0.19115 0.166402 0.148366 0.132142 0.11688 0.102635 0.0890168 0.0753224 0.0609973 0.0460292 0.0308127 0.0159326 0.00254636 -0.00739588 -0.0120707 -0.011329 -0.00740095 -0.00369606 -0.00222986 -0.00209981 -0.00102336 0.00187449 0.00641451 0.0153833 0.0367088 0.0794986 0.147109 0.232683 0.318087 0.377335 
0.357319 0.313738 0.252881 0.202141 0.171552 0.15373 0.137914 0.119844 0.100806 0.0829127 0.0669913 0.0528671 0.039985 0.0276467 0.0151561 0.00247932 -0.0088789 -0.0161301 -0.0170728 -0.0121856 -0.00489995 0.000602124 0.00239404 0.00186959 0.00174738 0.00338321 0.00731424 0.0170546 0.0406832 0.0862508 0.154707 0.23646 0.312293 0.358228 
0.268161 0.222442 0.172698 0.140283 0.127675 0.122802 0.114171 0.099185 0.0811683 0.0634902 0.0474729 0.0333452 0.0210944 0.0102336 -0.000272822 -0.0108656 -0.0200677 -0.0248697 -0.0230259 -0.0153782 -0.00590422 0.000929429 0.00322311 0.0023401 0.000870396 0.000447399 0.00248767 0.0112385 0.0342619 0.0774469 0.138656 0.205955 0.260807 0.284451 
0.166541 0.12163 0.0851091 0.0712981 0.0756936 0.0832075 0.0829868 0.0742015 0.061173 0.0471814 0.033189 0.0196984 0.00760701 -0.00277888 -0.0122744 -0.0214629 -0.029056 -0.0322086 -0.0288417 -0.019928 -0.00943914 -0.00168295 0.00148131 0.0010135 -0.00107227 -0.00308938 -0.00275039 0.00477293 0.025966 0.0640106 0.114003 0.163012 0.19465 0.196092 
0.0926561 0.0505313 0.0233885 0.0203597 0.0332856 0.0467602 0.0515508 0.0481068 0.0406144 0.0312684 0.0202248 0.00820282 -0.00305545 -0.012583 -0.0209846 -0.0288807 -0.0351048 -0.0369901 -0.0326457 -0.0231359 -0.0122984 -0.00407988 -6.66399e-05 0.000466669 -0.00109824 -0.00339738 -0.00381714 0.00266344 0.0214725 0.0536617 0.0928042 0.126528 0.141276 0.12872 
0.0588001 0.0213642 -0.00105571 -0.00200934 0.0100985 0.0217153 0.0257547 0.0236659 0.0191743 0.0132679 0.0052477 -0.00425065 -0.013293 -0.0208771 -0.0275944 -0.0339218 -0.0385675 -0.0389237 -0.0333509 -0.0232082 -0.0123722 -0.00432682 9.28342e-05 0.0019693 0.00217629 0.00104972 0.000430975 0.00506175 0.0201012 0.0461646 0.0769985 0.101739 0.109256 0.0934175 
0.0533651 0.021904 0.00184441 -0.00153051 0.00471341 0.00959829 0.00828495 0.00339564 -0.00129452 -0.00544165 -0.010499 -0.0165382 -0.0223986 -0.0276394 -0.0327633 -0.0376591 -0.0405729 -0.0389718 -0.0317718 -0.0209615 -0.0105422 -0.00325349 0.00135368 0.00514494 0.00833437 0.0093634 0.0082995 0.00943732 0.0188227 0.0385289 0.0638307 0.0853633 0.0932001 0.0814666 
0.0582773 0.0326642 0.0147942 0.00911542 0.0096805 0.00755401 -0.000222846 -0.00974017 -0.0165629 -0.0202458 -0.0227393 -0.0252957 -0.0282182 -0.0318839 -0.0364239 -0.0406692 -0.0421475 -0.0385616 -0.0298047 -0.0187386 -0.00927625 -0.00295271 0.00221907 0.00869927 0.015548 0.0188701 0.0168611 0.0136766 0.0169137 0.030909 0.0528191 0.074199 0.0851798 0.0792972 
0.0613083 0.0404689 0.0255834 0.0201717 0.0185581 0.012799 0.000939663 -0.0123124 -0.0217329 -0.0261356 -0.0274018 -0.027832 -0.0292467 -0.0327673 -0.037987 -0.0425507 -0.0432578 -0.0382211 -0.0285507 -0.0179491 -0.00985442 -0.00429821 0.00197812 0.0113435 0.0213146 0.0260915 0.0229134 0.01629 0.0150278 0.0250159 0.0447237 0.0662069 0.0793788 0.077374 
0.0580245 0.0410417 0.0299744 0.0276585 0.0282561 0.0238487 0.0122146 -0.00224515 -0.0138548 -0.0202001 -0.022327 -0.0229476 -0.0249094 -0.0297715 -0.0366037 -0.0421432 -0.0427597 -0.0371224 -0.0274653 -0.0179959 -0.0113508 -0.00619089 0.00130969 0.0127198 0.0241005 0.0287905 0.0242631 0.0156464 0.0120351 0.0195586 0.0372709 0.0578126 0.0713393 0.0710576 
0.0490798 0.0355434 0.0285971 0.0311041 0.0373146 0.0387626 0.0316716 0.0188538 0.00591315 -0.00324456 -0.0082175 -0.0114051 -0.0159379 -0.0233209 -0.032143 -0.0387436 -0.0396218 -0.034169 -0.0253986 -0.0174926 -0.0121101 -0.00698599 0.00152313 0.013809 0.0248735 0.0280487 0.0216358 0.0113041 0.0058534 0.0110511 0.0263585 0.0452934 0.0586029 0.0595861 
0.0384755 0.0279389 0.0244841 0.0317338 0.0446239 0.0540931 0.0540575 0.044842 0.0314702 0.0192385 0.0101839 0.00275082 -0.00570468 -0.0160646 -0.0264676 -0.0334575 -0.0343524 -0.0294539 -0.0221165 -0.0159497 -0.0115604 -0.00615207 0.00335913 0.0161908 0.0265427 0.0278151 0.0188607 0.00566356 -0.00300894 -0.00115422 0.0115164 0.0293669 0.0433381 0.0463002 
0.0324233 0.0237767 0.0219648 0.0317172 0.0492209 0.0652991 0.0717412 0.0662701 0.0529461 0.0379306 0.0246073 0.0125188 0.000110277 -0.0124642 -0.0230354 -0.0289622 -0.028983 -0.0244043 -0.0185128 -0.0139662 -0.0103323 -0.00442063 0.00642053 0.0205116 0.0312179 0.0314353 0.019806 0.00245912 -0.0110286 -0.0131801 -0.00235645 0.0160666 0.0321928 0.037815 
0.0358419 0.0272033 0.0240158 0.0321524 0.0494995 0.0675949 0.0771026 0.0738027 0.0606088 0.0437369 0.0272712 0.0117998 -0.00290832 -0.0156475 -0.0242867 -0.0274594 -0.0255417 -0.0206628 -0.0156966 -0.0122612 -0.00908789 -0.00263802 0.00967458 0.0257021 0.0379694 0.0383561 0.0246849 0.00313246 -0.01523 -0.0205417 -0.00964931 0.0115102 0.0311837 0.0396714 
0.0478481 0.0370927 0.029231 0.0312924 0.0431934 0.05797 0.0663771 0.0632699 0.0504602 0.0334329 0.0162128 0.000101514 -0.0140432 -0.0244103 -0.0293681 -0.0289153 -0.02469 -0.0190857 -0.014262 -0.0109963 -0.00767269 -0.00070115 0.0125892 0.0300053 0.0436277 0.0445375 0.0297548 0.00540384 -0.0160327 -0.0224075 -0.00935582 0.0161361 0.0400881 0.051232 
0.0615346 0.0471819 0.0326651 0.0261764 0.0296819 0.0380002 0.0427787 0.0388509 0.0271885 0.0120987 -0.00304324 -0.0167027 -0.027535 -0.0338359 -0.0348098 -0.0314262 -0.0257005 -0.0195204 -0.0141233 -0.00982422 -0.005338 0.00234692 0.0156932 0.0327017 0.0457771 0.0461959 0.030868 0.00579768 -0.0159781 -0.0211654 -0.00488583 0.0249087 0.0525387 0.0655278 
0.0690865 0.0509498 0.0302265 0.0160201 0.0118502 0.0139569 0.0150586 0.0105289 0.000913094 -0.010636 -0.0216303 -0.0307636 -0.0369246 -0.039158 -0.0375006 -0.0331234 -0.0274128 -0.0211561 -0.0147005 -0.00832855 -0.00165742 0.00712258 0.0197608 0.0344447 0.0446226 0.042943 0.0271821 0.00330152 -0.016209 -0.0185949 0.000509021 0.0325838 0.0615219 0.0746054 
0.0667898 0.046044 0.0217327 0.00324263 -0.0052316 -0.00674159 -0.00773224 -0.0120838 -0.0192585 -0.026868 -0.0331931 -0.0374719 -0.0393973 -0.0390521 -0.036929 -0.0335793 -0.0291031 -0.0231002 -0.0153779 -0.00655501 0.00265454 0.012676 0.0242776 0.0357142 0.0417732 0.0371425 0.0211616 -6.45176e-05 -0.0154085 -0.014239 0.00615037 0.0370778 0.0636523 0.0744192 
0.0558069 0.0346985 0.0104281 -0.00813215 -0.0169551 -0.0189875 -0.0201573 -0.023678 -0.0287655 -0.0332931 -0.0359889 -0.0367535 -0.0362963 -0.0355328 -0.0348021 -0.0335227 -0.0305111 -0.0246671 -0.015821 -0.00513385 0.0058167 0.0164609 0.0268221 0.0352279 0.0376622 0.0307114 0.015295 -0.0022743 -0.0125848 -0.00806992 0.0115438 0.0378228 0.0586258 0.0652419 
0.0402824 0.0216129 0.000801256 -0.0144421 -0.0207271 -0.0210964 -0.0211187 -0.0235521 -0.0273461 -0.0302939 -0.0312997 -0.0308934 -0.0305803 -0.0314455 -0.0330289 -0.0335912 -0.0313095 -0.0252396 -0.0157932 -0.00467774 0.00616479 0.015919 0.0245341 0.030667 0.031136 0.0236169 0.00989782 -0.00372794 -0.00948674 -0.00284495 0.0141186 0.0337106 0.0474012 0.0499242 
0.0251104 0.0113321 -0.0037914 -0.0140443 -0.0167318 -0.0147908 -0.0133269 -0.0147915 -0.017999 -0.0206302 -0.0217486 -0.0224366 -0.0244832 -0.0282992 -0.0321607 -0.0335431 -0.0308929 -0.0242405 -0.014928 -0.00506534 0.00355854 0.0106442 0.0168409 0.0215012 0.0218649 0.0156236 0.00435959 -0.00605354 -0.00903504 -0.00211857 0.0111904 0.0243405 0.0322273 0.0326265 
0.0134085 0.00573438 -0.00308147 -0.00836412 -0.00795433 -0.00433072 -0.00188537 -0.00275185 -0.0057222 -0.00854175 -0.0106294 -0.0135569 -0.0188909 -0.0257934 -0.0312164 -0.0323756 -0.0286386 -0.0213674 -0.0128443 -0.00538175 -0.000270239 0.00318418 0.00678829 0.010721 0.0122363 0.00822605 -0.000730776 -0.00946877 -0.0120245 -0.00667107 0.00290076 0.0114248 0.0162189 0.0169772 
0.00480597 0.00316758 0.000164866 -0.000935938 0.00162903 0.00600254 0.00863786 0.00783669 0.00489006 0.00188832 -0.00108067 -0.00597939 -0.0138984 -0.0227732 -0.0286711 -0.0290226 -0.0242178 -0.0166935 -0.00935688 -0.00451927 -0.00283223 -0.00252222 -0.000735538 0.00318178 0.00613302 0.0040576 -0.00349853 -0.0121091 -0.0161725 -0.0138465 -0.00803235 -0.0026137 0.00116669 0.0038124 
-0.00292753 0.000765329 0.00283342 0.00535437 0.00970042 0.0144344 0.0166897 0.0152991 0.0118792 0.00852515 0.00498729 -0.000868903 -0.00968281 -0.0187212 -0.0239366 -0.0233086 -0.0179238 -0.0106794 -0.00465634 -0.00197335 -0.00260133 -0.00386446 -0.00241987 0.00213863 0.006094 0.00491192 -0.00220984 -0.0114316 -0.0178252 -0.0194982 -0.0181317 -0.0158742 -0.0127823 -0.00812226 
-0.0101051 -0.00222123 0.00405537 0.00989677 0.0161892 0.0214688 0.023156 0.0205749 0.0158838 0.0114991 0.00726193 0.00122887 -0.00692382 -0.0145126 -0.0181219 -0.0164568 -0.0108982 -0.00426752 0.000522935 0.00171332 6.13227e-05 -0.00108206 0.00148955 0.00723964 0.0117097 0.0105637 0.00350925 -0.00598783 -0.014238 -0.0199767 -0.0237801 -0.0256636 -0.0241794 -0.0184242 
-0.0144054 -0.00437605 0.00454963 0.0129744 0.0211817 0.0272592 0.0285381 0.0246339 0.0181629 0.0120002 0.00653286 0.000449644 -0.00631292 -0.0116312 -0.0131621 -0.0103714 -0.00470793 0.00129319 0.00502638 0.00521867 0.0034015 0.00340154 0.0078852 0.0150802 0.019889 0.0186269 0.0119932 0.00326703 -0.00535819 -0.0138199 -0.0220972 -0.0282364 -0.0292141 -0.0238673 
-0.0146349 -0.00535421 0.00392327 0.0135288 0.0230451 0.0299341 0.0313068 0.0267958 0.0190212 0.011063 0.00407034 -0.00226334 -0.00765367 -0.0106891 -0.0101704 -0.0062555 -0.000433737 0.00500103 0.00777278 0.0071849 0.00548627 0.00671881 0.0128464 0.0210755 0.026073 0.0249839 0.0194375 0.0125905 0.00539395 -0.00331048 -0.0135403 -0.022336 -0.0257864 -0.0225103 
-0.0133371 -0.00728104 0.000312392 0.00963384 0.0195583 0.0270902 0.0292997 0.0256238 0.0180725 0.00939118 0.00135886 -0.00520672 -0.00954972 -0.0108243 -0.00874765 -0.00401261 0.00180664 0.00654746 0.00827968 0.00691538 0.00520112 0.00700943 0.0135564 0.0215738 0.0261446 0.025329 0.0212896 0.0169378 0.0124715 0.00595065 -0.00315069 -0.0121525 -0.0173617 -0.0173207 
-0.0140733 -0.0119176 -0.00673748 0.00146096 0.0110019 0.0188708 0.0224682 0.0209959 0.0154509 0.00775535 -8.83183e-05 -0.0064155 -0.0100354 -0.0103793 -0.00763559 -0.00274878 0.00263216 0.00639938 0.0069618 0.00477101 0.00275083 0.0042083 0.00961528 0.0157956 0.0188845 0.0179483 0.0152755 0.0133032 0.0118509 0.00872426 0.0027572 -0.00452499 -0.0104659 -0.0136338 
-0.0172563 -0.0178569 -0.0144771 -0.00745858 0.00120535 0.00890678 0.0137154 0.0147908 0.0122152 0.00696062 0.000744528 -0.00458503 -0.00770884 -0.00805653 -0.00572563 -0.00150924 0.00297223 0.00561332 0.00506556 0.00213507 -0.000363342 9.94399e-05 0.00332728 0.00657379 0.00733023 0.00567773 0.00380174 0.00351167 0.00441229 0.00441811 0.00191018 -0.00287852 -0.00853219 -0.0137061 
-0.0201623 -0.0218294 -0.0191528 -0.0129034 -0.00526517 0.0016766 0.00676667 0.00947055 0.00953792 0.00728691 0.00373798 0.000119385 -0.00259064 -0.00365089 -0.00257697 0.000373286 0.00375264 0.00543103 0.00414807 0.000824111 -0.00201144 -0.00257429 -0.00156097 -0.00122114 -0.00283644 -0.00548934 -0.00716923 -0.00667242 -0.00454082 -0.00257003 -0.00249109 -0.00498597 -0.00966678 -0.0153665 
-0.0204968 -0.0221717 -0.0194955 -0.0136115 -0.00686623 -0.00102145 0.00335205 0.00628533 0.00788562 0.00831936 0.00775399 0.00624382 0.00405905 0.00213699 0.00174317 0.00331987 0.00570345 0.0067885 0.00531651 0.00212757 -0.000626835 -0.0017564 -0.00225591 -0.00395494 -0.00727602 -0.0107791 -0.0126457 -0.01214 -0.00987923 -0.00728585 -0.00588693 -0.00679566 -0.0103479 -0.0156681 
-0.0188278 -0.0202066 -0.0174965 -0.0119589 -0.00592672 -0.00102957 0.0023922 0.00486321 0.00715811 0.00964484 0.0117564 0.0123371 0.0109135 0.00854717 0.00711733 0.00762334 0.00921572 0.00995827 0.00865742 0.00599726 0.0037001 0.00247466 0.00116928 -0.00171961 -0.00608799 -0.0102386 -0.0125364 -0.0125749 -0.0109992 -0.00884322 -0.00722997 -0.00732524 -0.00991505 -0.0144888 
-0.0175581 -0.0184688 -0.0160549 -0.0113299 -0.00611444 -0.00174121 0.00143298 0.0040252 0.00718145 0.0114133 0.0156503 0.0179519 0.0174256 0.0152042 0.0134056 0.0132392 0.0141101 0.0144149 0.0131835 0.010989 0.00912921 0.00788453 0.0059932 0.00219062 -0.00308776 -0.00799571 -0.0110112 -0.011954 -0.0115168 -0.010421 -0.00931505 -0.00913967 -0.0108374 -0.0142465 
-0.0180639 -0.0179875 -0.016121 -0.0129635 -0.00914729 -0.00515124 -0.00128893 0.00268851 0.00761694 0.0137268 0.019593 0.0230584 0.0233 0.0215672 0.0198917 0.019345 0.0194585 0.0190271 0.017423 0.0152081 0.0133487 0.0117848 0.00916951 0.00438489 -0.00194953 -0.00789052 -0.011937 -0.0140254 -0.0149083 -0.0151054 -0.0148279 -0.0146032 -0.0152095 -0.016716 
-0.0190304 -0.0172797 -0.0159728 -0.0150863 -0.013582 -0.0104779 -0.00573955 0.000294579 0.00757722 0.015611 0.0226497 0.0267201 0.0274409 0.0262692 0.0250022 0.0243623 0.023854 0.0225948 0.0202924 0.0175715 0.0152229 0.0130287 0.00965895 0.00408145 -0.00309161 -0.00999496 -0.0151729 -0.0185538 -0.0208153 -0.022275 -0.0227971 -0.02247 -0.0216919 -0.0205914 
-0.0176654 -0.0139798 -0.0131576 -0.0148747 -0.0164494 -0.0152341 -0.010559 -0.00321043 0.00580367 0.015144 0.0227689 0.0270138 0.0280307 0.0275019 0.0269588 0.0266964 0.0260576 0.0243293 0.0214567 0.0181493 0.0151726 0.012374 0.00862437 0.00298976 -0.00413543 -0.0112912 -0.017273 -0.0219055 -0.0254959 -0.0279832 -0.0289883 -0.0283555 -0.0261276 -0.0223425 
-0.012756 -0.00761392 -0.00720024 -0.0112123 -0.015916 -0.0174061 -0.0143199 -0.00748297 0.00158572 0.0109938 0.0184875 0.0226256 0.0239463 0.0242725 0.0248662 0.0255808 0.0255006 0.0239369 0.0209718 0.017403 0.0140804 0.011093 0.00767721 0.00304388 -0.00279331 -0.00910886 -0.0152109 -0.0207702 -0.0254177 -0.0285084 -0.0295603 -0.0285161 -0.0252731 -0.0196621 
-0.00663629 -0.000876448 -0.000541528 -0.00567792 -0.0124489 -0.0165644 -0.0161656 -0.0116352 -0.00429027 0.003917 0.0106222 0.0144283 0.0160411 0.0173365 0.0193369 0.0214708 0.0224919 0.0216191 0.0190032 0.0155548 0.0123032 0.00968028 0.00734317 0.00463033 0.00106993 -0.00351817 -0.00907646 -0.0150781 -0.0203378 -0.0236034 -0.0244922 -0.0233462 -0.0200891 -0.0142038 
-0.00383319 0.0020223 0.00314484 -0.00114374 -0.00788629 -0.0133967 -0.0156687 -0.0142765 -0.00968223 -0.0034425 0.00203935 0.0052482 0.00691767 0.00898313 0.0123172 0.0159616 0.0182713 0.0182655 0.0161168 0.0129039 0.00994099 0.00804961 0.00723686 0.006845 0.00584895 0.00319663 -0.00159196 -0.00773221 -0.0132989 -0.0166362 -0.0176601 -0.0172073 -0.0152142 -0.0106423 
-0.0070908 -0.0011452 0.00189722 0.000565814 -0.00377643 -0.00882867 -0.0127974 -0.0142951 -0.0125439 -0.00843496 -0.00436607 -0.00202138 -0.000638727 0.00185183 0.00625381 0.0112378 0.0147019 0.0153963 0.0135102 0.010368 0.00765587 0.00656143 0.00727125 0.00894727 0.0100045 0.00873268 0.00437503 -0.00196866 -0.00785785 -0.0115324 -0.0133099 -0.0144117 -0.0146581 -0.0123925 
-0.0144631 -0.00838695 -0.00285486 -5.19376e-05 -0.000473106 -0.00359855 -0.00810871 -0.0117018 -0.0123063 -0.0101099 -0.00746356 -0.00611726 -0.0051665 -0.00237415 0.00295139 0.00906205 0.0133874 0.0144419 0.0125107 0.00925154 0.00673083 0.006358 0.00824822 0.0112189 0.0132422 0.012326 0.00779193 0.00108808 -0.00512845 -0.00930253 -0.012175 -0.0151599 -0.0178595 -0.0180799 
-0.0210173 -0.0152033 -0.0077481 -0.00119393 0.00233083 0.00158342 -0.00271936 -0.0075755 -0.00986461 -0.00922608 -0.00790405 -0.00749635 -0.00681796 -0.00354319 0.00273941 0.00979784 0.0146688 0.0157747 0.0136348 0.0103 0.00811875 0.00846164 0.0110868 0.01438 0.0161255 0.0145429 0.009432 0.00259637 -0.00344534 -0.007705 -0.0114 -0.0159501 -0.0206543 -0.0229776 
-0.0239949 -0.0190663 -0.0109882 -0.00219065 0.0041691 0.00547837 0.00184018 -0.00342069 -0.00662171 -0.00711403 -0.00693404 -0.00728105 -0.0066214 -0.00270253 0.00445257 0.0121689 0.0172735 0.0182758 0.0160218 0.0129174 0.0114016 0.0125266 0.015489 0.0182733 0.0187838 0.0159074 0.0102545 0.00395467 -0.000984958 -0.0045537 -0.00856865 -0.0142729 -0.0204748 -0.0244033 
-0.0257466 -0.0218595 -0.0141365 -0.00462086 0.00326355 0.00623137 0.00388057 -0.000656572 -0.00379458 -0.00487486 -0.00557078 -0.00647817 -0.00575666 -0.00139679 0.00613851 0.0139583 0.0189548 0.0198648 0.0178182 0.0153809 0.0148191 0.0166786 0.0195967 0.0213331 0.0201585 0.0158476 0.00992695 0.00475759 0.00155645 -0.000928327 -0.00519468 -0.012128 -0.019756 -0.0249516 
-0.0310227 -0.0275283 -0.0201544 -0.0106445 -0.00203666 0.00253145 0.00236376 -0.000135552 -0.00215426 -0.00324177 -0.00452216 -0.00586269 -0.00524171 -0.00101108 0.00607886 0.0132767 0.0178411 0.0188126 0.0174373 0.0161154 0.0166384 0.0189703 0.0213873 0.0217117 0.0187347 0.0130798 0.0070343 0.00301398 0.00133486 -0.000502191 -0.00556059 -0.0142106 -0.0234921 -0.0297094 
-0.0419112 -0.0378624 -0.0301594 -0.0205551 -0.0113817 -0.00500333 -0.00219216 -0.00164844 -0.00179622 -0.0024864 -0.00414722 -0.00589562 -0.00566349 -0.00219172 0.00369425 0.00969722 0.0136599 0.0149468 0.0147336 0.0149386 0.0166113 0.0191022 0.0205393 0.0190816 0.0141679 0.00717472 0.000895566 -0.00245151 -0.0034797 -0.00565369 -0.0122335 -0.0229318 -0.0338726 -0.0407967 
-0.055951 -0.0509737 -0.0424244 -0.0323442 -0.0224418 -0.0141105 -0.00806094 -0.0041878 -0.00227222 -0.00246166 -0.00446361 -0.00670092 -0.00709997 -0.00471268 -0.000303863 0.00437432 0.00778376 0.00960579 0.0108694 0.0128684 0.0157786 0.0182946 0.0184649 0.014932 0.00793036 -0.000383909 -0.00690969 -0.00994093 -0.011109 -0.0144906 -0.0230256 -0.0356258 -0.0478483 -0.0552257 
-0.068484 -0.0630598 -0.0537957 -0.0431721 -0.0326052 -0.0226556 -0.0138649 -0.00712453 -0.00343544 -0.00325777 -0.005707 -0.0085688 -0.00964199 -0.00814142 -0.00481691 -0.00109032 0.00195557 0.00431726 0.00696489 0.0106567 0.0147526 0.0172995 0.0162478 0.010761 0.00198838 -0.00708282 -0.0132324 -0.0156146 -0.0170313 -0.0219008 -0.0324003 -0.0465357 -0.0596873 -0.0676238 
-0.0758328 -0.0706559 -0.0612542 -0.050604 -0.0400942 -0.0296067 -0.0193337 -0.0107741 -0.0059073 -0.00560827 -0.00864754 -0.0122116 -0.0137516 -0.0124974 -0.00938202 -0.00591141 -0.00300037 -0.000346508 0.00313422 0.00789807 0.0127182 0.0151613 0.0131627 0.00644237 -0.00295652 -0.0113771 -0.0158004 -0.0165471 -0.0176628 -0.0237328 -0.0359642 -0.0514204 -0.0654532 -0.0742343 
-0.0763802 -0.0715523 -0.0625783 -0.0528221 -0.0435918 -0.0341118 -0.0240443 -0.0150706 -0.00983894 -0.00972069 -0.0134325 -0.017682 -0.0194375 -0.0178267 -0.014119 -0.0102592 -0.00729283 -0.00469907 -0.00116983 0.003695 0.0084079 0.010385 0.00778461 0.000931392 -0.00745252 -0.0134754 -0.0147422 -0.0128916 -0.0130866 -0.0199221 -0.0336036 -0.0502268 -0.0649678 -0.0742963 
-0.0698152 -0.0648932 -0.056809 -0.0488439 -0.0418637 -0.0345213 -0.0260468 -0.0180262 -0.0133597 -0.0137975 -0.0182381 -0.0232017 -0.0252617 -0.0233403 -0.0189459 -0.0145252 -0.0114631 -0.0092234 -0.00631147 -0.00220432 0.00167713 0.00294886 0.000213831 -0.00565423 -0.011625 -0.0140759 -0.0115337 -0.00685619 -0.00600715 -0.0133845 -0.0281661 -0.0454145 -0.0599303 -0.0684723 
-0.0563657 -0.0512778 -0.0448297 -0.0393428 -0.0348005 -0.0296647 -0.0232702 -0.0171033 -0.0138543 -0.015285 -0.020547 -0.0263561 -0.0291917 -0.0277168 -0.0233575 -0.0188063 -0.0158229 -0.0140843 -0.012052 -0.00899224 -0.00602106 -0.00511067 -0.00719741 -0.0111224 -0.0139906 -0.0127845 -0.00691451 -6.78213e-05 0.00142869 -0.00639698 -0.0216538 -0.0383644 -0.0509999 -0.056964 
-0.0369805 -0.0327474 -0.0292775 -0.0269879 -0.0247061 -0.0212409 -0.0167225 -0.0127473 -0.011481 -0.0142567 -0.0203378 -0.0269122 -0.0307712 -0.0304419 -0.0269962 -0.0229763 -0.0203304 -0.0190248 -0.01761 -0.0151561 -0.0123905 -0.0108511 -0.0112101 -0.0124512 -0.0122502 -0.00829632 -0.000498627 0.00728123 0.00888113 0.000938491 -0.0136932 -0.0282671 -0.0373473 -0.0395847 
-0.014054 -0.0123359 -0.0132782 -0.015001 -0.0152468 -0.0134443 -0.010755 -0.00902333 -0.00988303 -0.0140356 -0.0206245 -0.027352 -0.0316773 -0.0323372 -0.0300625 -0.0269374 -0.0247419 -0.0235627 -0.0220828 -0.0192953 -0.0156295 -0.0122999 -0.00997122 -0.00817373 -0.00548273 -0.000243345 0.00766076 0.0149492 0.0162213 0.00887506 -0.0036202 -0.0144234 -0.0189232 -0.0175099 
0.00844566 0.00671148 0.0011089 -0.00482338 -0.0082832 -0.00911057 -0.00888504 -0.00943813 -0.0121173 -0.0172509 -0.0237999 -0.0298336 -0.0335989 -0.0343945 -0.0328641 -0.0305531 -0.0287311 -0.0272982 -0.0250312 -0.0210325 -0.0156458 -0.00990916 -0.00461742 -7.59784e-06 0.0043523 0.00955939 0.0160872 0.0217487 0.0224241 0.016457 0.00749637 0.00156749 0.00166773 0.00561602 
0.0265188 0.0220346 0.0135238 0.0046444 -0.0022212 -0.00686559 -0.0100759 -0.0129604 -0.0168349 -0.0222912 -0.028383 -0.0333578 -0.0360156 -0.0362686 -0.034941 -0.0332116 -0.0317265 -0.0299528 -0.0266808 -0.0212854 -0.0142379 -0.00648082 0.00114064 0.00787157 0.0133577 0.0182134 0.0231597 0.027025 0.0271366 0.0229605 0.0180474 0.0168956 0.0204432 0.0252401 
0.0389643 0.03364 0.0251449 0.0156093 0.00605199 -0.00290331 -0.0101501 -0.0152838 -0.0196776 -0.0248584 -0.0304621 -0.0347778 -0.036657 -0.0363305 -0.034965 -0.0337306 -0.0328173 -0.0311716 -0.0274899 -0.0214544 -0.0137508 -0.00518834 0.00358425 0.0117182 0.0184814 0.0240439 0.0288728 0.0321292 0.0322437 0.0298129 0.0282578 0.0304091 0.0353591 0.0393266 
0.0488498 0.0446214 0.0382751 0.0296011 0.0180428 0.00492266 -0.00630844 -0.0133959 -0.0177966 -0.0223896 -0.0277786 -0.0321756 -0.0339599 -0.033315 -0.0318672 -0.0311702 -0.0312446 -0.0305478 -0.0275596 -0.0221391 -0.015104 -0.00704373 0.00179265 0.0108604 0.0194893 0.0274753 0.0344724 0.039083 0.0401753 0.0392566 0.0397353 0.0432042 0.0477113 0.0500776 
0.0611161 0.0591549 0.0550353 0.0466441 0.0327041 0.0156017 0.000871225 -0.00774038 -0.0119178 -0.0159682 -0.0215138 -0.0265255 -0.0285919 -0.0276998 -0.0260655 -0.0258637 -0.0271451 -0.0279766 -0.0265406 -0.0226372 -0.0170412 -0.0101594 -0.00191031 0.00766251 0.0183713 0.0298492 0.0406235 0.048066 0.0508662 0.0511605 0.0525469 0.0561196 0.059841 0.0615621 
0.0778401 0.0783445 0.0749315 0.0649594 0.0477891 0.0270694 0.00958799 -0.000246174 -0.00448781 -0.00853608 -0.0146985 -0.0205445 -0.0228752 -0.0215969 -0.0195862 -0.0196102 -0.0218011 -0.0240114 -0.0241563 -0.0217559 -0.0174177 -0.0116279 -0.00432621 0.00501541 0.0171705 0.0319803 0.0467712 0.0572939 0.0616567 0.0624982 0.0640116 0.0676709 0.0720174 0.075524 
0.0957291 0.0978732 0.093448 0.0809245 0.0611168 0.0383574 0.0193483 0.00825756 0.00285973 -0.00245386 -0.00999358 -0.0168569 -0.0193787 -0.0176426 -0.0151106 -0.0148992 -0.0172017 -0.0199013 -0.0208021 -0.0190739 -0.0151977 -0.0101138 -0.00413075 0.00400062 0.0165306 0.0338507 0.052019 0.064874 0.0697001 0.069753 0.0705302 0.0748126 0.081856 0.0895606 
0.108051 0.110305 0.104058 0.0901363 0.0706001 0.0490392 0.0304323 0.0179468 0.00975906 0.00135212 -0.00867026 -0.0169233 -0.0197491 -0.0176741 -0.0145856 -0.0136782 -0.0151749 -0.0171894 -0.0176248 -0.0154661 -0.0112933 -0.00673179 -0.00245916 0.00377648 0.0159676 0.0350364 0.0555692 0.0693436 0.0728468 0.0703221 0.0693575 0.0746664 0.0857832 0.0986063 
0.109465 0.110578 0.102886 0.08993 0.0742992 0.0575164 0.0415646 0.0280389 0.0159773 0.00304472 -0.0104257 -0.0205127 -0.0239024 -0.0217128 -0.0181344 -0.0163077 -0.016452 -0.0169396 -0.0159257 -0.0125495 -0.00778141 -0.00383901 -0.0013709 0.00306462 0.0148602 0.0349159 0.0561613 0.0686714 0.068755 0.0622293 0.0591043 0.0657789 0.0811769 0.0983508 
0.100837 0.100567 0.0923317 0.0818153 0.0717182 0.0613617 0.0495655 0.036075 0.0206583 0.00332372 -0.0136328 -0.0256961 -0.0299092 -0.0278802 -0.0239906 -0.0213337 -0.0201255 -0.0189153 -0.0161708 -0.0114761 -0.00632023 -0.00313333 -0.00205458 0.0013384 0.0128776 0.0326339 0.0520729 0.0606662 0.0557616 0.0452844 0.0411272 0.0500646 0.069365 0.0894164 
0.0897238 0.0884812 0.080079 0.0713605 0.0652689 0.0599661 0.0520982 0.0397782 0.022934 0.00308862 -0.0160759 -0.0296232 -0.0347792 -0.0332746 -0.0294011 -0.0261763 -0.0239005 -0.0213475 -0.0173499 -0.0119694 -0.00699207 -0.00458586 -0.00420771 -0.00111503 0.00984572 0.0274379 0.0424392 0.0452471 0.0354551 0.0231176 0.0206988 0.0335867 0.056648 0.0785123 
0.084107 0.0823953 0.0735194 0.0647359 0.0595323 0.0561226 0.0503955 0.0395825 0.0233918 0.00371608 -0.015483 -0.0294076 -0.0354167 -0.0348974 -0.0315407 -0.0280826 -0.0250584 -0.0217514 -0.0174812 -0.012541 -0.0084847 -0.00685501 -0.00669516 -0.00378369 0.00565117 0.0192696 0.0282999 0.0253361 0.0126771 0.00176275 0.0041128 0.0225166 0.0494543 0.0728628 
0.0861277 0.0846259 0.0751636 0.0651155 0.0586176 0.0545254 0.0490395 0.0394607 0.025355 0.0081594 -0.00897026 -0.0221081 -0.0288819 -0.0299552 -0.0278718 -0.0247946 -0.0216169 -0.0184437 -0.0151626 -0.0119156 -0.00947876 -0.00867475 -0.00868311 -0.00646287 0.000310751 0.00890624 0.0120101 0.00493668 -0.00777384 -0.0145294 -0.00586571 0.0182847 0.0488764 0.0740657 
0.0959487 0.0952469 0.0852585 0.0736746 0.0653032 0.059685 0.0537844 0.0455539 0.0345327 0.0212333 0.00732935 -0.00460208 -0.0125458 -0.0161955 -0.0166174 -0.0152298 -0.0132925 -0.0117499 -0.0108966 -0.0103779 -0.00996196 -0.00998159 -0.0102986 -0.00931571 -0.00578215 -0.00209125 -0.00360551 -0.0124931 -0.02289 -0.0241069 -0.00907435 0.0202549 0.054382 0.0820692 
0.121538 0.120672 0.108353 0.0936647 0.082519 0.0750728 0.0689296 0.0625459 0.0551647 0.046078 0.0352968 0.0240039 0.0138959 0.00630778 0.00168077 -0.000621059 -0.00204335 -0.00399625 -0.00679081 -0.00943668 -0.0109278 -0.0115475 -0.0121067 -0.0122713 -0.0113695 -0.0110864 -0.014944 -0.0232108 -0.0294628 -0.0242105 -0.00225457 0.0333527 0.0729742 0.105136 
0.176684 0.17197 0.151918 0.129248 0.112095 0.10116 0.0940029 0.0888304 0.0841638 0.0781048 0.0692913 0.0577351 0.0447518 0.0323953 0.0223192 0.0146745 0.00823213 0.00171943 -0.00481903 -0.0099559 -0.0125264 -0.0132097 -0.013628 -0.0141572 -0.0142365 -0.014837 -0.0181465 -0.0232405 -0.023464 -0.0100354 0.0214565 0.0675341 0.117627 0.157785 
0.261745 0.248073 0.213448 0.176714 0.149401 0.13236 0.121962 0.115328 0.110281 0.1044 0.0956992 0.0833976 0.0681913 0.0521045 0.0372856 0.0245332 0.013309 0.00309958 -0.00549699 -0.0110928 -0.0131413 -0.0130598 -0.0128893 -0.0130117 -0.0125439 -0.0118329 -0.012242 -0.0121568 -0.00464285 0.0191112 0.063593 0.124998 0.190563 0.241558 
0.34781 0.321987 0.270421 0.21859 0.181055 0.157685 0.142531 0.131361 0.122068 0.112914 0.102315 0.0892556 0.0736866 0.0567697 0.0401323 0.0247553 0.0110309 -0.000348566 -0.00815643 -0.0115191 -0.011159 -0.00946409 -0.00854165 -0.00822504 -0.00697092 -0.00451086 -0.00161972 0.00385923 0.0193395 0.0539853 0.112259 0.18937 0.26966 0.329396 
