0.400011 0.402458 0.308274 0.178028 0.0763487 0.0243628 0.00924696 0.00844706 0.00771465 0.00581438 0.0048941 0.00296076 -0.00199384 -0.00810662 -0.0121182 -0.0122036 -0.0086521 -0.00297213 0.00332089 0.00871636 0.0116962 0.0127984 0.0155657 0.023555 0.0387625 0.062285 0.0947152 0.14058 0.212823 0.313878 
0.330961 0.334762 0.257397 0.150021 0.0669226 0.0254821 0.0136651 0.011252 0.00748445 0.00364029 0.0019369 -0.000280506 -0.00513504 -0.0108952 -0.0146373 -0.0145917 -0.0107128 -0.00438313 0.00212544 0.00652181 0.00846667 0.0109097 0.0173547 0.028061 0.0417918 0.0592111 0.0826073 0.11719 0.1745 0.257817 
0.202079 0.207112 0.162862 0.100989 0.0554067 0.0359897 0.0322713 0.0287223 0.0197557 0.0103682 0.00437854 -0.000579176 -0.00685051 -0.0130964 -0.016893 -0.0170074 -0.0136623 -0.00823713 -0.00300776 4.83274e-05 0.00178737 0.00611546 0.0151476 0.0260759 0.035734 0.0450812 0.0572609 0.0758469 0.107728 0.156558 
0.0954871 0.100164 0.0820826 0.0576356 0.0440489 0.0441777 0.0481689 0.0444289 0.031593 0.0177559 0.00833891 0.00112655 -0.00658059 -0.013488 -0.0173712 -0.0177828 -0.015681 -0.0123652 -0.00909329 -0.00656669 -0.00360117 0.00243416 0.0116571 0.0201982 0.025109 0.0277625 0.0311454 0.0376254 0.0507103 0.0728957 
0.0416084 0.0478262 0.0423723 0.0336599 0.0321865 0.0395394 0.0471317 0.0447764 0.0322318 0.0185869 0.00954812 0.00244735 -0.00549122 -0.0124617 -0.0161678 -0.0168708 -0.0161498 -0.0148596 -0.0127161 -0.00924689 -0.00416851 0.00272714 0.0102823 0.015647 0.0173836 0.0166716 0.0148267 0.0136523 0.0170986 0.0278717 
0.0252499 0.0381156 0.0384555 0.0297888 0.0236136 0.0267104 0.0332634 0.0322039 0.0221639 0.0118625 0.00605742 0.00111863 -0.00567782 -0.0119889 -0.015332 -0.0161889 -0.0161893 -0.0155035 -0.0127671 -0.00747325 -0.00100194 0.00522328 0.0104191 0.0133281 0.0134989 0.0116929 0.00725893 0.00104797 -0.000497708 0.00857056 
0.0208256 0.0436053 0.0501539 0.0391903 0.0241995 0.0184389 0.0198796 0.0174399 0.00908329 0.00227151 -0.000217952 -0.00281282 -0.00796844 -0.0132484 -0.0161812 -0.0170067 -0.0168363 -0.0152116 -0.0107251 -0.00409639 0.00183461 0.00609802 0.00994084 0.0126475 0.0123764 0.00909338 0.00184414 -0.00869988 -0.0136953 -0.00320029 
0.0143095 0.0448059 0.058852 0.051249 0.0335072 0.0207327 0.0147365 0.00822582 0.000495501 -0.00358096 -0.00422173 -0.00590789 -0.0101421 -0.0146122 -0.0172122 -0.0179045 -0.0171477 -0.0141478 -0.0082044 -0.00161702 0.00220937 0.00444325 0.00923715 0.0152664 0.0165184 0.010429 -0.00241401 -0.0184435 -0.0264296 -0.0148476 
0.00773778 0.0394339 0.0577018 0.0569722 0.0439208 0.0292177 0.0165754 0.00532784 -0.00198315 -0.00363069 -0.00335025 -0.00538206 -0.00980914 -0.0141953 -0.0168173 -0.0175096 -0.016416 -0.0129156 -0.00707584 -0.00184542 -0.000102019 0.00142318 0.00907751 0.0207085 0.0256302 0.0174343 -0.00154946 -0.0229062 -0.0330919 -0.0216863 
0.00828916 0.0349668 0.0512143 0.0554783 0.0506361 0.0391201 0.0229383 0.00763466 0.000165814 0.000239438 0.0010297 -0.00179383 -0.00711821 -0.0121577 -0.0153713 -0.016527 -0.0157912 -0.0131085 -0.0089775 -0.00565615 -0.00469608 -0.00205357 0.00875944 0.0249879 0.033663 0.0258441 0.00463872 -0.0183362 -0.0286214 -0.0178801 
0.0173336 0.0368844 0.0477436 0.0540153 0.0575659 0.052964 0.0374386 0.019359 0.00963994 0.00831535 0.00760328 0.00321114 -0.00332961 -0.00929329 -0.0134317 -0.0155256 -0.0157515 -0.0144864 -0.0123435 -0.010453 -0.00904618 -0.00438355 0.00860776 0.026668 0.0372088 0.0313059 0.0122915 -0.0077578 -0.0154596 -0.00475285 
0.0315679 0.0462351 0.0530727 0.0596758 0.0689996 0.0718893 0.060508 0.0414311 0.0268973 0.0196207 0.0143451 0.00753734 -3.2111e-05 -0.00654336 -0.0112879 -0.0141805 -0.0152563 -0.0148506 -0.013489 -0.0117408 -0.00931245 -0.00301909 0.0108228 0.0285365 0.0388235 0.0342706 0.0187747 0.00373517 0.000349079 0.0121852 
0.0467145 0.0597113 0.0648012 0.069756 0.079051 0.0848912 0.0776276 0.0595544 0.040659 0.0265457 0.016463 0.00799606 0.00039082 -0.00573696 -0.0101455 -0.0129682 -0.0140995 -0.0135062 -0.0114781 -0.0086465 -0.00506738 0.00184733 0.015075 0.0309105 0.0393933 0.035001 0.0225416 0.0125551 0.0139199 0.0279342 
0.0571076 0.0697415 0.0737804 0.0750942 0.0784425 0.0802468 0.0737778 0.058301 0.0392851 0.0228266 0.0114002 0.00342047 -0.00293443 -0.007682 -0.0108213 -0.0127704 -0.0133715 -0.0121674 -0.0091335 -0.00506617 -0.000649043 0.00591616 0.0171388 0.0299046 0.0360363 0.0318243 0.022452 0.0170055 0.0222303 0.0381438 
0.0566629 0.0696601 0.0738971 0.0720353 0.0675898 0.0615691 0.0529237 0.0404905 0.0254694 0.0120302 0.00302502 -0.00288235 -0.00743276 -0.0104644 -0.0121208 -0.0131457 -0.0133626 -0.0119766 -0.00866223 -0.00411385 0.000702903 0.0067009 0.0156319 0.025235 0.0295568 0.0263053 0.0199259 0.017191 0.0231377 0.0383079 
0.0438945 0.0585226 0.0654358 0.0631671 0.0536087 0.0413463 0.0302397 0.0201133 0.010119 0.00209896 -0.00290068 -0.00662002 -0.00984807 -0.0116433 -0.0122122 -0.0125992 -0.0126706 -0.0114878 -0.00850447 -0.00400826 0.00129077 0.0075862 0.0154504 0.0229762 0.0261737 0.0237596 0.0187093 0.0151041 0.0170408 0.0275087 
0.0251062 0.0410613 0.0510774 0.0503952 0.0400866 0.0263248 0.0147386 0.00607639 -0.000133666 -0.00323164 -0.00454963 -0.00664903 -0.00925436 -0.0104903 -0.0104469 -0.0103098 -0.0100738 -0.00889179 -0.00611066 -0.00152983 0.00466474 0.0122821 0.0205922 0.0271505 0.0290429 0.0258499 0.0195057 0.0122451 0.00787731 0.011838 
0.00743292 0.0221751 0.0324744 0.0328594 0.0246997 0.0138195 0.00467479 -0.00202048 -0.00554401 -0.00522574 -0.0037939 -0.00445529 -0.00649326 -0.00754222 -0.00736874 -0.00694984 -0.00635465 -0.00493997 -0.00204698 0.00282178 0.00982214 0.0186004 0.0274675 0.0330107 0.0324455 0.0261345 0.0164423 0.00579179 -0.00226093 -0.00248461 
-0.00863511 0.00261345 0.0104537 0.0105817 0.00509681 -0.00113409 -0.00565211 -0.00866268 -0.00921469 -0.00646356 -0.0030615 -0.00211611 -0.00317364 -0.00407908 -0.00418329 -0.00392022 -0.00329386 -0.00183969 0.00106384 0.00597695 0.0130158 0.0215773 0.0295121 0.0329134 0.0288954 0.0183817 0.00513592 -0.00682324 -0.0145627 -0.0156106 
-0.0231899 -0.0156819 -0.0102422 -0.0102766 -0.0137182 -0.016312 -0.0165053 -0.0152467 -0.0125317 -0.00807285 -0.0036628 -0.00141866 -0.00126793 -0.00178095 -0.00210397 -0.00211379 -0.00169528 -0.000489725 0.00211459 0.00665268 0.0129849 0.020108 0.0257836 0.0264959 0.0197725 0.0067584 -0.00810239 -0.0198295 -0.0262178 -0.0273752 
-0.0318947 -0.0268783 -0.0219563 -0.020948 -0.0230687 -0.0244037 -0.0228863 -0.0192147 -0.0144846 -0.00954682 -0.00539595 -0.00271306 -0.00150998 -0.0012838 -0.00139994 -0.00144558 -0.00121284 -0.000364463 0.00176611 0.00570465 0.0110732 0.0165675 0.0201386 0.0191637 0.012002 -0.000264813 -0.0139058 -0.0246461 -0.030872 -0.0333349 
-0.0324278 -0.0285754 -0.0230149 -0.0205365 -0.0220124 -0.0238939 -0.0230897 -0.0193786 -0.014414 -0.0100642 -0.00690957 -0.00445838 -0.00259955 -0.001604 -0.00129716 -0.00125615 -0.00122445 -0.000825747 0.000695476 0.00388678 0.00826539 0.0124859 0.0148374 0.0134769 0.00750915 -0.00198057 -0.012379 -0.0211492 -0.0275431 -0.0317325 
-0.0283519 -0.025241 -0.0197664 -0.0168912 -0.0183297 -0.0210341 -0.0213373 -0.0182444 -0.0135735 -0.0097892 -0.00737795 -0.00527403 -0.00319336 -0.00174856 -0.00113988 -0.00110366 -0.00139205 -0.00157672 -0.000845664 0.00137119 0.00462971 0.00774717 0.00934018 0.00799006 0.00320276 -0.00371559 -0.0106419 -0.0165505 -0.0219384 -0.0266559 
-0.024915 -0.0227205 -0.0186652 -0.0166858 -0.0183383 -0.0211891 -0.0216871 -0.0185661 -0.0137247 -0.0098777 -0.00755788 -0.00558813 -0.00351655 -0.00189911 -0.00112477 -0.00116962 -0.00185631 -0.00272083 -0.00294971 -0.00197288 -9.50058e-05 0.00180394 0.0026948 0.00137765 -0.00266158 -0.00812099 -0.0128586 -0.0163127 -0.0197414 -0.0233562 
-0.0244158 -0.023053 -0.0206152 -0.0196528 -0.0212353 -0.0235668 -0.0236408 -0.020225 -0.0151053 -0.0109072 -0.00824566 -0.00612279 -0.00400985 -0.00226247 -0.00135079 -0.00149099 -0.00259977 -0.004195 -0.00548234 -0.00589076 -0.00554065 -0.00492367 -0.00460372 -0.00556091 -0.00865176 -0.0131565 -0.0170903 -0.019542 -0.0214787 -0.0235163 
-0.0251717 -0.024379 -0.0228351 -0.0221744 -0.023183 -0.0246745 -0.0243944 -0.0212234 -0.0164127 -0.012082 -0.00895015 -0.00644001 -0.00411852 -0.00219509 -0.00118083 -0.00145171 -0.00297527 -0.00525026 -0.00749233 -0.00911572 -0.0100832 -0.0105368 -0.0105566 -0.0108294 -0.0125467 -0.015845 -0.0193235 -0.0217433 -0.0233018 -0.0245855 
-0.0238127 -0.0236842 -0.0227617 -0.022154 -0.0225006 -0.0231566 -0.0227429 -0.0203706 -0.0165096 -0.0124446 -0.0089448 -0.00597887 -0.00337221 -0.00130926 -0.000312672 -0.000796194 -0.00270868 -0.00552248 -0.00844967 -0.0108814 -0.0126839 -0.0137964 -0.0139734 -0.0135895 -0.0138822 -0.015586 -0.0180322 -0.0201309 -0.0216461 -0.0229325 
-0.018953 -0.0197455 -0.0198449 -0.0198063 -0.0199992 -0.0201468 -0.0196808 -0.0180979 -0.015281 -0.0117012 -0.00806104 -0.00478213 -0.00199752 4.46826e-05 0.000850852 6.95517e-05 -0.00219913 -0.00541797 -0.00879089 -0.0116609 -0.0138156 -0.0151356 -0.0152946 -0.0144531 -0.0136329 -0.0137053 -0.0145375 -0.015511 -0.016459 -0.0176467 
-0.012184 -0.013847 -0.015212 -0.0161834 -0.0167611 -0.0168572 -0.0164124 -0.0152477 -0.0130492 -0.0098665 -0.00629872 -0.00297434 -0.000235427 0.0015981 0.00209531 0.0010018 -0.00154605 -0.00502944 -0.00866009 -0.0117171 -0.0138855 -0.0150468 -0.0149728 -0.0137947 -0.0123 -0.0111897 -0.0105219 -0.0101143 -0.0100793 -0.0107553 
-0.00575855 -0.00799319 -0.0104105 -0.0123021 -0.0133735 -0.0136933 -0.0134037 -0.0123949 -0.01038 -0.00740165 -0.00401554 -0.000850304 0.00167696 0.00320962 0.00339122 0.002053 -0.000644004 -0.00420166 -0.00786556 -0.0108844 -0.012848 -0.0136331 -0.0131511 -0.0116411 -0.00981155 -0.00816262 -0.00667713 -0.00534162 -0.00446346 -0.00449751 
-0.000833547 -0.00336633 -0.00646126 -0.0089756 -0.0104548 -0.011102 -0.0110759 -0.0101682 -0.00816688 -0.00527532 -0.00205846 0.000918855 0.00322202 0.0044789 0.00440433 0.00290695 0.00018688 -0.00325565 -0.00671243 -0.00945991 -0.0110588 -0.0113942 -0.0104607 -0.00857816 -0.0064939 -0.00468833 -0.00304687 -0.00146028 -0.000203842 0.00020462 
0.00232869 -0.000368678 -0.00379956 -0.00671382 -0.00860433 -0.00964684 -0.00986814 -0.00897944 -0.00691287 -0.00404912 -0.000954521 0.00188004 0.00401731 0.00506313 0.00478261 0.00316991 0.000493276 -0.00272478 -0.00581621 -0.0081196 -0.0092425 -0.00911527 -0.00774378 -0.00541738 -0.00293921 -0.00094726 0.000622583 0.00200219 0.00306822 0.00339818 
0.00410172 0.00115583 -0.00238567 -0.00552924 -0.00779807 -0.00918371 -0.00951413 -0.00851218 -0.00633002 -0.00350173 -0.000555161 0.00211295 0.00408635 0.00494244 0.00446561 0.00273571 0.000101954 -0.00288492 -0.00557077 -0.00734683 -0.00790331 -0.00723144 -0.00532105 -0.00241325 0.000644668 0.00306933 0.0047824 0.00590416 0.00629001 0.00577743 
0.00511595 0.00174859 -0.00178262 -0.00498632 -0.00747085 -0.00902513 -0.00935452 -0.00824928 -0.00602886 -0.00330499 -0.000558289 0.00188505 0.00364404 0.00429331 0.00363021 0.00179667 -0.000803174 -0.003593 -0.00588551 -0.00708003 -0.00695668 -0.00559186 -0.00299892 0.00057705 0.00428285 0.0073082 0.00942514 0.0104262 0.00989412 0.00794889 
0.00557946 0.0018061 -0.00160936 -0.00469731 -0.00715505 -0.0086648 -0.00895302 -0.00787408 -0.00577145 -0.00323149 -0.000702983 0.00149865 0.00301142 0.00343875 0.00261594 0.000728619 -0.0018033 -0.00439748 -0.00631298 -0.00690813 -0.00603946 -0.00393677 -0.000722362 0.00337882 0.00763374 0.0112301 0.0136999 0.0145214 0.0130504 0.00962913 
0.00557869 0.00156862 -0.00166048 -0.0044568 -0.00658342 -0.00778302 -0.00793251 -0.00693925 -0.00508397 -0.00284617 -0.000608709 0.00131148 0.00254291 0.00270826 0.00169622 -0.000246889 -0.00268436 -0.00506366 -0.00664183 -0.00672286 -0.00520227 -0.00253045 0.000982856 0.00525612 0.00988726 0.014014 0.0167203 0.0172475 0.0149842 0.0104784 
0.00505199 0.0010217 -0.00190998 -0.00423747 -0.00579217 -0.00647205 -0.00632353 -0.00532133 -0.00373444 -0.00192942 -0.000149051 0.00135221 0.00220479 0.00202497 0.000736236 -0.00133163 -0.00369509 -0.00587282 -0.00721862 -0.00700951 -0.00512006 -0.00221472 0.00117223 0.00518264 0.0099151 0.0145289 0.0176042 0.0181077 0.0154709 0.0103835 
0.0039986 0.00035827 -0.00200867 -0.00375294 -0.00475891 -0.00498691 -0.00453544 -0.00344849 -0.00209068 -0.00078935 0.000369816 0.0012607 0.00157931 0.000956519 -0.000667488 -0.00288688 -0.00517462 -0.00718025 -0.00846038 -0.00830449 -0.0064791 -0.00375302 -0.000862872 0.00249754 0.00690199 0.0117274 0.0153543 0.0164698 0.0142285 0.00922651 
0.00326082 0.000490156 -0.00111193 -0.00231012 -0.0029601 -0.00299315 -0.00249811 -0.00154547 -0.000546313 0.000205168 0.000697174 0.00086908 0.000515461 -0.000645579 -0.00262387 -0.00495092 -0.0070957 -0.00889644 -0.0101949 -0.0103601 -0.00900648 -0.00684928 -0.00470251 -0.00217936 0.00156523 0.00623575 0.0104383 0.0127282 0.0117264 0.00766565 
0.00301904 0.0013083 0.000473609 -0.000212065 -0.000522345 -0.000439924 -0.000152949 0.00028309 0.000648967 0.000846753 0.000829009 0.000388276 -0.000654625 -0.00241643 -0.00476793 -0.00716732 -0.00910551 -0.0106013 -0.0117989 -0.0122608 -0.0115157 -0.0100987 -0.00874199 -0.00704029 -0.00410099 0.000103621 0.00468273 0.00823972 0.00882731 0.00618697 
0.0015026 0.00107055 0.00125241 0.00134035 0.00159993 0.0019395 0.00201571 0.00180239 0.00143954 0.00119312 0.000943189 0.000137391 -0.00150474 -0.00387467 -0.00659903 -0.00906354 -0.0108021 -0.0119287 -0.0128036 -0.0132568 -0.012847 -0.01194 -0.0112376 -0.0104557 -0.00871321 -0.00559365 -0.00133826 0.00287436 0.00465811 0.00332147 
-0.00260376 -0.000976267 0.000996145 0.00242114 0.00351338 0.00417981 0.00410101 0.003342 0.00235793 0.00175119 0.00136109 0.000286425 -0.00189665 -0.00482352 -0.00783651 -0.0103163 -0.0119001 -0.0126945 -0.0130961 -0.0131376 -0.0125026 -0.0116152 -0.0114632 -0.0120117 -0.0122084 -0.011122 -0.00835003 -0.0046668 -0.00248782 -0.00263201 
-0.00787563 -0.00348311 0.000902109 0.0041742 0.00634886 0.00734538 0.00707581 0.00581259 0.00421349 0.00307345 0.00224831 0.000678602 -0.00209025 -0.00546368 -0.00860406 -0.0110011 -0.0124492 -0.0129845 -0.0128687 -0.0121832 -0.0107936 -0.00946637 -0.00971825 -0.0117447 -0.0142128 -0.0157806 -0.0155541 -0.0136204 -0.0117244 -0.0104584 
-0.011773 -0.005085 0.00145744 0.00681247 0.0104441 0.0119642 0.0115406 0.00972677 0.00731142 0.00523615 0.00349836 0.00109793 -0.00232487 -0.00603311 -0.00918868 -0.0114556 -0.0127541 -0.0130346 -0.0123657 -0.0107511 -0.00822213 -0.00594341 -0.00585577 -0.00838685 -0.0123929 -0.0166789 -0.0198879 -0.0207617 -0.0195968 -0.0168165 
-0.0137947 -0.00638514 0.00157988 0.00926179 0.0149075 0.0173321 0.016942 0.0146246 0.0112258 0.00788401 0.00496569 0.00166226 -0.0023582 -0.00635779 -0.00955844 -0.0117108 -0.0127538 -0.0126007 -0.011247 -0.00859266 -0.00464549 -0.000670425 0.00120536 -5.63463e-06 -0.00428735 -0.011265 -0.0188256 -0.0234519 -0.0235404 -0.0199094 
-0.0160386 -0.0095752 -0.000530037 0.0100496 0.0184477 0.0223049 0.0222741 0.0196661 0.0153582 0.0107172 0.00666588 0.00264553 -0.0018195 -0.00611041 -0.00941758 -0.0113899 -0.0118838 -0.010901 -0.00863499 -0.00493155 0.00058086 0.00693658 0.0117071 0.0127464 0.00848424 -0.00145882 -0.0137342 -0.0222558 -0.024014 -0.0209989 
-0.0198064 -0.0153825 -0.00527423 0.00875336 0.0206734 0.026674 0.0274226 0.0247335 0.0197326 0.0140098 0.00891658 0.00414294 -0.000837383 -0.00543594 -0.00875366 -0.0103201 -0.00993446 -0.00778677 -0.00441677 0.000374601 0.00751203 0.0162807 0.0234599 0.0255634 0.0202008 0.00722046 -0.00863617 -0.0196275 -0.0227354 -0.021678 
-0.0218622 -0.0205374 -0.010358 0.00656452 0.0221489 0.0307271 0.0324688 0.0297782 0.024376 0.0179158 0.0117239 0.00574941 -0.000134608 -0.00506757 -0.00815017 -0.00906329 -0.00771754 -0.00443007 9.93446e-05 0.00612664 0.0147915 0.0251097 0.0329047 0.0341148 0.0269571 0.0123631 -0.00421014 -0.0150482 -0.018387 -0.0196541 
-0.0173482 -0.020702 -0.0130278 0.00443966 0.0223348 0.0328704 0.0353693 0.032879 0.0276765 0.0210349 0.0138683 0.00648632 -0.000465994 -0.00565987 -0.00832465 -0.00854917 -0.00646813 -0.00233577 0.00328467 0.0105814 0.0203301 0.0310116 0.0380744 0.0379089 0.0301525 0.0168404 0.00300251 -0.00512135 -0.00745726 -0.0106859 
-0.00602502 -0.0148589 -0.0121732 0.00252201 0.0198482 0.0306437 0.0335337 0.031882 0.0278654 0.0218641 0.0143281 0.00604219 -0.00161248 -0.00692434 -0.00924148 -0.00898892 -0.00645832 -0.00176367 0.00469326 0.0128327 0.0228737 0.0331435 0.0394628 0.0389556 0.0324825 0.0228122 0.0138292 0.00970925 0.00910064 0.00463271 
0.00924883 -0.00364125 -0.00685164 0.00196436 0.0152568 0.0244083 0.0276871 0.0278148 0.0259642 0.0213744 0.0141403 0.00554751 -0.00246707 -0.0079342 -0.0101592 -0.0096257 -0.00670112 -0.00155845 0.00527377 0.0133859 0.0227848 0.0322392 0.0382657 0.0383827 0.0340282 0.0283242 0.0240165 0.0236593 0.0253362 0.0214778 
0.0273839 0.0135036 0.00418506 0.00425899 0.0103632 0.0164011 0.0202492 0.0228306 0.0236878 0.0209277 0.0143083 0.00560519 -0.00268058 -0.0083434 -0.0105568 -0.0097007 -0.00622683 -0.000619734 0.00619862 0.0135684 0.0216702 0.0299794 0.0357182 0.036516 0.0336864 0.0302469 0.0284707 0.0307367 0.0358972 0.0364373 
0.0454022 0.0336715 0.0181047 0.00747774 0.0047629 0.0071497 0.0115322 0.0164493 0.0198961 0.0190694 0.0133201 0.00484606 -0.00325773 -0.00864223 -0.0104805 -0.00906722 -0.00490415 0.0012045 0.00792427 0.0144315 0.021146 0.0281037 0.0331358 0.0338913 0.0309352 0.0267887 0.0243308 0.0275265 0.0372305 0.0461696 
0.0536728 0.0459508 0.025537 0.00564299 -0.00424188 -0.00438039 0.000583574 0.00715841 0.012587 0.013678 0.00933619 0.00189068 -0.00516511 -0.00948206 -0.0104028 -0.00821148 -0.00335427 0.00322609 0.00994692 0.0159434 0.0217723 0.0275841 0.0314469 0.0310521 0.026145 0.0186014 0.0124452 0.0140698 0.026915 0.0444909 
0.042587 0.0388427 0.0175925 -0.0058308 -0.0182333 -0.0186224 -0.0126586 -0.0048289 0.00208548 0.00503885 0.00262264 -0.00306484 -0.00845306 -0.0112396 -0.0109508 -0.00790284 -0.00245227 0.00446509 0.0112612 0.0172732 0.0231609 0.0285792 0.0310624 0.0284793 0.0205599 0.00863836 -0.00270297 -0.00527449 0.00644465 0.0273644 
0.0136687 0.0123553 -0.00482157 -0.0249046 -0.0352709 -0.0343774 -0.0273277 -0.018385 -0.010165 -0.00542727 -0.00563259 -0.00907555 -0.0124464 -0.0135584 -0.012029 -0.00818072 -0.00233227 0.00462426 0.0112694 0.0173184 0.0236499 0.0292656 0.0306285 0.0256878 0.0149528 -0.000291848 -0.0156379 -0.0228596 -0.0164574 -0.000149784 
-0.0164143 -0.0183715 -0.0297653 -0.0434702 -0.0504531 -0.048764 -0.0416849 -0.0322164 -0.0227215 -0.0160185 -0.0137128 -0.0145938 -0.0158233 -0.0153541 -0.0127869 -0.00842927 -0.00261172 0.00382366 0.00960108 0.0146934 0.0204066 0.0258764 0.0269282 0.0210262 0.00924212 -0.00630758 -0.0213084 -0.0295888 -0.0287174 -0.0221331 
-0.0247035 -0.0322125 -0.0423349 -0.053053 -0.0592579 -0.0588445 -0.0531998 -0.0436199 -0.0322953 -0.0230083 -0.0182294 -0.0172668 -0.017345 -0.016136 -0.013126 -0.0087681 -0.00351369 0.00183015 0.0060158 0.00902051 0.0126525 0.0171444 0.0186944 0.0139329 0.0040011 -0.00732035 -0.0156303 -0.018352 -0.0180063 -0.0196302 
-0.00353729 -0.0202494 -0.0363662 -0.0508698 -0.0607089 -0.0637377 -0.0598612 -0.0490595 -0.0343152 -0.0218294 -0.0157391 -0.0153261 -0.0166591 -0.0163418 -0.0137522 -0.00984065 -0.0054135 -0.00132658 0.00118214 0.00204636 0.00339956 0.00653224 0.00842351 0.00542764 -0.000631881 -0.00393624 -0.000774087 0.00721281 0.013277 0.00981764 
0.0292018 0.00572127 -0.0183336 -0.0399709 -0.0558844 -0.0630957 -0.0599207 -0.0458601 -0.0262239 -0.0108879 -0.00574076 -0.00886607 -0.0138966 -0.0159657 -0.0145732 -0.011448 -0.00793461 -0.00500982 -0.00374616 -0.00399329 -0.00358864 -0.00138927 -0.000438757 -0.00361393 -0.00673925 -0.00203607 0.0121814 0.0303877 0.0441591 0.0445472 
0.0496325 0.0256798 -0.000865733 -0.0257754 -0.0449678 -0.0541851 -0.0501177 -0.0322673 -0.00875643 0.00706639 0.0085574 -4.12233e-05 -0.00966585 -0.0145368 -0.0146826 -0.0125912 -0.0100994 -0.00829731 -0.00788716 -0.00816289 -0.00715381 -0.0051855 -0.00643328 -0.012212 -0.0147723 -0.00494657 0.0160927 0.0398256 0.0580777 0.0625863 
0.0501489 0.0287555 0.00663423 -0.0134585 -0.0288243 -0.0356647 -0.0298079 -0.0103054 0.0131338 0.0255056 0.0211905 0.0071971 -0.00587116 -0.0126278 -0.0139375 -0.0127381 -0.0111476 -0.0103849 -0.0108359 -0.0111266 -0.00932544 -0.00731222 -0.0104377 -0.0183063 -0.0201582 -0.00662094 0.0181621 0.0431862 0.0603204 0.0631449 
0.0395614 0.0207216 0.00657906 -0.00383275 -0.0113425 -0.014195 -0.00754434 0.0107423 0.0305269 0.0369336 0.0268077 0.00948577 -0.00467581 -0.0117991 -0.0134745 -0.0126535 -0.0115121 -0.011473 -0.0129341 -0.0140297 -0.0123808 -0.0102618 -0.0132781 -0.0199088 -0.0182907 -9.97881e-05 0.0277842 0.0517663 0.0627564 0.0571869 
0.0327007 0.0190693 0.0126682 0.00842916 0.0037375 0.000588244 0.00568165 0.0217324 0.0376397 0.0391686 0.0257081 0.00774161 -0.00579199 -0.0125223 -0.0141823 -0.013381 -0.0122125 -0.0122955 -0.014267 -0.0161481 -0.015002 -0.0123869 -0.0132268 -0.0157399 -0.00880008 0.0141367 0.0438646 0.0645389 0.0669506 0.0525388 
0.0470006 0.0425627 0.0387251 0.0297853 0.0173262 0.00792815 0.0100739 0.0244008 0.0377217 0.0368043 0.022894 0.00608166 -0.00651874 -0.013215 -0.0151778 -0.0144897 -0.0131131 -0.0127206 -0.0140511 -0.0153776 -0.0139039 -0.010391 -0.00849701 -0.00655573 0.00483835 0.0303685 0.0594893 0.0758638 0.0730073 0.0587716 
0.106414 0.110073 0.095455 0.0655998 0.0345891 0.0152929 0.014159 0.0261849 0.0362593 0.0336821 0.0211557 0.00674241 -0.0048026 -0.0119187 -0.0146977 -0.0144544 -0.012956 -0.0118023 -0.0115193 -0.0108049 -0.00811679 -0.00427794 -0.00126513 0.00313615 0.0166872 0.0427627 0.0714573 0.0889198 0.0937181 0.097403 
0.22264 0.22851 0.185066 0.116351 0.0569413 0.0246317 0.0187224 0.0263127 0.0315724 0.0277372 0.0183757 0.00802385 -0.00157833 -0.00891707 -0.0126545 -0.0129253 -0.0111414 -0.00886228 -0.00642746 -0.00315434 0.000609488 0.00337103 0.00524607 0.0100313 0.0242596 0.0505482 0.082005 0.110635 0.140827 0.182169 
0.350642 0.35443 0.275853 0.163844 0.0743254 0.0280391 0.0160734 0.0185509 0.0198737 0.0166748 0.0121269 0.00682934 -0.000102035 -0.0070217 -0.0112271 -0.0115864 -0.0089805 -0.00499152 -0.00029738 0.00479585 0.00863981 0.00991334 0.0108436 0.0162982 0.0311211 0.0572099 0.0918726 0.134564 0.19513 0.278341 
