0.563364 0.552904 0.404489 0.223813 0.0984343 0.0376857 0.01197 -0.00238318 -0.0113734 -0.0114564 -0.00366924 0.00272275 0.00190558 -0.00149587 -0.00167072 0.000207557 5.27183e-05 -0.00276358 -0.00497489 -0.0030132 0.00447144 0.01801 0.038023 0.0607807 0.0782406 0.0878442 0.102349 0.15116 0.265471 0.433065 
0.430213 0.423649 0.308467 0.175652 0.0940973 0.0601315 0.0421537 0.0234003 0.00521553 -0.00449595 -0.00388433 -0.000999748 -0.00244648 -0.00506789 -0.00405477 -0.000951992 0.000272755 -0.000811426 -0.00173264 -0.000986799 0.00213955 0.0116054 0.0320613 0.0585993 0.0770537 0.080422 0.0809557 0.107851 0.191393 0.323905 
0.225504 0.223985 0.164957 0.106857 0.0825925 0.0752871 0.061832 0.0401397 0.0188677 0.00522873 0.00020022 -0.00216693 -0.00655312 -0.0101075 -0.0090868 -0.00532824 -0.00260548 -0.00158061 -0.000895953 -0.000704233 -0.000797061 0.00468899 0.0229217 0.0493125 0.0673959 0.0663181 0.0532361 0.051581 0.0880763 0.162133 
0.0599558 0.0613086 0.0489385 0.0515687 0.0693094 0.0765167 0.0620704 0.0390023 0.0211225 0.0108991 0.0047671 -0.00172516 -0.00968895 -0.0150793 -0.0145144 -0.00989096 -0.00512861 -0.00198536 -0.000465839 -0.000905511 -0.0019954 0.0027398 0.0197694 0.0442341 0.0599844 0.0543687 0.0301756 0.00626401 0.00619377 0.0331787 
-0.0292076 -0.0261446 -0.0142761 0.0181256 0.0533613 0.0632472 0.0460496 0.0245535 0.0142623 0.0115654 0.00757074 -0.00110999 -0.0116914 -0.0183691 -0.0179388 -0.0124381 -0.00601236 -0.00148091 0.000189682 -0.000579948 -0.000867171 0.00531963 0.0221059 0.0440156 0.0558475 0.0443497 0.0111326 -0.0251287 -0.042337 -0.0377347 
-0.0654488 -0.0605554 -0.0408387 -0.00212135 0.0332271 0.0398479 0.0221922 0.00659256 0.00627127 0.0116367 0.0101754 0.000256587 -0.0117117 -0.0188028 -0.0186832 -0.0136465 -0.00726771 -0.00225401 8.39432e-06 1.21176e-05 0.000826584 0.00717102 0.021663 0.0395375 0.0471301 0.0312768 -0.00610216 -0.0456146 -0.0668706 -0.0687636 
-0.0758523 -0.0702816 -0.0507842 -0.0166372 0.0120037 0.0154471 0.00148327 -0.00517781 0.0038026 0.0145692 0.0138622 0.00269111 -0.00982542 -0.0168567 -0.0176359 -0.01461 -0.0099138 -0.00508295 -0.00164876 -0.000123107 0.0010906 0.00499995 0.0137776 0.024839 0.028032 0.0124476 -0.0202751 -0.0541103 -0.0733238 -0.0773199 
-0.0678863 -0.0633237 -0.0485388 -0.0236693 -0.00296955 0.000385919 -0.00631776 -0.004847 0.00810082 0.0186766 0.0162278 0.00409217 -0.00793521 -0.0142389 -0.0155982 -0.0145081 -0.011771 -0.00769587 -0.00370285 -0.00130573 -0.000576279 -0.000116178 0.00179953 0.00470288 0.0035304 -0.00793947 -0.0290229 -0.0507704 -0.0641776 -0.068279 
-0.0401424 -0.0373059 -0.030883 -0.0191876 -0.00782022 -0.00302611 -0.00145222 0.00487143 0.0151207 0.0199942 0.014269 0.00245824 -0.00744023 -0.0118462 -0.0125437 -0.0119821 -0.0103896 -0.00746868 -0.00435597 -0.00286249 -0.00372908 -0.00616411 -0.00890967 -0.0116021 -0.0153339 -0.02178 -0.0307884 -0.0391943 -0.043241 -0.0425421 
0.00190213 0.00166622 -0.00302763 -0.00673764 -0.00580189 -8.93424e-05 0.00856412 0.017205 0.0216017 0.0184911 0.00909939 -0.00132062 -0.00785075 -0.00948053 -0.00856844 -0.00730514 -0.00588434 -0.00413171 -0.00323037 -0.00480052 -0.00871532 -0.0129197 -0.0159162 -0.0180801 -0.0200516 -0.0218347 -0.0228071 -0.0208651 -0.0140286 -0.00450985 
0.0408505 0.0358561 0.0209256 0.00525286 -0.00120726 0.00534508 0.0187918 0.0284981 0.0278854 0.0178978 0.0049564 -0.00438008 -0.00770497 -0.00667158 -0.0041611 -0.0018829 -0.000128629 0.000570714 -0.00161943 -0.00788816 -0.0158283 -0.0204272 -0.0191023 -0.0140557 -0.00896949 -0.00570821 -0.00317443 0.00316807 0.0167175 0.0326581 
0.0605223 0.0518544 0.0319551 0.01179 0.00293354 0.00968119 0.0243192 0.0340044 0.0314047 0.018508 0.00387589 -0.00458119 -0.00555682 -0.00271992 0.000579586 0.00323408 0.00496173 0.00444829 -0.000823208 -0.0113893 -0.0224364 -0.0261624 -0.0188207 -0.00422507 0.0101564 0.0189092 0.0221241 0.0264208 0.0383318 0.053755 
0.0624855 0.0537598 0.034058 0.0138051 0.00330858 0.00642239 0.017404 0.0259571 0.0252557 0.0156578 0.00409051 -0.00188081 -0.00104826 0.00246106 0.00536804 0.00713559 0.00769908 0.00563049 -0.00140455 -0.013236 -0.0242946 -0.0264602 -0.0159526 0.00318762 0.0226379 0.0354391 0.0395622 0.0403344 0.0462514 0.0572062 
0.0611363 0.0554205 0.0375939 0.0165483 0.0010318 -0.00457522 -0.001448 0.00493654 0.00876222 0.00751923 0.00372309 0.00219319 0.00432849 0.00737322 0.00890463 0.00869203 0.00703689 0.00340238 -0.00333667 -0.0126337 -0.0203491 -0.0209329 -0.0122753 0.0025499 0.0186635 0.0321326 0.0396503 0.0417924 0.0454482 0.0544493 
0.0640277 0.0624221 0.046479 0.0241923 0.00310399 -0.0120063 -0.0178636 -0.0149493 -0.00767382 -0.000966992 0.00304114 0.00554838 0.00804312 0.0099084 0.00980753 0.00743214 0.00349016 -0.0011247 -0.00611891 -0.011122 -0.0143101 -0.0135802 -0.0094196 -0.00403821 0.00303079 0.0138953 0.0257995 0.0339832 0.0413111 0.0531519 
0.063535 0.0649282 0.05142 0.0317409 0.0118808 -0.00599458 -0.0175958 -0.0193411 -0.012958 -0.00382971 0.00328805 0.0071011 0.00893084 0.00954339 0.00820713 0.00436362 -0.000964969 -0.005838 -0.00925135 -0.0112463 -0.0113518 -0.00946207 -0.00823665 -0.0100708 -0.0109221 -0.00390989 0.0095839 0.0221206 0.03363 0.0490881 
0.0480331 0.0500754 0.0400325 0.0284637 0.0195516 0.00929513 -0.00193562 -0.00814523 -0.00652049 -0.000397809 0.00513565 0.00785183 0.00858777 0.00819606 0.00604355 0.00152096 -0.00425832 -0.00921096 -0.0123955 -0.0139151 -0.0130791 -0.00989751 -0.0081278 -0.0111473 -0.0145239 -0.0104192 0.000340901 0.0106259 0.020331 0.0343193 
0.0182344 0.0197661 0.0141111 0.012745 0.0188801 0.022121 0.0160822 0.00713929 0.00334771 0.00494984 0.00770834 0.00914716 0.00926794 0.00818582 0.00529395 0.000334182 -0.00562285 -0.0109188 -0.0148536 -0.0171246 -0.0161453 -0.0113292 -0.00673228 -0.00676347 -0.00849583 -0.00573494 6.50036e-05 0.00273241 0.00368332 0.009575 
-0.0102791 -0.00942188 -0.0111128 -0.00500176 0.0122474 0.0269892 0.026966 0.0171701 0.00954813 0.00797539 0.0093019 0.010629 0.0108594 0.00933336 0.0057132 0.000334638 -0.00574405 -0.0112623 -0.0156098 -0.0181099 -0.0166693 -0.01033 -0.00304633 0.000181415 0.000696513 0.0030061 0.00503857 0.000726005 -0.00803992 -0.0123491 
-0.0210584 -0.0221142 -0.0225058 -0.0142001 0.00631155 0.0256871 0.0291751 0.0197044 0.0105332 0.00787998 0.00920544 0.0108004 0.0108442 0.00875371 0.00476669 -0.000449079 -0.00599785 -0.0108613 -0.0144975 -0.0163025 -0.0143401 -0.00755702 0.000624574 0.0053859 0.00712902 0.00953401 0.0110667 0.00565479 -0.00662672 -0.0172852 
-0.0106221 -0.0143901 -0.0163878 -0.0111489 0.00444649 0.0200942 0.0229294 0.0146427 0.00701556 0.00588118 0.00801834 0.00896239 0.00747764 0.00441838 0.000749414 -0.00320949 -0.00718849 -0.010468 -0.0126308 -0.0133903 -0.0112843 -0.00526058 0.00225895 0.00741454 0.0100185 0.0131144 0.0167148 0.0157336 0.00729109 -0.00358673 
0.0112976 0.00715155 0.00346389 0.00260353 0.0070919 0.0118414 0.0098863 0.00330619 0.000140157 0.0027696 0.00613297 0.00570737 0.00206333 -0.00186861 -0.00459801 -0.00664136 -0.00862245 -0.0101879 -0.0109798 -0.010867 -0.00884092 -0.00395751 0.00248636 0.00785973 0.0113854 0.015281 0.0212739 0.0260289 0.024387 0.0175409 
0.0308769 0.0296047 0.0266414 0.0206016 0.0131444 0.00484367 -0.00385184 -0.00935237 -0.00799458 -0.00183434 0.00257813 0.00148216 -0.0029435 -0.00661894 -0.00807549 -0.00851688 -0.00907832 -0.00954546 -0.00945787 -0.00867354 -0.00666067 -0.00280106 0.00244012 0.00740355 0.0108641 0.0145728 0.0218262 0.0309221 0.0353234 0.0335441 
0.0388024 0.0400657 0.0390998 0.0316928 0.017936 0.00149656 -0.012108 -0.0179044 -0.015038 -0.00803577 -0.00330712 -0.00356443 -0.00642052 -0.00837077 -0.00852998 -0.00822345 -0.00836103 -0.00847328 -0.00786256 -0.00640118 -0.00416352 -0.00109203 0.00263868 0.00583374 0.00717928 0.00876093 0.0155292 0.0272475 0.0363362 0.0386987 
0.034259 0.0342196 0.0332998 0.0275219 0.0154012 -0.000269211 -0.0137595 -0.0201246 -0.0188703 -0.0138199 -0.00963668 -0.0082056 -0.00819368 -0.00780919 -0.00697472 -0.00666058 -0.00709908 -0.00741005 -0.00662658 -0.00457956 -0.00182469 0.00105136 0.00352746 0.00427895 0.00214458 -2.23334e-05 0.00429448 0.0165904 0.0289631 0.0341432 
0.0227364 0.0187552 0.0151178 0.0110806 0.00503896 -0.00317622 -0.0115178 -0.0169689 -0.0181852 -0.0163229 -0.0134638 -0.0107876 -0.00832821 -0.00611533 -0.00477052 -0.00478406 -0.00576494 -0.0066014 -0.00612246 -0.00387957 -0.000480479 0.00294747 0.00506845 0.00401451 -0.00117709 -0.00710973 -0.00650935 0.0038127 0.017101 0.0238778 
0.0102382 0.00370461 -0.00282405 -0.00643862 -0.00723287 -0.00743223 -0.00905148 -0.0118261 -0.0141426 -0.0149045 -0.0138141 -0.0111018 -0.00759845 -0.00459054 -0.00314862 -0.00343004 -0.00473073 -0.00596708 -0.00590391 -0.00371419 0.000235122 0.00444639 0.00676834 0.00488557 -0.00191337 -0.0102493 -0.0133417 -0.00706114 0.00428341 0.0115018 
5.65134e-05 -0.00582262 -0.0129966 -0.0168469 -0.0156477 -0.0116493 -0.00867428 -0.00834274 -0.00980994 -0.0115557 -0.0120088 -0.0103143 -0.00723319 -0.00446068 -0.00317146 -0.00337628 -0.00437614 -0.00531646 -0.00510395 -0.00275492 0.00153211 0.00605025 0.00826622 0.00596713 -0.00111597 -0.0100983 -0.0157239 -0.0139672 -0.00645563 2.49277e-05 
-0.00739626 -0.0106519 -0.0161607 -0.0198339 -0.0188848 -0.0144033 -0.00990456 -0.00749856 -0.00732012 -0.00866851 -0.009907 -0.00951123 -0.00769099 -0.00578484 -0.00468563 -0.00436869 -0.00440916 -0.00434536 -0.00339802 -0.000713484 0.00350204 0.00753389 0.00901896 0.00640982 7.30957e-05 -0.00783957 -0.0141868 -0.0160398 -0.0130523 -0.00868703 
-0.0130222 -0.0133974 -0.0161587 -0.0190093 -0.0188656 -0.0154689 -0.0113032 -0.0082512 -0.00691227 -0.00735138 -0.0084926 -0.00884974 -0.00816337 -0.00709472 -0.00606269 -0.00505043 -0.00401809 -0.00294003 -0.00138754 0.00125333 0.00476607 0.0077205 0.0083438 0.00595707 0.00146722 -0.00387522 -0.0092919 -0.0136347 -0.0154037 -0.0145127 
-0.0168375 -0.0153137 -0.0156106 -0.0174117 -0.017877 -0.0157334 -0.0124908 -0.00965391 -0.00775869 -0.00714062 -0.00743933 -0.007692 -0.00744562 -0.00681446 -0.00583961 -0.00447664 -0.00291956 -0.00143778 0.000110363 0.00213131 0.00452255 0.0063699 0.00663189 0.00532372 0.00350917 0.00140725 -0.00233442 -0.00829753 -0.0143414 -0.0173813 
-0.018967 -0.0173064 -0.0161608 -0.0165962 -0.0167019 -0.0150938 -0.0126294 -0.0102624 -0.00808475 -0.0064234 -0.0056481 -0.0054483 -0.00528974 -0.00491961 -0.00416633 -0.00292499 -0.00143113 -7.13268e-05 0.00112289 0.00244698 0.00396224 0.00520778 0.00567619 0.00571205 0.0061704 0.0064047 0.00384822 -0.00293927 -0.0115918 -0.0176774 
-0.0211959 -0.0206951 -0.0186778 -0.0167951 -0.014743 -0.0121714 -0.00981066 -0.00793734 -0.00594517 -0.0039377 -0.0027868 -0.00267733 -0.00294034 -0.002953 -0.00240981 -0.00127511 0.000112434 0.00130547 0.00225643 0.00330059 0.0046147 0.00589816 0.00676391 0.00746235 0.00848 0.00887258 0.00616911 -0.000861195 -0.0101338 -0.0177833 
-0.023839 -0.0242889 -0.0211859 -0.0163369 -0.0111776 -0.00679102 -0.00402474 -0.00265422 -0.00157006 -0.000487587 -0.000205986 -0.00100061 -0.00203486 -0.00236051 -0.00164782 -0.000185474 0.00136747 0.00248743 0.00326828 0.00425501 0.0057447 0.00737237 0.00847475 0.00884748 0.00867028 0.0074114 0.00370905 -0.00296715 -0.0113345 -0.0190879 
-0.0240271 -0.0243489 -0.0200651 -0.0130014 -0.00588449 -0.000680994 0.0020374 0.00278951 0.00257815 0.00193473 0.000652551 -0.0012082 -0.00273361 -0.00293203 -0.00165439 0.000347782 0.00204096 0.00286903 0.00313592 0.00364789 0.00489525 0.00649903 0.00744357 0.00698015 0.00513183 0.00216418 -0.00191739 -0.00711121 -0.0132349 -0.019551 
-0.0208212 -0.0202793 -0.0151879 -0.00730441 -4.31258e-05 0.00445668 0.00636755 0.00645442 0.00517345 0.00301686 0.000471166 -0.00193809 -0.0033873 -0.00314841 -0.00137061 0.000845464 0.00227762 0.00244852 0.00179786 0.0011952 0.00129418 0.00199457 0.00233221 0.00125285 -0.00138406 -0.0047647 -0.00796847 -0.0107981 -0.0139765 -0.0178567 
-0.0182856 -0.016376 -0.0103783 -0.00218858 0.00458352 0.0081101 0.00929828 0.00902894 0.00722153 0.00427676 0.00117893 -0.00128111 -0.0025106 -0.00210099 -0.000373301 0.00149599 0.00233881 0.00182843 0.000357849 -0.00147858 -0.0030049 -0.00373899 -0.00409398 -0.00518382 -0.00747589 -0.0101878 -0.0122754 -0.0135837 -0.0149992 -0.0170387 
-0.0203923 -0.0161313 -0.00826546 0.000565612 0.00701213 0.0100943 0.0112384 0.011147 0.00937033 0.00633618 0.00326679 0.000919836 -0.000391977 -0.000419434 0.000614307 0.00173961 0.00200242 0.00118026 -0.000574685 -0.00312426 -0.00581506 -0.00752776 -0.00814208 -0.00890728 -0.0106212 -0.012769 -0.0148174 -0.0168605 -0.0190498 -0.0208084 
-0.0258214 -0.0182606 -0.00787184 0.00155746 0.00739566 0.0100602 0.0114691 0.0119661 0.0107645 0.00825191 0.00563396 0.00349766 0.00192838 0.0011271 0.00111898 0.00133447 0.00111962 0.000260069 -0.00138459 -0.00397888 -0.00678838 -0.0083498 -0.008588 -0.00915991 -0.0109242 -0.0133844 -0.0166821 -0.0212547 -0.0259507 -0.028247 
-0.0293984 -0.0189363 -0.00679173 0.00248435 0.00716528 0.00898951 0.0103379 0.0113796 0.0110649 0.00947993 0.00758325 0.00586895 0.00430125 0.00293857 0.00194553 0.00119409 0.000381979 -0.000690433 -0.00227721 -0.00450378 -0.00645792 -0.00673279 -0.00586492 -0.0061443 -0.00838705 -0.0119124 -0.0171776 -0.0245753 -0.0315682 -0.0339819 
-0.0268042 -0.0155708 -0.00365895 0.00470944 0.00839124 0.00944395 0.0103092 0.0113459 0.0115874 0.0107596 0.00949224 0.00830813 0.0071 0.00560627 0.00391405 0.00222494 0.000577478 -0.00107766 -0.00283928 -0.00458432 -0.00522092 -0.00353841 -0.000810746 -0.000162691 -0.00279073 -0.00789826 -0.0153125 -0.0243468 -0.0315614 -0.0328452 
-0.0175604 -0.00861536 0.000592529 0.00742784 0.0107777 0.0118145 0.0124183 0.0131381 0.0133246 0.0126419 0.011611 0.0107968 0.00994321 0.00846719 0.00636195 0.00397734 0.0015238 -0.000824674 -0.00287773 -0.00429276 -0.00385334 -0.000422001 0.00421642 0.00602471 0.00294624 -0.00406829 -0.0129991 -0.0210931 -0.0251738 -0.0237194 
-0.00535617 -0.00134147 0.00288947 0.00699516 0.00977863 0.0113478 0.0127923 0.0141879 0.0146798 0.0141059 0.0132436 0.0126016 0.0116979 0.00996932 0.00763702 0.00506187 0.00229305 -0.000416948 -0.00265311 -0.00401737 -0.0032931 0.000722024 0.00613843 0.00836302 0.00460369 -0.00375071 -0.012341 -0.0165758 -0.0149624 -0.0101032 
0.00526737 0.0036709 0.00168635 0.000991158 0.00116202 0.00263949 0.00621663 0.0104631 0.0130228 0.013595 0.0133798 0.0128276 0.0113978 0.00904129 0.00655836 0.00427742 0.00187556 -0.000485073 -0.002367 -0.0036486 -0.00338527 -0.000186932 0.00450308 0.00623114 0.00208974 -0.005874 -0.0117938 -0.0108923 -0.00409134 0.00287285 
0.0137789 0.00818284 0.000103607 -0.00746652 -0.0126283 -0.0126979 -0.00654667 0.00211447 0.0082915 0.010934 0.0116096 0.0109711 0.0087973 0.00572543 0.00305421 0.00110996 -0.000582158 -0.00189447 -0.00265821 -0.00346215 -0.00386556 -0.00213051 0.00116161 0.00225069 -0.00124717 -0.00668414 -0.00829385 -0.00303068 0.00618172 0.0132352 
0.0215822 0.0140951 0.00088055 -0.0139371 -0.0251519 -0.027276 -0.0189851 -0.00636207 0.00306248 0.00737282 0.00841161 0.00732745 0.00447548 0.000899068 -0.00206896 -0.00404533 -0.00520848 -0.00535881 -0.00486943 -0.0050754 -0.00578753 -0.00493306 -0.0025435 -0.00165386 -0.00366055 -0.00544685 -0.00251068 0.00566219 0.0151371 0.0214958 
0.0258251 0.0175991 0.00113907 -0.0183403 -0.0332046 -0.0363204 -0.0266992 -0.012008 -0.0010101 0.00393198 0.00470877 0.00295883 -0.000351232 -0.00410721 -0.00734815 -0.00964555 -0.0106847 -0.0102478 -0.00926882 -0.00921113 -0.00944867 -0.00797657 -0.00545056 -0.00476974 -0.00612305 -0.00571646 -0.000110135 0.00949119 0.0189414 0.0252779 
0.0230376 0.0148263 -0.00137909 -0.0205706 -0.0355886 -0.0391763 -0.0301053 -0.0157839 -0.00468209 0.000507957 0.0011215 -0.00101223 -0.00434848 -0.00780524 -0.010957 -0.0134808 -0.014715 -0.0144522 -0.0138191 -0.013661 -0.0125157 -0.00909091 -0.00586793 -0.00631855 -0.0093752 -0.010061 -0.00492556 0.00469224 0.0148212 0.0220877 
0.0168314 0.00931872 -0.00277243 -0.0170348 -0.030171 -0.0356968 -0.0303596 -0.0189788 -0.00878356 -0.0032488 -0.00227328 -0.00414488 -0.00683984 -0.00933467 -0.011752 -0.0140473 -0.0154777 -0.0157427 -0.0156354 -0.0151363 -0.012294 -0.00691829 -0.0034098 -0.0058525 -0.0119698 -0.0154392 -0.0122346 -0.0029688 0.00842294 0.0165062 
0.012325 0.00541527 -0.000935138 -0.00849662 -0.0193603 -0.0281898 -0.028617 -0.0216131 -0.0129757 -0.00727273 -0.00572336 -0.00681694 -0.00828692 -0.00926514 -0.0103157 -0.0117112 -0.0128759 -0.0133936 -0.0134666 -0.0125416 -0.00884393 -0.00291868 0.000164506 -0.00370246 -0.011464 -0.0160542 -0.0133232 -0.00375663 0.00802507 0.0146438 
0.0076651 0.000718547 -0.00091476 -0.00296155 -0.0115903 -0.0226519 -0.027608 -0.0242864 -0.0172108 -0.0116025 -0.0094881 -0.00956211 -0.00960372 -0.00893572 -0.00833982 -0.00831402 -0.00858469 -0.00877574 -0.00874315 -0.0079192 -0.00489379 5.1037e-05 0.00268555 -0.000631149 -0.00682937 -0.00916966 -0.00450073 0.00519951 0.0139763 0.0148602 
0.00062132 -0.00634868 -0.00512048 -0.00418171 -0.0109191 -0.0219206 -0.0285786 -0.027415 -0.0216292 -0.0160867 -0.0131738 -0.0120548 -0.0107867 -0.00874428 -0.00670132 -0.00527334 -0.00440688 -0.00393787 -0.00392871 -0.00406019 -0.002784 0.000656485 0.00340011 0.00249294 0.000716157 0.00355868 0.011709 0.0200612 0.0216879 0.0133596 
-0.00323743 -0.00897845 -0.00593114 -0.00425879 -0.0102997 -0.0204482 -0.0274441 -0.0281288 -0.0241479 -0.0189616 -0.0151739 -0.0129433 -0.0107941 -0.00793371 -0.00500121 -0.00268012 -0.0009242 0.000178464 -4.4282e-05 -0.00142231 -0.00170793 0.000767412 0.00394389 0.00569279 0.00899409 0.0178925 0.0296938 0.0356963 0.0293039 0.0127579 
0.00368341 0.000643937 0.00517727 0.00636476 -0.000456482 -0.0107139 -0.0185935 -0.0220686 -0.0212734 -0.0176025 -0.0137055 -0.0111283 -0.00905811 -0.00635981 -0.0033751 -0.000784147 0.00154781 0.00329069 0.0031635 0.00142287 0.0010169 0.00372749 0.00735553 0.0103307 0.016227 0.0285089 0.042316 0.0469634 0.0370962 0.0185264 
0.0227484 0.0216288 0.0258505 0.0254429 0.0169887 0.00568777 -0.00377327 -0.0104851 -0.0134544 -0.0121125 -0.0089894 -0.007052 -0.00630355 -0.0051411 -0.00319749 -0.000903917 0.00179765 0.00424604 0.00491698 0.00437333 0.00572897 0.0100778 0.014487 0.01716 0.0217751 0.0325277 0.0456482 0.0515792 0.0458156 0.0330112 
0.0484601 0.0456369 0.0453781 0.0414731 0.0312345 0.0188999 0.0080391 -0.000834268 -0.00597504 -0.00585102 -0.00318454 -0.00211764 -0.0033858 -0.00484027 -0.00492433 -0.00347347 -0.000808913 0.00193385 0.00357981 0.00526606 0.00961641 0.0166051 0.0226526 0.0251155 0.0266955 0.0327626 0.0433095 0.0525214 0.0561092 0.0537002 
0.069611 0.062618 0.0550683 0.0469694 0.0360388 0.0237165 0.0123408 0.00313342 -0.00149226 -0.000409738 0.00276901 0.00322741 -5.11388e-05 -0.00437029 -0.00682567 -0.00650728 -0.00443331 -0.00238926 -0.000650686 0.0029432 0.0102672 0.020122 0.0287448 0.0325579 0.0322934 0.0335279 0.0400231 0.0506715 0.062543 0.0704379 
0.0731947 0.0643121 0.0517551 0.0421154 0.0334483 0.0235832 0.0135407 0.00580399 0.00336616 0.00619534 0.00975575 0.0093878 0.00424702 -0.0025879 -0.00703511 -0.00760229 -0.00637974 -0.00608247 -0.0058293 -0.00186048 0.00731294 0.0195192 0.0310611 0.0375169 0.0371244 0.0340464 0.0337526 0.039735 0.0535386 0.0687729 
0.0566584 0.0496401 0.0364099 0.0286288 0.0252293 0.0211151 0.0156512 0.0114958 0.0113069 0.0143111 0.0166418 0.0149365 0.00843631 2.05954e-05 -0.00552832 -0.0064693 -0.00610708 -0.00809507 -0.0104521 -0.00775535 0.00153922 0.0147825 0.0284526 0.0373204 0.0372364 0.0300852 0.0211169 0.0176678 0.0276172 0.046526 
0.0339582 0.027305 0.0133469 0.00746441 0.0103174 0.0147165 0.0173678 0.0188842 0.020085 0.0205812 0.0196762 0.0164428 0.00978251 0.00144756 -0.00403384 -0.00505694 -0.00558642 -0.00949558 -0.0140034 -0.0130289 -0.00512106 0.00735637 0.0214353 0.0312433 0.0310664 0.0213376 0.0068236 -0.00314789 0.00290866 0.0219747 
0.0207604 0.00649343 -0.0134043 -0.0195313 -0.00979715 0.00514312 0.0175463 0.0250159 0.0264353 0.022647 0.0172678 0.0122917 0.00630823 -0.000530081 -0.00497046 -0.0059252 -0.00709267 -0.011564 -0.0161983 -0.0157039 -0.00935096 0.00124263 0.0141016 0.023259 0.0227463 0.0133041 0.000171179 -0.00767144 -0.000928984 0.0151247 
0.01705 -0.0114764 -0.0407152 -0.046733 -0.0279819 -0.00160808 0.0187667 0.0294641 0.0298563 0.0221004 0.0125277 0.00528765 -0.000617758 -0.00592738 -0.0089167 -0.00937034 -0.0103686 -0.0137941 -0.0163933 -0.0142709 -0.0079602 0.00107703 0.0116644 0.0186648 0.0173005 0.00981452 0.00259056 0.00284178 0.0136202 0.0243542 
0.0130405 -0.0248521 -0.0583771 -0.0613535 -0.0341461 -9.25124e-05 0.0227775 0.0322787 0.0308591 0.0213172 0.0095828 0.000213774 -0.00667868 -0.0113415 -0.0129397 -0.0123617 -0.0125867 -0.0145871 -0.0146902 -0.00963025 -0.00134659 0.00717068 0.0143601 0.0169016 0.0128032 0.00613261 0.00378918 0.0107417 0.0243643 0.0302754 
0.0148351 -0.0170646 -0.0462273 -0.0482901 -0.0231071 0.00682661 0.0243507 0.0297272 0.0275775 0.0196277 0.00901189 -0.000787489 -0.00848959 -0.0130279 -0.0136674 -0.0122576 -0.0122386 -0.0141001 -0.0131468 -0.00548341 0.00568468 0.0141517 0.0166289 0.0124664 0.00394218 -0.00336249 -0.00384139 0.00523567 0.0200082 0.0276607 
0.0573668 0.0423959 0.0151651 -0.00102009 0.0015006 0.0107553 0.0158131 0.0172867 0.0175612 0.0150048 0.00903131 0.00131563 -0.00608062 -0.0106291 -0.0111543 -0.00998079 -0.0109387 -0.0141608 -0.013798 -0.00481535 0.00872868 0.0172184 0.0153941 0.00571215 -0.00491867 -0.0103991 -0.00809685 0.00351394 0.0247279 0.0481052 
0.178346 0.175921 0.129984 0.0737796 0.0325219 0.00927938 -0.00119802 -0.00229372 0.00236695 0.00728017 0.00844038 0.00486333 -0.00148159 -0.00644239 -0.00773133 -0.00760798 -0.00997102 -0.0147202 -0.0155812 -0.006783 0.00784929 0.01732 0.0154432 0.00679395 0.000843871 0.00281915 0.0128981 0.0345626 0.0762514 0.134211 
0.366658 0.364207 0.274445 0.156918 0.0637125 0.0091221 -0.0143621 -0.0184147 -0.0121993 -0.00216796 0.00595333 0.00751719 0.00279881 -0.00262176 -0.00468032 -0.00515225 -0.00792974 -0.0130752 -0.0150043 -0.00794745 0.006041 0.0180262 0.0225092 0.0232211 0.0274936 0.0386115 0.0581781 0.0969108 0.173215 0.281675 
0.53316 0.52467 0.388931 0.217187 0.0881241 0.018243 -0.010842 -0.0196843 -0.018531 -0.0101352 0.000949849 0.00669546 0.00422953 -0.000632215 -0.00229905 -0.00201681 -0.00377424 -0.00805489 -0.0105491 -0.00621054 0.00525078 0.019543 0.0334181 0.046842 0.0602113 0.0743308 0.0966529 0.148743 0.257664 0.413075 
