0.389119 0.36985 0.279589 0.174978 0.100621 0.0653015 0.0555038 0.0543506 0.0502382 0.0393575 0.0245133 0.0104718 -0.000220799 -0.00745764 -0.011689 -0.012785 -0.010234 -0.00425631 0.00372301 0.0114738 0.0157445 0.012776 0.00108434 -0.016119 -0.030594 -0.0292729 0.00405854 0.0816204 0.198282 0.319447 
0.35451 0.335147 0.250338 0.15423 0.089054 0.0615243 0.0564188 0.056073 0.0500632 0.0375413 0.0230502 0.0102351 6.53346e-05 -0.00729224 -0.0113414 -0.0114134 -0.00714436 0.000762836 0.0103847 0.0188685 0.0222986 0.0170065 0.00256273 -0.017039 -0.0337478 -0.0347917 -0.00416897 0.0691802 0.178672 0.290979 
0.247028 0.229253 0.165633 0.0980088 0.0574439 0.04585 0.0478542 0.0479994 0.0396377 0.0259634 0.0132385 0.0036377 -0.00401552 -0.0100476 -0.0132025 -0.0121382 -0.00641252 0.00309158 0.0144218 0.0245857 0.0292579 0.0249565 0.0123185 -0.00445151 -0.0193499 -0.023143 -0.00364869 0.0474902 0.125078 0.204223 
0.134194 0.117946 0.0762803 0.0382617 0.0226941 0.0261943 0.0339266 0.033985 0.0240327 0.0103999 0.000276446 -0.00530365 -0.00937823 -0.0132867 -0.0155714 -0.0141986 -0.00821776 0.00185935 0.0145036 0.026735 0.0337097 0.0321111 0.0239341 0.0137595 0.00458258 -0.000248931 0.00573697 0.0292281 0.069791 0.113051 
0.0620177 0.0480251 0.0208633 0.00130073 0.000689221 0.0125729 0.0224354 0.0208699 0.00877198 -0.00537933 -0.0137329 -0.0157919 -0.0161214 -0.0175919 -0.0191134 -0.0180093 -0.0125982 -0.00284223 0.0102445 0.0238953 0.0330282 0.0344931 0.0314889 0.0291956 0.027777 0.0241572 0.0192676 0.0203957 0.0338115 0.0535365 
0.0317732 0.0208083 0.00152191 -0.0100743 -0.00515492 0.00955729 0.019572 0.0160267 0.00122025 -0.0150032 -0.0239135 -0.0248456 -0.0232502 -0.0232719 -0.0242805 -0.0232759 -0.0183246 -0.00934249 0.00295689 0.0165071 0.0268787 0.0312551 0.0332391 0.0381423 0.044047 0.0430399 0.0323492 0.0207504 0.0196622 0.02802 
0.0254849 0.01603 0.000106479 -0.00922632 -0.0032571 0.0126523 0.0241321 0.0213656 0.00590102 -0.0123938 -0.0239195 -0.0269659 -0.0266292 -0.0273073 -0.0285894 -0.0276516 -0.0230354 -0.0151751 -0.00470586 0.00727053 0.0175538 0.0237648 0.0291901 0.0388034 0.0497743 0.0521355 0.0415854 0.0271334 0.0211686 0.0243219 
0.0284563 0.0173091 0.00104955 -0.00871582 -0.00273067 0.0152032 0.0308011 0.0324839 0.019563 0.000687535 -0.0139711 -0.0209827 -0.0240025 -0.0269018 -0.0293939 -0.0291625 -0.0254505 -0.0191887 -0.0109675 -0.00121039 0.00785287 0.0141276 0.0202664 0.03093 0.043819 0.0496021 0.0439976 0.0343549 0.030035 0.0307857 
0.0324796 0.0175265 -0.000777508 -0.0112293 -0.00449192 0.0163586 0.0369236 0.043995 0.0346832 0.0161837 -0.00107571 -0.0118877 -0.0181598 -0.0231851 -0.0270504 -0.0281042 -0.0260101 -0.0216337 -0.0153209 -0.00731513 0.000453889 0.00583701 0.0106212 0.0191517 0.0307001 0.0385434 0.0395756 0.0384577 0.0392338 0.0390835 
0.0316449 0.0129651 -0.00580556 -0.0141887 -0.00469302 0.0189201 0.0425563 0.0527177 0.0454863 0.0271259 0.00804716 -0.00532304 -0.013456 -0.0192816 -0.023583 -0.025547 -0.0249438 -0.0219989 -0.0166321 -0.00928162 -0.00203605 0.00272604 0.00583503 0.0110431 0.0191647 0.0267625 0.0326945 0.0391091 0.0444536 0.0429812 
0.0253366 0.00377483 -0.0129033 -0.0159539 -0.00207615 0.0231453 0.0469604 0.0572671 0.0502786 0.031821 0.0119315 -0.00263115 -0.011383 -0.0168155 -0.0203712 -0.022148 -0.0219067 -0.0191468 -0.0136005 -0.00615407 0.00101476 0.00569438 0.00823362 0.0116032 0.0170512 0.023274 0.0308189 0.0403617 0.0466013 0.0418911 
0.0218837 -0.00199277 -0.0166114 -0.0151611 0.00133189 0.0259302 0.0480275 0.0573622 0.0503519 0.032353 0.0127187 -0.00207013 -0.010887 -0.0155763 -0.0179451 -0.0187838 -0.017769 -0.0140389 -0.00770541 -0.000219031 0.00660955 0.0115361 0.0152566 0.0199708 0.025974 0.032002 0.0390945 0.0476566 0.0515924 0.0429522 
0.0286703 0.00320547 -0.0121004 -0.011272 0.00294911 0.0241628 0.0439756 0.0530849 0.0472588 0.0308835 0.0124488 -0.00193809 -0.0106229 -0.0147895 -0.0163563 -0.0164295 -0.0145222 -0.00979231 -0.00303768 0.00382699 0.00969754 0.0148656 0.0209525 0.029362 0.0385909 0.0461315 0.0527176 0.0593697 0.061363 0.0513128 
0.0412821 0.0159985 -0.00214941 -0.00638006 0.00183893 0.0179362 0.0352001 0.0447579 0.0414876 0.0282872 0.0122444 -0.00112415 -0.00968818 -0.0138692 -0.0153511 -0.0152874 -0.0131662 -0.00836031 -0.0021337 0.00337916 0.00765585 0.012505 0.0206576 0.0325878 0.0446921 0.0532919 0.0593058 0.0651155 0.0680537 0.0610912 
0.0501587 0.0270645 0.00625037 -0.00368312 -0.00155966 0.00959202 0.0239259 0.0335371 0.0334405 0.0249477 0.0127957 0.00117471 -0.0074449 -0.0123387 -0.0144022 -0.0146811 -0.0129473 -0.00888845 -0.00382511 0.000124371 0.00255964 0.00620456 0.0147576 0.0279042 0.0402687 0.0477929 0.0525549 0.0586096 0.0648549 0.0640278 
0.0522312 0.0317141 0.009219 -0.00487357 -0.00693873 0.000619999 0.0120996 0.0211189 0.023928 0.0206547 0.0133209 0.00422941 -0.00414905 -0.00991498 -0.0128837 -0.0137931 -0.0127331 -0.00966505 -0.0057132 -0.00287258 -0.00194142 -0.000329308 0.00611899 0.0171636 0.0271837 0.0326703 0.0368408 0.0445669 0.0550488 0.0603427 
0.0505288 0.0324987 0.00941131 -0.00723274 -0.0120485 -0.00722852 0.00143717 0.00906973 0.0134473 0.0141239 0.0111082 0.00512044 -0.00178772 -0.00737568 -0.0108629 -0.0125058 -0.0122669 -0.0100785 -0.00682165 -0.00444471 -0.00445194 -0.00531418 -0.00318438 0.00275508 0.0087322 0.0125896 0.0177571 0.02858 0.0435577 0.053998 
0.047291 0.0330086 0.0111964 -0.0063961 -0.0132868 -0.0112477 -0.00581532 -0.000621608 0.00335456 0.00552813 0.00498705 0.00179566 -0.0025181 -0.00640298 -0.00941012 -0.0114289 -0.0118439 -0.0102058 -0.00724966 -0.005039 -0.00559459 -0.00851451 -0.0109024 -0.0108738 -0.00939035 -0.00700134 -0.000885133 0.0123226 0.0308234 0.0458319 
0.0420311 0.0321923 0.0131706 -0.00378965 -0.0118274 -0.012014 -0.00919405 -0.00622761 -0.0035532 -0.00183072 -0.00204787 -0.00384397 -0.00584863 -0.00748836 -0.00917072 -0.0108026 -0.0112751 -0.00972869 -0.00689226 -0.00494638 -0.00579302 -0.00946581 -0.0143084 -0.0183043 -0.0202268 -0.019402 -0.013956 -0.00114902 0.0181267 0.0360344 
0.0346978 0.0271714 0.0104716 -0.00502278 -0.0129027 -0.0136835 -0.0114194 -0.00878509 -0.00645941 -0.00535987 -0.006219 -0.00792158 -0.0088054 -0.00883863 -0.00910887 -0.00982601 -0.00983407 -0.00814051 -0.0055283 -0.00405959 -0.00493753 -0.00801549 -0.0128499 -0.0181939 -0.0218226 -0.0222939 -0.0184427 -0.00789361 0.00954943 0.0272503 
0.0270185 0.0184716 0.00269214 -0.0109199 -0.0173684 -0.0173446 -0.0142685 -0.0106509 -0.00745935 -0.00591632 -0.00676824 -0.00850796 -0.00911621 -0.00851265 -0.00792203 -0.00782566 -0.00733369 -0.00558534 -0.00338881 -0.00248001 -0.00330826 -0.00544453 -0.00925044 -0.0143154 -0.018257 -0.0191958 -0.0162063 -0.00741136 0.00739679 0.0220975 
0.020481 0.00959498 -0.00542143 -0.016362 -0.0203473 -0.0191217 -0.0156723 -0.0117238 -0.0078 -0.00517359 -0.00507086 -0.00640526 -0.00711458 -0.00668247 -0.00595534 -0.00546972 -0.00467651 -0.00298221 -0.00119303 -0.000750853 -0.00178385 -0.00377288 -0.00708753 -0.0113488 -0.0143196 -0.0142811 -0.0106474 -0.00238741 0.0098277 0.0200845 
0.0151647 0.00310966 -0.0100529 -0.0176833 -0.0189086 -0.0167507 -0.0138957 -0.0108256 -0.00712505 -0.00388694 -0.00284804 -0.00371254 -0.00471397 -0.00488126 -0.00447854 -0.00391771 -0.00293626 -0.00123877 0.000369614 0.000574392 -0.000939975 -0.00377379 -0.00753568 -0.0108655 -0.0116417 -0.00913364 -0.0038046 0.00424081 0.013497 0.0188947 
0.0105746 -0.00113071 -0.0117555 -0.0164138 -0.0155562 -0.0129808 -0.011046 -0.00914552 -0.00622324 -0.00323147 -0.00193085 -0.00245633 -0.00351379 -0.00403979 -0.00390099 -0.00332358 -0.00217261 -0.000353589 0.00132489 0.00153702 -0.000454317 -0.00444616 -0.00900663 -0.011388 -0.00955628 -0.00422162 0.0027256 0.0101541 0.0161759 0.0171246 
0.00610348 -0.00468179 -0.0130819 -0.0156385 -0.013572 -0.0109532 -0.00972259 -0.00858128 -0.00638731 -0.00409486 -0.00299726 -0.00311967 -0.00366725 -0.00391696 -0.00367219 -0.00300104 -0.00172291 0.000212605 0.00199598 0.00224095 -0.000105988 -0.00492165 -0.00996291 -0.0115471 -0.007937 -0.00107485 0.00628 0.0126691 0.0161687 0.0141269 
0.00103439 -0.00853845 -0.0150269 -0.0158234 -0.0127358 -0.00998939 -0.0091053 -0.00833305 -0.00666085 -0.0051068 -0.00441219 -0.00423528 -0.00411896 -0.00381103 -0.00326255 -0.00248 -0.00120898 0.000648 0.00231998 0.00239895 -0.000247678 -0.00539048 -0.0103899 -0.0114278 -0.00739691 -0.0010063 0.00505949 0.00997668 0.0121385 0.00910471 
-0.00464119 -0.0122188 -0.0164535 -0.0152834 -0.0109926 -0.00788149 -0.00711265 -0.00660326 -0.00536338 -0.00444886 -0.00430311 -0.00425342 -0.00390334 -0.00330201 -0.00257737 -0.0017787 -0.000674131 0.000881939 0.00221786 0.00197239 -0.000889063 -0.00590527 -0.0103937 -0.0110372 -0.0075423 -0.00298212 0.000557052 0.00339876 0.00471097 0.00208101 
-0.00998625 -0.0148371 -0.0165518 -0.0135925 -0.00837187 -0.00493783 -0.0041819 -0.00390956 -0.00304813 -0.00258588 -0.00290244 -0.00318085 -0.00296912 -0.00243721 -0.00179644 -0.00112427 -0.000254918 0.00096719 0.00196562 0.00145183 -0.00141128 -0.00587418 -0.00948943 -0.00986629 -0.0074458 -0.00515361 -0.0043585 -0.00385508 -0.00356089 -0.00542791 
-0.0144836 -0.0169579 -0.0166976 -0.012654 -0.00702543 -0.00334048 -0.00238518 -0.00217881 -0.00158083 -0.00131047 -0.00168361 -0.00197657 -0.00184662 -0.00153337 -0.00116803 -0.000715179 -2.18093e-05 0.00103497 0.00189322 0.00130774 -0.00133348 -0.00501534 -0.00770485 -0.00810435 -0.00711909 -0.00694475 -0.00819213 -0.00946219 -0.0102307 -0.0117294 
-0.0186842 -0.0199728 -0.0186131 -0.0139922 -0.008151 -0.00415978 -0.0028246 -0.00253069 -0.00205715 -0.00166556 -0.00155693 -0.00134114 -0.00101432 -0.000863996 -0.000789952 -0.000528116 0.000101561 0.00115203 0.0020195 0.00149259 -0.000857767 -0.00386828 -0.00593644 -0.00665186 -0.00706533 -0.00842307 -0.0107214 -0.0129387 -0.0146757 -0.0165357 
-0.0230702 -0.0240542 -0.0220188 -0.0168624 -0.0108079 -0.00663903 -0.00508141 -0.0047482 -0.00428929 -0.00350434 -0.00254005 -0.00146703 -0.000681402 -0.000486794 -0.000539744 -0.000362314 0.000249721 0.00127729 0.00210958 0.00163205 -0.000467452 -0.00304635 -0.00484543 -0.00591951 -0.00722627 -0.00933605 -0.012043 -0.014896 -0.0177142 -0.0205532 
-0.0270058 -0.0278877 -0.025181 -0.0193923 -0.0131689 -0.00910923 -0.00765543 -0.00742945 -0.00699658 -0.00585172 -0.00410993 -0.0021963 -0.000819454 -0.000341568 -0.000320217 -0.00015445 0.000391914 0.00126874 0.00193785 0.00145844 -0.000430686 -0.00275191 -0.0044907 -0.00579563 -0.00741361 -0.00965606 -0.0124983 -0.0159553 -0.0198834 -0.0238501 
-0.0295512 -0.0301136 -0.0266719 -0.0202508 -0.0138745 -0.010029 -0.00884386 -0.00886317 -0.00865986 -0.00755392 -0.00552904 -0.00312201 -0.00123693 -0.000388496 -0.000198842 -1.72978e-05 0.000435844 0.00110333 0.00155001 0.001012 -0.000790466 -0.00309429 -0.00499053 -0.00646859 -0.00806098 -0.010136 -0.012992 -0.0168615 -0.0214886 -0.0261201 
-0.0304571 -0.0302833 -0.0261395 -0.0192841 -0.0127867 -0.00903533 -0.0080506 -0.00840134 -0.00868974 -0.00805926 -0.00628365 -0.00385697 -0.00175843 -0.000646645 -0.000270345 1.32173e-05 0.000483827 0.00102923 0.00126293 0.000542031 -0.00145316 -0.00410086 -0.00641383 -0.00806937 -0.00947596 -0.0113006 -0.0141777 -0.0182802 -0.0230496 -0.027527 
-0.0292448 -0.0282109 -0.0238412 -0.0172097 -0.0109285 -0.00718841 -0.00619148 -0.00677011 -0.00755469 -0.00748427 -0.00619113 -0.0041464 -0.00226228 -0.00114526 -0.000602365 -7.8055e-05 0.000591796 0.00114744 0.00117449 0.000127528 -0.00228051 -0.00545457 -0.00824125 -0.00998456 -0.0110479 -0.0125027 -0.0153057 -0.0194289 -0.0238631 -0.0274605 
-0.0250902 -0.0237924 -0.0202025 -0.0148115 -0.00938091 -0.00579166 -0.00459844 -0.00507481 -0.00594645 -0.00607614 -0.00516573 -0.00376017 -0.00255095 -0.00179673 -0.00120851 -0.000401852 0.000535984 0.0011454 0.000981211 -0.000361403 -0.00305379 -0.00651748 -0.00952442 -0.0111588 -0.011706 -0.0125204 -0.0147941 -0.0183715 -0.0219645 -0.0243801 
-0.0186936 -0.0179892 -0.0158652 -0.012224 -0.00806629 -0.00497491 -0.00372891 -0.00391014 -0.00441014 -0.00428428 -0.00353203 -0.0028269 -0.00254521 -0.00241513 -0.00193215 -0.000928856 0.000179716 0.000771875 0.000473973 -0.000900703 -0.00341085 -0.00661478 -0.00938579 -0.0106525 -0.0105502 -0.0104751 -0.0116978 -0.0141362 -0.0166552 -0.0182589 
-0.0121499 -0.0122883 -0.0113322 -0.00910258 -0.00628101 -0.00418022 -0.00343236 -0.00356648 -0.00365028 -0.00313075 -0.00236228 -0.00212015 -0.00253947 -0.00292829 -0.00258131 -0.00150285 -0.000379881 9.95323e-05 -0.00025055 -0.00134884 -0.00319547 -0.00558333 -0.00761286 -0.00822705 -0.00744475 -0.00647412 -0.00649935 -0.00772681 -0.00953982 -0.0111711 
-0.00680345 -0.00718667 -0.00663072 -0.00544774 -0.00414459 -0.00353966 -0.00380331 -0.0042347 -0.0041352 -0.00338088 -0.00250827 -0.00228848 -0.00283737 -0.0033855 -0.00313991 -0.00213409 -0.00114097 -0.000821777 -0.00117239 -0.00189507 -0.00294756 -0.00427339 -0.00521578 -0.00498729 -0.0036471 -0.00203777 -0.00109635 -0.00144338 -0.0030898 -0.00525618 
-0.00277796 -0.00235785 -0.0016108 -0.00159711 -0.00228948 -0.00350639 -0.00483497 -0.00554354 -0.00535844 -0.00453584 -0.00354221 -0.00302651 -0.00328743 -0.00376428 -0.00366236 -0.00290642 -0.002165 -0.00202017 -0.0024029 -0.00294991 -0.00353214 -0.00400935 -0.00388085 -0.00283179 -0.00115764 0.000689692 0.0021644 0.00234968 0.00076263 -0.00156531 
6.5576e-05 0.00215774 0.003384 0.00196246 -0.00111949 -0.00418651 -0.00622512 -0.00685127 -0.00643423 -0.00552099 -0.00438033 -0.00353839 -0.00352119 -0.0039725 -0.00408433 -0.00365908 -0.00320773 -0.00323551 -0.00375064 -0.0044654 -0.00510224 -0.00522662 -0.00434542 -0.00261834 -0.000771614 0.000883314 0.00228928 0.0026781 0.00143257 -0.000178052 
0.00165089 0.00548776 0.00713309 0.00427021 -0.00108382 -0.0056631 -0.00789677 -0.00799182 -0.00702585 -0.0057455 -0.00431715 -0.00327931 -0.00324869 -0.00382333 -0.00412604 -0.00395406 -0.00375553 -0.00398166 -0.00475003 -0.00589079 -0.00695226 -0.00711055 -0.00572574 -0.00331481 -0.00123664 -6.1778e-05 0.00067837 0.000877071 8.27298e-05 -0.000391864 
0.00183904 0.00676854 0.00860418 0.00476243 -0.00206554 -0.00749641 -0.00953893 -0.00890173 -0.00716193 -0.00517914 -0.00323657 -0.00204262 -0.00214964 -0.00292452 -0.00340075 -0.00345986 -0.00357049 -0.0040908 -0.00515281 -0.00671454 -0.0082278 -0.00847687 -0.00656159 -0.00328798 -0.00078424 -0.000107852 -0.000328887 -0.000757506 -0.00155019 -0.00137707 
0.0005739 0.00606944 0.00807704 0.0041142 -0.00289234 -0.00832435 -0.0101435 -0.00922066 -0.00707249 -0.00442514 -0.00180681 -0.000231706 -0.000256733 -0.00114556 -0.00188825 -0.00236796 -0.00297617 -0.00384242 -0.00500231 -0.00661754 -0.00823441 -0.00835567 -0.00583109 -0.00174149 0.00110264 0.00125081 -9.69591e-05 -0.00171813 -0.00330748 -0.00319807 
-0.00166486 0.00445449 0.00686514 0.00359795 -0.00239442 -0.00715319 -0.00914763 -0.0090267 -0.00749909 -0.00473264 -0.00145163 0.000899778 0.00148601 0.000819134 -0.000159671 -0.00118464 -0.0023544 -0.00342377 -0.00428594 -0.00537088 -0.00650401 -0.0061785 -0.00318991 0.00119364 0.00383835 0.00313118 0.00029452 -0.00313882 -0.00605138 -0.00610524 
-0.00284467 0.00417265 0.00729569 0.00510838 0.000414531 -0.00389425 -0.00696006 -0.00885081 -0.00902743 -0.00687597 -0.00320729 0.000105466 0.00177986 0.0018603 0.00105724 -0.00020424 -0.0016368 -0.00259769 -0.00283539 -0.00299577 -0.00327164 -0.00245996 0.000527423 0.00452689 0.00654153 0.00487611 0.000527066 -0.00466903 -0.00858701 -0.00832879 
-9.0609e-06 0.00812765 0.0122541 0.0109737 0.00664454 0.00142871 -0.00391983 -0.00857767 -0.0109051 -0.00984636 -0.00638046 -0.00256266 0.000144857 0.00134572 0.00134073 0.000530598 -0.000565933 -0.00108382 -0.000681364 -0.000103737 0.000138603 0.000892763 0.00324946 0.00649833 0.00805988 0.00609749 0.00120816 -0.00448852 -0.00812487 -0.00677893 
0.00833634 0.0178316 0.0227939 0.0214074 0.0156506 0.00786375 -0.000503593 -0.00768538 -0.0115341 -0.0113923 -0.00879945 -0.00558059 -0.00265655 -0.000511818 0.000641131 0.000907111 0.000710807 0.000802051 0.00145821 0.0019569 0.00175783 0.00169977 0.00310597 0.00569338 0.00724217 0.00584886 0.00178839 -0.00260753 -0.00412444 -0.000366651 
0.0209552 0.0315398 0.0359544 0.0324572 0.0235135 0.0125826 0.00199744 -0.00610436 -0.0099028 -0.00991366 -0.00850744 -0.00693422 -0.00496601 -0.00267636 -0.000614889 0.000860451 0.00170985 0.00220699 0.0024217 0.00183639 0.000350793 -0.000737121 8.96514e-05 0.00242023 0.00410904 0.00355501 0.0011276 -0.000642533 0.00159659 0.00938397 
0.0342732 0.044331 0.0457436 0.0381097 0.0254617 0.0126979 0.00237707 -0.00417312 -0.00635123 -0.00587856 -0.00542629 -0.00555658 -0.00515928 -0.00368949 -0.00150058 0.000732943 0.00227663 0.00271338 0.00186878 -0.000401503 -0.0033978 -0.005092 -0.00405486 -0.00153949 7.1534e-05 -2.32736e-05 -0.000720683 0.000748798 0.00756697 0.0200495 
0.0439 0.0511918 0.0476193 0.0351415 0.0197981 0.00762962 0.000568417 -0.00217971 -0.00204527 -0.00119832 -0.00128998 -0.00223104 -0.00307574 -0.00296846 -0.00152331 0.000702853 0.00243729 0.0026401 0.000803631 -0.00302616 -0.00737899 -0.00941838 -0.00790046 -0.00518548 -0.00408391 -0.00443533 -0.00387203 0.000833237 0.0121942 0.0286562 
0.0460925 0.0498442 0.0415362 0.0255342 0.00963171 0.000513969 -0.00106066 0.00113942 0.00321762 0.00348783 0.00254218 0.00118742 -0.000532298 -0.00190061 -0.00170833 -6.4005e-05 0.00165604 0.00207672 0.000165286 -0.00437423 -0.00971815 -0.0123632 -0.011055 -0.0087726 -0.00868515 -0.010175 -0.00959915 -0.00271469 0.0122228 0.0312874 
0.0398424 0.0414784 0.0310962 0.0148022 0.00140278 -0.00272275 0.0016026 0.00794812 0.0105293 0.00867791 0.00546814 0.00264011 -0.00036411 -0.00308977 -0.00395 -0.00275988 -0.000777699 0.000530716 -0.000398739 -0.00444633 -0.00983029 -0.0128674 -0.0123254 -0.0110912 -0.0123844 -0.0159131 -0.0172641 -0.0105864 0.00573655 0.0257834 
0.0306176 0.0323866 0.0228762 0.00945135 0.00104754 0.00231064 0.0104839 0.017911 0.0185269 0.0128613 0.00576471 -2.68092e-05 -0.00484146 -0.00831564 -0.00917104 -0.00754324 -0.00474187 -0.00215704 -0.0015124 -0.00393414 -0.00776003 -0.0097309 -0.00913768 -0.00867703 -0.0114437 -0.0177376 -0.0227136 -0.0187151 -0.00338066 0.0165316 
0.0280698 0.0315257 0.0237374 0.0136757 0.010255 0.0155232 0.0244628 0.029293 0.0252448 0.0143565 0.00244179 -0.00703935 -0.013636 -0.0169047 -0.016479 -0.0134828 -0.00947414 -0.00548342 -0.0028866 -0.00269123 -0.00339691 -0.00254022 -0.000441466 -0.000163615 -0.00479148 -0.0145444 -0.0236291 -0.0227482 -0.00854322 0.0121579 
0.0357584 0.0408996 0.0333584 0.0246489 0.0244542 0.0324102 0.0407648 0.0414262 0.0315896 0.0151793 -0.00152707 -0.0147148 -0.0229587 -0.0256472 -0.0236238 -0.0192441 -0.0142063 -0.0089078 -0.00418262 -0.000916288 0.00206527 0.00631936 0.0102837 0.00995545 0.00226968 -0.0115956 -0.0238216 -0.023828 -0.00797871 0.0162598 
0.0477499 0.0527174 0.0431777 0.0336685 0.0352237 0.0456373 0.0541917 0.0519729 0.0380508 0.0180027 -0.00204397 -0.0182565 -0.0281546 -0.030842 -0.028194 -0.023426 -0.0181073 -0.012126 -0.0059901 -0.000421619 0.00555405 0.0126267 0.0178913 0.0162236 0.00484918 -0.0128077 -0.026405 -0.024477 -0.00414289 0.0251566 
0.0579231 0.0596001 0.0464016 0.0352413 0.0379278 0.0506464 0.0602078 0.0571935 0.0423208 0.0219899 0.00130948 -0.0163699 -0.0277007 -0.0313088 -0.0294321 -0.0254503 -0.0207407 -0.015167 -0.00915137 -0.00287592 0.00493863 0.0142955 0.0210271 0.0191604 0.00628402 -0.0126017 -0.0255527 -0.0206427 0.0038297 0.0358799 
0.066657 0.0620797 0.0446635 0.0321751 0.0356493 0.0495361 0.0593557 0.0562156 0.0423008 0.024109 0.00526767 -0.0119302 -0.0239442 -0.0288683 -0.0285298 -0.0259226 -0.0223566 -0.0179742 -0.0131185 -0.00724419 0.00146797 0.012747 0.0219387 0.022972 0.0134157 -0.00206678 -0.0119497 -0.00459763 0.0206876 0.0502733 
0.073792 0.0621318 0.0416251 0.028896 0.0324358 0.0452271 0.0533829 0.04963 0.0369986 0.0215412 0.00581158 -0.0090492 -0.0202279 -0.0257353 -0.0266922 -0.0253874 -0.0229056 -0.0194491 -0.0152726 -0.00962079 -0.000581687 0.0117716 0.0235939 0.0296912 0.0271495 0.0185508 0.0132152 0.0216327 0.0439078 0.0664015 
0.0709315 0.0543743 0.0339446 0.0233129 0.027059 0.037294 0.0425632 0.0380295 0.026784 0.0139524 0.001733 -0.00945119 -0.0181076 -0.0228699 -0.0243659 -0.0239614 -0.0220077 -0.018327 -0.0132645 -0.00668077 0.00273645 0.0152324 0.0284949 0.038777 0.0425801 0.039793 0.0369254 0.0431971 0.0590348 0.0723699 
0.0503903 0.03251 0.0160756 0.0110813 0.0176103 0.0268272 0.0300282 0.0251069 0.015301 0.00488333 -0.00403349 -0.0114634 -0.0172188 -0.0207565 -0.0223716 -0.0224291 -0.0202745 -0.0152179 -0.00791862 0.000745803 0.0111333 0.0235445 0.036985 0.0491061 0.0559896 0.0549228 0.0496798 0.0488506 0.0547745 0.0584407 
0.0216318 0.00496287 -0.0061246 -0.00453001 0.00647303 0.0170392 0.0199413 0.0150061 0.00623238 -0.00220378 -0.00836806 -0.0128977 -0.0166595 -0.0196054 -0.0215392 -0.0218608 -0.0191264 -0.0123951 -0.00268287 0.00831522 0.0200282 0.0324311 0.0453327 0.0576667 0.0655479 0.0639994 0.0539636 0.0436497 0.0384539 0.0335281 
0.0110608 -0.0037612 -0.013665 -0.0119291 -0.00117712 0.00949914 0.0127275 0.00801893 -0.000177642 -0.00715892 -0.0111314 -0.0134551 -0.0158929 -0.0187383 -0.0212365 -0.0219495 -0.0190077 -0.0114776 -0.000513025 0.0119041 0.0244896 0.0364947 0.047964 0.0592243 0.0675629 0.066967 0.0556348 0.040647 0.0299227 0.0222769 
0.0419764 0.0287834 0.0118492 0.00166399 0.0018543 0.00716786 0.00930639 0.00491307 -0.00288746 -0.00940947 -0.012695 -0.0139849 -0.0154282 -0.0178948 -0.0205934 -0.0217101 -0.0192548 -0.0123153 -0.00182166 0.010524 0.0230645 0.0340303 0.0429443 0.0512796 0.0587456 0.0607025 0.0543088 0.045334 0.042393 0.0446798 
0.117555 0.105514 0.073803 0.0413118 0.0218111 0.015671 0.0140692 0.00983618 0.00253919 -0.00499696 -0.0105041 -0.0135141 -0.0153354 -0.0174382 -0.0198029 -0.0209948 -0.019219 -0.0135901 -0.00465989 0.00644246 0.0180198 0.0273129 0.0327346 0.0360825 0.0397996 0.0432445 0.0461796 0.0546285 0.075562 0.103044 
0.223558 0.210747 0.158328 0.097941 0.0550173 0.0348031 0.0280815 0.0242638 0.0181351 0.00903521 -0.000769797 -0.00827883 -0.0128293 -0.0158481 -0.0182431 -0.0193975 -0.0179742 -0.0132984 -0.00581479 0.00363121 0.0132751 0.0196996 0.0204031 0.0170566 0.0144919 0.0176344 0.0322266 0.0664184 0.12329 0.186769 
0.331069 0.314893 0.23924 0.150775 0.0866276 0.0549059 0.0447179 0.0421462 0.0376782 0.0276732 0.0142655 0.00215314 -0.00624623 -0.0115673 -0.0149049 -0.0162025 -0.0146192 -0.00988189 -0.00278869 0.00535054 0.0122032 0.0140629 0.00850234 -0.0023627 -0.0116534 -0.0092447 0.0171491 0.0783623 0.172807 0.272984 
