0.414921 0.411705 0.332926 0.222313 0.129644 0.0732528 0.0443593 0.0284938 0.0162392 0.00494143 -0.00370715 -0.00880224 -0.0119065 -0.0145763 -0.017038 -0.0187685 -0.018496 -0.0139819 -0.00439065 0.00641109 0.0129712 0.0157912 0.0188348 0.020286 0.0193863 0.0306993 0.073473 0.149735 0.24693 0.346647 
0.335609 0.332678 0.269452 0.178403 0.0995476 0.0496728 0.0234398 0.0104887 0.00308059 -0.00323126 -0.00907334 -0.0134375 -0.0159051 -0.0167532 -0.0169243 -0.0172184 -0.0166294 -0.0122488 -0.00256374 0.00831273 0.0133517 0.0120642 0.0106514 0.0109447 0.0125277 0.025982 0.0652779 0.129362 0.206462 0.283286 
0.220501 0.218048 0.175776 0.111998 0.0536512 0.0161977 -0.0013142 -0.00679255 -0.00810301 -0.0106024 -0.0151113 -0.0194358 -0.0214039 -0.0205819 -0.0186324 -0.0172493 -0.0156619 -0.0108733 -0.00109616 0.00978132 0.014001 0.0102131 0.00606368 0.00593803 0.00830617 0.0182398 0.0450854 0.0881026 0.138667 0.187747 
0.13245 0.132031 0.103855 0.0580842 0.0145456 -0.0119248 -0.0202322 -0.0182188 -0.0148301 -0.0153373 -0.0194017 -0.0236618 -0.0252489 -0.0236361 -0.0207515 -0.018381 -0.015728 -0.0101356 -5.05964e-05 0.0112232 0.0163595 0.0133527 0.00958105 0.0102057 0.0125482 0.0171924 0.0299963 0.0521934 0.080551 0.110657 
0.0774741 0.0839361 0.0665195 0.0314517 -0.00309015 -0.0224646 -0.0251434 -0.0191796 -0.0141566 -0.0148235 -0.0194887 -0.0240337 -0.0256457 -0.0240563 -0.0212386 -0.0187422 -0.0156393 -0.00967386 0.000429714 0.0123352 0.0199568 0.0205338 0.0194849 0.0215219 0.0238723 0.0243656 0.0254407 0.0293581 0.0391285 0.0573769 
0.0370315 0.0523823 0.0473004 0.0237683 -0.00155873 -0.0148168 -0.0143514 -0.00752698 -0.00367737 -0.00699219 -0.0143886 -0.0206182 -0.0228968 -0.0215967 -0.0190571 -0.016844 -0.0141193 -0.00884765 0.000529681 0.0129745 0.0235346 0.0283802 0.0305817 0.0344259 0.0377789 0.0362506 0.0285119 0.0169161 0.00983468 0.0171996 
0.00701026 0.0244657 0.028226 0.0163979 0.00199982 -0.00351587 0.00100495 0.00909862 0.0120274 0.0057709 -0.00547537 -0.014631 -0.0182456 -0.0173851 -0.0150619 -0.0131449 -0.0111234 -0.00705397 0.00120761 0.0135661 0.0255266 0.0327486 0.0375061 0.044215 0.050594 0.0495117 0.0366726 0.0151649 -0.00368744 -0.00702625 
-0.00666147 0.00245238 0.00524216 -0.000354028 -0.00518841 -0.00205914 0.00793128 0.0186929 0.0227652 0.0162121 0.0030234 -0.00854981 -0.0137769 -0.013655 -0.0115684 -0.00967357 -0.00782425 -0.00428666 0.00313648 0.0142689 0.0246767 0.0311432 0.0375057 0.0482911 0.0591154 0.0599282 0.0458482 0.0221187 0.000193926 -0.0101106 
-0.00213468 -0.00616635 -0.0129149 -0.0199097 -0.0192957 -0.00889452 0.00552539 0.0174151 0.0222556 0.0174163 0.00534224 -0.00656957 -0.0126775 -0.0130939 -0.0109755 -0.00857 -0.00600767 -0.00196695 0.00511752 0.014312 0.021327 0.0250652 0.0318519 0.0458519 0.0597314 0.0618109 0.0491734 0.0297969 0.0133147 0.00313494 
0.0182504 0.00426992 -0.0143816 -0.0282491 -0.0275957 -0.0141187 0.000994397 0.010314 0.0132121 0.00949432 -0.000150227 -0.0105708 -0.0162014 -0.0163017 -0.0136262 -0.0104532 -0.00707306 -0.00244351 0.00449467 0.0123117 0.0168491 0.0181297 0.0236315 0.0371097 0.050071 0.0516876 0.0421784 0.0315161 0.026764 0.0247197 
0.0485529 0.0327047 0.00615188 -0.0157776 -0.0203009 -0.01032 0.000397204 0.00452942 0.00412049 0.000365909 -0.00743044 -0.0160751 -0.0206325 -0.0200769 -0.0169732 -0.0137064 -0.0106463 -0.00655621 -4.66128e-05 0.00761872 0.0119793 0.0121271 0.0146054 0.0233419 0.0315166 0.0310216 0.0249931 0.02471 0.0350543 0.047432 
0.0773601 0.068097 0.0414947 0.0149483 0.00312541 0.00450058 0.00719292 0.00580835 0.00286338 -0.00133548 -0.00854923 -0.0164562 -0.0207297 -0.0204362 -0.0179603 -0.0157387 -0.0142805 -0.0119403 -0.00640738 0.00165073 0.00717856 0.00711029 0.00585189 0.00796531 0.00966811 0.00573079 0.00168519 0.0103087 0.0350268 0.0633045 
0.0937469 0.0945588 0.0744576 0.0486333 0.0317866 0.0249948 0.0204563 0.0152551 0.0110509 0.00623518 -0.00162137 -0.0102956 -0.0157835 -0.0170885 -0.0161216 -0.0152893 -0.0155358 -0.01518 -0.011113 -0.00318083 0.00343142 0.00380993 6.63122e-05 -0.00305221 -0.00693992 -0.0146255 -0.018396 -0.00407914 0.0300269 0.0688136 
0.0940652 0.101699 0.0892062 0.0670738 0.0491184 0.0391071 0.0322223 0.0265208 0.0225719 0.0174896 0.00858363 -0.00179957 -0.00948715 -0.0128889 -0.013284 -0.0132004 -0.0143146 -0.0153701 -0.0128917 -0.00583414 0.00131014 0.00299848 -0.000507394 -0.00544701 -0.0123746 -0.0225523 -0.0264128 -0.00972796 0.026584 0.0663195 
0.0810693 0.0895699 0.0815903 0.0629077 0.04635 0.0377629 0.0333325 0.0303747 0.0285559 0.024595 0.0156873 0.00424857 -0.00502582 -0.00974729 -0.0107999 -0.0109488 -0.0123687 -0.014126 -0.0127184 -0.00662748 0.000572663 0.0038586 0.00245446 -0.00173124 -0.00952817 -0.0204007 -0.0236933 -0.00712504 0.0254241 0.0582906 
0.060381 0.0655494 0.0590872 0.0432412 0.0290619 0.023206 0.022415 0.0232964 0.0248509 0.0236349 0.0166742 0.00626058 -0.0026779 -0.00743867 -0.00881613 -0.00947224 -0.0112799 -0.0131109 -0.0117353 -0.006025 0.00084553 0.00488441 0.00517121 0.00189772 -0.00616407 -0.0164779 -0.0181636 -0.00255837 0.0235859 0.0463487 
0.0381212 0.038979 0.0334453 0.0209093 0.00921723 0.0047751 0.00586679 0.00953267 0.0143071 0.0166184 0.0132934 0.00595189 -0.00113059 -0.00546387 -0.00754658 -0.0092691 -0.0115611 -0.0128858 -0.0106186 -0.00463268 0.00179012 0.00562325 0.00637977 0.0033457 -0.00478511 -0.0138315 -0.0134341 0.00101502 0.0203948 0.0330722 
0.0213513 0.0197018 0.015866 0.00640168 -0.00421575 -0.00950116 -0.00870398 -0.00392324 0.00290047 0.00842649 0.00939281 0.0059259 0.000786237 -0.00371292 -0.00711821 -0.0100648 -0.0125754 -0.0130366 -0.00964169 -0.00318868 0.00296813 0.00653716 0.0076106 0.0053364 -0.00163106 -0.00873734 -0.00687181 0.00553544 0.0184346 0.0228516 
0.0159166 0.0141701 0.0120464 0.00388951 -0.00774772 -0.0154143 -0.015984 -0.0112632 -0.00387878 0.00351662 0.00785336 0.00742913 0.00331388 -0.00203094 -0.00687184 -0.0106892 -0.0130869 -0.0127886 -0.00874769 -0.00224249 0.00363784 0.0072278 0.00913816 0.00883294 0.00479052 0.000534956 0.00330414 0.0131431 0.0208336 0.0202015 
0.0195808 0.0186884 0.0170664 0.00890352 -0.00356542 -0.0124461 -0.0136997 -0.009499 -0.00295192 0.00431007 0.00968552 0.0101501 0.00574416 -0.000657967 -0.00641234 -0.0105169 -0.0126779 -0.0120712 -0.00815808 -0.00235279 0.00271872 0.00600304 0.0086135 0.0106223 0.0104049 0.00963815 0.0132093 0.020802 0.0254394 0.0234235 
0.0235709 0.0235589 0.0212183 0.0132077 0.00247094 -0.0044365 -0.00467773 -0.000908351 0.00411722 0.00980887 0.013938 0.0130157 0.00710136 -0.000316484 -0.00633061 -0.0102287 -0.0121275 -0.0115522 -0.00824074 -0.00360747 0.000122034 0.00238629 0.00475589 0.00807738 0.0109458 0.0130748 0.016738 0.0219893 0.025184 0.0247172 
0.0229897 0.0240546 0.0207078 0.013365 0.00602752 0.00276693 0.0041959 0.0076912 0.011542 0.015642 0.0176911 0.0144777 0.00685686 -0.00114877 -0.00690854 -0.0103294 -0.0118766 -0.0112548 -0.00835935 -0.00461395 -0.002115 -0.00131492 -0.000496264 0.00190639 0.00529997 0.0083434 0.0111581 0.0142819 0.0173106 0.0201575 
0.0200715 0.0217133 0.0176053 0.0110642 0.00652424 0.00576469 0.00778586 0.0107016 0.013915 0.0171319 0.0177327 0.0131925 0.00516631 -0.00236744 -0.00738644 -0.0101973 -0.0112603 -0.010276 -0.00723516 -0.00364821 -0.00182253 -0.00260285 -0.00455917 -0.00553985 -0.00462545 -0.00258547 -0.000245217 0.00284249 0.00760643 0.01408 
0.0174696 0.0175338 0.0125343 0.00689024 0.00418751 0.00451223 0.00617331 0.00817306 0.0107605 0.0134734 0.0137241 0.00965302 0.00301336 -0.00296729 -0.0069004 -0.00907898 -0.00967491 -0.00828224 -0.00489835 -0.00103848 0.000702097 -0.00124065 -0.00603748 -0.0110569 -0.0136421 -0.0130292 -0.0099477 -0.0045816 0.00312544 0.0116289 
0.0145646 0.0108156 0.00436259 -0.000290078 -0.00115585 0.000485698 0.00239957 0.00389566 0.00580038 0.00809169 0.00877397 0.00632959 0.00190117 -0.00228427 -0.00522302 -0.0069617 -0.00739576 -0.00604991 -0.00278914 0.00120756 0.00337742 0.00144565 -0.00452967 -0.0117597 -0.0165198 -0.0168744 -0.013034 -0.00556343 0.00408754 0.0121318 
0.0104757 0.00320927 -0.00453972 -0.00822606 -0.0071262 -0.00361146 -0.000665154 0.000801796 0.00215023 0.00423457 0.00570646 0.00497407 0.00239703 -0.000516313 -0.00285976 -0.0044502 -0.00510724 -0.00439327 -0.00192778 0.00174732 0.00450783 0.00373004 -0.00123585 -0.00803652 -0.0131107 -0.0142898 -0.011136 -0.00384223 0.00549007 0.0116874 
0.00539268 -0.00265713 -0.0100492 -0.0124419 -0.0097807 -0.00506888 -0.00174746 -0.000743018 -3.62859e-05 0.00198623 0.00419331 0.00466286 0.00323426 0.00108984 -0.000863196 -0.00236755 -0.00336154 -0.00354229 -0.00229517 0.000509519 0.00345512 0.0041309 0.00145004 -0.00319969 -0.00737794 -0.00933168 -0.00805646 -0.00302093 0.00405129 0.00820231 
-0.000628351 -0.0071408 -0.0122238 -0.0126673 -0.00905084 -0.00448011 -0.00205264 -0.00212599 -0.00213339 -0.000213036 0.0023695 0.00343861 0.00267205 0.00115864 -0.000257083 -0.00142172 -0.00250943 -0.00344011 -0.00351786 -0.00206536 0.000401673 0.00218356 0.00201054 9.57976e-05 -0.00251316 -0.00469476 -0.00519921 -0.00302833 0.000779802 0.0025488 
-0.00716287 -0.0118697 -0.0140444 -0.0124257 -0.00846233 -0.0049136 -0.00385851 -0.00485171 -0.00524113 -0.00341809 -0.000795198 0.000463743 0.000111622 -0.000746009 -0.00137615 -0.00184702 -0.00261826 -0.0038845 -0.00504499 -0.00506797 -0.00357903 -0.00136575 0.000392007 0.000990513 0.000259236 -0.00139745 -0.00279456 -0.00281068 -0.00213902 -0.00320937 
-0.0128863 -0.0165026 -0.0165678 -0.0137168 -0.0100941 -0.00777782 -0.00773895 -0.00906531 -0.00948748 -0.00779275 -0.00530088 -0.00393203 -0.00382889 -0.00390018 -0.00356197 -0.00313879 -0.00331437 -0.00445964 -0.00613039 -0.00724841 -0.00697025 -0.00532993 -0.00298619 -0.00081187 0.000204308 -0.000383266 -0.00174513 -0.00284325 -0.00432673 -0.00783243 
-0.0166809 -0.0196265 -0.0188941 -0.0161466 -0.0135005 -0.0121774 -0.0125242 -0.0137893 -0.0142446 -0.012818 -0.0104416 -0.00871826 -0.00784497 -0.00693314 -0.00562749 -0.00444944 -0.00409582 -0.00486649 -0.0064366 -0.00802366 -0.00890421 -0.00871093 -0.00726113 -0.0048244 -0.0026465 -0.00199297 -0.00272424 -0.00411593 -0.0066557 -0.0112898 
-0.0193164 -0.0218882 -0.021591 -0.0199984 -0.0184565 -0.0174589 -0.0174121 -0.0182252 -0.0186247 -0.0173664 -0.0148711 -0.0124895 -0.0106291 -0.00876701 -0.00681606 -0.00534971 -0.00481839 -0.00523177 -0.00634747 -0.00785243 -0.00945941 -0.0107472 -0.0108736 -0.00928496 -0.00691061 -0.00542299 -0.00550454 -0.00696826 -0.00991307 -0.0144932 
-0.0233991 -0.0261395 -0.0268769 -0.0263641 -0.0251477 -0.0234848 -0.022178 -0.021861 -0.0216859 -0.0202391 -0.0174842 -0.014506 -0.0118661 -0.00941939 -0.00732237 -0.00605754 -0.00568871 -0.00589352 -0.00650697 -0.00760459 -0.00926713 -0.011286 -0.0127755 -0.0126787 -0.0111812 -0.00975296 -0.00973435 -0.0115429 -0.0148627 -0.0191468 
-0.0298 -0.0329278 -0.0343106 -0.0337597 -0.0316756 -0.0286934 -0.0258449 -0.024103 -0.0230788 -0.0214126 -0.0186728 -0.0155439 -0.0125733 -0.0099308 -0.00797882 -0.00705623 -0.00689979 -0.00699039 -0.00722912 -0.00783364 -0.0089998 -0.0108806 -0.0131688 -0.0148105 -0.0150985 -0.0147676 -0.0154139 -0.0179197 -0.0216983 -0.0258131 
-0.0353415 -0.0385181 -0.0398893 -0.0384913 -0.0351234 -0.0311769 -0.0276546 -0.0253391 -0.0240851 -0.0226381 -0.020235 -0.0172052 -0.0140876 -0.0113074 -0.00935602 -0.00845612 -0.00821975 -0.00812574 -0.00808442 -0.00821832 -0.0086592 -0.00992194 -0.0125351 -0.0158834 -0.0185265 -0.020056 -0.0217275 -0.0246778 -0.0283576 -0.0318675 
-0.0363837 -0.0392768 -0.0406411 -0.0389111 -0.0352241 -0.0315813 -0.0288304 -0.0272645 -0.0266093 -0.0255969 -0.0233205 -0.0200593 -0.0165254 -0.0133532 -0.01104 -0.00970579 -0.00902059 -0.00860066 -0.00829863 -0.00803864 -0.00787832 -0.00856534 -0.0112837 -0.0160503 -0.0210158 -0.0244325 -0.0267197 -0.0292039 -0.0317865 -0.0339377 
-0.0335577 -0.0356394 -0.0371664 -0.0362887 -0.0339506 -0.0319907 -0.0308659 -0.0304396 -0.0302844 -0.0292408 -0.0265587 -0.0226592 -0.0184513 -0.0147355 -0.0119609 -0.0101261 -0.008996 -0.00834592 -0.00793804 -0.00751934 -0.00713322 -0.00756047 -0.0102328 -0.0157681 -0.0223249 -0.0270596 -0.0294621 -0.0310362 -0.0322203 -0.0326933 
-0.0307091 -0.0306049 -0.0314716 -0.0318448 -0.0319307 -0.0323963 -0.0329002 -0.0330572 -0.0326013 -0.0308525 -0.0274866 -0.0230118 -0.0183216 -0.0142993 -0.0113992 -0.00951897 -0.00842973 -0.00795521 -0.00775698 -0.00750651 -0.00728718 -0.0077031 -0.0100062 -0.0152769 -0.0222229 -0.0276797 -0.0305122 -0.0321628 -0.0330147 -0.03218 
-0.0296311 -0.0259432 -0.0247293 -0.0256195 -0.0279679 -0.0307953 -0.032747 -0.0332092 -0.0321454 -0.0294577 -0.0253774 -0.0205636 -0.0158137 -0.0119698 -0.00947222 -0.0081142 -0.00755013 -0.00753295 -0.00769136 -0.00779542 -0.00801824 -0.00860641 -0.0102444 -0.014219 -0.0202684 -0.0259337 -0.0299712 -0.033312 -0.0353701 -0.0339255 
-0.028598 -0.0215818 -0.0179489 -0.0184513 -0.0219255 -0.0262683 -0.0294546 -0.030525 -0.0293018 -0.0259479 -0.0212137 -0.0161743 -0.0117254 -0.00856713 -0.00693071 -0.00636585 -0.0063288 -0.00656431 -0.00687718 -0.00730155 -0.00810275 -0.00907004 -0.0100856 -0.0123065 -0.0166006 -0.0219318 -0.0274061 -0.0330562 -0.0368174 -0.0352047 
-0.0264253 -0.0182579 -0.0134915 -0.01334 -0.0165536 -0.020961 -0.0245637 -0.0260376 -0.0248267 -0.0211634 -0.0161301 -0.0111747 -0.00737583 -0.00526236 -0.00467903 -0.0047822 -0.00485804 -0.00486283 -0.00499934 -0.00560375 -0.00698582 -0.00852991 -0.0093198 -0.0100423 -0.0123254 -0.0167089 -0.0229534 -0.0301541 -0.0350079 -0.0336144 
-0.0245468 -0.0178664 -0.0136011 -0.0130837 -0.0153146 -0.0185144 -0.0209744 -0.0213198 -0.0192223 -0.0153683 -0.0107981 -0.00664577 -0.00386129 -0.0028407 -0.00311805 -0.00353122 -0.00332593 -0.00279919 -0.00258209 -0.00323329 -0.00510896 -0.00740393 -0.00852356 -0.00828054 -0.00841458 -0.0109008 -0.0165574 -0.0240995 -0.0297365 -0.0297984 
-0.0229841 -0.019244 -0.0162278 -0.0157637 -0.0172889 -0.0188545 -0.0186329 -0.015914 -0.0118234 -0.00798614 -0.00485867 -0.00242043 -0.00106096 -0.0010819 -0.00195714 -0.00248932 -0.00202734 -0.00112852 -0.000683222 -0.0013413 -0.00352434 -0.00650297 -0.00819848 -0.00721708 -0.00475246 -0.00398195 -0.00738422 -0.0143432 -0.0212329 -0.0243682 
-0.0174653 -0.0165034 -0.0149246 -0.0150174 -0.0163701 -0.0162793 -0.0127376 -0.00646958 -0.000592082 0.00253774 0.00339526 0.0033194 0.00260017 0.00110758 -0.00064985 -0.00164705 -0.00144764 -0.000760148 -0.000564346 -0.00142919 -0.00365992 -0.00671553 -0.00848082 -0.00655825 -0.00116146 0.00384493 0.00399358 -0.00157645 -0.00944947 -0.0153681 
-0.00483822 -0.00550545 -0.00546408 -0.0063916 -0.00734758 -0.00526035 0.00117066 0.00961242 0.0158277 0.0174523 0.0156309 0.0124541 0.00876979 0.00483395 0.00133187 -0.000860726 -0.00159268 -0.0017419 -0.00234213 -0.00371988 -0.00567826 -0.00774334 -0.00848805 -0.00548497 0.0020843 0.0106654 0.0144067 0.0110471 0.00407442 -0.00181255 
0.0108956 0.00999141 0.00942768 0.0086487 0.00914548 0.013571 0.0218992 0.0307963 0.0361077 0.0357679 0.0309824 0.0241988 0.0169249 0.00994011 0.00413889 0.000290728 -0.00169415 -0.0028463 -0.00425828 -0.00600015 -0.00718758 -0.00724805 -0.005997 -0.00211472 0.00589856 0.0157948 0.0216934 0.0207041 0.0162946 0.0127756 
0.0217935 0.0216756 0.0228987 0.024672 0.0277257 0.0341206 0.0432409 0.0516114 0.0554866 0.0528142 0.0446437 0.0340769 0.0235772 0.0142349 0.00670949 0.00152232 -0.00144496 -0.00312143 -0.00459144 -0.00590687 -0.00582235 -0.00360418 -7.66953e-05 0.00471457 0.0123235 0.0216409 0.0275408 0.027461 0.0247935 0.0228847 
0.0243911 0.0249615 0.0298834 0.036543 0.0430898 0.0507856 0.0594216 0.0661178 0.0676451 0.0620712 0.0506305 0.0372456 0.0250814 0.0150507 0.00714767 0.00152951 -0.00171539 -0.00311565 -0.00368268 -0.00377928 -0.00230418 0.00169127 0.00721981 0.0135259 0.0216402 0.0302917 0.0346239 0.0330287 0.0294686 0.0265912 
0.0235345 0.0230236 0.0308068 0.042945 0.054038 0.0630321 0.0697753 0.0727158 0.0701236 0.0611738 0.0476419 0.0335037 0.0215738 0.0122191 0.00493963 -0.000330164 -0.00328837 -0.00405718 -0.00351955 -0.00230662 0.000463273 0.0059548 0.0133935 0.0217583 0.0315289 0.0407973 0.0442763 0.040688 0.0346479 0.0288161 
0.0263091 0.0220124 0.0293301 0.0451246 0.0609616 0.0715979 0.0756881 0.0734907 0.0658059 0.0537333 0.0395966 0.0264779 0.0159499 0.00780465 0.00148669 -0.0031483 -0.00583827 -0.00652354 -0.00577168 -0.00389876 0.000180008 0.00766294 0.0174523 0.0279259 0.0395682 0.0511502 0.0570508 0.054225 0.0461973 0.0363304 
0.0323323 0.0224472 0.0260892 0.0422236 0.0608232 0.0726156 0.0747622 0.0689928 0.0579961 0.0441669 0.0302037 0.0184919 0.00962889 0.00296738 -0.00210868 -0.00592463 -0.00848204 -0.00975053 -0.00984571 -0.0081993 -0.00304604 0.00669777 0.0190131 0.031232 0.0443419 0.0592562 0.0705479 0.0715427 0.0625601 0.0480553 
0.0343926 0.0193544 0.0185944 0.0325799 0.0508551 0.0624858 0.064375 0.0587313 0.0479631 0.034136 0.0203132 0.00940594 0.00210145 -0.00263447 -0.00593064 -0.00844869 -0.0104204 -0.0119925 -0.0130411 -0.0121419 -0.00675189 0.00413424 0.0177056 0.0305666 0.044294 0.0617817 0.0780039 0.083004 0.073665 0.0551565 
0.0300603 0.0123788 0.008338 0.0191162 0.0349039 0.0454779 0.0483513 0.0449804 0.0360275 0.0228195 0.0091704 -0.000927749 -0.00634628 -0.00860073 -0.00959527 -0.0102937 -0.0109893 -0.0120529 -0.0134072 -0.0132103 -0.00856638 0.00139257 0.0137856 0.0255741 0.0387111 0.0564685 0.0741388 0.0809755 0.072237 0.0527215 
0.0285933 0.0114192 0.00394952 0.00915707 0.0204803 0.0295676 0.033204 0.0306721 0.0215717 0.00831902 -0.00401901 -0.01155 -0.0138567 -0.0131308 -0.011735 -0.0106521 -0.010101 -0.010571 -0.0119636 -0.0122893 -0.00893516 -0.00146714 0.00785577 0.0173264 0.0288561 0.0446302 0.0606197 0.068124 0.062753 0.0477188 
0.0423891 0.0281722 0.0149798 0.00964837 0.0125131 0.01795 0.0200853 0.0151862 0.00344845 -0.00989898 -0.0189007 -0.0215624 -0.019511 -0.0156653 -0.0122785 -0.00999406 -0.00889014 -0.00946831 -0.0113575 -0.0123786 -0.0105701 -0.00622246 -0.000771578 0.00570437 0.0149841 0.0281876 0.0428351 0.0534632 0.0563686 0.0522039 
0.0713998 0.0609051 0.0398568 0.0197365 0.00951724 0.00723833 0.00452841 -0.00452381 -0.0183733 -0.0299953 -0.0342192 -0.0315035 -0.0252087 -0.0185828 -0.0135429 -0.0103727 -0.00907726 -0.0101613 -0.0128906 -0.0148685 -0.0148384 -0.0139 -0.0128387 -0.0101157 -0.00337271 0.00862747 0.0252345 0.0431884 0.0585087 0.0690133 
0.0990708 0.090313 0.0606926 0.0260621 0.00268625 -0.00826405 -0.016454 -0.0282315 -0.0410285 -0.0486454 -0.0482763 -0.0417995 -0.0326952 -0.0239371 -0.0173013 -0.0131009 -0.0114209 -0.0126621 -0.0157119 -0.0181328 -0.0194357 -0.0214865 -0.0245993 -0.0257561 -0.0214685 -0.00965676 0.0103808 0.0362579 0.0632413 0.086721 
0.105836 0.0949324 0.0576601 0.0141206 -0.0149842 -0.0281281 -0.0368335 -0.0473737 -0.05663 -0.0601689 -0.0571665 -0.0494275 -0.0394851 -0.0297987 -0.0221359 -0.0170765 -0.0148629 -0.0156432 -0.0179033 -0.0193358 -0.0202799 -0.0233567 -0.0287026 -0.0325009 -0.0307952 -0.0210398 -0.0012536 0.0274266 0.0600389 0.089874 
0.0853891 0.0701445 0.0297549 -0.0126721 -0.035533 -0.0402227 -0.0418136 -0.0475135 -0.0539154 -0.0568391 -0.0551731 -0.0494362 -0.0411877 -0.0325954 -0.0253368 -0.0200886 -0.0172843 -0.0170278 -0.0175941 -0.016726 -0.0153062 -0.0166877 -0.0214139 -0.0259386 -0.02694 -0.0221384 -0.00817927 0.0159302 0.0456803 0.0729594 
0.0473945 0.0292257 -0.00551182 -0.0345461 -0.0403595 -0.0293498 -0.0200097 -0.0208206 -0.0280131 -0.0357394 -0.0404732 -0.0406597 -0.0369835 -0.0315946 -0.0261528 -0.0212996 -0.0177476 -0.0160152 -0.0145378 -0.0109317 -0.00608875 -0.00379847 -0.00538146 -0.00840268 -0.0108659 -0.0113085 -0.00577388 0.00834886 0.0274494 0.0438382 
0.00666841 -0.0116803 -0.0324487 -0.0385215 -0.0219548 0.0047922 0.0221107 0.0221158 0.0100556 -0.00571071 -0.0192793 -0.0274491 -0.0299777 -0.0288524 -0.0258608 -0.0217342 -0.0174877 -0.0141689 -0.0105961 -0.004431 0.00361964 0.0100021 0.0129967 0.0133735 0.0111644 0.00685049 0.00436371 0.00700493 0.0122384 0.0140229 
-0.0260496 -0.0422922 -0.0468079 -0.0288543 0.00773001 0.0444985 0.0630382 0.058751 0.0401877 0.0180227 -0.00158944 -0.0157391 -0.0235599 -0.0263308 -0.0257114 -0.0225482 -0.0179965 -0.013288 -0.0076566 0.000543837 0.0104609 0.0195273 0.0263769 0.0297666 0.027309 0.0189786 0.00933732 0.00267787 -0.00234053 -0.0109848 
-0.0407458 -0.0521794 -0.0450605 -0.0126194 0.033311 0.0711158 0.0850157 0.0743905 0.0510675 0.0269592 0.00661712 -0.00909733 -0.0194903 -0.0248576 -0.0261436 -0.023988 -0.0194555 -0.0136529 -0.00628902 0.00299779 0.0129997 0.0227006 0.0313844 0.0355483 0.0306302 0.01709 0.00127875 -0.0104675 -0.0178197 -0.0266403 
-0.0241741 -0.0287486 -0.019497 0.0100636 0.0483716 0.0768065 0.0835398 0.0693039 0.0453815 0.0230332 0.00552798 -0.00815203 -0.0182695 -0.0246299 -0.027159 -0.0258274 -0.0213923 -0.0148163 -0.00640695 0.00288394 0.0118932 0.0215053 0.031295 0.0351375 0.0268701 0.00869809 -0.0101282 -0.0209579 -0.0220869 -0.0205365 
0.0352247 0.0359569 0.0352441 0.0427827 0.0560243 0.0661253 0.0660524 0.0534106 0.033247 0.0141353 -0.000107096 -0.010582 -0.0186961 -0.0247103 -0.0278978 -0.027316 -0.0231444 -0.0162124 -0.0074319 0.0013092 0.0092894 0.0191087 0.0302772 0.0342328 0.0239028 0.00456799 -0.0103501 -0.0108867 0.00338001 0.0230899 
0.141582 0.143416 0.121212 0.0921968 0.0693144 0.0564832 0.0500097 0.0411967 0.0259778 0.00919766 -0.00356433 -0.0118552 -0.0178799 -0.0230526 -0.026677 -0.0270716 -0.0236789 -0.0169921 -0.00818939 0.000273005 0.00767166 0.0173172 0.0289069 0.0329796 0.0226905 0.00723509 0.00496675 0.025913 0.065987 0.111091 
0.27889 0.2789 0.228617 0.157752 0.0977552 0.0626279 0.0480522 0.0394708 0.0263269 0.0101863 -0.00252206 -0.00992562 -0.0146635 -0.0191968 -0.0231711 -0.0246693 -0.0225723 -0.0166751 -0.00780597 0.00117047 0.00850401 0.0169704 0.0270818 0.0306162 0.0223519 0.0152239 0.0314048 0.0799511 0.151907 0.227752 
0.392772 0.390576 0.316781 0.213341 0.126781 0.0754823 0.0517589 0.0389047 0.0253294 0.0103175 -0.00129001 -0.00773828 -0.011635 -0.0155322 -0.0193151 -0.0214498 -0.0205975 -0.0155498 -0.00633332 0.0037131 0.0110648 0.0173452 0.0244954 0.0270866 0.0223664 0.0255447 0.0592748 0.129899 0.225707 0.325218 
