0.320582 0.321566 0.260444 0.178614 0.111142 0.0655111 0.0395579 0.0303948 0.0294189 0.0271693 0.0212914 0.013216 0.00324907 -0.00784868 -0.0180471 -0.0256199 -0.0293636 -0.0287724 -0.0242989 -0.0160261 -0.00244196 0.0187361 0.0484037 0.0829368 0.112094 0.126032 0.12902 0.141927 0.186531 0.259746 
0.258305 0.2583 0.205447 0.135118 0.0789968 0.0443123 0.0269091 0.0213329 0.0203676 0.018047 0.0130718 0.00616149 -0.00227175 -0.0112135 -0.0193914 -0.0258386 -0.0291512 -0.0280842 -0.0227967 -0.014328 -0.00286487 0.0131348 0.0353677 0.0623317 0.0872793 0.10215 0.107318 0.117113 0.150712 0.208762 
0.162051 0.165485 0.132012 0.0838191 0.045302 0.0243267 0.0166555 0.0149434 0.0136984 0.0109915 0.00670624 0.000600228 -0.00688764 -0.0142956 -0.0207724 -0.0258984 -0.0282377 -0.0261421 -0.019668 -0.0109894 -0.0022885 0.00718645 0.0206995 0.0400572 0.0619294 0.0782099 0.0834226 0.0841867 0.0969867 0.129129 
0.0880196 0.0973326 0.0828981 0.0540471 0.0283455 0.015271 0.0123347 0.0117478 0.0095337 0.00664399 0.00332969 -0.00201937 -0.00924118 -0.0162505 -0.0218715 -0.0257451 -0.0266816 -0.0232316 -0.0156217 -0.00684677 -0.000514535 0.0036476 0.0104794 0.024586 0.0445157 0.0611364 0.0649719 0.0579524 0.0545515 0.0667782 
0.0496048 0.0654965 0.0648004 0.0485609 0.0298655 0.0190522 0.0152193 0.0118072 0.00720562 0.0043936 0.00298231 -0.000828932 -0.00795603 -0.0156535 -0.0215248 -0.0246689 -0.0243211 -0.0197645 -0.0116605 -0.00324675 0.00159756 0.0031027 0.00668158 0.0178489 0.0353726 0.0494952 0.0501398 0.0384976 0.0279667 0.0318823 
0.0308538 0.0512613 0.0578585 0.0486509 0.0349229 0.0263779 0.0215273 0.0148204 0.00757538 0.00485829 0.00557389 0.00356085 -0.00356049 -0.0124646 -0.0192489 -0.0222575 -0.0211215 -0.0159963 -0.00814897 -0.000643405 0.00346479 0.00487248 0.00843801 0.0185001 0.0327245 0.0415126 0.0368334 0.021779 0.00945675 0.0123179 
0.0183506 0.0391638 0.0464457 0.0392307 0.0294893 0.0260379 0.02468 0.018508 0.0104335 0.00755731 0.00906624 0.00783318 0.000747756 -0.00868721 -0.0159096 -0.0188719 -0.0173592 -0.0121183 -0.00503841 0.00105808 0.00443572 0.00671279 0.0118358 0.0217837 0.0322107 0.0340847 0.0228812 0.00500751 -0.00641342 -0.00144342 
0.0117973 0.0302322 0.0336894 0.0241359 0.0157842 0.0175349 0.0222673 0.0199495 0.0129448 0.00947184 0.00992616 0.00820961 0.00165293 -0.00673065 -0.0130754 -0.0154957 -0.0136524 -0.00851419 -0.00249358 0.00173678 0.00367769 0.00596792 0.0118265 0.0209195 0.0270464 0.0221815 0.00574971 -0.0122941 -0.0193023 -0.00946464 
0.0151843 0.0311706 0.0296715 0.0154727 0.00518274 0.0085348 0.0169532 0.0180179 0.0124602 0.00818934 0.00678959 0.00420009 -0.0012379 -0.00743098 -0.011947 -0.0133509 -0.0110571 -0.0060358 -0.00101491 0.00147913 0.00178725 0.00305971 0.00771612 0.013917 0.0151449 0.00537184 -0.0125721 -0.026526 -0.0254913 -0.00849814 
0.0254839 0.0394962 0.0338408 0.0149248 0.000822945 0.00218517 0.010721 0.0133873 0.00914527 0.00450793 0.00174431 -0.00132696 -0.00554016 -0.00968449 -0.0125836 -0.0131951 -0.0106759 -0.0058062 -0.0012586 0.000712307 0.000759339 0.00160596 0.00437439 0.00646298 0.00277721 -0.00966871 -0.0256562 -0.032967 -0.0233922 -7.05781e-05 
0.0331698 0.0448813 0.0366289 0.0149816 -0.00201425 -0.00298487 0.00508872 0.0092894 0.00671 0.00223401 -0.00134891 -0.00477839 -0.00840501 -0.0116135 -0.0139775 -0.0146817 -0.012619 -0.00814942 -0.00346831 -0.000374038 0.00166151 0.00409117 0.00622817 0.00495625 -0.00276278 -0.0166842 -0.0300869 -0.0320619 -0.0173491 0.0083498 
0.0347064 0.0442524 0.0358265 0.0150938 -0.00150782 -0.00266342 0.00594294 0.0116264 0.01004 0.00507179 0.000159116 -0.00434848 -0.00849576 -0.0120112 -0.0148979 -0.0165169 -0.0155562 -0.0118442 -0.00684972 -0.00178484 0.00356954 0.00908735 0.0122745 0.00969845 3.89804e-05 -0.0143214 -0.0262923 -0.026446 -0.0112478 0.0128165 
0.0373856 0.0461908 0.0401854 0.0236315 0.0103729 0.0103685 0.0185494 0.0230779 0.0197101 0.0124329 0.00519634 -0.00116189 -0.00658435 -0.0109833 -0.0146482 -0.0172182 -0.0174046 -0.014605 -0.00954838 -0.00290923 0.00520334 0.013464 0.0184483 0.0170841 0.0091117 -0.00298768 -0.0134864 -0.0142619 -0.00173884 0.0186295 
0.0467322 0.0561149 0.0537154 0.0421168 0.0325081 0.0327825 0.0379554 0.0379147 0.0301844 0.0195796 0.00995722 0.00186584 -0.00470247 -0.0096533 -0.0134395 -0.0161161 -0.0167222 -0.0144549 -0.00946559 -0.00211569 0.00716726 0.0166059 0.0231262 0.0247954 0.0217639 0.0148929 0.00727226 0.0056912 0.0145529 0.0305859 
0.0565836 0.0660374 0.0662592 0.0582916 0.0510757 0.050475 0.051499 0.0462644 0.0346594 0.022029 0.0113116 0.00239412 -0.00462457 -0.00938932 -0.0123999 -0.0141427 -0.014118 -0.0115405 -0.00625589 0.00141833 0.0107553 0.020056 0.0272357 0.0316008 0.033335 0.0316083 0.0273047 0.025833 0.0316469 0.0433326 
0.0567183 0.064483 0.0651751 0.0592474 0.0537833 0.052614 0.0508434 0.0429621 0.0307139 0.0188801 0.00889377 0.000215284 -0.00654779 -0.0106042 -0.0124336 -0.0128213 -0.0116311 -0.00821973 -0.00241161 0.00534129 0.0141379 0.0225856 0.0293676 0.0343545 0.0376674 0.0380549 0.0357736 0.0349729 0.0389355 0.0469203 
0.0447029 0.0500182 0.0499665 0.0454291 0.041894 0.0411188 0.0385764 0.0310802 0.0212759 0.0124478 0.00452838 -0.00302552 -0.00897143 -0.0121525 -0.0129718 -0.0123001 -0.0102196 -0.00632466 -0.000644302 0.00619066 0.0134109 0.0202442 0.0258614 0.0299445 0.0324045 0.0324906 0.0307698 0.030256 0.0328335 0.0380005 
0.0261981 0.0299648 0.0298241 0.0271252 0.0257664 0.0257591 0.0234351 0.0176747 0.0112379 0.00578961 0.000308247 -0.00555502 -0.0102877 -0.0126636 -0.0128885 -0.0116514 -0.00918743 -0.00547808 -0.000918661 0.00374545 0.00822599 0.0127535 0.0170891 0.0204693 0.0222403 0.0218978 0.0200716 0.0187311 0.0191358 0.0216884 
0.00691859 0.0100692 0.0108848 0.0105935 0.0114066 0.0122082 0.0105197 0.00672817 0.00320687 0.000395846 -0.00301211 -0.00709163 -0.0104827 -0.0121918 -0.0121394 -0.0106279 -0.00800783 -0.00474646 -0.00163243 0.000644596 0.00244818 0.00497553 0.00854252 0.0119444 0.0136712 0.01297 0.0103286 0.00704099 0.00441963 0.00416013 
-0.0115094 -0.00893886 -0.00726188 -0.00562962 -0.00314876 -0.00134454 -0.00166651 -0.00306471 -0.0038955 -0.0045791 -0.00629838 -0.00874405 -0.0107808 -0.0117604 -0.0114152 -0.00968579 -0.0069676 -0.00408929 -0.0020364 -0.00122459 -0.000726878 0.00106572 0.00445704 0.0076133 0.00822111 0.00557434 0.000714055 -0.00501792 -0.0102439 -0.0127328 
-0.0280522 -0.0259181 -0.0239331 -0.021549 -0.018328 -0.0155137 -0.013983 -0.0127945 -0.0111119 -0.0098738 -0.0100179 -0.0109118 -0.0115695 -0.0116323 -0.0108376 -0.00894486 -0.00627326 -0.00370022 -0.00213607 -0.00166627 -0.00108623 0.00104547 0.00442936 0.0063783 0.00408385 -0.00241421 -0.0106663 -0.018666 -0.0251981 -0.0285187 
-0.0392557 -0.036651 -0.0340485 -0.0313195 -0.0278731 -0.0243424 -0.0214509 -0.01871 -0.0157587 -0.0134975 -0.0125419 -0.0122214 -0.0117864 -0.0111103 -0.0100507 -0.00829805 -0.00593669 -0.00359966 -0.002007 -0.00113049 0.000133817 0.00282446 0.0060441 0.00648944 0.00119372 -0.00895734 -0.0202042 -0.0298384 -0.0367907 -0.0399708 
-0.041512 -0.0377671 -0.0337684 -0.0301315 -0.0262239 -0.0222924 -0.0191518 -0.0166864 -0.0145008 -0.0128832 -0.0119961 -0.0113658 -0.0106278 -0.0098689 -0.00906766 -0.00787007 -0.00606486 -0.00392327 -0.00199479 -0.000421757 0.0014638 0.00432374 0.00720197 0.00694855 0.000760378 -0.0102945 -0.022268 -0.0323351 -0.039457 -0.0426391 
-0.0350162 -0.0307052 -0.0254827 -0.0208345 -0.0164961 -0.0126692 -0.0102115 -0.00913119 -0.00878924 -0.00878885 -0.00888361 -0.00882855 -0.00859563 -0.00837258 -0.00817261 -0.0076539 -0.00645723 -0.00457684 -0.00241944 -0.00039113 0.00162255 0.00401901 0.00633287 0.00637609 0.00184461 -0.00673084 -0.0164386 -0.0251396 -0.0319995 -0.0357348 
-0.0252589 -0.0216255 -0.0164812 -0.0118928 -0.00800788 -0.00492708 -0.00329467 -0.00314894 -0.00385811 -0.00479771 -0.00560656 -0.00620731 -0.00668688 -0.00711899 -0.00742082 -0.00733477 -0.00659012 -0.00510465 -0.00317729 -0.00135952 7.64489e-05 0.0013807 0.00272126 0.00318085 0.00121005 -0.00336 -0.0090917 -0.0149456 -0.0206513 -0.0248559 
-0.0184217 -0.0161778 -0.0123787 -0.00910693 -0.00655445 -0.00443773 -0.00305927 -0.00262722 -0.00285652 -0.00331999 -0.00381439 -0.00441995 -0.00520878 -0.00601223 -0.00654079 -0.00660385 -0.00613573 -0.00514687 -0.0038871 -0.00287451 -0.00247677 -0.00252132 -0.00246702 -0.00224805 -0.00264801 -0.00420524 -0.00652871 -0.00942824 -0.0132758 -0.017123 
-0.0151837 -0.014274 -0.0122352 -0.0106785 -0.00956775 -0.00822529 -0.00670487 -0.00543373 -0.00449828 -0.00374452 -0.00320109 -0.00315005 -0.00372387 -0.00458543 -0.00520631 -0.00534629 -0.0050781 -0.00455117 -0.00401758 -0.00386144 -0.00434898 -0.00537194 -0.00636696 -0.00681703 -0.00697141 -0.00737474 -0.00801016 -0.00896638 -0.0109567 -0.0136897 
-0.011831 -0.0119113 -0.0113392 -0.0111004 -0.0110134 -0.0103296 -0.00898556 -0.00740948 -0.00580051 -0.00415756 -0.00268088 -0.00185417 -0.00199322 -0.00277403 -0.00349856 -0.00377249 -0.00365943 -0.00339257 -0.00325709 -0.0035304 -0.00435651 -0.00569023 -0.00711644 -0.00802834 -0.00837652 -0.00855538 -0.00857891 -0.00849507 -0.009052 -0.0105376 
-0.00605722 -0.00675567 -0.00711131 -0.00763045 -0.00821653 -0.00832384 -0.0077805 -0.00675155 -0.0053294 -0.00357724 -0.00178801 -0.000562652 -0.000395563 -0.00108972 -0.00191248 -0.00233439 -0.00231525 -0.00207468 -0.00192515 -0.0021362 -0.00282978 -0.00402007 -0.00541789 -0.00641152 -0.0067289 -0.00658067 -0.00601748 -0.0051085 -0.00456582 -0.00503381 
0.000566996 -0.000282904 -0.000992697 -0.00188017 -0.00307784 -0.00420708 -0.0048213 -0.00470605 -0.00386988 -0.00248373 -0.000892933 0.000305778 0.000569196 -1.96901e-05 -0.000824815 -0.00131405 -0.00135218 -0.00105621 -0.00070137 -0.00059606 -0.000936212 -0.00181436 -0.00302247 -0.00393054 -0.00404406 -0.00338813 -0.00212319 -0.000463479 0.000908814 0.00122279 
0.00534722 0.00489883 0.00438104 0.00342003 0.00165332 -0.000525494 -0.00223182 -0.00289327 -0.00257094 -0.00161682 -0.000397817 0.000588898 0.000871879 0.000472126 -0.000149773 -0.000592124 -0.000694222 -0.000439762 1.35565e-05 0.000372498 0.000369635 -0.000183979 -0.00118628 -0.00203348 -0.00205366 -0.00109433 0.000591179 0.0026461 0.0044751 0.00539913 
0.00806408 0.00833074 0.00824831 0.00736735 0.00523742 0.00232733 -0.000145193 -0.00137344 -0.00148836 -0.000966793 -0.000147807 0.000602194 0.000912712 0.000757573 0.000407114 8.69832e-05 -8.05014e-05 1.06707e-05 0.000340277 0.000705405 0.000841212 0.000493556 -0.000363553 -0.00122446 -0.00131785 -0.000307612 0.00154284 0.0037661 0.00585509 0.0073301 
0.0103721 0.0111913 0.0112772 0.010282 0.00793055 0.00473166 0.0018816 0.000201974 -0.000393917 -0.000334263 0.000101924 0.000638454 0.000972015 0.00102351 0.000908562 0.000716009 0.000510837 0.00041982 0.00051244 0.000687381 0.000734835 0.000405407 -0.000398078 -0.00127411 -0.00141508 -0.000321412 0.0017898 0.0043502 0.00684445 0.00891117 
0.0128021 0.0138064 0.013573 0.012038 0.00939413 0.00622211 0.00335081 0.00135113 0.000279024 -6.01788e-05 0.00012632 0.000563908 0.000955376 0.00116305 0.00119489 0.00107443 0.00084311 0.000618271 0.00050083 0.000443302 0.000279476 -0.000176408 -0.000975217 -0.00174829 -0.00171705 -0.000350323 0.00214304 0.00515645 0.00816392 0.0108117 
0.0142268 0.0152529 0.0144924 0.0122136 0.00921289 0.00622315 0.00358948 0.00146591 3.95159e-05 -0.00055638 -0.000423362 0.000108683 0.00068821 0.00109673 0.00124516 0.00113462 0.000835285 0.000481116 0.000196428 -4.80967e-05 -0.000425932 -0.00106979 -0.00189985 -0.00248042 -0.00211382 -0.000432207 0.00226302 0.00544778 0.00874834 0.011837 
0.0134156 0.0145826 0.0136334 0.0110411 0.00799414 0.00533352 0.0030673 0.00100508 -0.000624585 -0.00141569 -0.00129686 -0.000588122 0.00029357 0.00100167 0.00130746 0.00116981 0.000705567 0.000119167 -0.00037715 -0.000755776 -0.00123641 -0.00201123 -0.00293291 -0.00344658 -0.00289905 -0.00115659 0.00133861 0.00423034 0.00743066 0.0107102 
0.01003 0.0115347 0.0110885 0.00913125 0.00677617 0.00478662 0.00306836 0.00126532 -0.000480291 -0.00161247 -0.00176764 -0.00107057 4.47072e-05 0.00105482 0.00153101 0.00132703 0.000574721 -0.000411554 -0.00124134 -0.00173322 -0.00213222 -0.00282887 -0.0038122 -0.00447119 -0.00409999 -0.00268983 -0.000782854 0.00142271 0.00411199 0.00720446 
0.00425369 0.00616835 0.00670506 0.0060779 0.00505826 0.00426926 0.00362352 0.00254546 0.00085972 -0.000807639 -0.00161319 -0.00125875 -0.000121098 0.00107699 0.00167137 0.00135905 0.00024893 -0.00122748 -0.00247309 -0.00309728 -0.00329118 -0.00365692 -0.00448826 -0.00528879 -0.00530709 -0.00454547 -0.00357645 -0.00247062 -0.000793602 0.00161285 
-0.00390592 -0.00176467 -0.000327064 0.000342705 0.000831473 0.00176344 0.00296306 0.00335664 0.00220467 0.000143651 -0.00138153 -0.00149225 -0.000439832 0.000860754 0.0015164 0.00107767 -0.000357325 -0.00224813 -0.0038487 -0.00460418 -0.00457162 -0.00442093 -0.00476341 -0.00543457 -0.00584215 -0.00601641 -0.00646333 -0.00705475 -0.00705299 -0.005947 
-0.0139157 -0.0121474 -0.01028 -0.00861217 -0.00658095 -0.00361011 -0.000183342 0.00209773 0.00201331 0.000139 -0.00161909 -0.00186182 -0.000726424 0.000701132 0.00137011 0.000779657 -0.000916192 -0.00307215 -0.00486176 -0.00562985 -0.0052578 -0.00434116 -0.00376753 -0.00390529 -0.00459067 -0.0059601 -0.0083273 -0.0112303 -0.0136116 -0.0146018 
-0.0238682 -0.0232895 -0.0214637 -0.0188308 -0.0150556 -0.0100495 -0.00480014 -0.00104233 1.3574e-05 -0.00110054 -0.00233409 -0.00207915 -0.000525976 0.00108874 0.0016985 0.000891444 -0.0010496 -0.00337023 -0.00517788 -0.0057171 -0.00469356 -0.00262539 -0.000695796 9.66887e-05 -0.000642077 -0.00322332 -0.00773297 -0.0132892 -0.018526 -0.0223133 
-0.031683 -0.0325847 -0.0309159 -0.0270926 -0.0213112 -0.0144526 -0.00816639 -0.0039417 -0.00240283 -0.00278947 -0.00309456 -0.00191571 0.000236751 0.00200432 0.00246085 0.00138192 -0.000800948 -0.00323059 -0.00493842 -0.00505718 -0.00316951 0.000191335 0.00354168 0.00536478 0.00478955 0.00124643 -0.00524652 -0.0133499 -0.0212931 -0.0277678 
-0.0367025 -0.0384836 -0.0366401 -0.0313597 -0.0234003 -0.0147937 -0.00804432 -0.00441358 -0.00355562 -0.00396419 -0.0036059 -0.00160785 0.00100393 0.00279814 0.00306159 0.0017443 -0.000633055 -0.00315106 -0.00477749 -0.00456322 -0.00204942 0.00213401 0.00627922 0.00864358 0.00814013 0.00393604 -0.00397275 -0.0138224 -0.0234273 -0.0314201 
-0.0393965 -0.0411173 -0.0387012 -0.0320408 -0.0222161 -0.0121156 -0.00506364 -0.00244116 -0.003074 -0.00437965 -0.00405821 -0.00178393 0.000947527 0.00269049 0.00286178 0.00144919 -0.00103699 -0.0036627 -0.005353 -0.00511136 -0.00249067 0.00174418 0.00574157 0.00781606 0.00700518 0.00240404 -0.00601249 -0.0162519 -0.0260151 -0.0340605 
-0.0396457 -0.0407814 -0.0379872 -0.0309817 -0.0207872 -0.0102281 -0.00275865 -0.000318752 -0.00190569 -0.00426138 -0.00458069 -0.00269925 -0.000260554 0.00136889 0.00158836 0.000255756 -0.00219838 -0.00484556 -0.00659831 -0.00646473 -0.00405519 -0.000263105 0.00300545 0.00429384 0.00299322 -0.00167586 -0.00976253 -0.0192865 -0.0280937 -0.0351578 
-0.0355814 -0.0363466 -0.0344452 -0.0293846 -0.0215378 -0.0123567 -0.00437232 -0.000495356 -0.00132606 -0.00390384 -0.00490851 -0.00387296 -0.00217835 -0.000910186 -0.000672452 -0.00179686 -0.00397477 -0.00632313 -0.00782962 -0.00763442 -0.00548788 -0.00234331 2.76387e-05 0.000534341 -0.00103824 -0.00534793 -0.0125407 -0.0206583 -0.0275662 -0.0325908 
-0.0254783 -0.026742 -0.0278848 -0.0275535 -0.0245806 -0.0181566 -0.00956518 -0.003091 -0.00170121 -0.00342263 -0.00471741 -0.00469655 -0.00418523 -0.00369201 -0.00362008 -0.00444705 -0.00605437 -0.00770628 -0.00859823 -0.00815705 -0.00635849 -0.00412941 -0.00289099 -0.00321611 -0.00491606 -0.00855003 -0.0143125 -0.0200325 -0.0234079 -0.0246773 
-0.0109285 -0.0133943 -0.0193528 -0.0254499 -0.0279678 -0.0239784 -0.0144691 -0.0053784 -0.00159333 -0.00210841 -0.00358531 -0.00482803 -0.00590043 -0.00653253 -0.00680704 -0.00731033 -0.00815616 -0.00883163 -0.00883715 -0.00801409 -0.00665498 -0.00562763 -0.00589456 -0.00744555 -0.00962461 -0.0127193 -0.0167508 -0.0191271 -0.0173383 -0.013114 
0.00462028 0.00161356 -0.00894968 -0.0209988 -0.0277296 -0.0249321 -0.0145376 -0.00391602 0.00122909 0.00122625 -0.00109081 -0.0041833 -0.00716675 -0.00907938 -0.00984054 -0.0101232 -0.0101601 -0.00960468 -0.0083195 -0.00672721 -0.00557457 -0.00564548 -0.00742301 -0.010475 -0.0137559 -0.0170343 -0.0198787 -0.01917 -0.012031 -0.00155825 
0.0205179 0.0184439 0.00529566 -0.0105225 -0.0197719 -0.0178439 -0.00784682 0.00232477 0.00714106 0.00641794 0.00234338 -0.00309663 -0.00805775 -0.011205 -0.0125588 -0.0127949 -0.0120139 -0.00989565 -0.00672236 -0.00367144 -0.00204109 -0.00247263 -0.00502187 -0.0092266 -0.0140216 -0.0185241 -0.0213902 -0.0186421 -0.00687407 0.00968662 
0.0386422 0.0377564 0.0237979 0.00650925 -0.00421415 -0.00418188 0.00309594 0.0105183 0.0134504 0.0112758 0.00539016 -0.00200824 -0.00846433 -0.0125975 -0.0145977 -0.0149547 -0.0134295 -0.00963829 -0.00426062 0.000811992 0.00378636 0.00414516 0.00205704 -0.00242692 -0.00868504 -0.0151648 -0.0189278 -0.0145087 0.00175442 0.0238595 
0.0576159 0.056754 0.0425654 0.0252709 0.0136162 0.0106536 0.0133447 0.0165315 0.0169644 0.0136593 0.00705184 -0.000953438 -0.00788357 -0.0125527 -0.0151571 -0.0157828 -0.0138165 -0.00881113 -0.00165671 0.00534228 0.010038 0.0119202 0.0111716 0.00723557 5.56804e-05 -0.00824659 -0.0128081 -0.00639358 0.0143409 0.0408155 
0.0697888 0.0680926 0.0540387 0.0377666 0.0262253 0.021098 0.0199232 0.0194621 0.0177977 0.0138685 0.00746501 -8.30591e-06 -0.00652686 -0.011236 -0.0141986 -0.015083 -0.0130414 -0.00758504 0.000416443 0.00852994 0.0143379 0.017312 0.0177505 0.0147113 0.0075003 -0.0016065 -0.00648665 0.00131847 0.0246866 0.0530358 
0.0673353 0.0654126 0.0524859 0.0381608 0.0284129 0.024243 0.0230006 0.0216604 0.0188318 0.0140631 0.00748682 0.000348722 -0.00578046 -0.0102955 -0.0131868 -0.0140278 -0.0119821 -0.00654067 0.00153867 0.00980778 0.0156647 0.0186862 0.0195752 0.0174406 0.0110965 0.00221187 -0.00332194 0.00322818 0.0250792 0.051837 
0.0516823 0.0514417 0.0411379 0.0291557 0.021863 0.0210149 0.0232576 0.0239245 0.0211293 0.0153664 0.00777004 -7.17183e-05 -0.00654917 -0.0109915 -0.0134748 -0.0138699 -0.011575 -0.00616167 0.00163503 0.00944678 0.0147535 0.017345 0.0183324 0.0171569 0.0123524 0.00424884 -0.00300231 -0.00110285 0.0148754 0.0372844 
0.0324636 0.0356452 0.0292133 0.0195085 0.013784 0.0154269 0.0209048 0.0241394 0.0225619 0.0168576 0.00847826 -0.000516124 -0.00786119 -0.0125108 -0.0146899 -0.0146131 -0.0119098 -0.00639541 0.000981527 0.008033 0.012735 0.0151688 0.0165791 0.0168074 0.0143343 0.0077152 -0.00161156 -0.0061612 0.00165417 0.0185122 
0.0170611 0.0236741 0.0209596 0.0132708 0.00838788 0.0105047 0.0164255 0.0207159 0.0211061 0.0172976 0.00955567 2.99364e-05 -0.00809839 -0.0132751 -0.0157487 -0.0157346 -0.0128227 -0.00715243 -0.000163503 0.00610665 0.0104024 0.013157 0.0155704 0.0179478 0.01885 0.0148043 0.00409447 -0.00679021 -0.00741484 0.00360862 
0.00694058 0.0157741 0.0143211 0.00662311 0.00169919 0.00341499 0.00841481 0.01309 0.0162294 0.0159097 0.0103056 0.0012104 -0.00741993 -0.0134487 -0.0168301 -0.0174081 -0.0145296 -0.00865082 -0.00180358 0.0040378 0.00831046 0.0116188 0.014983 0.0193374 0.0236259 0.0225162 0.0112053 -0.00487647 -0.0126745 -0.00637108 
0.00537792 0.0155838 0.0108561 -0.00262829 -0.0117421 -0.0117849 -0.0067598 0.000269139 0.00792797 0.012291 0.00972723 0.00172372 -0.00724266 -0.0143521 -0.0188526 -0.0200817 -0.0172723 -0.011157 -0.00414793 0.00184336 0.00660749 0.0104702 0.0139224 0.0184964 0.0241377 0.0248814 0.0138277 -0.00474372 -0.0159407 -0.0103852 
0.0202678 0.0315483 0.019034 -0.00734585 -0.027371 -0.0325705 -0.0269732 -0.0153455 -0.00170346 0.00763228 0.0081842 0.00157736 -0.0075195 -0.0157315 -0.0213701 -0.0232879 -0.0208003 -0.0147159 -0.00736341 -0.000542183 0.00548627 0.0104303 0.0138887 0.0173648 0.0219199 0.0228242 0.0132602 -0.00343615 -0.0120708 -0.00153229 
0.0512076 0.0633906 0.0423943 0.0016022 -0.0318968 -0.0447277 -0.0399752 -0.0248555 -0.00702371 0.00523023 0.00764207 0.002189 -0.00685302 -0.0160291 -0.0228556 -0.0257991 -0.0242548 -0.0187321 -0.0109846 -0.00270926 0.00541709 0.0125143 0.0174091 0.0207582 0.0237353 0.0237235 0.0163289 0.00489578 0.00334911 0.0221892 
0.0817448 0.0953314 0.0711794 0.023768 -0.0172629 -0.0359658 -0.0340642 -0.0197824 -0.00280608 0.00822247 0.0100688 0.0047053 -0.00463847 -0.0147883 -0.0227629 -0.0268837 -0.0266211 -0.0219729 -0.013925 -0.00418677 0.00589437 0.0151253 0.0223067 0.0272448 0.03001 0.0291832 0.0234801 0.0172894 0.0226087 0.0479231 
0.0949096 0.111448 0.0922985 0.0501793 0.0117802 -0.00820843 -0.0102577 -0.00114486 0.0102512 0.0166481 0.0159692 0.00949019 -0.00094492 -0.012394 -0.0215038 -0.0266498 -0.0274837 -0.0236969 -0.0157794 -0.00558373 0.00490924 0.0145373 0.0229361 0.0299184 0.0340652 0.0333001 0.0280381 0.0241015 0.0323356 0.0595791 
0.0920528 0.112596 0.102569 0.0722946 0.042931 0.0251458 0.0190757 0.021244 0.0257245 0.0270935 0.0238095 0.0160723 0.00437321 -0.00859322 -0.0190985 -0.0253643 -0.0271597 -0.0243006 -0.0172921 -0.00803873 0.0013877 0.0101909 0.0190517 0.0283497 0.0352611 0.0353807 0.0287997 0.0230818 0.0300663 0.0563996 
0.0948736 0.118026 0.113156 0.090741 0.0681713 0.0517721 0.0416051 0.0377529 0.0372318 0.0354079 0.0305981 0.0223891 0.0102172 -0.00388785 -0.0159639 -0.0236284 -0.0264733 -0.024721 -0.0192103 -0.0114737 -0.00275164 0.00683012 0.0184205 0.0324032 0.0441259 0.0458745 0.0366264 0.0266793 0.0312116 0.0576745 
0.132839 0.154732 0.144299 0.116731 0.09023 0.069023 0.0533068 0.0453402 0.0426813 0.0395431 0.0338692 0.0256012 0.0136962 -0.000757468 -0.0138999 -0.0227143 -0.0264485 -0.0256675 -0.0214653 -0.0145749 -0.00471033 0.0089429 0.0273832 0.0498452 0.0689065 0.0735796 0.0628931 0.0513333 0.058257 0.0908813 
0.214711 0.230618 0.202308 0.154702 0.11176 0.0785532 0.0557119 0.0453596 0.0427125 0.039432 0.0330757 0.0245029 0.0129218 -0.00114389 -0.0142598 -0.0233442 -0.0274263 -0.0270802 -0.0233633 -0.0162309 -0.00398473 0.0151963 0.0420785 0.0741436 0.101009 0.109849 0.101824 0.0962984 0.115649 0.163873 
0.299567 0.306897 0.256506 0.184685 0.122962 0.0782162 0.0504293 0.0395741 0.037902 0.0351526 0.0286443 0.0198964 0.00876797 -0.00419947 -0.0162049 -0.0247222 -0.0286961 -0.0283122 -0.0243661 -0.0165379 -0.0026132 0.0198409 0.0515363 0.0886678 0.119519 0.1319 0.129771 0.135601 0.172545 0.239611 
