0.4625 0.42147 0.327789 0.215175 0.11125 0.0335738 -0.00953808 -0.0209678 -0.0139865 -0.00414434 -0.000153998 -0.00225398 -0.00690554 -0.0110318 -0.0132919 -0.0139703 -0.0143975 -0.0156487 -0.0170501 -0.0162079 -0.0111741 -0.00261603 0.00676529 0.0159808 0.030111 0.0613325 0.123624 0.221193 0.336428 0.430085 
0.393066 0.347761 0.263327 0.16735 0.0801532 0.0147276 -0.0213678 -0.0293864 -0.0204255 -0.00851452 -0.00207201 -0.00198751 -0.00536018 -0.0091119 -0.0115096 -0.0125171 -0.0132554 -0.0145587 -0.0155509 -0.0138315 -0.00757593 0.00252063 0.0139592 0.0259745 0.043139 0.0755379 0.133493 0.217664 0.310462 0.378854 
0.263016 0.220161 0.15794 0.0941622 0.038031 -0.00499038 -0.0291156 -0.0327234 -0.0224772 -0.00932961 -0.00111588 0.000392759 -0.00252854 -0.00662125 -0.00976114 -0.0117012 -0.0133481 -0.0152274 -0.0162557 -0.0140327 -0.00684953 0.00438586 0.016698 0.0284453 0.0429546 0.0685529 0.112752 0.173125 0.232983 0.268324 
0.141313 0.10847 0.0730616 0.0428561 0.0169145 -0.00595739 -0.0213416 -0.0241438 -0.015735 -0.00360385 0.00467897 0.00607747 0.00225191 -0.00322764 -0.00788677 -0.0113592 -0.0143577 -0.0171435 -0.0185339 -0.0161957 -0.0085287 0.00330775 0.0155939 0.0253325 0.0344578 0.0503195 0.0790927 0.116646 0.147897 0.1575 
0.0692985 0.0487057 0.0349556 0.0283387 0.0216838 0.00998418 -0.00303504 -0.00938705 -0.00579164 0.00334333 0.0105009 0.0112668 0.00651567 -0.000185628 -0.0062669 -0.0112349 -0.0154624 -0.0189122 -0.0204659 -0.0181231 -0.0105754 0.000901879 0.0124179 0.0203706 0.0257692 0.0351271 0.0537031 0.0766701 0.0908427 0.0872243 
0.0438905 0.0311937 0.0288627 0.0330916 0.0342443 0.0259966 0.0116251 0.000502496 -0.00116014 0.00460391 0.0106575 0.0116283 0.00739482 0.000912716 -0.00549961 -0.0111148 -0.0157106 -0.0188632 -0.0196995 -0.0168967 -0.00966308 0.000843892 0.0114427 0.0191268 0.0245823 0.0329781 0.0479392 0.0640749 0.0700212 0.0608489 
0.0404344 0.0283308 0.027619 0.0334527 0.0360965 0.0290039 0.0144436 0.00114259 -0.00379708 -0.000595983 0.00478813 0.00684879 0.00448283 -0.00038777 -0.00588949 -0.0109421 -0.014591 -0.0160403 -0.0148099 -0.0104293 -0.00270067 0.00742335 0.0177948 0.0265798 0.0345281 0.0451133 0.0596603 0.0720806 0.0727001 0.0591791 
0.040647 0.0240701 0.0188589 0.0217615 0.0245194 0.020389 0.00937936 -0.00237971 -0.00836707 -0.00709283 -0.00248294 0.000568749 0.000167286 -0.00285404 -0.00703042 -0.010851 -0.0126598 -0.0113889 -0.0069916 0.000183119 0.00968797 0.0204993 0.0311638 0.040981 0.0510214 0.0632559 0.0768784 0.085512 0.0812979 0.0634355 
0.041808 0.0212683 0.0102137 0.00881012 0.0116706 0.0119 0.0064285 -0.00211811 -0.00833076 -0.0090179 -0.00576863 -0.00259028 -0.00200376 -0.00409025 -0.00762873 -0.0106465 -0.0108894 -0.00709301 0.000434427 0.0106215 0.0221695 0.0334268 0.0431905 0.0519753 0.0616436 0.0732849 0.0848033 0.0904044 0.084194 0.0657994 
0.04728 0.0280862 0.0139122 0.0084619 0.0100291 0.0124505 0.0104874 0.00402933 -0.0025953 -0.00517019 -0.00356362 -0.00102327 -0.000501619 -0.00274543 -0.00665871 -0.00988109 -0.00970616 -0.00469259 0.00466582 0.0167095 0.0290439 0.038836 0.0448706 0.0492751 0.0555085 0.0647257 0.0745108 0.0801945 0.0775353 0.065562 
0.0568162 0.0447984 0.031915 0.0236648 0.0214693 0.021217 0.0180299 0.0111534 0.00402796 0.00045795 0.000942755 0.00273056 0.00282559 0.000130989 -0.00440778 -0.0083147 -0.00868195 -0.00389047 0.00563182 0.0178991 0.0294246 0.0359265 0.0359453 0.0333966 0.0340561 0.0401585 0.0496236 0.0586911 0.064037 0.0636357 
0.0657272 0.063559 0.0555915 0.0466282 0.0393209 0.0322095 0.0233775 0.0138485 0.00661713 0.00364668 0.00421645 0.00565883 0.00546463 0.00270928 -0.0018224 -0.0059621 -0.00699128 -0.00315595 0.00543222 0.0167967 0.0266969 0.0296157 0.0236483 0.0140212 0.00879408 0.0118535 0.0217609 0.0351457 0.0489237 0.0601831 
0.0680297 0.0753075 0.0741354 0.0668755 0.0553216 0.0401394 0.0236911 0.010561 0.00403154 0.00347865 0.00561939 0.00724438 0.00677666 0.00418997 0.000312839 -0.00333446 -0.00461758 -0.00175958 0.00553502 0.0154773 0.0235243 0.0235832 0.0133733 -0.00151094 -0.0117451 -0.0119326 -0.00253671 0.0134723 0.0330387 0.0526986 
0.0609911 0.0759493 0.0815447 0.0775323 0.0638472 0.042243 0.0190776 0.00294984 -0.00198184 0.00114062 0.00590383 0.00806088 0.0071458 0.0045404 0.00136604 -0.00157131 -0.00285673 -0.000791779 0.00518667 0.01337 0.0192317 0.0169309 0.00424524 -0.0137122 -0.0278427 -0.0319161 -0.0249529 -0.00881923 0.0137162 0.0387152 
0.0479018 0.0675833 0.0777984 0.0769528 0.0634113 0.0389386 0.0122115 -0.00526974 -0.0083775 -0.00189637 0.00529882 0.00801139 0.00669813 0.00395676 0.00115441 -0.00143521 -0.00288965 -0.00160395 0.00297821 0.00899091 0.0121208 0.00748179 -0.00650822 -0.0255638 -0.0419632 -0.0495289 -0.0457672 -0.0308524 -0.00695801 0.0213445 
0.0346892 0.0549361 0.0663146 0.0675908 0.056354 0.0333322 0.00708542 -0.0100838 -0.0122973 -0.00445366 0.00381862 0.00694432 0.00572839 0.00314144 0.000480682 -0.00221075 -0.00411773 -0.00371926 -0.000709352 0.00281585 0.00301107 -0.00366095 -0.0178245 -0.0359607 -0.0521373 -0.0610519 -0.059404 -0.0458605 -0.0218768 0.00735591 
0.0244436 0.0418344 0.0517121 0.054232 0.0468123 0.0284885 0.00575716 -0.0101787 -0.0129442 -0.00604553 0.00189098 0.00543409 0.0050103 0.00307905 0.000630738 -0.00223867 -0.00458515 -0.00504281 -0.00365513 -0.00252614 -0.00467432 -0.0122653 -0.0251758 -0.0405891 -0.054225 -0.062174 -0.061389 -0.0496705 -0.0275489 -0.000277569 
0.0164376 0.0303341 0.0383632 0.0419147 0.0385082 0.0256795 0.00740061 -0.00705105 -0.01108 -0.00619251 0.000788617 0.00475804 0.00537872 0.00429425 0.00223374 -0.000530468 -0.00297539 -0.00402933 -0.00403512 -0.00476832 -0.00816398 -0.0152775 -0.0257574 -0.0375734 -0.0477854 -0.0539735 -0.054073 -0.0455309 -0.0275152 -0.0043285 
0.00893807 0.0210193 0.0287916 0.0338283 0.0336535 0.0251003 0.0105259 -0.00237707 -0.00711095 -0.00375137 0.0023174 0.00629043 0.00731023 0.00657902 0.00481106 0.00239313 0.000196977 -0.00110685 -0.00203432 -0.00386005 -0.00751184 -0.0133084 -0.0210309 -0.0294613 -0.0367249 -0.0416722 -0.0433715 -0.0392107 -0.0267612 -0.00846327 
0.00162506 0.0134687 0.0228037 0.0300701 0.0322245 0.0260708 0.0137631 0.0024143 -0.00184613 0.00114285 0.00651628 0.00977294 0.0101327 0.00894251 0.00712576 0.00505524 0.00325404 0.00199319 0.000728538 -0.00135533 -0.00454495 -0.00879087 -0.0140539 -0.0197653 -0.0248829 -0.0291463 -0.0325002 -0.0326065 -0.0259549 -0.0128753 
-0.00418926 0.00717487 0.0185317 0.028274 0.0320411 0.0267891 0.015477 0.00549711 0.00241738 0.00570606 0.0104338 0.012565 0.0118195 0.0099083 0.00794722 0.0061983 0.00481853 0.00381542 0.00277011 0.00122438 -0.000862365 -0.00340041 -0.00650289 -0.0100218 -0.0134479 -0.0169045 -0.0208352 -0.0237065 -0.0221436 -0.0148442 
-0.00679268 0.00242975 0.0144967 0.0258035 0.0304713 0.025509 0.0147681 0.00594147 0.0038263 0.00707132 0.0109085 0.0120767 0.010778 0.00876243 0.00704199 0.00571907 0.00475536 0.00412911 0.00367304 0.00321025 0.00270806 0.00205071 0.000886984 -0.000898838 -0.00291589 -0.00509238 -0.00805055 -0.0115734 -0.0136526 -0.012236 
-0.00539995 4.01532e-05 0.0103933 0.0211689 0.0257498 0.0212066 0.0115824 0.00404246 0.00236643 0.0048856 0.00767435 0.00847219 0.00764549 0.00646713 0.00551513 0.00474029 0.0041412 0.0038736 0.0040435 0.00466494 0.00563917 0.00656558 0.00677545 0.00600205 0.00490146 0.00417013 0.00325236 0.000980217 -0.00256328 -0.00556297 
-0.000655281 0.000364679 0.00657356 0.014241 0.017465 0.0136176 0.00599878 0.000228656 -0.00103952 0.000783761 0.00297728 0.00412854 0.00446176 0.00459499 0.00463619 0.00445068 0.00418419 0.00420295 0.00477786 0.00599008 0.00768382 0.00926572 0.00984393 0.00914758 0.0082554 0.00855841 0.00977188 0.00987548 0.00730221 0.00278699 
0.00566492 0.00290863 0.00374299 0.00656534 0.00752307 0.00452812 -0.000556881 -0.0042103 -0.00472916 -0.00295786 -0.000643827 0.00118007 0.00251165 0.00361794 0.00442986 0.0048067 0.00495766 0.00530434 0.00612032 0.00745404 0.00910859 0.0104204 0.0104551 0.00907099 0.00768293 0.00815121 0.0106323 0.013118 0.0132105 0.0101524 
0.0109674 0.00601975 0.00220447 0.000453135 -0.000604645 -0.00253888 -0.00511949 -0.0068158 -0.00654607 -0.00455889 -0.00202488 6.63246e-05 0.00160208 0.00290162 0.00402638 0.00486944 0.00554589 0.00634509 0.00744751 0.00885527 0.0103353 0.0111784 0.0104666 0.00818655 0.00588625 0.00559363 0.0079651 0.0117215 0.0145528 0.0144276 
0.0124939 0.00692606 0.000681319 -0.00351342 -0.00526585 -0.00590217 -0.00644943 -0.00675394 -0.00609808 -0.0042915 -0.00208778 -0.000373754 0.000766511 0.0017875 0.00291707 0.00407653 0.00522858 0.00648148 0.00795295 0.00966348 0.0113587 0.0122419 0.0113278 0.00859455 0.0055179 0.00403243 0.00513987 0.00849617 0.0124817 0.0144998 
0.00894719 0.00347724 -0.00292868 -0.0070974 -0.00819263 -0.00759593 -0.00687323 -0.00644013 -0.0057891 -0.0045287 -0.00299483 -0.00175121 -0.0008421 8.9456e-05 0.00125424 0.00259437 0.0040121 0.00554719 0.0073525 0.00952133 0.0117919 0.0132745 0.0128552 0.0103656 0.00705657 0.00459139 0.0040333 0.00569668 0.00872294 0.0106611 
0.00154322 -0.00389017 -0.00925562 -0.0120187 -0.011921 -0.0105263 -0.00930319 -0.00859167 -0.0079652 -0.00702558 -0.00577547 -0.00443209 -0.00311348 -0.00178997 -0.000413015 0.00100678 0.00245687 0.004057 0.0060526 0.00858277 0.0113592 0.0134565 0.0137015 0.0117608 0.00860865 0.00560553 0.00369761 0.00342183 0.00432147 0.00437747 
-0.00711311 -0.0125965 -0.0166849 -0.0178666 -0.0167406 -0.0149722 -0.0136411 -0.0127535 -0.0118726 -0.0106788 -0.00904009 -0.0070286 -0.00493121 -0.00303511 -0.00142322 -2.71246e-05 0.0012846 0.00275432 0.00469209 0.00721523 0.00998156 0.0121002 0.0124745 0.0107055 0.00756948 0.00427116 0.00167921 0.000213746 -0.000691552 -0.00275873 
-0.0147674 -0.0197981 -0.022531 -0.0223832 -0.0205437 -0.0185647 -0.0171153 -0.0159385 -0.0145931 -0.0128459 -0.0105947 -0.00795993 -0.00536409 -0.00320566 -0.00156494 -0.000300303 0.000788409 0.0019677 0.0035289 0.00554022 0.00762479 0.00897121 0.00865039 0.00632761 0.00273987 -0.000841003 -0.00347295 -0.00502567 -0.00655546 -0.00971409 
-0.019847 -0.0234263 -0.0244998 -0.0232134 -0.0209342 -0.0188706 -0.0173224 -0.0159142 -0.0142595 -0.0122002 -0.00971385 -0.0070178 -0.00456089 -0.00265365 -0.00126404 -0.000204828 0.000670817 0.00150362 0.00247625 0.003618 0.00457048 0.00463396 0.00309625 -0.000203261 -0.00445696 -0.00825376 -0.0105332 -0.011459 -0.0125856 -0.0155022 
-0.0217412 -0.0230661 -0.022267 -0.0200388 -0.0176142 -0.0157433 -0.0144023 -0.0131455 -0.0116314 -0.00974796 -0.00754147 -0.00530026 -0.00342798 -0.00207989 -0.00108996 -0.000244344 0.000495549 0.00107075 0.00150082 0.00176818 0.00156453 0.000349929 -0.00230492 -0.00632143 -0.0108617 -0.0145683 -0.0164261 -0.0167731 -0.0172728 -0.0191802 
-0.021825 -0.0208224 -0.0183096 -0.0153716 -0.0129695 -0.0114679 -0.0106488 -0.00998396 -0.0090442 -0.00766054 -0.00592895 -0.00421352 -0.00289061 -0.00201802 -0.00135777 -0.000678694 -3.05772e-06 0.000463467 0.000579252 0.000242845 -0.000808902 -0.00290701 -0.00615221 -0.0102464 -0.0144539 -0.0177398 -0.0193745 -0.0197561 -0.0201798 -0.0212079 
-0.022347 -0.019545 -0.0157106 -0.0121753 -0.0096627 -0.00836117 -0.00806551 -0.00817874 -0.00801105 -0.00717347 -0.00577033 -0.00428152 -0.00314768 -0.0024554 -0.00198423 -0.00147348 -0.000898179 -0.000488821 -0.000505219 -0.00116417 -0.00271339 -0.00529104 -0.00872046 -0.0125474 -0.0161656 -0.0189311 -0.0205449 -0.0214776 -0.0224427 -0.0231453 
-0.0232069 -0.0192333 -0.014487 -0.0103992 -0.00759044 -0.00626018 -0.00632114 -0.00712987 -0.00769118 -0.00731749 -0.00605961 -0.00452084 -0.00330681 -0.00265583 -0.00240989 -0.0022301 -0.00194453 -0.00170925 -0.00185122 -0.00270921 -0.00456802 -0.00748052 -0.0111144 -0.0148594 -0.0180686 -0.02033 -0.0217857 -0.0230786 -0.0244546 -0.0249464 
-0.0215263 -0.0167883 -0.0115205 -0.00713275 -0.00427847 -0.00316694 -0.00366357 -0.00504816 -0.00618387 -0.00620796 -0.00508762 -0.0035037 -0.00226881 -0.00182001 -0.00203369 -0.00243179 -0.00265055 -0.00273534 -0.00305083 -0.00406173 -0.00615397 -0.00941375 -0.0134409 -0.0174069 -0.0204239 -0.0221091 -0.0229313 -0.0237275 -0.0245425 -0.0242029 
-0.0154625 -0.010266 -0.00492402 -0.000783499 0.00138871 0.00154551 0.000208928 -0.00174068 -0.00327057 -0.00358897 -0.00263798 -0.00115283 -0.000129677 -0.000143709 -0.00102287 -0.00211213 -0.00286658 -0.00323352 -0.00361939 -0.00463596 -0.00681065 -0.0102955 -0.0146306 -0.0187675 -0.0215673 -0.0225863 -0.0223974 -0.0218799 -0.0211061 -0.0192073 
-0.00737713 -0.00220916 0.00271851 0.00610721 0.00703732 0.00573531 0.00330289 0.000848379 -0.000810753 -0.0011316 -0.000174706 0.00120481 0.0018781 0.00127046 -0.000290068 -0.00196323 -0.00307145 -0.00350485 -0.00372767 -0.00450133 -0.00647485 -0.00981337 -0.0139829 -0.0178452 -0.0202282 -0.0206777 -0.0196326 -0.0177659 -0.0152621 -0.0118495 
-0.00198389 0.0024693 0.00665299 0.0093073 0.00930212 0.00698819 0.00388164 0.00129749 -8.15471e-05 2.80884e-05 0.00131802 0.00272357 0.00303958 0.00183121 -0.000325061 -0.00241271 -0.00369134 -0.00405128 -0.00400901 -0.00441197 -0.00594585 -0.00872185 -0.0121603 -0.0152345 -0.0170214 -0.0171766 -0.0158802 -0.0134386 -0.0101204 -0.00622225 
-0.00142355 0.00167639 0.00511888 0.00767532 0.00786844 0.00581836 0.0030711 0.0010379 0.000385983 0.00122641 0.00299666 0.00443468 0.00432754 0.00245419 -0.000325847 -0.00284208 -0.00435626 -0.00480585 -0.00472405 -0.00493406 -0.00604892 -0.00808656 -0.0104805 -0.0124574 -0.013494 -0.01345 -0.0123192 -0.0101322 -0.00723572 -0.0042547 
-0.0029582 -0.00150839 0.00146488 0.004682 0.00614797 0.0054841 0.00401488 0.00313325 0.00347519 0.00501278 0.00703282 0.00821928 0.00744527 0.00471072 0.00111244 -0.00208186 -0.00417387 -0.00513951 -0.00546515 -0.00586076 -0.00680142 -0.00819513 -0.00949327 -0.0101533 -0.0100246 -0.00926653 -0.00799013 -0.00628136 -0.00460222 -0.00357062 
-0.00173198 -0.00172875 0.000992268 0.00491426 0.00757242 0.00824237 0.0081137 0.00848605 0.0097816 0.0117403 0.0135981 0.0141694 0.0125246 0.00885573 0.00436753 0.000301911 -0.00270181 -0.0045681 -0.00562515 -0.00643141 -0.00736563 -0.00824416 -0.00841892 -0.00736301 -0.00520496 -0.0026409 -0.000384357 0.00107048 0.00124092 -4.59274e-05 
0.00418343 0.00318297 0.00535668 0.00879705 0.0110944 0.0118137 0.0122624 0.0135251 0.0155826 0.0178132 0.0194125 0.0194175 0.0171677 0.0129972 0.00804214 0.00334948 -0.000521298 -0.00330715 -0.00501997 -0.00605471 -0.0068419 -0.0071844 -0.00612941 -0.00283962 0.00230861 0.00768562 0.0114993 0.0127284 0.0112 0.00767279 
0.0113683 0.00939517 0.0100498 0.0111256 0.0110877 0.010486 0.0108077 0.0126834 0.0155404 0.018383 0.0202955 0.0204548 0.0184416 0.0146839 0.010125 0.00549092 0.00123609 -0.00209677 -0.00408153 -0.00494537 -0.00531169 -0.00504057 -0.00269144 0.00311357 0.011665 0.0200363 0.0251418 0.0256151 0.0220012 0.0162904 
0.0137638 0.010211 0.0082733 0.00581227 0.00268494 0.000626655 0.00107376 0.00393871 0.0081106 0.0123267 0.0154945 0.0167678 0.0158912 0.0133852 0.00998673 0.00606856 0.00195671 -0.00153564 -0.00354715 -0.00414057 -0.00411399 -0.00331911 0.000218924 0.00833144 0.0197878 0.0302882 0.0356468 0.034505 0.0283512 0.0203129 
0.0083863 0.00281552 -0.00193151 -0.00750847 -0.0127506 -0.0150488 -0.0132688 -0.00838137 -0.00209757 0.00409469 0.00897363 0.0116873 0.0121784 0.0111041 0.00901314 0.0059315 0.00204672 -0.00162403 -0.00388362 -0.00462769 -0.00463871 -0.00358912 0.000849843 0.010522 0.023501 0.0344814 0.0387824 0.0354379 0.0268099 0.0166757 
-0.000185092 -0.00714467 -0.013929 -0.0214428 -0.0274833 -0.0288059 -0.0245477 -0.0166601 -0.00779666 0.000148475 0.00602827 0.00934946 0.0104873 0.0102664 0.00899548 0.00634603 0.00238452 -0.00172247 -0.00454748 -0.00580916 -0.00610445 -0.00490558 4.62259e-05 0.0100803 0.0226568 0.0322645 0.0345916 0.029386 0.0195608 0.0088069 
-0.00180567 -0.0089144 -0.0171419 -0.0264517 -0.0335123 -0.034189 -0.0275611 -0.016648 -0.0055836 0.00298672 0.00825475 0.0106343 0.011242 0.0110449 0.0100215 0.00750217 0.00346726 -0.000817568 -0.00378573 -0.00502147 -0.00501694 -0.00337233 0.00159714 0.0105272 0.0208146 0.0277695 0.0282558 0.0228456 0.0144501 0.00579989 
0.00973643 0.00276425 -0.00770672 -0.0203505 -0.0302955 -0.0320939 -0.0244607 -0.0115207 0.000745572 0.00868322 0.011996 0.0123603 0.0117659 0.0112462 0.0104352 0.00840944 0.00508771 0.00174696 -3.14936e-05 0.000135966 0.00151379 0.0038648 0.00803801 0.0143534 0.0210329 0.0251147 0.0250978 0.0221336 0.0182966 0.0144039 
0.0295636 0.0211475 0.00637097 -0.0115858 -0.0259668 -0.0300477 -0.0223983 -0.00833826 0.00437807 0.0111985 0.0124166 0.0109342 0.00945369 0.00897443 0.00887399 0.00810989 0.00654414 0.0053441 0.00592588 0.00839521 0.0114555 0.0140256 0.0163325 0.0190199 0.0218214 0.023914 0.0254007 0.0274009 0.0301663 0.0318459 
0.0461799 0.03386 0.0128866 -0.0111229 -0.029379 -0.0345125 -0.0259118 -0.010463 0.00274095 0.00881558 0.00875572 0.00639629 0.00483312 0.0049415 0.0059401 0.0067643 0.00720735 0.00819813 0.0107871 0.0146572 0.0180569 0.01952 0.0192567 0.0185922 0.0187309 0.0206769 0.0255663 0.0336747 0.0428023 0.0484549 
0.0531574 0.0358735 0.00860737 -0.020276 -0.0399836 -0.0433612 -0.0318049 -0.0141707 -0.000246628 0.00551778 0.00494222 0.00245001 0.00124006 0.00200997 0.00386035 0.00572561 0.00729909 0.00914241 0.0117897 0.0146056 0.0159858 0.0150052 0.0124549 0.0101219 0.00989506 0.0137241 0.022946 0.0364866 0.0499907 0.0572788 
0.0551054 0.0347905 0.00362084 -0.0274765 -0.0461823 -0.0463335 -0.0317401 -0.0127869 0.000961659 0.00604821 0.00499243 0.00240949 0.00137595 0.00238638 0.00442985 0.00642343 0.00791586 0.00900094 0.00967518 0.00931684 0.00720815 0.00369793 0.000252396 -0.00163203 -0.00050961 0.00563872 0.01812 0.0351324 0.0513872 0.059997 
0.0608953 0.0418561 0.0109177 -0.0192748 -0.0361038 -0.0349253 -0.0209533 -0.00430959 0.00684274 0.0100984 0.00812629 0.00523134 0.00415651 0.00516266 0.0071217 0.00890437 0.00986527 0.00960194 0.00770567 0.00396609 -0.000987628 -0.00547047 -0.00792545 -0.00815787 -0.00611862 3.54618e-05 0.0125947 0.0309161 0.0501562 0.0626589 
0.0718659 0.0581722 0.03152 0.00474514 -0.0109219 -0.0124062 -0.00431855 0.00579258 0.012034 0.0125899 0.00955062 0.00649066 0.00567746 0.00710969 0.00951981 0.0116712 0.0126644 0.0116478 0.00802625 0.00228674 -0.00356395 -0.00702251 -0.00732093 -0.00628555 -0.00550401 -0.0028049 0.00653729 0.0247136 0.0479014 0.0669673 
0.0786489 0.0716754 0.0515756 0.0295787 0.0142745 0.00769092 0.00751884 0.00996966 0.0112991 0.00958976 0.00596832 0.00325445 0.00330077 0.00587385 0.00953989 0.0128689 0.0146634 0.0137446 0.00956163 0.00337912 -0.00176555 -0.00328657 -0.00178975 -0.000993221 -0.00339177 -0.00576415 -0.000697955 0.0165288 0.0426727 0.0672684 
0.0708553 0.0694105 0.0561488 0.0393909 0.0249321 0.0145574 0.00861044 0.00637928 0.00525923 0.00275666 -0.000792988 -0.00292267 -0.00189527 0.00194591 0.00698596 0.0115455 0.0141782 0.0135915 0.00948055 0.00374379 -0.000174356 -0.000294626 0.00140072 0.000285216 -0.00576323 -0.0121768 -0.0102221 0.00528948 0.0309554 0.0564566 
0.0492663 0.0519218 0.0451425 0.033882 0.0217641 0.011017 0.00396664 0.00136324 0.000617504 -0.00148513 -0.00499525 -0.00724845 -0.00616607 -0.00199488 0.00348773 0.00838882 0.0111731 0.010653 0.00683317 0.00189053 -0.00104985 -0.00108941 -0.00113487 -0.00547163 -0.0147827 -0.0233697 -0.0228868 -0.0096021 0.0125547 0.0349352 
0.025749 0.0322302 0.0317832 0.0260621 0.0171272 0.0081577 0.00294801 0.00254526 0.00360951 0.00209282 -0.00220811 -0.00600979 -0.00646071 -0.00348236 0.0010898 0.00530702 0.00771534 0.0072679 0.00407654 0.000116332 -0.00235796 -0.00364229 -0.00698253 -0.0154634 -0.0278766 -0.0376526 -0.0375185 -0.025754 -0.00699393 0.0119253 
0.011722 0.0215667 0.0260653 0.0242095 0.0171114 0.00936347 0.00620196 0.00848359 0.0116418 0.0106191 0.00509858 -0.000910464 -0.00367785 -0.00268168 0.000377042 0.00371067 0.00601539 0.00621541 0.00417601 0.00127695 -0.00127517 -0.00472808 -0.0122094 -0.025374 -0.0411776 -0.0521127 -0.051478 -0.0390637 -0.0206565 -0.00263993 
0.0106173 0.0207616 0.0253107 0.0226485 0.014223 0.0060966 0.00434415 0.00908224 0.0143781 0.0143507 0.00864331 0.00169401 -0.00227163 -0.00238827 -8.31311e-05 0.00313271 0.00607823 0.00752424 0.00694004 0.00503022 0.00209537 -0.00371463 -0.0152199 -0.0328861 -0.0521571 -0.0643417 -0.0623237 -0.0465595 -0.024598 -0.00445378 
0.0220482 0.0264087 0.0228504 0.0128784 0.000116062 -0.00886634 -0.00907661 -0.00202731 0.00538061 0.00715416 0.00303293 -0.00262766 -0.00568065 -0.00515267 -0.00225084 0.00170649 0.00561763 0.00821309 0.00880543 0.00771854 0.00467049 -0.00256772 -0.0166389 -0.0373305 -0.0590667 -0.0718736 -0.0673559 -0.0457524 -0.0167587 0.00781236 
0.0508479 0.0434287 0.023858 0.000668448 -0.0188264 -0.0289823 -0.0278572 -0.0190854 -0.00990958 -0.00599513 -0.00767003 -0.0110378 -0.0122652 -0.0103653 -0.00645359 -0.00183815 0.00240749 0.0051763 0.0060223 0.00538543 0.00287363 -0.00394357 -0.0178622 -0.0386721 -0.0603907 -0.0718657 -0.0628357 -0.0325091 0.00719625 0.0387705 
0.108914 0.0883804 0.0488819 0.00792293 -0.0225233 -0.0377171 -0.0385582 -0.0301927 -0.0201056 -0.0143831 -0.0142022 -0.0162921 -0.0169036 -0.0148201 -0.0110063 -0.00683764 -0.0034469 -0.00174213 -0.00172751 -0.00245059 -0.00388723 -0.00837443 -0.0191204 -0.0365738 -0.0549406 -0.0620339 -0.0453085 -0.0022414 0.0532299 0.0966512 
0.204731 0.175424 0.116466 0.0536341 0.00452584 -0.0244339 -0.0341174 -0.0298613 -0.0201805 -0.01328 -0.0123001 -0.0147544 -0.0166856 -0.0163093 -0.0141654 -0.0115781 -0.00980844 -0.00971322 -0.0109453 -0.011942 -0.0119424 -0.0128708 -0.018319 -0.0296735 -0.0416564 -0.0411669 -0.0132143 0.0469088 0.123761 0.185766 
0.326713 0.293817 0.217821 0.130513 0.0557022 0.00475733 -0.0199046 -0.0228685 -0.0147381 -0.00712509 -0.0057678 -0.00915618 -0.0131508 -0.0152794 -0.0154111 -0.0146119 -0.014262 -0.0153294 -0.0173109 -0.0181739 -0.016456 -0.0135275 -0.0130325 -0.0169262 -0.0202984 -0.00943599 0.0324079 0.111709 0.212088 0.296038 
0.432075 0.396295 0.307186 0.19957 0.101764 0.0303063 -0.00835914 -0.0179646 -0.0112704 -0.00289504 -0.00070994 -0.00418778 -0.00932109 -0.0131644 -0.0148998 -0.0152049 -0.0155011 -0.0168909 -0.0188102 -0.0189609 -0.0154678 -0.00923321 -0.00351896 -3.84172e-05 0.00617636 0.0286569 0.0839523 0.178552 0.295385 0.393841 
