0.396233 0.364429 0.280719 0.195417 0.138203 0.104863 0.0806146 0.0593925 0.0433332 0.0352786 0.0333782 0.0309407 0.0224461 0.00897455 -0.00366022 -0.0105974 -0.0107416 -0.0060494 -0.000145014 0.00331141 0.00346843 0.00349256 0.00672658 0.0125397 0.0196762 0.0346786 0.0733786 0.148682 0.253038 0.351315 
0.375809 0.338064 0.253628 0.172329 0.122915 0.0989939 0.0813602 0.0602053 0.0385114 0.02395 0.0190971 0.017981 0.0126341 0.00152267 -0.0103621 -0.017763 -0.019219 -0.0163532 -0.0118339 -0.00804624 -0.00544898 -0.00181799 0.00517348 0.015137 0.027189 0.0463264 0.0857304 0.156972 0.25305 0.340734 
0.275628 0.24105 0.175232 0.117406 0.0885977 0.0806491 0.0733092 0.0549021 0.0294844 0.00953383 0.00235235 0.00330493 0.0024959 -0.00441057 -0.0140363 -0.0212441 -0.0239903 -0.0230985 -0.0200784 -0.0160286 -0.0110778 -0.00411613 0.00605425 0.0191037 0.0334565 0.0503951 0.0784922 0.128047 0.195664 0.256089 
0.157045 0.129908 0.0887304 0.0583138 0.0496339 0.0544051 0.0553307 0.0412246 0.0161636 -0.00523276 -0.0126889 -0.0094914 -0.00639225 -0.00955146 -0.0169347 -0.0236648 -0.0271528 -0.0274416 -0.0252225 -0.0208476 -0.014417 -0.00581774 0.00528599 0.0187569 0.0325971 0.0449204 0.0597377 0.0853268 0.121579 0.152487 
0.0750428 0.0533884 0.0299612 0.0182352 0.0209508 0.0304513 0.0343211 0.0238684 0.0023325 -0.0168899 -0.0232989 -0.0191775 -0.0147655 -0.016473 -0.0227615 -0.0289422 -0.0321574 -0.0320173 -0.0289447 -0.0233437 -0.0157604 -0.00671724 0.00382078 0.0160133 0.0281095 0.0371018 0.0441732 0.0550863 0.0706654 0.0811055 
0.0458536 0.0257368 0.00905828 0.0043838 0.00985219 0.0177035 0.0194356 0.00989715 -0.00793124 -0.0236888 -0.0290295 -0.0257532 -0.0224021 -0.024384 -0.0301842 -0.0354619 -0.0374862 -0.0357348 -0.0305693 -0.0227694 -0.0134768 -0.00347484 0.0071393 0.0181342 0.0278282 0.0340303 0.0380628 0.0445225 0.053432 0.0564414 
0.0527185 0.0316452 0.0135763 0.00797674 0.0118563 0.016129 0.0135024 0.00203469 -0.0140107 -0.0268391 -0.0312936 -0.0292757 -0.0271663 -0.0290006 -0.033565 -0.0373624 -0.0381141 -0.0351567 -0.0284479 -0.0186736 -0.0071742 0.00509076 0.01721 0.0271796 0.0326982 0.0339347 0.0355447 0.0432914 0.0557925 0.0621535 
0.0681905 0.0451302 0.022129 0.012416 0.0141494 0.0164573 0.0108071 -0.00300342 -0.0185129 -0.0289356 -0.031904 -0.029818 -0.0272576 -0.0272742 -0.0294871 -0.0316322 -0.0319319 -0.0293525 -0.0230026 -0.0128616 -1.73926e-05 0.0142445 0.0275381 0.035466 0.0350662 0.0297355 0.0288258 0.0400209 0.0601001 0.0740998 
0.0758748 0.0498487 0.0207892 0.00566294 0.00508531 0.00745004 0.00219785 -0.0110871 -0.0246849 -0.0319351 -0.032078 -0.0280029 -0.0232653 -0.0204632 -0.0201094 -0.021028 -0.0217629 -0.0208239 -0.0164742 -0.00790307 0.00413414 0.018026 0.0303347 0.0352898 0.0299118 0.0202396 0.018877 0.034076 0.0604233 0.0799037 
0.0785577 0.0489687 0.0131799 -0.00922455 -0.014103 -0.011706 -0.0139043 -0.0229942 -0.0321744 -0.0351107 -0.0314807 -0.0244179 -0.0171695 -0.0120667 -0.00995208 -0.010202 -0.0115595 -0.0123167 -0.0102637 -0.00402901 0.00590027 0.0177645 0.028004 0.0309444 0.0239499 0.0139317 0.0142389 0.0325036 0.0617786 0.0829571 
0.0853228 0.0546161 0.01353 -0.0168893 -0.0283321 -0.0279105 -0.0274517 -0.0315238 -0.0357273 -0.0346483 -0.0279004 -0.0186965 -0.0102757 -0.0045158 -0.00190289 -0.00189846 -0.0034963 -0.00511766 -0.00439266 0.000522012 0.00945576 0.0205224 0.0302203 0.0333352 0.0272292 0.0181124 0.0188154 0.0371169 0.0666029 0.0886725 
0.0953323 0.0702923 0.0297891 -0.00559868 -0.0239737 -0.0283005 -0.0285143 -0.0301433 -0.0311624 -0.0277367 -0.0198339 -0.0107218 -0.00338935 0.00108118 0.00290971 0.00272479 0.00119432 -0.000442978 0.000174246 0.00532411 0.0152449 0.0278558 0.0392157 0.0438731 0.0384782 0.0278922 0.0247393 0.0389461 0.0671066 0.092265 
0.0988538 0.0872458 0.0557792 0.0215253 -0.00193686 -0.0129941 -0.0176662 -0.0203573 -0.0205264 -0.0164192 -0.00915505 -0.00212412 0.00234182 0.00417787 0.00430639 0.00341908 0.00181904 0.000311598 0.00104933 0.00657361 0.0176661 0.0323353 0.0460083 0.0522484 0.0463052 0.031572 0.0211424 0.0284046 0.0542835 0.0843518 
0.0889131 0.0934918 0.0767314 0.0498295 0.0255278 0.00900534 -0.00135657 -0.00746712 -0.00890448 -0.00551857 0.000188283 0.00455382 0.00591589 0.00509016 0.00346087 0.00165293 -0.000374722 -0.00225999 -0.00224642 0.00228453 0.0128432 0.0280769 0.0431195 0.0503757 0.0434998 0.0245614 0.00712146 0.00738925 0.0299332 0.0633067 
0.067624 0.0830946 0.080052 0.0642795 0.0454866 0.0290969 0.0155457 0.00536449 0.000598244 0.00155754 0.00509271 0.00722923 0.00660676 0.00441981 0.00205084 -0.000181566 -0.00261105 -0.00516388 -0.00645704 -0.00389694 0.00472599 0.018887 0.0337681 0.0411018 0.0337351 0.0130106 -0.00784112 -0.0121712 0.00594319 0.0376923 
0.0431768 0.0594929 0.0635396 0.0588292 0.0510054 0.0415736 0.0292666 0.0160033 0.00674967 0.00384554 0.00463489 0.00509705 0.00388117 0.00201096 0.000364415 -0.0012804 -0.00348646 -0.00624339 -0.00836814 -0.00738747 -0.000802701 0.0112952 0.0243045 0.0303381 0.0230245 0.00380298 -0.0156555 -0.0210254 -0.00746435 0.0178184 
0.0228995 0.0321231 0.0357044 0.0384584 0.0424894 0.0432318 0.0354152 0.0211882 0.00832415 0.00174191 -1.08733e-05 -0.000630889 -0.00155624 -0.00223291 -0.00245734 -0.00295687 -0.00442804 -0.00681809 -0.00903282 -0.00883891 -0.00400265 0.00521142 0.0145705 0.0178015 0.010894 -0.004066 -0.0181513 -0.0212059 -0.0106411 0.00701001 
0.00995885 0.0104842 0.00931399 0.0144041 0.0260503 0.0348111 0.03189 0.0189058 0.004937 -0.00342011 -0.00636993 -0.00710429 -0.00727107 -0.00687861 -0.00618417 -0.00607075 -0.00717071 -0.00934227 -0.0115486 -0.0118819 -0.00872813 -0.00290846 0.00180861 0.00141375 -0.00504763 -0.0146748 -0.0217533 -0.0206439 -0.0106794 0.00211207 
0.00490628 0.000199448 -0.00586533 -0.00273424 0.010027 0.0215033 0.0216893 0.0113407 -0.00111705 -0.00894107 -0.0114738 -0.0113553 -0.0105079 -0.00949042 -0.00875781 -0.0090147 -0.0106231 -0.013256 -0.0158852 -0.0169402 -0.0154276 -0.01262 -0.0117768 -0.0150245 -0.0209596 -0.0260966 -0.0272877 -0.0223097 -0.0113849 0.000295093 
0.00721146 0.00169089 -0.00708719 -0.00793194 0.000862297 0.0101833 0.0112168 0.00389928 -0.00541277 -0.0112139 -0.012587 -0.0115365 -0.00993452 -0.00863932 -0.00821493 -0.00922659 -0.0118188 -0.015446 -0.0189962 -0.0211182 -0.0211393 -0.0202538 -0.0210527 -0.0247788 -0.0294354 -0.0316971 -0.0296795 -0.022608 -0.0106629 0.00194601 
0.0146626 0.0107869 0.00146924 -0.00314689 -8.71422e-05 0.00481008 0.00524418 0.000698869 -0.00497765 -0.00833911 -0.00882536 -0.007725 -0.00623641 -0.0050086 -0.00471951 -0.00614985 -0.00957683 -0.0143751 -0.0192323 -0.0227184 -0.024058 -0.0238589 -0.023894 -0.0254398 -0.0276941 -0.0284707 -0.0259696 -0.0188162 -0.00648768 0.00737017 
0.0223183 0.020487 0.0116715 0.00449923 0.00263436 0.00321845 0.00263197 0.000418613 -0.00177145 -0.00276426 -0.00275683 -0.002358 -0.00168426 -0.000781811 -0.000420364 -0.00184417 -0.0057469 -0.0116027 -0.0178266 -0.022586 -0.0246933 -0.0240804 -0.0218892 -0.0200063 -0.0197309 -0.0205169 -0.0198457 -0.0142282 -0.00197945 0.0130567 
0.0246342 0.0248075 0.0169295 0.00835868 0.0029985 0.000158942 -0.00142413 -0.00173227 -0.000761437 0.000592332 0.0012946 0.00127013 0.00137732 0.00212106 0.00266005 0.00139314 -0.00267961 -0.00913116 -0.0161521 -0.0214672 -0.0234708 -0.0217227 -0.0172683 -0.0129068 -0.0118658 -0.0147964 -0.0178933 -0.0149534 -0.00299373 0.0133931 
0.0215191 0.0243212 0.0180928 0.00896752 0.000934865 -0.00489805 -0.00770491 -0.00684474 -0.00345965 -2.02964e-05 0.00178346 0.00218537 0.00255409 0.00359246 0.00438335 0.00326083 -0.000712122 -0.00701535 -0.013744 -0.0184808 -0.0195044 -0.0164432 -0.0107851 -0.00624751 -0.00707828 -0.0140404 -0.0217828 -0.0218268 -0.0101948 0.00779155 
0.0193811 0.0255063 0.0217897 0.0128074 0.00255676 -0.00612576 -0.0106307 -0.00985832 -0.0056311 -0.00122524 0.00138103 0.00248477 0.00345681 0.0048952 0.00585824 0.0048439 0.00122064 -0.00425208 -0.00968675 -0.0128731 -0.0123541 -0.00817977 -0.00248941 0.000461028 -0.00350135 -0.0143413 -0.0255397 -0.0276361 -0.0162919 0.00301253 
0.0226147 0.0316492 0.0308298 0.0228543 0.0114775 0.000860856 -0.00527486 -0.00573597 -0.00257493 0.000986982 0.00318811 0.00430345 0.00537761 0.00676246 0.00760019 0.00665385 0.00355884 -0.000768329 -0.00454526 -0.00591371 -0.00386423 0.00103108 0.00618503 0.00745073 0.00151538 -0.0106434 -0.0223923 -0.0249209 -0.0142225 0.00490243 
0.0276806 0.0378322 0.0394757 0.0335003 0.0229681 0.0124206 0.00574196 0.00388781 0.00491997 0.00627438 0.00685773 0.00706961 0.0075767 0.00844518 0.00894342 0.00808732 0.00561412 0.00239581 2.87406e-05 4.74483e-05 0.00306619 0.00814117 0.0126607 0.013178 0.00748862 -0.00300175 -0.0126845 -0.0145547 -0.00540121 0.0112136 
0.0279338 0.0366909 0.0393363 0.0356886 0.0278092 0.0195118 0.0139315 0.0116104 0.0109427 0.0101988 0.00905064 0.00817114 0.00803891 0.00851109 0.00890645 0.00837113 0.00662969 0.0044076 0.00308093 0.00392167 0.00726784 0.0120069 0.015829 0.0162281 0.0119095 0.00412756 -0.00295979 -0.00422199 0.00266687 0.01515 
0.0203632 0.0254984 0.0269778 0.0248148 0.020249 0.0155926 0.0125486 0.0111512 0.0102568 0.00886533 0.00711546 0.00587428 0.00568585 0.00640019 0.0073043 0.00751792 0.00671299 0.00549401 0.00504863 0.00644035 0.00981031 0.0139695 0.0169385 0.0169611 0.0132743 0.00684444 0.000878979 -0.000575506 0.00406329 0.0123794 
0.00642837 0.00698349 0.00573289 0.0039049 0.0023747 0.00174305 0.00200552 0.00265766 0.00304922 0.00271901 0.00186728 0.00130447 0.00175189 0.00325985 0.00511963 0.00636576 0.00660231 0.00634807 0.00667005 0.00850578 0.0118559 0.0154262 0.01734 0.0161626 0.0114075 0.0041179 -0.00256952 -0.00492379 -0.00204355 0.00301727 
-0.00994289 -0.0132129 -0.0170036 -0.0187776 -0.0177538 -0.0147586 -0.0112402 -0.00812994 -0.00568865 -0.00405068 -0.00317954 -0.00249922 -0.0011643 0.00114396 0.00381687 0.00585734 0.00681131 0.00713664 0.00786656 0.00990616 0.0131367 0.0160578 0.0166257 0.0134343 0.00635039 -0.00297787 -0.0110002 -0.0142249 -0.0125631 -0.00983325 
-0.0241241 -0.029321 -0.03413 -0.0353753 -0.03233 -0.0266279 -0.0205101 -0.0151731 -0.0107775 -0.0073702 -0.00503689 -0.00335368 -0.0014134 0.00127621 0.00419402 0.0063546 0.00730472 0.00753027 0.00812819 0.0099946 0.0128287 0.0148258 0.0136895 0.00812418 -0.00131239 -0.0121074 -0.0205396 -0.0238877 -0.0229897 -0.0219077 
-0.033152 -0.0383544 -0.0426337 -0.0429567 -0.0386303 -0.0313764 -0.0235328 -0.0164961 -0.0107245 -0.00639174 -0.00349624 -0.00150129 0.000567751 0.00322271 0.00590446 0.00760219 0.00792828 0.00752308 0.0076042 0.00897268 0.0110367 0.0117176 0.00867396 0.0010362 -0.00974652 -0.0205178 -0.02799 -0.0306861 -0.0302188 -0.0302034 
-0.0372859 -0.0412834 -0.044095 -0.0432992 -0.0382876 -0.030458 -0.0218073 -0.0138526 -0.00751378 -0.00314033 -0.000471786 0.0013026 0.00320518 0.0056626 0.00800026 0.00913446 0.0087434 0.00765584 0.00716748 0.00784839 0.00877191 0.00781562 0.00300715 -0.00586186 -0.0167037 -0.026311 -0.0322373 -0.0341523 -0.0340099 -0.0345777 
-0.0383088 -0.040778 -0.041821 -0.0397021 -0.0340951 -0.0262092 -0.0176622 -0.00986049 -0.00388248 -8.68062e-05 0.00203196 0.00345425 0.00513751 0.00739296 0.0094912 0.0103042 0.00950928 0.00801022 0.00707225 0.00698669 0.00658809 0.00399999 -0.00204428 -0.0110976 -0.0209601 -0.028969 -0.033564 -0.0350686 -0.0353208 -0.0362051 
-0.0367696 -0.0380498 -0.0377034 -0.0344905 -0.0284498 -0.0208935 -0.0132381 -0.00653623 -0.00156978 0.0014571 0.00309551 0.0042417 0.00566973 0.00761833 0.0094592 0.0101254 0.00921385 0.00751941 0.00620316 0.0054234 0.00400886 0.000457094 -0.00584347 -0.0140546 -0.022267 -0.028582 -0.0321243 -0.0334588 -0.0340967 -0.035189 
-0.032671 -0.0331103 -0.0321048 -0.0287838 -0.0233135 -0.0169247 -0.0107566 -0.00541108 -0.00130793 0.00133357 0.00279382 0.00370448 0.00468259 0.00602273 0.00735981 0.00781035 0.00686545 0.00506693 0.00344416 0.002266 0.00064575 -0.00258807 -0.00781184 -0.0142678 -0.0205296 -0.0252993 -0.0280628 -0.0293895 -0.030397 -0.031593 
-0.0283076 -0.0277356 -0.0264087 -0.0239884 -0.0204841 -0.0163934 -0.0120206 -0.00746267 -0.00321135 -8.08974e-05 0.00159707 0.00222665 0.00249862 0.00293647 0.00351263 0.00359855 0.00263632 0.000875034 -0.000841134 -0.00202028 -0.00306106 -0.00483974 -0.00789715 -0.0120156 -0.0164015 -0.0201742 -0.0229061 -0.0249295 -0.0267239 -0.0280149 
-0.0276229 -0.0257752 -0.023949 -0.0225416 -0.0214399 -0.0200102 -0.0171491 -0.012347 -0.00668436 -0.00217585 4.24181e-05 0.000366459 -0.0001452 -0.000638878 -0.000866753 -0.00122341 -0.00222226 -0.00383423 -0.00544187 -0.00640178 -0.00663264 -0.00670953 -0.00742113 -0.00924952 -0.012154 -0.0156904 -0.019433 -0.0232403 -0.0265989 -0.0282471 
-0.0320237 -0.0292763 -0.0268978 -0.0257928 -0.0259559 -0.0260051 -0.0236173 -0.0177578 -0.0101938 -0.00412365 -0.0013114 -0.00118171 -0.00224643 -0.0034113 -0.00430773 -0.00516959 -0.00639058 -0.00801796 -0.00958436 -0.0103713 -0.00999523 -0.00882687 -0.00783271 -0.00807704 -0.0102289 -0.0142795 -0.0197317 -0.0258172 -0.030987 -0.0331966 
-0.0383014 -0.0351155 -0.0322508 -0.0305622 -0.0301713 -0.0297267 -0.026722 -0.0200502 -0.0116958 -0.00511552 -0.00210798 -0.00195951 -0.00311516 -0.0045566 -0.00594235 -0.00734808 -0.00896817 -0.0108202 -0.0124984 -0.0132139 -0.0124071 -0.0103901 -0.00837874 -0.00800456 -0.0105092 -0.0160099 -0.0235294 -0.0314723 -0.0376185 -0.039871 
-0.0407421 -0.0364829 -0.0324949 -0.029476 -0.0275273 -0.0257233 -0.0223161 -0.0165591 -0.00990118 -0.00477494 -0.00233564 -0.00198546 -0.00273818 -0.00407935 -0.00576148 -0.00755685 -0.00932241 -0.011054 -0.012545 -0.0130561 -0.011825 -0.0090326 -0.00624654 -0.00588246 -0.00973396 -0.0176001 -0.0273997 -0.0364464 -0.0422855 -0.0434653 
-0.0342996 -0.0279468 -0.0218274 -0.0171898 -0.0142962 -0.0124642 -0.0106118 -0.00815067 -0.00542413 -0.00322046 -0.00185691 -0.00116136 -0.00119017 -0.00220029 -0.00400728 -0.00589204 -0.00721887 -0.00800162 -0.0085234 -0.00841008 -0.00670104 -0.0031804 0.00041581 0.000874925 -0.00416422 -0.0140475 -0.0254177 -0.0345798 -0.0392387 -0.0387913 
-0.0178025 -0.0101653 -0.00232756 0.00312619 0.00517681 0.00456736 0.00264058 0.000586697 -0.000766087 -0.00106742 -0.000337864 0.000930021 0.00166436 0.000974359 -0.00090152 -0.00271343 -0.0033086 -0.00268226 -0.00168788 -0.000544256 0.00173749 0.00585209 0.0102713 0.0114835 0.00681599 -0.00283891 -0.0134455 -0.0210579 -0.0241264 -0.022848 
0.00280763 0.00880055 0.0160419 0.0207015 0.020523 0.0162534 0.0101554 0.00455917 0.00111899 0.00031707 0.00160299 0.00370844 0.00498694 0.00440329 0.00242405 0.000672869 0.000627263 0.00237211 0.00473958 0.00703827 0.0100668 0.0146923 0.0197205 0.0219868 0.0190821 0.0120393 0.00478708 0.000501442 -0.000750264 -0.000112561 
0.0172578 0.0189653 0.0232821 0.02617 0.02423 0.0177141 0.00943253 0.00262661 -0.000591471 -0.000118305 0.00257295 0.00547326 0.00683948 0.00601956 0.00388005 0.00219631 0.00245455 0.00478138 0.00802123 0.0113204 0.0151306 0.0199954 0.0248378 0.0272252 0.0256508 0.0215749 0.0185163 0.0182957 0.0190309 0.0183059 
0.0211309 0.0178585 0.018176 0.0192833 0.0173832 0.0116218 0.00418928 -0.00158565 -0.0033326 -0.00112128 0.0028673 0.0060321 0.006805 0.00523642 0.00270024 0.000983057 0.00133808 0.00380346 0.00735573 0.0111368 0.0151258 0.0192297 0.0223952 0.0232332 0.0216212 0.0197001 0.0204855 0.0242961 0.0273513 0.0258845 
0.0196485 0.0117972 0.00750179 0.0065727 0.00595616 0.00337623 -0.000766757 -0.00398022 -0.00386392 -0.00030661 0.00430077 0.00704606 0.00663109 0.00382175 0.000441811 -0.00175707 -0.00178359 0.000241666 0.00336724 0.00667254 0.00956288 0.0113269 0.0112807 0.00964362 0.00798731 0.00881357 0.0139667 0.0220186 0.0278125 0.0267562 
0.0188093 0.00719131 -0.00194568 -0.00545604 -0.00467921 -0.00315121 -0.0028589 -0.00290846 -0.00131665 0.00241148 0.00641207 0.00807559 0.00639725 0.00245664 -0.00185704 -0.00491175 -0.00584258 -0.00483697 -0.00280144 -0.000769512 8.48154e-05 -0.00144657 -0.00529909 -0.00909069 -0.00937105 -0.00398943 0.00655767 0.0187398 0.0269848 0.02696 
0.0191538 0.00586387 -0.00648858 -0.0119216 -0.00974334 -0.00414285 0.00052113 0.00290448 0.00407599 0.00526914 0.00628466 0.00581491 0.00314495 -0.00110545 -0.00566214 -0.00921038 -0.0108856 -0.0107679 -0.00961887 -0.00847147 -0.00894539 -0.0127811 -0.0194024 -0.0244475 -0.0226776 -0.0126551 0.00225941 0.0166622 0.0258274 0.0268321 
0.0202858 0.00836773 -0.00397773 -0.00952396 -0.00584375 0.00312332 0.0111343 0.0142285 0.0123 0.00778807 0.00315332 -0.000748505 -0.00432959 -0.00811025 -0.0120004 -0.0151905 -0.0167984 -0.0166621 -0.0152122 -0.0132602 -0.0126812 -0.0159506 -0.0228594 -0.0281893 -0.0254125 -0.0133799 0.00258921 0.0161695 0.024289 0.0259746 
0.0245713 0.0153431 0.00490741 -9.15299e-05 0.00398252 0.0144175 0.0240915 0.0267502 0.0210576 0.0104264 -0.000242459 -0.00787106 -0.0124024 -0.0154797 -0.0182756 -0.0206122 -0.0216758 -0.0209218 -0.0181765 -0.0138493 -0.00999685 -0.00997773 -0.0147025 -0.0193694 -0.0168504 -0.00538597 0.00944162 0.0210159 0.0271857 0.0285206 
0.0338314 0.0254519 0.0158007 0.0096901 0.0114431 0.0202985 0.0297077 0.0323569 0.0256558 0.0125711 -0.00126773 -0.0113111 -0.0165652 -0.0189455 -0.0205634 -0.0221029 -0.0229978 -0.0221194 -0.0184221 -0.0119237 -0.00487586 -0.0011776 -0.00263902 -0.00549084 -0.00278415 0.00836489 0.023339 0.0348523 0.0396034 0.0387512 
0.0459195 0.0357856 0.0247771 0.0154625 0.0122966 0.0165954 0.023811 0.0273385 0.0234873 0.0129607 -0.000113597 -0.0107327 -0.0163576 -0.0180096 -0.0183272 -0.0191646 -0.0204033 -0.0202354 -0.0167822 -0.00995114 -0.00207942 0.00341311 0.00499855 0.00541227 0.0103965 0.0234372 0.0410778 0.0548612 0.0589492 0.0544769 
0.0552312 0.0435571 0.0310978 0.0183923 0.00950598 0.00742066 0.0104975 0.0144576 0.0151292 0.0100465 0.000320087 -0.00951866 -0.0151864 -0.016065 -0.0149191 -0.0147906 -0.0161 -0.0165565 -0.0138876 -0.00828917 -0.00198749 0.00306149 0.00671981 0.0109144 0.0193361 0.0349749 0.0551051 0.0706302 0.0740592 0.0666863 
0.056396 0.0466782 0.0350504 0.0206618 0.00701978 -0.00185487 -0.00456066 -0.00208979 0.00194815 0.0023895 -0.00302829 -0.011052 -0.0162303 -0.0163061 -0.0137223 -0.0122389 -0.0127469 -0.0128708 -0.0104294 -0.00608075 -0.00186539 0.00174508 0.00600956 0.0122485 0.0221497 0.0376652 0.0565902 0.0707318 0.0733344 0.0662882 
0.0502125 0.0455112 0.0363947 0.0220049 0.00574382 -0.00824388 -0.0165397 -0.0169568 -0.0116204 -0.00712149 -0.00849492 -0.0142367 -0.0186856 -0.018412 -0.0151342 -0.0126652 -0.0121885 -0.0115243 -0.00871048 -0.00460878 -0.00107235 0.00205908 0.00640028 0.0125555 0.0207261 0.0319921 0.0451398 0.0547916 0.0569997 0.0540257 
0.0448421 0.0438562 0.0353044 0.020804 0.00478082 -0.0097529 -0.0197648 -0.0216324 -0.0161017 -0.00985835 -0.0092065 -0.0139677 -0.0188351 -0.0196985 -0.0174256 -0.0155036 -0.0152428 -0.014643 -0.0116728 -0.00679412 -0.00148873 0.00418959 0.0109741 0.0181527 0.0242496 0.0292653 0.033704 0.03697 0.0391672 0.0418974 
0.0465904 0.0452525 0.0332995 0.0172599 0.00394918 -0.0055202 -0.0111558 -0.0109117 -0.00555279 -0.000796219 -0.00194398 -0.00868864 -0.0159826 -0.0194762 -0.0195446 -0.0195133 -0.020807 -0.021427 -0.0188581 -0.0125632 -0.00328285 0.00843242 0.021714 0.0338141 0.0406536 0.0401463 0.0347065 0.0301367 0.0316356 0.0392758 
0.0518695 0.0494655 0.0338214 0.0162624 0.00644066 0.00420265 0.00583123 0.00976116 0.0137509 0.0136255 0.0070264 -0.00401645 -0.0143691 -0.0200414 -0.0217397 -0.0231374 -0.0258429 -0.0276829 -0.0254799 -0.0176009 -0.00393684 0.0146027 0.0355941 0.0541887 0.0634761 0.058743 0.0437227 0.0305738 0.0301028 0.0413213 
0.0525936 0.0537362 0.039908 0.0237979 0.0165823 0.0183714 0.0238479 0.0287494 0.0293385 0.0228144 0.00993558 -0.00505296 -0.0168424 -0.0224748 -0.0237447 -0.0249107 -0.0276389 -0.0294687 -0.0267724 -0.017469 -0.00118274 0.0209417 0.045643 0.066998 0.0767536 0.0686859 0.0467796 0.0267547 0.0237105 0.0374384 
0.0452814 0.054045 0.0478806 0.0369208 0.0315149 0.0327435 0.0363748 0.0382293 0.0344927 0.0231762 0.00659457 -0.0097853 -0.0208069 -0.0247864 -0.0245503 -0.0244701 -0.0259069 -0.0261758 -0.0217336 -0.0111093 0.00529135 0.0260484 0.0481588 0.0663278 0.0732492 0.0631073 0.0390903 0.0162624 0.0109472 0.0253446 
0.032528 0.0465412 0.0478954 0.0433705 0.0407818 0.0409398 0.0410023 0.0386324 0.0316678 0.0189184 0.00251467 -0.0126057 -0.0219933 -0.024744 -0.0237513 -0.0226447 -0.0222021 -0.01986 -0.0128737 -0.00125619 0.013139 0.0288386 0.0442683 0.0560562 0.0589094 0.0483162 0.0263694 0.00497797 -0.00135299 0.0114224 
0.0233578 0.0357182 0.0386854 0.0384799 0.0403401 0.0425608 0.0416182 0.0367447 0.028448 0.0169343 0.00333864 -0.00934032 -0.0177998 -0.0210446 -0.0208922 -0.0196475 -0.0175175 -0.0125409 -0.00346565 0.00785083 0.0184262 0.0276189 0.0361741 0.0426185 0.0426483 0.0325817 0.0144629 -0.00215281 -0.0061683 0.00527465 
0.0361442 0.0421034 0.0394743 0.0379471 0.0418853 0.0462568 0.04541 0.0393307 0.0309498 0.0218184 0.0118207 0.00147235 -0.00721852 -0.0125624 -0.0146629 -0.0143553 -0.0114032 -0.00474304 0.00501807 0.014354 0.0201058 0.0234149 0.0274078 0.0313797 0.0303161 0.020917 0.00719464 -0.000965197 0.00404253 0.0201163 
0.0931832 0.0923092 0.0769738 0.0640812 0.0605423 0.0598638 0.0550358 0.0464857 0.0382105 0.0318284 0.0255582 0.0173836 0.00793806 -0.000305531 -0.00554437 -0.00709943 -0.00436381 0.00277794 0.0120164 0.0187569 0.0204073 0.0198783 0.0217045 0.0249302 0.0236238 0.0157383 0.00904872 0.015687 0.0400415 0.0720601 
0.199761 0.191302 0.154819 0.118145 0.0951391 0.0804654 0.0664355 0.053164 0.0441988 0.0401314 0.037394 0.031557 0.0215979 0.0104449 0.0018303 -0.00195285 -3.4822e-05 0.00677048 0.0149892 0.0197185 0.0190994 0.0169051 0.0178216 0.0205842 0.0199228 0.016809 0.0233449 0.0535741 0.108005 0.166706 
0.322165 0.302548 0.239199 0.173001 0.127174 0.0979404 0.0752328 0.0569247 0.0455118 0.0413922 0.0405344 0.0367451 0.0269253 0.0136804 0.00230353 -0.00339699 -0.00244534 0.00354569 0.0106414 0.0142924 0.0132159 0.0111536 0.0122453 0.0154249 0.0175536 0.0233152 0.0480224 0.105822 0.192486 0.278377 
