0.4135 0.392562 0.301297 0.196129 0.118764 0.074641 0.0489401 0.0268761 0.00306733 -0.0175855 -0.0268303 -0.0232422 -0.0144871 -0.00922968 -0.00950103 -0.011749 -0.0125534 -0.0115245 -0.00983737 -0.00749498 -0.00300149 0.00332823 0.00688526 0.00324104 -0.00349117 0.00105271 0.0346923 0.11032 0.224832 0.344951 
0.362916 0.345457 0.261282 0.162714 0.0905828 0.0514748 0.0318934 0.0172873 0.000824404 -0.0145577 -0.0211284 -0.0163151 -0.00667843 -0.0010558 -0.00215675 -0.00627804 -0.00902515 -0.00918083 -0.00789566 -0.00585133 -0.0020686 0.00371722 0.00808396 0.00647423 0.000698652 0.0023534 0.0280229 0.0910997 0.190851 0.298863 
0.271326 0.263046 0.199908 0.122296 0.0641637 0.0329057 0.0190575 0.0105989 0.000273478 -0.0107964 -0.015766 -0.0111708 -0.00199509 0.00358439 0.00234611 -0.00257316 -0.0065568 -0.00766921 -0.00661433 -0.00427391 -9.15522e-05 0.00631544 0.0120027 0.0118904 0.00552471 0.00159433 0.0146118 0.0573705 0.131557 0.216628 
0.183473 0.187914 0.150057 0.0956366 0.0503422 0.0234141 0.0112026 0.00529703 -0.00146325 -0.00968162 -0.0139034 -0.01036 -0.0023849 0.00312779 0.00275406 -0.00138442 -0.00515746 -0.0062465 -0.00482304 -0.00175533 0.00313776 0.0100673 0.0161879 0.0161283 0.00826834 -0.000647155 0.0014183 0.0252775 0.0743216 0.136643 
0.123266 0.137685 0.119558 0.0822114 0.0445813 0.0182403 0.00510299 -7.455e-05 -0.00448784 -0.0105161 -0.0144183 -0.0124223 -0.00610727 -0.000667244 0.000585576 -0.0013929 -0.00350648 -0.00357945 -0.00146366 0.00205843 0.00690836 0.0131017 0.0179936 0.0167075 0.00790463 -0.00252405 -0.00528372 0.00708334 0.0380916 0.082814 
0.0865616 0.103866 0.0966074 0.0700726 0.0379346 0.0126234 -0.000408989 -0.00421344 -0.00610142 -0.0101106 -0.0140994 -0.0141223 -0.00986349 -0.00472024 -0.00174991 -0.00111986 -0.00104918 5.64586e-05 0.00246239 0.00561422 0.00941105 0.0138167 0.0166382 0.0141054 0.00591638 -0.0024503 -0.00448595 0.00332621 0.0230875 0.0541169 
0.0601672 0.0740019 0.0714977 0.0536288 0.0288776 0.00770334 -0.00319374 -0.00493627 -0.0043679 -0.0067672 -0.0112804 -0.0135927 -0.0116124 -0.00717928 -0.00311321 -0.000540561 0.00106815 0.00266301 0.00465939 0.00692152 0.00952735 0.012493 0.01406 0.0113884 0.00494967 -0.000170924 0.000387965 0.00687513 0.019218 0.0383572 
0.0390945 0.0472063 0.0475964 0.0389117 0.0238176 0.00848818 -0.000383664 -0.001325 0.000432774 -0.00106152 -0.00618063 -0.0105528 -0.0108311 -0.00763715 -0.00352184 -0.000298097 0.00163297 0.00284954 0.00411964 0.00583149 0.00825475 0.0113635 0.0134319 0.0117573 0.00689582 0.0037371 0.00580909 0.0115872 0.0188315 0.0281419 
0.0274829 0.0314948 0.0346711 0.0344415 0.0282096 0.0173583 0.00812769 0.00520726 0.00617491 0.00509204 4.73641e-05 -0.00548505 -0.0076932 -0.00615011 -0.00290561 -0.000140049 0.00116681 0.00155699 0.00233354 0.00436824 0.00791661 0.0126035 0.016265 0.0157275 0.0112889 0.00806874 0.0100245 0.015348 0.0202157 0.0238341 
0.0293711 0.0320454 0.0365207 0.0405826 0.0391176 0.029949 0.0182047 0.0111699 0.00985829 0.00922522 0.00557956 0.000345479 -0.00303818 -0.0031095 -0.00106619 0.000836554 0.00127643 0.000945782 0.00170487 0.00472896 0.00992817 0.0162531 0.0210147 0.0207247 0.0155965 0.0111616 0.0123235 0.0180135 0.0238235 0.0273428 
0.0407914 0.0433332 0.0458779 0.0484365 0.0470657 0.0380331 0.0242436 0.0134884 0.00974544 0.00979935 0.00864656 0.00509224 0.00152078 0.000305631 0.00135508 0.00260289 0.00251466 0.00189196 0.0029612 0.00696978 0.0132816 0.0201311 0.0246904 0.0238225 0.0178977 0.0124655 0.0130654 0.0198403 0.0288173 0.0362623 
0.0507544 0.0524541 0.0506833 0.0483332 0.0447941 0.0364877 0.0234309 0.0115683 0.00639918 0.00707711 0.00846971 0.0071844 0.00420916 0.00243467 0.00285092 0.00379982 0.00363062 0.00305758 0.00436412 0.00874778 0.0151728 0.021482 0.025226 0.0241424 0.0186769 0.0135408 0.0140335 0.0213783 0.0326945 0.0437022 
0.0509586 0.0509523 0.0454045 0.0388041 0.0334344 0.0268128 0.0167547 0.00634464 0.000992499 0.00195095 0.0050927 0.00589625 0.00401281 0.00227819 0.00240388 0.00322877 0.00311142 0.00253803 0.0036301 0.00759213 0.0133808 0.0188915 0.0223495 0.0224941 0.0195671 0.0165393 0.0173099 0.0234885 0.0336137 0.0442048 
0.0432591 0.0419523 0.0350912 0.0266745 0.020122 0.0144672 0.00710852 -0.00106674 -0.00582584 -0.00483106 -0.000788032 0.00172636 0.00136873 0.000370577 0.000586698 0.0012855 0.00101764 9.65963e-05 0.0004489 0.00341701 0.00829654 0.0133178 0.0173676 0.02005 0.0212756 0.02184 0.023308 0.0268204 0.0324829 0.0389988 
0.0353154 0.0340577 0.0279202 0.0191317 0.0110489 0.00443384 -0.00210683 -0.00863312 -0.0125271 -0.0115278 -0.00714481 -0.00328937 -0.00185039 -0.00154396 -0.000908843 -0.00038116 -0.00103297 -0.00256421 -0.00320168 -0.00141386 0.00256979 0.00737633 0.0123358 0.0176503 0.0230355 0.0274464 0.0299897 0.0308193 0.0314602 0.0333409 
0.0304598 0.0304503 0.0259284 0.0172888 0.00761548 -0.000739938 -0.00752292 -0.0130019 -0.016096 -0.0152531 -0.0111284 -0.00659323 -0.00364193 -0.00197526 -0.000821519 -0.000465093 -0.00153375 -0.00364215 -0.00516725 -0.0044695 -0.00137047 0.00309968 0.00849323 0.0153292 0.0233533 0.03051 0.0341229 0.0333023 0.03047 0.0293209 
0.0249039 0.0267273 0.0245536 0.0173519 0.00785789 -0.00071344 -0.00710399 -0.0116709 -0.0144 -0.0143304 -0.0113725 -0.00721736 -0.00360812 -0.00101783 0.000572133 0.000833788 -0.00054161 -0.00307642 -0.00529294 -0.00557712 -0.00351857 0.000144805 0.00514276 0.0121351 0.0209528 0.0291912 0.0332582 0.0314822 0.026595 0.0237357 
0.0152903 0.0190934 0.0202746 0.0165993 0.00996939 0.00344732 -0.00155237 -0.00545443 -0.00861553 -0.010148 -0.00921276 -0.00639139 -0.00298222 5.11482e-05 0.00201861 0.00231177 0.000701668 -0.00226234 -0.00518073 -0.00653062 -0.00579405 -0.00337896 0.000738411 0.00725841 0.0158643 0.0239259 0.0275529 0.0247739 0.0183399 0.0141169 
0.00595488 0.0112878 0.0158908 0.0164954 0.0136765 0.00966005 0.00566246 0.0014931 -0.0028741 -0.00626139 -0.00732642 -0.00590233 -0.00286852 0.000522743 0.00295953 0.00341185 0.00156147 -0.00198331 -0.00583049 -0.00851095 -0.00933507 -0.0082243 -0.00475175 0.00166462 0.0101797 0.0177799 0.0206972 0.0172386 0.0100636 0.00498804 
0.00527497 0.0105347 0.0164593 0.0193132 0.0183457 0.0148185 0.009911 0.00419993 -0.00150414 -0.00581581 -0.00754334 -0.00640936 -0.00308773 0.000997534 0.00407806 0.00477812 0.00270008 -0.00150627 -0.00647521 -0.0107252 -0.0131898 -0.0131037 -0.00964715 -0.00257722 0.00650591 0.0142488 0.017434 0.0150398 0.00926411 0.00473277 
0.0157945 0.0185619 0.0222973 0.0238228 0.0215617 0.0159528 0.00835479 0.000495701 -0.00579938 -0.00930324 -0.00972066 -0.00732229 -0.00283795 0.00224839 0.00598856 0.00691849 0.00468544 -6.41922e-05 -0.0060975 -0.0119107 -0.0159198 -0.0166052 -0.0128783 -0.00495945 0.00494382 0.0135643 0.0186581 0.0198908 0.0182949 0.0160352 
0.0309741 0.0294572 0.0282232 0.0257755 0.0204775 0.0120419 0.00180486 -0.00752149 -0.0132554 -0.0145667 -0.0123849 -0.00786795 -0.00195759 0.00394767 0.00804072 0.00904336 0.00674103 0.00170296 -0.00507825 -0.0121259 -0.0174063 -0.0188337 -0.0152515 -0.00726573 0.0027877 0.0123127 0.0202575 0.0267117 0.0310173 0.0321787 
0.0412393 0.0352012 0.0282858 0.0214315 0.0137001 0.00407511 -0.00676925 -0.015874 -0.0200945 -0.0189054 -0.0141829 -0.00786531 -0.00109475 0.00496853 0.00890416 0.00975757 0.00743083 0.0023457 -0.00477007 -0.0125148 -0.0186299 -0.0208322 -0.0181052 -0.0112252 -0.00212647 0.00761353 0.0179467 0.0290582 0.0387565 0.043256 
0.041225 0.0316791 0.0202863 0.0104254 0.0022677 -0.00589244 -0.0146191 -0.0215803 -0.0237067 -0.0205637 -0.0143415 -0.0073179 -0.000673599 0.00478638 0.00812219 0.00866224 0.0063076 0.00130176 -0.00581737 -0.0137248 -0.0201731 -0.0230173 -0.0214878 -0.0162865 -0.00866109 0.000663905 0.0119961 0.0253136 0.0377177 0.0439927 
0.0316965 0.0203825 0.00695381 -0.00362898 -0.010221 -0.0149842 -0.0197097 -0.0231933 -0.0230168 -0.0188023 -0.0124413 -0.00596057 -0.000324871 0.00404572 0.00660926 0.00681634 0.00443435 -0.000456427 -0.00739134 -0.0150926 -0.0214706 -0.0246723 -0.0241095 -0.0202142 -0.0136164 -0.00480074 0.00602854 0.0184062 0.0297984 0.0353741 
0.0170753 0.00621788 -0.00627086 -0.015253 -0.0191648 -0.0202191 -0.0207924 -0.0207087 -0.0185709 -0.0142125 -0.00887607 -0.00384229 0.000365417 0.00361654 0.00554778 0.00555857 0.00321729 -0.00152089 -0.00818864 -0.0155391 -0.0216846 -0.0250229 -0.0249592 -0.0215682 -0.0151925 -0.00676253 0.00239634 0.011318 0.0186617 0.0215019 
0.00228906 -0.00598973 -0.015091 -0.0209824 -0.0222523 -0.0207411 -0.0185775 -0.0160909 -0.0128508 -0.00902607 -0.00521814 -0.00182649 0.00111928 0.00361685 0.00526294 0.00531277 0.00315283 -0.00135635 -0.00773995 -0.0147943 -0.0208103 -0.0243022 -0.0244872 -0.0211103 -0.0145798 -0.00663228 0.00025041 0.00476787 0.00704091 0.00666292 
-0.0094448 -0.0141742 -0.0191396 -0.0219455 -0.0215127 -0.0190097 -0.0158462 -0.0123948 -0.00883359 -0.00562789 -0.0030063 -0.000750598 0.00147566 0.00370139 0.00540371 0.00569463 0.00382436 -0.000424953 -0.0065853 -0.0135011 -0.0196046 -0.0234438 -0.0239954 -0.0207532 -0.0143232 -0.00714214 -0.00243761 -0.0016081 -0.00337355 -0.00601909 
-0.0173598 -0.0192556 -0.0212246 -0.0221616 -0.0210731 -0.0183811 -0.0149004 -0.0110362 -0.00729243 -0.00428551 -0.00211795 -0.000310907 0.00167484 0.0039089 0.00579643 0.00634451 0.00469936 0.000593016 -0.00548054 -0.012375 -0.0186457 -0.0229194 -0.0240471 -0.0213654 -0.015575 -0.00940816 -0.00630422 -0.00759975 -0.0114652 -0.0150632 
-0.0223129 -0.0231141 -0.0239789 -0.0243276 -0.0229716 -0.0197754 -0.0154306 -0.0107171 -0.00645104 -0.00326154 -0.00113509 0.000543251 0.00244451 0.0047018 0.00668846 0.00732851 0.00569726 0.00153657 -0.00455843 -0.0113834 -0.0176111 -0.0220659 -0.0236971 -0.0218453 -0.0171834 -0.0122941 -0.0103184 -0.0124015 -0.0167589 -0.0205014 
-0.0255863 -0.0267793 -0.0277946 -0.0280028 -0.0260682 -0.0216684 -0.015742 -0.00967556 -0.00466322 -0.00127734 0.00074048 0.00223264 0.00401251 0.00623636 0.00820509 0.0087635 0.00697462 0.00266634 -0.0034053 -0.00993598 -0.0157106 -0.0198481 -0.0216239 -0.0206191 -0.0174846 -0.0143099 -0.0134662 -0.0157355 -0.0197791 -0.0234381 
-0.0281401 -0.0301388 -0.0314497 -0.0312529 -0.0283664 -0.0226303 -0.0152643 -0.00807065 -0.00249408 0.000944942 0.00274143 0.00399804 0.00567299 0.00789084 0.00982928 0.0102661 0.00831632 0.0039519 -0.0018978 -0.00784597 -0.0128053 -0.0162325 -0.0178603 -0.0176954 -0.0164286 -0.0154557 -0.0160438 -0.0184475 -0.0219277 -0.0254004 
-0.0301838 -0.0324119 -0.0335576 -0.0327016 -0.0290079 -0.0226273 -0.0148702 -0.0074797 -0.00181322 0.00163348 0.00336838 0.00457755 0.00630021 0.0086311 0.0106492 0.0110899 0.00913941 0.00492766 -0.000458148 -0.00560343 -0.00960134 -0.0122631 -0.0137822 -0.0145979 -0.0154295 -0.0169267 -0.0191702 -0.0217943 -0.0245644 -0.0274351 
-0.0312123 -0.0327567 -0.0333207 -0.0319173 -0.0279716 -0.0219206 -0.0150114 -0.00853801 -0.00341285 -5.80768e-05 0.00182892 0.00326239 0.0052411 0.00785594 0.0101593 0.0108599 0.00917407 0.00535457 0.000628797 -0.0036 -0.00666142 -0.00873836 -0.0104194 -0.0124456 -0.0154665 -0.0194256 -0.0233339 -0.0261757 -0.0279715 -0.0295064 
-0.0305514 -0.0308119 -0.030642 -0.0289142 -0.0251368 -0.0199898 -0.014672 -0.00993374 -0.00605503 -0.00323263 -0.00134815 0.000342794 0.00269003 0.00575355 0.00858637 0.00986204 0.00876028 0.00558975 0.00169164 -0.00154389 -0.00369537 -0.0053307 -0.00738281 -0.0107566 -0.0159166 -0.0221505 -0.027564 -0.0305179 -0.0310796 -0.0306817 
-0.0280416 -0.027041 -0.0262251 -0.0242906 -0.0207456 -0.0164867 -0.0127678 -0.00997917 -0.00785833 -0.00624822 -0.00496215 -0.00336018 -0.000741683 0.00284712 0.0064014 0.00852374 0.0083097 0.00605481 0.00316639 0.00103307 -0.000142225 -0.00131442 -0.00374478 -0.00840393 -0.0154623 -0.0235777 -0.0301254 -0.0330013 -0.0323088 -0.0300038 
-0.024402 -0.0227317 -0.0216121 -0.0196364 -0.0162837 -0.0125675 -0.00986684 -0.00854199 -0.00812927 -0.00815673 -0.00809726 -0.00710297 -0.0044901 -0.000455489 0.00384572 0.00690288 0.00772357 0.00655777 0.00482548 0.00390657 0.00381002 0.00318844 0.000465218 -0.00527236 -0.0137413 -0.0229897 -0.0299583 -0.0324698 -0.0308448 -0.0273865 
-0.0206653 -0.019214 -0.0183658 -0.0167116 -0.0136374 -0.0101147 -0.00766472 -0.00691712 -0.00758487 -0.0090612 -0.0103919 -0.0103121 -0.00799776 -0.00375971 0.00106885 0.00486938 0.00661074 0.0065137 0.00597021 0.00631146 0.00733439 0.0072799 0.00429455 -0.00228518 -0.0114897 -0.0207992 -0.0271773 -0.0289611 -0.0269386 -0.0234733 
-0.0169452 -0.0165257 -0.0165395 -0.01562 -0.0130032 -0.00953687 -0.00689429 -0.00607714 -0.0071137 -0.00941002 -0.0117229 -0.0124395 -0.0105638 -0.00643429 -0.00146967 0.00269777 0.00507598 0.00587609 0.00642074 0.00794018 0.00999772 0.0104348 0.00718614 3.59416e-06 -0.00927458 -0.0176233 -0.0224468 -0.0231109 -0.0210861 -0.0185538 
-0.0121174 -0.0130208 -0.0140785 -0.0140274 -0.012027 -0.00885249 -0.00629491 -0.00554882 -0.00674957 -0.00931503 -0.0119738 -0.0130725 -0.0115754 -0.00777773 -0.00301546 0.00120288 0.0039629 0.00542766 0.00680146 0.00920923 0.012057 0.0129145 0.00957386 0.00216381 -0.00669441 -0.0135548 -0.0163514 -0.0155899 -0.0135302 -0.0121713 
-0.00511181 -0.0067751 -0.0082997 -0.00876927 -0.00752743 -0.00533801 -0.00390279 -0.00418306 -0.00600766 -0.00870983 -0.0112613 -0.012341 -0.0110687 -0.00765292 -0.00320002 0.000979167 0.00399006 0.00585164 0.00762396 0.0104135 0.0136892 0.015015 0.0120861 0.00508341 -0.0030234 -0.00848998 -0.00948405 -0.0072708 -0.00481559 -0.00412596 
0.0037625 0.00255797 0.00167003 0.00127032 0.00152545 0.00177229 0.000795836 -0.00167013 -0.00481182 -0.00781357 -0.0101071 -0.0109973 -0.00988925 -0.00684313 -0.00264774 0.0015559 0.00477164 0.00677867 0.00849136 0.0111112 0.0144355 0.0163391 0.014449 0.00855643 0.00141299 -0.00307602 -0.00289338 0.000515829 0.00375118 0.00465866 
0.0127256 0.0130373 0.0136328 0.0136799 0.0127332 0.0104386 0.00641315 0.0012811 -0.00345298 -0.00684278 -0.0088898 -0.00967036 -0.00889627 -0.00637569 -0.00251054 0.00169603 0.00507902 0.00712017 0.00853121 0.0106055 0.0136251 0.016034 0.0154772 0.0111036 0.00507392 0.00131659 0.0022213 0.00651791 0.010689 0.0125099 
0.0189695 0.0210332 0.0233192 0.0240582 0.0222407 0.017868 0.0113783 0.00412943 -0.00184045 -0.0054678 -0.00728676 -0.00814598 -0.00803907 -0.0064402 -0.00327808 0.00066555 0.00413229 0.00628011 0.0074476 0.00884858 0.0112488 0.0138313 0.0144519 0.0116715 0.00693497 0.00398459 0.00541347 0.0101447 0.0148257 0.0174568 
0.0196135 0.0231976 0.0273447 0.0295112 0.0280741 0.0230814 0.0154514 0.00704843 0.000385062 -0.00326145 -0.00481961 -0.00584575 -0.00663532 -0.00635021 -0.00437502 -0.00108735 0.00234106 0.00474248 0.00587446 0.00664193 0.0082113 0.0106014 0.0121067 0.0108823 0.00757593 0.00541337 0.00686553 0.0110007 0.0149531 0.0173905 
0.0137881 0.0190951 0.0259079 0.0307991 0.031239 0.0269088 0.0189977 0.00994651 0.00287238 -0.000652366 -0.0018639 -0.00295981 -0.00458409 -0.00568908 -0.00511688 -0.00270678 0.000603745 0.00334764 0.00459679 0.00480894 0.00546104 0.00742332 0.00958107 0.00981756 0.00784249 0.00600169 0.00642508 0.00848047 0.0101956 0.0113249 
0.00368779 0.0114332 0.0219482 0.0305122 0.0333134 0.0296006 0.021193 0.0115191 0.00431164 0.00117644 0.000465175 -0.00055224 -0.00279651 -0.00506414 -0.00572811 -0.0041194 -0.000935323 0.0021044 0.00346318 0.00317997 0.00295516 0.00439198 0.00698014 0.008434 0.00746813 0.00531748 0.00372362 0.00264931 0.00134659 0.000813099 
-0.00753973 0.00293918 0.0174049 0.0294792 0.0338767 0.0297444 0.0202466 0.010214 0.00365189 0.00154438 0.00156444 0.000638124 -0.00217279 -0.00541849 -0.00707616 -0.00612428 -0.00313741 -2.43418e-05 0.00131162 0.000670935 -0.000135304 0.000920465 0.00376998 0.00609674 0.00582761 0.00312698 -0.000655542 -0.0048688 -0.00902784 -0.0110295 
-0.018052 -0.00563126 0.0119272 0.0266165 0.0317646 0.0266494 0.0160786 0.0063538 0.0013764 0.000973439 0.00192128 0.000962389 -0.00259398 -0.00690042 -0.00955946 -0.00933665 -0.00679092 -0.00392374 -0.00271309 -0.00339274 -0.00420481 -0.00312303 -3.0753e-05 0.00291929 0.00332126 0.000524735 -0.00466283 -0.0112737 -0.0179273 -0.0215637 
-0.0265328 -0.0137456 0.00553814 0.0221382 0.0281785 0.022713 0.0116125 0.00240862 -0.000958404 0.00034877 0.0022404 0.00124235 -0.00311797 -0.00860597 -0.0124509 -0.0132077 -0.0113884 -0.00896532 -0.00781632 -0.00815583 -0.00847717 -0.00707079 -0.00374311 -0.000193154 0.00134057 -0.000390973 -0.00552559 -0.0135328 -0.0226132 -0.0286966 
-0.0311614 -0.0198026 -8.18623e-05 0.0182293 0.0260259 0.0213079 0.00999289 0.000589749 -0.00226618 5.21859e-05 0.00284133 0.00216963 -0.00261107 -0.00913458 -0.014257 -0.0161619 -0.0151574 -0.0131113 -0.0118193 -0.0115889 -0.0113356 -0.00976763 -0.00648304 -0.00233371 0.001054 0.00193049 -0.00131435 -0.00946646 -0.0208583 -0.0303436 
-0.0307102 -0.0225904 -0.00370166 0.015995 0.025957 0.0225497 0.0111145 0.000900214 -0.00235592 0.000429868 0.00423839 0.00445424 -0.000190128 -0.00747543 -0.0138306 -0.0168443 -0.0164957 -0.014592 -0.0129442 -0.0120266 -0.0112684 -0.00989601 -0.00723894 -0.0029446 0.0024943 0.00712626 0.007585 0.000966713 -0.0119899 -0.0253892 
-0.0249574 -0.0217104 -0.0053029 0.0144198 0.0256529 0.0234498 0.0125717 0.00236807 -0.000909259 0.00234523 0.00716155 0.00838174 0.00402747 -0.00391417 -0.0114071 -0.0153732 -0.0154971 -0.0136189 -0.0115287 -0.00970834 -0.00811374 -0.00684161 -0.00532369 -0.00189315 0.00476908 0.0132921 0.0188033 0.0157083 0.0027646 -0.0141947 
-0.0138354 -0.0165183 -0.00462387 0.0127169 0.0234772 0.022416 0.0137115 0.00550292 0.00315844 0.0065578 0.0114538 0.0128519 0.00840095 -0.000164965 -0.0085813 -0.0133549 -0.014013 -0.0123833 -0.0099687 -0.00692457 -0.00371339 -0.00180313 -0.00139142 0.000330336 0.00707758 0.0190064 0.0303307 0.0325344 0.0215278 0.00224327 
0.00134828 -0.0076033 -0.00188917 0.0110529 0.0203788 0.0212229 0.0165808 0.0119405 0.010613 0.0127293 0.0156983 0.0157286 0.0106188 0.00168521 -0.00717207 -0.0125571 -0.0139611 -0.0129847 -0.010507 -0.00608997 -0.000650435 0.00273364 0.00268717 0.00287125 0.00944494 0.0244606 0.0416882 0.0499279 0.0421067 0.0218675 
0.0162746 0.00135805 0.000652628 0.00919779 0.0179658 0.0220826 0.0224492 0.0213515 0.0199702 0.0189521 0.0179961 0.0152949 0.00923099 0.000505848 -0.00796942 -0.0134386 -0.0154819 -0.0152985 -0.0129846 -0.0074384 0.000127441 0.00529521 0.00562405 0.00530254 0.0122444 0.0299242 0.0519894 0.0654437 0.0608343 0.0403903 
0.0269818 0.00711123 0.00124122 0.00694867 0.0166491 0.0246138 0.0292036 0.030138 0.0273908 0.0223821 0.0169573 0.0113107 0.00456021 -0.0031967 -0.0102936 -0.0149723 -0.0170764 -0.0173973 -0.0152951 -0.00905879 4.3114e-05 0.0067747 0.00793075 0.00779599 0.0150002 0.0337908 0.0583601 0.0753756 0.0737355 0.0537721 
0.0354475 0.0118426 0.00175758 0.00512078 0.0155023 0.0261324 0.0330362 0.0342914 0.0296643 0.0214131 0.0127927 0.00531367 -0.00136104 -0.0075454 -0.0126311 -0.0158978 -0.0175469 -0.0179924 -0.0159512 -0.00920322 0.00106292 0.00907883 0.0108782 0.0103309 0.0161361 0.0333943 0.0580868 0.0780351 0.0806858 0.0632457 
0.0481293 0.0209525 0.0054198 0.00423618 0.0127593 0.0238998 0.0317059 0.0328042 0.0270037 0.0172536 0.00748476 -0.000254361 -0.00609226 -0.0106012 -0.013861 -0.0159091 -0.0171623 -0.0176051 -0.0153892 -0.00792181 0.00364092 0.0129043 0.0147732 0.0122979 0.014376 0.027871 0.0518752 0.0762422 0.086498 0.0749911 
0.0678301 0.035944 0.0123435 0.00334686 0.00709157 0.0171048 0.0256772 0.0275001 0.0219546 0.0123846 0.00300943 -0.00396278 -0.00864088 -0.0118282 -0.0140082 -0.015549 -0.0167902 -0.0172544 -0.0146694 -0.00621662 0.00690237 0.0174865 0.0189232 0.013299 0.0103018 0.0195092 0.0437099 0.0748003 0.0957741 0.0928448 
0.0900598 0.0526306 0.0197292 0.0015551 -0.000708357 0.0075401 0.017135 0.0205741 0.0163474 0.00791755 -0.000387124 -0.00630979 -0.00992972 -0.0122182 -0.013876 -0.0152842 -0.0165519 -0.0168901 -0.0138248 -0.0043955 0.010202 0.0220003 0.0227963 0.0137892 0.00589643 0.0116565 0.0371057 0.0756283 0.107677 0.113477 
0.108487 0.0664714 0.0258331 4.76619e-05 -0.00741639 -0.0010626 0.00904079 0.0136996 0.010623 0.00336818 -0.00377567 -0.00873034 -0.0115476 -0.0131347 -0.0141908 -0.0150532 -0.015792 -0.0156458 -0.0121437 -0.00215149 0.0133415 0.0259264 0.0260881 0.0142142 0.00234381 0.00549601 0.0320466 0.0764044 0.117313 0.130402 
0.12221 0.0781308 0.0328833 0.0024918 -0.00840271 -0.004001 0.0052324 0.009285 0.00567877 -0.0015476 -0.00806 -0.0122927 -0.0145139 -0.0153749 -0.0153412 -0.014832 -0.0142818 -0.0133415 -0.0096931 5.668e-05 0.0154289 0.0281377 0.0278591 0.014061 -0.000798023 -4.77428e-05 0.0264128 0.074176 0.121624 0.141338 
0.138803 0.0957099 0.0481645 0.0150005 0.00166403 0.00359821 0.0100039 0.0106961 0.0036599 -0.00592642 -0.0131613 -0.0171135 -0.0188072 -0.0188754 -0.0174791 -0.0151703 -0.0129759 -0.0111994 -0.00784485 0.000722567 0.0148532 0.0271027 0.0269539 0.0126945 -0.00386335 -0.00534424 0.0199368 0.0696466 0.123441 0.151806 
0.172541 0.13343 0.0831864 0.045296 0.0273931 0.0244604 0.0251201 0.0192973 0.00575598 -0.00881434 -0.0183285 -0.0223179 -0.0232457 -0.0225008 -0.0201157 -0.0165313 -0.0131133 -0.0107695 -0.0080248 -0.00122187 0.0109651 0.0225546 0.0234291 0.0105212 -0.00594287 -0.00870113 0.0156139 0.0679767 0.131052 0.173606 
0.235338 0.202546 0.145808 0.0962529 0.0672183 0.0544245 0.0457677 0.0311087 0.00962922 -0.0108931 -0.023061 -0.0266225 -0.0260144 -0.0243437 -0.0218299 -0.0182769 -0.0146757 -0.0121949 -0.0100363 -0.00492974 0.00521165 0.0161122 0.0185283 0.00822837 -0.00640792 -0.00854123 0.0169763 0.0751663 0.152888 0.217304 
0.320613 0.294311 0.225436 0.155412 0.107554 0.0804363 0.0610631 0.0383452 0.0108136 -0.0137404 -0.027061 -0.0288975 -0.0256791 -0.0228 -0.0209501 -0.0187715 -0.0160594 -0.0137782 -0.0118972 -0.00803392 0.000137467 0.00993523 0.0134074 0.00576483 -0.00606935 -0.00556216 0.0240814 0.0916003 0.188055 0.279225 
0.394407 0.371989 0.288575 0.1957 0.128046 0.088146 0.0618476 0.0360846 0.00759996 -0.0169135 -0.0289732 -0.0279925 -0.0216501 -0.0174115 -0.0166034 -0.0165677 -0.0154346 -0.0135917 -0.0117481 -0.00875528 -0.00257538 0.00545584 0.00904228 0.00348981 -0.00546763 -0.00185007 0.0321904 0.10804 0.220078 0.333511 
