0.370861 0.31968 0.222841 0.135548 0.0809389 0.0499082 0.0278117 0.00845678 -0.00705299 -0.0143756 -0.0113958 -0.00327692 0.000912492 -0.00247563 -0.00920503 -0.0135547 -0.0136699 -0.0113718 -0.00995468 -0.0117635 -0.0155684 -0.0172601 -0.0150221 -0.0113952 -0.00677854 0.00783787 0.0487904 0.128436 0.238383 0.337498 
0.295353 0.267415 0.196725 0.127157 0.0821803 0.0566881 0.0376441 0.0194532 0.00374042 -0.0052511 -0.00483382 0.00170056 0.00618916 0.00357174 -0.00371811 -0.0102082 -0.0131087 -0.0132491 -0.0134209 -0.0161271 -0.0206004 -0.02256 -0.0192279 -0.0129854 -0.00653258 0.00490976 0.0337406 0.0913523 0.17507 0.257334 
0.206486 0.2034 0.163287 0.11523 0.0806038 0.059141 0.0415824 0.0240414 0.00855664 -0.00127625 -0.00273484 0.00268855 0.00828637 0.00799205 0.00203535 -0.00507414 -0.00987742 -0.0119605 -0.0131643 -0.0159556 -0.0205452 -0.023467 -0.0213829 -0.0157031 -0.0101135 -0.00343253 0.0124627 0.0471663 0.102853 0.165544 
0.12823 0.143925 0.12911 0.0993709 0.0726728 0.0533772 0.0370925 0.0216802 0.00837795 -0.000802223 -0.00332943 0.00118197 0.00793652 0.0105604 0.00726373 0.001086 -0.00439043 -0.00767619 -0.00953161 -0.0121791 -0.0168732 -0.0214614 -0.0224245 -0.0197238 -0.0167946 -0.0148429 -0.00930057 0.0075935 0.0410761 0.0870248 
0.0733846 0.0984992 0.0994425 0.0819088 0.0599187 0.041408 0.0269416 0.0157245 0.00685183 -0.000241884 -0.00346767 -0.000516362 0.00620677 0.0109897 0.0106271 0.00636124 0.00119448 -0.00272408 -0.00509418 -0.00757764 -0.0120787 -0.0178274 -0.0216746 -0.0223453 -0.0222897 -0.0237261 -0.0243522 -0.0179628 0.00160022 0.0352408 
0.0439861 0.0701158 0.0779762 0.0670806 0.0474172 0.0289852 0.0166134 0.0105197 0.00708383 0.00265743 -0.00144345 -0.00117565 0.00376106 0.00920602 0.0112459 0.00922354 0.00497563 0.000883235 -0.00174635 -0.00368468 -0.00691921 -0.0118789 -0.0164209 -0.0188333 -0.0204976 -0.0235464 -0.0266537 -0.0248285 -0.0126766 0.0119776 
0.0355526 0.0575055 0.0665638 0.0588401 0.0404951 0.0220049 0.0112333 0.00925259 0.0101726 0.00766168 0.0021923 -0.0008731 0.00124362 0.00619547 0.00986806 0.00996793 0.00701311 0.00330378 0.00097907 0.000288654 -0.000377144 -0.0023009 -0.00473702 -0.00642194 -0.00804188 -0.0110897 -0.0143858 -0.0139069 -0.00580715 0.0115364 
0.0392414 0.0551859 0.0630954 0.0573892 0.0406483 0.0223536 0.012058 0.0118155 0.0146801 0.0127433 0.00584142 1.94202e-05 -0.000343498 0.00378093 0.00838579 0.0102079 0.00876489 0.00604637 0.00461499 0.00556454 0.00792164 0.0100564 0.0114517 0.0123916 0.0122831 0.0102375 0.00760574 0.00764795 0.0126928 0.0235018 
0.0430775 0.0535272 0.0605059 0.0576631 0.0440705 0.0267854 0.0158234 0.0147618 0.0173192 0.01531 0.0079714 0.00104991 -0.000653722 0.00270961 0.00761741 0.010661 0.0108082 0.00951485 0.00924391 0.0115589 0.0161585 0.0215873 0.0266429 0.0305724 0.0322752 0.031112 0.0287262 0.0278956 0.0298205 0.0346979 
0.0376201 0.0439977 0.0512923 0.0530191 0.0449064 0.0303013 0.018388 0.0147989 0.0157164 0.0138425 0.00752822 0.00110976 -0.00110483 0.00140949 0.0061039 0.00998745 0.0116678 0.0118644 0.0126018 0.0156178 0.0211477 0.0281664 0.0353501 0.0411495 0.0436694 0.0423156 0.0391957 0.0368335 0.0355376 0.0352071 
0.0227126 0.0261128 0.0342798 0.0412581 0.04025 0.0303699 0.0185842 0.0122383 0.0109821 0.00928098 0.00450539 -0.000975957 -0.00365022 -0.00219396 0.00207579 0.00665293 0.0096613 0.0109906 0.0122501 0.0153618 0.0209847 0.0284327 0.0363822 0.0427032 0.0448291 0.0423244 0.0378948 0.0338454 0.0296318 0.0249722 
0.00544897 0.00628988 0.0146665 0.0256897 0.0314893 0.0276913 0.0180464 0.0101339 0.00667514 0.00441356 0.000310473 -0.00487644 -0.00827873 -0.00782637 -0.00380073 0.00151092 0.00556331 0.00747647 0.00870628 0.0116252 0.0173812 0.0253835 0.0339727 0.0404249 0.0417992 0.0379703 0.0321248 0.0263537 0.0195427 0.011387 
-0.00845983 -0.00968848 -0.00188529 0.0111621 0.0218882 0.0241167 0.0183456 0.0106356 0.00537973 0.00168985 -0.0029391 -0.00854267 -0.0126802 -0.0128393 -0.00868955 -0.00255199 0.00234015 0.00449811 0.00544966 0.00824543 0.0146559 0.0239726 0.0337329 0.0404998 0.041258 0.0361864 0.0285937 0.0205185 0.011025 0.000112338 
-0.0177265 -0.0196241 -0.0122451 0.00117772 0.0141504 0.0206273 0.0189764 0.0128338 0.00668442 0.00152306 -0.00402271 -0.0101214 -0.0146413 -0.0149469 -0.0104292 -0.00349053 0.00215007 0.00458952 0.00544051 0.008357 0.0156853 0.0264562 0.0371786 0.0437871 0.0435682 0.0370046 0.027168 0.0162346 0.00421889 -0.00825173 
-0.0225955 -0.0233463 -0.0157954 -0.0033296 0.00887928 0.016543 0.0176851 0.0136987 0.00789829 0.00214852 -0.00380499 -0.00990982 -0.0142674 -0.0143527 -0.00948719 -0.00203543 0.00417085 0.00703895 0.00809907 0.0112063 0.0189655 0.030101 0.0403301 0.0454207 0.0434469 0.03534 0.0237221 0.0107982 -0.00233566 -0.0144104 
-0.0234458 -0.022271 -0.0145319 -0.00411112 0.0050663 0.0111848 0.0132972 0.011305 0.00674894 0.00136737 -0.00430232 -0.00981204 -0.0134532 -0.0130565 -0.0080894 -0.0007191 0.00555585 0.00872766 0.0100502 0.0130412 0.0201178 0.0298006 0.0376659 0.0400172 0.0361394 0.0275695 0.0163017 0.00397896 -0.00792574 -0.0178277 
-0.0206038 -0.0182795 -0.0109423 -0.0028276 0.00297614 0.00654054 0.00815925 0.00711236 0.00352605 -0.00136275 -0.00653396 -0.0111175 -0.0136438 -0.0125969 -0.00783553 -0.00121595 0.00447654 0.00758671 0.00897701 0.0113872 0.0167027 0.0234953 0.0279671 0.0275585 0.0228875 0.0160322 0.00807998 -0.000745808 -0.00964397 -0.017018 
-0.0136632 -0.0113921 -0.00496496 0.00139953 0.00492837 0.00623011 0.00615805 0.00416177 6.505e-05 -0.00510422 -0.01007 -0.013706 -0.0149207 -0.0130785 -0.00859399 -0.00297335 0.00188405 0.00480778 0.00622225 0.00787326 0.0110101 0.0145834 0.0159985 0.0140568 0.0103997 0.00726409 0.00456426 0.000607753 -0.00504855 -0.0107613 
-0.00238239 -0.000383493 0.00498782 0.00995901 0.0119725 0.0111963 0.0083075 0.00342868 -0.00283009 -0.00915478 -0.0142172 -0.0169559 -0.0167959 -0.0139805 -0.00944897 -0.00438929 9.00405e-05 0.00323211 0.00500528 0.00616041 0.00739827 0.00831939 0.0077874 0.00578602 0.00431343 0.00521293 0.00732892 0.00753232 0.00448556 3.89983e-05 
0.0112647 0.0137777 0.0179314 0.0209157 0.0209411 0.0177261 0.0114792 0.00301807 -0.005893 -0.0134374 -0.018436 -0.0202177 -0.0187622 -0.0149188 -0.00991097 -0.00467605 0.000183231 0.00411563 0.00664433 0.00767098 0.00751225 0.00652857 0.0049723 0.00357847 0.00397104 0.00722045 0.011773 0.014418 0.0137947 0.0117453 
0.023169 0.0268188 0.0292418 0.0290937 0.0261856 0.0204388 0.0116515 0.000871753 -0.00946559 -0.0172663 -0.0216443 -0.0224459 -0.0200734 -0.015558 -0.0100707 -0.0043553 0.00118017 0.00597865 0.00918207 0.0100913 0.00883374 0.0064563 0.00423762 0.00316047 0.00405581 0.00730091 0.0118668 0.0157471 0.0181007 0.0201185 
0.0300701 0.0345993 0.0347275 0.0307647 0.0246411 0.0171783 0.00792618 -0.00253676 -0.0120727 -0.0188205 -0.0221927 -0.0223523 -0.0198175 -0.0154282 -0.0100599 -0.00430322 0.00142158 0.0064354 0.0096281 0.0100104 0.00771753 0.00426927 0.00143989 7.10448e-05 0.000273635 0.00219171 0.00588325 0.0108792 0.0166959 0.0233235 
0.031876 0.0364822 0.0342789 0.026935 0.0183321 0.0104908 0.00288953 -0.00486321 -0.0117802 -0.0167127 -0.0192407 -0.0194256 -0.0175553 -0.0141108 -0.0096369 -0.00461641 0.000442553 0.0047348 0.00706611 0.00644457 0.00314215 -0.0011056 -0.00446366 -0.00634409 -0.00698111 -0.00607697 -0.00264733 0.00378325 0.0126409 0.0227478 
0.0304974 0.0344105 0.0305094 0.0212085 0.0115299 0.00441714 -0.000583332 -0.00481419 -0.00865576 -0.0118151 -0.0139002 -0.014584 -0.0137572 -0.0115827 -0.00838523 -0.00459129 -0.000788578 0.0021527 0.00310449 0.00125337 -0.00296301 -0.00776896 -0.0114044 -0.0133719 -0.0139321 -0.0127073 -0.00854055 -0.000861106 0.00953073 0.0209161 
0.0273094 0.0300976 0.0254908 0.01601 0.00676828 0.000950227 -0.00181048 -0.00334063 -0.00488981 -0.00675831 -0.00855735 -0.00963946 -0.0095908 -0.00838738 -0.00626288 -0.00363878 -0.00115155 0.000337849 -0.000139305 -0.00315981 -0.00815158 -0.0133459 -0.0169556 -0.0183197 -0.017615 -0.0147932 -0.00938432 -0.00132417 0.00860346 0.0189748 
0.0223465 0.0240793 0.0198099 0.0116777 0.00406511 -0.000258386 -0.00165059 -0.00189379 -0.00235804 -0.00349407 -0.00495068 -0.00600849 -0.00615082 -0.00530261 -0.00371894 -0.00186849 -0.000403105 -0.000103865 -0.0017405 -0.00568001 -0.0112789 -0.0167858 -0.0202872 -0.02081 -0.0184218 -0.0136517 -0.00716218 0.000333442 0.00828734 0.0161529 
0.01536 0.0165968 0.0135453 0.00771027 0.00242441 -0.000249374 -0.000764465 -0.000639862 -0.000917394 -0.00184122 -0.00302927 -0.00380848 -0.00370748 -0.00273722 -0.00128283 0.000112116 0.000840395 0.000275041 -0.00214048 -0.00662315 -0.0125564 -0.0183028 -0.0218964 -0.0220811 -0.0187449 -0.0128109 -0.00589803 0.000519915 0.00607581 0.0111881 
0.00702822 0.00848632 0.00708916 0.00373619 0.000894221 1.33305e-05 0.000441698 0.000787298 0.000365646 -0.000683905 -0.00178909 -0.00228522 -0.00182183 -0.000608734 0.000779088 0.0017555 0.00184665 0.000651743 -0.00216309 -0.00672242 -0.0125615 -0.0183473 -0.0222785 -0.0229563 -0.0200039 -0.0143178 -0.0078971 -0.00269396 0.000929534 0.00404443 
-0.00121219 0.000913946 0.000995328 -0.000441796 -0.00136226 -0.000649176 0.000818407 0.00158498 0.0011868 0.000132881 -0.000786214 -0.000926823 -0.000103434 0.00126608 0.00247098 0.002964 0.00247288 0.000861993 -0.00198049 -0.00613997 -0.0114243 -0.0169854 -0.0213763 -0.0231862 -0.0217412 -0.0175854 -0.01253 -0.00857798 -0.0061483 -0.00395137 
-0.00846663 -0.00569886 -0.00475076 -0.00520763 -0.0051181 -0.00345397 -0.00120237 0.000140212 0.00024086 -0.000207587 -0.000404081 0.00012914 0.00139341 0.00286929 0.0038573 0.00393527 0.00304128 0.00128381 -0.00125807 -0.00468635 -0.00915409 -0.0143544 -0.0192305 -0.0224119 -0.0229748 -0.0210298 -0.0179025 -0.0152807 -0.013543 -0.0114986 
-0.0148361 -0.0118832 -0.0107922 -0.0110721 -0.0107453 -0.00877186 -0.00607031 -0.00403208 -0.00291967 -0.00210198 -0.00101709 0.000523178 0.00236017 0.00399661 0.00487337 0.0047423 0.00371186 0.00206077 -7.94778e-06 -0.00265634 -0.00636427 -0.0112617 -0.0165725 -0.0209736 -0.0234137 -0.0236824 -0.0225996 -0.0213647 -0.0201809 -0.018097 
-0.0201358 -0.0176733 -0.0170821 -0.0176834 -0.0175039 -0.015481 -0.0123723 -0.0094401 -0.00701698 -0.00471988 -0.00228726 0.000246185 0.00265241 0.00451145 0.00542145 0.00528728 0.00432407 0.00289075 0.00123921 -0.000858769 -0.00409819 -0.00884093 -0.0144361 -0.0196281 -0.0233893 -0.0253488 -0.0259239 -0.0258458 -0.0251348 -0.0231591 
-0.022958 -0.0215325 -0.021904 -0.0231621 -0.0233637 -0.0213866 -0.0177964 -0.0138268 -0.0100918 -0.0065866 -0.00325831 -0.000146622 0.00259947 0.00464229 0.00565712 0.00561427 0.00476367 0.00348059 0.00202881 0.000153838 -0.00290889 -0.00756641 -0.0131988 -0.0186653 -0.0230669 -0.0259504 -0.0273987 -0.0277974 -0.0271667 -0.025333 
-0.0221499 -0.0218201 -0.023266 -0.0254065 -0.0263152 -0.0247249 -0.0209203 -0.0161006 -0.0112736 -0.00692684 -0.00318429 5.72868e-05 0.00284804 0.00494415 0.00602402 0.00603127 0.00519141 0.00388152 0.00240367 0.000549667 -0.00240761 -0.00685 -0.0122155 -0.0175464 -0.0220883 -0.0252688 -0.0268219 -0.0269078 -0.0257893 -0.0238765 
-0.0188418 -0.0190184 -0.0210643 -0.0239679 -0.0258554 -0.0252483 -0.0219761 -0.0169478 -0.0114062 -0.00636421 -0.00225723 0.00105051 0.0037798 0.00581113 0.00684775 0.0067842 0.00579318 0.00427058 0.00262257 0.000773703 -0.00190775 -0.00582038 -0.0105938 -0.0155412 -0.0200181 -0.0232611 -0.0246444 -0.0241784 -0.0224408 -0.0203049 
-0.0156825 -0.0153023 -0.0168495 -0.0198462 -0.0226655 -0.0236265 -0.0218998 -0.0176685 -0.0119714 -0.00621417 -0.00138253 0.00232937 0.00511713 0.00702548 0.00790812 0.00766988 0.00642216 0.00458137 0.00270777 0.000938812 -0.00121888 -0.0042506 -0.00811908 -0.0124804 -0.0167848 -0.0201102 -0.021591 -0.0211414 -0.0194425 -0.0173569 
-0.0140651 -0.0120654 -0.0118306 -0.0139787 -0.017453 -0.0204262 -0.0212271 -0.0188773 -0.0136941 -0.00725448 -0.00132586 0.00315824 0.00614663 0.00789986 0.00857319 0.00816157 0.00670381 0.00460144 0.00256577 0.000982683 -0.000486891 -0.00245544 -0.00523945 -0.00879208 -0.0126737 -0.0160035 -0.0179501 -0.0183885 -0.0177452 -0.0162638 
-0.0130377 -0.00895931 -0.00630619 -0.0071182 -0.0111312 -0.0164038 -0.0203278 -0.020543 -0.0163581 -0.00939228 -0.00231253 0.00302332 0.00624442 0.00786173 0.00838751 0.00793586 0.00646594 0.00432511 0.00232932 0.00107339 0.000319478 -0.000687988 -0.00247889 -0.00509278 -0.00820216 -0.0112379 -0.0136836 -0.0154136 -0.0163629 -0.015825 
-0.0107779 -0.00521453 -0.000864041 -0.000931856 -0.00580561 -0.0134024 -0.0202886 -0.0229167 -0.0197314 -0.012418 -0.00443708 0.00160442 0.00511324 0.0067922 0.0073974 0.00712292 0.00587292 0.00394273 0.00220167 0.00137006 0.00122762 0.000888406 -0.000188 -0.00188436 -0.00397142 -0.00636572 -0.00895956 -0.0115935 -0.0137406 -0.013945 
-0.00656668 -0.00108428 0.00295781 0.00203478 -0.00433179 -0.0138501 -0.0226647 -0.0267047 -0.024067 -0.0165407 -0.00799099 -0.00134025 0.00272135 0.00489517 0.00594367 0.00606877 0.00517439 0.00354469 0.00207312 0.00155378 0.00178312 0.00183039 0.00127903 0.000482634 -0.000451584 -0.00193688 -0.00416167 -0.00683955 -0.00919715 -0.0096129 
-0.00182666 0.00184707 0.00346734 0.000148841 -0.00801268 -0.0185082 -0.027672 -0.0317902 -0.0291832 -0.021626 -0.0128215 -0.00555731 -0.000587427 0.00254013 0.00436215 0.00502273 0.00446976 0.00301304 0.00156141 0.000999176 0.00126213 0.0015339 0.00154145 0.00174938 0.00206758 0.00166595 0.000207476 -0.00184388 -0.00368493 -0.00404369 
0.000351419 0.00143754 6.94434e-05 -0.00559175 -0.0147125 -0.0247944 -0.0328734 -0.0361377 -0.033372 -0.0261004 -0.0174134 -0.0097039 -0.00380872 0.000343114 0.00296014 0.00409069 0.00373039 0.00221855 0.000469166 -0.000512118 -0.000514733 -9.8672e-05 0.000555507 0.00182742 0.00335073 0.00395485 0.00321117 0.00173356 0.000264829 -0.000398609 
-0.00227054 -0.00309845 -0.00583853 -0.0117168 -0.0198476 -0.0282222 -0.0346161 -0.0368954 -0.0341044 -0.0274152 -0.0192719 -0.0116631 -0.00545429 -0.000850127 0.00210787 0.00337956 0.00298323 0.00126218 -0.000904363 -0.00243497 -0.00283893 -0.00238089 -0.00119291 0.000900636 0.00321886 0.00431123 0.0036965 0.0021231 0.000279836 -0.0013531 
-0.00803219 -0.00917638 -0.0106942 -0.0140954 -0.0195205 -0.025821 -0.0309769 -0.0327278 -0.030036 -0.0239598 -0.0166917 -0.00995573 -0.00447288 -0.000425162 0.00210657 0.00304508 0.00239614 0.000460265 -0.00199323 -0.00394125 -0.00474683 -0.00442931 -0.00306182 -0.000669251 0.00177497 0.00264283 0.00154097 -0.000599017 -0.00318452 -0.00594002 
-0.011782 -0.0116216 -0.0101613 -0.00991905 -0.0126236 -0.0177968 -0.0228193 -0.0246098 -0.0219902 -0.0163837 -0.0102131 -0.0050442 -0.00122975 0.00137832 0.00286545 0.00316077 0.00219847 0.000162492 -0.00237028 -0.00456345 -0.00577052 -0.00581098 -0.0046381 -0.00240344 -0.000307214 -3.23902e-06 -0.00159257 -0.00391797 -0.0066231 -0.00968464 
-0.00938346 -0.00668946 -0.0019132 0.00111333 -0.000551704 -0.00630935 -0.0123419 -0.0146674 -0.0122601 -0.00726102 -0.00250019 0.000673453 0.00243105 0.00336989 0.00378937 0.00359406 0.00255534 0.000647189 -0.00180848 -0.00420815 -0.00592127 -0.00652627 -0.00575076 -0.00378055 -0.00197676 -0.00191563 -0.00333034 -0.00491687 -0.00666263 -0.00874813 
-0.00125993 0.00469737 0.0123015 0.0164264 0.0138652 0.00620435 -0.0015132 -0.00489434 -0.00336217 0.000322089 0.00318998 0.00429865 0.00432519 0.00414498 0.00410819 0.004005 0.00338188 0.0019471 -0.000262353 -0.00288319 -0.00528696 -0.00673013 -0.00654545 -0.00476771 -0.00280952 -0.0022105 -0.00257317 -0.00271351 -0.00291303 -0.00320036 
0.00857927 0.0175061 0.0269606 0.0309311 0.0267943 0.0173627 0.0082186 0.00342704 0.00310461 0.00444244 0.00492545 0.00424418 0.00337118 0.00304281 0.00337029 0.00397246 0.00421496 0.0035803 0.00184587 -0.000888177 -0.00408827 -0.00672445 -0.00753998 -0.00604494 -0.00346319 -0.00148791 -0.000120197 0.001359 0.00256288 0.00401387 
0.0160471 0.0260812 0.0357625 0.0391154 0.0344555 0.0251739 0.0161557 0.0103235 0.00748166 0.00554976 0.00321527 0.00107146 0.000117211 0.000467703 0.00170454 0.00327567 0.00448108 0.00468763 0.00352241 0.000858929 -0.00300957 -0.00696333 -0.00908435 -0.00798162 -0.00443996 -0.000565322 0.00273996 0.00560257 0.00775023 0.0102017 
0.0195941 0.0279893 0.0359355 0.0387352 0.0356665 0.0295919 0.023288 0.0176854 0.0123182 0.00650357 0.000848689 -0.00283704 -0.00364919 -0.00238671 -0.000199409 0.00216467 0.00401309 0.00470779 0.00389339 0.00137912 -0.00279315 -0.00761416 -0.0106708 -0.00966692 -0.00496001 0.000742368 0.00554649 0.00927352 0.0119432 0.0145066 
0.0203525 0.0251286 0.0299123 0.0324082 0.0329487 0.032926 0.0318535 0.028011 0.0206334 0.0107873 0.00134503 -0.00449341 -0.00578673 -0.00414174 -0.00146955 0.00119293 0.00315859 0.0038751 0.00312511 0.000788828 -0.00323343 -0.00808422 -0.0111328 -0.00958301 -0.0036765 0.00323298 0.00857977 0.0124112 0.0152294 0.0173796 
0.0205497 0.0213086 0.0226106 0.0250527 0.0300872 0.0372149 0.0423323 0.0410686 0.0324558 0.019188 0.00605671 -0.00255208 -0.00538045 -0.00434097 -0.0018958 0.000551816 0.00229418 0.00293505 0.00236832 0.000434427 -0.00309195 -0.00738565 -0.00968734 -0.00707807 -1.03305e-05 0.00752443 0.0125705 0.0157525 0.0182907 0.0198756 
0.0220462 0.0194856 0.0180746 0.020622 0.0291874 0.041667 0.0513503 0.0521459 0.0430597 0.0277929 0.0120974 0.000930952 -0.00397957 -0.00423746 -0.00244051 -0.000317252 0.00136951 0.00238161 0.00257917 0.00146645 -0.00144165 -0.00517475 -0.0066382 -0.00279713 0.00560048 0.0138834 0.0186005 0.0208356 0.0226479 0.0234286 
0.0255226 0.0209474 0.0183644 0.0209455 0.0302525 0.0436414 0.0540726 0.0552339 0.0461357 0.030621 0.0143325 0.00199526 -0.00439146 -0.00574951 -0.00435981 -0.00212959 4.08143e-05 0.00197204 0.00339275 0.00334277 0.00103117 -0.00228892 -0.00297782 0.00225633 0.0124519 0.0222 0.027202 0.0285807 0.0292181 0.0287196 
0.0297637 0.0249995 0.0229424 0.0251834 0.0319487 0.0414812 0.048778 0.0485484 0.0395964 0.0252023 0.0102592 -0.00135331 -0.00782271 -0.00940864 -0.00779255 -0.00491897 -0.00195184 0.000862211 0.00323607 0.00404771 0.00243094 -9.65994e-05 0.000453172 0.00748276 0.019855 0.0314623 0.0369428 0.037189 0.0360586 0.0340166 
0.0319558 0.0286765 0.0281232 0.0296106 0.03216 0.0357626 0.038455 0.0363212 0.0276373 0.0148483 0.00214916 -0.00750341 -0.0128894 -0.0139316 -0.0117021 -0.00810197 -0.00463599 -0.00165971 0.000826224 0.0021029 0.00154304 0.000638111 0.00311162 0.012101 0.0263545 0.0393052 0.0446173 0.0429447 0.0394195 0.0360106 
0.0303303 0.0287876 0.0294677 0.0301939 0.0295101 0.0287619 0.0282221 0.0249427 0.0165778 0.00493508 -0.00593892 -0.0135785 -0.0175071 -0.0177619 -0.015013 -0.0110461 -0.0076312 -0.00517662 -0.00316525 -0.00156729 -0.000736979 0.000316319 0.00451326 0.0146436 0.0297047 0.0431693 0.0479839 0.0443377 0.038355 0.0337149 
0.0268402 0.0253787 0.0260229 0.0264391 0.0251027 0.0232673 0.0216747 0.017883 0.00940637 -0.00206904 -0.0121593 -0.0184071 -0.0209987 -0.0204579 -0.017353 -0.0132728 -0.0100247 -0.00798333 -0.00618049 -0.00400427 -0.00185721 0.00037034 0.00474003 0.0141622 0.0286537 0.0424776 0.0480819 0.0443241 0.0369398 0.030781 
0.0257687 0.0217377 0.0207751 0.0213193 0.0214882 0.0208909 0.0192252 0.014485 0.00499368 -0.00712092 -0.0171602 -0.0225701 -0.0239644 -0.02245 -0.0187737 -0.0143323 -0.01074 -0.00828578 -0.00585107 -0.00270443 0.000327908 0.0023437 0.0047977 0.0114005 0.0241399 0.0389479 0.0479022 0.0472984 0.0405187 0.0324882 
0.0293256 0.0205171 0.0168164 0.0176195 0.0199997 0.0211233 0.0190729 0.0124694 0.00130934 -0.0114972 -0.0214684 -0.0262781 -0.026618 -0.023893 -0.0191824 -0.0138586 -0.00929891 -0.00573412 -0.00216512 0.00198004 0.00539858 0.00625906 0.00551341 0.0079669 0.0182252 0.0346401 0.0491332 0.0546073 0.0505226 0.0406621 
0.0366464 0.0222266 0.0155386 0.0166625 0.0209331 0.0230551 0.0197917 0.0106839 -0.00215022 -0.0149858 -0.0243222 -0.0286309 -0.0283247 -0.0245351 -0.0186302 -0.0122217 -0.00662549 -0.00209902 0.0021836 0.00676666 0.0102355 0.0100641 0.00646575 0.00488578 0.0124221 0.0302572 0.0507869 0.0637312 0.0639823 0.053073 
0.0489522 0.0294487 0.0199081 0.0211576 0.0264096 0.0281214 0.0224009 0.0100892 -0.00445805 -0.0168153 -0.0250509 -0.0290253 -0.0287626 -0.0246008 -0.0179756 -0.0109083 -0.00486842 -0.000189197 0.00389833 0.00821239 0.0117103 0.011469 0.00656957 0.00210499 0.00683916 0.0249171 0.0504452 0.0713741 0.0782006 0.0688629 
0.0744794 0.0507373 0.0370431 0.0362911 0.0400367 0.0387856 0.0285705 0.0117434 -0.00533087 -0.0175696 -0.0246309 -0.0282197 -0.0284374 -0.0247521 -0.0183083 -0.0113746 -0.00559716 -0.00136517 0.00210055 0.00596246 0.00974905 0.0103648 0.00551313 -0.000949633 0.000539269 0.0172621 0.0467314 0.0773339 0.0956678 0.0938764 
0.125413 0.0966975 0.0736419 0.0645018 0.0612144 0.0529674 0.0358325 0.0132184 -0.00725857 -0.0198685 -0.0253351 -0.0275299 -0.0277306 -0.0249908 -0.0196317 -0.0135238 -0.00824627 -0.00426275 -0.000954986 0.00287773 0.007157 0.00877784 0.00421517 -0.00422198 -0.00661917 0.00776984 0.0415537 0.08586 0.123884 0.138863 
0.206461 0.169153 0.127185 0.0993829 0.0816734 0.0626481 0.0376321 0.00978701 -0.0132971 -0.0255198 -0.0280441 -0.0269938 -0.0259818 -0.0242773 -0.0207259 -0.0158589 -0.0108415 -0.00639375 -0.00247506 0.00164599 0.00602341 0.00793702 0.00335174 -0.0067832 -0.0126009 -7.24097e-06 0.0396719 0.102233 0.168332 0.209411 
0.302519 0.252343 0.182775 0.127997 0.0914784 0.0614663 0.0309867 0.00125852 -0.0215921 -0.0317242 -0.0302086 -0.0248533 -0.0219628 -0.0214584 -0.0203117 -0.0170108 -0.0120935 -0.00681941 -0.00217907 0.00167836 0.00494111 0.00610002 0.00178703 -0.00812718 -0.0148293 -0.00221885 0.0440127 0.125536 0.222301 0.293457 
0.37944 0.317425 0.221571 0.141379 0.0891348 0.0528278 0.0220004 -0.00524865 -0.0251548 -0.032623 -0.0280072 -0.0194381 -0.0152383 -0.0162779 -0.01798 -0.0167498 -0.0124341 -0.00692786 -0.00242137 -4.39882e-05 0.000775291 0.0005846 -0.00228897 -0.00894676 -0.0130765 0.00103715 0.0513274 0.14519 0.264464 0.359923 
0.404854 0.340966 0.233907 0.14144 0.0829706 0.0470847 0.0202168 -0.00247223 -0.0192393 -0.0255911 -0.0206138 -0.0113122 -0.00689414 -0.0095061 -0.0140905 -0.0155527 -0.0129601 -0.00850532 -0.0052699 -0.00515711 -0.00710321 -0.00837798 -0.0086947 -0.010051 -0.00956799 0.00577541 0.0545376 0.147962 0.27212 0.377469 
