0.37137 0.324304 0.230897 0.148084 0.102647 0.08411 0.070918 0.0522055 0.030176 0.0114508 -0.000168228 -0.00549462 -0.00823448 -0.0116163 -0.0160805 -0.0198784 -0.0207547 -0.0165788 -0.00558548 0.012068 0.0323988 0.0489102 0.0572889 0.0583231 0.0563989 0.0592286 0.0818394 0.142413 0.240112 0.335693 
0.327134 0.277572 0.185801 0.104829 0.0615657 0.0479591 0.0428929 0.0328728 0.0169651 0.00104354 -0.00904612 -0.0118063 -0.0111579 -0.0125756 -0.017727 -0.0235819 -0.0256416 -0.0208726 -0.00836087 0.0106847 0.0324317 0.0513411 0.0631607 0.0671003 0.0657639 0.0664781 0.0843455 0.136263 0.220557 0.301376 
0.225904 0.18012 0.105227 0.0417952 0.0106922 0.00594312 0.0100465 0.00946185 0.000641815 -0.0116518 -0.019824 -0.020018 -0.0157477 -0.014088 -0.0182307 -0.0249324 -0.0282003 -0.0239442 -0.0113439 0.00805445 0.0306524 0.0512769 0.0653446 0.0709444 0.0692708 0.0662402 0.0747196 0.108209 0.164599 0.216341 
0.123085 0.0844551 0.0316296 -0.0100572 -0.0285994 -0.0275568 -0.0180323 -0.0112757 -0.0130953 -0.0209742 -0.0270833 -0.0259006 -0.0195735 -0.0151464 -0.0170441 -0.0231902 -0.0275221 -0.0249484 -0.0136636 0.00534929 0.0285386 0.0501237 0.0646241 0.0695761 0.0657401 0.0579949 0.0570164 0.0731401 0.103532 0.127962 
0.060261 0.0292462 -0.00531361 -0.0308223 -0.0431967 -0.0430702 -0.0341418 -0.0241996 -0.0209084 -0.0249033 -0.0297889 -0.0293917 -0.023794 -0.0183111 -0.0177876 -0.022175 -0.0268063 -0.0261579 -0.0168608 0.00132976 0.0247901 0.0466383 0.0605799 0.0643195 0.0587425 0.0478696 0.0410395 0.0473082 0.0633926 0.0725271 
0.0433801 0.0192945 -0.0034155 -0.0199626 -0.0314675 -0.0363838 -0.0327461 -0.0249339 -0.0209652 -0.0237089 -0.0289133 -0.0310498 -0.0285212 -0.024158 -0.0223144 -0.0248341 -0.0290957 -0.0298726 -0.0225538 -0.00568102 0.0172832 0.0390009 0.0531143 0.057594 0.0528608 0.0417354 0.0330888 0.0366901 0.0496667 0.0556709 
0.0534871 0.0352768 0.0189294 0.00708771 -0.00323038 -0.0106917 -0.0123504 -0.0107059 -0.0115818 -0.0170136 -0.0241431 -0.0292601 -0.0304538 -0.0285932 -0.0271491 -0.0290893 -0.0334018 -0.0353446 -0.0296968 -0.0143342 0.00772508 0.0296589 0.0452117 0.0513669 0.0472196 0.0355253 0.0267 0.0322978 0.0495757 0.0606608 
0.0684066 0.0537629 0.0386181 0.0290055 0.0235627 0.0206842 0.0185935 0.0139937 0.00513136 -0.00597011 -0.0161325 -0.0235946 -0.0273912 -0.0278155 -0.0278596 -0.0308409 -0.0363119 -0.0395676 -0.0350454 -0.0204975 0.00129941 0.0240536 0.0407887 0.0460279 0.0377589 0.0214967 0.0118544 0.0220735 0.0478773 0.0683387 
0.0771851 0.0630605 0.0443633 0.0338965 0.0344153 0.0405472 0.0430612 0.0358119 0.0206215 0.00419468 -0.00867856 -0.0171039 -0.0213782 -0.0225764 -0.0239225 -0.0285243 -0.035588 -0.0400366 -0.0360084 -0.021375 0.000802805 0.0240407 0.0401119 0.0411979 0.0253078 0.00226352 -0.00872439 0.00623404 0.040603 0.0705415 
0.0808246 0.0662078 0.042023 0.027038 0.0287077 0.04025 0.0476186 0.0419679 0.0259924 0.00841099 -0.00466808 -0.012067 -0.0149206 -0.015562 -0.0175585 -0.023284 -0.0312049 -0.0360511 -0.0320545 -0.0173747 0.00450449 0.0268047 0.0407665 0.0377526 0.0165066 -0.0103431 -0.0218434 -0.00487473 0.0334587 0.0692776 
0.0828965 0.0702105 0.042724 0.0209959 0.0162574 0.0245998 0.0330119 0.0317074 0.021077 0.00792763 -0.00183396 -0.00642655 -0.00726837 -0.0074507 -0.0101711 -0.0165026 -0.0241955 -0.0283901 -0.0241922 -0.0103401 0.00969171 0.0296857 0.0415671 0.0371028 0.0155258 -0.0104141 -0.0214878 -0.00635486 0.0298972 0.0671494 
0.0817346 0.0751657 0.0493908 0.0221797 0.00702195 0.00618623 0.0123846 0.01648 0.0146016 0.00907003 0.00432396 0.00260976 0.00271709 0.00167957 -0.00250588 -0.00937089 -0.016322 -0.0195349 -0.0155206 -0.00361171 0.0134331 0.0308694 0.0417818 0.0382006 0.0189714 -0.00450206 -0.0158127 -0.00525971 0.0252919 0.0613301 
0.0731924 0.0760857 0.0575226 0.0297162 0.00666617 -0.0028749 0.00064921 0.0094078 0.0153916 0.0163918 0.0151633 0.0142668 0.0131522 0.00979681 0.00371598 -0.00354917 -0.00984084 -0.0128263 -0.0102732 -0.00148978 0.0122236 0.0279292 0.0393673 0.0376977 0.0203357 -0.00264186 -0.0162099 -0.0110621 0.0135089 0.0477173 
0.0589852 0.0716326 0.0632673 0.0404941 0.016159 0.00279809 0.00467314 0.0154109 0.0250432 0.0288347 0.0282297 0.0256848 0.0215092 0.0152001 0.00761345 0.000410586 -0.00549759 -0.00931532 -0.00941878 -0.00431586 0.00645421 0.0213341 0.0338459 0.0335484 0.0161864 -0.0087873 -0.0258166 -0.0247472 -0.0039128 0.0291385 
0.0472766 0.0653435 0.0648944 0.0496318 0.0302973 0.0188805 0.02039 0.0298484 0.0384383 0.0415543 0.0397282 0.034661 0.0273008 0.0186708 0.0104372 0.00363616 -0.00220593 -0.00729472 -0.00998322 -0.00780582 0.000882494 0.0148551 0.0269424 0.0259241 0.00714157 -0.0198843 -0.0386011 -0.0379994 -0.0172126 0.0157053 
0.0439941 0.0594893 0.0599936 0.0504195 0.0394708 0.0346 0.0375743 0.0443166 0.0493319 0.0500152 0.0464818 0.0395216 0.0303202 0.0207078 0.0124512 0.00591133 -9.14315e-05 -0.00607338 -0.010272 -0.00979211 -0.00278995 0.00902051 0.0182454 0.0148691 -0.00432121 -0.0297544 -0.045351 -0.0407203 -0.0170602 0.0154468 
0.0474848 0.0536064 0.0481258 0.0402575 0.0376096 0.0414065 0.0479606 0.0530777 0.0545947 0.052345 0.0468409 0.0386558 0.0289377 0.0193301 0.011171 0.00462954 -0.00134815 -0.00734696 -0.0119683 -0.0126087 -0.00774424 0.000580492 0.00588855 0.000989954 -0.0149902 -0.03334 -0.0409123 -0.0299201 -0.0036093 0.0263779 
0.0527723 0.0488214 0.035082 0.025346 0.0276519 0.0385674 0.0494121 0.0547162 0.0538706 0.0485446 0.0405813 0.0312982 0.0216764 0.0125567 0.00471134 -0.00150434 -0.00671813 -0.0117413 -0.0159858 -0.0175075 -0.0150461 -0.010296 -0.00793782 -0.0119807 -0.0212716 -0.0290259 -0.0269794 -0.0111904 0.014507 0.0397218 
0.0576119 0.0482909 0.0287681 0.0150517 0.016953 0.0301523 0.0435631 0.0497848 0.0475629 0.0393986 0.0289437 0.0187725 0.00970273 0.0017366 -0.00490536 -0.00983858 -0.0134522 -0.0167784 -0.0199429 -0.0216539 -0.0208397 -0.0185367 -0.0175146 -0.0191096 -0.0208296 -0.0182624 -0.00853019 0.00844911 0.0299723 0.0496065 
0.0617433 0.0520012 0.0305206 0.0123771 0.00920677 0.0192011 0.0320916 0.0389503 0.0364576 0.0267799 0.0149449 0.00472855 -0.00299909 -0.00882634 -0.0132285 -0.0162299 -0.0180887 -0.0196153 -0.0211763 -0.0220836 -0.0216572 -0.0204844 -0.0198216 -0.0190636 -0.0149234 -0.0050219 0.00916451 0.0248238 0.0409644 0.0556619 
0.0627164 0.0545265 0.0338643 0.012657 0.00283417 0.00629717 0.0160645 0.0230956 0.0218526 0.0130711 0.00196776 -0.00691626 -0.0123792 -0.0153907 -0.0172861 -0.018665 -0.0194522 -0.0197156 -0.0196722 -0.0192599 -0.0184495 -0.0177314 -0.0174207 -0.0157018 -0.00878183 0.00458981 0.0204735 0.0344377 0.0464859 0.0575234 
0.0570081 0.0500876 0.0318153 0.0100886 -0.00491467 -0.00827021 -0.00266094 0.00425368 0.00550753 -8.22942e-05 -0.00828548 -0.0144743 -0.0170942 -0.0173376 -0.0172285 -0.0177034 -0.0181896 -0.0179126 -0.0168074 -0.0153233 -0.014118 -0.0139283 -0.0147633 -0.0141502 -0.00771039 0.00577244 0.021627 0.0346794 0.0447144 0.0532004 
0.0452666 0.0388152 0.0236264 0.00367046 -0.0137933 -0.0220709 -0.0200365 -0.0134177 -0.00960065 -0.01126 -0.0155936 -0.018533 -0.0184199 -0.0164566 -0.0148975 -0.0147389 -0.0150898 -0.0146541 -0.0130645 -0.0109253 -0.00940115 -0.00984184 -0.01257 -0.0147787 -0.0112913 -0.000100702 0.0145988 0.0274293 0.0369713 0.0435677 
0.0338103 0.027387 0.0153233 -0.00163085 -0.0190531 -0.0296542 -0.0300127 -0.0242591 -0.0192988 -0.0182824 -0.0195418 -0.0198965 -0.0178366 -0.0143597 -0.0115848 -0.0105586 -0.0104669 -0.00985118 -0.00796385 -0.00514376 -0.00283438 -0.00324341 -0.00742477 -0.0125702 -0.0129252 -0.00542947 0.00712398 0.01979 0.0294669 0.034484 
0.0292684 0.0226934 0.0132385 -0.000435742 -0.0159726 -0.0266561 -0.0286165 -0.0248617 -0.0209333 -0.0194096 -0.0192716 -0.0183191 -0.0153682 -0.0111106 -0.00736408 -0.00533154 -0.00458331 -0.00368261 -0.00140939 0.00238665 0.00614634 0.00689499 0.00279985 -0.00377237 -0.00716562 -0.00342428 0.00662896 0.018952 0.0287066 0.0321808 
0.0315129 0.0242539 0.0161605 0.00531611 -0.00710024 -0.0160491 -0.0187869 -0.0175544 -0.0159308 -0.0152832 -0.0148992 -0.0135629 -0.0105886 -0.0063759 -0.00229086 0.000386938 0.00164385 0.00281389 0.00552262 0.0103081 0.0155342 0.0178217 0.0148574 0.00832704 0.00331699 0.0044643 0.01279 0.024949 0.0345552 0.0364815 
0.0328833 0.0243337 0.0163185 0.00774635 -0.000767816 -0.00647611 -0.00848449 -0.00858485 -0.0085803 -0.00867064 -0.00822086 -0.006818 -0.00435182 -0.000966768 0.00261813 0.00530206 0.00674083 0.00808388 0.0110922 0.0163174 0.0219311 0.0245595 0.0219918 0.0155633 0.00987179 0.00990275 0.0176235 0.0297729 0.0389821 0.0395826 
0.024823 0.0155187 0.00774871 0.00173072 -0.00236991 -0.00398322 -0.00372108 -0.00306011 -0.0028161 -0.00262499 -0.00182325 -0.00042041 0.00128278 0.00342327 0.00601692 0.00828289 0.009639 0.0109829 0.0139139 0.0185852 0.0228269 0.0236633 0.0197338 0.0126869 0.00675226 0.00648794 0.0136124 0.0247505 0.0327496 0.0323454 
0.0058183 -0.00258311 -0.00868822 -0.0113258 -0.0108877 -0.00842091 -0.00523922 -0.00242516 -0.000510566 0.000771312 0.00205764 0.0033414 0.00432235 0.00547302 0.00732283 0.00923276 0.0103874 0.0114595 0.0137764 0.0169391 0.0184817 0.0161672 0.00995748 0.00207096 -0.00396129 -0.00488669 0.000147522 0.00822494 0.0138078 0.0127539 
-0.0168539 -0.0233169 -0.0271638 -0.0265214 -0.0222184 -0.0163928 -0.0105938 -0.00549707 -0.00167032 0.000717513 0.002217 0.00321923 0.00388584 0.00493146 0.00686067 0.00883591 0.00985943 0.0105048 0.0118898 0.0132243 0.0120041 0.00682821 -0.00121392 -0.00971201 -0.0162352 -0.0189961 -0.0176166 -0.0137382 -0.0106979 -0.0116341 
-0.0341171 -0.0393595 -0.0421648 -0.0396877 -0.0329126 -0.0248172 -0.0171709 -0.0104028 -0.00522101 -0.0022434 -0.000915709 -0.000166052 0.00082135 0.00270229 0.00544013 0.00785621 0.00896408 0.00935079 0.0099737 0.00991387 0.00690244 0.000147276 -0.00882077 -0.0179202 -0.0257219 -0.0312133 -0.0336221 -0.0329709 -0.0309701 -0.0307246 
-0.0430458 -0.0487411 -0.0523853 -0.0498126 -0.0419251 -0.0324324 -0.0234885 -0.0155398 -0.00949311 -0.00626486 -0.00514402 -0.00436937 -0.00263811 0.000391263 0.0040289 0.00690843 0.00825148 0.00865523 0.00887519 0.00807145 0.0044202 -0.00258064 -0.011663 -0.0213893 -0.0308663 -0.0389987 -0.0440843 -0.044834 -0.042346 -0.0405672 
-0.0465964 -0.0538614 -0.0594352 -0.0578725 -0.0496631 -0.0389952 -0.028652 -0.0194867 -0.0126448 -0.00910895 -0.00793477 -0.00692345 -0.00456009 -0.000783308 0.00332459 0.00640627 0.0079131 0.00837282 0.00831094 0.00711644 0.00356761 -0.00272537 -0.0111761 -0.0211184 -0.0318195 -0.0416708 -0.0481284 -0.0492687 -0.0462471 -0.0438221 
-0.0480684 -0.0566563 -0.0638521 -0.0634488 -0.0551514 -0.0431918 -0.0311905 -0.0208011 -0.013371 -0.00963484 -0.0083547 -0.00718474 -0.00460202 -0.000645647 0.00350255 0.00653861 0.00801141 0.00832973 0.0078692 0.00634341 0.0031471 -0.00206634 -0.00943002 -0.0189384 -0.0298649 -0.0401994 -0.0470888 -0.0486255 -0.0461288 -0.0443912 
-0.0485376 -0.0571127 -0.0643617 -0.0641365 -0.055422 -0.0422392 -0.0290068 -0.0182041 -0.0111596 -0.00800046 -0.00704909 -0.00597905 -0.003452 0.000426501 0.00449347 0.00744639 0.00877933 0.00878011 0.00782172 0.00597353 0.00307881 -0.00123487 -0.0075477 -0.0161214 -0.0261901 -0.0358353 -0.0426241 -0.0450605 -0.0442817 -0.0441614 
-0.0478268 -0.0548271 -0.0599865 -0.0580982 -0.0481339 -0.034073 -0.0208067 -0.0111412 -0.0059835 -0.00459246 -0.00471462 -0.00408189 -0.00170936 0.00210467 0.00617888 0.00915096 0.0103709 0.0100336 0.00863838 0.00658856 0.00396118 0.000311503 -0.00504094 -0.0122076 -0.0204014 -0.0283788 -0.0348581 -0.0389545 -0.0410403 -0.0431873 
-0.045433 -0.0496057 -0.0507961 -0.0455895 -0.0338404 -0.0196497 -0.00776161 -0.000592572 0.00164242 0.000454752 -0.00141165 -0.00168314 0.000321631 0.00404174 0.00815867 0.0111594 0.0122265 0.0115411 0.00982543 0.00777588 0.00559674 0.00282688 -0.00112861 -0.00616057 -0.0116044 -0.0172469 -0.0234084 -0.0299178 -0.0358712 -0.0408379 
-0.0404967 -0.0410595 -0.0373845 -0.0285985 -0.015923 -0.00309316 0.00628602 0.0106965 0.0103177 0.0067624 0.00287958 0.00112799 0.00227216 0.00561796 0.00957845 0.01236 0.012991 0.0117589 0.00969345 0.00776442 0.00631917 0.00498855 0.0032084 0.000993107 -0.00132306 -0.00445412 -0.0101729 -0.0189955 -0.0287289 -0.0363519 
-0.0320296 -0.0292297 -0.021526 -0.0107732 0.000593041 0.0101674 0.0165266 0.019151 0.0177754 0.0130845 0.00751225 0.00391317 0.00365444 0.00616704 0.00953622 0.011609 0.0113164 0.00917975 0.00661517 0.00486938 0.00442734 0.00496229 0.0057113 0.00627354 0.0066398 0.0057119 0.00101163 -0.00847683 -0.019971 -0.0288162 
-0.0205342 -0.0162826 -0.00731081 0.00268529 0.0106279 0.0159356 0.019685 0.0220868 0.0216815 0.0175139 0.0112308 0.00609207 0.00431069 0.00565628 0.00796836 0.00879685 0.00708834 0.00371925 0.00057433 -0.000814718 3.57419e-05 0.00254316 0.00549389 0.00807012 0.0101723 0.0109173 0.00799735 0.000219358 -0.0100322 -0.0181494 
-0.00961998 -0.00671671 0.000403468 0.00764754 0.0117722 0.0135482 0.0158984 0.0193759 0.0212387 0.0189573 0.0133096 0.0076516 0.00482336 0.00500916 0.00602952 0.00532697 0.00196074 -0.00279642 -0.0065418 -0.00743812 -0.00515735 -0.000842396 0.00372153 0.00751897 0.0106312 0.0126287 0.0117883 0.00700082 -0.000325286 -0.00693884 
-0.00445782 -0.004399 4.91707e-06 0.00489281 0.00672656 0.00669245 0.00870427 0.0136146 0.0179894 0.018292 0.0144516 0.00942225 0.00621018 0.00541702 0.00516861 0.00305892 -0.0017399 -0.00773361 -0.0121348 -0.0127902 -0.00947142 -0.00386546 0.00171085 0.00617901 0.00992366 0.0128903 0.0137276 0.0113302 0.0061445 -4.30087e-05 
-0.00656382 -0.00817953 -0.0043663 0.00060144 0.00221887 0.0014079 0.00283994 0.00827988 0.0145532 0.0175913 0.0162507 0.0125167 0.00918018 0.00735074 0.00585215 0.00272162 -0.00282564 -0.00948038 -0.0145054 -0.0155115 -0.0120239 -0.00585614 0.000209883 0.00482195 0.00859031 0.0118151 0.013265 0.0116723 0.00683881 -0.000237345 
-0.0103997 -0.0108221 -0.00486668 0.0020503 0.00412428 0.00194602 0.00126969 0.00561751 0.0128646 0.0185034 0.0198363 0.0173951 0.0136316 0.0103817 0.00750207 0.00369045 -0.00184961 -0.00838703 -0.0137767 -0.0155812 -0.0126439 -0.00630495 0.000223118 0.00474335 0.00761242 0.00954328 0.00986016 0.00771018 0.00280672 -0.00429155 
-0.00810519 -0.0050566 0.00348471 0.011416 0.0125071 0.00757167 0.00359885 0.00593359 0.0135027 0.0211836 0.0245636 0.0228115 0.018238 0.013437 0.00919943 0.00485025 -0.000369273 -0.00633895 -0.0117319 -0.0142905 -0.0120635 -0.00548239 0.00206129 0.00708415 0.00878939 0.00796841 0.00536264 0.00198035 -0.00164398 -0.00567417 
0.00221467 0.00866146 0.0175489 0.0235259 0.0216833 0.0137744 0.00739917 0.00847647 0.0160482 0.0242887 0.0278848 0.0257551 0.0204877 0.0148736 0.00985253 0.00509346 8.02135e-05 -0.00531542 -0.0103947 -0.0133085 -0.0117024 -0.00500061 0.00387046 0.0104193 0.0120198 0.00876902 0.00302746 -0.00138361 -0.00234673 -0.000955691 
0.0149153 0.0224723 0.0290447 0.031114 0.0261894 0.0171116 0.0109618 0.0125046 0.0197266 0.0262914 0.0275103 0.0237399 0.0182703 0.0131773 0.00849027 0.0038621 -0.00077609 -0.0054293 -0.00980154 -0.0126939 -0.0119051 -0.00597169 0.00334402 0.0114973 0.0144224 0.0110797 0.00445932 0.000240662 0.00186573 0.00772142 
0.0222069 0.0284976 0.0323252 0.0316616 0.0257184 0.017768 0.0137449 0.0166407 0.0230424 0.0263718 0.0235077 0.0172375 0.0118467 0.00832301 0.00524238 0.00185721 -0.00157069 -0.00485732 -0.0080896 -0.0108949 -0.0115143 -0.00777143 3.01301e-06 0.0082419 0.0128197 0.0119057 0.00759212 0.00506932 0.00789876 0.014723 
0.0201197 0.0246587 0.027921 0.027886 0.0235337 0.0176321 0.0152439 0.0185166 0.0235542 0.0238528 0.0174495 0.00896859 0.0036613 0.00198258 0.00133366 0.000164166 -0.00141323 -0.00312988 -0.00535296 -0.00837847 -0.0108206 -0.0100686 -0.00531763 0.00135175 0.00693499 0.00931308 0.00872692 0.00823639 0.0105558 0.0151447 
0.0109697 0.0149489 0.02033 0.0237783 0.0225621 0.0183375 0.0157185 0.017207 0.0199356 0.0182137 0.0103377 0.00108492 -0.0039581 -0.00410991 -0.00242896 -0.0014452 -0.00163616 -0.00267024 -0.00476433 -0.00827674 -0.0119555 -0.0132185 -0.0107605 -0.0054024 0.000906094 0.00563637 0.00734925 0.00739364 0.00780032 0.00892871 
0.000347686 0.00494014 0.0134286 0.0209748 0.0230859 0.0201286 0.016043 0.0139128 0.0129369 0.00937593 0.00165437 -0.00671065 -0.0109041 -0.00990102 -0.00656393 -0.00406794 -0.00352165 -0.00454529 -0.00687742 -0.0104407 -0.0139948 -0.0153236 -0.0130266 -0.00727664 -9.76871e-06 0.00530526 0.00648685 0.00478515 0.00236406 0.000292235 
-0.00744641 -0.00264412 0.00720323 0.016816 0.0211933 0.0194541 0.0140452 0.0080127 0.00270588 -0.00297044 -0.00992301 -0.0162293 -0.0187246 -0.0164936 -0.0118058 -0.00775262 -0.00573216 -0.00547872 -0.00665721 -0.00923594 -0.0122275 -0.0134139 -0.0107948 -0.00417822 0.00370985 0.00838198 0.0077306 0.0036139 -0.00153417 -0.00613915 
-0.00951704 -0.0068572 4.71557e-05 0.00734093 0.0113509 0.0101729 0.00418076 -0.00410858 -0.0119196 -0.0184191 -0.0238037 -0.0272669 -0.0272855 -0.0234282 -0.0172898 -0.0112299 -0.00638895 -0.00270008 -0.000693315 -0.00178502 -0.00580327 -0.00954166 -0.00907155 -0.00335827 0.00435204 0.00917145 0.00903887 0.00526451 -0.000544601 -0.00660231 
-0.00360663 -0.00590355 -0.00651825 -0.00615282 -0.00598081 -0.00855933 -0.0150548 -0.0231075 -0.0295804 -0.033701 -0.035917 -0.0359414 -0.0331248 -0.027555 -0.0204292 -0.0131581 -0.00602685 0.00114764 0.00645412 0.00600815 -0.00125415 -0.0105452 -0.015139 -0.0123385 -0.00479484 0.00294513 0.00805143 0.00945074 0.00664777 0.00113734 
0.00999166 0.00155019 -0.00830885 -0.0164802 -0.0220423 -0.0280059 -0.0357489 -0.0422015 -0.0446241 -0.0439606 -0.0418963 -0.0383438 -0.0328181 -0.0259257 -0.0189997 -0.0126904 -0.00598978 0.00201426 0.00848797 0.00748361 -0.00316457 -0.0176941 -0.0274056 -0.0277577 -0.0196967 -0.00692838 0.0062522 0.0156939 0.0187132 0.0159962 
0.029179 0.0152981 -0.00261976 -0.0179053 -0.028501 -0.0377532 -0.0466479 -0.0515616 -0.0504996 -0.0459983 -0.0407217 -0.0345758 -0.0270566 -0.0193944 -0.0135309 -0.00976965 -0.00579866 0.000512023 0.00647349 0.0054504 -0.00544939 -0.0210352 -0.032789 -0.0351382 -0.0268799 -0.0104201 0.00889482 0.0249256 0.0339236 0.0353421 
0.0530331 0.0346627 0.0093866 -0.0123112 -0.0265275 -0.0363876 -0.0436877 -0.04645 -0.0439734 -0.0389525 -0.0336009 -0.027382 -0.0196901 -0.012192 -0.00747506 -0.00598938 -0.0047075 -0.000270748 0.00576741 0.00732646 0.000827005 -0.0106547 -0.0206519 -0.0236593 -0.0166881 -0.000490951 0.019952 0.0386033 0.0520547 0.0581665 
0.0794864 0.0572133 0.0234053 -0.00628799 -0.0234525 -0.0302018 -0.0314709 -0.029875 -0.0267966 -0.0239094 -0.0217006 -0.018632 -0.0135613 -0.00786764 -0.00431683 -0.00392785 -0.00399455 -0.000482827 0.00673428 0.0129078 0.0136812 0.00932381 0.00369847 0.00167235 0.00716055 0.0206434 0.0382975 0.055791 0.0715248 0.0823281 
0.0994103 0.0758146 0.034821 -0.00239142 -0.0210694 -0.022081 -0.0148847 -0.00774247 -0.00422005 -0.00467021 -0.00751804 -0.00989163 -0.00963566 -0.00716525 -0.00494423 -0.00483136 -0.00543879 -0.00289146 0.00472206 0.0146548 0.0222664 0.0253137 0.0253374 0.0265568 0.0330597 0.0450634 0.058569 0.0710803 0.0848746 0.0985308 
0.0988273 0.0804282 0.0408876 0.00354907 -0.0123815 -0.00699498 0.00676759 0.0168132 0.0184544 0.0127819 0.00349979 -0.00501373 -0.00966105 -0.0101287 -0.00870717 -0.00820921 -0.00898717 -0.00800172 -0.00188017 0.00918549 0.0213966 0.0307874 0.0366842 0.0426157 0.0525583 0.0649164 0.0731561 0.075779 0.0809775 0.0930846 
0.0723827 0.06694 0.0417181 0.0159558 0.00843767 0.0193708 0.0351423 0.0428591 0.0381649 0.0240555 0.00681783 -0.00745603 -0.0153406 -0.0168952 -0.0149021 -0.012982 -0.0128982 -0.0128016 -0.00868664 0.00175917 0.0166338 0.0310377 0.0417245 0.0509951 0.0628265 0.0738761 0.0745685 0.0637636 0.0554618 0.0615733 
0.0320681 0.0431783 0.0398262 0.0325892 0.0359177 0.0504169 0.0644005 0.0663367 0.0529533 0.0291862 0.00393574 -0.0149781 -0.024238 -0.0251233 -0.0213927 -0.0170921 -0.0147381 -0.0138168 -0.0107109 -0.00127644 0.0148836 0.0324763 0.0453166 0.053765 0.0622133 0.067634 0.0596297 0.037202 0.01709 0.0166574 
-0.000126015 0.0235269 0.0375014 0.0449709 0.0559548 0.071485 0.0824485 0.079333 0.0598701 0.0298867 -0.000369154 -0.0218619 -0.0312027 -0.030659 -0.0248095 -0.0178323 -0.0126545 -0.0100745 -0.0073758 0.000661186 0.0163478 0.0342376 0.0456074 0.0489738 0.0497034 0.0473312 0.0333587 0.006766 -0.0169256 -0.0194157 
-0.00322782 0.0219763 0.0384053 0.0487665 0.061261 0.0758309 0.0840908 0.078251 0.0571209 0.0264034 -0.0040974 -0.0253468 -0.0338164 -0.0318851 -0.0242376 -0.0150835 -0.00781093 -0.00418527 -0.00207809 0.00420349 0.0177083 0.032749 0.039634 0.036573 0.0302226 0.0229622 0.00923057 -0.011727 -0.0278555 -0.0249384 
0.0372932 0.051466 0.0536378 0.0544102 0.0625707 0.0741895 0.0787909 0.0699332 0.0484203 0.0201172 -0.00681988 -0.0252543 -0.032396 -0.0300606 -0.0220619 -0.0123705 -0.00470308 -0.00102157 0.00095037 0.00673568 0.0184284 0.0296589 0.0316877 0.0244854 0.0157689 0.00923605 0.00213745 -0.00447389 -0.00205873 0.0145949 
0.122907 0.118775 0.0959016 0.0781351 0.0763391 0.0813665 0.0792303 0.0645878 0.0410354 0.0153814 -0.0064072 -0.0208029 -0.0269758 -0.0260313 -0.0201727 -0.0125312 -0.00646219 -0.00320885 7.86384e-05 0.00801129 0.0204602 0.0300611 0.0299514 0.0225141 0.0157419 0.0135084 0.0165037 0.0300037 0.0598246 0.0981861 
0.234679 0.211975 0.160421 0.11847 0.101116 0.0957914 0.0852676 0.064263 0.0382603 0.0148223 -0.00216093 -0.012785 -0.0184797 -0.020058 -0.0181822 -0.0145544 -0.0112398 -0.00824312 -0.0024331 0.00928518 0.0245568 0.03549 0.0367653 0.0317952 0.0278916 0.0296462 0.042788 0.0783457 0.139748 0.204755 
0.333041 0.295383 0.217645 0.150754 0.116049 0.100899 0.0854569 0.0623841 0.0365755 0.0153969 0.0017975 -0.0059345 -0.0107751 -0.0141997 -0.0162117 -0.0167853 -0.0159952 -0.0126558 -0.0040654 0.0111437 0.0293325 0.0430187 0.047636 0.0457193 0.0432742 0.0466547 0.0672401 0.121059 0.209136 0.297299 
