0.516137 0.410375 0.235333 0.0957622 0.0243641 0.00245187 0.00577357 0.0174657 0.0273475 0.0303309 0.0246462 0.0118643 -0.00319584 -0.0153549 -0.0221115 -0.0234406 -0.0199414 -0.0125986 -0.00421008 0.00112076 0.00204537 0.00222068 0.00548244 0.010519 0.0153892 0.0267914 0.0643863 0.156772 0.312212 0.469369 
0.530002 0.412616 0.229702 0.0907592 0.0251176 0.00620691 0.00719909 0.0151868 0.0232059 0.0257819 0.0203694 0.00873053 -0.0046681 -0.0154876 -0.0215928 -0.0229112 -0.0197759 -0.0128421 -0.00465923 0.000776116 0.00193636 0.00235043 0.00591478 0.0108943 0.0150217 0.0269417 0.0695755 0.171001 0.333854 0.491188 
0.400211 0.301407 0.160531 0.0597131 0.0153406 0.00217318 0.000916864 0.0061278 0.0136613 0.0173303 0.0140392 0.00526181 -0.00558672 -0.0149835 -0.0208293 -0.0227544 -0.0205263 -0.014237 -0.00619014 -0.000194724 0.00243453 0.00514617 0.0111233 0.0169553 0.0186828 0.0252596 0.0594061 0.142412 0.269054 0.382645 
0.224306 0.158144 0.0781847 0.0276741 0.00751278 -0.00103798 -0.00558394 -0.00375069 0.00283561 0.00805479 0.00839401 0.00360264 -0.00493334 -0.0139107 -0.0203267 -0.0231989 -0.0219618 -0.0164923 -0.00885628 -0.00221167 0.00271049 0.00894253 0.0185866 0.0267372 0.0270621 0.0261932 0.0440206 0.0951595 0.169765 0.227807 
0.097755 0.0616188 0.0288247 0.0138607 0.0083099 0.000693493 -0.00758013 -0.00924644 -0.00418662 0.00226424 0.00631251 0.00521324 -0.00210543 -0.0120558 -0.0198567 -0.0236381 -0.0230988 -0.018514 -0.0115968 -0.0043481 0.00316377 0.0129846 0.0257988 0.035939 0.0353474 0.0273056 0.0285126 0.051328 0.0870837 0.109279 
0.0388537 0.0245136 0.0162297 0.0150343 0.0121116 0.00273591 -0.00748685 -0.0104251 -0.00571401 0.00188834 0.0084534 0.00949527 0.00223376 -0.0093542 -0.0187504 -0.023287 -0.0232809 -0.0195614 -0.0133002 -0.00535209 0.00459963 0.0173935 0.0320914 0.0424843 0.0398311 0.0251037 0.013104 0.0175135 0.0343362 0.0451299 
0.0207926 0.0195546 0.0195821 0.0185812 0.0123152 0.00133452 -0.00800625 -0.00915391 -0.00272393 0.00615797 0.0132733 0.0140907 0.00599745 -0.00670342 -0.0169685 -0.0219773 -0.0224503 -0.0193046 -0.0131176 -0.00418946 0.00754342 0.0216634 0.0358427 0.0437663 0.0373699 0.017311 -0.00227243 -0.00628699 0.00509795 0.0174318 
0.0193048 0.0233251 0.0241491 0.0204931 0.0120332 0.00150157 -0.00559864 -0.00424633 0.00409003 0.0132978 0.0186122 0.0169528 0.00769064 -0.00479273 -0.0146424 -0.0197082 -0.0205782 -0.0176842 -0.0111652 -0.00137809 0.0108902 0.0238011 0.0341735 0.0368095 0.0260606 0.00382978 -0.0163806 -0.0202432 -0.00726244 0.00941932 
0.0239791 0.0273084 0.0264128 0.0220708 0.0150969 0.0074469 0.00301843 0.00583042 0.0142067 0.0215345 0.0230096 0.0177795 0.00774097 -0.00321735 -0.0116219 -0.0164114 -0.0176329 -0.0150331 -0.00855573 0.00119179 0.0125336 0.0223009 0.0270565 0.0239074 0.0106938 -0.0093614 -0.024475 -0.023013 -0.00610061 0.0130288 
0.0299443 0.0285807 0.0242544 0.0196021 0.015651 0.0130104 0.0132704 0.0181339 0.0252451 0.0288781 0.0257888 0.0174317 0.00734329 -0.00167346 -0.00850175 -0.0128947 -0.0143048 -0.0121023 -0.00635659 0.00218966 0.0115131 0.0177007 0.0175437 0.0109237 -0.000806425 -0.0142182 -0.0209888 -0.0133459 0.00560835 0.0229886 
0.0354818 0.0275607 0.0179897 0.0107081 0.00799697 0.010725 0.0179407 0.0267534 0.0328131 0.0326895 0.026266 0.0165037 0.00691277 -0.000876549 -0.00690434 -0.0109934 -0.0122629 -0.0103301 -0.00570115 0.00106254 0.00840121 0.0122773 0.00957151 0.00242565 -0.00472684 -0.00899644 -0.00669536 0.00551447 0.0232536 0.0353133 
0.0416797 0.0282654 0.0133511 0.00138639 -0.00323245 0.00250104 0.0159557 0.02895 0.0345069 0.0319819 0.0245574 0.0153063 0.00636732 -0.00128726 -0.00744233 -0.0114391 -0.0124429 -0.0107751 -0.00739924 -0.00218348 0.0045743 0.00904605 0.00728259 0.00185867 -0.000893765 0.00183858 0.0104247 0.0248928 0.0403146 0.0472612 
0.0459939 0.030246 0.0125452 -0.00317684 -0.0109185 -0.0049957 0.0115987 0.0269614 0.032226 0.0288707 0.0221198 0.0142274 0.00583373 -0.0021 -0.00854173 -0.0124283 -0.0132388 -0.01197 -0.00977963 -0.00556082 0.00197271 0.00950234 0.0117128 0.00945462 0.00875273 0.0130052 0.0224872 0.036514 0.0500035 0.0542168 
0.0436806 0.0280134 0.010694 -0.00528004 -0.0138005 -0.00804886 0.00895395 0.0241828 0.0287817 0.0253868 0.0196087 0.0128465 0.00503724 -0.00260834 -0.00861818 -0.011958 -0.0124387 -0.0113507 -0.00981871 -0.00619345 0.00179114 0.0116659 0.017715 0.0186742 0.0185467 0.0209367 0.0276444 0.0389047 0.0500338 0.0526384 
0.036775 0.0211797 0.00483399 -0.00884023 -0.0145847 -0.00718871 0.00914861 0.0222597 0.0253699 0.0218473 0.0166198 0.01058 0.00368357 -0.00283087 -0.00773756 -0.0103088 -0.0104068 -0.00912812 -0.00751277 -0.00428384 0.00255415 0.011474 0.018176 0.0209568 0.0218461 0.023423 0.0276806 0.0356489 0.0441842 0.0458395 
0.0320929 0.0157587 -0.0017299 -0.0142036 -0.016429 -0.00620087 0.00985377 0.02075 0.0223381 0.0185297 0.0134736 0.00799521 0.0022893 -0.00278721 -0.00668802 -0.00896117 -0.00918352 -0.00791945 -0.00608276 -0.00333425 0.00113464 0.00647783 0.0108172 0.0137259 0.0162525 0.0190869 0.0227594 0.0288302 0.0366586 0.0398071 
0.0317916 0.015525 -0.0042811 -0.0180833 -0.0192658 -0.00750839 0.00858138 0.0185688 0.0196038 0.0155902 0.0104252 0.00539501 0.000876675 -0.00291975 -0.00613312 -0.00848381 -0.00934736 -0.00885098 -0.00760235 -0.00582631 -0.00375584 -0.00198542 -0.000600197 0.00136123 0.00470315 0.0086511 0.0125266 0.0186707 0.0285578 0.0359749 
0.0323177 0.0185719 -0.00113102 -0.0161019 -0.0185993 -0.00826227 0.00648311 0.0159153 0.0170259 0.012835 0.00723116 0.00229893 -0.00137357 -0.00413046 -0.00654614 -0.00856142 -0.00986843 -0.0106136 -0.0108905 -0.0105473 -0.0099744 -0.00987959 -0.0101007 -0.00940727 -0.00692347 -0.00351972 0.000296843 0.00757387 0.0203698 0.0321448 
0.0304483 0.0211371 0.00524964 -0.00837879 -0.0126059 -0.00620639 0.00482384 0.01284 0.0143426 0.0105197 0.00462243 -0.000598032 -0.00406847 -0.00622643 -0.00777563 -0.00895439 -0.0101356 -0.0118204 -0.0135593 -0.0142554 -0.0138011 -0.0132509 -0.0134283 -0.0138382 -0.0132735 -0.0115139 -0.00815832 -0.00018769 0.0137484 0.0271633 
0.0257779 0.0201944 0.00917315 -0.00145703 -0.00659807 -0.00470776 0.00151838 0.00774942 0.0104 0.00828285 0.0031392 -0.00207096 -0.00562261 -0.00764987 -0.00874201 -0.00928038 -0.0100978 -0.0119704 -0.0141328 -0.0147595 -0.0132077 -0.0109444 -0.0101813 -0.0114366 -0.0128829 -0.0127483 -0.009931 -0.00233159 0.0101916 0.0219355 
0.0193065 0.0147899 0.00690572 -0.000715185 -0.0055183 -0.00672225 -0.00436542 0.000457702 0.00450141 0.00472411 0.0013675 -0.00280033 -0.00574824 -0.00746173 -0.00840967 -0.00881547 -0.00938882 -0.0108755 -0.0125925 -0.0126067 -0.00989071 -0.00601699 -0.00425488 -0.00604932 -0.00903362 -0.00995788 -0.00729143 -0.000414984 0.00937249 0.0174263 
0.0134682 0.00819716 0.00144214 -0.00401682 -0.00768454 -0.0100174 -0.00975859 -0.00610072 -0.00178582 -0.000329676 -0.00202808 -0.00441328 -0.00574654 -0.00637481 -0.00690206 -0.00730738 -0.00779871 -0.00887191 -0.0102102 -0.0102224 -0.00751348 -0.00317024 -0.000787873 -0.00262784 -0.00633545 -0.00756326 -0.00437183 0.0022806 0.00966969 0.0141964 
0.0105056 0.00495771 -0.00133774 -0.00573376 -0.00856917 -0.0109368 -0.0114445 -0.00901558 -0.00597332 -0.00507664 -0.00614553 -0.00693787 -0.00638954 -0.00548093 -0.00514424 -0.00531726 -0.00580872 -0.00681984 -0.00832109 -0.00913109 -0.00756159 -0.00385991 -0.00128141 -0.00268979 -0.00623454 -0.00703057 -0.00289352 0.00388893 0.00974869 0.012334 
0.00861559 0.00467017 -0.00011554 -0.00374905 -0.00645097 -0.00881741 -0.00960884 -0.00838601 -0.00725999 -0.0078264 -0.00904652 -0.00891407 -0.00713015 -0.00510822 -0.00393308 -0.00368695 -0.00413738 -0.00527572 -0.00709787 -0.00873995 -0.00849271 -0.00586218 -0.00339665 -0.00416982 -0.00696519 -0.00698876 -0.00221251 0.00414795 0.00842906 0.00990455 
0.00351611 0.00246781 0.000789952 -0.0013062 -0.00391252 -0.00642732 -0.0073542 -0.00684755 -0.00697337 -0.00849264 -0.00980773 -0.00930164 -0.00728298 -0.00510855 -0.00359603 -0.00295771 -0.00319327 -0.00424914 -0.00605092 -0.00800871 -0.00864965 -0.0070249 -0.0048579 -0.00502024 -0.0069105 -0.00642315 -0.00197914 0.00279414 0.00452088 0.00416524 
-0.00558634 -0.00431789 -0.00262244 -0.00240932 -0.0042177 -0.00650764 -0.00720095 -0.006548 -0.00659091 -0.00785799 -0.00879516 -0.00826271 -0.00679837 -0.00525443 -0.00390206 -0.00299556 -0.00284876 -0.00352312 -0.00494802 -0.0067536 -0.00775824 -0.00684254 -0.00502939 -0.00476218 -0.00602772 -0.00577188 -0.00277918 -0.000392221 -0.00163529 -0.00454074 
-0.0145074 -0.0124894 -0.00868664 -0.0063773 -0.00694607 -0.00863838 -0.00881879 -0.00738842 -0.00634955 -0.00653281 -0.00685381 -0.00650701 -0.00588269 -0.00520552 -0.00422421 -0.00316893 -0.00261355 -0.00281411 -0.00375769 -0.00514797 -0.00599765 -0.00530875 -0.00380224 -0.00351975 -0.00486091 -0.00571051 -0.00483311 -0.00462383 -0.00777969 -0.0124806 
-0.0190379 -0.0170219 -0.0126197 -0.00949552 -0.00950967 -0.0109333 -0.010765 -0.00849754 -0.00617002 -0.00516285 -0.00491376 -0.00472662 -0.00472491 -0.0047068 -0.00408265 -0.00298681 -0.00212311 -0.00193013 -0.00244634 -0.00329485 -0.00355391 -0.00257856 -0.0012686 -0.00144608 -0.00359672 -0.00607035 -0.00729654 -0.00848539 -0.0119613 -0.016733 
-0.018947 -0.0165911 -0.0123928 -0.00982808 -0.0104155 -0.0122225 -0.0121679 -0.00955593 -0.00642885 -0.00455586 -0.00376076 -0.00342788 -0.00355685 -0.00380627 -0.0034279 -0.00239094 -0.00137208 -0.000915556 -0.00109613 -0.00141541 -0.000963155 0.000507591 0.00173328 0.00099129 -0.00207504 -0.00596 -0.00883523 -0.0109324 -0.0139661 -0.0175688 
-0.0161121 -0.0131431 -0.00935553 -0.00774413 -0.00915988 -0.0116207 -0.0122993 -0.0103012 -0.00729612 -0.00506529 -0.00372762 -0.00288979 -0.00264682 -0.00275576 -0.00246526 -0.00155374 -0.000534946 5.26985e-05 0.000125877 0.000225437 0.00115766 0.00287682 0.00401138 0.0030469 -0.000288019 -0.00476332 -0.00864612 -0.0114593 -0.0140326 -0.0161748 
-0.0122206 -0.00904285 -0.00576776 -0.00465957 -0.00622284 -0.0090465 -0.0108353 -0.0102659 -0.0082142 -0.00619467 -0.00454142 -0.00310908 -0.00219758 -0.00183848 -0.00143318 -0.000620399 0.000304694 0.000912285 0.00116661 0.00154614 0.00258913 0.00408549 0.00498515 0.0042099 0.00136761 -0.00292899 -0.00725017 -0.0104727 -0.0125319 -0.0133763 
-0.00946111 -0.00653863 -0.00384521 -0.00285646 -0.00395859 -0.00649934 -0.00884342 -0.0094248 -0.0084095 -0.00693929 -0.00535146 -0.00356483 -0.00203465 -0.00111456 -0.000444714 0.000370616 0.00119258 0.00172023 0.00200776 0.00244396 0.00324221 0.00412454 0.00460639 0.00414453 0.00204606 -0.00185403 -0.00635943 -0.00972126 -0.0112486 -0.0111521 
-0.0102354 -0.00760835 -0.00540888 -0.00453477 -0.00502383 -0.00647304 -0.00792545 -0.00828991 -0.00759006 -0.0065622 -0.00525854 -0.00344895 -0.00162835 -0.000374338 0.000481874 0.00130438 0.0019994 0.0023251 0.00241708 0.00262839 0.00293439 0.00304022 0.00298328 0.00265638 0.00103489 -0.00268899 -0.00741657 -0.0109885 -0.0124261 -0.0120477 
-0.0147342 -0.0122922 -0.0103753 -0.00951234 -0.00917064 -0.00881396 -0.00818443 -0.00715876 -0.00601959 -0.00511371 -0.00408692 -0.00248451 -0.000758816 0.000423815 0.0011598 0.00180625 0.00226642 0.00228828 0.00204133 0.00187983 0.00164949 0.00105189 0.000457476 9.86606e-06 -0.00155828 -0.00541714 -0.0104753 -0.0144526 -0.0163489 -0.0163528 
-0.0197371 -0.017531 -0.0156971 -0.0144251 -0.0128684 -0.0106228 -0.00809178 -0.00583527 -0.00423026 -0.00331096 -0.00247526 -0.0011474 0.000252523 0.00104036 0.00133835 0.00156414 0.00164786 0.0013131 0.000697217 0.000136079 -0.000544728 -0.00160662 -0.00255794 -0.00320059 -0.00490746 -0.00893079 -0.014143 -0.018322 -0.0205847 -0.0210234 
-0.0217449 -0.0199656 -0.0180468 -0.0158979 -0.0129933 -0.00955236 -0.00642101 -0.00414103 -0.00273233 -0.00196507 -0.00124053 -8.42546e-05 0.00100457 0.00133018 0.00107726 0.000747968 0.000350503 -0.000378322 -0.00138846 -0.00237824 -0.0033728 -0.00450676 -0.00539914 -0.00600651 -0.00766449 -0.0114989 -0.016373 -0.0201872 -0.0221998 -0.0226609 
-0.0211253 -0.0197402 -0.0173756 -0.0139965 -0.00990141 -0.00609069 -0.003552 -0.00232308 -0.00177523 -0.00140275 -0.000754501 0.000351743 0.00124857 0.00125084 0.000580773 -0.000240542 -0.00109859 -0.00216219 -0.00347396 -0.00477768 -0.00582739 -0.00658775 -0.00701591 -0.00738858 -0.00884195 -0.0122135 -0.0164224 -0.019567 -0.021098 -0.0215456 
-0.0207969 -0.0193492 -0.0159773 -0.0111818 -0.00611225 -0.00231251 -0.00068836 -0.000688482 -0.00111127 -0.00126821 -0.000857899 6.80124e-05 0.000770576 0.000624415 -0.000195423 -0.00126843 -0.00238469 -0.00352993 -0.00479573 -0.00604407 -0.00684577 -0.00706014 -0.00709469 -0.00755848 -0.00911518 -0.0120408 -0.0154194 -0.0179449 -0.0194989 -0.0205691 
-0.0217628 -0.0198431 -0.0152334 -0.00918759 -0.00340833 0.000380087 0.00149027 0.000865787 -0.000134088 -0.000901247 -0.00114621 -0.000780388 -0.000376373 -0.000540166 -0.00128267 -0.00236249 -0.00349181 -0.00442188 -0.00524019 -0.0060497 -0.00649304 -0.00643094 -0.00661871 -0.00781147 -0.00987287 -0.0122043 -0.0143107 -0.016215 -0.0184626 -0.0208414 
-0.0220043 -0.0197687 -0.0146002 -0.00811495 -0.00211921 0.00174167 0.00295563 0.00249324 0.00142821 7.66019e-05 -0.00112452 -0.00158353 -0.0015438 -0.00169849 -0.002326 -0.00334386 -0.00439346 -0.00500246 -0.0052211 -0.0054624 -0.00566014 -0.00573234 -0.0065021 -0.00859552 -0.0110285 -0.0124116 -0.0129542 -0.014258 -0.0172594 -0.0206929 
-0.0190757 -0.0170419 -0.0127414 -0.00727294 -0.0019262 0.00189214 0.00357699 0.0037373 0.00299532 0.00137371 -0.000559542 -0.00173431 -0.00208751 -0.0023704 -0.00301095 -0.00401426 -0.0050145 -0.00540527 -0.0051735 -0.00496911 -0.00504984 -0.00537196 -0.00657411 -0.00903681 -0.0113474 -0.0118781 -0.0114566 -0.0123985 -0.0152769 -0.0182313 
-0.0133533 -0.0115439 -0.00904298 -0.00582278 -0.00214035 0.00105615 0.0029536 0.00365207 0.00339394 0.00201249 2.77661e-05 -0.00140174 -0.00209865 -0.00269279 -0.00349116 -0.00452295 -0.00553734 -0.00591114 -0.00550962 -0.00502506 -0.00493381 -0.00524059 -0.00638366 -0.00861435 -0.0106124 -0.0109826 -0.0107068 -0.0116235 -0.0133514 -0.0141255 
-0.00751982 -0.00512103 -0.00403589 -0.0032612 -0.00195012 -0.000303422 0.000972141 0.00168008 0.0018091 0.00107443 -0.000212291 -0.00124628 -0.00202029 -0.00294051 -0.00398949 -0.00514047 -0.00629407 -0.00687176 -0.00655373 -0.00586349 -0.00537565 -0.00530285 -0.0061385 -0.00813572 -0.0101627 -0.0110537 -0.0115823 -0.0126799 -0.012947 -0.010835 
-0.00187902 0.00156332 0.00166107 1.49046e-05 -0.00159026 -0.00236993 -0.00247565 -0.00214395 -0.00167971 -0.00154136 -0.00164618 -0.00170194 -0.00206727 -0.00304793 -0.004337 -0.00573541 -0.00716188 -0.0081089 -0.00811398 -0.0073766 -0.00640269 -0.00578916 -0.00640848 -0.00851234 -0.0108894 -0.0124024 -0.0135529 -0.0144849 -0.0130531 -0.00795945 
0.0060065 0.00937754 0.00767576 0.00302884 -0.0020741 -0.00583477 -0.00754736 -0.00738818 -0.00623948 -0.00500263 -0.00379138 -0.00263284 -0.0021892 -0.00286038 -0.00426088 -0.00595295 -0.00768518 -0.00904351 -0.00958114 -0.00912996 -0.00792246 -0.00689557 -0.00733216 -0.00932895 -0.011451 -0.0127407 -0.0136253 -0.013498 -0.00975201 -0.00186634 
0.0160305 0.0173811 0.0129328 0.00524578 -0.0030829 -0.00967235 -0.0128312 -0.0124574 -0.0101753 -0.00767112 -0.00534658 -0.00329379 -0.00220423 -0.00255005 -0.00401033 -0.00598153 -0.00796402 -0.0095948 -0.0105798 -0.0105298 -0.00938428 -0.00821728 -0.00836214 -0.00941891 -0.00973102 -0.00900426 -0.00819827 -0.00630294 -0.00053858 0.00862364 
0.0244843 0.0227622 0.0160349 0.00686942 -0.00291436 -0.0111891 -0.0153904 -0.0147833 -0.0115006 -0.00802845 -0.00514653 -0.00296736 -0.00199273 -0.00251389 -0.00421495 -0.00648491 -0.00864029 -0.0102484 -0.0111776 -0.0110769 -0.00982003 -0.00855727 -0.00837665 -0.00801998 -0.00534845 -0.000890882 0.00301802 0.00664866 0.0125147 0.0200117 
0.0285858 0.0241086 0.0165695 0.00820308 -0.000613226 -0.00878604 -0.0132655 -0.0126655 -0.00924951 -0.00577755 -0.00318337 -0.00169374 -0.00164276 -0.00295335 -0.00517881 -0.00780047 -0.0100635 -0.0113592 -0.0115808 -0.0105259 -0.00829855 -0.00645668 -0.00610025 -0.00499921 3.28505e-05 0.00815079 0.0153713 0.0202014 0.0243913 0.0281306 
0.0287247 0.0220566 0.0145227 0.00832981 0.00229945 -0.00387462 -0.007318 -0.00660847 -0.00393675 -0.00158599 -0.000196868 -7.50445e-05 -0.00144032 -0.00386543 -0.00674763 -0.00966708 -0.011906 -0.0126778 -0.0116606 -0.00866367 -0.00430166 -0.0011749 -0.000999417 -0.000680339 0.00440681 0.013775 0.0226067 0.0280768 0.0309217 0.0316123 
0.0266065 0.0177537 0.00957116 0.00513074 0.00230616 -0.000434528 -0.00118906 0.000564066 0.00266858 0.00365045 0.0033247 0.00153797 -0.00154736 -0.00510987 -0.00846926 -0.0113759 -0.0133152 -0.0134048 -0.0108981 -0.0054603 0.00160691 0.00637248 0.00627398 0.00498194 0.00814724 0.0156728 0.02317 0.0282793 0.031222 0.0313221 
0.0238256 0.0127093 0.0027746 -0.00143646 -0.00206915 -0.00132024 0.00141197 0.00533566 0.00815898 0.00883267 0.00726646 0.00356946 -0.00133904 -0.00598069 -0.00956116 -0.0121402 -0.0136008 -0.0130296 -0.00921373 -0.00173558 0.00748809 0.0137524 0.0141097 0.012309 0.0138523 0.0183127 0.02228 0.0253741 0.0284499 0.0292823 
0.0222576 0.0090575 -0.00257446 -0.00737043 -0.00742203 -0.00503154 -9.1131e-05 0.00604276 0.0108164 0.0128181 0.0114771 0.00688566 0.000555886 -0.00525273 -0.00929897 -0.0117836 -0.0130119 -0.0121016 -0.00753277 0.000988316 0.0111546 0.0183664 0.0199907 0.0195624 0.0216312 0.0248023 0.0260758 0.0267041 0.0286059 0.0289466 
0.024476 0.00947927 -0.00247817 -0.00744609 -0.00852274 -0.00747886 -0.00298242 0.00430783 0.0113678 0.0156583 0.0158106 0.0116317 0.00460124 -0.00259249 -0.00789852 -0.0110864 -0.0126303 -0.01183 -0.00719029 0.00131317 0.0112051 0.0184608 0.0211425 0.022753 0.0271993 0.0323311 0.0346897 0.0353256 0.0360265 0.033989 
0.0323538 0.0166961 0.00591029 0.000864726 -0.00306567 -0.00590214 -0.00364587 0.00405962 0.0130766 0.0191712 0.0203382 0.0165259 0.00900706 0.000316959 -0.00683385 -0.0113673 -0.0135266 -0.0129354 -0.00856919 -0.000775015 0.00806171 0.0146473 0.0176009 0.0202813 0.0266231 0.0350081 0.0417464 0.0462155 0.0482514 0.0445204 
0.0445465 0.0302227 0.0207277 0.0141964 0.00584642 -0.00142715 -0.0010185 0.00752992 0.0182055 0.0247803 0.0249709 0.0198501 0.0111774 0.00106642 -0.00775983 -0.0134997 -0.0158595 -0.0148192 -0.0102694 -0.00307452 0.00479089 0.0109282 0.0139316 0.015966 0.0211042 0.0302051 0.0410739 0.0514077 0.0580756 0.0562101 
0.0578534 0.0452613 0.0346651 0.0243395 0.0117428 0.00218867 0.00282054 0.0130489 0.0251678 0.0312978 0.0290536 0.021153 0.0105936 -0.000767176 -0.0106762 -0.0169245 -0.018619 -0.0161543 -0.0106185 -0.00341121 0.00420715 0.0107498 0.0141365 0.0142615 0.0149529 0.0207769 0.0329612 0.0487228 0.0620961 0.0657932 
0.0708347 0.0580091 0.0425634 0.0265026 0.0115166 0.00337531 0.00644431 0.0182216 0.0308511 0.0362449 0.0319327 0.0215825 0.00926201 -0.00310775 -0.0136388 -0.0198945 -0.0205851 -0.0166055 -0.0101324 -0.00276289 0.00511107 0.0124457 0.0160571 0.0137382 0.00901841 0.00975129 0.02109 0.0412926 0.0624571 0.0739889 
0.0811742 0.0661339 0.0438993 0.0219641 0.00692989 0.00329596 0.00997034 0.0220734 0.0336431 0.0383363 0.0334562 0.0221258 0.00874489 -0.0042624 -0.0150093 -0.0211507 -0.0213908 -0.0169726 -0.0105739 -0.00347115 0.00467341 0.0123602 0.0149593 0.00945154 0.000103431 -0.00309878 0.0074927 0.031673 0.0606777 0.0802928 
0.083816 0.0653791 0.0372505 0.0117396 -0.000904264 0.00143207 0.0117124 0.0231682 0.0329922 0.0374809 0.033262 0.0218965 0.00796002 -0.00509103 -0.0153373 -0.0211268 -0.0214796 -0.0175443 -0.0118005 -0.00501413 0.00340377 0.0107298 0.01071 0.000911214 -0.0119407 -0.0163835 -0.00477771 0.0228262 0.0572309 0.0816956 
0.0780997 0.0551401 0.0228487 -0.0033629 -0.0121329 -0.00442239 0.00858004 0.019569 0.0285159 0.0335554 0.0303403 0.0191374 0.00514195 -0.00710177 -0.0160344 -0.0210694 -0.0214762 -0.0178078 -0.011986 -0.00465814 0.00433929 0.0109613 0.00780592 -0.00612684 -0.020871 -0.0239389 -0.00962621 0.0201546 0.0554249 0.0789423 
0.0695781 0.0419718 0.00687971 -0.0187612 -0.0244443 -0.0138265 0.000526437 0.0117281 0.020746 0.0263753 0.0240719 0.0137668 0.000984161 -0.00955083 -0.0169449 -0.0212867 -0.0215797 -0.017398 -0.010148 -0.00107464 0.00901305 0.0153904 0.01059 -0.0050424 -0.0195748 -0.0204565 -0.00408799 0.0254516 0.0574346 0.0757593 
0.0622403 0.0319978 -0.00403438 -0.0289487 -0.033728 -0.0230431 -0.00845532 0.00337121 0.0123049 0.0175251 0.0160506 0.00811991 -0.00187155 -0.0103775 -0.0169128 -0.0212248 -0.0214732 -0.0162215 -0.00668526 0.00473204 0.016173 0.0232729 0.0194608 0.00540278 -0.00740723 -0.00745198 0.00786079 0.0339134 0.060316 0.0727742 
0.0570652 0.0270211 -0.00762297 -0.0316915 -0.0377638 -0.0293711 -0.0151795 -0.00212188 0.00687043 0.0110408 0.0100551 0.004828 -0.00226886 -0.00945436 -0.0160886 -0.0207952 -0.0208401 -0.0142983 -0.00262854 0.0105699 0.0228401 0.0311066 0.0301219 0.0197047 0.00914301 0.00844133 0.0202115 0.0408642 0.0615044 0.0695793 
0.057769 0.0298549 -0.00284575 -0.0274165 -0.0377141 -0.034269 -0.021214 -0.00565426 0.00550075 0.00986289 0.00877933 0.00435778 -0.00183614 -0.00894485 -0.0159525 -0.0206121 -0.0199407 -0.0122713 0.000492024 0.0140597 0.0260026 0.0349079 0.0368478 0.0302125 0.0215118 0.0195495 0.0276783 0.0439754 0.0615828 0.0690534 
0.0730233 0.0478817 0.0138139 -0.0160696 -0.0349416 -0.0390648 -0.0278483 -0.00875238 0.00697406 0.0135396 0.011929 0.00567282 -0.00229676 -0.010436 -0.0174792 -0.0213218 -0.0195961 -0.0113138 0.00130925 0.0138841 0.0243575 0.0327878 0.0364464 0.0323556 0.0243554 0.0206757 0.0262552 0.0416064 0.0625762 0.077437 
0.119048 0.0931007 0.0481125 0.0043572 -0.0270983 -0.0391654 -0.0296646 -0.00794567 0.0114312 0.02 0.0175251 0.00821306 -0.00301088 -0.0128977 -0.0198817 -0.022693 -0.0200488 -0.0116733 2.39531e-05 0.0107305 0.0187667 0.0254515 0.0294785 0.0271166 0.0197734 0.0151295 0.0204996 0.0407549 0.0756995 0.110178 
0.220087 0.180284 0.10527 0.0352396 -0.0111943 -0.0290351 -0.0209458 7.60168e-05 0.0186544 0.0265457 0.0228994 0.0112383 -0.00279216 -0.014429 -0.0215718 -0.0236916 -0.0205126 -0.0123881 -0.00198345 0.00637803 0.0113261 0.0154336 0.0193372 0.0195788 0.0154966 0.0136248 0.0243921 0.0600302 0.125229 0.194804 
0.376676 0.305311 0.179014 0.07129 0.00943579 -0.0117126 -0.00567976 0.0111314 0.0252578 0.0304534 0.025596 0.0128901 -0.00243472 -0.0149625 -0.0221507 -0.0238395 -0.0204071 -0.0126909 -0.00355614 0.00273081 0.0049641 0.00661862 0.0103297 0.0137952 0.0151979 0.0202616 0.0436973 0.107177 0.219219 0.3367 
