0.53 0.502641 0.426148 0.324585 0.22446 0.143064 0.0849361 0.0469922 0.025349 0.0174508 0.0198588 0.0265647 0.0306707 0.027825 0.0183148 0.00641865 -0.00220029 -0.00337086 0.00362633 0.0154789 0.0261177 0.0302288 0.0280613 0.0286347 0.0478048 0.100213 0.189317 0.302556 0.414955 0.498138 
0.52069 0.49508 0.420245 0.321793 0.227104 0.152511 0.100287 0.0655168 0.044152 0.0347552 0.0350293 0.0394254 0.0410963 0.035887 0.0245454 0.0117446 0.00316335 0.00261342 0.0103069 0.0225066 0.032942 0.0363441 0.0330496 0.0318316 0.0479338 0.0957737 0.179863 0.289648 0.401491 0.486468 
0.453664 0.430935 0.366235 0.283815 0.207683 0.149653 0.108357 0.0778661 0.0557793 0.0433696 0.0403961 0.0421366 0.041819 0.035249 0.0231968 0.0102284 0.00166583 0.000890366 0.00795436 0.0194797 0.0299919 0.0349055 0.0342428 0.0348422 0.0489152 0.088611 0.158835 0.252187 0.349088 0.423653 
0.353031 0.334472 0.285745 0.227209 0.176493 0.139068 0.10996 0.0834763 0.0601193 0.0444466 0.0382755 0.0375767 0.03562 0.0281839 0.0159962 0.00335433 -0.00495716 -0.00608242 -2.73069e-05 0.0105691 0.0215929 0.0295251 0.0338328 0.0384483 0.0512153 0.0808809 0.132253 0.201512 0.274619 0.331129 
0.247434 0.234077 0.203158 0.169718 0.144065 0.125661 0.107144 0.0840405 0.0598202 0.041688 0.0328755 0.0298362 0.0260601 0.0175894 0.00530347 -0.00672351 -0.0143152 -0.015272 -0.00977184 0.000259884 0.0121208 0.0233791 0.0328837 0.0416144 0.0531116 0.0727618 0.105062 0.149388 0.197191 0.234125 
0.157065 0.14878 0.133615 0.121112 0.115105 0.110859 0.100272 0.0804156 0.0566685 0.0374529 0.0266239 0.0211697 0.0152528 0.00555734 -0.00674688 -0.0178364 -0.0242303 -0.0244961 -0.0191261 -0.00951509 0.0028404 0.0164637 0.0297527 0.0414053 0.0516814 0.063354 0.0804311 0.104384 0.130878 0.150978 
0.0900478 0.0849173 0.08066 0.082095 0.0883323 0.0926176 0.0875086 0.0713738 0.0499743 0.0313921 0.0194625 0.0119522 0.00419708 -0.00623043 -0.0179529 -0.027605 -0.0325373 -0.0321166 -0.0271755 -0.0186886 -0.00711709 0.0069833 0.0219603 0.035232 0.0450874 0.052512 0.0606262 0.0714103 0.0828423 0.090071 
0.0448435 0.0395852 0.0403297 0.0484237 0.0600619 0.0681911 0.0668318 0.0551963 0.0381731 0.0223347 0.0109914 0.00277257 -0.00558331 -0.0155785 -0.0258142 -0.0336086 -0.037223 -0.0367332 -0.0331897 -0.0271332 -0.0180531 -0.00551203 0.00925593 0.0233392 0.0341719 0.0415288 0.0470661 0.051641 0.0536733 0.0510883 
0.0142797 0.00579468 0.00664604 0.0159426 0.0283633 0.0374965 0.0390311 0.0326598 0.02181 0.010983 0.00253175 -0.00433843 -0.0116519 -0.0200904 -0.0283199 -0.0343745 -0.0373251 -0.0377212 -0.0365995 -0.0339922 -0.0284919 -0.0186935 -0.00515883 0.00945522 0.0223975 0.03252 0.0395738 0.0422519 0.0382708 0.0274633 
-0.0101963 -0.0230829 -0.0243071 -0.0161774 -0.00470164 0.00461273 0.00892606 0.00824486 0.00458864 0.000393365 -0.00325103 -0.00706932 -0.0122433 -0.0187634 -0.0252873 -0.0303839 -0.0336641 -0.0358121 -0.0375611 -0.0383617 -0.0360917 -0.0286472 -0.0160575 -0.000686191 0.0146141 0.027782 0.0366471 0.0378185 0.0284072 0.0099546 
-0.0346055 -0.0505289 -0.052949 -0.0453722 -0.0341967 -0.0241546 -0.0169341 -0.0121884 -0.0088623 -0.00620983 -0.00449938 -0.00481861 -0.00786688 -0.0130149 -0.0187583 -0.0239484 -0.0284371 -0.0327172 -0.0369545 -0.0399768 -0.0392026 -0.032257 -0.0190731 -0.00216448 0.0150313 0.0292671 0.0368569 0.0335152 0.0170554 -0.00882678 
-0.0601323 -0.0761925 -0.0771824 -0.0680132 -0.0555252 -0.0439386 -0.0340437 -0.0249778 -0.016065 -0.00772762 -0.00149947 0.000937417 -0.000851798 -0.00563307 -0.0115856 -0.0176264 -0.023637 -0.0297416 -0.0354388 -0.0389919 -0.0376086 -0.0289972 -0.013393 0.00599398 0.0244354 0.0370811 0.039276 0.027436 0.00181712 -0.0310427 
-0.0833588 -0.0968427 -0.0940507 -0.0814743 -0.0665228 -0.0531754 -0.0415024 -0.0298998 -0.0174989 -0.00535628 0.00393683 0.0080185 0.00656074 0.00135425 -0.00535823 -0.0123811 -0.0195108 -0.0265409 -0.0324895 -0.0353187 -0.0322615 -0.021217 -0.00272774 0.0191919 0.038202 0.0476249 0.0422099 0.0200913 -0.0150139 -0.0534603 
-0.0983942 -0.107773 -0.100421 -0.0841582 -0.0669041 -0.0525765 -0.0406786 -0.0287145 -0.0151754 -0.0012545 0.00970102 0.0146615 0.0132109 0.00750174 0.00017873 -0.00732207 -0.0146524 -0.0214759 -0.0267712 -0.0286771 -0.0247136 -0.0128494 0.00655103 0.0292959 0.0479362 0.0542534 0.0425149 0.0124793 -0.0290856 -0.0700934 
-0.0992903 -0.103926 -0.0927904 -0.074334 -0.0565583 -0.0432098 -0.0332704 -0.0233395 -0.0110657 0.0025999 0.013941 0.0194102 0.018309 0.0127919 0.00567849 -0.00136577 -0.00784639 -0.0135206 -0.0177933 -0.0194755 -0.0166311 -0.00712041 0.00955054 0.0300844 0.0470841 0.0516127 0.0375376 0.0053941 -0.0365385 -0.0752854 
-0.0822209 -0.0815278 -0.0681356 -0.0502572 -0.035158 -0.0258392 -0.0205533 -0.0150942 -0.00639769 0.0049589 0.0152815 0.0208274 0.0205634 0.016261 0.0105028 0.00495737 0.000169879 -0.00383534 -0.00709958 -0.00933032 -0.00926761 -0.0046074 0.00636926 0.0220479 0.0362076 0.0402491 0.0280406 0.000219636 -0.0350542 -0.0657817 
-0.0481462 -0.041384 -0.0272278 -0.0129289 -0.00403707 -0.00195125 -0.00382061 -0.0048227 -0.00158218 0.00556934 0.0132615 0.0179975 0.0185855 0.0161938 0.012732 0.00948333 0.00684965 0.00464708 0.00234882 -0.000461715 -0.00311862 -0.00328482 0.00172115 0.0118941 0.0226187 0.0265175 0.0183022 -0.00112265 -0.0245382 -0.0423976 
-0.00498283 0.00802167 0.0218815 0.0307614 0.0314979 0.0248345 0.0148438 0.00664258 0.00347214 0.00507592 0.00864341 0.0113602 0.0121936 0.011714 0.0108753 0.0102041 0.00975032 0.00922404 0.00799743 0.00541518 0.00179819 -0.000740115 0.000667916 0.00674953 0.0141411 0.017165 0.0123832 0.00179878 -0.0082271 -0.0112909 
0.0340828 0.0520755 0.0650803 0.0688768 0.0626322 0.0488797 0.0323803 0.0180552 0.00877347 0.00443093 0.00305876 0.00284349 0.0031543 0.00406623 0.00550952 0.00708413 0.0083906 0.00917243 0.00909409 0.00774335 0.00535428 0.00353269 0.00445401 0.00850162 0.0129167 0.0138483 0.0103887 0.0063403 0.00756751 0.0173869 
0.0570981 0.077348 0.0892788 0.0902709 0.0810205 0.0646255 0.0454254 0.0275798 0.0136389 0.00404155 -0.00198871 -0.00513241 -0.00561957 -0.00385058 -0.000841185 0.00217068 0.00443271 0.00588176 0.00673443 0.00711244 0.00728701 0.008106 0.0104391 0.0136596 0.0152503 0.0131657 0.00906226 0.00843976 0.0166587 0.0344582 
0.0600328 0.0792658 0.089984 0.090946 0.0832537 0.0691389 0.0514108 0.0330595 0.016543 0.00329117 -0.00603205 -0.0110578 -0.0118453 -0.00937672 -0.00548724 -0.00198379 0.000289829 0.00164353 0.00295831 0.00495066 0.00789024 0.0116861 0.0156758 0.018142 0.0168895 0.0116096 0.00596682 0.00628035 0.0169716 0.0369067 
0.0478986 0.0636041 0.0729674 0.0756761 0.0723058 0.0633518 0.0496346 0.0329723 0.0159544 0.00114008 -0.00947875 -0.0147814 -0.0149381 -0.0115971 -0.00724649 -0.00394614 -0.00233828 -0.00159319 -0.000178424 0.0031095 0.00841695 0.0146618 0.0197585 0.021182 0.0173014 0.00934632 0.0021534 0.0018039 0.0113747 0.0286555 
0.0298265 0.0411085 0.0491738 0.0539979 0.0551193 0.0512803 0.0417327 0.0275964 0.0117161 -0.00256404 -0.0125013 -0.0166764 -0.0155101 -0.0111808 -0.00656165 -0.00369947 -0.00287036 -0.00272026 -0.00121714 0.00311753 0.0102063 0.0181272 0.0237535 0.0241478 0.0183334 0.00864679 0.000263978 -0.00167922 0.00456169 0.0165247 
0.0129417 0.0204171 0.0276038 0.0341011 0.0382604 0.0376322 0.0308654 0.0191113 0.00547623 -0.00658424 -0.0144182 -0.0167772 -0.0142609 -0.00918904 -0.00444523 -0.00189062 -0.00147728 -0.00152797 0.000190401 0.00516013 0.0130573 0.0214987 0.0269474 0.0265097 0.0197787 0.00958311 0.000705497 -0.00298258 -0.00073462 0.00542901 
-0.000244015 0.00470932 0.0115864 0.0192033 0.024817 0.0254471 0.0200372 0.0103407 -0.000383405 -0.0092177 -0.0143065 -0.0148831 -0.0115326 -0.00626366 -0.00161049 0.000825008 0.00122845 0.00126963 0.00300903 0.00765774 0.0147014 0.0218262 0.0258778 0.0245485 0.0179097 0.00866687 0.000577112 -0.00393932 -0.00484991 -0.00337324 
-0.010328 -0.00674076 0.000168939 0.00846952 0.0146301 0.0156084 0.011044 0.00340086 -0.00411691 -0.00947373 -0.011875 -0.0110925 -0.0075332 -0.00262774 0.00162694 0.00388442 0.00429005 0.00422877 0.0052867 0.0082062 0.0123909 0.0161139 0.0173259 0.0147944 0.0090246 0.00214293 -0.00356067 -0.00724565 -0.00951055 -0.0108051 
-0.0181049 -0.0150092 -0.00803261 0.000519756 0.00682471 0.00807839 0.00456672 -0.000825868 -0.00519664 -0.00740903 -0.00758389 -0.0058986 -0.00253905 0.0016274 0.00510702 0.00676777 0.00666652 0.00583594 0.00530338 0.0053098 0.00530699 0.0044691 0.00219203 -0.00154753 -0.0059615 -0.00974988 -0.0121491 -0.0137166 -0.0155575 -0.0176093 
-0.0229983 -0.0195443 -0.0125481 -0.00431324 0.00160383 0.00294244 0.000521408 -0.00267987 -0.00424854 -0.0038435 -0.00225508 7.25076e-05 0.00310672 0.00635912 0.00868495 0.00912958 0.00774503 0.00536965 0.00265541 -0.000481244 -0.00441388 -0.0090755 -0.0138515 -0.0179752 -0.0207829 -0.0218852 -0.021624 -0.0212316 -0.0218445 -0.0230932 
-0.02354 -0.0188934 -0.0118634 -0.00466392 -0.000166618 0.000291734 -0.00179845 -0.00340568 -0.00265876 1.32451e-05 0.00320312 0.00618294 0.00895412 0.0112475 0.0121612 0.0109182 0.00768537 0.00335345 -0.00145162 -0.00680996 -0.0128232 -0.0188292 -0.0236702 -0.0266087 -0.0276887 -0.0274159 -0.0265153 -0.0258078 -0.0256698 -0.0254149 
-0.0189092 -0.0126661 -0.00564873 -0.000190557 0.00164447 -0.000238527 -0.00334117 -0.00433679 -0.00179835 0.0030181 0.00792496 0.0117279 0.0143394 0.0156828 0.0151432 0.0121789 0.00713579 0.00111445 -0.0049809 -0.0109181 -0.0164988 -0.0208877 -0.0231387 -0.0233155 -0.0226211 -0.0223588 -0.0229889 -0.024022 -0.0243866 -0.0229128 
-0.0102727 -0.00283055 0.00390159 0.00721379 0.00568151 0.000477605 -0.00470038 -0.00597929 -0.00219304 0.00459161 0.0112587 0.0159532 0.0184054 0.0187974 0.0169542 0.0126713 0.00647412 -0.000335508 -0.00649004 -0.0113422 -0.0144842 -0.0152754 -0.0134533 -0.0101906 -0.00786719 -0.00836638 -0.0115884 -0.0155052 -0.0174693 -0.0157228 
-0.000946697 0.00659748 0.0125719 0.0138681 0.00939188 0.00121173 -0.00602639 -0.00793381 -0.00344006 0.00479511 0.0128442 0.0181822 0.0203247 0.0197559 0.0168539 0.0118422 0.0054123 -0.00104348 -0.00604362 -0.00869442 -0.00859521 -0.00552059 5.37038e-05 0.00609483 0.00950845 0.0081902 0.00275085 -0.00371769 -0.00753423 -0.00650206 
0.00516147 0.0114626 0.0161462 0.01601 0.0100252 0.000509236 -0.00762134 -0.0098343 -0.00507755 0.00378993 0.0124532 0.017959 0.0196434 0.0182271 0.0145919 0.00939924 0.00351482 -0.00168338 -0.0047566 -0.0048942 -0.00196229 0.00379803 0.0114334 0.0186236 0.0222428 0.0203707 0.013917 0.00623774 0.00114602 0.000882045 
0.006004 0.00984043 0.0126664 0.0116814 0.00581525 -0.00300742 -0.010403 -0.0122191 -0.00743219 0.00131668 0.00986726 0.0152051 0.0165482 0.0146847 0.0107935 0.0058844 0.00100567 -0.00253133 -0.00354734 -0.00160421 0.00300678 0.00968928 0.0173976 0.0240835 0.0271289 0.0250521 0.0188196 0.0113581 0.00582058 0.0040575 
0.00254639 0.00295536 0.00326004 0.00153177 -0.00327191 -0.0100085 -0.0154201 -0.0161695 -0.0113248 -0.00303062 0.00511979 0.0103501 0.0118016 0.010146 0.00661757 0.00243118 -0.00121551 -0.00311276 -0.00245067 0.000727486 0.00573958 0.011862 0.0182995 0.0236026 0.0258571 0.0240055 0.0188372 0.0124686 0.00699978 0.00363622 
-0.00262477 -0.00618619 -0.00899709 -0.0118265 -0.0155108 -0.0197545 -0.0226638 -0.0219466 -0.0168504 -0.00894686 -0.00109456 0.00431219 0.00636524 0.00552301 0.00292492 -0.000139637 -0.00241435 -0.00285528 -0.00104555 0.00255904 0.00707028 0.011877 0.0166205 0.0205066 0.0222371 0.020998 0.0172299 0.0121649 0.0068481 0.00180977 
-0.00771524 -0.0150008 -0.0209293 -0.0250811 -0.0279324 -0.0298851 -0.0303467 -0.0280956 -0.0226279 -0.0150057 -0.00736903 -0.0016973 0.00109969 0.00128623 -0.000126803 -0.00186392 -0.0027265 -0.00191736 0.000613982 0.00415303 0.00781353 0.0112322 0.0144696 0.0172403 0.018675 0.0180664 0.0155027 0.0114912 0.00624742 -0.000274447 
-0.0125317 -0.0222535 -0.0302597 -0.035197 -0.0371911 -0.0371519 -0.0355463 -0.0320669 -0.026441 -0.0192976 -0.0121334 -0.00651403 -0.00328697 -0.00231761 -0.00271928 -0.00329519 -0.00298972 -0.0012803 0.00159824 0.00483586 0.00768608 0.010027 0.0121579 0.0140471 0.015079 0.0146539 0.0126926 0.00928905 0.00414189 -0.00322224 
-0.0171799 -0.027346 -0.0355494 -0.0399978 -0.0406953 -0.0389387 -0.0359188 -0.0319249 -0.0267666 -0.0206515 -0.0144945 -0.0094658 -0.0063208 -0.00503964 -0.00489936 -0.00484521 -0.00398051 -0.00198167 0.000777078 0.00353306 0.00573657 0.00742229 0.00890724 0.010149 0.0106219 0.00987158 0.00788209 0.00467001 -0.000254735 -0.00758962 
-0.0206757 -0.0294403 -0.0359594 -0.0386007 -0.0376157 -0.0346301 -0.0311706 -0.0276913 -0.023837 -0.0193633 -0.0146793 -0.0106338 -0.00793932 -0.00674674 -0.00656863 -0.00653073 -0.00583943 -0.00422198 -0.00203047 0.000109786 0.00184176 0.00328337 0.00464198 0.00569321 0.00584158 0.00471738 0.00245365 -0.000800568 -0.00544372 -0.0121246 
-0.0212884 -0.0276756 -0.0314373 -0.0316179 -0.0290717 -0.0257035 -0.0229798 -0.0210664 -0.019195 -0.0166769 -0.0135643 -0.0105462 -0.00840796 -0.00753524 -0.0076945 -0.00815357 -0.00811601 -0.00722092 -0.00570798 -0.00407651 -0.00256086 -0.000998548 0.000721787 0.00218575 0.00263308 0.00162832 -0.000660181 -0.0039497 -0.0083931 -0.0143151 
-0.0181819 -0.0221684 -0.0230748 -0.0209103 -0.0173439 -0.014501 -0.0134759 -0.0138042 -0.0141555 -0.0134858 -0.0117044 -0.0095414 -0.00796005 -0.00757612 -0.00832609 -0.00950278 -0.0101922 -0.00987079 -0.00868089 -0.00711284 -0.00542326 -0.00345756 -0.00111293 0.00114552 0.0024413 0.00216862 0.000334454 -0.00280699 -0.00717588 -0.0126081 
-0.0125 -0.0145547 -0.0130809 -0.00905395 -0.00496006 -0.00308529 -0.0040276 -0.0065905 -0.00890293 -0.00971555 -0.00898085 -0.0075863 -0.00667194 -0.00698304 -0.00848767 -0.0103885 -0.011591 -0.0114078 -0.00995643 -0.00786847 -0.00559925 -0.00310055 -0.000218447 0.002718 0.00489321 0.00556932 0.0044747 0.00165734 -0.0026877 -0.00790695 
-0.00670701 -0.00731845 -0.00411504 0.00121854 0.0056278 0.00676158 0.00443686 0.000388475 -0.00319651 -0.00504462 -0.0052256 -0.00472826 -0.0047191 -0.0059059 -0.00817839 -0.0106253 -0.0120129 -0.011554 -0.00941029 -0.00644021 -0.00340739 -0.0004649 0.00258569 0.0056663 0.00820009 0.00945492 0.00892338 0.00641054 0.00213941 -0.00287777 
-0.00276308 -0.00232243 0.00183096 0.0077438 0.012285 0.01324 0.0106496 0.00636686 0.00249806 0.000136354 -0.000879993 -0.00144989 -0.002525 -0.00459922 -0.00743728 -0.0100911 -0.0113259 -0.0103727 -0.00747821 -0.00369917 -7.30715e-05 0.00303521 0.00582488 0.00844859 0.0106165 0.0117262 0.0112097 0.00878736 0.00473383 0.000215986 
-0.000892028 0.000189575 0.00432742 0.00979879 0.0140044 0.0151686 0.0133825 0.0101461 0.00703907 0.00476933 0.00313511 0.00152623 -0.00058293 -0.003347 -0.00640604 -0.00888647 -0.00971751 -0.00827661 -0.00490564 -0.000741556 0.00306509 0.00602294 0.00828613 0.0101092 0.0113957 0.0117252 0.0106845 0.00816858 0.00458933 0.00103236 
-0.000152962 0.00111805 0.00430656 0.00831138 0.0115512 0.0129594 0.0125797 0.0112159 0.00959803 0.00791601 0.00597162 0.00355525 0.000657557 -0.0025045 -0.00547485 -0.00753623 -0.00789231 -0.00614758 -0.00271763 0.00132099 0.00489154 0.00749051 0.00919541 0.010218 0.0105199 0.0098583 0.00812728 0.00558458 0.00281752 0.000618449 
-1.58121e-05 0.00109401 0.00285522 0.00493648 0.00691936 0.0085115 0.00964817 0.0103055 0.0102818 0.00927006 0.00714344 0.00412342 0.000684855 -0.00264521 -0.00536883 -0.00696487 -0.00694316 -0.00514659 -0.00202633 0.00149862 0.00454697 0.00668771 0.00792533 0.00836199 0.00793828 0.00655476 0.00442124 0.0021574 0.000463159 -0.000271067 
-0.000887239 -8.15603e-05 0.000443102 0.00101716 0.0021385 0.004072 0.00655881 0.00880677 0.00984706 0.00906695 0.00653369 0.00289961 -0.000972272 -0.00436021 -0.00679788 -0.00797924 -0.00770583 -0.00603512 -0.00343187 -0.000634638 0.00170634 0.00328764 0.00410337 0.00419028 0.00346958 0.00192326 -6.06671e-05 -0.00168673 -0.00228018 -0.00182167 
-0.00299716 -0.00245925 -0.00253497 -0.00248381 -0.00137677 0.00120598 0.00471195 0.00777836 0.00899911 0.00773717 0.00438396 -2.59305e-06 -0.00428631 -0.00767122 -0.0097925 -0.0105679 -0.0100634 -0.00852904 -0.00645664 -0.00444797 -0.00294892 -0.0020949 -0.00179371 -0.00195395 -0.00261566 -0.00377454 -0.00505697 -0.00575366 -0.00538146 -0.00419221 
-0.00540187 -0.00498787 -0.00503359 -0.00463239 -0.00289074 0.000398687 0.00436664 0.00737359 0.00794995 0.0056678 0.00127627 -0.00385668 -0.00844896 -0.011726 -0.0134628 -0.013783 -0.0129702 -0.0114379 -0.00973548 -0.00841088 -0.00778047 -0.0078101 -0.00821947 -0.00873597 -0.00926694 -0.00977774 -0.0100178 -0.00956055 -0.00827061 -0.00662704 
-0.00655458 -0.00604971 -0.00574021 -0.00470522 -0.00233784 0.00121494 0.00489525 0.00711711 0.00663789 0.0033091 -0.00189009 -0.00746616 -0.0121249 -0.0151698 -0.0165044 -0.016391 -0.0152351 -0.0135437 -0.0119324 -0.0109881 -0.0110203 -0.0119039 -0.0131696 -0.0142963 -0.0149571 -0.0149844 -0.0141956 -0.0124782 -0.0101343 -0.00792768 
-0.00558209 -0.0047247 -0.00401155 -0.00258622 -0.000137655 0.00295169 0.0056916 0.00682428 0.00544581 0.00156497 -0.0038589 -0.00942233 -0.0139235 -0.0167503 -0.0178712 -0.0175683 -0.0162209 -0.0143116 -0.0124936 -0.011473 -0.0117011 -0.0131128 -0.0151494 -0.0170679 -0.0182528 -0.0182735 -0.0168451 -0.0140307 -0.0105285 -0.00745852 
-0.00280776 -0.00134556 -0.000238533 0.00123335 0.00320155 0.00530917 0.00690956 0.0072079 0.00555173 0.00185817 -0.00319111 -0.0084327 -0.012787 -0.0156785 -0.0170412 -0.0170349 -0.0158549 -0.013837 -0.0116334 -0.0101242 -0.0100223 -0.011465 -0.0139362 -0.0165684 -0.0184964 -0.0189777 -0.0174774 -0.014027 -0.00955146 -0.0054925 
0.000486675 0.00268032 0.00425714 0.00571249 0.0070939 0.00828881 0.00915552 0.00932645 0.00818739 0.0053168 0.000970458 -0.0039491 -0.00842942 -0.0118496 -0.014013 -0.0148471 -0.0142631 -0.01239 -0.00987056 -0.00778097 -0.00712432 -0.00827589 -0.0108258 -0.013883 -0.0164462 -0.0175386 -0.016363 -0.0127984 -0.0078096 -0.00300614 
0.00247568 0.00523718 0.00738301 0.00913055 0.010432 0.0114347 0.0124423 0.0133393 0.0133481 0.0116034 0.00796193 0.00316399 -0.00174731 -0.00603697 -0.00933265 -0.0113085 -0.011601 -0.0101701 -0.00768011 -0.00538182 -0.00448046 -0.00548192 -0.00803163 -0.0112591 -0.0141463 -0.0156282 -0.0147741 -0.0113721 -0.00637646 -0.00139729 
0.00157963 0.00437448 0.00704381 0.00957718 0.0117143 0.0136215 0.015753 0.0180128 0.0193986 0.0187144 0.0155995 0.010774 0.00537853 0.000272388 -0.00402887 -0.0070234 -0.00818648 -0.00741515 -0.00543363 -0.00359684 -0.00314786 -0.00454048 -0.00735897 -0.0107339 -0.0136844 -0.0151677 -0.0142973 -0.0109902 -0.006335 -0.00188415 
-0.00225774 -0.000146399 0.00278866 0.00646465 0.0102655 0.0139999 0.0178759 0.0216399 0.0241837 0.0242547 0.0215004 0.0167027 0.0110807 0.00556202 0.000725662 -0.00286928 -0.00467635 -0.00463002 -0.00351885 -0.00270547 -0.00332546 -0.00565214 -0.00912761 -0.0128324 -0.0157816 -0.0169585 -0.0156408 -0.0121222 -0.00788236 -0.00449789 
-0.00696528 -0.00601294 -0.00316098 0.00161031 0.00727207 0.0130085 0.0185223 0.023374 0.026564 0.0270462 0.024595 0.0200141 0.0145045 0.00898683 0.00404222 0.000214049 -0.00200168 -0.00260369 -0.00240435 -0.00270252 -0.0044884 -0.00787217 -0.012175 -0.0163851 -0.0194054 -0.0201502 -0.0180691 -0.0139646 -0.00990317 -0.00763604 
-0.00960598 -0.0097446 -0.00723617 -0.00187023 0.00500849 0.0120026 0.018355 0.0235597 0.0268823 0.0275579 0.0254265 0.0211834 0.0159176 0.0105141 0.00555993 0.0015931 -0.000915499 -0.0019773 -0.00237185 -0.00332551 -0.00576266 -0.00976996 -0.0146554 -0.019317 -0.0224579 -0.0228124 -0.0199085 -0.0149902 -0.0107012 -0.00906903 
-0.00867154 -0.00945758 -0.00743952 -0.00224451 0.00469463 0.0117382 0.0179625 0.0229384 0.0261659 0.0270085 0.025198 0.0212208 0.0160517 0.010593 0.00549222 0.00133215 -0.00137727 -0.00259159 -0.00302609 -0.00387815 -0.00612296 -0.00996828 -0.0148274 -0.019581 -0.0227663 -0.022915 -0.0194987 -0.0139486 -0.00924235 -0.00765363 
-0.00513234 -0.00628547 -0.00495699 -0.000683935 0.00527761 0.0114665 0.0170912 0.0218051 0.0251107 0.0262392 0.0246908 0.0207793 0.01548 0.00981137 0.00452898 0.000277396 -0.00237722 -0.00331834 -0.00320805 -0.00326025 -0.00455452 -0.00746176 -0.0115628 -0.0158555 -0.0188996 -0.0191365 -0.0158757 -0.0104062 -0.00566953 -0.00402826 
-0.00122508 -0.00301989 -0.00277748 3.6593e-05 0.00453691 0.00970196 0.014967 0.0198923 0.0236774 0.0252306 0.0238568 0.0198706 0.0144059 0.00866492 0.00349969 -0.000434419 -0.00257317 -0.00277812 -0.00169343 -0.000555007 -0.000503324 -0.00200206 -0.00479138 -0.00812546 -0.0108346 -0.0114579 -0.00911083 -0.00469168 -0.000797149 0.00030475 
0.00156352 -0.00156284 -0.00290526 -0.00180068 0.00128117 0.00575628 0.0111737 0.0167856 0.0213027 0.0232981 0.0220437 0.0180476 0.0126921 0.00733794 0.0028527 -0.000188469 -0.00131136 -0.000426703 0.00180928 0.00416952 0.00554234 0.00547966 0.00413555 0.00194402 -0.00033705 -0.00147731 -0.000442863 0.00230411 0.0045908 0.00432429 
0.0031469 -0.00189828 -0.00511678 -0.00565314 -0.00369106 0.00040917 0.00613954 0.0123882 0.0174478 0.019713 0.0185839 0.0148368 0.0100569 0.00564579 0.00237418 0.000662094 0.00084349 0.0029222 0.00621912 0.00954487 0.0118781 0.0128584 0.0126086 0.0113337 0.0094521 0.00797075 0.00797209 0.00924056 0.0098383 0.00777909 
0.00378673 -0.00320349 -0.00807841 -0.00980711 -0.00854717 -0.00473713 0.000952402 0.0072116 0.0122212 0.0144434 0.0134776 0.0102792 0.00647006 0.00333893 0.00147321 0.00112376 0.00250888 0.00556891 0.0096062 0.013466 0.0162178 0.0176074 0.0178072 0.0169768 0.0154252 0.0140448 0.0138288 0.0144813 0.0139844 0.0103397 
0.0030486 -0.00520344 -0.0109349 -0.0130601 -0.0119664 -0.00841106 -0.00324802 0.00227121 0.00658256 0.00845173 0.00766919 0.00518734 0.00245762 0.000529128 -0.000212554 0.000378204 0.0024973 0.00608623 0.0104333 0.0143773 0.0170311 0.0182345 0.0182779 0.0174502 0.0161634 0.0152864 0.0155917 0.0164444 0.0155641 0.0109329 
5.49063e-05 -0.00823331 -0.0137238 -0.0154284 -0.0140115 -0.0105582 -0.00606282 -0.00158329 0.00175924 0.00315774 0.00256857 0.000793528 -0.00104232 -0.00218997 -0.00240835 -0.00153052 0.000742175 0.00441699 0.00874868 0.0124931 0.0147349 0.0153888 0.0149039 0.0137725 0.012567 0.012125 0.0129458 0.0140698 0.0131063 0.00818888 
-0.00570208 -0.0126871 -0.0170832 -0.0180506 -0.0162102 -0.0126424 -0.0083951 -0.00446332 -0.00168688 -0.000511592 -0.000814448 -0.00195931 -0.00318109 -0.00401276 -0.00425471 -0.00358063 -0.0014929 0.00209562 0.00634604 0.00983952 0.0115646 0.0114989 0.0102661 0.00853274 0.00692919 0.00616777 0.00654883 0.00712918 0.0058865 0.00136462 
-0.0140429 -0.0188314 -0.0219982 -0.0226996 -0.020863 -0.0169799 -0.0120702 -0.00746152 -0.004203 -0.00262444 -0.00239993 -0.00291879 -0.00366485 -0.00436664 -0.0047724 -0.00432754 -0.00233988 0.00129021 0.00555555 0.00881784 0.00995722 0.00902473 0.00681514 0.0040862 0.00135106 -0.00092195 -0.00246176 -0.00367457 -0.00562575 -0.00917549 
-0.0238894 -0.0264278 -0.0290266 -0.0305019 -0.0293849 -0.0250269 -0.0184077 -0.0116754 -0.00668007 -0.00394642 -0.00289369 -0.00270367 -0.0028923 -0.00325656 -0.00345982 -0.00278837 -0.000505288 0.00336482 0.00762418 0.0105043 0.0108781 0.00890395 0.0055081 0.00143121 -0.00308499 -0.00789294 -0.0125683 -0.0165361 -0.0194998 -0.021731 
-0.0327226 -0.0337518 -0.0368773 -0.0402193 -0.0405159 -0.0357351 -0.0268515 -0.0171246 -0.00958523 -0.00520248 -0.00314241 -0.00218429 -0.00163739 -0.00122713 -0.000567273 0.0010095 0.00401502 0.00814521 0.0120944 0.0142198 0.0136044 0.0105457 0.0059879 0.000527718 -0.00592806 -0.0135267 -0.0215662 -0.028343 -0.0321942 -0.0330199 
-0.0368521 -0.0374531 -0.0420726 -0.0479803 -0.0502381 -0.045574 -0.0349228 -0.0225072 -0.012499 -0.0064512 -0.00342845 -0.00178751 -0.00045672 0.00105355 0.00312876 0.00614146 0.0100889 0.0142704 0.0174382 0.0184169 0.016759 0.0128993 0.00761953 0.00124829 -0.00658752 -0.0161969 -0.0265898 -0.0351659 -0.0392977 -0.0388241 
-0.0335951 -0.0346011 -0.0410574 -0.0495619 -0.0540773 -0.0505024 -0.0395655 -0.0258728 -0.0142962 -0.00700759 -0.0032865 -0.00126381 0.000575738 0.00307787 0.00663228 0.0111588 0.0159574 0.0198838 0.0219001 0.0215666 0.019101 0.0150613 0.00990973 0.00362906 -0.00432793 -0.0143196 -0.0252325 -0.0340724 -0.0377929 -0.0363309 
-0.0239547 -0.0254604 -0.033158 -0.0434574 -0.0500101 -0.0483768 -0.0388651 -0.0257287 -0.0139085 -0.00611099 -0.0021618 -0.000273583 0.00145823 0.00432931 0.00880371 0.0143631 0.019623 0.0230298 0.0238019 0.0222936 0.0194501 0.01598 0.0120086 0.00716317 0.000733339 -0.00778683 -0.0175078 -0.0255366 -0.0286975 -0.0268124 
-0.0127523 -0.01387 -0.0212394 -0.031723 -0.0393956 -0.0398956 -0.0329688 -0.0219454 -0.0112487 -0.00387715 -0.000324791 0.000863361 0.00180862 0.00420413 0.00864256 0.0143349 0.0194398 0.0221341 0.0218393 0.0195332 0.0167869 0.0145165 0.0126313 0.0104304 0.00688589 0.0010217 -0.00686554 -0.0141733 -0.0174044 -0.0157191 
-0.00526098 -0.00435497 -0.00926967 -0.0179261 -0.0253634 -0.0275677 -0.0236776 -0.0158109 -0.00744972 -0.00148539 0.00110329 0.00132697 0.00121932 0.00258842 0.00609526 0.0109159 0.0151508 0.0169864 0.0160003 0.0134925 0.0113849 0.0107505 0.0113789 0.0122498 0.0118273 0.00840231 0.00158402 -0.00608963 -0.0103121 -0.00906753 
-0.00321597 0.00121301 0.000490245 -0.00473 -0.0107809 -0.0141426 -0.0133505 -0.00923089 -0.0040733 -0.000222643 0.00122073 0.000799522 5.63614e-05 0.000456641 0.00256016 0.00573881 0.0085045 0.00944283 0.00833585 0.0064982 0.00577258 0.00709468 0.0100351 0.013242 0.014697 0.0121153 0.00477709 -0.00440553 -0.0100305 -0.00887085 
-0.00385701 0.00421818 0.00786758 0.00638496 0.00204766 -0.00219277 -0.0043198 -0.00394194 -0.00212166 -0.000400599 0.000286105 4.2662e-06 -0.000543965 -0.000633744 5.49668e-05 0.00128497 0.00236829 0.00263949 0.00217785 0.00205654 0.00354618 0.006966 0.011418 0.0152904 0.016485 0.0127972 0.00381654 -0.00695418 -0.0133891 -0.0116821 
-0.00240372 0.00733591 0.0133246 0.0140849 0.0107294 0.00564958 0.00126324 -0.00112241 -0.00165492 -0.00120861 -0.000518472 3.4079e-05 0.000245749 3.59019e-05 -0.000472135 -0.000989065 -0.00125471 -0.00108953 -0.00014055 0.00221081 0.00628314 0.0114084 0.0161006 0.0187827 0.0179736 0.0123874 0.00238619 -0.00831406 -0.0139807 -0.0113246 
0.00471639 0.0126438 0.0173113 0.0174617 0.0136249 0.0077678 0.00242773 -0.000771414 -0.00176483 -0.00128825 -4.3198e-05 0.00131733 0.002033 0.00156413 5.81448e-05 -0.00165029 -0.00252953 -0.00182292 0.000857627 0.00551896 0.0114595 0.0170844 0.0205844 0.0209251 0.0179077 0.0116937 0.00334963 -0.00413099 -0.00686336 -0.0031835 
0.0181984 0.0211373 0.0209403 0.0176251 0.0119132 0.00556443 0.000857427 -0.0010357 -0.000693207 0.000661898 0.00221801 0.00342097 0.00359037 0.00227748 -0.000123157 -0.00239151 -0.00317065 -0.0016513 0.00223432 0.00786721 0.0138668 0.0182744 0.0195488 0.017661 0.0139342 0.00989551 0.00679202 0.00593156 0.00826733 0.0131358 
0.0357961 0.0325682 0.0258271 0.0176203 0.00951537 0.00321052 0.000338628 0.000981342 0.00332417 0.00531879 0.00610499 0.00568339 0.0040657 0.00132412 -0.00185575 -0.00419641 -0.00455636 -0.00259575 0.00118589 0.00575277 0.00968084 0.0114337 0.0103003 0.00735137 0.0050778 0.00580002 0.0104212 0.0182344 0.0270857 0.0338249 
0.0529553 0.0447567 0.0322185 0.0196621 0.00978134 0.00418706 0.00359442 0.00674238 0.0105024 0.0120952 0.0108487 0.00766069 0.00356241 -0.000721228 -0.00437345 -0.00644597 -0.00645318 -0.00482107 -0.00260502 -0.000878199 -0.000480301 -0.00194833 -0.00497334 -0.00773307 -0.00728483 -0.00115581 0.0111114 0.0273334 0.0429729 0.0526433 
0.0641693 0.0536852 0.0378845 0.0230022 0.0126825 0.00832797 0.00973648 0.0145194 0.0186054 0.0188402 0.0149606 0.00884785 0.00253683 -0.00272285 -0.00623627 -0.00769472 -0.00749143 -0.0068214 -0.00705434 -0.00892239 -0.012351 -0.0167777 -0.0211099 -0.023317 -0.0206412 -0.0108016 0.00654403 0.0287596 0.0500787 0.0633894 
0.0654634 0.0557233 0.0399469 0.0253002 0.0158141 0.0126567 0.0151191 0.0203136 0.0238238 0.0224752 0.016444 0.00838914 0.00106386 -0.00403186 -0.0065633 -0.00701721 -0.00664733 -0.00718089 -0.00995123 -0.0151065 -0.0216983 -0.028389 -0.033767 -0.0360342 -0.0329053 -0.0222961 -0.00355008 0.0211377 0.0458518 0.0625041 
0.056747 0.050347 0.0376708 0.0254052 0.017233 0.0142984 0.0161959 0.0204345 0.0228792 0.0205306 0.0137852 0.00562498 -0.000942712 -0.0045069 -0.00527046 -0.00450562 -0.00410231 -0.00593447 -0.0109373 -0.0185674 -0.027251 -0.0353571 -0.041621 -0.0447354 -0.0429098 -0.0341256 -0.017175 0.00662687 0.0319772 0.0507437 
0.0417854 0.0402919 0.0326617 0.0237743 0.0163682 0.0119536 0.0113669 0.0134195 0.0147693 0.0125951 0.00709503 0.000973427 -0.00303865 -0.00394278 -0.00256402 -0.000806489 -0.000843671 -0.00427481 -0.0113379 -0.0207608 -0.0305699 -0.0392032 -0.0458721 -0.0499349 -0.050108 -0.0443911 -0.0310216 -0.0103728 0.0132902 0.03266 
0.025808 0.0291703 0.0267121 0.0208485 0.0131116 0.00566007 0.00118027 0.000397236 0.00109078 0.000509399 -0.00182395 -0.0040759 -0.00425071 -0.0019711 0.00136174 0.00346993 0.00226757 -0.00324714 -0.0124675 -0.0234126 -0.0337971 -0.0422205 -0.0484725 -0.0527057 -0.0542784 -0.0513412 -0.0417391 -0.0250436 -0.00437128 0.014294 
0.0133014 0.0197001 0.0207634 0.0166779 0.00778071 -0.0032646 -0.0119788 -0.0155633 -0.01492 -0.0127793 -0.0106382 -0.0079723 -0.00381989 0.00151888 0.00623402 0.00797685 0.00504487 -0.00283017 -0.0142614 -0.0266915 -0.0375436 -0.0454417 -0.0505831 -0.0538674 -0.0554239 -0.0538055 -0.0467704 -0.0334068 -0.0159205 0.00101353 
0.00740596 0.0139978 0.0160738 0.0124086 0.00220902 -0.0119478 -0.0244239 -0.0305503 -0.0297621 -0.0246335 -0.0177518 -0.0100898 -0.00184833 0.00603327 0.0115388 0.0125162 0.00782859 -0.00208023 -0.0152673 -0.0288792 -0.04018 -0.0476823 -0.0516434 -0.0533508 -0.0535521 -0.0513434 -0.0447853 -0.0330401 -0.0180192 -0.00353554 
0.009666 0.0138759 0.014823 0.0106957 -0.000443646 -0.0168068 -0.0323857 -0.0410294 -0.0406473 -0.033395 -0.0227134 -0.0109485 0.0005853 0.010377 0.0163374 0.0166574 0.0108291 -7.07905e-05 -0.0137805 -0.0275155 -0.0387439 -0.0460013 -0.0493368 -0.0498338 -0.0482706 -0.0440598 -0.0358529 -0.0236053 -0.00981929 0.00190701 
0.019125 0.0195071 0.0182323 0.0133981 0.001917 -0.0156443 -0.0335425 -0.0447059 -0.0457438 -0.0381679 -0.0257519 -0.0117146 0.00179708 0.0127967 0.0191426 0.0193462 0.0134616 0.00310578 -0.00928902 -0.0213214 -0.0311557 -0.0377839 -0.0410701 -0.0413744 -0.0387085 -0.0322262 -0.0211878 -0.00693566 0.00662981 0.0155764 
0.0322901 0.0283584 0.0245046 0.0190584 0.00804345 -0.00924152 -0.0278851 -0.0408236 -0.0440541 -0.0383596 -0.0270708 -0.0133894 0.000247541 0.0115365 0.0182309 0.0190067 0.0142775 0.00603626 -0.0032192 -0.0116269 -0.0183694 -0.0233042 -0.0263569 -0.0270391 -0.0241396 -0.0160605 -0.00245093 0.0138454 0.0272605 0.0333116 
0.0456547 0.0370627 0.0300177 0.0236796 0.0139568 -0.00089116 -0.0175315 -0.0303074 -0.0357133 -0.033853 -0.0266985 -0.0163156 -0.00473095 0.00565664 0.0124528 0.0143165 0.0117296 0.00674987 0.00176057 -0.00190315 -0.00433536 -0.00624292 -0.00780905 -0.00805327 -0.00485403 0.00407861 0.0189817 0.0360269 0.0484565 0.0513333 
0.0588998 0.0449449 0.033155 0.0246015 0.0163429 0.00596124 -0.00568345 -0.0158875 -0.0228037 -0.0259629 -0.0251987 -0.0204822 -0.0128236 -0.00449741 0.0019802 0.00514838 0.00526943 0.00405098 0.00348364 0.00450327 0.00660838 0.0087337 0.0104497 0.0126122 0.0173465 0.0270557 0.0420705 0.058478 0.0692362 0.0690728 
0.0746909 0.054791 0.0363461 0.0235021 0.0157359 0.0103176 0.00499808 -0.00144265 -0.00942676 -0.0179394 -0.0243433 -0.0261654 -0.0231972 -0.0174896 -0.0116105 -0.0071413 -0.00422115 -0.00182965 0.00140774 0.00622015 0.012287 0.0187566 0.0250447 0.0313749 0.0390865 0.0501674 0.0651813 0.0808613 0.0905615 0.0885579 
0.0947465 0.0694881 0.0437934 0.0253122 0.0164425 0.0143499 0.0137461 0.00974209 4.23829e-05 -0.0136173 -0.0263719 -0.0337677 -0.0347398 -0.0312514 -0.0259056 -0.0203541 -0.015136 -0.00995843 -0.00401998 0.00343946 0.012615 0.0230526 0.0339513 0.0447555 0.0559668 0.0692011 0.085327 0.101804 0.112394 0.110655 
0.11742 0.0889482 0.0577777 0.0342634 0.0230535 0.0212032 0.0212965 0.0162816 0.00326888 -0.0149829 -0.032093 -0.0427038 -0.0456894 -0.0432972 -0.0382773 -0.0323014 -0.0260877 -0.0197101 -0.0125507 -0.0035638 0.00792129 0.0215261 0.0359626 0.0501043 0.0642975 0.0803728 0.0994344 0.11903 0.132738 0.133302 
0.14116 0.112163 0.0784749 0.0515572 0.0369858 0.0317614 0.0278574 0.0181303 0.000520229 -0.0211016 -0.039845 -0.0507114 -0.0533945 -0.0508668 -0.0462076 -0.04104 -0.0358521 -0.0304293 -0.0237568 -0.0143228 -0.00128986 0.0145013 0.0310156 0.0469678 0.0634668 0.0832296 0.107344 0.132434 0.151056 0.155264 
0.170711 0.142792 0.107911 0.0773862 0.0569822 0.0442786 0.0323494 0.0156571 -0.00630248 -0.0290216 -0.0462752 -0.0545385 -0.0549696 -0.0515215 -0.0476557 -0.0447723 -0.0426378 -0.0400945 -0.0352973 -0.0263271 -0.0126019 0.00421332 0.0214019 0.0380676 0.0568194 0.0816759 0.113398 0.146757 0.172441 0.181723 
0.217779 0.190799 0.152554 0.114305 0.0828224 0.0577642 0.0347886 0.0106607 -0.0139027 -0.0348042 -0.0476609 -0.0512331 -0.0484224 -0.0440592 -0.0417149 -0.0422052 -0.0441487 -0.0451145 -0.0424561 -0.034282 -0.020747 -0.00438713 0.0119064 0.0283664 0.0496891 0.0814614 0.124008 0.16971 0.206512 0.224025 
0.291901 0.264829 0.218573 0.165803 0.116511 0.0744128 0.0386185 0.00778926 -0.0172709 -0.0340581 -0.0408745 -0.0391498 -0.0334581 -0.0290795 -0.0291148 -0.033299 -0.0388705 -0.0422616 -0.0405531 -0.0326235 -0.0198937 -0.00567725 0.00766829 0.0223878 0.0459287 0.0858826 0.142453 0.205574 0.259562 0.29065 
0.387305 0.359551 0.301446 0.228964 0.157642 0.0966904 0.0485662 0.0126322 -0.0115057 -0.0236336 -0.0248358 -0.0190032 -0.012022 -0.00909816 -0.0122668 -0.0197878 -0.0275568 -0.0313413 -0.0286618 -0.0198678 -0.00808037 0.00263559 0.0109336 0.0217347 0.0458355 0.0934141 0.16524 0.249258 0.325658 0.375549 
0.478159 0.450115 0.380287 0.289004 0.198136 0.122133 0.0655591 0.027055 0.00430822 -0.00449623 -0.00238182 0.0051274 0.0113768 0.0115792 0.00499854 -0.00513616 -0.013692 -0.0162917 -0.0113494 -0.000909996 0.0101577 0.0170476 0.0194126 0.0247649 0.0471323 0.0994083 0.183605 0.286689 0.385274 0.454895 
