0.338561 0.2963 0.224799 0.14941 0.0886347 0.0528499 0.0404243 0.0394271 0.0390344 0.0365004 0.0319696 0.0238165 0.0120369 0.000113404 -0.00866589 -0.0136854 -0.0156738 -0.0146177 -0.00939921 0.000699528 0.014099 0.027243 0.0373279 0.0437781 0.0496328 0.0653837 0.106681 0.179512 0.265728 0.328459 
0.283168 0.249385 0.191936 0.12905 0.0759917 0.0440679 0.0337349 0.033641 0.0326323 0.0284846 0.0226452 0.0144269 0.00391789 -0.00585944 -0.0121346 -0.0146668 -0.0146044 -0.0125771 -0.00809412 -0.000311112 0.0106506 0.0234022 0.0363036 0.0477419 0.057654 0.0726466 0.105658 0.162586 0.229167 0.27661 
0.192345 0.169758 0.131377 0.0871348 0.0475616 0.0233943 0.0175027 0.0206857 0.0218532 0.0184007 0.0126408 0.00523668 -0.00331515 -0.0105317 -0.0142311 -0.0144077 -0.0123691 -0.00923223 -0.00517544 0.000723577 0.00980177 0.0225487 0.0377666 0.052146 0.062407 0.0715012 0.0898248 0.123464 0.163146 0.190315 
0.113028 0.0972083 0.0717408 0.0420583 0.0148886 -0.00124787 -0.00224596 0.00543259 0.0111459 0.0106813 0.00586376 -0.00116341 -0.00847185 -0.0135391 -0.0149481 -0.0132604 -0.00988487 -0.00603726 -0.00222079 0.00259072 0.0107416 0.0238432 0.0407224 0.0566899 0.0659342 0.0683331 0.0724187 0.085526 0.103419 0.115016 
0.0680286 0.0550723 0.0344799 0.0114152 -0.00863549 -0.0196686 -0.0179599 -0.0074723 0.00251595 0.00584366 0.00233041 -0.00497833 -0.0120369 -0.0157055 -0.0154685 -0.0127502 -0.00899391 -0.00511751 -0.00156382 0.00271543 0.0103709 0.023391 0.0406994 0.0572552 0.0659783 0.0643922 0.059394 0.0598862 0.0660596 0.0709196 
0.0541384 0.0434477 0.0235151 0.0012849 -0.0166268 -0.0259764 -0.0247455 -0.0152184 -0.00411213 0.00170594 -0.000426573 -0.00784891 -0.0150334 -0.0180998 -0.017145 -0.0142801 -0.0108875 -0.00743161 -0.00411223 -4.36127e-05 0.00708967 0.0191475 0.0353249 0.0511939 0.0599106 0.0577466 0.0497939 0.045587 0.0486198 0.0540882 
0.0547742 0.0477688 0.0285298 0.00564909 -0.012253 -0.0216983 -0.0229021 -0.0176608 -0.00961063 -0.00414864 -0.00529402 -0.0119428 -0.0187528 -0.0215004 -0.020337 -0.0176478 -0.0148119 -0.011922 -0.00879952 -0.00472601 0.00192769 0.0125047 0.0262936 0.039732 0.0473348 0.0456616 0.0383887 0.0344801 0.0392367 0.0491748 
0.052788 0.0516278 0.0361372 0.0147882 -0.00266613 -0.0126381 -0.0168012 -0.0171587 -0.0147866 -0.012233 -0.0131666 -0.0182038 -0.0235813 -0.0254906 -0.023925 -0.0212642 -0.0189729 -0.0168556 -0.0141762 -0.0101561 -0.00385828 0.0052367 0.0160246 0.0253786 0.0294128 0.026369 0.0198752 0.0178801 0.0258142 0.0408369 
0.0398442 0.0462622 0.038717 0.0230862 0.00804054 -0.00239661 -0.00948967 -0.0147974 -0.0178297 -0.0188792 -0.0204923 -0.0240808 -0.0275564 -0.0282163 -0.0261975 -0.023721 -0.0221871 -0.0211239 -0.0192892 -0.0157189 -0.00991022 -0.00212987 0.00584725 0.0107882 0.00974929 0.00284901 -0.00498157 -0.00612875 0.00396885 0.02244 
0.0196883 0.0340485 0.0373171 0.0311714 0.0208439 0.0103651 0.00070774 -0.00778586 -0.013962 -0.0178186 -0.0212213 -0.0250678 -0.0278644 -0.0280937 -0.0263741 -0.0246581 -0.0240339 -0.0238749 -0.0228666 -0.0200232 -0.0148921 -0.00801415 -0.00161714 0.000617491 -0.00451314 -0.0162801 -0.0281379 -0.0312759 -0.0213368 -0.00157299 
0.00366702 0.0247546 0.0382483 0.0418529 0.0367451 0.0265536 0.0150933 0.00530372 -0.00165786 -0.00720975 -0.0133701 -0.0196925 -0.0239998 -0.0253697 -0.0248855 -0.0242369 -0.0241723 -0.0241552 -0.0232718 -0.0207505 -0.015884 -0.00884483 -0.00189177 0.000572399 -0.0060485 -0.0219557 -0.0395035 -0.0473864 -0.0398295 -0.0201972 
0.0016572 0.0262159 0.0451385 0.0537128 0.0509159 0.0405163 0.0283445 0.0189261 0.0128348 0.00674815 -0.00193506 -0.0114361 -0.018346 -0.0216433 -0.0225863 -0.0226974 -0.0225464 -0.0218366 -0.0202022 -0.0171633 -0.0116203 -0.00294137 0.00692816 0.0126776 0.00775071 -0.00978708 -0.0320077 -0.045169 -0.0412424 -0.0230397 
0.0143184 0.0373494 0.054692 0.0609866 0.0557332 0.0439628 0.0321926 0.0245427 0.020355 0.0149773 0.00549096 -0.0055626 -0.0139983 -0.0185053 -0.0202414 -0.0205848 -0.0200149 -0.0184081 -0.0157973 -0.0119293 -0.00526945 0.0058785 0.0202614 0.0318717 0.0322237 0.0172419 -0.00606291 -0.0227995 -0.022927 -0.00806524 
0.0314858 0.0490731 0.0601324 0.0597397 0.0492045 0.0352365 0.0242555 0.0187575 0.016617 0.0128706 0.00490095 -0.00476549 -0.0122723 -0.0164059 -0.0181128 -0.0184998 -0.0178594 -0.0160345 -0.0131861 -0.00916106 -0.00204002 0.0109668 0.0296673 0.0480324 0.0561888 0.0476169 0.0269844 0.0087287 0.00443524 0.0142465 
0.03954 0.0515801 0.0570035 0.0513967 0.0370689 0.0214755 0.01078 0.00628595 0.00519569 0.00325928 -0.00150846 -0.00740933 -0.0119677 -0.0145416 -0.0158328 -0.0165046 -0.0165386 -0.0155924 -0.0137068 -0.0106758 -0.00438144 0.00865708 0.0292819 0.0521983 0.0672446 0.0659402 0.0498507 0.031516 0.0233912 0.0278364 
0.033282 0.0427463 0.0469944 0.0416488 0.0282109 0.0130744 0.00201521 -0.00346925 -0.00530051 -0.00624921 -0.00781781 -0.00969682 -0.0111554 -0.0121823 -0.0132003 -0.0144312 -0.0155916 -0.0161772 -0.0160364 -0.0148514 -0.010576 0.000294239 0.0192089 0.0421442 0.0600393 0.0638669 0.0524651 0.035427 0.0248569 0.0252507 
0.0196797 0.0296169 0.0370287 0.0371674 0.0291502 0.0166419 0.0047913 -0.00345149 -0.00783909 -0.00940657 -0.00950398 -0.00921789 -0.00914159 -0.00955547 -0.0106401 -0.0124164 -0.0145169 -0.0163874 -0.0178122 -0.0185076 -0.0167851 -0.0096389 0.00463546 0.0236417 0.0404401 0.0467307 0.0395376 0.0252889 0.0145411 0.0130598 
0.00945794 0.0210535 0.0333105 0.0408595 0.0396833 0.0302442 0.0172279 0.00557574 -0.00213564 -0.00564697 -0.00637318 -0.00624013 -0.00639886 -0.00711528 -0.00847638 -0.0105526 -0.0130171 -0.0153403 -0.0174128 -0.0192024 -0.019585 -0.0162686 -0.00741992 0.00625899 0.0201597 0.0271782 0.023444 0.0129632 0.0042386 0.00293647 
0.00714754 0.0198773 0.0358887 0.0490056 0.0524356 0.0445933 0.0304316 0.0164777 0.00649847 0.00105938 -0.00131809 -0.00256375 -0.00373749 -0.0050477 -0.00663858 -0.00868051 -0.0108986 -0.0128439 -0.0145944 -0.0164113 -0.0176987 -0.0168586 -0.0121564 -0.00312597 0.00750035 0.0139588 0.0124479 0.00570702 0.000251058 0.00041184 
0.00933003 0.0218321 0.0388025 0.0534147 0.0575751 0.0496731 0.0355491 0.0220962 0.012508 0.00663473 0.00304282 0.000468112 -0.00164777 -0.00343415 -0.0050834 -0.00677051 -0.00827747 -0.00933543 -0.0102142 -0.0112917 -0.0122135 -0.0119659 -0.00937191 -0.00370368 0.00359756 0.00833782 0.00754936 0.00348963 0.00101478 0.00271618 
0.0100612 0.0206328 0.0352627 0.0472336 0.0491329 0.040886 0.0291059 0.0196362 0.0136687 0.00966858 0.00622829 0.00299397 0.000189428 -0.0020083 -0.0036783 -0.00490991 -0.00556916 -0.0056509 -0.00558523 -0.00566292 -0.00551879 -0.00466648 -0.00282162 0.000456027 0.00469955 0.00730626 0.00621455 0.0033162 0.00226363 0.00442263 
0.00620791 0.013236 0.0229726 0.0299437 0.02886 0.0214193 0.0142482 0.0113023 0.0112658 0.0109953 0.00897587 0.00572896 0.00243005 -0.000197899 -0.00200985 -0.00300179 -0.00311596 -0.00256923 -0.00187878 -0.00119844 -0.000163926 0.00121002 0.00247693 0.00393397 0.00592854 0.00697397 0.00541918 0.00260393 0.00137369 0.0026104 
-0.00137414 0.00141373 0.00555244 0.00777955 0.0052532 0.000407256 -0.00117119 0.00258278 0.00842286 0.0119834 0.0116614 0.00870884 0.00514889 0.00221341 0.000212626 -0.000833612 -0.000924723 -0.000363614 0.000348788 0.00111559 0.00214672 0.00307718 0.00329529 0.00337099 0.00416077 0.00456635 0.00289427 -9.16196e-05 -0.00212008 -0.00242318 
-0.00954937 -0.010049 -0.010041 -0.0104528 -0.012167 -0.0132725 -0.0101166 -0.00204609 0.00711847 0.0128332 0.0136115 0.0110665 0.00760505 0.00469138 0.00267895 0.00151283 0.00111922 0.00121609 0.00139495 0.0015263 0.00159619 0.00117478 2.07648e-05 -0.000847208 -0.000479361 -7.59984e-05 -0.00149135 -0.00441802 -0.00705272 -0.0086119 
-0.0154953 -0.0171869 -0.0186075 -0.019428 -0.0193889 -0.0174387 -0.0119043 -0.00295371 0.00631112 0.0122544 0.0136006 0.0117097 0.00878395 0.00627379 0.00454924 0.00347279 0.00287317 0.00251001 0.00207832 0.0013691 0.00018513 -0.00172175 -0.00401568 -0.00537751 -0.00505777 -0.00441194 -0.00536021 -0.00804415 -0.0111318 -0.013607 
-0.0184465 -0.0197695 -0.0205142 -0.0206145 -0.019552 -0.0165964 -0.0111425 -0.00363435 0.00399595 0.00936156 0.011263 0.0103469 0.00827154 0.00639673 0.00518725 0.00450308 0.00406854 0.00363233 0.00296243 0.00179339 -0.000154357 -0.00285616 -0.00552408 -0.00686652 -0.00650003 -0.00575337 -0.00638055 -0.00894615 -0.0126457 -0.0161082 
-0.0193471 -0.0200766 -0.019598 -0.0188756 -0.0178074 -0.0154855 -0.0113463 -0.0057471 0.00022596 0.00508308 0.00760966 0.00776192 0.00662654 0.00543788 0.00481309 0.00470212 0.00472969 0.00455994 0.00400641 0.0028525 0.000889283 -0.00162217 -0.00376071 -0.00462621 -0.00433177 -0.00402788 -0.00496503 -0.0077873 -0.0121367 -0.0165414 
-0.0195324 -0.019851 -0.0183473 -0.016862 -0.0160016 -0.0146907 -0.011949 -0.0078858 -0.00318567 0.00116635 0.00407912 0.00513154 0.00488924 0.00434418 0.004228 0.00463619 0.00513628 0.00528889 0.0049418 0.00403078 0.00255197 0.000903079 -0.000199639 -0.000480561 -0.000555048 -0.00133977 -0.00337984 -0.00691534 -0.011702 -0.0165018 
-0.0198235 -0.0195433 -0.0171049 -0.0147704 -0.0137771 -0.0131216 -0.0114324 -0.00854333 -0.00498141 -0.00138955 0.00149234 0.0031577 0.00368819 0.00370554 0.00395234 0.00467052 0.0054513 0.00581148 0.0056303 0.00500818 0.0041664 0.00352566 0.00340432 0.00346133 0.00276021 0.000620751 -0.00291403 -0.00748817 -0.0125804 -0.0171729 
-0.0201977 -0.0193114 -0.0162683 -0.0133569 -0.0120763 -0.0115884 -0.0103717 -0.00815117 -0.00548751 -0.00278002 -0.000268572 0.00170071 0.00285381 0.00338948 0.00391631 0.00476059 0.00562038 0.00607234 0.00603961 0.00572021 0.0054544 0.00559187 0.00608917 0.0062141 0.00493415 0.00175205 -0.0029867 -0.00850218 -0.0138906 -0.0181507 
-0.0202163 -0.019541 -0.0168628 -0.0141423 -0.0127277 -0.0119249 -0.0103995 -0.00809006 -0.00578476 -0.00376935 -0.00176581 0.000268982 0.00194294 0.00304204 0.00387407 0.0047486 0.00553421 0.00598145 0.00609745 0.00609242 0.00624588 0.0067514 0.00740327 0.00743242 0.00588409 0.0023382 -0.00279549 -0.0085998 -0.0140477 -0.0182061 
-0.0195228 -0.0201663 -0.0188824 -0.0169862 -0.0155439 -0.0141067 -0.0117913 -0.00892296 -0.00654888 -0.00492617 -0.00336414 -0.00134653 0.000805431 0.00251951 0.00370795 0.00457777 0.0051796 0.00550793 0.00570461 0.00594671 0.00630801 0.00675489 0.00710474 0.00687386 0.00533915 0.00207853 -0.00258189 -0.00778384 -0.012704 -0.0168102 
-0.0182167 -0.0204085 -0.0206917 -0.0196235 -0.0181244 -0.016161 -0.0133188 -0.0101617 -0.00780939 -0.00645317 -0.00514966 -0.00307501 -0.000487407 0.00178603 0.00333829 0.00425233 0.0046852 0.00482856 0.0049679 0.00526811 0.00559377 0.00568491 0.0054386 0.00477487 0.00331234 0.000632413 -0.00310939 -0.00719261 -0.0110752 -0.0147981 
-0.0174577 -0.0202066 -0.0212096 -0.0205077 -0.0189741 -0.0169211 -0.0141904 -0.0113407 -0.00936279 -0.00828893 -0.00705807 -0.00482272 -0.00190102 0.000770047 0.00265878 0.00375615 0.00420338 0.00424925 0.00426139 0.0044249 0.00449572 0.00407511 0.00311962 0.00187642 0.000308834 -0.00195446 -0.00497065 -0.00817907 -0.0111213 -0.0141285 
-0.0185508 -0.020546 -0.0211707 -0.0204171 -0.0190473 -0.0173319 -0.0150661 -0.0127145 -0.0111391 -0.0102277 -0.00890774 -0.00648476 -0.00337253 -0.000465243 0.0017312 0.0031389 0.00380732 0.00393603 0.00388303 0.00382325 0.0034791 0.00243175 0.000709347 -0.00123191 -0.00317805 -0.0054437 -0.00829031 -0.0113055 -0.0138734 -0.0161478 
-0.0207549 -0.0213685 -0.0211403 -0.0203594 -0.0195776 -0.0186034 -0.0169132 -0.0148925 -0.0134063 -0.0123392 -0.0107228 -0.00805495 -0.0047793 -0.00165478 0.000864622 0.00261955 0.00357138 0.00386444 0.00378977 0.00344822 0.00254764 0.000742823 -0.00181949 -0.00455185 -0.00709757 -0.00969369 -0.0126847 -0.0157541 -0.0181258 -0.0196514 
-0.0213191 -0.0207423 -0.0199798 -0.0196646 -0.0201181 -0.0204939 -0.0197554 -0.0181453 -0.0165858 -0.0151051 -0.0129694 -0.00987717 -0.00625046 -0.00272067 0.000244752 0.00237025 0.00355793 0.00393445 0.00372806 0.00296801 0.00138601 -0.0012398 -0.00464357 -0.00817645 -0.011391 -0.0143318 -0.0171811 -0.0196599 -0.0211406 -0.0215335 
-0.0184752 -0.0172484 -0.0165398 -0.017247 -0.0195333 -0.0219253 -0.0227384 -0.0218991 -0.0203643 -0.0184477 -0.0157723 -0.0122157 -0.00811717 -0.00400527 -0.000440214 0.00213197 0.00353619 0.00388186 0.00337526 0.0020723 -0.000169911 -0.00342136 -0.0073649 -0.0114039 -0.0150473 -0.0180287 -0.0201486 -0.0211393 -0.0208807 -0.0197854 
-0.0140089 -0.0124605 -0.011987 -0.0137614 -0.0178939 -0.0224087 -0.0249252 -0.0249073 -0.0233711 -0.0210902 -0.0181208 -0.014429 -0.0101534 -0.00566338 -0.00160267 0.00138807 0.00299626 0.00326035 0.0023919 0.000587004 -0.00205714 -0.0054266 -0.00923346 -0.013096 -0.0166347 -0.0193347 -0.0205811 -0.0200806 -0.0182487 -0.0160072 
-0.0117953 -0.00973446 -0.00906148 -0.011302 -0.0165449 -0.0224498 -0.0260552 -0.0263924 -0.024584 -0.0219113 -0.01883 -0.0153431 -0.0113782 -0.00708629 -0.00304444 2.66165e-05 0.00166976 0.00180189 0.00063284 -0.00147089 -0.00413646 -0.00704754 -0.00998203 -0.0129081 -0.015806 -0.0182146 -0.019291 -0.0185925 -0.0165953 -0.0141778 
-0.0132456 -0.0101949 -0.008691 -0.0106656 -0.0161074 -0.0223644 -0.0261573 -0.0263577 -0.0241895 -0.0211682 -0.0179474 -0.014654 -0.0112351 -0.0076751 -0.00427826 -0.0016222 -0.00023022 -0.000293801 -0.00160536 -0.00369461 -0.0060186 -0.00811394 -0.00980694 -0.0114041 -0.0133996 -0.0157469 -0.017663 -0.018377 -0.0177612 -0.0160044 
-0.0159324 -0.0115795 -0.00878445 -0.00998993 -0.0150361 -0.0209167 -0.0243232 -0.0243841 -0.0223664 -0.0195057 -0.0163313 -0.0132371 -0.0104613 -0.00788067 -0.00539718 -0.00333935 -0.00226937 -0.00244158 -0.00360366 -0.00526863 -0.00694597 -0.00819812 -0.00885581 -0.00934999 -0.0105678 -0.0130138 -0.0161495 -0.0188095 -0.0200203 -0.0191305 
-0.0176981 -0.0120352 -0.0075411 -0.00739806 -0.0114924 -0.0165064 -0.019318 -0.0196019 -0.0185487 -0.0166642 -0.0141332 -0.0117147 -0.00996991 -0.00853516 -0.00685472 -0.00512853 -0.0040934 -0.00408479 -0.00475917 -0.00566491 -0.00659072 -0.00734341 -0.00768166 -0.00778281 -0.00856182 -0.01097 -0.014816 -0.0187408 -0.0212517 -0.0211402 
-0.0189486 -0.0122358 -0.00572589 -0.00357068 -0.00608228 -0.00979477 -0.0118143 -0.0123679 -0.0125057 -0.0119647 -0.0106383 -0.00962647 -0.00956888 -0.00958607 -0.00863174 -0.00695066 -0.00562698 -0.00517207 -0.00520206 -0.00535324 -0.00580442 -0.00670531 -0.00761711 -0.0080668 -0.00857198 -0.0103776 -0.0138775 -0.0180271 -0.0213066 -0.0221234 
-0.0194673 -0.0121768 -0.00396769 3.50202e-05 -0.000996903 -0.00341765 -0.00440732 -0.0046487 -0.00526865 -0.00569946 -0.00575717 -0.00662324 -0.00864566 -0.0103181 -0.0101891 -0.00859935 -0.00696526 -0.00603144 -0.00553093 -0.00528403 -0.00579407 -0.00741528 -0.00939644 -0.0104544 -0.0104314 -0.0107134 -0.0126223 -0.0160913 -0.0199044 -0.0219067 
-0.017125 -0.00974834 -0.00109515 0.00325297 0.0026113 0.00108834 0.00138269 0.00219286 0.00194704 0.00101966 -0.000425908 -0.00323241 -0.007157 -0.0102635 -0.0109921 -0.00975058 -0.00805465 -0.00680619 -0.00600869 -0.00576519 -0.0067056 -0.00908658 -0.0118265 -0.0130495 -0.0119571 -0.00994658 -0.00944223 -0.0117497 -0.015939 -0.0189434 
-0.0110273 -0.00411211 0.00321941 0.00608765 0.00504251 0.00460893 0.00666066 0.00884087 0.00907804 0.00756326 0.00456172 -0.000125155 -0.00554917 -0.00964709 -0.011104 -0.0103905 -0.00887021 -0.00745549 -0.00646655 -0.00631694 -0.00759792 -0.0102845 -0.0130723 -0.0138417 -0.0113689 -0.00700338 -0.00415145 -0.00533867 -0.00959862 -0.0128298 
-0.00241518 0.00305584 0.00755172 0.00809863 0.00697456 0.00840149 0.0125181 0.0157685 0.0159777 0.013456 0.00867049 0.00211404 -0.00459813 -0.00943726 -0.0114726 -0.0112256 -0.00982243 -0.00813871 -0.00678923 -0.00645799 -0.00769945 -0.0103349 -0.0130078 -0.013413 -0.00984037 -0.00346128 0.00156868 0.00179475 -0.0017316 -0.00433657 
0.00764329 0.010233 0.0111577 0.00973461 0.00931508 0.0128528 0.0184561 0.0218655 0.0213617 0.0175319 0.0109537 0.00266205 -0.00520453 -0.0106878 -0.0131309 -0.0130177 -0.0113199 -0.00902319 -0.00705318 -0.00628674 -0.00731587 -0.0100761 -0.0132743 -0.0141196 -0.00993594 -0.00140256 0.00669134 0.00979647 0.00833444 0.00661553 
0.0190148 0.0174883 0.0149519 0.0126026 0.013619 0.0188973 0.0246939 0.0267504 0.0244007 0.0187621 0.010456 0.000786501 -0.00785219 -0.013641 -0.0160796 -0.015566 -0.0130969 -0.00998914 -0.00747439 -0.00643316 -0.00743107 -0.010662 -0.0149441 -0.0167399 -0.0120285 -0.000721139 0.0118701 0.0197278 0.0215709 0.0204073 
0.0314403 0.0256372 0.020483 0.0183888 0.0213038 0.0276613 0.0322089 0.0312605 0.0257283 0.0176351 0.00764468 -0.00300315 -0.0119341 -0.0175068 -0.0193725 -0.0179898 -0.0145998 -0.0109249 -0.00831827 -0.00733539 -0.00831641 -0.0117635 -0.0167512 -0.0191356 -0.0137336 0.000315765 0.0175994 0.030888 0.0366551 0.0359094 
0.0442644 0.0356473 0.0295307 0.0286749 0.0330661 0.0389745 0.0406888 0.0358351 0.0269084 0.0165314 0.00513251 -0.00634433 -0.0155786 -0.0208938 -0.0220183 -0.0197193 -0.0156798 -0.0118964 -0.00952742 -0.00852383 -0.00887514 -0.011505 -0.0161061 -0.0184599 -0.0127526 0.00255889 0.022725 0.0404202 0.050246 0.0507235 
0.056754 0.0479775 0.0429375 0.043811 0.0483959 0.0518232 0.049473 0.0409585 0.0296942 0.0178976 0.00537724 -0.0071469 -0.0172138 -0.0228027 -0.0235694 -0.0207473 -0.0165369 -0.0129662 -0.0107274 -0.00912153 -0.00786949 -0.00847823 -0.0116802 -0.0138176 -0.00889251 0.0053807 0.0256487 0.045792 0.0595287 0.0627592 
0.0678372 0.0613444 0.0583615 0.0601744 0.0634406 0.0636037 0.0577403 0.0469092 0.0344202 0.021518 0.00764138 -0.00622971 -0.017349 -0.0234532 -0.0242378 -0.0214117 -0.0175043 -0.0142552 -0.0117466 -0.00884637 -0.00528883 -0.00323703 -0.00460152 -0.00666328 -0.0034673 0.00809574 0.0262917 0.0468605 0.0637482 0.0708764 
0.0760891 0.0727751 0.0706975 0.0709638 0.0713594 0.0690715 0.0621415 0.0512728 0.0385852 0.0245171 0.00898132 -0.0060935 -0.0176798 -0.0238152 -0.0246348 -0.0221779 -0.0188614 -0.0158175 -0.0125627 -0.0079345 -0.00202182 0.00248444 0.00280388 0.00072277 0.0019885 0.0104116 0.0256028 0.0450252 0.0636649 0.0747479 
0.0794214 0.077744 0.0737962 0.0699211 0.066764 0.0635263 0.0580969 0.0495458 0.0382368 0.0239548 0.00752166 -0.00785778 -0.0189352 -0.024439 -0.0251506 -0.0231598 -0.0203445 -0.0171129 -0.0126802 -0.00627036 0.00147698 0.0076497 0.0091534 0.00703148 0.00655273 0.0119623 0.0239844 0.0414325 0.0604657 0.0744313 
0.0754118 0.0716147 0.063245 0.0552197 0.0504988 0.0484397 0.0458595 0.0406891 0.0321544 0.0194081 0.00378591 -0.0106168 -0.0204323 -0.0249766 -0.0254856 -0.0238144 -0.0211009 -0.0171601 -0.0112704 -0.00332163 0.00548492 0.0123219 0.0142712 0.0118767 0.00974591 0.0123818 0.0215779 0.0370969 0.0555813 0.0701681 
0.0659132 0.0563433 0.0430172 0.0337767 0.0315049 0.0329108 0.0331748 0.0304742 0.024307 0.0136591 -0.000104536 -0.0127858 -0.0211331 -0.0247441 -0.0250185 -0.0234639 -0.020516 -0.0156247 -0.00839717 0.000550197 0.00955915 0.0160197 0.0174426 0.0142749 0.0107651 0.0117035 0.0196448 0.0344832 0.0521319 0.0647142 
0.058837 0.0424931 0.0257449 0.0183156 0.0208837 0.0263807 0.0285416 0.026388 0.0204639 0.0104873 -0.00194142 -0.013125 -0.0203457 -0.0233463 -0.0234905 -0.021995 -0.0188356 -0.0133361 -0.00547866 0.00359963 0.0119935 0.0172837 0.0174442 0.0133219 0.00945865 0.0110263 0.0206373 0.0371539 0.0546698 0.0639348 
0.0586221 0.0376567 0.0201131 0.0155717 0.0219475 0.0299162 0.0329132 0.0302726 0.0229871 0.0120212 -0.000167201 -0.0105136 -0.017242 -0.0202909 -0.0207684 -0.0196175 -0.0166837 -0.0113787 -0.00390211 0.0044592 0.0117806 0.0157883 0.0148967 0.0105661 0.00783702 0.0120826 0.0253762 0.0449625 0.0629743 0.0691876 
0.0577624 0.0363595 0.0213182 0.020073 0.0282428 0.0366656 0.0400103 0.0374802 0.0294953 0.0178155 0.00579909 -0.00402051 -0.0108723 -0.0148453 -0.0164744 -0.0163072 -0.0142932 -0.0100205 -0.00361277 0.00382453 0.0103731 0.0137514 0.0127097 0.00905941 0.00776675 0.0139349 0.0291722 0.0498123 0.0671376 0.0709515 
0.0443187 0.0269038 0.0177466 0.0211298 0.0308564 0.0391786 0.0430613 0.0420269 0.0355669 0.0251922 0.0143997 0.00528318 -0.00202765 -0.00752048 -0.01091 -0.0122339 -0.0116059 -0.00872113 -0.00332354 0.00384505 0.0106141 0.0141605 0.0130962 0.00916063 0.00681017 0.0108279 0.0231042 0.0404263 0.0546981 0.056745 
0.0192251 0.00873066 0.00704456 0.0156633 0.0272558 0.0357431 0.0406065 0.0421084 0.0387844 0.031097 0.022099 0.0137538 0.0060681 -0.000745169 -0.00572238 -0.00842118 -0.00900563 -0.00714784 -0.00210342 0.00575119 0.0136813 0.0176195 0.0152644 0.00802938 0.000364696 -0.002326 0.00309808 0.0146727 0.025511 0.0276418 
0.00476214 0.00123539 0.00397662 0.0135089 0.0235415 0.0304877 0.035797 0.0396824 0.0393312 0.0339749 0.0262786 0.0184843 0.0107861 0.00337252 -0.00258004 -0.00625108 -0.00759657 -0.0061299 -0.000754578 0.00836053 0.0178616 0.0222263 0.0177274 0.00522633 -0.0100773 -0.0207356 -0.0213071 -0.0124498 -0.000627488 0.00612493 
0.032014 0.0309413 0.0286468 0.0280638 0.0277743 0.0281849 0.0315014 0.0362272 0.0377218 0.0341741 0.0277609 0.0206585 0.0131156 0.00527749 -0.00159131 -0.00629292 -0.00835322 -0.00701872 -0.00102563 0.00950527 0.0208387 0.0264514 0.0213006 0.00542141 -0.0151616 -0.0300238 -0.0302837 -0.0153534 0.0067193 0.0247604 
0.114235 0.106308 0.0858608 0.0624654 0.0426258 0.0311613 0.0294872 0.0331032 0.0354619 0.0339591 0.0297074 0.0236638 0.0157453 0.006641 -0.00177309 -0.00789126 -0.0109166 -0.00988295 -0.00342916 0.00838813 0.0218042 0.0299808 0.0271899 0.0127236 -0.0070021 -0.0187544 -0.00961145 0.0224007 0.065307 0.100425 
0.227682 0.2041 0.157213 0.105776 0.0638968 0.0393845 0.0318219 0.0333822 0.0357574 0.035814 0.0334267 0.0277635 0.018405 0.00726828 -0.00276712 -0.00997659 -0.0137216 -0.0130786 -0.00660524 0.00585709 0.0208823 0.0319955 0.0337075 0.0251594 0.0125994 0.0105943 0.0352841 0.0903033 0.158991 0.212229 
0.318566 0.27989 0.21179 0.139903 0.0826098 0.0491465 0.0376098 0.0374178 0.0387348 0.0383414 0.0356685 0.0288868 0.0176992 0.005218 -0.00510035 -0.0119768 -0.0154189 -0.0148479 -0.00884651 0.00305216 0.0181425 0.0310523 0.0374396 0.0367674 0.0342641 0.0434837 0.0815396 0.153656 0.240593 0.305301 
