0.355028 0.296063 0.209307 0.136036 0.0925285 0.0698385 0.0533242 0.0384641 0.0290171 0.0266822 0.0274331 0.024967 0.0154429 0.000422128 -0.01463 -0.0247744 -0.0274909 -0.0212752 -0.00602338 0.0142393 0.0325518 0.0442266 0.0492819 0.0513773 0.0569077 0.0751477 0.117671 0.191126 0.281647 0.349455 
0.300642 0.250312 0.172057 0.102781 0.0605677 0.0399946 0.0279206 0.0196033 0.0178195 0.0222377 0.0265157 0.0239375 0.0126826 -0.00334789 -0.0180203 -0.0271058 -0.0285705 -0.0206089 -0.00303476 0.019234 0.0381675 0.0493706 0.0545727 0.0580691 0.0638876 0.0777083 0.109072 0.16546 0.237886 0.29452 
0.196272 0.166481 0.114493 0.0659477 0.0356764 0.0212845 0.0131665 0.00827825 0.0101058 0.0180973 0.0246218 0.0223188 0.0105471 -0.0053833 -0.0193894 -0.0280569 -0.0294376 -0.0211044 -0.00264145 0.0204966 0.0396267 0.0503841 0.0551551 0.0579347 0.060119 0.0636055 0.0754234 0.104142 0.147988 0.1873 
0.0965447 0.0873369 0.06502 0.0423122 0.0271359 0.0185558 0.0118057 0.0069512 0.0085307 0.0164471 0.0230534 0.0207895 0.00929178 -0.00592121 -0.019226 -0.0277379 -0.0296054 -0.0223968 -0.00562502 0.0158836 0.0343176 0.0453444 0.0502258 0.0513657 0.0487742 0.0430107 0.0392145 0.0451504 0.0636736 0.0860399 
0.037964 0.0389115 0.0366192 0.0342192 0.0315779 0.0265071 0.0180561 0.00960629 0.00687679 0.0108705 0.0153649 0.0134193 0.00415152 -0.00820781 -0.0192886 -0.0267545 -0.0290387 -0.0243246 -0.0121077 0.0047756 0.0213317 0.033808 0.0408393 0.0418772 0.0369127 0.0282828 0.0204602 0.0177499 0.0222628 0.0312415 
0.0219272 0.0218916 0.0266452 0.0348174 0.0400086 0.036619 0.0245153 0.00940095 -0.00110888 -0.00380943 -0.00250924 -0.00307153 -0.00749027 -0.0140985 -0.0207864 -0.0261196 -0.0287754 -0.02744 -0.0213807 -0.0107426 0.00345593 0.018668 0.0302569 0.0336765 0.0290884 0.0224133 0.0194017 0.0204171 0.0224923 0.023118 
0.0297543 0.0239951 0.0273395 0.0378687 0.0463758 0.0437939 0.0282091 0.00614624 -0.0125276 -0.0219535 -0.0235766 -0.0222656 -0.0211756 -0.021339 -0.0231303 -0.0262136 -0.0293535 -0.0311924 -0.0303817 -0.0245341 -0.0111621 0.00805087 0.0251527 0.0314547 0.0267118 0.0206629 0.0227754 0.0320539 0.0393323 0.0378151 
0.0427505 0.0318923 0.0311236 0.0399146 0.0487559 0.0465767 0.0294073 0.00359653 -0.0196521 -0.0328836 -0.0362385 -0.0339683 -0.0297419 -0.0260003 -0.0246055 -0.0261663 -0.0296924 -0.0334895 -0.0351362 -0.0302281 -0.0145188 0.00967791 0.0313085 0.0385431 0.0304795 0.0199229 0.0216171 0.0367948 0.0518663 0.0535402 
0.0518353 0.0376685 0.0329337 0.0389797 0.046585 0.0442875 0.0275954 0.0024117 -0.0203489 -0.0333574 -0.0367448 -0.0346359 -0.03045 -0.0263189 -0.024089 -0.0249377 -0.0285661 -0.0331423 -0.0348869 -0.0277662 -0.00743175 0.0217656 0.0462255 0.0526563 0.0397368 0.0216822 0.0177572 0.0337296 0.0549578 0.0620865 
0.0554621 0.0394162 0.0313366 0.0345093 0.040081 0.0371683 0.0219523 -0.000127966 -0.0193705 -0.0294615 -0.0312202 -0.029112 -0.0262006 -0.0235345 -0.0219497 -0.0226511 -0.0261935 -0.0309963 -0.0321557 -0.0224028 0.00206671 0.0347017 0.0603359 0.065818 0.0497791 0.0257139 0.0147013 0.0273331 0.0513016 0.063552 
0.0531818 0.0372127 0.0271881 0.0284351 0.0328304 0.0296693 0.0153339 -0.00474611 -0.0211067 -0.0279506 -0.026949 -0.0234477 -0.0208374 -0.0195319 -0.0191659 -0.0202782 -0.0237549 -0.0284376 -0.0291258 -0.0181548 0.00775655 0.0408675 0.0657075 0.0702315 0.05329 0.0263776 0.00983915 0.0177352 0.0417333 0.0579392 
0.0446822 0.0316631 0.022794 0.0252309 0.0315651 0.0295274 0.0142164 -0.00770636 -0.0244794 -0.0295181 -0.0254848 -0.019325 -0.0156454 -0.0150088 -0.0160807 -0.0181732 -0.0216753 -0.0257767 -0.0260194 -0.0155401 0.00849082 0.0386565 0.060575 0.0634601 0.0462328 0.0185599 -0.000824731 0.0034361 0.0262436 0.0451047 
0.0343715 0.0267235 0.0220383 0.0287542 0.0399448 0.0403855 0.0227679 -0.0041395 -0.0244326 -0.029702 -0.0236224 -0.0151131 -0.0102446 -0.0099449 -0.0122474 -0.0153569 -0.0188716 -0.0222256 -0.0222901 -0.0137922 0.00573071 0.0305399 0.0485236 0.0496853 0.0323017 0.00498789 -0.0146864 -0.0119212 0.00959656 0.0299996 
0.0301914 0.0278957 0.0272026 0.0377011 0.0534879 0.0569385 0.0382245 0.00731307 -0.0166477 -0.0235362 -0.0175429 -0.008836 -0.00412952 -0.00426128 -0.00707409 -0.0106361 -0.0142898 -0.0175472 -0.0182493 -0.0125516 0.00179251 0.0212533 0.0363653 0.037211 0.0205489 -0.00558864 -0.024003 -0.0210587 -0.000209353 0.0213706 
0.033091 0.0338274 0.0344058 0.0454113 0.0628096 0.0689239 0.0525798 0.0227838 -0.00150344 -0.00987669 -0.00609298 0.00016342 0.0028961 0.00191625 -0.000856276 -0.00444801 -0.00870407 -0.0129104 -0.0149194 -0.0116244 -0.00103584 0.0150184 0.0292547 0.0314889 0.0166822 -0.0076932 -0.0244997 -0.0210377 -0.000701915 0.0214627 
0.0334602 0.0354709 0.0365648 0.0464923 0.0626056 0.0699994 0.0587522 0.0355027 0.0152865 0.00684551 0.00769558 0.0102496 0.0100477 0.0076658 0.00470738 0.000978104 -0.00410398 -0.00947366 -0.0124891 -0.0103857 -0.00170416 0.0124514 0.0263518 0.0301256 0.017715 -0.0042667 -0.0195813 -0.0166671 0.00140298 0.0217228 
0.0242016 0.0282599 0.0325288 0.0429767 0.0565405 0.0628233 0.0559144 0.0405256 0.0262309 0.0190138 0.017826 0.0175317 0.0149688 0.0111165 0.00752228 0.00356773 -0.00167582 -0.0070906 -0.00999003 -0.00804827 -0.000455868 0.0117086 0.0238907 0.0276696 0.0173347 -0.00178774 -0.0158758 -0.0151184 -0.00180188 0.0140111 
0.0116881 0.0193153 0.0287046 0.04104 0.0517803 0.054672 0.0483893 0.0371599 0.0266446 0.0206148 0.0188707 0.0177801 0.0146687 0.0103995 0.00659012 0.00298139 -0.00115572 -0.00504317 -0.00670394 -0.00444905 0.00208098 0.0116548 0.0206679 0.0228857 0.0139515 -0.00234013 -0.0155051 -0.0175458 -0.00933434 0.00221261 
0.0076619 0.0177697 0.0297128 0.0421154 0.0498687 0.0488069 0.0397983 0.0274567 0.0167232 0.0108493 0.00967545 0.00974385 0.00816903 0.00528706 0.0025664 0.000296744 -0.0017704 -0.00325403 -0.00311855 -0.000345343 0.00513986 0.0120344 0.0176481 0.0181414 0.0108734 -0.00192532 -0.0132985 -0.0168449 -0.0117448 -0.00222678 
0.0150279 0.0234993 0.0324609 0.0412419 0.0460248 0.0426368 0.0306664 0.0146427 0.00116213 -0.0053611 -0.00533956 -0.00289727 -0.00157619 -0.00180405 -0.0024551 -0.00281445 -0.00266502 -0.00183141 8.50456e-05 0.00351688 0.00812108 0.0125567 0.0152784 0.0149994 0.0108492 0.00352858 -0.00360772 -0.00613135 -0.0021558 0.00609402 
0.0262526 0.0297162 0.03194 0.0346118 0.0365689 0.033143 0.0207811 0.00257944 -0.0131854 -0.020242 -0.0188037 -0.013693 -0.00934524 -0.00701364 -0.00577755 -0.00447726 -0.00255163 4.26054e-05 0.00335906 0.00736433 0.0111422 0.0132572 0.0134261 0.0128648 0.0124112 0.0115781 0.0103999 0.010726 0.0143581 0.0205182 
0.0314453 0.0309978 0.0274837 0.0243975 0.0236281 0.0213127 0.0115277 -0.00518173 -0.0207793 -0.0277224 -0.02525 -0.0181904 -0.0117383 -0.00788738 -0.0057131 -0.00352727 -0.000497105 0.00322253 0.00735541 0.0115036 0.0142918 0.0141627 0.011717 0.00998043 0.0112608 0.0147187 0.0181403 0.0209207 0.024179 0.0283441 
0.024561 0.0248348 0.0205169 0.0150923 0.0126974 0.0116711 0.00584426 -0.00674597 -0.0201933 -0.026823 -0.0243674 -0.0167294 -0.00940059 -0.00503061 -0.00280473 -0.000645352 0.00259879 0.0067046 0.0110594 0.0149021 0.0165618 0.0143553 0.00914458 0.00473561 0.00450628 0.00813319 0.0125276 0.0154874 0.0177326 0.0210428 
0.0063548 0.0111279 0.0114221 0.0088321 0.00762033 0.00807817 0.00547866 -0.00323675 -0.0144755 -0.0212151 -0.0198166 -0.0127765 -0.00541996 -0.00100368 0.000826011 0.00219807 0.00467155 0.00834452 0.0124874 0.0159304 0.0166576 0.0127731 0.00496233 -0.00290795 -0.00674663 -0.00589372 -0.00338588 -0.00230188 -0.00203261 0.000655097 
-0.014813 -0.00563138 0.00150294 0.00538532 0.00798551 0.00995787 0.00868924 0.00197869 -0.00778788 -0.0147147 -0.0146672 -0.00888133 -0.00209574 0.00209357 0.00341419 0.00371439 0.00485839 0.00750609 0.0111168 0.014218 0.0144366 0.00963218 0.000115929 -0.0105863 -0.0179587 -0.0202049 -0.0198576 -0.0206824 -0.0225902 -0.0214358 
-0.0283888 -0.0178094 -0.00582303 0.00405681 0.0104736 0.013238 0.0118554 0.00613231 -0.00195002 -0.00818543 -0.0090658 -0.00494671 0.000503077 0.00395829 0.00473571 0.00419149 0.00412202 0.00557679 0.00834496 0.0109231 0.0108903 0.00614837 -0.00336434 -0.0148866 -0.0240126 -0.0279648 -0.0284545 -0.02972 -0.0327592 -0.0336055 
-0.0305644 -0.0213082 -0.00823156 0.00411649 0.0119498 0.0143342 0.0125302 0.00814582 0.00271269 -0.00164544 -0.0027552 -0.000438942 0.00303767 0.00522543 0.00539435 0.00434915 0.00346352 0.00386087 0.00562822 0.00744175 0.00720943 0.00334118 -0.00436209 -0.014227 -0.0227535 -0.0268518 -0.027308 -0.0281539 -0.0312305 -0.033469 
-0.0260212 -0.0187461 -0.00724226 0.00403386 0.0107172 0.0119583 0.0100983 0.00754787 0.00514842 0.00317329 0.00241101 0.00328172 0.00484795 0.00569936 0.00523693 0.00381408 0.00236801 0.00198514 0.00296329 0.00416216 0.00391093 0.00135679 -0.0035206 -0.0100767 -0.016297 -0.019711 -0.0204629 -0.021578 -0.0246929 -0.0274356 
-0.0214079 -0.0157184 -0.00688441 0.00142515 0.00576951 0.00596829 0.00460655 0.00388094 0.00393576 0.00393423 0.003743 0.00385839 0.00425131 0.00423041 0.00326235 0.00145563 -0.000418626 -0.00123139 -0.000552786 0.000575732 0.000771238 -0.00023515 -0.00220983 -0.00527939 -0.0089495 -0.0118344 -0.0137158 -0.016168 -0.0197798 -0.0224411 
-0.0200745 -0.0160968 -0.0103471 -0.00533322 -0.0030976 -0.00321229 -0.00351467 -0.00263991 -0.00104487 8.72841e-05 0.000383273 0.000424117 0.000584453 0.000417554 -0.000679893 -0.00269155 -0.00479485 -0.00572853 -0.00491706 -0.00326183 -0.00199327 -0.00122626 -0.000803172 -0.00148623 -0.00384839 -0.00717943 -0.0107194 -0.0146167 -0.0185568 -0.0208802 
-0.0220805 -0.0205013 -0.0177838 -0.0152892 -0.0141291 -0.0137571 -0.0126931 -0.0104929 -0.00808922 -0.00652728 -0.00587776 -0.00540862 -0.00470836 -0.00429094 -0.00492557 -0.00671389 -0.00878589 -0.00969637 -0.00857135 -0.00597693 -0.00307765 -0.000365928 0.00171653 0.00183624 -0.000937376 -0.00570578 -0.0108374 -0.0155375 -0.0194309 -0.0217842 
-0.0261952 -0.0272935 -0.0267633 -0.0253449 -0.0240933 -0.0228134 -0.0205675 -0.0174868 -0.0147407 -0.0130392 -0.0119788 -0.0107042 -0.00894937 -0.00741222 -0.0070936 -0.00832218 -0.0102509 -0.0111874 -0.00978688 -0.00614869 -0.00150204 0.00290229 0.00579859 0.00556788 0.00157283 -0.00462251 -0.0107213 -0.0158021 -0.0200935 -0.023658 
-0.0314504 -0.0346164 -0.0348762 -0.0330843 -0.0308992 -0.0286404 -0.0256258 -0.0221257 -0.019253 -0.0173492 -0.0156422 -0.01326 -0.0101662 -0.00730687 -0.0059507 -0.00665522 -0.00856911 -0.00970291 -0.00821441 -0.0038403 0.00190911 0.00696801 0.00960079 0.00850528 0.00366959 -0.00297416 -0.00923593 -0.0147442 -0.0203481 -0.0262254 
-0.037453 -0.0415516 -0.0415223 -0.0386016 -0.0350283 -0.0315555 -0.0277522 -0.0239185 -0.0209199 -0.0187207 -0.0163024 -0.0128216 -0.00847565 -0.00449169 -0.00236934 -0.00277342 -0.00480222 -0.00625768 -0.00496658 -0.000521833 0.00515214 0.00940042 0.0106357 0.00844698 0.00340464 -0.00288937 -0.00902235 -0.0151825 -0.0223365 -0.0303194 
-0.0432077 -0.0470669 -0.0463805 -0.0423795 -0.03726 -0.0320679 -0.0269642 -0.0225224 -0.019351 -0.0170446 -0.014371 -0.010417 -0.00546287 -0.000920632 0.00158715 0.00138407 -0.000656018 -0.00238783 -0.00158054 0.00220471 0.00678239 0.00927578 0.0086016 0.0053386 0.000346022 -0.00561412 -0.0120446 -0.0191216 -0.0272323 -0.0358541 
-0.0458612 -0.0484913 -0.0470826 -0.0424131 -0.0360584 -0.0291819 -0.0226664 -0.0175133 -0.0142533 -0.0123083 -0.0102606 -0.00690998 -0.00232499 0.0020953 0.00468197 0.00470997 0.00286294 0.000976537 0.00110621 0.00373516 0.00677235 0.00750029 0.00532407 0.00146743 -0.00322031 -0.00892206 -0.0159293 -0.0239491 -0.0322559 -0.0399611 
-0.0417836 -0.0425569 -0.0403939 -0.0355908 -0.0289526 -0.0214896 -0.0144077 -0.00897024 -0.00591938 -0.00489175 -0.00436528 -0.00262384 0.000777226 0.00461148 0.00712148 0.00738339 0.00577362 0.0037549 0.00313477 0.00447319 0.00605136 0.00555988 0.00273358 -0.000912039 -0.00459764 -0.00928528 -0.0160844 -0.0244034 -0.0323064 -0.0382777 
-0.0305104 -0.029276 -0.0263497 -0.0218473 -0.0159237 -0.00917018 -0.00264749 0.00231112 0.00458594 0.00413201 0.00252826 0.00207606 0.00385625 0.00686995 0.00918072 0.00952121 0.00793849 0.00565368 0.0043493 0.00469868 0.00538248 0.00446288 0.00180484 -0.000932367 -0.00285498 -0.00538817 -0.0105586 -0.0180723 -0.0251759 -0.0294336 
-0.0172454 -0.0143532 -0.0104396 -0.00593161 -0.000699905 0.00508594 0.0105955 0.0144378 0.0152684 0.0129 0.00902221 0.0063313 0.00637555 0.00834819 0.0101429 0.0101559 0.00817806 0.0053859 0.00356904 0.00359511 0.00439653 0.00412225 0.00247633 0.00109782 0.0011267 0.00109882 -0.00169325 -0.0077226 -0.0141558 -0.0176342 
-0.00915044 -0.00551769 -0.000282909 0.00526864 0.0108716 0.016439 0.0212459 0.0238776 0.0230859 0.0189318 0.0132599 0.00883292 0.00732922 0.00806845 0.00892553 0.00814408 0.00538595 0.0018851 -0.000317817 -4.16388e-05 0.00185136 0.0033861 0.00377583 0.00422972 0.00594518 0.00777871 0.00689976 0.00200804 -0.00467374 -0.00913943 
-0.00910434 -0.00582742 0.000561016 0.0077306 0.0144771 0.0204238 0.0249892 0.0269688 0.0253513 0.0204189 0.0140225 0.00873924 0.00616106 0.00574957 0.00557208 0.00393312 0.000437902 -0.00371682 -0.00634379 -0.00587175 -0.00273051 0.00114476 0.00433466 0.00713981 0.0103784 0.0132317 0.0131076 0.00816591 -5.07087e-05 -0.00706666 
-0.014751 -0.0120266 -0.00510661 0.00302836 0.0104162 0.0164204 0.0208776 0.0231005 0.0221599 0.0180521 0.0122515 0.00703413 0.00396219 0.00280963 0.00200391 -2.83798e-05 -0.00379497 -0.00832686 -0.0115379 -0.0115224 -0.00800648 -0.00246466 0.00329499 0.00853888 0.0132734 0.0165031 0.0157413 0.00920017 -0.00139446 -0.0109289 
-0.0218181 -0.0186079 -0.0115401 -0.00368301 0.00301068 0.00817293 0.0123996 0.0156422 0.0167561 0.0148826 0.0107199 0.00620242 0.00305724 0.00160374 0.000708885 -0.00120048 -0.00489263 -0.00968514 -0.0136651 -0.0147333 -0.0119671 -0.00615209 0.00100021 0.0080577 0.013949 0.016803 0.014012 0.00470712 -0.00801151 -0.0182908 
-0.0249804 -0.0207206 -0.0139878 -0.00760973 -0.00289486 0.000644258 0.00451324 0.00909276 0.012744 0.0135715 0.0114388 0.00792105 0.00489116 0.00325929 0.00239168 0.00064609 -0.00310222 -0.0083529 -0.0131922 -0.0154388 -0.0138895 -0.00878774 -0.00141101 0.0065205 0.0128443 0.0146648 0.00959785 -0.00165792 -0.0145734 -0.0233626 
-0.0178958 -0.0145623 -0.010182 -0.00690543 -0.00518185 -0.00361619 -0.000150414 0.00550336 0.0110804 0.0140512 0.0138813 0.0116885 0.00896625 0.00689292 0.0055074 0.0034195 -0.000713077 -0.00651271 -0.0120092 -0.015079 -0.0145651 -0.0103621 -0.00323546 0.00496532 0.0112808 0.0125712 0.00754219 -0.00184394 -0.0114382 -0.0173231 
0.00090445 -0.000406093 -0.00178285 -0.00374471 -0.00567546 -0.00581287 -0.00250834 0.00372595 0.0101091 0.01429 0.0159967 0.0156953 0.0137076 0.0109423 0.00831063 0.00529967 0.000749693 -0.0051574 -0.0107226 -0.0141836 -0.0145495 -0.0113126 -0.0046499 0.0035934 0.0102165 0.0128385 0.0116872 0.00879443 0.00568927 0.00292047 
0.0212226 0.0134162 0.0044829 -0.00360604 -0.00872158 -0.00927662 -0.00514074 0.00167443 0.00810119 0.0127088 0.0159963 0.0178302 0.0171192 0.0141221 0.0104217 0.00661939 0.00210925 -0.00314065 -0.00811595 -0.0117766 -0.0133436 -0.0117588 -0.00637902 0.00138725 0.00866514 0.0140071 0.0185074 0.0232245 0.0266065 0.0261005 
0.0271379 0.0149678 0.000786631 -0.0112399 -0.0172323 -0.0158618 -0.00911758 -0.000985737 0.00528511 0.00949118 0.0131874 0.0162782 0.0170176 0.0150223 0.0117707 0.00833605 0.00462328 0.000527747 -0.00366966 -0.00775827 -0.0111882 -0.0123195 -0.00950321 -0.00327881 0.00399954 0.0111535 0.0190651 0.027714 0.0339805 0.0340962 
0.0145 0.00181056 -0.0127749 -0.0244347 -0.0281525 -0.0227057 -0.0120296 -0.00208161 0.00374264 0.0064386 0.00872871 0.0113238 0.0128934 0.0127311 0.0114865 0.00973975 0.00747864 0.00462026 0.000967532 -0.00386916 -0.00945986 -0.013633 -0.0138431 -0.00986611 -0.00379504 0.00295531 0.0106626 0.0186072 0.023543 0.0223118 
-0.00165421 -0.0130163 -0.0245448 -0.0326307 -0.0326059 -0.0233392 -0.00982227 0.000751194 0.00511579 0.00537359 0.00518418 0.00602745 0.00727391 0.00826355 0.00890709 0.00904017 0.00843271 0.00693727 0.00404049 -0.00101216 -0.00783925 -0.0138838 -0.0160197 -0.0137155 -0.00908074 -0.00351609 0.0030749 0.00925497 0.011399 0.00732675 
-0.00262997 -0.0135328 -0.0217604 -0.0261526 -0.0240195 -0.0143714 -0.00180897 0.00660693 0.00814101 0.00572479 0.00335494 0.00245581 0.00250483 0.00304439 0.00395868 0.00494951 0.00575374 0.00611387 0.00516313 0.00166723 -0.00437247 -0.0103667 -0.0127807 -0.0108644 -0.00663172 -0.00089385 0.00685876 0.0141468 0.015567 0.00877063 
0.0139398 0.0020281 -0.00441707 -0.0068802 -0.00568235 9.89914e-05 0.0078355 0.0118922 0.00988277 0.00481981 0.000643566 -0.00160624 -0.00284178 -0.00356413 -0.00359938 -0.00276408 -0.000886689 0.00185447 0.00416178 0.00391228 0.00013041 -0.00494048 -0.00725945 -0.00539885 -0.000771467 0.00677366 0.0184675 0.0307456 0.0353228 0.0279547 
0.0343274 0.0209971 0.0153353 0.0136918 0.0123833 0.0123978 0.0141612 0.0139486 0.00878461 0.000857317 -0.00561066 -0.00913136 -0.0108796 -0.0120415 -0.012714 -0.0121909 -0.00951036 -0.00455157 0.000870238 0.00350218 0.00129012 -0.00387683 -0.00745566 -0.00696885 -0.00254729 0.00721949 0.024268 0.0440349 0.0549984 0.0498128 
0.045236 0.0303528 0.0250348 0.024082 0.0205957 0.0157782 0.0133194 0.0110008 0.00431548 -0.00578454 -0.0141977 -0.0181633 -0.0190029 -0.0191751 -0.0196116 -0.0192174 -0.0161941 -0.0102102 -0.00370146 -0.000702151 -0.00349878 -0.0101334 -0.0161114 -0.0184154 -0.0155954 -0.0045541 0.0174555 0.044964 0.0632589 0.0614804 
0.0449489 0.0266728 0.0195894 0.0180225 0.0127467 0.00537646 0.00217141 0.0014392 -0.00333623 -0.0124834 -0.0201208 -0.0225213 -0.0214067 -0.0203588 -0.0207259 -0.0208449 -0.0183175 -0.0129339 -0.00765941 -0.00647448 -0.0107276 -0.0180181 -0.0249186 -0.0293749 -0.0290892 -0.0190083 0.00523246 0.0381114 0.0622357 0.0630185 
0.0409043 0.015818 0.00280381 -0.00233203 -0.00954595 -0.0169214 -0.0170595 -0.0121496 -0.0107929 -0.0148858 -0.0187198 -0.0183684 -0.01583 -0.014903 -0.0164538 -0.0180428 -0.0169629 -0.0132249 -0.00984416 -0.0100124 -0.0137737 -0.018506 -0.0226657 -0.0265827 -0.0285205 -0.021822 0.000468034 0.0344277 0.0613307 0.0628437 
0.0418282 0.00843286 -0.0128908 -0.0230961 -0.0317736 -0.0376034 -0.0334067 -0.0218616 -0.0130059 -0.0107168 -0.0105454 -0.00857823 -0.00630428 -0.00696252 -0.0107432 -0.0146107 -0.0156312 -0.013692 -0.0112226 -0.0104795 -0.0109634 -0.0105166 -0.00928595 -0.00987603 -0.011992 -0.0085837 0.00944882 0.0407664 0.0673302 0.0682204 
0.0515523 0.0140463 -0.0120945 -0.0247723 -0.0337286 -0.0394449 -0.0348303 -0.0211615 -0.00839772 -0.00249255 -0.000843986 0.000607303 0.00138732 -0.00127727 -0.00748806 -0.0139462 -0.0173235 -0.0169593 -0.0143953 -0.0113505 -0.00790893 -0.00285746 0.00322816 0.00719215 0.00799738 0.0112845 0.0261373 0.0534498 0.0780444 0.079018 
0.0652333 0.0329325 0.0105211 0.000895891 -0.00730153 -0.0166994 -0.0184802 -0.00974375 0.00112785 0.00632341 0.0066499 0.00631076 0.00544375 0.00103804 -0.00746553 -0.0165817 -0.0223509 -0.0234059 -0.0205424 -0.0154187 -0.00937333 -0.00228621 0.00602428 0.0136924 0.0189226 0.0244719 0.0373297 0.0601788 0.0826704 0.0867011 
0.0708213 0.0524854 0.0421237 0.0409618 0.0352168 0.0206183 0.0089719 0.0085955 0.0134663 0.0147085 0.012034 0.00961339 0.00739227 0.00159364 -0.00889826 -0.0204091 -0.0283393 -0.0306395 -0.0274771 -0.0205224 -0.0124676 -0.00464352 0.00375563 0.0127517 0.0203728 0.0262593 0.0348748 0.0510731 0.0706786 0.0800797 
0.0598936 0.0581526 0.0628434 0.0727815 0.0724669 0.0562733 0.0374774 0.0282411 0.0253786 0.0208665 0.014495 0.0101278 0.0070115 0.000680572 -0.0104605 -0.0229849 -0.0321426 -0.0352509 -0.0315553 -0.0222892 -0.0112338 -0.00178259 0.00617984 0.0138676 0.0196437 0.0211299 0.0212761 0.0275964 0.0421152 0.055979 
0.0388179 0.0494506 0.0651915 0.0838514 0.0904176 0.0780439 0.0578362 0.0422369 0.0313208 0.0204713 0.0106351 0.00495845 0.00195563 -0.00302947 -0.012157 -0.0231057 -0.0317484 -0.034904 -0.0306072 -0.0191815 -0.00496104 0.00655612 0.013768 0.0181393 0.0188407 0.0131037 0.00360473 9.92159e-05 0.00912536 0.0253497 
0.0252095 0.0400507 0.0578311 0.0779261 0.0886238 0.0825668 0.0654117 0.0461887 0.0281482 0.011886 -2.45155e-05 -0.00563892 -0.00707378 -0.00881095 -0.0137498 -0.0211315 -0.0277076 -0.0300035 -0.0252867 -0.0132951 0.00159147 0.0128642 0.0177545 0.0179 0.0136515 0.00284162 -0.0117113 -0.019267 -0.0115166 0.0070743 
0.0355158 0.0457451 0.055812 0.069279 0.0792235 0.0781558 0.0649985 0.0436464 0.0200808 0.000389407 -0.0114638 -0.0152973 -0.0142094 -0.0126397 -0.0140252 -0.018513 -0.0230692 -0.0239626 -0.0186583 -0.0074534 0.00524767 0.013408 0.0146553 0.0113833 0.00522711 -0.00523192 -0.0172012 -0.0200503 -0.00629925 0.0169752 
0.0789387 0.0773211 0.072368 0.0741263 0.0795944 0.0799448 0.0680938 0.04403 0.0161783 -0.00510055 -0.0152468 -0.0163708 -0.013332 -0.0108625 -0.0120683 -0.016596 -0.0207785 -0.0205469 -0.0140546 -0.00295353 0.00795422 0.0135962 0.012594 0.0080886 0.00299928 -0.00273999 -0.0057375 0.00419465 0.031526 0.0628974 
0.155434 0.137238 0.111973 0.0982224 0.0957701 0.0930759 0.0788568 0.0516429 0.0214957 0.000433246 -0.00757641 -0.00689476 -0.00427535 -0.00451117 -0.00915336 -0.0162486 -0.0214464 -0.0206205 -0.0124239 0.000427508 0.0125241 0.0191046 0.0189124 0.0150436 0.0119468 0.0126353 0.0228291 0.0521279 0.0997252 0.142916 
0.250745 0.214106 0.164175 0.129439 0.113777 0.10394 0.0862802 0.0588395 0.0311327 0.0133715 0.00756011 0.0079259 0.00711191 0.00141536 -0.00820115 -0.0180127 -0.0237446 -0.0219785 -0.011749 0.00381371 0.0188299 0.0282984 0.0304781 0.028049 0.0271586 0.0350412 0.0608747 0.113163 0.184252 0.241269 
0.331622 0.279075 0.204902 0.146531 0.1143 0.096111 0.0772902 0.0547318 0.0351261 0.024352 0.0214333 0.0201659 0.0144555 0.00301064 -0.010545 -0.0213635 -0.0259967 -0.0222332 -0.00962118 0.00843081 0.0256607 0.0370435 0.0411267 0.040759 0.0430662 0.0580453 0.0973147 0.168044 0.257058 0.324489 
