0.301097 0.31844 0.285476 0.220405 0.153689 0.103801 0.0729668 0.0539274 0.0375474 0.0191642 -9.63333e-05 -0.0167321 -0.0275245 -0.03053 -0.0265427 -0.0192798 -0.0127093 -0.00829962 -0.00509058 -0.00199371 0.00103133 0.00513333 0.0146063 0.0336345 0.0608231 0.0899503 0.117283 0.14731 0.190002 0.247628 
0.284744 0.299731 0.269678 0.210238 0.149387 0.10443 0.0775344 0.0616449 0.0471538 0.0287407 0.00797119 -0.0104027 -0.0224427 -0.0262042 -0.0225558 -0.015298 -0.00874477 -0.00483562 -0.00277155 -0.000879852 0.00211387 0.00817833 0.0211054 0.0437894 0.0736356 0.103422 0.128846 0.154366 0.189921 0.238656 
0.217682 0.231822 0.210735 0.164715 0.116479 0.0817064 0.0629295 0.0534398 0.0436174 0.0281019 0.00889466 -0.00838205 -0.0192951 -0.0220363 -0.0176069 -0.00971888 -0.00280936 0.000720048 0.0013389 0.00115595 0.00262968 0.00845204 0.0215585 0.0431323 0.069485 0.0930981 0.109767 0.124291 0.146835 0.181742 
0.12859 0.145128 0.135246 0.103802 0.0688145 0.044952 0.0349988 0.0323376 0.0279528 0.0172345 0.00236152 -0.0111677 -0.0191766 -0.0202201 -0.0152329 -0.00735417 -0.000704199 0.00198389 0.000701304 -0.00231926 -0.00378204 -0.000428341 0.00993938 0.0270532 0.0465083 0.0608655 0.0660931 0.0675401 0.076574 0.0994768 
0.0597585 0.0797938 0.0783799 0.0576165 0.0325566 0.0163938 0.0112727 0.0112311 0.00941405 0.00270757 -0.00719905 -0.0160966 -0.0208526 -0.02064 -0.0161613 -0.00955136 -0.00416843 -0.00280246 -0.00589506 -0.0113636 -0.0156061 -0.0151215 -0.00822606 0.00386944 0.0165338 0.0229009 0.01948 0.0123345 0.0140944 0.0321094 
0.0383135 0.060133 0.0626002 0.0478341 0.0284274 0.0145738 0.00727496 0.00288071 -0.00148111 -0.00714665 -0.0136868 -0.0189385 -0.0212327 -0.0205264 -0.0172988 -0.0125856 -0.00879661 -0.00853298 -0.0124975 -0.0189004 -0.0243073 -0.0252857 -0.0204029 -0.0113129 -0.00255513 -3.95286e-05 -0.00615623 -0.0140996 -0.0111065 0.00904111 
0.0599383 0.0808946 0.0835767 0.0710722 0.053267 0.0368575 0.0222304 0.0090729 -0.00119187 -0.00842027 -0.0136494 -0.0168158 -0.0177256 -0.017036 -0.0149953 -0.0117374 -0.00889282 -0.0088338 -0.0124045 -0.0181381 -0.0229783 -0.0236391 -0.0186455 -0.00975527 -0.00140346 0.00146557 -0.00218805 -0.00509106 0.00425818 0.0293 
0.0963341 0.114641 0.115284 0.101942 0.0824911 0.0617258 0.0403308 0.0202533 0.00527388 -0.00367218 -0.00848845 -0.0106183 -0.0110064 -0.0106039 -0.00926464 -0.00653916 -0.00367517 -0.00296754 -0.00539531 -0.00977597 -0.013378 -0.0129615 -0.00683346 0.00325301 0.0128348 0.0177423 0.0182036 0.0215782 0.0373608 0.0660748 
0.117201 0.132708 0.130664 0.114957 0.0929244 0.0695853 0.0464389 0.0255829 0.0104081 0.00176604 -0.00235382 -0.00402826 -0.00465981 -0.00487767 -0.00397625 -0.00127733 0.00196853 0.00338829 0.0018414 -0.00169819 -0.00465719 -0.00375592 0.00288796 0.013499 0.0234747 0.0291612 0.0318604 0.0390021 0.0583475 0.0883575 
0.109682 0.123635 0.120282 0.103647 0.0811596 0.058655 0.0384838 0.0219438 0.0106142 0.00453455 0.00176552 0.000190483 -0.00133011 -0.0026047 -0.00238498 -3.80814e-05 0.00304978 0.00444561 0.00286876 -0.000840028 -0.00413745 -0.0037581 0.00216061 0.01176 0.0202542 0.0241963 0.0257674 0.0328944 0.0525466 0.0821204 
0.0825851 0.0965141 0.094295 0.0799349 0.0602798 0.0409641 0.0249564 0.0134267 0.00672148 0.00403354 0.00318609 0.00193558 -0.00043207 -0.00285254 -0.00366656 -0.00231283 -0.000137708 0.000543922 -0.00163139 -0.00591977 -0.00977262 -0.0101062 -0.00539199 0.00231497 0.008049 0.00836506 0.00619344 0.0103836 0.0279524 0.0559613 
0.0541878 0.068635 0.0690801 0.059185 0.0442474 0.0284413 0.0149201 0.00571974 0.0014806 0.00131902 0.00262128 0.00245911 5.31157e-05 -0.00297972 -0.00464794 -0.00431595 -0.00307677 -0.00298268 -0.00543295 -0.00977662 -0.0134693 -0.0137265 -0.00960406 -0.0035291 -0.000628846 -0.00429827 -0.0109087 -0.0107269 0.00349085 0.0288893 
0.035291 0.0492374 0.0521177 0.0469354 0.0369437 0.024245 0.0116462 0.00226404 -0.0019974 -0.00127155 0.00158972 0.00274064 0.000941852 -0.00192557 -0.00360421 -0.00340101 -0.00223469 -0.00193698 -0.00390968 -0.00756991 -0.0103512 -0.009693 -0.00523517 0.000115093 0.00111531 -0.00537835 -0.0152219 -0.0185172 -0.00830201 0.0129454 
0.0225669 0.0341494 0.0382931 0.0371133 0.0318835 0.0227685 0.0118176 0.00255786 -0.00218187 -0.00171741 0.00133065 0.00285594 0.00149058 -0.00070819 -0.00145177 -0.000285539 0.0017319 0.00283756 0.00167703 -0.00115829 -0.00300194 -0.00128526 0.00403715 0.00964842 0.0102157 0.00285235 -0.00832847 -0.0143588 -0.00917187 0.00563833 
0.00737894 0.0153529 0.0195938 0.0213355 0.0205759 0.0162828 0.00951757 0.00308318 -0.000492723 -0.000290579 0.00178542 0.00248941 0.00101916 -0.000481799 -4.99994e-05 0.00228274 0.0051629 0.00684777 0.00611538 0.00364464 0.0022271 0.0046086 0.0108415 0.0173733 0.018703 0.0119043 0.000442914 -0.00831309 -0.00928004 -0.00257885 
-0.0114288 -0.00746575 -0.00442303 -0.00136328 0.00154346 0.00286121 0.00241459 0.00128942 0.000728024 0.00142105 0.00243771 0.00202016 0.000213709 -0.000963683 -5.17402e-05 0.00255614 0.00540039 0.00686159 0.00593173 0.00338787 0.00201193 0.00462094 0.011375 0.0186515 0.0208025 0.0147464 0.0032167 -0.00789296 -0.0143058 -0.0148642 
-0.025949 -0.0263319 -0.0261127 -0.0235719 -0.0182365 -0.0117568 -0.00587466 -0.00151913 0.00125735 0.00296127 0.00353352 0.0024769 0.000404158 -0.00096698 -0.000535333 0.00132795 0.00334222 0.00408299 0.00275903 0.000198466 -0.00104425 0.00159141 0.00819887 0.0152201 0.0172156 0.0113772 0.000216236 -0.0113402 -0.0199689 -0.0245436 
-0.0287048 -0.0331181 -0.0365778 -0.0358004 -0.0294822 -0.0197168 -0.00985842 -0.00233655 0.00222799 0.0044636 0.00486749 0.00360333 0.00142474 -0.000302446 -0.000603123 0.000439576 0.00180805 0.00218759 0.000914469 -0.00117213 -0.00185863 0.000896426 0.00688144 0.0126787 0.0134874 0.00732942 -0.00291401 -0.0127312 -0.0198994 -0.0247079 
-0.0208378 -0.0272933 -0.0333763 -0.0344019 -0.0284583 -0.0181229 -0.0078767 -0.000719141 0.00298869 0.00431145 0.00411613 0.00281569 0.000990272 -0.000432403 -0.00059621 0.000644218 0.00240487 0.00334344 0.00283068 0.00171442 0.0019211 0.00496207 0.0102344 0.0144497 0.0135494 0.00651746 -0.00310609 -0.0106464 -0.0145634 -0.0169217 
-0.00989923 -0.0157258 -0.0221739 -0.0239966 -0.01909 -0.0103391 -0.00266323 0.00117045 0.00161926 0.000472638 -0.000951296 -0.00211195 -0.00281274 -0.0027497 -0.00142118 0.00125031 0.00433212 0.00643796 0.00699908 0.00691359 0.00793769 0.0111948 0.0157639 0.0184597 0.0157993 0.00747796 -0.00234279 -0.00842972 -0.00927216 -0.00819985 
-0.000769488 -0.00439442 -0.00955063 -0.0112164 -0.00750145 -0.00138923 0.00236034 0.00167541 -0.00202561 -0.00619944 -0.0090516 -0.00993679 -0.00907796 -0.00685793 -0.00335594 0.00112418 0.00548871 0.00844724 0.00965809 0.0101466 0.0115625 0.0147456 0.0185716 0.0200058 0.0160195 0.00675736 -0.00321765 -0.00817755 -0.00644548 -0.0020655 
0.00826518 0.00704194 0.00338688 0.00164029 0.00332514 0.00579013 0.00516225 0.000397258 -0.00642034 -0.0125773 -0.0162814 -0.0169082 -0.01486 -0.0109224 -0.00573761 -0.000133092 0.00463209 0.00753092 0.00859941 0.00903106 0.0103671 0.013207 0.0163283 0.0169507 0.0125278 0.00357713 -0.00517992 -0.0079869 -0.00337994 0.0040963 
0.0196319 0.0202472 0.0173882 0.0143923 0.0124558 0.00991743 0.00471069 -0.00281745 -0.0104545 -0.01637 -0.0196913 -0.0200751 -0.0176963 -0.0131907 -0.00748148 -0.00183156 0.00241655 0.00455779 0.00497746 0.00496893 0.00594418 0.0083285 0.0109144 0.0112629 0.00737663 0.000189996 -0.00561986 -0.00488614 0.00304691 0.0132252 
0.0298448 0.0312337 0.0284914 0.0236774 0.0175794 0.00986191 0.000816903 -0.00764915 -0.0136958 -0.0172278 -0.0189812 -0.0190592 -0.0170766 -0.0130533 -0.00785486 -0.00295689 0.000332729 0.00157953 0.00134849 0.000891273 0.00146574 0.00341158 0.00564559 0.00609973 0.00331655 -0.00135708 -0.00349577 0.000939125 0.0113794 0.0227259 
0.0317517 0.032853 0.0302859 0.0246902 0.0161834 0.00546411 -0.00511333 -0.0124544 -0.0154417 -0.0158011 -0.0157036 -0.0155096 -0.0141948 -0.0111072 -0.0069026 -0.00305612 -0.000741254 -0.000209698 -0.000876417 -0.00163733 -0.00140874 0.000119246 0.00205742 0.00269556 0.00100385 -0.00144127 -0.000755071 0.00568267 0.0161549 0.0260117 
0.0229029 0.0234424 0.0218235 0.0173527 0.00938482 -0.000886512 -0.0100205 -0.0146807 -0.014688 -0.0128616 -0.0117888 -0.011615 -0.0108811 -0.00861975 -0.00535644 -0.00245173 -0.000910865 -0.000887596 -0.00184128 -0.0028149 -0.00288715 -0.00177867 -0.000191526 0.000487223 -0.000477152 -0.00157444 0.000202247 0.00606521 0.0137453 0.0198392 
0.00914866 0.00940421 0.0091776 0.00692809 0.00158836 -0.00556249 -0.0111997 -0.0128646 -0.0113076 -0.00930863 -0.00866848 -0.00893298 -0.00857427 -0.00678116 -0.00411875 -0.00181675 -0.000744223 -0.00101998 -0.00212773 -0.00317697 -0.00337073 -0.00251895 -0.00124868 -0.000693727 -0.0013435 -0.00191906 -0.000449681 0.00313717 0.00672758 0.00861464 
-0.00113693 -0.00128469 -0.000800128 -0.00123555 -0.0035555 -0.00673728 -0.0085759 -0.00816166 -0.00681253 -0.00631403 -0.00703135 -0.0079033 -0.00767833 -0.0059994 -0.00357452 -0.00151791 -0.000596587 -0.000913379 -0.00193117 -0.00274872 -0.00265696 -0.00162829 -0.000383387 7.22064e-05 -0.000505409 -0.00100646 -0.000310892 0.000952381 0.00118386 6.03246e-05 
-0.00484793 -0.00589748 -0.00579183 -0.00542079 -0.00540176 -0.00529587 -0.00443731 -0.00333739 -0.00329782 -0.0047498 -0.00675816 -0.00796901 -0.00760123 -0.00580135 -0.00341294 -0.00142793 -0.000502915 -0.000700431 -0.00143099 -0.00174541 -0.000985115 0.000692854 0.00234595 0.00293335 0.00238322 0.0017642 0.00176373 0.0015531 2.62428e-05 -0.00254691 
-0.00507139 -0.00696474 -0.0075553 -0.00695307 -0.00549156 -0.00339073 -0.00125624 -0.000386294 -0.00165714 -0.00440177 -0.00696795 -0.00805881 -0.00736624 -0.00541305 -0.00309818 -0.00127219 -0.000463264 -0.00066453 -0.00121872 -0.0011109 0.000312343 0.00274298 0.00497253 0.00578523 0.0051288 0.00409291 0.00337109 0.00240352 0.000447965 -0.00232181 
-0.00612192 -0.00795949 -0.00873746 -0.00804394 -0.00593155 -0.0029349 -0.000311132 0.0003876 -0.00131889 -0.00423728 -0.00657079 -0.00725426 -0.0062961 -0.0043764 -0.00233914 -0.000888111 -0.000441478 -0.000933398 -0.00165414 -0.00153115 0.000106122 0.00284528 0.00525049 0.00590072 0.00466073 0.00266534 0.000934723 -0.000483795 -0.00202936 -0.00395613 
-0.00992835 -0.0107598 -0.0111698 -0.0104817 -0.00830178 -0.00497793 -0.00188864 -0.000648006 -0.00164767 -0.00371448 -0.0052698 -0.00548529 -0.00446179 -0.00281012 -0.00122208 -0.000264884 -0.000286157 -0.00120175 -0.00230295 -0.00252218 -0.00121599 0.00111846 0.00292521 0.00269354 0.000232694 -0.00325517 -0.00629487 -0.00811521 -0.00886697 -0.00927436 
-0.0162692 -0.0159214 -0.0158066 -0.0151168 -0.0129867 -0.00939433 -0.00560564 -0.00322422 -0.00275206 -0.00334637 -0.0038248 -0.00355355 -0.00255479 -0.00122833 -7.62324e-05 0.000450228 5.52575e-05 -0.0011764 -0.00258489 -0.00320065 -0.00251365 -0.00112607 -0.000571325 -0.00223554 -0.00624448 -0.0113368 -0.0156873 -0.0179644 -0.0180965 -0.0171443 
-0.0237932 -0.0229243 -0.022418 -0.021435 -0.0189617 -0.0148814 -0.0103509 -0.0068052 -0.00477591 -0.00379215 -0.00311953 -0.00230355 -0.00123543 -8.74609e-05 0.000793569 0.00103729 0.000400614 -0.0010099 -0.00258397 -0.00350916 -0.00350082 -0.00327433 -0.0041854 -0.00727033 -0.0124626 -0.0185251 -0.0236236 -0.0263056 -0.0264431 -0.0251737 
-0.0305872 -0.0300954 -0.0293789 -0.027733 -0.0244716 -0.0197767 -0.0147416 -0.0104464 -0.00726484 -0.00500021 -0.00332723 -0.00195998 -0.000684268 0.000489814 0.0012933 0.00138298 0.000556029 -0.0010373 -0.00280865 -0.00409743 -0.00483498 -0.00576486 -0.00790171 -0.0117822 -0.0171109 -0.0228615 -0.0276659 -0.0304968 -0.0313506 -0.0311 
-0.0352856 -0.035664 -0.0348183 -0.0323835 -0.0282932 -0.0231575 -0.0179669 -0.0133764 -0.00953331 -0.00642217 -0.00403475 -0.00221216 -0.00066422 0.000687593 0.00157496 0.00162052 0.000623502 -0.00123427 -0.00337341 -0.00523154 -0.00683042 -0.00876728 -0.0115922 -0.0153404 -0.0196092 -0.0238427 -0.027517 -0.030338 -0.0324302 -0.0340883 
-0.0377532 -0.0388696 -0.0379126 -0.0349254 -0.0303807 -0.0251352 -0.0200154 -0.0153603 -0.0111731 -0.00756163 -0.00472616 -0.00257592 -0.000752227 0.000869676 0.00197303 0.00209905 0.0010057 -0.00113176 -0.00375519 -0.00632744 -0.00878643 -0.0114314 -0.0143647 -0.0172925 -0.0199235 -0.0223541 -0.02495 -0.0279899 -0.031474 -0.035002 
-0.0377247 -0.0390243 -0.0380485 -0.0350343 -0.030574 -0.0254731 -0.0204506 -0.0157885 -0.0114826 -0.00769864 -0.00471853 -0.00244307 -0.000429243 0.00146968 0.00284893 0.0031375 0.00203326 -0.000315755 -0.0033824 -0.00659716 -0.00969815 -0.0126709 -0.0153651 -0.017425 -0.0187883 -0.0200953 -0.0222847 -0.0257657 -0.0301316 -0.0344719 
-0.0331083 -0.0339234 -0.0330353 -0.0305311 -0.0266334 -0.0218633 -0.0169944 -0.012552 -0.00865123 -0.00540391 -0.00296877 -0.00108886 0.000800275 0.00281272 0.00437725 0.0047716 0.00364161 0.00113466 -0.00222732 -0.00581768 -0.00917635 -0.0120942 -0.0144355 -0.0159929 -0.0168239 -0.0177069 -0.0197186 -0.023135 -0.0271548 -0.0307184 
-0.0216556 -0.021486 -0.020609 -0.0188477 -0.0158426 -0.0117226 -0.0074016 -0.00383382 -0.0013421 0.00016305 0.000945707 0.00163743 0.00293578 0.00480215 0.00637937 0.00674008 0.00548473 0.00280995 -0.000702185 -0.00434696 -0.00753229 -0.00999611 -0.011788 -0.0129192 -0.0133657 -0.0136484 -0.0147449 -0.0169309 -0.0193372 -0.0209965 
-0.0050879 -0.00389584 -0.00288553 -0.00184359 2.23642e-05 0.00299422 0.00611646 0.0080302 0.00818528 0.0069947 0.00538958 0.00449887 0.00506448 0.0067449 0.00831682 0.00862544 0.00722075 0.00437755 0.000808465 -0.00266349 -0.00536202 -0.00702979 -0.00788404 -0.00810699 -0.00754979 -0.00642202 -0.00564943 -0.00578463 -0.00620786 -0.00602189 
0.0102419 0.0119763 0.0129888 0.013233 0.0136882 0.0150568 0.0165478 0.0165707 0.014398 0.0107836 0.00730768 0.00545668 0.00582741 0.00770078 0.00953913 0.010016 0.00862694 0.00570814 0.00212804 -0.00114094 -0.00334866 -0.00419743 -0.00389325 -0.00268464 -0.000489346 0.00247657 0.0051802 0.00675744 0.00756799 0.00859778 
0.0186175 0.020382 0.0210588 0.020224 0.0189813 0.0185354 0.0184837 0.0172068 0.0138193 0.00923973 0.00539008 0.00380193 0.00478798 0.00734309 0.00979636 0.0107532 0.00963782 0.00677493 0.00314127 -0.000143916 -0.00223534 -0.00268839 -0.0014694 0.00121346 0.00509294 0.0095114 0.0132273 0.0153241 0.0161824 0.0170344 
0.0202716 0.0219924 0.0221589 0.0200351 0.0169787 0.0148154 0.0137188 0.0121941 0.00907315 0.00504046 0.00196956 0.00128485 0.00311691 0.00639481 0.00949385 0.0110183 0.0102856 0.00751117 0.00368801 4.82053e-05 -0.00244013 -0.00309224 -0.00147603 0.00232795 0.00754918 0.0128316 0.0166866 0.0183713 0.0185588 0.0188601 
0.0197533 0.0214653 0.0210786 0.0177888 0.0133191 0.0100096 0.00856376 0.00766223 0.00568516 0.00268898 0.000304151 4.15494e-05 0.00216253 0.00569803 0.00909341 0.0109423 0.010451 0.00769606 0.00362037 -0.000497994 -0.00361121 -0.0048219 -0.00329075 0.00111717 0.00727667 0.013254 0.0173042 0.0187298 0.0184104 0.0183468 
0.0202055 0.021463 0.0203383 0.0163833 0.0115794 0.0082181 0.00708147 0.00698156 0.00592678 0.00332415 0.000664479 -0.000122966 0.00160809 0.00496883 0.00833502 0.0102324 0.0098066 0.00706129 0.00288548 -0.00147505 -0.00501753 -0.00680821 -0.00576389 -0.00145398 0.00509422 0.0118715 0.0169225 0.0191466 0.0191258 0.0190017 
0.0211229 0.0211805 0.0190906 0.0151343 0.0112161 0.00884 0.00828195 0.00844902 0.00736997 0.0041869 0.000462577 -0.00133099 -0.000147712 0.00307972 0.00651059 0.00854082 0.00828072 0.00571286 0.0016846 -0.00262506 -0.00632628 -0.00861694 -0.00841597 -0.00499309 0.00121481 0.00871188 0.0154325 0.0194755 0.0205901 0.0206222 
0.0194561 0.0181141 0.015338 0.0120696 0.00971808 0.00866409 0.00847001 0.00817495 0.00625518 0.00205936 -0.00268702 -0.0051625 -0.00408952 -0.000504382 0.00351217 0.00618123 0.00650878 0.00439123 0.000599618 -0.00371066 -0.00764428 -0.0105134 -0.0114442 -0.00956749 -0.00453899 0.00301084 0.011087 0.0170065 0.0195415 0.0198691 
0.0115106 0.00985383 0.00781634 0.00633675 0.0058933 0.00594915 0.00567528 0.00437799 0.00124721 -0.00381031 -0.00892637 -0.0112853 -0.00961527 -0.00504132 0.000184178 0.00408913 0.00546624 0.00397935 0.000236733 -0.00453484 -0.00916077 -0.0128756 -0.015172 -0.0154225 -0.0127074 -0.00664836 0.00122915 0.00793017 0.0114854 0.0122645 
-0.00240444 -0.00218665 -0.00109739 0.000830961 0.00268781 0.00340878 0.00241053 -0.000434804 -0.00511261 -0.0109976 -0.0160801 -0.017797 -0.0150811 -0.00915827 -0.00241003 0.00301044 0.0056443 0.00480827 0.000832166 -0.00493249 -0.0107646 -0.0155773 -0.0193381 -0.0221324 -0.0228794 -0.0201111 -0.0143294 -0.00823713 -0.0042263 -0.00264224 
-0.01434 -0.0104939 -0.00446928 0.00189795 0.00593392 0.00640292 0.00367956 -0.0014423 -0.00827002 -0.0156008 -0.0211808 -0.0226009 -0.0190432 -0.0119298 -0.0038203 0.00299435 0.0068871 0.0068202 0.00272224 -0.00404004 -0.0111593 -0.0170456 -0.0220182 -0.0270202 -0.0311171 -0.0318674 -0.0285778 -0.0234668 -0.0192162 -0.0165971 
-0.0149331 -0.00783475 0.00280832 0.0127984 0.0176222 0.0163705 0.0109707 0.00316791 -0.00623776 -0.0158786 -0.0230479 -0.0250827 -0.0213093 -0.0134782 -0.00439882 0.00359075 0.00885232 0.0100777 0.00670594 -0.000170114 -0.00798435 -0.0146365 -0.0202945 -0.0261766 -0.0314237 -0.0331539 -0.030265 -0.025165 -0.0209901 -0.018354 
-0.00434455 0.0035502 0.0164282 0.0274762 0.0308171 0.0266529 0.0187102 0.00911841 -0.00211254 -0.0139524 -0.0230969 -0.0262547 -0.0227353 -0.0146199 -0.00490277 0.00417014 0.0110625 0.0142755 0.0127591 0.00705946 -0.000533265 -0.00763066 -0.0135898 -0.0187796 -0.0219935 -0.0207504 -0.0150942 -0.00891634 -0.00606566 -0.00609005 
0.00709756 0.0127367 0.0246256 0.033814 0.0341544 0.0275966 0.0192144 0.0105084 -0.00013735 -0.012478 -0.022733 -0.026859 -0.0238992 -0.0159785 -0.00601998 0.00393668 0.0124324 0.0177876 0.0185804 0.0147989 0.00809985 0.000808301 -0.00530658 -0.0088986 -0.00802622 -0.00132824 0.00871679 0.0158469 0.0155284 0.0100356 
0.00954276 0.0106662 0.0189446 0.0248006 0.0229965 0.0168949 0.0116294 0.0071582 -4.80115e-05 -0.0107795 -0.0211001 -0.0262133 -0.0244856 -0.0175903 -0.00811204 0.00209534 0.011524 0.0183101 0.0208425 0.0187801 0.0131737 0.00604339 4.75029e-05 -0.00178804 0.00315328 0.0148536 0.0282708 0.0350857 0.0304961 0.0185584 
0.00327182 -0.000443916 0.0036744 0.00710226 0.00586608 0.00338413 0.00352879 0.0046692 0.00189089 -0.00659036 -0.0170087 -0.0238182 -0.0242966 -0.0192951 -0.0110357 -0.00137447 0.00802729 0.0151913 0.018466 0.0173987 0.0127151 0.00618073 0.000866352 0.000701306 0.00847635 0.0229609 0.0374527 0.0427918 0.0344445 0.0174809 
-0.00126198 -0.00785422 -0.00618281 -0.00318216 -0.00225779 -0.00113775 0.00267011 0.00702728 0.00668865 -0.000881772 -0.0123376 -0.021508 -0.0244979 -0.0213733 -0.014282 -0.00536224 0.00355077 0.01051 0.0139067 0.0132542 0.00922483 0.00354761 -0.000640215 0.000717003 0.0101499 0.0256242 0.0398817 0.044058 0.0341517 0.0153252 
0.00712569 0.000209148 0.00125171 0.00433824 0.0058309 0.00684992 0.00950701 0.0124153 0.0109101 0.00209751 -0.011178 -0.0224486 -0.0270082 -0.0245353 -0.0175212 -0.00863024 0.000164523 0.00709524 0.0106476 0.0103034 0.00680422 0.0019696 -0.00113202 0.00142963 0.0119816 0.0281764 0.0428893 0.0480102 0.0398626 0.0228553 
0.0292179 0.0229515 0.023127 0.0245502 0.0235602 0.0209476 0.0189776 0.0171109 0.0116664 6.98467e-05 -0.0151284 -0.0275725 -0.0323098 -0.0290499 -0.0208776 -0.0110741 -0.00170561 0.00571631 0.00978664 0.00994017 0.00702067 0.00296784 0.000739829 0.00416807 0.0156342 0.032904 0.0493668 0.0577665 0.0543747 0.0420541 
0.0540601 0.0476791 0.0450838 0.0427827 0.0383589 0.032677 0.0270666 0.0205786 0.0106029 -0.00417826 -0.0210691 -0.0341243 -0.0385555 -0.0342241 -0.0247098 -0.0138069 -0.00364401 0.0045263 0.00940207 0.0103419 0.00826517 0.00519723 0.00383557 0.00768628 0.0192108 0.0367342 0.0546922 0.0669395 0.0695955 0.0633857 
0.0697598 0.0620366 0.0549346 0.0485408 0.0430042 0.0386054 0.0336774 0.0253519 0.0120939 -0.00542723 -0.0239647 -0.0380324 -0.0430572 -0.0388251 -0.029049 -0.017837 -0.00738446 0.00131576 0.00714689 0.00936882 0.00874316 0.00706566 0.00641585 0.00958781 0.0191285 0.0345717 0.0521071 0.0670137 0.0754039 0.0756232 
0.0746066 0.0651978 0.0531153 0.043526 0.0397202 0.0404546 0.0398353 0.0325024 0.0178708 -0.00142042 -0.0215354 -0.0373485 -0.0442689 -0.0416099 -0.0328471 -0.0222872 -0.0122643 -0.00346743 0.00339665 0.00752745 0.00909924 0.00908267 0.00856779 0.00949286 0.0146727 0.0254683 0.0403941 0.056381 0.0697952 0.0766584 
0.0777473 0.068097 0.0516674 0.0388517 0.036137 0.0409717 0.0440816 0.0383117 0.023731 0.00415035 -0.0165345 -0.0336987 -0.0425821 -0.04172 -0.0341423 -0.0243767 -0.0150165 -0.0064161 0.00137551 0.00764275 0.0117063 0.0133109 0.0124608 0.0102892 0.00983187 0.0143788 0.0251394 0.0411471 0.0595136 0.0741764 
0.0907777 0.083648 0.0637904 0.0455838 0.0388319 0.0415284 0.0436131 0.037511 0.023465 0.00528905 -0.0139073 -0.0304682 -0.0396796 -0.0393147 -0.0319124 -0.0222234 -0.0131745 -0.00485258 0.00343395 0.0112536 0.0172033 0.0199517 0.0187733 0.0141771 0.00895578 0.00767956 0.0142244 0.0302818 0.0543385 0.0786881 
0.119048 0.117021 0.0943782 0.06759 0.0501596 0.0432413 0.0388753 0.0301028 0.016474 0.000657864 -0.0155119 -0.0295793 -0.0372775 -0.0359872 -0.0278106 -0.0175592 -0.00844376 -0.000469591 0.00762164 0.0157724 0.0221976 0.0250741 0.0237965 0.0188621 0.012359 0.00875325 0.0135087 0.0308572 0.0612206 0.0962581 
0.161448 0.166227 0.141149 0.103267 0.0705146 0.0493518 0.0356682 0.0231807 0.0095343 -0.00458098 -0.0183338 -0.030017 -0.0360246 -0.033819 -0.0251374 -0.0145816 -0.00552232 0.00187341 0.0090712 0.0162951 0.021704 0.0236946 0.0228384 0.0206079 0.0182478 0.0183444 0.0257022 0.0459919 0.0821797 0.127205 
0.214845 0.226831 0.199124 0.149044 0.0998606 0.0640406 0.0412346 0.0251603 0.010703 -0.00367674 -0.0174549 -0.0288834 -0.0349183 -0.0333458 -0.0255345 -0.0156792 -0.00724849 -0.000776184 0.00508184 0.0107155 0.0145379 0.0157254 0.0166373 0.0203469 0.0273162 0.0369153 0.0510734 0.0755105 0.116267 0.169596 
0.269322 0.286241 0.255301 0.194564 0.132383 0.0857814 0.0565629 0.0378726 0.0220469 0.00567246 -0.0105162 -0.024101 -0.0322245 -0.0329048 -0.027136 -0.0187442 -0.0113761 -0.00602915 -0.00158518 0.00258196 0.0055088 0.00738416 0.0120429 0.0237509 0.0421506 0.0632888 0.0856288 0.114202 0.157759 0.216307 
