0.591847 0.418043 0.217011 0.090644 0.0401791 0.0247712 0.0158033 0.00668493 0.00456638 0.0132151 0.0228272 0.0222209 0.0128088 0.00368462 -0.000456725 -0.00220824 -0.0054123 -0.00963058 -0.0113057 -0.00907998 -0.00596978 -0.00629928 -0.0117841 -0.0186328 -0.0169085 0.00833983 0.0814984 0.231275 0.441479 0.603158 
0.445342 0.303963 0.149433 0.0602203 0.0309815 0.0241305 0.0170274 0.00864923 0.00786988 0.0170218 0.0263276 0.0259747 0.0168253 0.00663852 0.000501594 -0.00292632 -0.00705493 -0.01172 -0.0135194 -0.0108331 -0.00639938 -0.00523263 -0.0106065 -0.0190826 -0.0198054 0.000728293 0.0605839 0.179943 0.343141 0.463177 
0.244609 0.155023 0.0659942 0.0226263 0.0153206 0.0156331 0.0091552 0.000498843 0.000790866 0.0112919 0.0217118 0.0232899 0.0165285 0.00751199 0.000903901 -0.00367033 -0.00864029 -0.0133749 -0.0144172 -0.0103332 -0.00435143 -0.00237496 -0.00825067 -0.0184032 -0.0227625 -0.0114315 0.0261263 0.100403 0.198151 0.264183 
0.0968037 0.0498612 0.00924798 -0.00389452 0.00117564 0.00526315 -0.000563715 -0.00902469 -0.00763801 0.0042395 0.0155825 0.0183881 0.0137193 0.0066932 0.000786588 -0.00440098 -0.0103422 -0.0154456 -0.0158999 -0.0104021 -0.00276487 0.00041773 -0.00462665 -0.0147583 -0.0228528 -0.022873 -0.00774253 0.0294973 0.0798394 0.111165 
0.0258246 0.00354784 -0.0152756 -0.018186 -0.00955217 -0.00208243 -0.00377321 -0.00883079 -0.0056862 0.00610163 0.0161082 0.0177085 0.0129745 0.00653117 0.000604695 -0.00559457 -0.0127977 -0.0186099 -0.0190854 -0.013127 -0.00463528 0.00018768 -0.00197599 -0.010016 -0.021547 -0.0331921 -0.0365536 -0.0218225 0.00742551 0.0294396 
0.00249943 -0.00892606 -0.0230548 -0.0269868 -0.0186056 -0.00651458 -0.000397017 0.00124313 0.00688626 0.017002 0.0235468 0.0221655 0.0156434 0.00795527 0.000488058 -0.00747988 -0.0159492 -0.0222726 -0.0231228 -0.0178665 -0.00947785 -0.00229243 0.00043624 -0.00419104 -0.0187263 -0.040026 -0.0558926 -0.0523776 -0.0288924 -0.00405336 
-0.00365783 -0.0115335 -0.0264877 -0.0342169 -0.0274962 -0.0113012 0.00344753 0.0129893 0.0212564 0.0289702 0.031626 0.0272845 0.0187306 0.00912199 -0.000416852 -0.0099384 -0.0186707 -0.0243912 -0.0252206 -0.0209493 -0.0124659 -0.00162069 0.00709099 0.00575267 -0.011256 -0.0384206 -0.0600377 -0.0612125 -0.0404617 -0.0145579 
-0.00429598 -0.0117295 -0.0281751 -0.039841 -0.036273 -0.018395 0.00346327 0.020501 0.0310994 0.0362435 0.0355617 0.0292279 0.0192943 0.00812331 -0.00283843 -0.0125734 -0.0196507 -0.022904 -0.0224801 -0.0184524 -0.009281 0.00502457 0.017901 0.017956 -0.000272061 -0.0280808 -0.0490093 -0.0512605 -0.035022 -0.0138214 
0.00242792 -0.00611388 -0.0246519 -0.0403933 -0.0410792 -0.024363 0.00138596 0.0239433 0.0361535 0.0386599 0.0350524 0.0275278 0.0171214 0.00526329 -0.00613295 -0.0148578 -0.0189011 -0.0183022 -0.0153371 -0.010634 -0.00115839 0.0137622 0.026354 0.0255946 0.00911707 -0.0131022 -0.0279185 -0.028712 -0.0174571 -0.00329939 
0.0210968 0.0106226 -0.00972835 -0.0280095 -0.0325903 -0.0202984 0.00340598 0.0263939 0.0380347 0.0377936 0.0316631 0.023458 0.0134959 0.00215374 -0.00872773 -0.0161914 -0.0176124 -0.0135915 -0.00796263 -0.00240462 0.00613452 0.0182608 0.0268711 0.0248753 0.0141021 0.0028665 -0.0018694 0.00160032 0.0104777 0.01926 
0.0485315 0.0361785 0.016277 -0.000852115 -0.00744736 -0.00203533 0.0132919 0.0301133 0.0378037 0.0347022 0.026955 0.0186923 0.00986782 0.000109336 -0.00946426 -0.0160598 -0.0165608 -0.0111848 -0.00431316 0.00120469 0.00748744 0.0149946 0.0186923 0.0165074 0.0136931 0.0154639 0.0225674 0.0331168 0.043663 0.0500935 
0.0703182 0.057325 0.039926 0.0263425 0.0199422 0.020046 0.0266408 0.0350866 0.0370136 0.0310254 0.0225252 0.0147298 0.00718544 -0.000729803 -0.00866382 -0.01463 -0.0154783 -0.010717 -0.00441387 -5.98272e-05 0.00344748 0.00654167 0.00645163 0.00495899 0.00906787 0.0210723 0.0372526 0.053884 0.0674531 0.0737936 
0.0749149 0.063309 0.0482365 0.0367182 0.0311347 0.0306422 0.0347111 0.0388986 0.0366357 0.0282284 0.0191217 0.0116113 0.00482921 -0.00175142 -0.0080956 -0.0130682 -0.0141372 -0.0105853 -0.00568678 -0.0026075 -0.000867586 -0.000211629 -0.00184378 -0.00207867 0.00598444 0.0221169 0.0400523 0.0565254 0.0702484 0.0774926 
0.0676619 0.0585741 0.0441406 0.0314062 0.0253578 0.0271525 0.0341519 0.0391387 0.0357947 0.0260791 0.0161104 0.0080978 0.00128073 -0.00455575 -0.00937953 -0.0127665 -0.0132856 -0.0105623 -0.00682818 -0.00415697 -0.00240925 -0.00184003 -0.00283723 -0.00123353 0.00841013 0.0234829 0.0367218 0.0473879 0.0584054 0.0670933 
0.0619773 0.0548589 0.0395044 0.0237196 0.0158432 0.0193138 0.0295807 0.0367898 0.0341863 0.0241673 0.0132032 0.00409294 -0.0032685 -0.00873979 -0.0122929 -0.0140897 -0.0137531 -0.0113075 -0.00800197 -0.00491334 -0.00235228 -0.00118757 -0.00118243 0.00204752 0.0122497 0.0246989 0.0321915 0.0372512 0.0465897 0.0577738 
0.0617339 0.0556479 0.0390768 0.0208608 0.0113782 0.0150261 0.0261324 0.0340003 0.0318941 0.0218522 0.0102834 0.000611001 -0.00689601 -0.012118 -0.0150507 -0.0160419 -0.0151536 -0.0125096 -0.00886188 -0.00511086 -0.00223199 -0.00144157 -0.0017995 0.00152061 0.0112451 0.0214055 0.0256352 0.0290737 0.0398959 0.0545059 
0.0599828 0.0549653 0.0384403 0.0198709 0.0102818 0.013699 0.0237683 0.0302962 0.0274099 0.0171204 0.00589103 -0.00263359 -0.008826 -0.0134059 -0.016349 -0.0174763 -0.016495 -0.0133817 -0.0089649 -0.00467248 -0.00207253 -0.00233738 -0.00406269 -0.00228898 0.00534802 0.0129671 0.015713 0.0201191 0.033558 0.0507825 
0.05116 0.0476401 0.0329204 0.0158871 0.00740626 0.0108917 0.0196982 0.0244363 0.020318 0.00985397 -0.000187161 -0.00623204 -0.00989913 -0.0133258 -0.0165049 -0.0182528 -0.0174953 -0.0140278 -0.00899651 -0.00442715 -0.00212485 -0.00293237 -0.00540012 -0.00514402 -4.92478e-05 0.00494064 0.00651222 0.0112948 0.0249818 0.041738 
0.0382398 0.0356227 0.023708 0.00937599 0.0023458 0.00570843 0.0134801 0.0173661 0.0131807 0.00346691 -0.00509879 -0.00903064 -0.0106237 -0.0130374 -0.0163621 -0.0186123 -0.0181276 -0.0146845 -0.00966175 -0.00526706 -0.00309012 -0.00347698 -0.00514201 -0.00474619 -0.000638321 0.00327969 0.00453584 0.00842923 0.0189087 0.0312609 
0.0292695 0.0263763 0.0174856 0.00676466 0.00126671 0.0033249 0.0087524 0.0116897 0.00855354 0.000703827 -0.00647852 -0.00968488 -0.0107947 -0.0129422 -0.016239 -0.0184577 -0.0179116 -0.0146451 -0.0101494 -0.00635259 -0.00424305 -0.00358816 -0.00337956 -0.00161431 0.00273923 0.00708906 0.00962655 0.0133426 0.0200174 0.0265087 
0.0294166 0.0257505 0.0194245 0.0127006 0.00893453 0.0085162 0.009304 0.00943889 0.00700716 0.00150645 -0.00434651 -0.00792974 -0.0100761 -0.0129313 -0.0162633 -0.0179388 -0.01673 -0.0132079 -0.00900037 -0.00566169 -0.00350911 -0.0017538 0.000199924 0.00274056 0.00622415 0.0100129 0.0139574 0.0193956 0.0256744 0.0295777 
0.0351423 0.0306916 0.0256053 0.0222106 0.0204956 0.0179725 0.0136581 0.00988053 0.00743052 0.00435482 6.59216e-05 -0.00420904 -0.00825156 -0.0126243 -0.0162974 -0.0172794 -0.0149827 -0.0105243 -0.00574743 -0.00216324 0.000223761 0.00262268 0.00529569 0.00718401 0.00803398 0.00916502 0.0127413 0.0201512 0.0293439 0.0353231 
0.0373334 0.0318071 0.0263569 0.0249151 0.0255509 0.0229059 0.0158435 0.00940909 0.00694254 0.00608989 0.00373071 -0.000487458 -0.00580471 -0.0113828 -0.0153553 -0.0158252 -0.012652 -0.0071826 -0.00140007 0.00290073 0.00557944 0.00800405 0.0102807 0.0106166 0.00862437 0.00694272 0.00914574 0.0169876 0.0282407 0.0367145 
0.0305663 0.0239128 0.0175673 0.0167843 0.0194893 0.0186591 0.0120824 0.00528697 0.00294658 0.003389 0.00289246 0.000177709 -0.00428556 -0.00935247 -0.0128816 -0.0130411 -0.00972203 -0.00404623 0.00212426 0.00679869 0.00961276 0.0117952 0.0131392 0.0116013 0.00737707 0.00431348 0.0062019 0.0136061 0.0236533 0.0308779 
0.0166243 0.010177 0.00440094 0.00384242 0.00737649 0.00852566 0.00427487 -0.00116735 -0.00334192 -0.00283071 -0.0023322 -0.00308137 -0.00522234 -0.00819916 -0.0103066 -0.0100039 -0.00705189 -0.00210206 0.00338359 0.00761027 0.0102397 0.0122218 0.0127539 0.00950131 0.00345529 -0.000158754 0.00242399 0.00949726 0.0163409 0.0191864 
0.00067678 -0.00354258 -0.0065476 -0.00657144 -0.00385693 -0.00220833 -0.00393692 -0.00674953 -0.00782628 -0.00741194 -0.00704723 -0.0072673 -0.00803948 -0.00904172 -0.00932818 -0.00817487 -0.005515 -0.00160211 0.00263459 0.00586134 0.0079073 0.00945818 0.00932175 0.00509635 -0.00184782 -0.00577389 -0.00306738 0.00307753 0.0064528 0.00483091 
-0.0132903 -0.0144243 -0.0140134 -0.0134891 -0.0126962 -0.0118677 -0.011184 -0.00998991 -0.00809404 -0.00667911 -0.00691464 -0.00846623 -0.010058 -0.0106033 -0.00969685 -0.00769622 -0.00503693 -0.00183279 0.00138061 0.00363332 0.00479179 0.00535781 0.00440015 0.000179308 -0.0060519 -0.00974322 -0.00818132 -0.004517 -0.00450228 -0.00900852 
-0.0236167 -0.0222248 -0.0194815 -0.0188772 -0.0200136 -0.0201319 -0.0171637 -0.0115777 -0.00581861 -0.00252012 -0.00296331 -0.00618544 -0.00960646 -0.0110283 -0.010079 -0.0077712 -0.00498614 -0.00198886 0.000712626 0.00225902 0.00251682 0.00202714 0.000535875 -0.00276858 -0.00718256 -0.0103679 -0.0109987 -0.0111432 -0.0143884 -0.0202337 
-0.0290797 -0.0262828 -0.022609 -0.0221017 -0.0242669 -0.025004 -0.0210019 -0.0130928 -0.00503212 -0.000237105 -0.000110221 -0.00362484 -0.00786171 -0.0101007 -0.00967909 -0.0075621 -0.00473973 -0.00174555 0.000677547 0.00168012 0.00135002 0.000577907 -0.000341086 -0.0019349 -0.00451752 -0.00773799 -0.0111243 -0.0151844 -0.0209532 -0.0269377 
-0.0286004 -0.0256442 -0.0220744 -0.021454 -0.0236448 -0.0249867 -0.0220868 -0.0152936 -0.00780488 -0.00266893 -0.00136221 -0.00342749 -0.00663541 -0.0085734 -0.00837183 -0.0065695 -0.00392212 -0.00106652 0.00105817 0.00164982 0.00114957 0.000894202 0.00142654 0.00182958 0.00057667 -0.00320082 -0.00898618 -0.0156276 -0.0222866 -0.027425 
-0.0236987 -0.0215519 -0.0187607 -0.0180567 -0.0198681 -0.0217464 -0.0208901 -0.0169787 -0.0117533 -0.00718065 -0.00470082 -0.0046472 -0.0058592 -0.00667315 -0.0062774 -0.00477464 -0.00249242 5.64252e-05 0.00188267 0.00223983 0.00176971 0.00206131 0.00377384 0.00557051 0.00502913 0.000760515 -0.00617386 -0.0133196 -0.0191144 -0.0228927 
-0.0193856 -0.0182418 -0.0163723 -0.0157746 -0.0170389 -0.0186395 -0.0186191 -0.0165353 -0.0130831 -0.00924919 -0.0062341 -0.00476472 -0.00443389 -0.00430762 -0.00378616 -0.00263151 -0.000758807 0.00145074 0.00298564 0.00312341 0.00253442 0.0028846 0.00493994 0.00714193 0.00661604 0.00198614 -0.0050074 -0.0112974 -0.0156452 -0.018433 
-0.0201658 -0.0196148 -0.0182796 -0.0174969 -0.0174523 -0.0172565 -0.0160891 -0.0139333 -0.0110439 -0.00782904 -0.00508943 -0.0033556 -0.00246496 -0.002038 -0.00169385 -0.000908474 0.000658172 0.00257725 0.00375554 0.00349844 0.00250261 0.00251272 0.00439616 0.00641978 0.00545107 0.000342218 -0.00660841 -0.0122765 -0.016066 -0.0188305 
-0.0250477 -0.0248676 -0.0237035 -0.0220457 -0.0195955 -0.0163861 -0.0130907 -0.0102418 -0.00772261 -0.00541268 -0.00355478 -0.00221164 -0.0012753 -0.000843484 -0.000738506 -0.000207514 0.00118956 0.00285314 0.00361971 0.00289015 0.00141638 0.000963072 0.00245337 0.00412235 0.00273083 -0.0028254 -0.0101035 -0.0160305 -0.0201802 -0.0233583 
-0.0294539 -0.0299923 -0.0289536 -0.0258761 -0.0206021 -0.014526 -0.00965125 -0.00671404 -0.00509332 -0.00408137 -0.00330337 -0.00241803 -0.00143292 -0.000890834 -0.000853814 -0.000473126 0.000730666 0.00206101 0.00241017 0.00136957 -0.000293721 -0.00103496 -2.6832e-05 0.00120282 -0.000397386 -0.00611707 -0.013744 -0.0200583 -0.0243029 -0.0274193 
-0.0318426 -0.0332044 -0.0320013 -0.0272864 -0.0198029 -0.0121977 -0.00694483 -0.00440549 -0.00356939 -0.00350831 -0.00349945 -0.00293066 -0.00186693 -0.00115197 -0.00113116 -0.00102579 -0.000282073 0.000514667 0.000453508 -0.000638282 -0.00202413 -0.00261704 -0.0019597 -0.00128272 -0.00315824 -0.00893939 -0.0166519 -0.0228907 -0.0266557 -0.0293724 
-0.0341317 -0.0353522 -0.0331403 -0.0269065 -0.0183591 -0.0106085 -0.00568852 -0.00327174 -0.00228344 -0.00218495 -0.00238242 -0.00206586 -0.00111911 -0.000431926 -0.000601034 -0.00103276 -0.00107087 -0.00103445 -0.00157264 -0.00262071 -0.00344841 -0.00353601 -0.00310368 -0.00322587 -0.00569591 -0.0115073 -0.0189264 -0.0249106 -0.0286142 -0.0314482 
-0.0359566 -0.0358928 -0.032222 -0.0251405 -0.0166981 -0.0096415 -0.00517702 -0.00237454 -0.000384863 0.00052805 0.000466825 0.000415107 0.000924183 0.00132679 0.000870054 -0.000121492 -0.000983536 -0.00179842 -0.00298161 -0.00421559 -0.00466623 -0.00434688 -0.00429327 -0.00540689 -0.00827737 -0.0132517 -0.0194238 -0.0251417 -0.0298002 -0.0335412 
-0.0337283 -0.0323663 -0.0280053 -0.0213476 -0.0140814 -0.0082667 -0.00439061 -0.00115151 0.00193446 0.00372314 0.00372393 0.00306076 0.00286944 0.00293114 0.0024228 0.00128082 -1.59363e-05 -0.00144309 -0.00325919 -0.00493205 -0.00545834 -0.00520698 -0.00577354 -0.00754626 -0.00962082 -0.0119695 -0.0155166 -0.0207302 -0.0268299 -0.0317645 
-0.0262991 -0.024348 -0.0205149 -0.0154839 -0.0100472 -0.00563212 -0.00249435 0.000693033 0.00414368 0.00623206 0.00605671 0.00469108 0.00372612 0.00350039 0.00321612 0.00235046 0.00107368 -0.000512587 -0.00253757 -0.00443513 -0.00520208 -0.00534463 -0.00642821 -0.00798662 -0.00797037 -0.006682 -0.00723536 -0.0118504 -0.0190493 -0.0247531 
-0.0178305 -0.0154561 -0.0126104 -0.0095988 -0.00581243 -0.00210123 0.000676373 0.00325641 0.00598007 0.00769516 0.0074553 0.00579366 0.0042238 0.00358821 0.00331463 0.00256136 0.00126149 -0.000277726 -0.00198324 -0.00350806 -0.00421867 -0.0046044 -0.0056553 -0.00625106 -0.00431515 -0.000911725 -0.000159904 -0.00455987 -0.0118682 -0.0171669 
-0.0129413 -0.0094123 -0.00716039 -0.00598897 -0.0034707 0.000334859 0.00334059 0.00512381 0.00662147 0.00802375 0.0084654 0.00729475 0.00536702 0.00399037 0.0031231 0.00190977 0.000198532 -0.00142233 -0.00262568 -0.00343968 -0.00385473 -0.00421672 -0.00475549 -0.00445257 -0.00242613 -0.000216189 -0.000843114 -0.00543659 -0.0113912 -0.0144434 
-0.0105497 -0.00511656 -0.0030878 -0.003934 -0.00339893 -0.000229913 0.00267715 0.0038484 0.00484234 0.0069793 0.00904404 0.00889648 0.00668881 0.00432375 0.00252533 0.0006778 -0.0014175 -0.00310904 -0.00396598 -0.0043342 -0.00470719 -0.00520622 -0.00546628 -0.00506098 -0.00456429 -0.00542601 -0.00849198 -0.0129456 -0.016196 -0.0154304 
-0.00596956 0.00101163 0.00257105 -0.000929873 -0.00400391 -0.00357524 -0.00197382 -0.00100885 0.000843894 0.00480404 0.00877782 0.00953277 0.00697973 0.00366911 0.00106313 -0.00110057 -0.00310036 -0.00458874 -0.0052988 -0.00565205 -0.00630387 -0.0072937 -0.00793203 -0.00793903 -0.00844924 -0.0107574 -0.0145263 -0.0178473 -0.0181834 -0.01383 
0.00147924 0.00864466 0.00951157 0.00350236 -0.00376069 -0.00732963 -0.00769179 -0.00640815 -0.00293875 0.00276912 0.00788849 0.00898088 0.00606192 0.00196991 -0.00138032 -0.00383389 -0.00565701 -0.00692014 -0.00758742 -0.00787407 -0.00843885 -0.00968871 -0.0108194 -0.0107028 -0.00987416 -0.0100317 -0.0117049 -0.0133495 -0.0123338 -0.00697358 
0.00760471 0.0138679 0.0145628 0.00763336 -0.00220141 -0.00872818 -0.0103475 -0.00837275 -0.00383046 0.00214906 0.00694157 0.0077583 0.00459447 -0.000115725 -0.00438645 -0.007585 -0.0097355 -0.0110921 -0.0116459 -0.0112475 -0.010713 -0.0113771 -0.0125779 -0.0116851 -0.00785435 -0.00359208 -0.0017331 -0.00218576 -0.00214546 0.00110643 
0.00989306 0.0153474 0.016519 0.010518 0.000889435 -0.0060843 -0.00766902 -0.0052753 -0.00130794 0.00278143 0.00564087 0.00559725 0.00236133 -0.0025631 -0.00750946 -0.011498 -0.0141661 -0.015624 -0.0156682 -0.0138551 -0.0113869 -0.01081 -0.0119884 -0.0110107 -0.00538642 0.00205791 0.00644612 0.00636824 0.00473566 0.00545518 
0.0116006 0.0166745 0.0178401 0.013404 0.00613472 0.000835485 -9.31847e-05 0.0017183 0.00332904 0.00386891 0.00361382 0.00198648 -0.0014401 -0.00595815 -0.0105495 -0.0144036 -0.016939 -0.0179137 -0.0168516 -0.0132983 -0.00895095 -0.00729855 -0.00889251 -0.00943741 -0.00524502 0.00162423 0.00616342 0.00652912 0.00546263 0.00685348 
0.0171286 0.0211092 0.020528 0.0169146 0.0126121 0.00977393 0.00943462 0.00988757 0.00853208 0.00545099 0.00201476 -0.00170906 -0.00582301 -0.00969218 -0.012949 -0.0155366 -0.017068 -0.0169456 -0.0144721 -0.00952652 -0.00429177 -0.00247514 -0.00485499 -0.00753947 -0.0067191 -0.00314849 -2.62489e-05 0.00172386 0.00443038 0.0101916 
0.0252937 0.0268994 0.0231793 0.0190301 0.0165757 0.0157314 0.0161505 0.0158246 0.0126175 0.00753102 0.00236286 -0.00285439 -0.00787321 -0.0115278 -0.0135939 -0.0147585 -0.0150924 -0.0138314 -0.010216 -0.00466028 0.000275529 0.00138319 -0.00155738 -0.00524875 -0.00681744 -0.00627425 -0.00465184 -0.00129011 0.00597812 0.0166789 
0.0323831 0.031548 0.0252344 0.0194085 0.0160512 0.0150751 0.0161351 0.0164448 0.0134342 0.00865594 0.00411612 -0.000772441 -0.00609366 -0.010164 -0.0121593 -0.0127976 -0.0124876 -0.0105855 -0.00648168 -0.00103572 0.00306591 0.00339868 0.00063913 -0.00232814 -0.00390101 -0.00419573 -0.00303477 0.00136124 0.0111755 0.0240652 
0.0372455 0.0355163 0.0292945 0.0219234 0.0145478 0.00967009 0.00965848 0.0112977 0.0102316 0.00755746 0.00539738 0.00242054 -0.00236956 -0.00712235 -0.00999925 -0.0110276 -0.0107179 -0.00884865 -0.00510521 -0.000371665 0.00301911 0.00330789 0.00168524 0.000815307 0.00147338 0.0030769 0.00584352 0.0112339 0.0206301 0.0313866 
0.0393693 0.0389085 0.0360214 0.028455 0.0155223 0.00385549 0.000996996 0.00420587 0.00618797 0.0061408 0.00608227 0.00464628 0.000387385 -0.00489382 -0.00865617 -0.0102098 -0.0101236 -0.00876206 -0.00609982 -0.00254131 0.000518203 0.00180956 0.00228056 0.00429098 0.00846862 0.0139671 0.0202796 0.0268448 0.0329159 0.0374347 
0.0403657 0.0427002 0.0434493 0.035125 0.0163551 -0.00161593 -0.00623814 -0.000142584 0.00568628 0.00759545 0.00757473 0.00562275 0.00107566 -0.00439266 -0.00836351 -0.00998205 -0.00987345 -0.0087927 -0.00695626 -0.00426294 -0.000951998 0.00215094 0.00505038 0.0092617 0.0157816 0.0244848 0.0343178 0.0417583 0.0434103 0.0411751 
0.0469495 0.0531069 0.0534364 0.0394628 0.0134533 -0.00872412 -0.0124483 -0.00204697 0.00775444 0.0106597 0.00909302 0.00539261 0.00029186 -0.00491639 -0.00858143 -0.0100047 -0.00951108 -0.00772589 -0.00525159 -0.00218523 0.00195818 0.00684405 0.0113918 0.0157139 0.0212137 0.0295914 0.0403774 0.0480697 0.0479647 0.0448571 
0.0624855 0.0744114 0.0704649 0.0458193 0.0103812 -0.0158906 -0.0190491 -0.00582098 0.00662808 0.010333 0.00806892 0.00391005 -0.000648336 -0.00507972 -0.00854053 -0.0101478 -0.00925914 -0.00591275 -0.0014331 0.00298341 0.00782159 0.0133546 0.0182482 0.0214846 0.0240539 0.0286979 0.0362698 0.042442 0.0446421 0.0495526 
0.0764391 0.0960753 0.0894507 0.056137 0.0127324 -0.0185087 -0.0247216 -0.0130139 -0.000209322 0.00512367 0.0048312 0.00271738 1.74205e-05 -0.0034653 -0.00724559 -0.00974722 -0.00898384 -0.00428404 0.0022237 0.00796231 0.012869 0.017723 0.0220972 0.0249958 0.0259697 0.0261406 0.026908 0.0282062 0.0330555 0.0493732 
0.0736536 0.0989978 0.0942859 0.0606773 0.0163979 -0.0170162 -0.0276537 -0.0205596 -0.00914984 -0.00134035 0.00242529 0.00371436 0.00299335 1.38084e-06 -0.00456829 -0.00844922 -0.0086614 -0.00390346 0.00349219 0.0102045 0.0154287 0.0198623 0.0241282 0.0280505 0.029652 0.0268646 0.0203046 0.0142307 0.0173827 0.0387768 
0.0545029 0.0782098 0.0757063 0.0477499 0.0105222 -0.0180315 -0.0288843 -0.0251946 -0.0153536 -0.00523909 0.00239844 0.00637864 0.00658573 0.00345768 -0.00181342 -0.00685919 -0.00856049 -0.00516742 0.00161983 0.00877725 0.0151703 0.0210442 0.0271018 0.0334007 0.037038 0.0337592 0.0230427 0.0107161 0.00775976 0.0238337 
0.0331751 0.0473634 0.0421946 0.0191504 -0.00744447 -0.0248903 -0.030006 -0.0260158 -0.0166094 -0.00519981 0.00409812 0.00853485 0.00827559 0.00483899 -0.000321006 -0.00548285 -0.00814156 -0.00642589 -0.00117123 0.00559162 0.0133229 0.022079 0.031502 0.040756 0.0468104 0.0451606 0.0345056 0.0196225 0.0101322 0.0152397 
0.0186334 0.0208724 0.00947463 -0.0110031 -0.0270388 -0.0320457 -0.0295357 -0.0232998 -0.0135196 -0.00212175 0.00614714 0.00868983 0.00697892 0.00352 -0.000548726 -0.00460154 -0.00698419 -0.00597563 -0.00182832 0.00453551 0.0135831 0.0250242 0.0366951 0.0470156 0.054262 0.0546422 0.0458081 0.0309114 0.0175608 0.0135245 
0.00942158 0.00318119 -0.0130096 -0.0302801 -0.0367845 -0.0324672 -0.0252667 -0.0180611 -0.00877488 0.00108687 0.00677631 0.00668949 0.00356956 0.000334281 -0.0024958 -0.00514587 -0.00646756 -0.00488958 -0.000373565 0.00677619 0.0171481 0.0292526 0.0394551 0.0471343 0.0532919 0.0545042 0.0465762 0.0319679 0.018097 0.0110802 
0.0054726 -0.00455184 -0.0228948 -0.0361609 -0.0356197 -0.026768 -0.0185708 -0.012283 -0.00524352 0.0015761 0.00469782 0.00323874 -0.000247669 -0.00332129 -0.0057797 -0.0078245 -0.00818626 -0.00529491 0.000901302 0.00968128 0.0202064 0.0295605 0.0344528 0.0367286 0.0397993 0.0400993 0.0321243 0.0188785 0.0089971 0.0065502 
0.0198011 0.00613628 -0.0171842 -0.0310977 -0.0293035 -0.0204455 -0.0128863 -0.00798559 -0.00421285 -0.000978455 0.000669384 -0.000322359 -0.00315852 -0.00633354 -0.00929721 -0.0115207 -0.0113948 -0.0072922 0.000722386 0.0106391 0.0191912 0.0228196 0.0207177 0.0173073 0.0165745 0.0151787 0.00888104 0.0024494 0.00487311 0.0154376 
0.0797438 0.0533961 0.0123143 -0.0144866 -0.0203578 -0.0156547 -0.00978155 -0.00674608 -0.00616414 -0.0049693 -0.0026388 -0.00191985 -0.00404079 -0.00763214 -0.0111307 -0.0134763 -0.0133201 -0.00906394 -0.000543773 0.00911261 0.0143887 0.0118248 0.00378164 -0.00351719 -0.00668727 -0.00758024 -0.00595906 0.00630448 0.0357443 0.069756 
0.212934 0.15453 0.0733485 0.016857 -0.00593822 -0.0093208 -0.00751934 -0.00812209 -0.00996242 -0.0076757 -0.00223316 0.000241016 -0.00217522 -0.00640774 -0.00966734 -0.0114804 -0.0117588 -0.00901768 -0.00218635 0.00571096 0.00819696 0.00197553 -0.00888834 -0.017486 -0.0203154 -0.0157106 0.00388304 0.052358 0.13042 0.201686 
0.408174 0.297568 0.15617 0.0586342 0.0150205 0.00199809 -0.00229181 -0.00778661 -0.0109301 -0.00552915 0.00340152 0.00611295 0.001807 -0.00338298 -0.00581926 -0.00671858 -0.0078331 -0.00783487 -0.00435357 0.000993538 0.00239024 -0.00360064 -0.0137152 -0.0216204 -0.022067 -0.00786083 0.0376324 0.136452 0.281548 0.40171 
0.574414 0.413843 0.219589 0.0906577 0.03431 0.015826 0.00704855 -0.00178427 -0.00495044 0.00289151 0.0131511 0.0142398 0.00701159 0.00010407 -0.00234639 -0.0030105 -0.00516668 -0.00782862 -0.00766452 -0.00449535 -0.00259227 -0.00576919 -0.0132287 -0.0200025 -0.0182671 0.00458028 0.072394 0.214169 0.416418 0.576702 
