0.39454 0.351426 0.250921 0.150114 0.0847418 0.0561635 0.0478997 0.042759 0.0315603 0.0147091 -0.00154867 -0.0117705 -0.0155041 -0.0159764 -0.0165875 -0.018527 -0.0207632 -0.0218505 -0.0207598 -0.0165078 -0.00892856 0.000462174 0.00958494 0.0171181 0.0242896 0.0388005 0.075278 0.147068 0.250673 0.351408 
0.431702 0.381417 0.273025 0.16628 0.0967748 0.0647291 0.0529354 0.0440692 0.0297552 0.0116101 -0.00421629 -0.0136404 -0.01697 -0.0171521 -0.017251 -0.0185682 -0.0204115 -0.0215079 -0.0206943 -0.0165801 -0.00843274 0.00257903 0.014492 0.0263965 0.0398119 0.0614613 0.10433 0.181258 0.288976 0.391475 
0.370827 0.323077 0.229062 0.139057 0.0815099 0.0554701 0.0458462 0.0375075 0.0233003 0.00542204 -0.009786 -0.0182168 -0.0202219 -0.0190555 -0.0180754 -0.0185776 -0.0198206 -0.0203913 -0.018737 -0.0132461 -0.0034276 0.00911664 0.0220565 0.0342344 0.0467471 0.0652431 0.101409 0.16701 0.258264 0.342302 
0.25927 0.219908 0.150587 0.0872398 0.0485181 0.0321732 0.0266028 0.0207744 0.00967254 -0.00467409 -0.0168345 -0.0228935 -0.0229972 -0.0205915 -0.0191182 -0.0193503 -0.0199704 -0.0192339 -0.0153961 -0.0072288 0.00461292 0.0175309 0.0289279 0.0373865 0.043169 0.051113 0.0727498 0.119187 0.185682 0.244135 
0.159237 0.12682 0.0775255 0.0360161 0.0129325 0.00459077 0.0023564 -0.000663956 -0.00714142 -0.0155082 -0.0221673 -0.0244799 -0.022814 -0.0202596 -0.0194899 -0.0202927 -0.0206504 -0.0185291 -0.0122159 -0.00117704 0.0124886 0.0250139 0.0336831 0.0371699 0.0351848 0.032162 0.0401343 0.0701211 0.116464 0.154543 
0.0969224 0.0675967 0.0294004 0.00036093 -0.0135589 -0.0168531 -0.0164151 -0.0166706 -0.0188475 -0.0216712 -0.0230565 -0.0219773 -0.01943 -0.0178152 -0.0185241 -0.0204589 -0.0212902 -0.0188348 -0.0112788 0.00160224 0.01676 0.0293 0.0359588 0.0355814 0.0282504 0.0186672 0.0189978 0.0396865 0.0740858 0.0994601 
0.0638881 0.0364767 0.00450956 -0.0178681 -0.0266064 -0.0261542 -0.022858 -0.0205508 -0.0200228 -0.0200285 -0.0190204 -0.0167454 -0.0145474 -0.0142345 -0.0163169 -0.0194531 -0.0214814 -0.0201533 -0.0133164 -0.000434466 0.0153782 0.0284232 0.0343582 0.0320496 0.0228031 0.0118963 0.010267 0.0265172 0.0535318 0.0708256 
0.042338 0.0180882 -0.00850759 -0.0256738 -0.0296417 -0.024639 -0.0175973 -0.0129488 -0.0115054 -0.0118512 -0.0120597 -0.0112748 -0.0103985 -0.011032 -0.0137776 -0.0177174 -0.0210418 -0.0215087 -0.0166955 -0.00553463 0.0094018 0.0221842 0.0276573 0.0249676 0.016819 0.00828996 0.00728163 0.0197275 0.0397307 0.0509264 
0.0223547 0.00195605 -0.0194472 -0.0315356 -0.0300191 -0.0190233 -0.00693767 0.00043778 0.00193287 -0.000837549 -0.00486324 -0.00746641 -0.00842526 -0.00955984 -0.0123115 -0.0163808 -0.0202111 -0.021754 -0.0187442 -0.00992586 0.00259963 0.0131847 0.017047 0.0145089 0.00918917 0.00453082 0.00441676 0.0124061 0.0251144 0.0311548 
0.00413902 -0.0135486 -0.0308974 -0.03885 -0.0323242 -0.0151908 0.00248798 0.0131716 0.0149286 0.00935225 0.000796277 -0.00574118 -0.00871883 -0.0103175 -0.012818 -0.0162899 -0.0193661 -0.0204944 -0.0180102 -0.0109891 -0.00157626 0.00508785 0.00583074 0.00296068 0.000375338 -0.000725633 0.000325562 0.00536023 0.0124351 0.013823 
-0.0086845 -0.0249426 -0.039374 -0.0444299 -0.0345145 -0.0130751 0.00878517 0.0222234 0.0243825 0.0165126 0.00411036 -0.00579032 -0.010607 -0.0127643 -0.0149332 -0.0172987 -0.018801 -0.0185369 -0.0154743 -0.00920274 -0.00230162 0.000507016 -0.002131 -0.00618908 -0.00781877 -0.00688388 -0.00381813 0.00144162 0.00566476 0.00291486 
-0.0115073 -0.0260211 -0.0381549 -0.0416245 -0.0306568 -0.00823554 0.0146588 0.0288747 0.0306414 0.0206413 0.00528197 -0.00692214 -0.0129014 -0.0153884 -0.0172218 -0.0186238 -0.0188093 -0.0172617 -0.0132074 -0.00652906 -0.000236037 0.00103011 -0.00328207 -0.00876309 -0.0116797 -0.0109729 -0.00605111 0.00139904 0.00535392 0.000626913 
0.00156662 -0.00995511 -0.0213673 -0.026199 -0.0178582 0.00142174 0.0217223 0.0343003 0.0345536 0.0226461 0.00565583 -0.00724502 -0.0132704 -0.015757 -0.0177065 -0.0191682 -0.0191758 -0.0170865 -0.0120357 -0.00389707 0.00414359 0.00711328 0.00387227 -0.00217561 -0.00758992 -0.00943803 -0.00470655 0.00485601 0.0115618 0.00995094 
0.0300092 0.0220366 0.00839494 -0.00227361 -0.000922778 0.0116717 0.0268878 0.0364138 0.0350659 0.0228081 0.00679526 -0.00448913 -0.00940526 -0.0119503 -0.0149836 -0.0178849 -0.0189602 -0.0171508 -0.0114666 -0.00161207 0.00940586 0.0162124 0.0163216 0.01137 0.00394762 -0.00178153 0.000162568 0.0108132 0.0232233 0.0302927 
0.0617945 0.0570434 0.0390359 0.019456 0.0111128 0.0155632 0.0253853 0.0323305 0.0308165 0.0207653 0.0086439 0.00105672 -0.00199373 -0.00484222 -0.00966218 -0.0147522 -0.0175369 -0.0166593 -0.0112068 -0.000705222 0.0124137 0.0228848 0.0270593 0.0246376 0.0167597 0.00769064 0.00591885 0.0166004 0.0351559 0.0526271 
0.083175 0.0814771 0.0596201 0.0313948 0.013386 0.010182 0.0157203 0.0215999 0.021781 0.0159063 0.00923444 0.00616652 0.00522985 0.00218359 -0.00417458 -0.0111129 -0.015437 -0.0157746 -0.0115316 -0.0021772 0.0107026 0.0226772 0.0296125 0.0295751 0.0223613 0.0119831 0.00808693 0.0184222 0.0408305 0.0660937 
0.0884706 0.0898784 0.0667088 0.0330143 0.00792531 -0.000987015 0.00170653 0.00753537 0.010143 0.00877866 0.00729151 0.00812227 0.00893796 0.0060304 -0.000922479 -0.00862468 -0.0136785 -0.0148926 -0.0121684 -0.00518868 0.00522598 0.015884 0.0228959 0.0235204 0.017122 0.00771394 0.00436478 0.014549 0.0376927 0.0663816 
0.0786557 0.0824014 0.0609898 0.0269883 -0.000179351 -0.0113043 -0.00988518 -0.00414946 -6.5876e-05 0.00165997 0.00359981 0.00665366 0.00832617 0.00578007 -0.00073032 -0.00792982 -0.0125907 -0.0137637 -0.0119008 -0.00722633 -0.000251059 0.00699888 0.0115613 0.0110995 0.00553277 -0.00122875 -0.00227763 0.0074862 0.028259 0.0555778 
0.0586266 0.0632234 0.0464648 0.0177927 -0.00597441 -0.0159416 -0.0148336 -0.00993845 -0.00607406 -0.0034748 -0.000459677 0.00296657 0.00466517 0.00265983 -0.00261777 -0.00834328 -0.0116911 -0.0119275 -0.00994276 -0.00664121 -0.00270016 0.000695692 0.00191951 -8.6843e-05 -0.00445204 -0.00783274 -0.00629197 0.00215972 0.0177955 0.0391221 
0.0368019 0.041182 0.0309815 0.0110824 -0.00661551 -0.0145586 -0.014083 -0.0106537 -0.00785886 -0.00576603 -0.00332534 -0.000731187 0.000555074 -0.000837385 -0.00463316 -0.00861405 -0.0104096 -0.00944448 -0.00684118 -0.00401425 -0.00192058 -0.00120646 -0.00233396 -0.00513728 -0.00800814 -0.00833043 -0.00478512 0.00183027 0.0111693 0.0238919 
0.0214124 0.0251587 0.0211709 0.00964989 -0.0027528 -0.00965973 -0.0103963 -0.00831814 -0.00624572 -0.00468675 -0.00320703 -0.00178944 -0.00111037 -0.00214984 -0.00490518 -0.00767033 -0.00842792 -0.00669516 -0.00364248 -0.00088451 0.000503553 0.000168869 -0.00172923 -0.00437908 -0.00586951 -0.00413321 0.000636584 0.00587222 0.0101887 0.0151415 
0.0148359 0.0174964 0.0171821 0.0111227 0.00231261 -0.00376496 -0.00509952 -0.00365602 -0.00182802 -0.000529476 0.000268817 0.000821537 0.000980434 -7.97982e-05 -0.00258207 -0.00508154 -0.00571019 -0.00398655 -0.000999386 0.00166377 0.00292865 0.00252558 0.000800672 -0.001241 -0.00172508 0.00110026 0.0065881 0.0114331 0.0132131 0.0133416 
0.0125429 0.0131784 0.0136192 0.0104062 0.00472135 0.000894923 0.000746305 0.00254306 0.00419347 0.00500701 0.00524868 0.00543361 0.00545898 0.00427586 0.0014658 -0.00151991 -0.00273073 -0.00159999 0.000882849 0.00321089 0.00436765 0.0041244 0.00283965 0.00142471 0.00152622 0.00483663 0.0108399 0.0159436 0.0168533 0.0144156 
0.00842261 0.00601466 0.00556825 0.0042725 0.00224819 0.00222476 0.00488745 0.00800429 0.00956976 0.00954245 0.00908334 0.00918309 0.00947354 0.00835224 0.00516595 0.00153324 -0.000349717 0.000176729 0.00208819 0.00387507 0.00466041 0.00440521 0.00349975 0.00260226 0.00303398 0.0065139 0.0127264 0.0178831 0.0180831 0.0135774 
-5.17686e-05 -0.00539593 -0.00666997 -0.00592592 -0.00408384 -5.35061e-05 0.00575695 0.0105593 0.0122379 0.0113676 0.0101829 0.0102714 0.0109757 0.0101192 0.00685005 0.00296853 0.000867618 0.0011947 0.00278704 0.00409362 0.00437571 0.00380975 0.00293533 0.00234807 0.00307016 0.00648724 0.0121287 0.0162747 0.0150308 0.00827462 
-0.0112388 -0.0176937 -0.0185574 -0.0156019 -0.0105597 -0.00353087 0.00437188 0.0101682 0.0118367 0.0104103 0.00877572 0.0088361 0.00977203 0.0092021 0.00628939 0.00284821 0.00110457 0.00151338 0.00292668 0.00396513 0.0039338 0.00291543 0.00156732 0.000823479 0.00162735 0.00457243 0.00861695 0.0105539 0.00729879 -0.00121656 
-0.0206172 -0.0259395 -0.0252864 -0.0204634 -0.0135062 -0.00519032 0.00300082 0.00843961 0.00968496 0.00803569 0.00628931 0.00617322 0.00693053 0.00654187 0.00440548 0.00200372 0.000898294 0.00122208 0.00216188 0.00289916 0.00282514 0.00158531 -0.000406624 -0.00186177 -0.00162536 0.000261669 0.00227374 0.00198622 -0.00256745 -0.0112322 
-0.0235463 -0.0268926 -0.0249562 -0.0193561 -0.0120523 -0.00421265 0.00263819 0.00670228 0.00733187 0.00572888 0.00400594 0.00347359 0.0037218 0.00347234 0.00234009 0.00113477 0.00052095 0.000351692 0.000324912 0.000411437 0.000356741 -0.000586343 -0.0027137 -0.00499619 -0.00603424 -0.0056909 -0.0051945 -0.00614273 -0.00987733 -0.0165311 
-0.0197476 -0.0218899 -0.0200126 -0.0150823 -0.00883648 -0.00265652 0.00219881 0.00486435 0.00522477 0.00399572 0.00240191 0.00140984 0.00114192 0.00107617 0.000848308 0.000519157 5.97169e-05 -0.000782941 -0.00192233 -0.00274741 -0.00292309 -0.00318476 -0.00465151 -0.00726887 -0.00978173 -0.0112265 -0.0115662 -0.011444 -0.0123035 -0.0154514 
-0.013911 -0.0161808 -0.0156469 -0.0123949 -0.00788102 -0.00346839 -4.31776e-05 0.00211306 0.00298421 0.00266505 0.00156908 0.000414049 -0.00016042 -8.51889e-05 0.000204529 0.000259787 -0.00023456 -0.0014936 -0.00332429 -0.00488322 -0.00533479 -0.00504621 -0.00555552 -0.00788851 -0.0114376 -0.0145563 -0.015582 -0.0140035 -0.0116448 -0.0114495 
-0.0109072 -0.0143819 -0.0158051 -0.0144124 -0.0113124 -0.00773248 -0.00439828 -0.00156092 0.000564808 0.00160999 0.00140937 0.000474899 -0.000193474 -0.000115761 0.000278747 0.000369536 -0.00015765 -0.00144051 -0.0033575 -0.00518159 -0.00594345 -0.00561822 -0.00556806 -0.00732585 -0.0110827 -0.0151892 -0.0169026 -0.0147047 -0.0106055 -0.00877214 
-0.0120996 -0.017355 -0.020716 -0.0206334 -0.017895 -0.0138122 -0.00935697 -0.00513991 -0.00164147 0.00062048 0.00129073 0.000782459 0.000222602 0.000271257 0.000577091 0.000559523 -1.51624e-05 -0.00120312 -0.00291308 -0.0046352 -0.00562468 -0.00569027 -0.00564518 -0.0068144 -0.00995474 -0.0140227 -0.0161306 -0.0142677 -0.0103549 -0.00891724 
-0.0157992 -0.0227491 -0.0275293 -0.027903 -0.0245171 -0.019129 -0.0132337 -0.00786377 -0.00364881 -0.000908139 0.00024579 0.000241876 4.48972e-05 0.000212409 0.000455341 0.000299916 -0.000416469 -0.00164575 -0.00320261 -0.00473576 -0.00588134 -0.00649782 -0.00679788 -0.00750444 -0.0096105 -0.0128969 -0.0149771 -0.0138034 -0.0110704 -0.0110561 
-0.0196839 -0.0273979 -0.0327936 -0.033177 -0.0290729 -0.0226431 -0.0158582 -0.0101002 -0.00601867 -0.00348613 -0.00212299 -0.00149661 -0.00107142 -0.000613822 -0.000374689 -0.000670429 -0.0015771 -0.00295089 -0.00450229 -0.00597878 -0.00733868 -0.00855602 -0.00939202 -0.00991752 -0.0110514 -0.0132663 -0.0149842 -0.0144235 -0.0129035 -0.0140681 
-0.0224878 -0.0295982 -0.0349137 -0.0355678 -0.031629 -0.0251376 -0.0182826 -0.0127494 -0.00917178 -0.00694935 -0.00525928 -0.00378991 -0.00257429 -0.00177894 -0.00157944 -0.00202849 -0.00306258 -0.00451905 -0.0061282 -0.0077169 -0.00940175 -0.0112359 -0.0127183 -0.0133484 -0.0137088 -0.014745 -0.0159355 -0.016041 -0.0156814 -0.017329 
-0.0240701 -0.0298082 -0.034762 -0.0360916 -0.0331926 -0.027559 -0.0213029 -0.0162662 -0.0130572 -0.0107774 -0.00839267 -0.00584096 -0.0037399 -0.0026252 -0.002525 -0.00311479 -0.00413111 -0.00546487 -0.00699947 -0.00867917 -0.0106928 -0.0131249 -0.0153045 -0.0162492 -0.0161069 -0.0161228 -0.0168722 -0.0177715 -0.0185409 -0.020195 
-0.0250738 -0.0296272 -0.0341956 -0.0361473 -0.0344625 -0.0300329 -0.0246354 -0.0200781 -0.0169754 -0.0143209 -0.0110109 -0.00726168 -0.0042481 -0.00282732 -0.00282943 -0.00349851 -0.00432625 -0.00525449 -0.00638643 -0.00790659 -0.0101534 -0.0132225 -0.016284 -0.0179852 -0.0180491 -0.0177139 -0.0182208 -0.01955 -0.0209105 -0.0223356 
-0.0264656 -0.0303055 -0.0343917 -0.0365403 -0.0356501 -0.0320492 -0.0271203 -0.0227132 -0.019577 -0.0166225 -0.0125969 -0.00790222 -0.00419384 -0.00258546 -0.00269992 -0.003393 -0.00393204 -0.00427382 -0.00473119 -0.00583043 -0.008177 -0.0119113 -0.0161061 -0.0191748 -0.0203784 -0.0205071 -0.0208355 -0.021828 -0.0230056 -0.0242247 
-0.0290053 -0.0321109 -0.0352882 -0.0370385 -0.0362632 -0.0327498 -0.0276462 -0.0230695 -0.0199777 -0.0170954 -0.0128948 -0.0078522 -0.00395438 -0.00244652 -0.00275136 -0.00347235 -0.00378524 -0.00365721 -0.00348319 -0.00402777 -0.00619551 -0.0103217 -0.01556 -0.0201975 -0.0229975 -0.0240622 -0.0243292 -0.0247053 -0.025543 -0.026868 
-0.0328909 -0.0341556 -0.0351105 -0.0354023 -0.0341885 -0.0307161 -0.0257112 -0.0213519 -0.0187051 -0.0163168 -0.0124379 -0.00759407 -0.00396477 -0.00280484 -0.00335013 -0.00411096 -0.00435704 -0.00408611 -0.00355398 -0.00349283 -0.00510544 -0.00918113 -0.0151263 -0.0210912 -0.0253899 -0.02759 -0.0283169 -0.0287411 -0.0297873 -0.031361 
-0.0370736 -0.0345263 -0.0310104 -0.028339 -0.0267683 -0.0247848 -0.0216518 -0.0187584 -0.0171575 -0.0155423 -0.0122293 -0.00781913 -0.00456492 -0.00368359 -0.00430307 -0.00498039 -0.00518787 -0.00495205 -0.004254 -0.00364099 -0.00464085 -0.00861735 -0.0151602 -0.0221206 -0.0274905 -0.0307478 -0.0325219 -0.0339641 -0.0358223 -0.0373599 
-0.0393344 -0.0318547 -0.0224649 -0.0162015 -0.0152423 -0.0168203 -0.0174732 -0.0170195 -0.0166103 -0.015631 -0.0128401 -0.0088904 -0.00589404 -0.00496294 -0.0052693 -0.00556468 -0.0055146 -0.00513794 -0.00422135 -0.0032266 -0.00394786 -0.00807924 -0.0151124 -0.0224821 -0.0280392 -0.031658 -0.0344337 -0.0373859 -0.0404856 -0.0419687 
-0.0369394 -0.0257994 -0.012095 -0.00385748 -0.00487138 -0.0107791 -0.0152988 -0.0168997 -0.0171299 -0.0163112 -0.0138201 -0.0103455 -0.00760594 -0.00641828 -0.00610251 -0.00574853 -0.00515912 -0.00431265 -0.00300644 -0.00178049 -0.00246233 -0.00665272 -0.0135973 -0.0204247 -0.0249402 -0.0276335 -0.0305053 -0.0346663 -0.0391593 -0.041064 
-0.0272653 -0.0155293 -0.00159653 0.00559272 0.00207346 -0.00674504 -0.013408 -0.0161034 -0.0167093 -0.0160068 -0.0138733 -0.0111563 -0.00905751 -0.00784005 -0.00695251 -0.00592404 -0.00467932 -0.00317324 -0.00139527 -4.09772e-05 -0.000704835 -0.00457427 -0.010663 -0.0159719 -0.018259 -0.0186191 -0.0202078 -0.0244748 -0.0295783 -0.0317105 
-0.0112337 -0.0020607 0.00828475 0.0126654 0.00799531 -0.000889089 -0.00769515 -0.0111518 -0.0127724 -0.0129458 -0.0118504 -0.0106459 -0.0099857 -0.00936854 -0.0082764 -0.00673355 -0.00485589 -0.00266106 -0.000467727 0.000816187 -6.73731e-06 -0.00342932 -0.0081005 -0.0110449 -0.0102439 -0.00746342 -0.00682231 -0.00987141 -0.0139429 -0.01519 
0.00471771 0.00908075 0.0145658 0.0170196 0.0138026 0.00755016 0.00209073 -0.00197677 -0.00522576 -0.00713335 -0.00793596 -0.00903574 -0.0105477 -0.0111589 -0.0102614 -0.00836723 -0.00591634 -0.00310649 -0.000644198 0.000330252 -0.000880145 -0.00381994 -0.00666236 -0.0068281 -0.00302406 0.00254492 0.00565626 0.00493915 0.00307488 0.00277133 
0.0152126 0.0139995 0.0156886 0.0179869 0.0176484 0.0150036 0.0117715 0.00786396 0.00331681 -0.000518778 -0.00358216 -0.00717355 -0.0109374 -0.0129085 -0.0123112 -0.0100981 -0.00717568 -0.00396508 -0.00139001 -0.000674336 -0.00202938 -0.00415904 -0.0050183 -0.00285604 0.00286835 0.0104501 0.0165078 0.0191283 0.0191536 0.0176445 
0.0217057 0.0159932 0.0153592 0.0176959 0.0191587 0.019127 0.0182391 0.0154684 0.0105319 0.00509998 -0.000151384 -0.00590725 -0.0113607 -0.0142118 -0.0136201 -0.010972 -0.00770468 -0.00434436 -0.00164272 -0.000711752 -0.00162125 -0.00278132 -0.00215453 0.00140703 0.0082712 0.0178693 0.0275857 0.0337451 0.0342578 0.0293762 
0.0276139 0.0197769 0.0175617 0.0187261 0.0199524 0.020975 0.021942 0.0206409 0.015771 0.00888665 0.00154315 -0.00586297 -0.0121218 -0.015043 -0.0140047 -0.0108199 -0.00733367 -0.00394551 -0.00093262 0.000720349 0.000592089 4.71602e-05 0.00127624 0.00555875 0.0134859 0.0251187 0.0377938 0.0460656 0.0459996 0.0382938 
0.032527 0.0249853 0.0216245 0.0207448 0.0206237 0.0218411 0.0240018 0.0235733 0.0182581 0.00973113 0.00065688 -0.00756027 -0.0136276 -0.0158288 -0.0139936 -0.0102935 -0.00671189 -0.0033583 -3.52085e-05 0.00240165 0.00316243 0.00322759 0.00479909 0.00931348 0.0174523 0.0294147 0.0424692 0.0507671 0.050343 0.0425898 
0.0355704 0.0294962 0.0251679 0.0219761 0.0203257 0.0215303 0.0240946 0.0232207 0.0165251 0.00658277 -0.00310794 -0.0110023 -0.0161133 -0.0171243 -0.0143042 -0.0101189 -0.00649625 -0.00329376 -1.68502e-05 0.00287365 0.00481384 0.00634205 0.00867128 0.012529 0.018812 0.0285776 0.0398959 0.0475522 0.0480767 0.0427731 
0.0402579 0.0351313 0.0290777 0.022978 0.0195988 0.0204601 0.0222209 0.0193478 0.0107844 0.000415061 -0.00846767 -0.0152063 -0.0191351 -0.0189299 -0.0151355 -0.0104508 -0.00671015 -0.00371293 -0.000854192 0.00213452 0.00552306 0.00926385 0.0125495 0.0148895 0.0181803 0.0252946 0.0352947 0.0433965 0.0462608 0.0444337 
0.0503012 0.0454138 0.0367098 0.0269833 0.0213398 0.0209721 0.0205098 0.0145758 0.00432877 -0.00549792 -0.0129283 -0.0185304 -0.021608 -0.0205603 -0.0160787 -0.010944 -0.00690566 -0.00393537 -0.00152074 0.00136244 0.00601093 0.0118939 0.0161922 0.0174603 0.0189074 0.024904 0.0347767 0.0439427 0.0495626 0.051557 
0.064024 0.0602359 0.0495901 0.0366225 0.0282957 0.0255838 0.0219476 0.0128202 0.00131451 -0.00781197 -0.0142686 -0.0194933 -0.0224425 -0.0212546 -0.0166714 -0.0113255 -0.00687661 -0.00364054 -0.00137837 0.00139442 0.00678605 0.01423 0.019848 0.0214968 0.0226805 0.0281259 0.0373791 0.0468375 0.0549765 0.061383 
0.0777483 0.0766519 0.0662018 0.0514286 0.0402867 0.0343991 0.0275149 0.0158629 0.00336297 -0.00570941 -0.0121827 -0.0177722 -0.0211584 -0.0205145 -0.016581 -0.0115953 -0.0070247 -0.00347796 -0.00098726 0.00196637 0.00772297 0.0160463 0.0231139 0.0260574 0.0272657 0.0313005 0.0390495 0.0486664 0.0595096 0.0705314 
0.0884667 0.0906965 0.0824967 0.0677101 0.0541914 0.0450325 0.0356339 0.0226531 0.00933124 -0.00072844 -0.00826715 -0.0145402 -0.0183234 -0.0184188 -0.0157183 -0.0118956 -0.00793988 -0.00436938 -0.00129467 0.00238031 0.00852141 0.0173386 0.0257704 0.0301652 0.0311744 0.0334177 0.0399216 0.0503267 0.0635958 0.0777908 
0.0918879 0.0973924 0.0928806 0.0802599 0.0661293 0.0547615 0.0440358 0.0310595 0.0172382 0.00527947 -0.00431421 -0.0115285 -0.0154785 -0.016139 -0.014836 -0.0126798 -0.00989371 -0.00645575 -0.00243979 0.00240361 0.00908355 0.0183695 0.0281742 0.0341309 0.0352981 0.0362143 0.0413457 0.0512356 0.0645688 0.0793753 
0.085601 0.0939708 0.0931893 0.0842366 0.0720195 0.0605967 0.0500112 0.0381741 0.0244826 0.0105852 -0.00137612 -0.00973296 -0.0138943 -0.0150461 -0.0149847 -0.0143187 -0.0124721 -0.0088386 -0.00364369 0.00230717 0.00931447 0.0188935 0.0298914 0.0374811 0.0394088 0.0392454 0.0414972 0.047771 0.0581372 0.0718557 
0.0722872 0.0817089 0.0826058 0.0770784 0.0689107 0.0603003 0.0516949 0.0417404 0.0287747 0.0137635 9.38331e-05 -0.00921568 -0.0136508 -0.0151818 -0.0158804 -0.0159481 -0.0142751 -0.0100736 -0.00400547 0.00233156 0.00908509 0.0185245 0.030033 0.0384418 0.0405101 0.038497 0.0365938 0.0380718 0.0451074 0.0578451 
0.0569932 0.0643697 0.0642623 0.06148 0.0591901 0.0563674 0.0515636 0.043514 0.0309253 0.0151067 0.000229825 -0.00984414 -0.0143641 -0.0156562 -0.0161297 -0.0159574 -0.0139314 -0.00941851 -0.00338309 0.0024949 0.00869079 0.0176379 0.0282317 0.0349368 0.03468 0.0297718 0.0247981 0.0242564 0.030795 0.0434916 
0.0431906 0.0467634 0.0445859 0.0443567 0.048796 0.053366 0.0535234 0.0472829 0.0342865 0.0170083 0.000449542 -0.0107782 -0.0153612 -0.01577 -0.015098 -0.0141169 -0.0119161 -0.0078624 -0.00255815 0.00286781 0.00900848 0.0172616 0.0250121 0.026916 0.022074 0.0146945 0.00977871 0.0110806 0.0195026 0.0322036 
0.0296244 0.0311613 0.0281239 0.0299301 0.0397055 0.0510562 0.0569145 0.0537738 0.0411328 0.0222801 0.00337099 -0.00985519 -0.0152443 -0.0151772 -0.0135042 -0.0119952 -0.0102114 -0.00711121 -0.00236232 0.00346571 0.0103002 0.0176544 0.0215136 0.0177764 0.00866441 0.000296246 -0.00302751 0.000228193 0.00915018 0.020667 
0.0127616 0.0157095 0.013827 0.0167816 0.0294064 0.0459699 0.0581541 0.0602778 0.0500573 0.0305747 0.00936695 -0.00627391 -0.013324 -0.0138875 -0.0122063 -0.0108971 -0.00991063 -0.00762083 -0.00278855 0.00408985 0.0117052 0.0179759 0.0187129 0.0115433 0.000438264 -0.00855954 -0.0126509 -0.0115419 -0.00569534 0.0037123 
-0.00298948 0.00226596 0.0013011 0.00379145 0.0168114 0.0366132 0.0545061 0.0625292 0.0558576 0.0367123 0.0140883 -0.00298994 -0.0110721 -0.0123839 -0.0112671 -0.010608 -0.0104446 -0.00868793 -0.00356095 0.00420556 0.0121945 0.0176303 0.0171635 0.00958211 -0.00169856 -0.0124697 -0.0206919 -0.0246907 -0.0225091 -0.0138108 
0.000540414 0.0045747 -0.000803981 -0.00377589 0.00524214 0.0244226 0.0450775 0.0573492 0.0538974 0.0357326 0.0130383 -0.00351565 -0.0106101 -0.011443 -0.0106083 -0.0106787 -0.0113613 -0.0102996 -0.00547375 0.00239156 0.0104833 0.0159564 0.0161952 0.00997058 -0.00116669 -0.0144913 -0.0264185 -0.0317241 -0.0266751 -0.0131121 
0.0461452 0.0429611 0.0232772 0.00534377 0.00279498 0.015396 0.0341162 0.047384 0.0457741 0.02895 0.00737713 -0.00734534 -0.0122453 -0.0117457 -0.0108802 -0.011682 -0.0132785 -0.0132397 -0.00950934 -0.00234564 0.0058374 0.0122784 0.0143778 0.0100413 -0.000781361 -0.0147641 -0.0242925 -0.0202253 0.000144762 0.0278519 
0.144199 0.128845 0.0845918 0.0410557 0.0187218 0.0187034 0.0303453 0.0401321 0.0376571 0.0218132 0.00203524 -0.0108427 -0.014336 -0.013255 -0.0126702 -0.0141587 -0.0164152 -0.0171903 -0.0146649 -0.008502 -0.000294955 0.00733482 0.0115517 0.00966427 0.00127429 -0.00801378 -0.0060062 0.0190892 0.0668039 0.118119 
0.27762 0.247865 0.173262 0.0981927 0.0518498 0.0360301 0.0371186 0.0395237 0.0331836 0.0173363 -0.000427188 -0.0118341 -0.0152868 -0.0149179 -0.0150713 -0.0170257 -0.0194426 -0.0204742 -0.0187666 -0.0136135 -0.00571252 0.00274236 0.0091382 0.0112179 0.00932656 0.0109734 0.0309524 0.0822697 0.161911 0.24137 
