0.299359 0.270267 0.208044 0.15015 0.105783 0.0666743 0.0333079 0.013588 0.00726997 0.00480876 -0.00133123 -0.010543 -0.0180873 -0.0208925 -0.0190881 -0.0144375 -0.00841288 -0.00213532 0.00216185 0.00219889 -0.000395957 -0.000559074 0.00307759 0.00579265 0.00561956 0.0113628 0.0388724 0.0993178 0.18578 0.266364 
0.235361 0.212816 0.16283 0.117103 0.0851903 0.0600817 0.0399482 0.0290832 0.0253641 0.0196681 0.00711268 -0.00773639 -0.0176699 -0.0201571 -0.0171741 -0.01173 -0.00574398 -0.000272103 0.00284439 0.00175541 -0.00154767 -0.0016274 0.00344516 0.00920659 0.0118669 0.0160557 0.0342382 0.0778821 0.144104 0.208039 
0.151059 0.135067 0.100713 0.0721961 0.0579646 0.0511082 0.0460746 0.0433846 0.0407596 0.0311686 0.0127689 -0.0064273 -0.0175323 -0.0190526 -0.0147314 -0.00850051 -0.00260464 0.00188193 0.00356056 0.00130557 -0.00229824 -0.0013878 0.00644826 0.0165155 0.022339 0.0238129 0.0298374 0.0519593 0.0917666 0.133093 
0.09229 0.0789482 0.0535374 0.0346568 0.0305915 0.0356784 0.0417708 0.0460427 0.0457641 0.0352268 0.0145016 -0.0063503 -0.0176537 -0.018658 -0.0139989 -0.007921 -0.00275921 0.000430973 0.000764565 -0.00189038 -0.00415894 -6.49991e-05 0.0123491 0.0271702 0.0354325 0.0340802 0.0304754 0.0368423 0.0577722 0.0824869 
0.0790076 0.0620753 0.0347479 0.0130448 0.00640717 0.0124202 0.0233273 0.0339567 0.0393269 0.0327294 0.0142781 -0.00558077 -0.016831 -0.0183982 -0.0147323 -0.0100093 -0.00647488 -0.00500203 -0.005902 -0.00828003 -0.00807738 0.000211014 0.0170952 0.0351173 0.0444881 0.0423378 0.0368225 0.0404413 0.0570231 0.0754439 
0.0993203 0.074134 0.0374538 0.00573945 -0.0103079 -0.010051 0.000780912 0.0158831 0.0275181 0.0271167 0.0136605 -0.00358725 -0.014703 -0.0174568 -0.0154632 -0.012684 -0.0111031 -0.011238 -0.0129544 -0.0148089 -0.0126965 -0.00201754 0.016437 0.0346842 0.0440413 0.0438388 0.043881 0.0559728 0.0800763 0.100417 
0.124918 0.0917343 0.0455076 0.00560783 -0.016503 -0.0199545 -0.0103185 0.00530859 0.0185223 0.0212829 0.0121133 -0.0020359 -0.0124936 -0.0162395 -0.0159467 -0.0150439 -0.0149201 -0.0156449 -0.0169971 -0.0178823 -0.0151711 -0.0053696 0.0105379 0.0257517 0.0338557 0.0364336 0.0441693 0.067542 0.102528 0.128313 
0.134304 0.0969796 0.0463394 0.00554645 -0.013727 -0.0135899 -0.00297995 0.00967978 0.0180775 0.0181342 0.00985256 -0.00207599 -0.011415 -0.0155716 -0.0166187 -0.0171302 -0.0176141 -0.0176859 -0.0173681 -0.0166858 -0.0142911 -0.0077984 0.00265354 0.0126326 0.0181357 0.0220208 0.0347035 0.0652821 0.107513 0.137828 
0.124793 0.0871039 0.0379537 0.00293744 -0.00681628 0.00226181 0.0163543 0.0255758 0.0266835 0.0205491 0.00987756 -0.00168087 -0.0103132 -0.0146765 -0.0166268 -0.0178641 -0.0181379 -0.0168165 -0.0143494 -0.0121078 -0.0106079 -0.00829842 -0.00394155 0.000736358 0.00360373 0.00752114 0.0217333 0.0541021 0.0976251 0.128488 
0.104993 0.0698328 0.0268011 0.000683889 0.00125001 0.0188391 0.0363802 0.0434709 0.0393073 0.0280964 0.0146122 0.00235593 -0.00647718 -0.0116481 -0.0146316 -0.0161977 -0.0156781 -0.0125743 -0.00789184 -0.00422126 -0.00362783 -0.00515742 -0.00612755 -0.00552412 -0.00400326 0.000278062 0.0145416 0.0450593 0.0843719 0.110526 
0.0850249 0.0545962 0.0201799 0.00240266 0.00950915 0.0311615 0.0497294 0.055264 0.0485525 0.0353884 0.0212246 0.00915373 9.6867e-05 -0.00640912 -0.010975 -0.0131288 -0.0118111 -0.00677671 0.000398942 0.00604834 0.00668013 0.00246592 -0.00277455 -0.0052545 -0.00398585 0.001645 0.0162971 0.0438258 0.0757709 0.0935357 
0.0718883 0.0465859 0.0196285 0.00629241 0.0142786 0.0351145 0.0522632 0.0561251 0.0482619 0.0353454 0.0228436 0.0128858 0.00493129 -0.00214887 -0.00804897 -0.0109621 -0.00923838 -0.002655 0.00687201 0.0148959 0.0166079 0.0110586 0.00270965 -0.00211627 -0.000597975 0.00702948 0.0229481 0.0482474 0.0732038 0.0828538 
0.0641652 0.0432867 0.0209982 0.00788526 0.0120571 0.0284612 0.042612 0.0449049 0.0367598 0.0252346 0.0156684 0.00911604 0.00370319 -0.00230362 -0.00810564 -0.0110535 -0.00902667 -0.00167932 0.00907765 0.0185816 0.0211794 0.014926 0.00460276 -0.00166388 0.000375989 0.00993934 0.027101 0.05079 0.0709555 0.0756989 
0.0559819 0.0389836 0.0202453 0.0062903 0.00496512 0.014889 0.0248551 0.0258143 0.0184739 0.00941381 0.00332951 0.000257009 -0.00233435 -0.00625334 -0.0105732 -0.0125696 -0.0101311 -0.00288389 0.00750147 0.0166335 0.0187059 0.0114889 3.10967e-05 -0.00687591 -0.00446308 0.00616294 0.0236174 0.0457353 0.0632893 0.0664083 
0.0468067 0.0327988 0.0173348 0.00345696 -0.00260855 0.000773809 0.00637498 0.00638134 0.000794957 -0.00488467 -0.00732099 -0.00760696 -0.00824459 -0.0104065 -0.0130579 -0.013889 -0.0111841 -0.00469974 0.00409227 0.0112515 0.0115459 0.00332373 -0.00830688 -0.0152486 -0.0131315 -0.0028195 0.0140685 0.0351547 0.0520794 0.0556566 
0.038823 0.027353 0.0148706 0.00202495 -0.00672798 -0.0076705 -0.00499512 -0.0056477 -0.00992089 -0.0129578 -0.0127513 -0.0115019 -0.0114485 -0.0128568 -0.0144735 -0.0144446 -0.0115324 -0.00580252 0.00117137 0.00589925 0.00434127 -0.00410222 -0.0148531 -0.0216408 -0.0208817 -0.012333 0.00333893 0.0237646 0.0409041 0.0457806 
0.0300015 0.0220951 0.0136585 0.00391775 -0.00385374 -0.00527656 -0.00357069 -0.00542484 -0.0106128 -0.0138147 -0.0134556 -0.0123658 -0.0126725 -0.0141028 -0.0152241 -0.0144477 -0.0109562 -0.00532247 0.000523065 0.00354585 0.00109183 -0.00652721 -0.015844 -0.0228592 -0.0246577 -0.0192708 -0.00590341 0.0128263 0.0289632 0.0345144 
0.0183654 0.0146946 0.0113391 0.00692507 0.00388851 0.0054481 0.0075722 0.00397579 -0.00384042 -0.00955925 -0.011184 -0.011454 -0.0125735 -0.0143392 -0.0153138 -0.013955 -0.00972313 -0.00369332 0.00189422 0.00442989 0.00228762 -0.00376661 -0.0114252 -0.0187226 -0.0234585 -0.0221779 -0.0125989 0.00256815 0.0157154 0.0205713 
0.00680044 0.00630522 0.00655714 0.00658204 0.00855567 0.0137957 0.0170013 0.0126497 0.00327357 -0.00449145 -0.00811308 -0.00966545 -0.0113373 -0.0133097 -0.0143236 -0.0128069 -0.00827603 -0.00196659 0.00383975 0.006749 0.00549891 0.000977955 -0.00508778 -0.0120277 -0.0186401 -0.0210436 -0.0159082 -0.0054368 0.00378122 0.00731074 
-0.000954974 0.000473852 0.00192339 0.00296148 0.00626947 0.0125828 0.01655 0.0133573 0.00517983 -0.00239259 -0.00668627 -0.00876945 -0.0103952 -0.0120006 -0.0126591 -0.0109741 -0.00645665 -0.0001369 0.00592439 0.0093382 0.00870456 0.00489789 -0.000292613 -0.0065415 -0.0134629 -0.0177208 -0.0159396 -0.0097358 -0.00414797 -0.00178328 
-0.00371277 -0.000994253 0.000787878 0.000461612 0.00107633 0.00481725 0.00836089 0.00746432 0.00240391 -0.00342434 -0.00755509 -0.00982226 -0.01104 -0.0116072 -0.0110964 -0.00865846 -0.00396983 0.00223313 0.00826868 0.0118519 0.0114015 0.0076093 0.00237443 -0.00361951 -0.00989809 -0.0137989 -0.0129667 -0.00917932 -0.00624733 -0.00514567 
-0.000775929 0.00191379 0.00375939 0.0018643 -0.00144451 -0.00203018 -2.55679e-05 0.00114621 -0.000585342 -0.00444566 -0.00844796 -0.011176 -0.0122013 -0.0116549 -0.00970273 -0.00627448 -0.00136049 0.00452803 0.0101668 0.0136541 0.0134248 0.00973652 0.00413134 -0.0021657 -0.00763322 -0.00969345 -0.00731359 -0.00318409 -0.00104869 -0.00127528 
0.00804795 0.00881034 0.00937215 0.00608489 -8.69488e-05 -0.00433786 -0.00420267 -0.00184909 -0.000904425 -0.00296405 -0.0068809 -0.0103737 -0.0118256 -0.0109237 -0.00824149 -0.00436615 0.000427431 0.00579445 0.0109417 0.0144306 0.014784 0.0116828 0.00595257 -0.000854907 -0.0059409 -0.00620067 -0.00122757 0.00552324 0.00942315 0.00918229 
0.017773 0.0160155 0.0140563 0.00938289 0.00192726 -0.00434579 -0.0056863 -0.00275133 0.000364396 0.000248186 -0.00312666 -0.0072334 -0.00957066 -0.00923351 -0.0067946 -0.00314566 0.00125652 0.00614485 0.0109928 0.0146635 0.0157124 0.0133534 0.00779513 0.000623649 -0.0046521 -0.00437817 0.00206902 0.0112871 0.0180104 0.0194953 
0.0197681 0.0169111 0.0134252 0.00858275 0.00163457 -0.00502232 -0.00721272 -0.00400801 0.000848551 0.00278337 0.000529958 -0.0036616 -0.00678646 -0.00733274 -0.00555917 -0.00236135 0.00168437 0.00625506 0.0108819 0.0145668 0.0159214 0.014022 0.00886322 0.00183504 -0.00375821 -0.00430455 0.00121836 0.0101257 0.017689 0.0207563 
0.0115934 0.00976619 0.00735744 0.00446693 -0.000377527 -0.00623673 -0.00884558 -0.00586712 -0.000175657 0.00328772 0.00235187 -0.00129863 -0.00463588 -0.0057878 -0.00462767 -0.00187361 0.00184398 0.00606797 0.0102749 0.0135745 0.0147509 0.0130585 0.00860621 0.00240867 -0.00316689 -0.00522264 -0.00259322 0.00303563 0.00845927 0.0114359 
-0.000175187 1.5346e-05 0.000210859 0.000107575 -0.00246203 -0.00729704 -0.0100896 -0.00765659 -0.00203064 0.00210493 0.00226063 -0.000441592 -0.0033925 -0.00475505 -0.00411003 -0.00188291 0.00135239 0.00504023 0.00862297 0.0113497 0.012224 0.0107484 0.00721261 0.00224109 -0.00288548 -0.00623935 -0.00674356 -0.00511477 -0.00291091 -0.00113625 
-0.00828538 -0.00678266 -0.00476173 -0.00325775 -0.00476915 -0.00904078 -0.0116815 -0.00941934 -0.00402114 0.000233468 0.00104044 -0.000757011 -0.00306846 -0.0043638 -0.00411131 -0.00244943 0.000186328 0.00324369 0.00621042 0.00847323 0.00917093 0.00790918 0.00508282 0.00114821 -0.00329228 -0.00709873 -0.0094273 -0.0103412 -0.0102704 -0.00949462 
-0.0111872 -0.00971486 -0.00770152 -0.0063393 -0.00793851 -0.0119142 -0.0139947 -0.0113793 -0.00601384 -0.00184025 -0.00078049 -0.00197573 -0.00365101 -0.0046363 -0.00450598 -0.0032652 -0.00119802 0.00125276 0.00368202 0.0055801 0.00612215 0.00486624 0.00224785 -0.00117256 -0.00497563 -0.00849911 -0.0111528 -0.0126714 -0.0129785 -0.0123168 
-0.0111967 -0.0106889 -0.00994658 -0.00960891 -0.0114881 -0.0149652 -0.0163367 -0.0134098 -0.00816258 -0.00412619 -0.00292917 -0.00368267 -0.00474719 -0.00523598 -0.00498524 -0.00403871 -0.00252202 -0.000684553 0.00118308 0.00264001 0.00289347 0.00144356 -0.00125081 -0.00444123 -0.00771488 -0.0107022 -0.0129115 -0.0138347 -0.0133319 -0.0121108 
-0.0106978 -0.0114663 -0.0121849 -0.0127114 -0.0144203 -0.0170665 -0.0178527 -0.015059 -0.0102685 -0.00638455 -0.00488831 -0.00510993 -0.00559958 -0.00564645 -0.00531072 -0.00470593 -0.00378428 -0.00259497 -0.0013658 -0.000480291 -0.000599183 -0.00216719 -0.0047289 -0.00750105 -0.0101879 -0.0126408 -0.0142813 -0.0143509 -0.0128719 -0.0111562 
-0.0110793 -0.0128392 -0.0143947 -0.0150353 -0.0159673 -0.0175454 -0.0179354 -0.0157025 -0.0117364 -0.00810324 -0.00615177 -0.00568684 -0.00567805 -0.00553891 -0.00534825 -0.00517666 -0.00483899 -0.00428956 -0.00376502 -0.00355516 -0.00403741 -0.00546191 -0.00745454 -0.00947149 -0.011495 -0.0135185 -0.0148152 -0.0144594 -0.0126147 -0.0109271 
-0.0126993 -0.0147731 -0.016308 -0.016232 -0.0157959 -0.0161019 -0.0162199 -0.0148212 -0.0119972 -0.00889955 -0.00663675 -0.0055259 -0.0051349 -0.00502721 -0.00512318 -0.00534613 -0.0054724 -0.00550565 -0.00572641 -0.00626949 -0.00711953 -0.00824311 -0.0094291 -0.0106007 -0.0120875 -0.0139075 -0.0152228 -0.0150686 -0.0135451 -0.0121955 
-0.01475 -0.0165154 -0.0174631 -0.0162344 -0.0141485 -0.0130714 -0.0129069 -0.0123732 -0.0108459 -0.00864346 -0.0065141 -0.00510028 -0.00452662 -0.0045328 -0.00486141 -0.00530263 -0.00570152 -0.00620266 -0.00711514 -0.00837743 -0.00958704 -0.0104334 -0.0108887 -0.0113976 -0.012594 -0.0144114 -0.0159575 -0.016328 -0.0154039 -0.01434 
-0.0161065 -0.0172141 -0.0173416 -0.0150495 -0.0116822 -0.00954485 -0.00910991 -0.00922631 -0.00884827 -0.00768583 -0.00609189 -0.00476389 -0.00415675 -0.00419717 -0.004581 -0.00505119 -0.00555323 -0.00636711 -0.00777732 -0.00952198 -0.0109524 -0.011623 -0.0116375 -0.0117696 -0.0127937 -0.0145428 -0.0162178 -0.017107 -0.0168361 -0.0160218 
-0.0165431 -0.0168489 -0.0160762 -0.0130727 -0.00926085 -0.00686962 -0.00640156 -0.00685409 -0.00714963 -0.00674137 -0.0056932 -0.00454502 -0.00382126 -0.00366423 -0.00391696 -0.0043422 -0.00490382 -0.0058998 -0.00750352 -0.00929108 -0.0106184 -0.0111797 -0.0111345 -0.0111843 -0.0119869 -0.0134003 -0.0150095 -0.0164618 -0.0170777 -0.0167417 
-0.0167299 -0.0162363 -0.014648 -0.0113316 -0.0078236 -0.00589713 -0.00560057 -0.00601397 -0.00634539 -0.00613019 -0.00530803 -0.00418328 -0.00318183 -0.00265175 -0.00269154 -0.0031128 -0.00378648 -0.00486049 -0.00630602 -0.00761818 -0.00841877 -0.00881077 -0.00895474 -0.00911895 -0.0096958 -0.0107735 -0.01248 -0.0148012 -0.0166688 -0.0170987 
-0.0173005 -0.0161233 -0.0139595 -0.0106402 -0.00770372 -0.00632727 -0.00599534 -0.00593232 -0.00583671 -0.00546872 -0.00467321 -0.0035133 -0.00227488 -0.00142993 -0.00128465 -0.00171018 -0.00246318 -0.00346401 -0.00446952 -0.00499623 -0.00504073 -0.00515054 -0.00544236 -0.00570382 -0.0062079 -0.0074265 -0.00979282 -0.0133168 -0.016559 -0.0178003 
-0.0182311 -0.016535 -0.0140193 -0.0108088 -0.00826403 -0.00699898 -0.00614543 -0.00525876 -0.00462114 -0.00419739 -0.00362561 -0.00267167 -0.0014757 -0.000538729 -0.000250505 -0.000536608 -0.001134 -0.00184972 -0.00235778 -0.00226597 -0.00178517 -0.00163267 -0.00185064 -0.00200754 -0.00256104 -0.00438877 -0.00781136 -0.0125208 -0.016901 -0.0188217 
-0.0189477 -0.0167641 -0.0140125 -0.0109957 -0.00866846 -0.00710654 -0.00537147 -0.00351683 -0.00239884 -0.00215662 -0.0021541 -0.00177095 -0.000952716 -0.000155886 0.000259732 0.000332963 0.000189694 -0.000116826 -0.000375225 -0.000248006 0.000196314 0.00046687 0.000585373 0.000853722 0.000387611 -0.00208755 -0.00656195 -0.0121895 -0.0173137 -0.0196821 
-0.0191711 -0.0161224 -0.0130074 -0.0103077 -0.00836022 -0.00659042 -0.00405628 -0.0013249 0.000221584 0.000229976 -0.000451533 -0.000796124 -0.000508553 4.0523e-05 0.000577808 0.00111407 0.00151263 0.00148526 0.0010387 0.000589551 0.000500571 0.000770695 0.00148709 0.00256979 0.00250608 -0.000504414 -0.006142 -0.0127006 -0.0182311 -0.020536 
-0.0192488 -0.0146429 -0.0105762 -0.00796553 -0.00673078 -0.0055238 -0.00298469 0.00016935 0.0020896 0.00205178 0.00094288 9.76842e-05 2.09483e-05 0.000417507 0.00108135 0.00199087 0.0027533 0.00274015 0.00180869 0.000516508 -0.00036377 -0.000306014 0.000953713 0.00293284 0.00339781 -0.000115862 -0.00711667 -0.0147697 -0.0204066 -0.0219712 
-0.0190839 -0.012562 -0.00675243 -0.00355442 -0.00324492 -0.00377059 -0.0025995 0.000146515 0.00229346 0.00253599 0.00154653 0.000729924 0.000672454 0.0011295 0.00193744 0.0030696 0.00400824 0.00392554 0.00258852 0.000566384 -0.0012651 -0.00199711 -0.0009891 0.00117801 0.00187691 -0.00179026 -0.00941981 -0.0175053 -0.0227666 -0.0232991 
-0.0177965 -0.00989412 -0.00214991 0.00208572 0.00148719 -0.00142596 -0.00254757 -0.000869976 0.00129464 0.00201314 0.00158861 0.00125739 0.00153653 0.0022113 0.00316807 0.00442865 0.00549317 0.00546964 0.00402921 0.00156365 -0.00127402 -0.00343212 -0.00374839 -0.00238863 -0.00168903 -0.00447842 -0.0108581 -0.0178693 -0.0223911 -0.0225284 
-0.0146707 -0.0068641 0.0017693 0.00649629 0.00510311 0.000425236 -0.00230938 -0.00132258 0.000878162 0.00190939 0.0018919 0.00197446 0.00260224 0.00352696 0.00461151 0.00591194 0.0070335 0.00714301 0.00583073 0.00323308 -0.000324488 -0.00379499 -0.0054826 -0.00478572 -0.00332984 -0.00377972 -0.00726489 -0.01237 -0.0167278 -0.0180931 
-0.00930462 -0.00372805 0.00355007 0.00713772 0.00486029 -5.02989e-05 -0.00224088 -0.000312379 0.00253566 0.00362058 0.00331139 0.00310959 0.00365079 0.00465458 0.00580461 0.00706013 0.00814611 0.00838831 0.00731161 0.0047972 0.00102844 -0.00276499 -0.00441832 -0.00275519 0.000993827 0.00388042 0.00353889 -0.00010126 -0.00537197 -0.00954105 
-0.000254704 0.000747929 0.00376347 0.0039917 0.000310412 -0.0036011 -0.00316832 0.00154697 0.00604437 0.00728948 0.00615789 0.00483265 0.00447794 0.00504066 0.00605036 0.00724246 0.00838085 0.00889538 0.00812239 0.00566588 0.00191096 -0.00127012 -0.00128087 0.00299262 0.00995154 0.0161115 0.0185 0.0163718 0.0106476 0.00375556 
0.0147784 0.00950702 0.00574688 0.000615777 -0.00540607 -0.00845517 -0.00514973 0.00275676 0.00934511 0.0111592 0.00944941 0.00682439 0.00494378 0.00434858 0.00476399 0.00576026 0.00702439 0.00789521 0.00733635 0.00467182 0.000716053 -0.00171832 0.000434655 0.00778723 0.0179327 0.0272061 0.0330181 0.0343808 0.0307265 0.0229203 
0.0343256 0.0230848 0.0122657 0.00139822 -0.00762123 -0.0111625 -0.00684076 0.00258034 0.0103788 0.0128707 0.0113445 0.00811509 0.00480385 0.00262981 0.0018954 0.00220591 0.00314462 0.00388697 0.00307319 -0.000112609 -0.00446037 -0.00641023 -0.00247338 0.00755521 0.0207246 0.0337653 0.0447733 0.0519554 0.0524848 0.0454554 
0.0513565 0.0369398 0.0218757 0.00758623 -0.00339314 -0.00820781 -0.00517139 0.0029467 0.00981983 0.012152 0.0110641 0.00796755 0.00383823 0.000252562 -0.00191094 -0.00292801 -0.00324617 -0.00364303 -0.00540652 -0.00917971 -0.0135276 -0.0147866 -0.00953592 0.00218752 0.0175512 0.0342729 0.050974 0.0642696 0.0689765 0.0634342 
0.0598382 0.0460595 0.0308658 0.0170956 0.00715494 0.00218407 0.00283468 0.00706045 0.0103554 0.0107693 0.00933697 0.00638803 0.00197919 -0.00243593 -0.00579664 -0.00838294 -0.0105854 -0.0128143 -0.015832 -0.019825 -0.0233103 -0.0232973 -0.0173364 -0.00583427 0.00919537 0.0271887 0.0475133 0.0652004 0.0732504 0.0701078 
0.0592744 0.0490407 0.0368862 0.0268422 0.0207262 0.0171868 0.0153548 0.0142922 0.0122841 0.00939659 0.00668519 0.00351527 -0.000862349 -0.00542035 -0.00933348 -0.0130271 -0.0167771 -0.0204818 -0.024227 -0.027719 -0.0296032 -0.0280955 -0.0224695 -0.0136653 -0.00222615 0.0136361 0.0343648 0.0540852 0.0648822 0.065375 
0.051047 0.0453984 0.0377932 0.0326401 0.0308808 0.028993 0.0249372 0.0190781 0.012391 0.00664535 0.00277307 -0.000550414 -0.00453484 -0.00861665 -0.0123706 -0.0163388 -0.0206329 -0.0247178 -0.0281152 -0.0301647 -0.0297811 -0.0266197 -0.0220519 -0.0176652 -0.0121789 -0.00125476 0.0167653 0.0360183 0.0485136 0.0525921 
0.0371246 0.0347006 0.0308351 0.0295283 0.0309482 0.0304353 0.025416 0.017289 0.0086702 0.00204416 -0.00189125 -0.00472048 -0.0078132 -0.0110214 -0.0142515 -0.0179862 -0.0221018 -0.0257335 -0.0279179 -0.027611 -0.0240544 -0.0185113 -0.0146512 -0.0148917 -0.0163819 -0.0125243 6.52472e-06 0.0166254 0.0295888 0.0359042 
0.024785 0.0217021 0.0177179 0.0171395 0.0201671 0.0216462 0.0181965 0.0111815 0.00358958 -0.00204151 -0.00500008 -0.00673724 -0.00869226 -0.0110645 -0.013906 -0.0174666 -0.0213473 -0.0244383 -0.0253236 -0.0224668 -0.0153612 -0.00684453 -0.00273823 -0.00638295 -0.0141517 -0.0178646 -0.0117559 0.00215046 0.0159469 0.0236143 
0.0236315 0.0151767 0.00599918 0.00249034 0.00572146 0.00989094 0.0098882 0.0058503 0.000500443 -0.00345765 -0.00502808 -0.00555774 -0.00663202 -0.00860343 -0.0114079 -0.0149838 -0.0187675 -0.0216027 -0.0217357 -0.017091 -0.00721054 0.00404368 0.00942618 0.00460271 -0.00707465 -0.0164607 -0.0147355 -0.000910116 0.0159225 0.0251094 
0.034344 0.0181676 0.00160887 -0.00595287 -0.00292176 0.00344404 0.00593485 0.00354616 -0.000722152 -0.00349234 -0.00368908 -0.00312906 -0.00374028 -0.00574408 -0.00866829 -0.0121709 -0.0158058 -0.0186441 -0.0186766 -0.0132187 -0.00156723 0.0121812 0.0200205 0.0161064 0.00269486 -0.00988986 -0.00946639 0.0072265 0.0288764 0.0397906 
0.0467983 0.0245708 0.00330363 -0.00564643 -0.0016931 0.00557053 0.00748215 0.00345523 -0.00197546 -0.00451413 -0.00359236 -0.00213741 -0.00258462 -0.00480984 -0.0077677 -0.0109428 -0.0142464 -0.0171773 -0.0176159 -0.012244 0.000345049 0.0165747 0.0278494 0.0260371 0.0119637 -0.00222451 -0.00131613 0.0187239 0.0442013 0.0559143 
0.0498558 0.0256855 0.00495738 -0.00128716 0.00514471 0.0123822 0.0115771 0.00414633 -0.00326487 -0.00597487 -0.00442736 -0.00265194 -0.00338225 -0.00602691 -0.00901171 -0.0117143 -0.0143582 -0.0169753 -0.0178793 -0.0135696 -0.00154287 0.0160324 0.0305334 0.0315471 0.0181474 0.00373916 0.00525547 0.0262127 0.0515621 0.0616195 
0.0389888 0.0168386 0.00100033 0.000134641 0.00982371 0.0171511 0.0142639 0.0048317 -0.00317205 -0.00564308 -0.00405264 -0.00282185 -0.00450065 -0.00798545 -0.0112187 -0.0133305 -0.0145989 -0.0156839 -0.0161415 -0.0132687 -0.00362453 0.0128065 0.0286946 0.0325342 0.0213378 0.00786403 0.00882569 0.0266874 0.0468511 0.0523605 
0.0168723 -0.000584367 -0.00935443 -0.0041034 0.00890204 0.0171816 0.0143419 0.00533536 -0.0017346 -0.00368018 -0.00245136 -0.00220227 -0.00515744 -0.00978923 -0.0133937 -0.0145311 -0.0133658 -0.0113132 -0.0097116 -0.00753708 -0.00104289 0.0120561 0.0266807 0.0318499 0.0231526 0.011061 0.00986502 0.0207519 0.0316263 0.0307334 
-0.00702068 -0.0192943 -0.0211597 -0.0106072 0.00507006 0.0145407 0.0127443 0.00503732 -0.000899695 -0.00245728 -0.00152614 -0.00189412 -0.00570606 -0.0111521 -0.0147026 -0.0141721 -0.00970622 -0.00359044 0.00106648 0.00342656 0.00704791 0.0159142 0.0271014 0.0314367 0.0248188 0.0150436 0.0119716 0.0148179 0.0150111 0.00706184 
-0.0160637 -0.0262452 -0.0249638 -0.0123237 0.0037168 0.0126085 0.0105076 0.00313993 -0.00232586 -0.00366201 -0.00258067 -0.00269145 -0.00626626 -0.0114137 -0.014013 -0.011316 -0.00354356 0.00623446 0.0135304 0.0160423 0.0169363 0.0211253 0.0273793 0.029184 0.02457 0.0196203 0.0192398 0.0193525 0.0130256 -0.000504273 
0.00788647 -0.00603158 -0.00951998 -0.0013195 0.0104044 0.0148513 0.00931887 0.000215175 -0.00588093 -0.0072635 -0.00568852 -0.00479689 -0.0070031 -0.0106251 -0.0116515 -0.00720461 0.0026276 0.0144812 0.0230593 0.025086 0.0231194 0.022332 0.0230037 0.021516 0.0187463 0.0209534 0.0302024 0.0387203 0.0372398 0.0249513 
0.0705814 0.0483725 0.0312557 0.0271239 0.0287641 0.0241141 0.0113417 -0.00206675 -0.00994735 -0.0115686 -0.00951191 -0.00771875 -0.00846683 -0.0103173 -0.00997891 -0.00494563 0.00498656 0.016784 0.0250619 0.0260958 0.0217704 0.0171817 0.0138631 0.0100914 0.00852284 0.0171126 0.039085 0.0656088 0.0831112 0.0845712 
0.158535 0.128376 0.0929935 0.0710043 0.0579026 0.0403188 0.0171611 -0.00248836 -0.0125906 -0.0142866 -0.0121409 -0.0105269 -0.0110143 -0.0120002 -0.0109704 -0.00621218 0.00245737 0.0126274 0.0195537 0.0196699 0.0144773 0.00898822 0.00526561 0.00155698 0.00028215 0.0113418 0.0425075 0.088656 0.134038 0.161432 
0.246781 0.212993 0.160606 0.119366 0.0894825 0.0578254 0.024239 -0.000808144 -0.0120227 -0.0135065 -0.012255 -0.0125024 -0.0143781 -0.0156598 -0.0144255 -0.0100237 -0.00276646 0.00553465 0.0111858 0.0111374 0.0068016 0.00312324 0.00189887 -1.3411e-05 -0.00169467 0.00800454 0.0421995 0.102695 0.175255 0.23274 
0.303542 0.270479 0.207506 0.151693 0.108723 0.0676776 0.0292676 0.00374278 -0.00597049 -0.00733291 -0.00869547 -0.0126788 -0.0172029 -0.0193844 -0.0180465 -0.013716 -0.00734073 -0.000282216 0.00468588 0.00497076 0.00202509 0.000756805 0.00250636 0.00285063 0.00116124 0.00844968 0.0410758 0.107187 0.196087 0.274909 
