0.498198 0.423302 0.267588 0.131677 0.0565983 0.0258125 0.0151627 0.013425 0.0156618 0.0170712 0.0144894 0.00822371 0.000522145 -0.00645246 -0.0112162 -0.0131076 -0.0118035 -0.0072404 -0.00117788 0.0031037 0.00458586 0.0057192 0.00798012 0.0100523 0.0133359 0.025928 0.0624819 0.144214 0.281908 0.432579 
0.403647 0.335133 0.206619 0.0995811 0.0440761 0.021692 0.0111102 0.00616595 0.00585001 0.00650697 0.00497982 0.00135002 -0.0032494 -0.00792069 -0.0115497 -0.0133642 -0.0127708 -0.0091045 -0.00351056 0.0010465 0.00386325 0.00780034 0.0139477 0.0191059 0.0228219 0.033586 0.06614 0.135998 0.246594 0.360987 
0.244801 0.194521 0.113965 0.0523116 0.022853 0.00903379 -0.00167694 -0.00820469 -0.00861709 -0.00647213 -0.00538121 -0.00585471 -0.00764784 -0.0104164 -0.0131241 -0.0149688 -0.0151646 -0.0125768 -0.00766745 -0.0024936 0.00305645 0.0118334 0.0238144 0.0335911 0.0377995 0.0429083 0.0618061 0.104357 0.168738 0.229982 
0.114696 0.0841086 0.0436948 0.0176454 0.00703668 -0.00165402 -0.0127851 -0.0197707 -0.0192427 -0.0149759 -0.0111232 -0.00933443 -0.0102243 -0.0130551 -0.0160002 -0.0179993 -0.0184406 -0.0164253 -0.0121514 -0.0065889 0.00138989 0.0144529 0.0316258 0.0460384 0.0512503 0.0498734 0.0522991 0.0667778 0.0922387 0.115171 
0.0454708 0.0313796 0.0138933 0.00502929 0.00197875 -0.00502719 -0.0156678 -0.0215326 -0.0196076 -0.0139697 -0.00883833 -0.00671456 -0.00895121 -0.0140534 -0.0187171 -0.0212114 -0.0213656 -0.0191237 -0.0149774 -0.00929248 -0.00019722 0.0150108 0.0350458 0.0523893 0.058097 0.050867 0.0392902 0.0336768 0.0378015 0.0458287 
0.020243 0.0174994 0.0104054 0.0063397 0.00347944 -0.00371169 -0.0125555 -0.0153584 -0.0109042 -0.00424198 0.000493131 0.00103123 -0.00386396 -0.0120587 -0.019086 -0.0225275 -0.0225274 -0.0197874 -0.0153007 -0.0095338 -0.000475904 0.0148218 0.035406 0.0536775 0.0590186 0.0474025 0.0268432 0.0107436 0.00735108 0.014232 
0.0163035 0.0187762 0.0151027 0.0107899 0.00586296 -0.00149439 -0.00729624 -0.00552435 0.00258722 0.0102962 0.0133172 0.0107445 0.00283194 -0.00777935 -0.0166416 -0.0212643 -0.0217584 -0.0189631 -0.0141427 -0.00827652 7.8317e-05 0.0138612 0.0328088 0.0499572 0.0543573 0.0409642 0.0177495 -0.000337687 -0.00356871 0.00584398 
0.0231254 0.0255878 0.0205145 0.0135649 0.00682316 0.00082757 -0.000663334 0.00598823 0.0173387 0.0253255 0.0256033 0.019102 0.00840004 -0.00338711 -0.0129456 -0.0185323 -0.0200329 -0.0178272 -0.0130411 -0.00716188 0.00021992 0.0114753 0.0269106 0.0408747 0.0438337 0.0314738 0.0113924 -0.00232448 -0.00112007 0.0113741 
0.0354391 0.0341984 0.0238743 0.0122162 0.00429856 0.00170208 0.00579472 0.0167939 0.0297329 0.0366615 0.0338791 0.023908 0.011327 -0.000446642 -0.00960154 -0.0155225 -0.0179104 -0.0165115 -0.0120983 -0.00642535 -5.40833e-05 0.00849932 0.0197169 0.029576 0.0312535 0.0221832 0.00889759 0.00279448 0.00989251 0.0248169 
0.0481483 0.0402601 0.022628 0.00551055 -0.00280782 -0.000571154 0.0097185 0.0240943 0.036767 0.0415982 0.0364932 0.0247971 0.0117834 0.000811665 -0.00735891 -0.0129326 -0.015575 -0.0147025 -0.010802 -0.00552482 5.50707e-05 0.00647379 0.0140116 0.0204176 0.0221291 0.0183813 0.0139094 0.0162038 0.0278611 0.0421455 
0.0592136 0.0436125 0.0193707 -0.00203418 -0.0103316 -0.00380854 0.0114166 0.0273635 0.0380164 0.040323 0.0343482 0.0230569 0.0108346 0.000792782 -0.00644557 -0.0113091 -0.0136562 -0.0130532 -0.00977437 -0.00487665 0.000622825 0.00633758 0.0119452 0.0166578 0.0198796 0.0223116 0.026742 0.0364534 0.0502753 0.0606308 
0.0676248 0.0474043 0.020314 -0.00323102 -0.0125782 -0.00502952 0.0119104 0.0274349 0.0354388 0.0358488 0.0304633 0.0208985 0.00986893 0.000436791 -0.0061829 -0.0103298 -0.0122835 -0.0120127 -0.00954642 -0.00501756 0.0011592 0.00806205 0.0144422 0.0197689 0.0250051 0.0318704 0.0420151 0.0557639 0.0693194 0.0751018 
0.0700293 0.0514773 0.0270601 0.00387418 -0.00805429 -0.00346346 0.0116249 0.0254243 0.0315707 0.031396 0.0272468 0.0194562 0.00949841 0.000551472 -0.00554711 -0.00908137 -0.0107758 -0.0109307 -0.00936986 -0.00544425 0.00132006 0.0101621 0.018978 0.026228 0.0327785 0.0409022 0.0520371 0.0652321 0.0761565 0.0787684 
0.0648171 0.052885 0.0350453 0.0145568 0.000567783 0.000871756 0.0119176 0.0227388 0.0272952 0.0269513 0.0236179 0.0171227 0.00848021 0.000592548 -0.00469451 -0.00766814 -0.0091923 -0.00965711 -0.00883881 -0.00579363 0.000610149 0.0101364 0.0202951 0.0284473 0.0348834 0.0422012 0.0517512 0.0618692 0.0691049 0.0704058 
0.0552612 0.049994 0.0382054 0.0212529 0.00767413 0.00566899 0.012666 0.0194844 0.0216671 0.0205204 0.0173465 0.0120779 0.0055459 -0.000337261 -0.00443519 -0.00695836 -0.00843219 -0.00908841 -0.00879177 -0.00677363 -0.00184645 0.00607772 0.0146746 0.0212096 0.0261536 0.032461 0.0409584 0.0490327 0.0542189 0.0562446 
0.0450102 0.0426717 0.0334199 0.0191655 0.0079311 0.00617301 0.0106856 0.0141333 0.014078 0.0120331 0.0090398 0.00535329 0.00151742 -0.00189324 -0.0047181 -0.00697778 -0.00860039 -0.0095685 -0.00986217 -0.00907729 -0.00645094 -0.00194385 0.00262727 0.00545406 0.00807102 0.0138771 0.0229894 0.0318782 0.0383159 0.0427762 
0.0346718 0.0320627 0.0230813 0.0109108 0.00244159 0.00177888 0.00520186 0.00706776 0.00621384 0.00406079 0.00161612 -0.00048687 -0.00196217 -0.00327353 -0.00498437 -0.00695964 -0.00873325 -0.0102001 -0.0114289 -0.0122236 -0.0122003 -0.0114899 -0.0113926 -0.012567 -0.012351 -0.00701268 0.00318525 0.0144067 0.0240496 0.0313351 
0.024942 0.0221539 0.0141351 0.00445453 -0.00179583 -0.00216522 0.000318536 0.00173206 0.00126781 -0.000368454 -0.00240935 -0.0038646 -0.00430983 -0.00451411 -0.00534541 -0.00673351 -0.00829229 -0.0101303 -0.0124113 -0.0148146 -0.0168595 -0.0186901 -0.0213968 -0.025127 -0.0268392 -0.0227315 -0.0128632 -0.000526296 0.0115475 0.0210136 
0.0178563 0.0166781 0.0110618 0.00403204 -0.00100897 -0.00231782 -0.00134178 -0.000229179 8.15073e-05 -0.000875533 -0.00296503 -0.00493729 -0.00576239 -0.00585409 -0.00610898 -0.00671752 -0.0076643 -0.00941569 -0.0122371 -0.0154826 -0.0182004 -0.0203858 -0.0233138 -0.0275209 -0.0304879 -0.0285522 -0.0210633 -0.0101467 0.00204237 0.0126135 
0.0128526 0.0136025 0.0105188 0.00581464 0.00160975 -0.000910108 -0.00172674 -0.00121472 -0.000313038 -0.000568636 -0.00260173 -0.0051222 -0.0065398 -0.00680852 -0.00676808 -0.00680477 -0.00712224 -0.00837023 -0.0109005 -0.0138475 -0.0158041 -0.016537 -0.0176099 -0.0204185 -0.0235951 -0.023935 -0.0199491 -0.0124454 -0.00269244 0.00692445 
0.00782537 0.00911066 0.00777943 0.00520856 0.0023397 -0.000662299 -0.00307778 -0.00366357 -0.00279666 -0.00246151 -0.00379519 -0.00576897 -0.00681749 -0.00683582 -0.00662347 -0.00650105 -0.00651348 -0.00721764 -0.00908155 -0.0112708 -0.0120785 -0.0109389 -0.00948126 -0.00986249 -0.0120464 -0.0135997 -0.012453 -0.00855811 -0.0027861 0.00341619 
0.00379436 0.00457514 0.00423133 0.00325943 0.00165501 -0.0013465 -0.0049217 -0.00682498 -0.00665675 -0.00615076 -0.00650474 -0.00706765 -0.00684802 -0.00612194 -0.00569997 -0.00567395 -0.00576082 -0.0063209 -0.00792759 -0.0098655 -0.0102319 -0.00809196 -0.0048918 -0.00316058 -0.00381562 -0.00504247 -0.00455375 -0.00240135 2.29428e-06 0.0021053 
0.00230266 0.00265179 0.00294015 0.00277443 0.00168844 -0.00126822 -0.00532249 -0.00817364 -0.00906329 -0.00907233 -0.00893684 -0.00823995 -0.00673096 -0.00519789 -0.00447857 -0.00452409 -0.00491306 -0.00585576 -0.00783095 -0.01012 -0.0108127 -0.00881333 -0.00527766 -0.00267522 -0.00220093 -0.00212228 -0.00016578 0.00264127 0.00360068 0.0027946 
0.00150382 0.00160979 0.00257691 0.0030795 0.00230705 -0.00036272 -0.00408326 -0.00710351 -0.00884423 -0.00970237 -0.00968662 -0.00845047 -0.00632336 -0.00437821 -0.00339162 -0.00336614 -0.00404915 -0.00555777 -0.00801957 -0.0105857 -0.0116296 -0.0102834 -0.00748876 -0.00533548 -0.00468629 -0.00340937 0.000696055 0.00531688 0.00618858 0.00359943 
-0.0012489 -0.00167038 -3.96028e-05 0.00138438 0.00116894 -0.000896939 -0.00358075 -0.00567304 -0.00718596 -0.00830171 -0.00850589 -0.00739503 -0.00548555 -0.00372799 -0.00268479 -0.00251129 -0.00329314 -0.00511249 -0.00767979 -0.00998794 -0.010845 -0.00991867 -0.008188 -0.00728706 -0.00741991 -0.00590005 -0.000556463 0.00539134 0.0064059 0.00246808 
-0.00621721 -0.00735999 -0.0053719 -0.00315338 -0.00282189 -0.00418855 -0.00535274 -0.00540941 -0.00529321 -0.00569038 -0.00596122 -0.00543239 -0.0043454 -0.00323574 -0.00237267 -0.00204623 -0.00268468 -0.00443183 -0.00672765 -0.008415 -0.00859206 -0.00747506 -0.00638205 -0.00674765 -0.00821908 -0.00773366 -0.00303095 0.00268594 0.00351112 -0.00122869 
-0.0118202 -0.0132173 -0.0111526 -0.00857977 -0.00789933 -0.00861339 -0.00826516 -0.00606649 -0.00381794 -0.00304042 -0.00324844 -0.00338609 -0.00320667 -0.00281116 -0.00220552 -0.0017275 -0.00205263 -0.00346995 -0.00535293 -0.00640784 -0.00572437 -0.00383477 -0.00260823 -0.00373648 -0.00669259 -0.00831051 -0.00610854 -0.00234567 -0.00214943 -0.006758 
-0.0161546 -0.0169743 -0.0148512 -0.0122953 -0.0114888 -0.0118502 -0.010785 -0.00737653 -0.00365799 -0.00174127 -0.00152049 -0.00183356 -0.00212274 -0.00219078 -0.00180239 -0.00120464 -0.00116446 -0.00212668 -0.00355871 -0.0041055 -0.00267322 0.000156792 0.00201631 0.000721848 -0.00337493 -0.00730271 -0.00843915 -0.0077012 -0.00856986 -0.012324 
-0.0173997 -0.017171 -0.0149694 -0.0127488 -0.0122385 -0.0129411 -0.0124176 -0.00932163 -0.00516332 -0.0022259 -0.00101041 -0.000742222 -0.000903932 -0.00114371 -0.000963992 -0.000358423 2.62111e-06 -0.000436047 -0.00136064 -0.00153516 0.000233503 0.00350785 0.00587708 0.0049601 0.00072425 -0.00454192 -0.00845414 -0.010673 -0.0127047 -0.0153787 
-0.0147904 -0.0138211 -0.0118724 -0.01039 -0.010621 -0.0121959 -0.0129848 -0.0111706 -0.00738808 -0.0037521 -0.00136793 -0.000101912 0.000279891 0.000129685 0.000140413 0.000645026 0.00123071 0.00132093 0.000946203 0.00100694 0.00254669 0.00537786 0.00769466 0.00751425 0.00431267 -0.000841471 -0.00615318 -0.0102067 -0.0127765 -0.0143184 
-0.0102759 -0.00936593 -0.00826685 -0.00782365 -0.00876473 -0.0108678 -0.0125535 -0.0119646 -0.00902501 -0.00537999 -0.00233585 -0.000224734 0.000859928 0.00109678 0.00115745 0.0015855 0.00227308 0.00274809 0.00282933 0.00298949 0.00392013 0.0056828 0.00744323 0.00797461 0.00623708 0.00194899 -0.00361747 -0.00811455 -0.0102617 -0.0106663 
-0.00778296 -0.00737633 -0.00731459 -0.00775745 -0.00886227 -0.0105192 -0.0118956 -0.0116914 -0.00957683 -0.00654601 -0.00358329 -0.00109497 0.000620145 0.00146348 0.00184675 0.00229607 0.00292604 0.00346782 0.00371692 0.00383825 0.00414105 0.00480792 0.00583716 0.0066596 0.00579982 0.00203854 -0.00347389 -0.00769202 -0.00900488 -0.00850101 
-0.00995403 -0.00973424 -0.0100848 -0.010655 -0.0111553 -0.011549 -0.0116775 -0.0110087 -0.00929501 -0.00696331 -0.00449082 -0.00208489 -4.12256e-05 0.00131747 0.00205122 0.00250986 0.00290223 0.00316949 0.00325435 0.00323924 0.00313452 0.00302647 0.00331344 0.00380261 0.00279743 -0.00126035 -0.00701667 -0.0110564 -0.0118586 -0.0108743 
-0.0154705 -0.0148639 -0.0146835 -0.014409 -0.0136734 -0.0126018 -0.0114495 -0.0101444 -0.00850823 -0.00663533 -0.0046761 -0.00262531 -0.000644906 0.000853773 0.00166738 0.00197314 0.00198805 0.0017856 0.00150108 0.00129471 0.000982718 0.000386634 -8.16976e-05 -0.000430751 -0.00230186 -0.00715167 -0.0133398 -0.017361 -0.0179363 -0.0166977 
-0.0201512 -0.0189267 -0.0177428 -0.0161721 -0.0141083 -0.0119633 -0.0101853 -0.00874512 -0.00734314 -0.00586729 -0.0043271 -0.00264555 -0.000931363 0.000362932 0.000928198 0.000887365 0.00044893 -0.000270596 -0.000999116 -0.00145016 -0.00187795 -0.00272143 -0.00376673 -0.00498291 -0.0077763 -0.0132573 -0.0195327 -0.0231994 -0.0233242 -0.021738 
-0.0212482 -0.0195256 -0.0174603 -0.0148446 -0.0118502 -0.00915977 -0.00737918 -0.00640394 -0.00569055 -0.00483566 -0.00369213 -0.00225284 -0.000783295 0.000168721 0.000310059 -0.000176303 -0.0010695 -0.00224735 -0.00337625 -0.00406371 -0.00448482 -0.00519387 -0.00630281 -0.00795648 -0.0112706 -0.0168368 -0.0225703 -0.0254 -0.024885 -0.0230252 
-0.0197226 -0.0176317 -0.0149417 -0.0117335 -0.00822785 -0.00521686 -0.00354424 -0.00320329 -0.0034409 -0.00343983 -0.00279286 -0.00159066 -0.00034995 0.000259887 -2.30968e-06 -0.000882955 -0.00213991 -0.00362495 -0.00499323 -0.00580713 -0.00605776 -0.00627142 -0.00698769 -0.00869337 -0.0121077 -0.0171559 -0.021776 -0.0236466 -0.0229151 -0.0213618 
-0.0182649 -0.0158969 -0.0127772 -0.00924762 -0.00538002 -0.00194156 -4.84521e-05 1.91723e-05 -0.000951745 -0.00180682 -0.00184059 -0.001084 -0.000146207 0.000220216 -0.000258377 -0.00135931 -0.00282766 -0.00444134 -0.00586351 -0.00669976 -0.0067949 -0.00660671 -0.00703978 -0.00877243 -0.0119028 -0.0157442 -0.0187923 -0.0199924 -0.0199214 -0.0194565 
-0.0180291 -0.0156747 -0.0124906 -0.00883912 -0.00460452 -0.000563414 0.00192597 0.00225408 0.00105158 -0.00042446 -0.00123441 -0.00114524 -0.000587406 -0.000322589 -0.000787994 -0.00191481 -0.00343656 -0.00502154 -0.00634826 -0.00714814 -0.00728852 -0.00721065 -0.00787062 -0.00967803 -0.012015 -0.0140333 -0.0154015 -0.0164543 -0.0176855 -0.0186261 
-0.0177735 -0.0157485 -0.0130332 -0.00968047 -0.00534394 -0.000843564 0.00226195 0.00308863 0.00207973 0.000426532 -0.00091168 -0.00149257 -0.0014116 -0.0012784 -0.00168404 -0.00275799 -0.00422054 -0.00562592 -0.00667864 -0.00729005 -0.00752846 -0.00789569 -0.00905954 -0.0107887 -0.0119842 -0.0122366 -0.0125047 -0.0139033 -0.0162638 -0.0180297 
-0.0167144 -0.0146828 -0.012529 -0.00994813 -0.00618002 -0.00184945 0.00139147 0.00249788 0.00191246 0.000724319 -0.000479065 -0.00143705 -0.00193867 -0.00219725 -0.00275091 -0.00387276 -0.00528142 -0.00641556 -0.00699467 -0.00714532 -0.00723067 -0.00785608 -0.00934723 -0.0109164 -0.0113432 -0.010815 -0.0110386 -0.0130818 -0.0159019 -0.0174309 
-0.0158602 -0.0128701 -0.0106747 -0.00894253 -0.00638103 -0.00303781 -0.000419608 0.00048464 0.000374733 0.00022182 -0.000112054 -0.000936664 -0.00189409 -0.00270309 -0.00364487 -0.00501566 -0.00652739 -0.00748639 -0.00757045 -0.00709758 -0.00670695 -0.00715912 -0.00875173 -0.0105658 -0.0113133 -0.0112424 -0.0121105 -0.0147223 -0.0174467 -0.0179669 
-0.0139109 -0.00977383 -0.0074774 -0.00682721 -0.00607995 -0.00452736 -0.00322115 -0.00285241 -0.00248248 -0.00142644 -0.000557074 -0.000717648 -0.00159843 -0.00269561 -0.00405994 -0.00585137 -0.00769551 -0.00877026 -0.00865651 -0.00772816 -0.00677829 -0.00682874 -0.00854462 -0.0111375 -0.0129306 -0.013568 -0.0145756 -0.0168619 -0.0187093 -0.0177129 
-0.00650163 -0.00266914 -0.00172363 -0.00323738 -0.00520213 -0.00628215 -0.00678557 -0.00693023 -0.00595019 -0.00384632 -0.00194821 -0.00117649 -0.001374 -0.00228062 -0.00392685 -0.00620552 -0.00854135 -0.0100296 -0.01016 -0.00920055 -0.00794449 -0.0076778 -0.00942187 -0.0123463 -0.0142383 -0.0142395 -0.0138902 -0.0143934 -0.0142007 -0.0112955 
0.0065136 0.00809003 0.00625902 0.00192087 -0.00306736 -0.00713336 -0.00966184 -0.010192 -0.00848875 -0.00562398 -0.00316718 -0.00170547 -0.00118163 -0.00175598 -0.00355566 -0.00622868 -0.00900912 -0.0109743 -0.0115639 -0.0108758 -0.00961893 -0.00915708 -0.0104095 -0.0121299 -0.0118721 -0.00911655 -0.00596054 -0.00387716 -0.00152181 0.00245253 
0.0178367 0.0165467 0.0126047 0.00682355 0.000162948 -0.00610202 -0.01037 -0.0112097 -0.0088421 -0.00544623 -0.00284797 -0.00132284 -0.00076231 -0.00140552 -0.00335198 -0.00620058 -0.00916724 -0.0113561 -0.0121852 -0.0116025 -0.0102196 -0.00934061 -0.00949494 -0.00885343 -0.00498997 0.0017022 0.00803307 0.0118697 0.0142483 0.0165512 
0.0209765 0.017831 0.0139417 0.00928566 0.00315605 -0.00394851 -0.0093456 -0.0103483 -0.00733651 -0.00335721 -0.000689011 0.000330271 3.43405e-05 -0.00131308 -0.00355423 -0.00643875 -0.00931436 -0.0112991 -0.011799 -0.0106493 -0.00839775 -0.00646937 -0.00534469 -0.00280744 0.00369947 0.0131853 0.0213903 0.025093 0.0249089 0.0232321 
0.018408 0.0143864 0.0115672 0.00927055 0.00484432 -0.00224966 -0.00821265 -0.00908964 -0.0052547 -0.000368406 0.00258251 0.00279567 0.000991089 -0.00161787 -0.00443128 -0.00740484 -0.010054 -0.0114427 -0.0109071 -0.00823347 -0.00413623 -0.000660295 0.00117021 0.00375568 0.0101645 0.0196246 0.0276652 0.030365 0.0278163 0.0230833 
0.0166517 0.0117074 0.00891804 0.00786479 0.00455788 -0.00229819 -0.00810821 -0.0082649 -0.0032476 0.00289921 0.0063505 0.00561243 0.00191039 -0.00235992 -0.00601485 -0.00917307 -0.01155 -0.0120829 -0.00990279 -0.0049217 0.00148795 0.0062716 0.00783349 0.00897305 0.0134539 0.0209938 0.0276585 0.0297686 0.0270558 0.0220661 
0.0166527 0.0106076 0.00688858 0.00550986 0.00218558 -0.00423836 -0.00887178 -0.00746804 -0.000910835 0.00658127 0.0104904 0.00869408 0.00298593 -0.00305759 -0.00764135 -0.0109923 -0.0130544 -0.0126081 -0.0085293 -0.00114657 0.00711399 0.0124096 0.013333 0.0135448 0.0171436 0.0234231 0.0285249 0.029628 0.0269324 0.022358 
0.0157321 0.00868937 0.00468534 0.00300436 -0.000555742 -0.00619842 -0.00900706 -0.00571413 0.00221874 0.0105649 0.0145231 0.0117139 0.00441576 -0.00303418 -0.00843598 -0.0120017 -0.0137952 -0.0124868 -0.00684616 0.00220114 0.0112691 0.0163717 0.0170857 0.0182117 0.0236684 0.0310625 0.0353637 0.0344182 0.0295961 0.0231175 
0.0153353 0.00718299 0.00389732 0.00270879 -0.000908801 -0.00594129 -0.00730869 -0.00267382 0.00591688 0.0142769 0.0177846 0.0142752 0.00620905 -0.00206759 -0.00822314 -0.0121883 -0.0139403 -0.0121961 -0.00587999 0.00359232 0.0124077 0.0169436 0.0178684 0.0209714 0.0298906 0.0403781 0.0457458 0.0437727 0.0363273 0.0260888 
0.020201 0.0111959 0.00868881 0.00751966 0.00264545 -0.00335421 -0.00453768 0.000825746 0.00976782 0.0177343 0.0204802 0.0164583 0.00808233 -0.000827865 -0.00789201 -0.0124807 -0.0143327 -0.012423 -0.00614189 0.00275548 0.0106301 0.0145586 0.015836 0.0203663 0.0315014 0.0445988 0.0526797 0.0529651 0.0460064 0.0337233 
0.0315291 0.0225295 0.0197596 0.0165766 0.0081624 -0.000734228 -0.00260138 0.00380198 0.0138258 0.0216628 0.0232962 0.0182421 0.00917592 -0.000578701 -0.00862498 -0.0137467 -0.0153694 -0.0128556 -0.00639483 0.00186636 0.00886847 0.0127071 0.0147054 0.0194054 0.0295149 0.0421682 0.0525838 0.057656 0.0552135 0.0449428 
0.0456956 0.0366402 0.0310711 0.0231745 0.0102075 -0.00102679 -0.00237028 0.0063352 0.0184184 0.0264287 0.0264253 0.0193887 0.00892477 -0.00179934 -0.010567 -0.0158313 -0.0166903 -0.0129045 -0.00563099 0.00258793 0.00946074 0.0141116 0.0173976 0.0215652 0.0283285 0.0376212 0.0483045 0.0578289 0.0616133 0.0564664 
0.0597337 0.0498328 0.0382345 0.0230065 0.00612316 -0.00441264 -0.00259805 0.00927921 0.0232539 0.0312675 0.0295801 0.0203626 0.0082737 -0.00340453 -0.0127123 -0.0179948 -0.0181097 -0.0131969 -0.0052167 0.00322004 0.0106103 0.0164857 0.0208137 0.0240695 0.0273932 0.0327685 0.0420456 0.0542831 0.0642681 0.0661251 
0.071885 0.0612724 0.0423439 0.0188757 -0.000730648 -0.00798519 -0.0015291 0.0128059 0.0271845 0.034833 0.0323983 0.022025 0.00864209 -0.00413345 -0.0142333 -0.0199232 -0.0200239 -0.0150164 -0.0072452 0.00108916 0.00914513 0.0158386 0.0196497 0.0205874 0.0206811 0.0230754 0.0309599 0.0453145 0.0618043 0.0722726 
0.0773547 0.0658979 0.0411349 0.0120363 -0.00787749 -0.0105913 0.000171627 0.0154976 0.0290178 0.0363764 0.03442 0.0240362 0.00970833 -0.00427577 -0.0153258 -0.0217439 -0.0225235 -0.018292 -0.0113351 -0.00325456 0.00548981 0.0124739 0.0141312 0.0108288 0.00710242 0.00744249 0.0150861 0.0319583 0.0545377 0.0727033 
0.0724014 0.0580283 0.0298039 -3.64599e-05 -0.0166727 -0.0143011 -0.00038954 0.0150939 0.0279185 0.0356031 0.034584 0.0243971 0.00938579 -0.00525648 -0.0166016 -0.0233672 -0.0247577 -0.0211444 -0.0144798 -0.00611055 0.00342701 0.0104817 0.00974912 0.00209304 -0.00510405 -0.00573468 0.00275867 0.0216385 0.04713 0.0677703 
0.0604319 0.0410133 0.0110448 -0.0157114 -0.0266627 -0.0198348 -0.00453386 0.0105385 0.0232713 0.0316738 0.0313299 0.0212946 0.00642307 -0.00753789 -0.0179679 -0.0242517 -0.0256013 -0.0217354 -0.014219 -0.00474818 0.00556518 0.0125627 0.0104452 0.000504784 -0.00816601 -0.00847015 0.00107408 0.0200683 0.0439247 0.0609955 
0.0470606 0.0229955 -0.00705166 -0.0289458 -0.0340433 -0.0246725 -0.010284 0.00322232 0.0155283 0.0243428 0.0246459 0.0156457 0.00241857 -0.00962183 -0.0184789 -0.0238843 -0.0247441 -0.0200591 -0.0111555 -0.000423119 0.0103297 0.0172213 0.0150588 0.0052611 -0.00295048 -0.00245739 0.00717067 0.0240467 0.0432556 0.0540912 
0.0348287 0.00858211 -0.0194359 -0.0357984 -0.0362739 -0.0266894 -0.0151747 -0.00431178 0.00684485 0.0156716 0.0171031 0.0103573 -0.000220472 -0.0101555 -0.0177599 -0.0224828 -0.0227991 -0.0174046 -0.00772376 0.00329597 0.0136861 0.0205413 0.0195556 0.011539 0.00459091 0.00529701 0.0135371 0.026888 0.0409674 0.046399 
0.0279389 0.00239006 -0.0228093 -0.035307 -0.0342388 -0.0268807 -0.0189679 -0.0104997 -0.000329095 0.00851159 0.0111771 0.00668906 -0.00159469 -0.00999087 -0.0167392 -0.0207511 -0.0203228 -0.0145139 -0.00520573 0.00451393 0.0133571 0.0199199 0.0205553 0.0147455 0.00887213 0.00895735 0.0149843 0.0250766 0.0362176 0.0400377 
0.0364889 0.0145662 -0.01029 -0.0252835 -0.0291823 -0.0272007 -0.0222881 -0.0141912 -0.00365492 0.00524 0.00804651 0.00419081 -0.0031498 -0.010594 -0.016359 -0.0191785 -0.0176425 -0.0115611 -0.00331309 0.00418164 0.0106345 0.0161506 0.0175885 0.0130975 0.00743242 0.00624978 0.0102129 0.0191246 0.0324325 0.0421676 
0.0760876 0.0582765 0.02639 -0.00180071 -0.019327 -0.0262652 -0.0234524 -0.013343 -0.00100914 0.00760248 0.00885954 0.00359235 -0.00432847 -0.0115022 -0.0163503 -0.0179435 -0.0154575 -0.0092373 -0.00180914 0.00402605 0.00841763 0.0123967 0.0134911 0.00928977 0.0033444 0.00103083 0.00437726 0.0164388 0.0403725 0.0670463 
0.166645 0.145554 0.0914558 0.0368957 -0.00106453 -0.0190439 -0.0187928 -0.0070225 0.00656719 0.0142646 0.0133527 0.00602177 -0.00322372 -0.0109003 -0.0156037 -0.016825 -0.0141838 -0.00810002 -0.000932801 0.00441557 0.00780294 0.0105444 0.0111023 0.00742183 0.00232118 0.000974119 0.00779831 0.0312721 0.0791367 0.136908 
0.311695 0.273552 0.17804 0.0854631 0.0251421 -0.00298331 -0.00705511 0.00249303 0.0143455 0.0204328 0.0182256 0.0098959 -0.000209371 -0.00858977 -0.013781 -0.0154117 -0.0132446 -0.00759142 -0.000634853 0.00455338 0.00735868 0.00922323 0.0097406 0.00766022 0.00543587 0.00851122 0.0249224 0.0703692 0.157105 0.259504 
0.455393 0.393497 0.253305 0.125301 0.0491372 0.0157651 0.00714167 0.0109294 0.0180787 0.0218521 0.0192676 0.0114062 0.00172435 -0.00660409 -0.0119797 -0.0139268 -0.0122222 -0.00708622 -0.000574486 0.00410066 0.00601305 0.00700405 0.00785917 0.00784394 0.00912083 0.01826 0.0473274 0.117751 0.243745 0.387237 
