0.306619 0.257577 0.169281 0.0962214 0.0588222 0.0431076 0.0283106 0.00790015 -0.00948527 -0.0158288 -0.0140854 -0.0119942 -0.0129813 -0.0151014 -0.0151682 -0.0119213 -0.00619533 0.000317172 0.00600489 0.0098256 0.0127353 0.0187698 0.0309686 0.0454369 0.0543931 0.0576884 0.0701411 0.114132 0.19502 0.278245 
0.31484 0.264401 0.169433 0.0899811 0.0514065 0.0397156 0.0304311 0.0135234 -0.0032433 -0.0106595 -0.0104727 -0.0101549 -0.012947 -0.0164302 -0.0174548 -0.0152209 -0.0104744 -0.00421946 0.00222166 0.00743224 0.0121661 0.0201993 0.0332706 0.0464657 0.0530366 0.0545074 0.066201 0.110617 0.194114 0.282365 
0.234622 0.197751 0.125478 0.0673271 0.0446424 0.0433576 0.0394639 0.0235959 0.00482869 -0.00568832 -0.00817776 -0.00980022 -0.0138604 -0.0179269 -0.0194102 -0.0183423 -0.0155133 -0.0110674 -0.00540302 0.000326236 0.00604463 0.013544 0.0233248 0.0325188 0.0376417 0.0392602 0.0468221 0.0774629 0.138843 0.207023 
0.120147 0.0982908 0.0592963 0.0349993 0.0359138 0.0466149 0.0467999 0.0310652 0.0103673 -0.00309449 -0.0081808 -0.0111744 -0.0153583 -0.0188631 -0.0200476 -0.0196882 -0.0186214 -0.0165016 -0.0129722 -0.00852164 -0.00369646 0.00144555 0.00705232 0.0134628 0.019756 0.023114 0.025284 0.0374702 0.0682715 0.105389 
0.0325373 0.0200098 0.00722771 0.0106633 0.0299499 0.0482814 0.0500188 0.0343362 0.0130758 -0.00215892 -0.00936793 -0.0133412 -0.0170173 -0.019403 -0.0198759 -0.0195671 -0.0192098 -0.018405 -0.016628 -0.0139167 -0.0109287 -0.00845825 -0.00534254 0.00176504 0.0122808 0.0186421 0.0165477 0.0139048 0.020264 0.0311792 
-0.00573324 -0.0126991 -0.0123435 0.00299306 0.0282512 0.0476546 0.0491917 0.0345062 0.0145551 -0.000932811 -0.0096369 -0.0146368 -0.0181539 -0.0198346 -0.0197232 -0.0189143 -0.017942 -0.0165915 -0.0146799 -0.0124412 -0.010785 -0.010282 -0.007836 0.00199285 0.0173928 0.0267464 0.02236 0.0108447 0.00299089 -0.000495878 
-0.00784568 -0.00977148 -0.00687433 0.00564204 0.0252595 0.0405547 0.0418324 0.0302251 0.0139236 0.000117391 -0.00886933 -0.0145653 -0.0182975 -0.0198433 -0.0193614 -0.0176809 -0.0151953 -0.0119511 -0.00831419 -0.00524362 -0.0042128 -0.00518115 -0.00313341 0.00843831 0.0265104 0.0375008 0.0322602 0.0165252 0.00256619 -0.0045169 
0.00207046 0.00583865 0.00728249 0.0107055 0.0190683 0.0272372 0.02805 0.0208162 0.00973313 -0.000914186 -0.00894022 -0.0145291 -0.0181026 -0.0193066 -0.0182321 -0.0155122 -0.0115175 -0.00650303 -0.00128788 0.00234289 0.00222104 -0.00106882 -0.00114451 0.00913646 0.0268411 0.0385219 0.0342081 0.0180988 0.00332954 -0.0012827 
0.00819618 0.0171471 0.0182909 0.0146849 0.0127355 0.0131138 0.0124987 0.00912044 0.00306949 -0.0043366 -0.0110916 -0.0160914 -0.0188319 -0.0189216 -0.0167005 -0.0129199 -0.00803323 -0.00240838 0.00294688 0.00577878 0.0034422 -0.00327977 -0.0074976 -0.00146488 0.0136422 0.0262178 0.0254737 0.0127571 0.000208319 -0.0010473 
0.00776897 0.0190867 0.0214708 0.0158476 0.00848259 0.00343361 0.00138479 0.000566314 -0.00207458 -0.00753876 -0.0138448 -0.018633 -0.0204961 -0.0191885 -0.015632 -0.0109322 -0.0056961 -0.00038322 0.00406336 0.00556142 0.00154993 -0.00739381 -0.0150546 -0.0137169 -0.00228716 0.0105495 0.0139427 0.00613511 -0.00338056 -0.00319717 
0.00679671 0.0171524 0.0208998 0.0175629 0.0107439 0.00452101 0.00182823 0.00155814 -0.000566539 -0.00647135 -0.0139322 -0.0196014 -0.0214194 -0.0193968 -0.0150621 -0.00987783 -0.00461563 0.000162158 0.00370802 0.00457994 0.00087659 -0.00699561 -0.0142324 -0.0146077 -0.00651673 0.0039809 0.00806482 0.00332321 -0.00331814 -0.00263688 
0.0129982 0.0206718 0.0250987 0.0262971 0.0242425 0.0199875 0.0164103 0.0137124 0.00866309 -0.000191784 -0.0103389 -0.0179377 -0.0206765 -0.0188762 -0.0145297 -0.00939936 -0.00441389 -0.000154811 0.00287741 0.00385252 0.00169002 -0.00281289 -0.00585287 -0.00385088 0.00247587 0.00818067 0.00867403 0.00466456 0.00186818 0.00504083 
0.0275371 0.0320205 0.035318 0.0398445 0.04284 0.0411438 0.0359648 0.0290292 0.0195069 0.00701284 -0.00595267 -0.0155281 -0.0194139 -0.0181935 -0.0141635 -0.00936077 -0.00483286 -0.000984402 0.00195236 0.00333375 0.0024838 0.000943675 0.00252609 0.00853351 0.014816 0.0161529 0.0123791 0.00891793 0.0113891 0.0194822 
0.0419642 0.0432636 0.0431206 0.0470506 0.0521596 0.0523116 0.0463152 0.0365788 0.0244228 0.0102408 -0.00391443 -0.0144123 -0.0189086 -0.0180289 -0.0142295 -0.00976062 -0.00562972 -0.0018548 0.00153668 0.00360717 0.00344441 0.00299967 0.00660396 0.0148286 0.0217133 0.0216715 0.016812 0.0150235 0.0217107 0.0336004 
0.0464327 0.0457349 0.0418989 0.0422968 0.0464096 0.047694 0.0428169 0.033574 0.0221417 0.00904124 -0.00433568 -0.0145885 -0.0190892 -0.0182276 -0.0145148 -0.0103185 -0.00642432 -0.00240114 0.00177575 0.0046964 0.00499111 0.0044274 0.00735885 0.0147052 0.0213327 0.0225516 0.0203049 0.0207896 0.0279426 0.0390656 
0.0396493 0.0394885 0.0347496 0.0320679 0.0338179 0.0352832 0.0323055 0.0254484 0.0165152 0.0057993 -0.00578207 -0.0150667 -0.0192054 -0.0182576 -0.0146218 -0.0106337 -0.00685796 -0.00261768 0.00202271 0.00539902 0.00603597 0.00528143 0.00668841 0.0115241 0.0169696 0.0203394 0.0221238 0.0241379 0.0279916 0.0342089 
0.0277611 0.0306635 0.028541 0.025268 0.0250179 0.025758 0.0237962 0.0186407 0.0114214 0.00252691 -0.00718252 -0.0150519 -0.0185519 -0.017564 -0.0141265 -0.0103404 -0.00671155 -0.00263214 0.0017393 0.00484411 0.00551021 0.00485464 0.00547623 0.00867468 0.0135696 0.0188703 0.0232064 0.0245273 0.0231747 0.0236021 
0.0167804 0.0232098 0.0248156 0.0227175 0.0219223 0.0225201 0.0211656 0.0164216 0.00923481 0.000832723 -0.00754384 -0.013965 -0.0167368 -0.0158197 -0.0127803 -0.00934609 -0.00607502 -0.00258759 0.000975964 0.00340417 0.0039572 0.0037906 0.00498054 0.00864931 0.0144272 0.0207612 0.0246764 0.0228634 0.0164585 0.0128068 
0.00882336 0.0164921 0.0196871 0.0183036 0.0181141 0.0203083 0.0207745 0.0167331 0.00921529 0.000650283 -0.00700943 -0.0122946 -0.014358 -0.0134815 -0.0109301 -0.00804536 -0.00537936 -0.00273705 -0.000147051 0.00163448 0.00231118 0.00318123 0.00610969 0.0118345 0.0192912 0.0256425 0.0270959 0.0212993 0.0112222 0.00529976 
0.00278283 0.00887013 0.0106336 0.00797577 0.00774489 0.0120015 0.0155544 0.0139021 0.00758592 -0.000320252 -0.00715909 -0.0113828 -0.0125865 -0.0114647 -0.00925067 -0.00697664 -0.00506095 -0.00335737 -0.00172784 -0.000427972 0.000663587 0.00284363 0.00771136 0.0155544 0.0244239 0.0303972 0.0295174 0.0207514 0.00844212 0.000908512 
-0.00227499 0.00170412 0.00128015 -0.00387969 -0.00610333 -0.00174599 0.00427395 0.00613277 0.00294368 -0.00275956 -0.00807741 -0.0111093 -0.01145 -0.0100022 -0.00801688 -0.00630885 -0.00513484 -0.0043168 -0.00353455 -0.00257507 -0.00101564 0.00213246 0.00789053 0.0161842 0.0249731 0.0304493 0.0288588 0.0193783 0.00636437 -0.0023067 
-0.00469687 -0.00142987 -0.00227781 -0.00881754 -0.0139498 -0.0121925 -0.00623403 -0.00187582 -0.00171276 -0.0046357 -0.00810739 -0.0100789 -0.00999669 -0.00862771 -0.00703279 -0.00584556 -0.00524166 -0.00505275 -0.00487618 -0.00419542 -0.00240806 0.0010278 0.0062475 0.0127337 0.019222 0.0235472 0.0228551 0.0155201 0.00428095 -0.0040054 
-0.00326962 -8.64548e-05 0.000257088 -0.00524347 -0.0118949 -0.0136195 -0.0101368 -0.00577379 -0.00403546 -0.00511777 -0.00712982 -0.00831721 -0.00819085 -0.0072482 -0.00617937 -0.0054278 -0.00515647 -0.00525952 -0.00538464 -0.00497121 -0.00335302 -0.000251278 0.00367993 0.00730526 0.0101802 0.0124476 0.0131061 0.00997446 0.00319277 -0.00272604 
-2.98036e-05 0.00216499 0.00336859 0.000211943 -0.00566637 -0.0094045 -0.0088152 -0.00625512 -0.00492757 -0.00550012 -0.00661782 -0.00710713 -0.00682504 -0.00613631 -0.00540024 -0.0048925 -0.00478326 -0.00500242 -0.00524171 -0.00506116 -0.00390435 -0.00153371 0.00117057 0.00268054 0.00276395 0.00301819 0.0043842 0.00514581 0.00337376 0.000521193 
0.0013521 0.0017701 0.00255563 0.00126166 -0.00256567 -0.00619951 -0.00723577 -0.00652307 -0.00621854 -0.00677072 -0.00716884 -0.00682405 -0.00601454 -0.00514586 -0.00440715 -0.00396228 -0.00398064 -0.00437611 -0.00477726 -0.00482165 -0.00419893 -0.00272455 -0.000964823 -0.000209664 -0.000894607 -0.00151302 -0.000332282 0.00196869 0.00305704 0.00227577 
-0.00114951 -0.00217799 -0.00240485 -0.00284535 -0.00467771 -0.00709743 -0.00842487 -0.00859905 -0.00867011 -0.00877551 -0.00822759 -0.00687656 -0.00528972 -0.00397183 -0.0030738 -0.00267974 -0.00290289 -0.00360315 -0.00430384 -0.00461234 -0.00445568 -0.00384741 -0.00294849 -0.00235897 -0.00259759 -0.00310604 -0.00264632 -0.00109913 0.00017197 4.95633e-05 
-0.00578317 -0.00742233 -0.00835398 -0.00851209 -0.00902432 -0.0102639 -0.0112968 -0.0115212 -0.0112046 -0.0104207 -0.00885924 -0.00662008 -0.00434556 -0.00260571 -0.00159312 -0.00133306 -0.00181798 -0.0028323 -0.00385793 -0.00445531 -0.00466212 -0.00471417 -0.00459994 -0.0043051 -0.00415212 -0.00435121 -0.00457311 -0.00447164 -0.00425572 -0.00455082 
-0.00904549 -0.0107252 -0.0118154 -0.0118452 -0.0116683 -0.0120739 -0.0126127 -0.0125229 -0.0116987 -0.0102537 -0.00815059 -0.00556136 -0.00303242 -0.00112164 -9.4531e-05 2.73998e-05 -0.000652574 -0.00188089 -0.00319459 -0.00414831 -0.00473053 -0.00523647 -0.00566425 -0.00574768 -0.00556154 -0.00552904 -0.00588913 -0.00649634 -0.00709001 -0.00778514 
-0.00906707 -0.0106864 -0.0117452 -0.0117884 -0.0113462 -0.011124 -0.0110213 -0.0105442 -0.00953309 -0.00802561 -0.00603032 -0.00368999 -0.00138701 0.000417278 0.00140559 0.00149276 0.000773659 -0.000544371 -0.00211617 -0.00352137 -0.00459618 -0.00549053 -0.00619526 -0.00645841 -0.00626518 -0.00594156 -0.00583369 -0.00610801 -0.00672622 -0.00767064 
-0.00635365 -0.0080619 -0.00930557 -0.00966855 -0.00934402 -0.00878064 -0.00814878 -0.00738345 -0.00639579 -0.00508174 -0.00341478 -0.00151672 0.000387662 0.00198469 0.00294773 0.00309973 0.00245782 0.0011487 -0.000595765 -0.0024022 -0.0039634 -0.00519219 -0.00597821 -0.00615307 -0.00578398 -0.00511188 -0.00436217 -0.0038625 -0.00397614 -0.00484723 
-0.0031497 -0.00486421 -0.00634018 -0.00713345 -0.00719366 -0.00674253 -0.00602953 -0.00519282 -0.00416559 -0.0028176 -0.00121966 0.000454673 0.00210602 0.00357271 0.00454731 0.00477223 0.00419081 0.00289149 0.00105198 -0.00101267 -0.00293206 -0.0044207 -0.0052393 -0.0053014 -0.00482765 -0.00403437 -0.00295485 -0.0018675 -0.00136268 -0.00182259 
-0.00209193 -0.00332802 -0.00462283 -0.00555183 -0.00594868 -0.00585654 -0.00539001 -0.00459608 -0.00336516 -0.00168989 0.000143496 0.00188054 0.00350876 0.00497476 0.00598888 0.00623514 0.00561152 0.00421352 0.00222034 -9.36832e-05 -0.00235294 -0.00416354 -0.00520973 -0.00548372 -0.00531744 -0.00485979 -0.00391471 -0.00260953 -0.0015939 -0.00140581 
-0.00453861 -0.00483598 -0.00549896 -0.00620486 -0.00664894 -0.00667769 -0.00625517 -0.00531144 -0.00371426 -0.00160276 0.000576189 0.00254173 0.00432511 0.00590018 0.00696995 0.00718845 0.00643657 0.00482096 0.00253346 -0.000152488 -0.00285557 -0.00516168 -0.00675232 -0.00764336 -0.00816778 -0.00838894 -0.00793394 -0.00678149 -0.00554744 -0.00476265 
-0.0100299 -0.00927482 -0.00908212 -0.00930114 -0.00943527 -0.00911785 -0.00827957 -0.0068831 -0.00483154 -0.00232352 0.00018204 0.00244396 0.0044923 0.00624909 0.00737718 0.00753143 0.00661148 0.00472364 0.00204864 -0.00111458 -0.0043563 -0.00730653 -0.00968223 -0.0114148 -0.0127428 -0.0137254 -0.013944 -0.013251 -0.0121572 -0.0110652 
-0.0166189 -0.0149161 -0.0137801 -0.0132978 -0.0128931 -0.0120184 -0.0105817 -0.00865382 -0.00622492 -0.00346072 -0.000709157 0.00184334 0.00417908 0.0061247 0.00727889 0.0073116 0.00617524 0.00398794 0.000902815 -0.00276883 -0.00659211 -0.0102576 -0.0134993 -0.0160815 -0.0181226 -0.0197688 -0.0206432 -0.0204554 -0.0195647 -0.0182832 
-0.0221196 -0.0196812 -0.0177336 -0.0165744 -0.0156914 -0.0143809 -0.0124427 -0.0100676 -0.00739571 -0.00451817 -0.00161368 0.0011572 0.00369596 0.00574644 0.00684899 0.00667336 0.00523461 0.00271433 -0.000734914 -0.00483592 -0.00917585 -0.0134908 -0.0174948 -0.0207556 -0.0232721 -0.0253501 -0.0267206 -0.0268879 -0.0259817 -0.0243469 
-0.0253824 -0.0226012 -0.0202919 -0.0188139 -0.0177085 -0.0161186 -0.0137358 -0.0109428 -0.00809059 -0.00518394 -0.00223238 0.00060706 0.0031828 0.00522186 0.00622358 0.0058084 0.00403637 0.00122276 -0.00242858 -0.00674355 -0.011411 -0.0161838 -0.0207111 -0.0243535 -0.0269841 -0.0291396 -0.0307647 -0.0311332 -0.0300684 -0.0280135 
-0.0262033 -0.0236659 -0.0216766 -0.0204497 -0.0194082 -0.0175624 -0.0146683 -0.0114587 -0.00850907 -0.00569903 -0.00287581 -0.000165301 0.00231094 0.00431822 0.00530095 0.00477359 0.00281142 -0.000104295 -0.00368953 -0.00792516 -0.0126585 -0.0176038 -0.0222763 -0.0258735 -0.0282085 -0.030072 -0.0316706 -0.0321292 -0.0310061 -0.0288113 
-0.025162 -0.0235443 -0.0226342 -0.0222707 -0.0215135 -0.0192994 -0.0157533 -0.0121457 -0.00923062 -0.00668617 -0.00416605 -0.0016944 0.000699367 0.00280231 0.00396488 0.00358025 0.00171613 -0.00101841 -0.00425918 -0.00810754 -0.0125488 -0.0172217 -0.0214944 -0.0245458 -0.0262783 -0.0276724 -0.0291486 -0.0298133 -0.0290041 -0.0271762 
-0.0229688 -0.0227947 -0.0235196 -0.0244681 -0.024169 -0.0215109 -0.0172255 -0.0132449 -0.0104541 -0.00827975 -0.00612975 -0.0038621 -0.00141636 0.000956199 0.00248605 0.00247284 0.000969499 -0.0013534 -0.00404917 -0.00722987 -0.0109622 -0.0148849 -0.0183509 -0.0206547 -0.0217865 -0.0227451 -0.0241465 -0.0252308 -0.025077 -0.0239705 
-0.0195756 -0.0209462 -0.0234208 -0.0258746 -0.0262462 -0.0232819 -0.0183493 -0.0141049 -0.0115988 -0.00995891 -0.00823674 -0.00611002 -0.00351133 -0.000784981 0.00118493 0.00163244 0.000588956 -0.00125547 -0.00334906 -0.00570648 -0.00845029 -0.0114038 -0.0141378 -0.0160265 -0.0168058 -0.0172207 -0.0182003 -0.0194233 -0.0198282 -0.0194717 
-0.0151877 -0.0178845 -0.0219116 -0.0257799 -0.0268214 -0.023638 -0.0182232 -0.013965 -0.0120912 -0.0113028 -0.0101376 -0.00814937 -0.00541715 -0.00242014 -0.000106343 0.000731281 8.45889e-05 -0.00137912 -0.00299322 -0.0045897 -0.00630404 -0.00829614 -0.0105575 -0.0124079 -0.0129305 -0.0124477 -0.0123567 -0.0130786 -0.0137124 -0.0140597 
-0.01164 -0.015372 -0.0204019 -0.0249229 -0.0259319 -0.0222891 -0.0166804 -0.0129358 -0.012122 -0.0123374 -0.011669 -0.00975747 -0.00698855 -0.0039684 -0.00158427 -0.000558643 -0.000951088 -0.00219431 -0.00354958 -0.00460336 -0.0053986 -0.00643857 -0.00821215 -0.00994791 -0.0100498 -0.00854618 -0.00731595 -0.00743226 -0.00828631 -0.00947919 
-0.011464 -0.0156883 -0.0202609 -0.023546 -0.0231383 -0.0188136 -0.0137793 -0.0115065 -0.0121659 -0.0131684 -0.0125829 -0.0105219 -0.00778377 -0.00501625 -0.00288788 -0.00193276 -0.00223838 -0.00338161 -0.0046241 -0.00534525 -0.0054541 -0.00569389 -0.00693735 -0.00833085 -0.00781318 -0.00537818 -0.00345131 -0.00360337 -0.00536394 -0.00802092 
-0.0148058 -0.0185004 -0.0204115 -0.0201544 -0.0172136 -0.0126482 -0.00943921 -0.00961953 -0.0119437 -0.0134003 -0.0125539 -0.0102254 -0.00759966 -0.00527873 -0.00363841 -0.00296924 -0.00333153 -0.00441194 -0.00554546 -0.0060723 -0.00585332 -0.00572659 -0.00668946 -0.00771373 -0.00633229 -0.00264147 -1.49166e-05 -0.000886335 -0.00470006 -0.00982685 
-0.0180322 -0.0198611 -0.0174025 -0.0125365 -0.00741675 -0.00407557 -0.00402489 -0.00695509 -0.0104997 -0.0120857 -0.0111382 -0.00895155 -0.00680684 -0.0051753 -0.00416916 -0.00386799 -0.00429973 -0.00524484 -0.00615513 -0.00643783 -0.00597526 -0.00565797 -0.00648648 -0.00713006 -0.00458885 0.000922049 0.00465092 0.00278863 -0.00384778 -0.0119259 
-0.0161661 -0.0149957 -0.00803453 0.000384251 0.00564073 0.00557512 0.00141912 -0.00370932 -0.00728615 -0.00847181 -0.00789934 -0.00681322 -0.00599733 -0.00554382 -0.00533067 -0.00535419 -0.00572685 -0.00636538 -0.00676694 -0.00627793 -0.00478801 -0.00345444 -0.00353264 -0.00346097 0.000249017 0.00727545 0.0117748 0.0088375 -0.000301823 -0.0103738 
-0.00643098 -0.00268858 0.00664493 0.0160236 0.0192534 0.0145322 0.00618879 -1.26531e-05 -0.00225631 -0.0023938 -0.00260074 -0.00370279 -0.00534713 -0.00681168 -0.00768959 -0.00807032 -0.00831981 -0.00849701 -0.00794376 -0.00570745 -0.00169396 0.00230212 0.00424871 0.00548215 0.00960013 0.0164185 0.0203395 0.0166349 0.00695467 -0.00256208 
0.00984851 0.0131517 0.0208377 0.0286446 0.029775 0.0220315 0.0113764 0.00528939 0.00488127 0.00588028 0.0045844 0.000585607 -0.00436854 -0.00842592 -0.0107958 -0.0117432 -0.0119718 -0.0116495 -0.00980698 -0.00508119 0.00250584 0.010207 0.0146933 0.0165473 0.0194545 0.0242305 0.0270034 0.0242868 0.0176017 0.0116638 
0.02755 0.026869 0.0295609 0.034697 0.0355989 0.0283255 0.0179776 0.0124695 0.0130163 0.0143363 0.0117564 0.00504646 -0.00301886 -0.00962933 -0.0135867 -0.015227 -0.0155224 -0.0147701 -0.0117842 -0.00489398 0.00572138 0.0163389 0.0220793 0.0226257 0.0226182 0.0252096 0.0286275 0.030047 0.0296429 0.0287926 
0.0388953 0.0339221 0.0321084 0.0355063 0.0377594 0.0328033 0.0236698 0.0180702 0.0180991 0.0188244 0.0153 0.00717905 -0.00253582 -0.0106912 -0.0157685 -0.0179318 -0.0182214 -0.0171498 -0.0136732 -0.00607013 0.00554538 0.0170043 0.0221127 0.0197256 0.016254 0.0180671 0.0247245 0.0321708 0.0380894 0.0409282 
0.0391087 0.0335898 0.0318822 0.0362042 0.0398875 0.0358674 0.0263159 0.0191812 0.0176611 0.0176028 0.0140025 0.00607425 -0.00362398 -0.0121376 -0.0177145 -0.0201134 -0.0202411 -0.0189325 -0.015711 -0.00909856 0.00123261 0.0116364 0.0154452 0.0107927 0.00543262 0.00827718 0.0189475 0.0306843 0.0388861 0.0418825 
0.0346911 0.0332856 0.0364749 0.0436681 0.0470945 0.0406698 0.0280893 0.0181896 0.0147862 0.0140936 0.0108773 0.00380678 -0.00515607 -0.0134534 -0.0192127 -0.0217475 -0.021723 -0.0202694 -0.0176537 -0.0129177 -0.0052094 0.00319093 0.00641761 0.00223105 -0.00179474 0.00363016 0.0170967 0.0294421 0.0355731 0.0365312 
0.0380644 0.0429577 0.051699 0.0601759 0.0599961 0.0480645 0.0311586 0.0186027 0.013505 0.0118143 0.00837033 0.00179606 -0.00638856 -0.0141899 -0.0198988 -0.022588 -0.0226267 -0.021126 -0.0188491 -0.01557 -0.0103251 -0.00376667 0.000142882 -0.000765087 -0.000694973 0.00783305 0.0222047 0.0327513 0.0359882 0.0363561 
0.0519855 0.0620151 0.0725482 0.0777561 0.0708819 0.0530425 0.0334374 0.0199963 0.0136217 0.0100567 0.00537553 -0.00108214 -0.00830937 -0.0151615 -0.02034 -0.0229294 -0.0230614 -0.0215129 -0.0190651 -0.0160804 -0.0118826 -0.00588021 2.50657e-05 0.0038323 0.00871407 0.0194187 0.0328872 0.0409595 0.0427781 0.0451669 
0.0677523 0.0791174 0.0858827 0.0834057 0.0694133 0.0489972 0.0310299 0.0195573 0.0126582 0.00693661 0.000953892 -0.00511179 -0.0112174 -0.0170519 -0.0214497 -0.0235263 -0.0234298 -0.0217133 -0.018848 -0.0151921 -0.0102876 -0.00308556 0.0057469 0.0142182 0.0230746 0.0346517 0.0462187 0.0518331 0.0528424 0.0573054 
0.0772945 0.0857062 0.0846177 0.0726775 0.0536186 0.035129 0.0229512 0.0158251 0.0095479 0.00280992 -0.00305372 -0.00787393 -0.0131232 -0.0188164 -0.0230933 -0.0247543 -0.0241617 -0.0220085 -0.0185024 -0.0135806 -0.00677341 0.00282785 0.014915 0.0273631 0.0391481 0.0509411 0.060577 0.063774 0.0629757 0.066919 
0.0783961 0.0830255 0.0743327 0.0542605 0.0323145 0.0175999 0.0118022 0.00899921 0.00413768 -0.00152386 -0.00492387 -0.00725745 -0.0118848 -0.0185781 -0.0239736 -0.0260131 -0.0251202 -0.0222468 -0.0175769 -0.0108291 -0.00158416 0.0108187 0.0260768 0.0416702 0.0551371 0.0661358 0.0731791 0.0730732 0.0688149 0.0699934 
0.0717736 0.0761614 0.0640543 0.0390197 0.0151813 0.00280653 0.000488621 -0.000200333 -0.00343457 -0.00586802 -0.0046585 -0.00351313 -0.00753644 -0.0158279 -0.0232162 -0.0264895 -0.0258474 -0.0222964 -0.0160482 -0.00699505 0.00483454 0.019627 0.0368256 0.0535492 0.0665996 0.0751899 0.0782444 0.0734276 0.0648082 0.0634776 
0.0610917 0.0681928 0.0568846 0.0305339 0.00565356 -0.00663896 -0.00899536 -0.00972064 -0.0109642 -0.00868647 -0.00221839 0.00199898 -0.00189345 -0.0118495 -0.0211935 -0.0258792 -0.0258444 -0.0218896 -0.0140738 -0.00262056 0.0114599 0.027087 0.0430445 0.0571584 0.0675222 0.0735654 0.0734499 0.0648471 0.0531506 0.0509747 
0.0521584 0.0603998 0.0511603 0.0270928 0.00346346 -0.00970844 -0.0145936 -0.0166341 -0.0155624 -0.00843384 0.00214562 0.00781378 0.00327946 -0.00798454 -0.0184924 -0.0240271 -0.0244085 -0.0200911 -0.0108726 0.00262933 0.0180032 0.0322006 0.0433349 0.0514887 0.0580699 0.0632545 0.063394 0.0548891 0.0433451 0.0415355 
0.0491485 0.0552167 0.0471655 0.0282429 0.00906969 -0.0046075 -0.0137566 -0.0187996 -0.0167087 -0.00636347 0.00650356 0.0124616 0.00722224 -0.0046355 -0.0154313 -0.0211276 -0.0214607 -0.0165902 -0.00621097 0.00854134 0.0237812 0.0346584 0.0393596 0.0410781 0.0446264 0.0504928 0.0531177 0.0477339 0.0395351 0.0396591 
0.0526257 0.056649 0.0497792 0.0372424 0.024105 0.0102553 -0.004493 -0.0153317 -0.0158742 -0.00552748 0.00800054 0.0142877 0.00926886 -0.0022085 -0.0126308 -0.0180631 -0.0180797 -0.0127286 -0.00183089 0.0129494 0.0265596 0.033183 0.0321227 0.0296967 0.0326216 0.0400009 0.0442824 0.0413774 0.0377939 0.0424683 
0.0593761 0.0649452 0.06141 0.0552386 0.0474185 0.0333154 0.0125726 -0.0066349 -0.0142555 -0.00791688 0.00435837 0.0111545 0.00766164 -0.00202292 -0.0110479 -0.0156295 -0.0152258 -0.00990205 0.000473537 0.0140579 0.025145 0.0277209 0.022848 0.0195515 0.0248675 0.0347521 0.039161 0.0361893 0.0357741 0.0457174 
0.0668674 0.0753841 0.0761492 0.0752639 0.0715585 0.0579737 0.0328763 0.00526329 -0.0117435 -0.0125612 -0.00390131 0.00266709 0.00144564 -0.00497286 -0.0111157 -0.0137952 -0.0126359 -0.00780372 0.00107376 0.0125846 0.0210599 0.0208282 0.0146719 0.0133423 0.0229693 0.0360697 0.0405826 0.0368256 0.0376717 0.0504589 
0.0840994 0.0901049 0.0888213 0.0877526 0.0855507 0.0734939 0.0473832 0.0149067 -0.00927571 -0.016841 -0.0126031 -0.00721767 -0.00658262 -0.0094925 -0.0120668 -0.0120634 -0.00960039 -0.0051823 0.00171306 0.010456 0.0164055 0.0151179 0.0105175 0.0129221 0.0261197 0.0409184 0.046495 0.0458497 0.0517384 0.0679876 
0.133979 0.126343 0.106664 0.0917106 0.0836485 0.0718394 0.047851 0.0161415 -0.00924598 -0.0191689 -0.0173562 -0.0132204 -0.011984 -0.012866 -0.0129017 -0.0105644 -0.00651407 -0.0018876 0.00336036 0.00907341 0.0126565 0.0123347 0.0123836 0.0194409 0.0331721 0.0457753 0.0533382 0.0641399 0.0878899 0.117847 
0.223469 0.193157 0.138128 0.0939471 0.0711433 0.057019 0.0371148 0.0106967 -0.0107807 -0.018917 -0.0171819 -0.013961 -0.0134157 -0.0142977 -0.0136857 -0.010252 -0.00489932 0.000667397 0.00550589 0.00922082 0.011498 0.0140619 0.0208431 0.03261 0.0442561 0.0518336 0.0621236 0.0912639 0.145666 0.20273 
