0.457274 0.44182 0.359534 0.256565 0.16851 0.105637 0.0657063 0.0448739 0.0381235 0.0382998 0.0379216 0.0321297 0.0211711 0.0105538 0.00645263 0.00894076 0.0116349 0.00993808 0.00754403 0.0116875 0.0218854 0.0272723 0.0192988 0.00487261 0.00167199 0.0232002 0.0749495 0.160283 0.275038 0.390641 
0.411545 0.389674 0.307763 0.208585 0.124284 0.0649437 0.0300259 0.0160547 0.016149 0.0213975 0.0246866 0.0223622 0.0145793 0.00573608 0.00125091 0.00114047 -0.000255122 -0.00585473 -0.0103602 -0.0064661 0.00449907 0.0117204 0.00698222 -0.00454328 -0.008072 0.0100299 0.0585771 0.141686 0.251277 0.356467 
0.29956 0.275966 0.209464 0.133458 0.0711096 0.0286504 0.00497343 -0.00316616 -0.00149448 0.00375182 0.00813326 0.00840434 0.0030564 -0.00505387 -0.010724 -0.0130955 -0.016371 -0.0221917 -0.025521 -0.0208343 -0.0102365 -0.00269971 -0.00483143 -0.0136194 -0.0183205 -0.00659006 0.0314955 0.0990644 0.185663 0.263911 
0.188639 0.167547 0.121122 0.0736633 0.0385849 0.015992 0.00223397 -0.00522322 -0.00819836 -0.00773958 -0.00521315 -0.0043003 -0.00847926 -0.0161586 -0.0223527 -0.0255217 -0.0284258 -0.0318259 -0.0319056 -0.025589 -0.0156324 -0.00885365 -0.0102462 -0.0187461 -0.0268715 -0.023147 0.0028925 0.0531774 0.116094 0.168967 
0.118595 0.103212 0.0736146 0.0481911 0.0334406 0.0242362 0.0144965 0.00295752 -0.00773743 -0.013904 -0.0148407 -0.0148233 -0.0185634 -0.02538 -0.0309782 -0.0336811 -0.03508 -0.035326 -0.0317895 -0.0231496 -0.0123695 -0.00491256 -0.00530575 -0.0143921 -0.0269626 -0.0317201 -0.0170874 0.0193302 0.0665741 0.105368 
0.0823547 0.0746604 0.0569532 0.0438005 0.0387735 0.0350994 0.0258619 0.0104253 -0.00610386 -0.0173944 -0.021585 -0.0229822 -0.0266619 -0.0326904 -0.0376611 -0.0397844 -0.0395897 -0.0368833 -0.0299177 -0.0180883 -0.00405681 0.00722571 0.0107022 0.00356461 -0.0113502 -0.0238792 -0.0215284 0.000870552 0.0361329 0.0683795 
0.0587127 0.0571576 0.0453931 0.0356504 0.0326407 0.031704 0.0257653 0.0123697 -0.00421064 -0.0170042 -0.0230634 -0.0257438 -0.0297999 -0.0359033 -0.04128 -0.0436759 -0.0426431 -0.0378812 -0.0282087 -0.0130427 0.00547822 0.0225172 0.0323386 0.0305016 0.0170041 -0.000991427 -0.0114739 -0.00539672 0.0164757 0.0428676 
0.0447384 0.0430007 0.0282126 0.0135468 0.00853126 0.0120189 0.0152117 0.0109494 0.000330307 -0.0100731 -0.0160845 -0.0194327 -0.0240574 -0.0309679 -0.0376907 -0.041405 -0.0410589 -0.0364687 -0.0266359 -0.0104587 0.010688 0.0321529 0.0478578 0.0524828 0.0436281 0.0246851 0.00568551 -0.00136193 0.00900885 0.0296966 
0.0499822 0.0400891 0.0129118 -0.0130194 -0.0214669 -0.0116619 0.00328741 0.0104651 0.00801262 0.00216109 -0.00208619 -0.00511322 -0.00992726 -0.0175612 -0.0256722 -0.0311647 -0.0330101 -0.0314795 -0.025479 -0.0127328 0.00684111 0.0292115 0.0482023 0.0583178 0.0560488 0.0418546 0.0232107 0.013054 0.020118 0.0385528 
0.0729712 0.0509319 0.0079289 -0.0300486 -0.0412109 -0.0257272 -0.00207021 0.0127463 0.0159804 0.0140559 0.0119975 0.00989204 0.00549192 -0.00205335 -0.010618 -0.017314 -0.0216726 -0.0247464 -0.0253019 -0.019343 -0.00453888 0.016107 0.0362013 0.0501892 0.05451 0.0482939 0.0371897 0.0335425 0.0458335 0.0661659 
0.0977006 0.0665898 0.0127069 -0.0325533 -0.0449922 -0.0269911 -0.000521741 0.016174 0.0209159 0.0202953 0.0189112 0.0170785 0.0133915 0.00717251 -0.000179601 -0.00661254 -0.0124094 -0.0193109 -0.0258962 -0.0264169 -0.0162499 0.00251652 0.0228466 0.038612 0.046514 0.0461046 0.0430687 0.0489209 0.0696798 0.0939067 
0.109453 0.07741 0.0219483 -0.0247209 -0.0384567 -0.0220386 0.00284656 0.0184613 0.0222907 0.0201399 0.0166401 0.0134056 0.0104483 0.00697742 0.00276257 -0.00172351 -0.00742321 -0.0161189 -0.0259253 -0.029926 -0.0222025 -0.00454457 0.0150973 0.0295708 0.0358633 0.0354577 0.035986 0.0485461 0.0761817 0.104614 
0.103949 0.0794838 0.0310403 -0.012882 -0.0289918 -0.0169713 0.00522487 0.020204 0.0228247 0.0171514 0.00908268 0.00312731 0.00111801 0.00154286 0.0017435 0.000153734 -0.00456913 -0.0134201 -0.0236936 -0.0282572 -0.0214442 -0.00538109 0.0115246 0.0215506 0.0221565 0.0171809 0.0165719 0.0311184 0.0618006 0.0937367 
0.0840112 0.0716962 0.035627 -0.00220325 -0.0197791 -0.0117198 0.00905288 0.0246458 0.0260775 0.0159126 0.00259019 -0.00585744 -0.00639886 -0.0020427 0.00210641 0.00284795 -0.00111182 -0.0094619 -0.0185614 -0.021995 -0.0157607 -0.00272442 0.00930259 0.0133567 0.0076594 -0.00263822 -0.00680482 0.00526671 0.0342034 0.0671307 
0.0564488 0.0543373 0.0311524 0.00235004 -0.0125006 -0.00462554 0.0167669 0.0332205 0.0331135 0.0188436 0.00169641 -0.00779222 -0.00681603 -0.000235912 0.00542438 0.00657819 0.00250422 -0.00522021 -0.0122645 -0.0134622 -0.00720923 0.00260953 0.00946503 0.00828671 -0.00172559 -0.0155249 -0.0234698 -0.0165834 0.00656202 0.0363665 
0.0304227 0.0311268 0.0165066 -0.00197259 -0.00886927 0.00342208 0.0265888 0.0428983 0.0410368 0.0244227 0.00595362 -0.00337674 -0.00201798 0.00396059 0.00816308 0.00780049 0.002911 -0.00416021 -0.00881581 -0.00706076 0.000589855 0.00918218 0.0131879 0.00938772 -0.00209999 -0.0169236 -0.0271941 -0.025265 -0.00922212 0.0136991 
0.0116088 0.00772311 -0.00380603 -0.0125101 -0.00848367 0.0102384 0.0340465 0.0481161 0.0444556 0.0276967 0.0101052 0.00118947 0.00130133 0.00456522 0.00586831 0.00347895 -0.00217941 -0.00863834 -0.0114144 -0.00717214 0.00261917 0.0125145 0.0173504 0.0147043 0.00496346 -0.00836963 -0.0188979 -0.0201263 -0.0104339 0.00369326 
-0.000473114 -0.0110102 -0.0220832 -0.0230163 -0.00962431 0.0131369 0.0343834 0.0440215 0.0387803 0.0238137 0.00880117 0.000627101 -0.00096251 -0.000457702 -0.00133331 -0.00473237 -0.0104362 -0.0163919 -0.0185801 -0.0138669 -0.00328135 0.00849757 0.016692 0.0186358 0.0138121 0.00421002 -0.00522893 -0.0086932 -0.00457497 0.00111719 
-0.00610657 -0.0200061 -0.0306318 -0.0276713 -0.0109974 0.0101439 0.025534 0.0300733 0.0242692 0.0127462 0.00192272 -0.00414967 -0.00610018 -0.00679689 -0.00822272 -0.011262 -0.0161656 -0.0216476 -0.0245771 -0.0219898 -0.013601 -0.00201742 0.00917486 0.016827 0.0185881 0.0140524 0.00635997 0.00103836 0.000724111 0.000830263 
-0.00245234 -0.015341 -0.0255302 -0.0236819 -0.0108495 0.00358123 0.0119526 0.0127587 0.00792965 0.000732812 -0.0050298 -0.00755536 -0.00810722 -0.00855099 -0.00960605 -0.0116525 -0.0152006 -0.0199219 -0.0240209 -0.0250373 -0.0212992 -0.0127707 -0.00109946 0.0104804 0.0177768 0.0179548 0.0124475 0.00670481 0.00482529 0.00403544 
0.00983144 0.00030377 -0.0101956 -0.0128618 -0.00732083 -0.000459751 0.00274309 0.00221656 -0.00068128 -0.00419794 -0.00589385 -0.00517205 -0.00409097 -0.00424623 -0.00523226 -0.00642033 -0.00822604 -0.0113799 -0.0157098 -0.0195956 -0.0204127 -0.0159009 -0.00592995 0.00641199 0.0157715 0.0179681 0.0137974 0.00907954 0.0090065 0.0117112 
0.0239584 0.0182644 0.00719599 -7.34746e-05 -0.000439025 0.00201808 0.00353611 0.00365027 0.00250899 0.000856058 0.000749049 0.00248775 0.00355422 0.00245838 0.000684151 6.97146e-05 0.000382825 -0.000175126 -0.0029611 -0.00722682 -0.0099677 -0.00779486 0.000175503 0.0107412 0.0181377 0.0182776 0.0127825 0.00860704 0.0116704 0.0198078 
0.0333926 0.0310792 0.0202833 0.0106807 0.00782317 0.00949757 0.0117472 0.0130218 0.0127886 0.0114742 0.010938 0.0114322 0.0105755 0.00739854 0.00437981 0.00420503 0.00660285 0.00896435 0.00899744 0.00682782 0.00522023 0.00745283 0.0141411 0.0218356 0.0250777 0.0208188 0.0120842 0.00704035 0.012063 0.0243858 
0.0364622 0.0361703 0.0267653 0.0175133 0.0148365 0.0172242 0.0202534 0.0218958 0.0219091 0.0207464 0.019565 0.0182498 0.0150012 0.009811 0.00583499 0.00589798 0.00947763 0.0137573 0.01638 0.0171468 0.0180165 0.0212923 0.0269863 0.0318567 0.0315279 0.0242656 0.0137346 0.00793393 0.0129017 0.0258908 
0.034634 0.0344733 0.026904 0.0197189 0.0183999 0.0212288 0.0238754 0.0249552 0.0251894 0.024943 0.0241202 0.0219506 0.0173682 0.0113239 0.00709838 0.00703721 0.0103772 0.0147406 0.018414 0.0211436 0.0238902 0.0277582 0.0323048 0.0349962 0.0330362 0.0259796 0.0170561 0.0122132 0.0159209 0.0261267 
0.0290317 0.0278783 0.0219149 0.0171009 0.0171485 0.0198646 0.0215628 0.0219959 0.0227766 0.0239775 0.0243095 0.0225035 0.018136 0.0126823 0.00900425 0.00867655 0.0107786 0.0136465 0.0165289 0.0194622 0.0227349 0.0264746 0.0298427 0.0309241 0.0284239 0.023201 0.0178122 0.0153398 0.0178873 0.0241649 
0.0185565 0.0164094 0.0115793 0.00854452 0.00958915 0.0124016 0.0139943 0.0146782 0.0162727 0.0186486 0.0200796 0.0192947 0.0163138 0.01261 0.0102746 0.0100528 0.0108534 0.0116051 0.0125227 0.0142832 0.0169951 0.020046 0.0220231 0.0212071 0.017485 0.0131506 0.0106686 0.0107729 0.0131373 0.0166404 
0.000942443 -0.00199552 -0.00617043 -0.00801158 -0.00591877 -0.00186816 0.00144367 0.00379138 0.00647105 0.0095024 0.011596 0.0119191 0.0108 0.00943949 0.00903031 0.00949388 0.00953881 0.00850432 0.00739587 0.00759398 0.00923352 0.0110274 0.0108613 0.00702776 0.000431914 -0.00511969 -0.00656363 -0.00450085 -0.00141185 0.000876401 
-0.0234083 -0.0270834 -0.0308308 -0.0316709 -0.0282019 -0.0218125 -0.0152641 -0.0100154 -0.00567531 -0.0019014 0.00076702 0.00201052 0.00247004 0.00321744 0.00470169 0.00609162 0.00594177 0.00393414 0.00157947 0.000652459 0.00122049 0.00140822 -0.00144876 -0.00895455 -0.0193751 -0.0276984 -0.0299942 -0.0272716 -0.0236234 -0.0220475 
-0.0485796 -0.0528291 -0.0560925 -0.0560579 -0.0514268 -0.0428359 -0.0329011 -0.024171 -0.0172913 -0.0119748 -0.00841103 -0.00663318 -0.0055713 -0.00382981 -0.00124579 0.000799469 0.000737975 -0.00149188 -0.004185 -0.00554893 -0.00565925 -0.00670714 -0.0115716 -0.0216991 -0.0350227 -0.0461475 -0.0505658 -0.0489818 -0.0461145 -0.0457918 
-0.0652656 -0.070177 -0.0732344 -0.072871 -0.0680127 -0.0585184 -0.0463055 -0.0343336 -0.024307 -0.0167082 -0.0120565 -0.0103392 -0.00990873 -0.00860583 -0.00603526 -0.00386641 -0.00384321 -0.00593824 -0.00843217 -0.00964436 -0.00972381 -0.0109046 -0.0160285 -0.0264346 -0.0402815 -0.0527257 -0.0593029 -0.0600474 -0.0592585 -0.0608815 
-0.0667171 -0.0729539 -0.0768773 -0.077245 -0.0732107 -0.0641782 -0.0512307 -0.0371394 -0.0244144 -0.0146649 -0.00916369 -0.00797987 -0.00886601 -0.00881223 -0.00698253 -0.00515892 -0.00527421 -0.0072718 -0.00937265 -0.00993316 -0.00916539 -0.0093465 -0.0132211 -0.0219699 -0.0341247 -0.0458594 -0.053299 -0.0559145 -0.05713 -0.0606216 
-0.0535052 -0.0615034 -0.0675124 -0.0697654 -0.0672865 -0.0595374 -0.0472769 -0.0328473 -0.0189459 -0.00798466 -0.00199363 -0.00121523 -0.00302358 -0.00392101 -0.0028566 -0.00166519 -0.00227528 -0.00439873 -0.00602642 -0.00554628 -0.00344983 -0.00228433 -0.00469515 -0.0114635 -0.0211812 -0.030902 -0.037557 -0.0404234 -0.0421921 -0.0463197 
-0.0333744 -0.0422927 -0.0505506 -0.055182 -0.0545552 -0.0484986 -0.0380365 -0.025026 -0.0116726 -0.000569252 0.0057505 0.00681634 0.00525551 0.00443462 0.00516224 0.00558165 0.00413764 0.00168403 0.000544228 0.00211829 0.00535544 0.00729587 0.00544654 -0.000379088 -0.00847041 -0.0163476 -0.0216012 -0.0234784 -0.0241003 -0.0268661 
-0.0163513 -0.0241036 -0.0330504 -0.0390319 -0.0396414 -0.0351943 -0.0271973 -0.0169047 -0.0055671 0.00457097 0.010885 0.0127805 0.0125326 0.0127559 0.0135993 0.0132558 0.0108856 0.00809312 0.00739346 0.00974772 0.0134922 0.0153753 0.0130625 0.00680629 -0.0013148 -0.00884896 -0.0135854 -0.0145087 -0.013086 -0.0127365 
-0.00849473 -0.0127261 -0.0193507 -0.0237639 -0.023531 -0.0198634 -0.0147409 -0.00847495 -0.000884116 0.00666075 0.0119499 0.0144589 0.0158231 0.0174401 0.0185947 0.0176553 0.0146494 0.0118371 0.0116652 0.0145526 0.0184276 0.0199745 0.0168354 0.00921527 -0.000578465 -0.00965298 -0.015401 -0.0162732 -0.013059 -0.00913471 
-0.00880712 -0.00800927 -0.00912044 -0.00828994 -0.00448743 -0.000618783 0.000918238 0.0013887 0.00318352 0.0064023 0.00953807 0.012066 0.0146757 0.0173626 0.0186632 0.0173069 0.0141356 0.0117831 0.0124127 0.0159839 0.0202901 0.0220451 0.0185484 0.00949489 -0.00265284 -0.0141757 -0.0217624 -0.0234753 -0.0196775 -0.0134067 
-0.0115511 -0.005795 0.000118384 0.00808352 0.01652 0.0204493 0.0173947 0.0108222 0.0059371 0.00457382 0.00569095 0.0082633 0.0117247 0.0148223 0.0157749 0.0139081 0.0107149 0.00890712 0.0103173 0.0147047 0.0199814 0.0228536 0.0200381 0.0105617 -0.00294243 -0.0159424 -0.0247294 -0.0275524 -0.0246988 -0.0183691 
-0.0114666 -0.00233076 0.00939989 0.0229186 0.0339499 0.0363136 0.02829 0.0156039 0.00583413 0.00199534 0.00286462 0.00635548 0.0105531 0.0133946 0.0133282 0.0104624 0.00674109 0.00474124 0.00607842 0.0107046 0.0169638 0.0215933 0.0206854 0.0126211 6.92427e-05 -0.0120888 -0.0203698 -0.0237628 -0.0227465 -0.0183469 
-0.00714796 0.0031112 0.0176022 0.0328375 0.0427954 0.0417518 0.0297095 0.0140468 0.00323989 0.000231047 0.00291733 0.00798492 0.0125583 0.0144386 0.0127464 0.00833901 0.00331558 -5.19599e-05 -0.000199031 0.00343882 0.0100406 0.0165952 0.0186584 0.013875 0.00452395 -0.00472093 -0.0108864 -0.0137883 -0.0143139 -0.0125285 
-0.000535527 0.00869817 0.0229979 0.0368707 0.0435331 0.0387543 0.0246336 0.00941173 0.00100285 0.00109415 0.00623779 0.0121703 0.0158973 0.015927 0.0123097 0.00632934 -0.000200584 -0.00552634 -0.00807921 -0.0064578 -0.000360778 0.00773746 0.0130681 0.0124756 0.00743732 0.00209878 -0.00091926 -0.00205303 -0.00296082 -0.0034689 
0.00560988 0.0121342 0.0247751 0.0368424 0.0409876 0.0341575 0.0200214 0.0070657 0.00205395 0.00507106 0.0113664 0.0162358 0.0174176 0.0148078 0.00942849 0.00254321 -0.00475715 -0.011453 -0.0161011 -0.0166398 -0.0117933 -0.00337094 0.00403115 0.00695613 0.00617523 0.00519201 0.00631887 0.008433 0.00848499 0.00604406 
0.00961069 0.0126376 0.0237512 0.0355358 0.0395983 0.0330574 0.020245 0.00945223 0.00643393 0.0102515 0.0155239 0.0176225 0.0153338 0.0100307 0.00353346 -0.0032205 -0.0100735 -0.0168198 -0.0223099 -0.0243021 -0.0211794 -0.0142391 -0.00716683 -0.00260748 7.6743e-05 0.00359419 0.00962579 0.0161193 0.0181573 0.0140482 
0.0110586 0.0112721 0.0217106 0.0343667 0.0395509 0.0341971 0.0229048 0.0134043 0.0105526 0.0131867 0.0162188 0.0154308 0.0103363 0.00329247 -0.00334995 -0.00901053 -0.0143897 -0.0199853 -0.0249618 -0.0273317 -0.0258699 -0.0216763 -0.0169485 -0.0125873 -0.00772874 -0.000792295 0.00906107 0.0192856 0.0235591 0.0186518 
0.00983449 0.00906673 0.0190073 0.0313015 0.0359292 0.0306762 0.0207528 0.0128039 0.0102231 0.0117711 0.013211 0.0109231 0.00473382 -0.00258697 -0.00839758 -0.012347 -0.0157387 -0.0195319 -0.0230893 -0.0248612 -0.024404 -0.0228221 -0.0207255 -0.0172575 -0.0117056 -0.0040592 0.00596322 0.0167398 0.0222271 0.0180051 
0.00629679 0.00560836 0.0132694 0.0215026 0.0222504 0.0159095 0.00851184 0.00463244 0.00499269 0.00757541 0.00896853 0.00648467 0.00046009 -0.0060877 -0.01049 -0.0126269 -0.0141104 -0.016013 -0.0177354 -0.0181932 -0.0177467 -0.0175276 -0.0168833 -0.0138978 -0.00867337 -0.00300652 0.00321038 0.0105767 0.0152793 0.0126633 
0.00319039 0.00114764 0.00294704 0.00302347 -0.00230994 -0.00910928 -0.0112888 -0.00755271 -0.000914246 0.00487229 0.00684081 0.00385391 -0.00228455 -0.00801981 -0.0110768 -0.0118994 -0.0121752 -0.0126093 -0.012415 -0.0109912 -0.00948816 -0.0091848 -0.00873293 -0.00574213 -0.00102547 0.00226051 0.00393992 0.00654609 0.00913339 0.00774526 
0.00440361 -0.00161884 -0.00839671 -0.017919 -0.0287027 -0.0340092 -0.0290133 -0.0161385 -0.00208469 0.00719838 0.00874723 0.00352465 -0.00412903 -0.0097623 -0.0120229 -0.0124297 -0.0126057 -0.0123968 -0.0105466 -0.00692931 -0.00358587 -0.00233519 -0.00179304 0.000870976 0.00529661 0.00813571 0.00842097 0.00878855 0.00998941 0.00899768 
0.00859264 -0.00173118 -0.0155929 -0.031519 -0.0443512 -0.0465577 -0.0353501 -0.0157712 0.00334917 0.0143709 0.0140454 0.0053135 -0.00481683 -0.0110479 -0.0132156 -0.0140627 -0.0150424 -0.0149844 -0.0121036 -0.00667121 -0.00156201 0.00055932 0.000583076 0.00191309 0.0058096 0.00988559 0.0121424 0.0136464 0.0151642 0.0143081 
0.00665406 -0.00457316 -0.0194769 -0.0347969 -0.044558 -0.0427545 -0.0286771 -0.00780186 0.0115802 0.021751 0.019291 0.00800474 -0.00388658 -0.0108967 -0.0136334 -0.0153613 -0.017196 -0.0173896 -0.0140943 -0.00790549 -0.00201653 0.00038498 -0.000525647 -0.00119978 0.00116461 0.00556305 0.00940797 0.0120317 0.0136499 0.0126269 
-0.00943066 -0.0167884 -0.0253917 -0.0324274 -0.0339053 -0.0273941 -0.0142141 0.00185516 0.0160123 0.0228523 0.0193583 0.00846805 -0.00293524 -0.0102219 -0.0138379 -0.0162821 -0.0181495 -0.0179065 -0.0143676 -0.00837446 -0.00257931 0.000239986 -0.000475541 -0.00230543 -0.00233255 -0.000450919 0.000972214 0.000486545 -0.0014035 -0.00443096 
-0.0356577 -0.0360546 -0.0332907 -0.0268997 -0.0168648 -0.00568804 0.00328189 0.00940468 0.0136241 0.014908 0.0112628 0.0034137 -0.00516863 -0.0116285 -0.0156443 -0.0181125 -0.0190748 -0.0176671 -0.0135971 -0.00776507 -0.00165771 0.00317448 0.00543847 0.00502066 0.00327253 0.000822456 -0.00407266 -0.0128119 -0.0232693 -0.0315345 
-0.0580943 -0.0511262 -0.0358718 -0.0153952 0.00554139 0.0195517 0.021857 0.0155589 0.00777321 0.00213621 -0.00217909 -0.00670077 -0.0115778 -0.0160582 -0.0194315 -0.0213151 -0.0212474 -0.0185926 -0.0133457 -0.00636118 0.0017099 0.0104371 0.0179272 0.0213758 0.0200147 0.014312 0.00263277 -0.0163196 -0.0380229 -0.053817 
-0.0659667 -0.0536695 -0.0291969 0.000818998 0.0277776 0.0413842 0.0367919 0.020208 0.00286519 -0.00870649 -0.0144349 -0.0168928 -0.018443 -0.0202361 -0.0222179 -0.0237357 -0.0236844 -0.0205274 -0.0135775 -0.00385083 0.00755877 0.0202949 0.0323263 0.0397477 0.0405881 0.0345647 0.0191562 -0.00727865 -0.0381914 -0.0607696 
-0.0585412 -0.045001 -0.0182627 0.0128895 0.0387162 0.0491595 0.040405 0.0196456 -0.00128817 -0.0152635 -0.0214038 -0.0219533 -0.0201066 -0.0186756 -0.019063 -0.0210429 -0.0226563 -0.0206446 -0.0129536 -0.000800876 0.0133142 0.0281214 0.041989 0.0517431 0.0552674 0.051289 0.0362713 0.00813099 -0.0261121 -0.0520219 
-0.0390853 -0.0295361 -0.00838504 0.0156716 0.0347086 0.0412606 0.032285 0.0132074 -0.00625327 -0.0192441 -0.0236715 -0.0209049 -0.0147146 -0.00951517 -0.00815807 -0.0108992 -0.0151924 -0.0163864 -0.0108505 0.000831724 0.0153081 0.0302934 0.0445487 0.0558179 0.0617335 0.0604798 0.0490983 0.0256296 -0.00493412 -0.0302686 
-0.00938113 -0.00877586 0.00136727 0.0142336 0.0249535 0.0288286 0.0222052 0.00687329 -0.0101525 -0.0215808 -0.0235556 -0.0168824 -0.00633066 0.00234893 0.00558106 0.00282284 -0.00368562 -0.00912376 -0.00837566 -1.89761e-05 0.0132224 0.0283688 0.0437873 0.0569421 0.0646937 0.0660176 0.0608769 0.0477215 0.0265173 0.00394805 
0.0248288 0.0138819 0.012033 0.0147237 0.0191813 0.0220353 0.0179846 0.00523103 -0.0109309 -0.0219526 -0.0224368 -0.0134167 -0.000763994 0.00942623 0.0139636 0.0121202 0.00488137 -0.00385202 -0.00775788 -0.00273475 0.0098967 0.0263632 0.0436925 0.0583565 0.0669795 0.0709044 0.074094 0.0745871 0.0651038 0.045076 
0.0484294 0.0281183 0.0187518 0.0166718 0.018864 0.0216374 0.0185252 0.00622075 -0.0101132 -0.0209236 -0.0207475 -0.0118655 -0.000705604 0.00788866 0.0122456 0.0115011 0.00502606 -0.0045236 -0.010226 -0.00612629 0.00734248 0.0253724 0.0435383 0.0579209 0.0661692 0.0723958 0.083413 0.0957242 0.0952879 0.0757884 
0.0453932 0.0229114 0.0151539 0.0169694 0.0223485 0.0259087 0.0215649 0.00758832 -0.00938087 -0.0196793 -0.0194865 -0.0129221 -0.00613908 -0.00152051 0.00137062 0.00164988 -0.00258874 -0.00974858 -0.0133909 -0.00766423 0.00689613 0.0249683 0.0416755 0.0536822 0.0601454 0.066663 0.0805271 0.0967069 0.0981107 0.0766863 
0.0146491 -0.00127699 0.00187021 0.0157215 0.0294852 0.0352314 0.0285081 0.0112447 -0.0076941 -0.0191098 -0.0210097 -0.0185569 -0.0169388 -0.0162563 -0.0144233 -0.0122231 -0.0122104 -0.0137321 -0.0120691 -0.00328873 0.0114682 0.0275451 0.0408269 0.0487818 0.0514334 0.0541539 0.0629758 0.0727531 0.0684147 0.0442986 
-0.0248042 -0.0282973 -0.0107342 0.0166986 0.0393672 0.0475273 0.0387893 0.0183216 -0.00388663 -0.0193522 -0.0263642 -0.0291248 -0.0314984 -0.0326662 -0.0300741 -0.0243382 -0.0182212 -0.0121808 -0.00384624 0.00832724 0.0227265 0.0359635 0.0449587 0.0476025 0.0442422 0.0393252 0.0371192 0.0340295 0.0209577 -0.00310444 
-0.0459617 -0.0365763 -0.00945648 0.0240509 0.0494106 0.0576326 0.0481106 0.0266597 0.00191304 -0.0186127 -0.0318128 -0.0394101 -0.0440977 -0.0454346 -0.0411942 -0.0316377 -0.0195773 -0.00677628 0.00713121 0.022207 0.0366267 0.0475299 0.0521298 0.0488523 0.039143 0.0269333 0.0144022 -0.000216751 -0.0186451 -0.0370795 
-0.0296059 -0.0124748 0.0133201 0.0404261 0.0593806 0.0643707 0.0552454 0.035403 0.0103326 -0.0132787 -0.0305527 -0.0411816 -0.0474349 -0.0495332 -0.0452599 -0.0340575 -0.0187085 -0.00229484 0.0143065 0.0309305 0.0457062 0.0550073 0.0554247 0.0468099 0.0334828 0.0196769 0.00474972 -0.0126547 -0.0282215 -0.0349838 
0.032081 0.0491493 0.0614699 0.0703183 0.075145 0.0738125 0.0645318 0.0466399 0.0227689 -0.000702869 -0.0183409 -0.0299286 -0.0381621 -0.0431296 -0.0415554 -0.0316571 -0.0162475 0.000280763 0.0162669 0.0321723 0.0465134 0.0543847 0.0513001 0.0392458 0.0266749 0.0188317 0.0121186 0.00416969 0.00232021 0.0132981 
0.139057 0.15013 0.139504 0.120929 0.104867 0.092294 0.0787902 0.0603419 0.0380913 0.0177262 0.00290447 -0.00833101 -0.0191716 -0.0282763 -0.0305032 -0.0231426 -0.00952744 0.00465239 0.0173186 0.030114 0.0425331 0.0486496 0.0429063 0.0294494 0.0208277 0.0237892 0.0332589 0.0462002 0.069924 0.106254 
0.276733 0.279468 0.240914 0.189038 0.145782 0.115277 0.0917988 0.0701732 0.050486 0.0356653 0.0253802 0.0151103 0.00212826 -0.0100046 -0.0145869 -0.00909706 0.00191804 0.011985 0.0196923 0.0284313 0.0385546 0.0429241 0.0349732 0.0207336 0.0160754 0.0298167 0.0582498 0.0995206 0.158539 0.227597 
0.402589 0.3962 0.330814 0.246776 0.175575 0.124853 0.0899648 0.0662696 0.0517551 0.0442899 0.0390565 0.0304613 0.0173202 0.00491152 0.000206852 0.00447089 0.0118228 0.0161927 0.0184308 0.0240767 0.0334194 0.037347 0.0281684 0.0130919 0.0100354 0.030438 0.0747713 0.1439 0.238529 0.339179 
