0.38076 0.313585 0.205465 0.10569 0.042643 0.0149394 0.00455746 -0.00485188 -0.0180052 -0.030178 -0.0352009 -0.0308751 -0.019515 -0.0058551 0.00559183 0.012417 0.0143166 0.0115982 0.0042556 -0.00729554 -0.0210297 -0.0332598 -0.0399969 -0.0381068 -0.0237268 0.0109582 0.0763482 0.175055 0.287497 0.37014 
0.364495 0.300915 0.202728 0.113465 0.055898 0.0272241 0.0122527 -0.00156067 -0.0171016 -0.0300858 -0.0354432 -0.0314712 -0.0204358 -0.0069864 0.0042525 0.0105912 0.0115327 0.00760594 -0.000571291 -0.0119051 -0.0239404 -0.0330681 -0.0361122 -0.0310243 -0.0143685 0.021591 0.0861992 0.180356 0.284446 0.358185 
0.309587 0.262399 0.191797 0.126905 0.0812881 0.0521899 0.030544 0.0100731 -0.00950354 -0.0244504 -0.0308481 -0.0274873 -0.0168139 -0.00374494 0.00679688 0.0119319 0.011216 0.00559672 -0.00364331 -0.0148633 -0.025501 -0.0324578 -0.0335071 -0.0271281 -0.00952612 0.026633 0.0873391 0.168872 0.252157 0.306914 
0.238314 0.211288 0.173018 0.136417 0.105235 0.0769568 0.0490454 0.0218063 -0.00222015 -0.0195075 -0.026911 -0.0236357 -0.0125213 0.000985301 0.011504 0.0159387 0.0139404 0.00688669 -0.00334806 -0.0147767 -0.0250853 -0.0319833 -0.0339892 -0.029311 -0.0130136 0.0219328 0.0775107 0.1445 0.204346 0.238328 
0.165374 0.152296 0.13877 0.125582 0.10848 0.0842192 0.054403 0.0238681 -0.00261775 -0.0211258 -0.0286081 -0.0245063 -0.0120655 0.0028022 0.0142927 0.0190112 0.0165967 0.00881621 -0.00186152 -0.0131766 -0.0232683 -0.0308411 -0.0351534 -0.0340042 -0.021169 0.0104904 0.060013 0.11389 0.153762 0.169626 
0.103437 0.0924232 0.0894011 0.0895509 0.0839279 0.0675917 0.0426262 0.0148234 -0.0102644 -0.0279312 -0.0345517 -0.0294434 -0.015916 7.11004e-05 0.0125413 0.0178163 0.0154848 0.00774207 -0.00228722 -0.0120671 -0.0202104 -0.0264646 -0.0311138 -0.0322119 -0.0228755 0.00443997 0.0475743 0.0908166 0.115592 0.116209 
0.0699791 0.0503861 0.0434388 0.0448955 0.0452893 0.0381984 0.0231963 0.00346604 -0.0165936 -0.0317852 -0.037558 -0.0325907 -0.0196345 -0.00413819 0.00808059 0.0132132 0.0108968 0.0038126 -0.00429545 -0.010678 -0.014369 -0.0160592 -0.0172283 -0.0168821 -0.00843693 0.0158071 0.053813 0.0897491 0.104877 0.0940608 
0.0714502 0.0397597 0.0204425 0.0136803 0.0132068 0.0127015 0.00837923 -0.00119102 -0.0144719 -0.0266469 -0.0323385 -0.0291508 -0.018702 -0.00551175 0.00502823 0.00917737 0.00670133 0.000658043 -0.00481909 -0.00693449 -0.00513515 -0.000889761 0.00338376 0.00777734 0.018041 0.0413816 0.0763361 0.108597 0.120092 0.104186 
0.0923569 0.0528899 0.0217953 0.00409131 -0.00176654 -0.000222797 0.00280043 0.00153586 -0.00582829 -0.0155304 -0.0217093 -0.0208874 -0.0134918 -0.00309554 0.00543602 0.00856018 0.00610462 0.00119551 -0.00198484 -0.000784195 0.00488965 0.0129286 0.0205275 0.0276884 0.0396794 0.062905 0.0963389 0.127861 0.140883 0.126896 
0.111012 0.0716969 0.0355933 0.0106242 -0.000843256 -0.000780427 0.00444282 0.00660546 0.00173986 -0.00711252 -0.0138179 -0.0143423 -0.00858954 0.00032055 0.00792339 0.0109134 0.00906235 0.00524895 0.00340683 0.00590451 0.0123441 0.020096 0.0264649 0.0322784 0.0432294 0.0653223 0.0977637 0.130212 0.147661 0.140406 
0.116411 0.0841765 0.0502487 0.0235682 0.00900268 0.0063669 0.00956868 0.00992045 0.0033325 -0.00675258 -0.0138621 -0.0141098 -0.00787077 0.00144997 0.00954069 0.0133639 0.0126342 0.00984743 0.00852368 0.010684 0.0155087 0.0200104 0.0218196 0.0229041 0.0299183 0.0490243 0.0796447 0.112635 0.134604 0.135935 
0.109222 0.0878539 0.0599934 0.0350503 0.0198863 0.0152225 0.0150171 0.0110809 0.000537654 -0.0119425 -0.0194164 -0.0185392 -0.0107643 -0.000225134 0.00879344 0.0135926 0.0139189 0.0118917 0.0105706 0.0116664 0.0141505 0.014941 0.0119573 0.00785665 0.00986502 0.0243304 0.0510167 0.0821199 0.106662 0.116511 
0.0960218 0.0858497 0.0641704 0.0412341 0.0263079 0.0208998 0.0186758 0.0117541 -0.00168469 -0.0159416 -0.0236911 -0.0220515 -0.0133798 -0.00235455 0.0068804 0.0119999 0.0127901 0.0109882 0.00920111 0.00896723 0.00938634 0.00761913 0.00172665 -0.00580888 -0.00819481 0.000710676 0.021337 0.0480383 0.0732462 0.0908887 
0.08287 0.0816866 0.0642914 0.0419802 0.026706 0.021275 0.0192285 0.0124658 -0.000798448 -0.0148571 -0.0224811 -0.020966 -0.012828 -0.00264939 0.00578745 0.0104519 0.0110697 0.00898711 0.00641045 0.00483847 0.00376129 0.000855488 -0.00579884 -0.0147136 -0.0205471 -0.0176377 -0.00417664 0.0172834 0.042674 0.0671685 
0.0714952 0.0762373 0.0616313 0.0393151 0.0230548 0.0172514 0.0160837 0.0114176 0.000873361 -0.0109216 -0.0176307 -0.016639 -0.00989724 -0.00127838 0.00593359 0.00987034 0.0101375 0.00778599 0.00470153 0.00228262 0.000339463 -0.00282964 -0.00901632 -0.0180421 -0.026631 -0.0296901 -0.0233225 -0.00655262 0.0191114 0.0486568 
0.0604867 0.0681994 0.0561799 0.035058 0.0183487 0.0114247 0.00992592 0.00674783 -0.0006874 -0.00926384 -0.0142229 -0.0132959 -0.00767605 -0.000311566 0.0060434 0.00964952 0.0100479 0.00812052 0.00542257 0.00296206 0.000510701 -0.00302632 -0.0088618 -0.0176038 -0.0279192 -0.0354926 -0.034625 -0.0214961 0.0036687 0.0349703 
0.0479348 0.0559939 0.0469677 0.0294626 0.0144817 0.0068096 0.00362939 -3.69837e-05 -0.00589805 -0.0118438 -0.0147722 -0.0131706 -0.00787359 -0.00108613 0.00499899 0.00889238 0.0101521 0.00946473 0.00789187 0.00576752 0.00253334 -0.0023668 -0.00907129 -0.0178577 -0.0283911 -0.0374056 -0.0389093 -0.0280547 -0.00487594 0.02423 
0.0325082 0.0392233 0.0337445 0.0224123 0.0123189 0.00595809 0.00123725 -0.00437386 -0.0107276 -0.0156225 -0.0170581 -0.0145542 -0.00918026 -0.00269692 0.00331583 0.00774469 0.0101438 0.0108244 0.0101958 0.00792724 0.00318448 -0.00414967 -0.0130728 -0.0226658 -0.0323363 -0.039766 -0.0403255 -0.0302372 -0.0102011 0.0137233 
0.0142411 0.0190987 0.0175889 0.0139305 0.0111151 0.00851409 0.00375704 -0.00374448 -0.0116665 -0.0168173 -0.0176186 -0.0146137 -0.00938637 -0.0033939 0.00236688 0.00709217 0.0101909 0.0114651 0.0107392 0.00737558 0.000629397 -0.00925675 -0.0205979 -0.0313234 -0.0398528 -0.0442821 -0.0420301 -0.0317757 -0.0155251 0.00168235 
-0.00350852 -0.000655449 0.00110324 0.00419058 0.00837207 0.0104024 0.00723373 -0.000694782 -0.00947441 -0.0148883 -0.015469 -0.012489 -0.00781939 -0.00254976 0.00274315 0.00732248 0.0103172 0.0110859 0.00917547 0.00412222 -0.00431782 -0.0155538 -0.0278148 -0.0386526 -0.0457379 -0.0471967 -0.0421776 -0.0319531 -0.0199335 -0.00979795 
-0.0144299 -0.0137047 -0.0108316 -0.00456872 0.00321016 0.00819292 0.00708718 0.000512287 -0.00730549 -0.0119494 -0.012143 -0.00942402 -0.00547089 -0.000912554 0.00387975 0.00803256 0.0103941 0.0100905 0.00671601 0.000279096 -0.00878402 -0.0195249 -0.0304076 -0.039385 -0.0442396 -0.0433323 -0.0368693 -0.0276874 -0.0198435 -0.015656 
-0.0149165 -0.0158072 -0.013878 -0.00842452 -0.00145129 0.0033209 0.00323503 -0.00128145 -0.00686018 -0.00990319 -0.00951945 -0.00708341 -0.00374267 0.000292856 0.00470637 0.00847431 0.0102922 0.00924605 0.00512153 -0.00161736 -0.0100017 -0.018818 -0.0267925 -0.0325867 -0.0347958 -0.0324495 -0.0262013 -0.0189744 -0.0143165 -0.0135091 
-0.00827555 -0.0096931 -0.00917568 -0.0062218 -0.00235239 9.31273e-06 -0.000576436 -0.00368084 -0.00714261 -0.00870295 -0.00796865 -0.0059309 -0.00314948 0.000432037 0.00449738 0.00800314 0.0096666 0.00864322 0.00488895 -0.000897843 -0.00758036 -0.0139413 -0.0189595 -0.0219155 -0.0223025 -0.0198518 -0.0151043 -0.00997191 -0.006859 -0.00667323 
-0.00111124 -0.00237403 -0.00265153 -0.00144305 -1.30882e-06 7.42895e-05 -0.00162073 -0.0042695 -0.00647194 -0.0072026 -0.00657057 -0.00516429 -0.00305261 -6.11405e-05 0.0034864 0.00666281 0.0083567 0.00785752 0.00522378 0.00115945 -0.00338119 -0.0074844 -0.0104614 -0.0120291 -0.0122397 -0.0110926 -0.00847805 -0.00487793 -0.00175192 -0.000480597 
0.00263672 0.0013717 0.000636877 0.00129947 0.0021291 0.00149504 -0.000700299 -0.0031836 -0.0047403 -0.00513802 -0.0048539 -0.00412955 -0.00268821 -0.000352364 0.00254014 0.00525319 0.00692997 0.00700879 0.00557351 0.00321495 0.000587348 -0.00181943 -0.00373752 -0.00525965 -0.00668821 -0.0077895 -0.00739378 -0.00461283 -0.000541242 0.00233202 
0.00293886 0.00118359 -0.000383444 -0.00010901 0.00105952 0.00113044 -0.000395061 -0.00223939 -0.00323049 -0.00344727 -0.00341919 -0.00308838 -0.00203105 -0.000169372 0.00215802 0.00444325 0.00609031 0.00663102 0.00608058 0.00490349 0.00357853 0.00229863 0.000896969 -0.00118353 -0.00443854 -0.00811438 -0.00977769 -0.0074131 -0.00220647 0.00209488 
0.00161597 -0.000958834 -0.00393726 -0.00479505 -0.0036616 -0.0024922 -0.00243649 -0.00289345 -0.00305982 -0.00301184 -0.00296593 -0.00260408 -0.00155692 0.000106997 0.00210379 0.00415834 0.00587837 0.00681585 0.00686196 0.00639161 0.00587497 0.00539495 0.00440928 0.00182817 -0.00308216 -0.00900972 -0.0123602 -0.0103515 -0.00445477 0.000649974 
0.000523905 -0.00293249 -0.00745375 -0.0100782 -0.00988317 -0.00813651 -0.00637764 -0.0050886 -0.00424117 -0.00382565 -0.00355074 -0.0028992 -0.00166269 -1.1122e-05 0.00188213 0.00391724 0.00581427 0.00711845 0.00762967 0.00768525 0.0078038 0.00802582 0.00753999 0.00488333 -0.000809465 -0.0078509 -0.0120558 -0.0104602 -0.00480259 9.47031e-06 
0.000471014 -0.0035925 -0.00903199 -0.0131063 -0.0141843 -0.0125895 -0.00981067 -0.00726544 -0.0057363 -0.0051263 -0.00467702 -0.00377395 -0.00238008 -0.000693412 0.00122148 0.00333934 0.00541367 0.00700299 0.00789149 0.00841738 0.00911306 0.0099504 0.00999704 0.00778301 0.0025628 -0.00396193 -0.007926 -0.00684045 -0.00247212 0.000908728 
0.000849635 -0.00323029 -0.00838782 -0.0125349 -0.0141325 -0.0130088 -0.010313 -0.00773078 -0.00637091 -0.00600482 -0.00563081 -0.0046883 -0.00329242 -0.00163579 0.000276448 0.00241951 0.00455522 0.00628615 0.00741488 0.00826131 0.00932042 0.010517 0.0109918 0.0095921 0.00582846 0.00100142 -0.00208586 -0.00171802 0.000737439 0.00223521 
6.32466e-05 -0.00333917 -0.00692131 -0.00937258 -0.0101309 -0.00934479 -0.00770389 -0.00629392 -0.00585738 -0.00602141 -0.00585956 -0.00502141 -0.00375266 -0.00224148 -0.000472624 0.00152821 0.00355985 0.00527938 0.00646678 0.00734016 0.00833187 0.00945429 0.0101385 0.00964558 0.00759614 0.00457133 0.00212766 0.00144494 0.00196857 0.00192517 
-0.00343543 -0.00557638 -0.00671265 -0.00632903 -0.00529972 -0.00456989 -0.00430274 -0.00443706 -0.00497412 -0.00550659 -0.00542508 -0.00464301 -0.00350437 -0.00221194 -0.000736284 0.000953311 0.00274313 0.00432752 0.00538704 0.00595257 0.00640135 0.00699484 0.00761107 0.00782814 0.00708358 0.00512252 0.0025469 0.0004765 -0.000659355 -0.00165815 
-0.00983381 -0.0104939 -0.0091806 -0.00610395 -0.00332282 -0.00241398 -0.00303353 -0.00406785 -0.00492821 -0.00533906 -0.00503793 -0.00411195 -0.0029691 -0.00186918 -0.000764891 0.000502725 0.00195556 0.00330542 0.00408986 0.00413165 0.00377374 0.00358093 0.00387252 0.00438008 0.0041885 0.00235786 -0.00099947 -0.00452184 -0.00696534 -0.00849252 
-0.0174706 -0.0169917 -0.0141502 -0.00958023 -0.00579124 -0.00452275 -0.00511402 -0.00594331 -0.00625023 -0.00599898 -0.00516415 -0.00387537 -0.00257794 -0.0016227 -0.000939227 -0.000190536 0.000816515 0.00182146 0.00224671 0.00175621 0.000663221 -0.00025687 -0.0004142 -7.26606e-05 -0.000440814 -0.00277001 -0.00702177 -0.0116013 -0.0148599 -0.0166192 
-0.023634 -0.0226951 -0.0196062 -0.0149792 -0.0110518 -0.00935964 -0.00918706 -0.00895186 -0.00807166 -0.00679265 -0.00524963 -0.00355065 -0.00213077 -0.0013934 -0.00122605 -0.00111265 -0.000682806 -0.000126858 -5.42084e-05 -0.000891822 -0.00239534 -0.00375282 -0.0043137 -0.00440807 -0.00533537 -0.0082628 -0.0129991 -0.0179313 -0.0214191 -0.0231481 
-0.026171 -0.025322 -0.022919 -0.0192718 -0.015927 -0.0139862 -0.0128128 -0.0111912 -0.00892696 -0.00657595 -0.00442475 -0.00254101 -0.001254 -0.000907726 -0.00132988 -0.00188661 -0.00206496 -0.00193722 -0.00206229 -0.00293667 -0.00447363 -0.00597679 -0.00683243 -0.00737002 -0.00875115 -0.0118495 -0.016371 -0.020984 -0.0242977 -0.0258819 
-0.0253691 -0.0248246 -0.0233962 -0.0211747 -0.0188869 -0.0169708 -0.0148366 -0.0118403 -0.00834224 -0.00520016 -0.00279508 -0.00109886 -0.000226992 -0.000364475 -0.00129753 -0.00237524 -0.00300006 -0.00310188 -0.00315711 -0.00376953 -0.00509851 -0.00661164 -0.00767318 -0.00845549 -0.0098403 -0.0124475 -0.0161359 -0.0201267 -0.0233287 -0.0250225 
-0.024266 -0.02409 -0.0234475 -0.0224806 -0.0211801 -0.0191924 -0.0159758 -0.0116554 -0.00724243 -0.00375971 -0.00150239 -0.000263289 8.80152e-05 -0.000465584 -0.00171553 -0.00307415 -0.00391239 -0.00403368 -0.00384816 -0.00409706 -0.00519306 -0.00671505 -0.00790794 -0.00870705 -0.00973441 -0.0115059 -0.0142117 -0.0177061 -0.021169 -0.0234725 
-0.0255626 -0.0259679 -0.0259142 -0.025604 -0.0245033 -0.0217207 -0.0170224 -0.0114439 -0.00652037 -0.00312694 -0.00124235 -0.000476504 -0.000572277 -0.00146255 -0.00295732 -0.00452856 -0.00553971 -0.00571653 -0.00543046 -0.00551725 -0.00654805 -0.00815762 -0.00950748 -0.0103824 -0.0112186 -0.0124191 -0.0143613 -0.0173785 -0.021013 -0.0240108 
-0.0274655 -0.0287914 -0.0294951 -0.0293687 -0.0275088 -0.0230699 -0.0165889 -0.0100181 -0.0050828 -0.00214368 -0.000698473 -0.000288556 -0.000773121 -0.00212894 -0.00413378 -0.00621921 -0.00771434 -0.0083085 -0.00834265 -0.0086519 -0.00985786 -0.0117076 -0.0134805 -0.0149154 -0.0161325 -0.0171314 -0.0181591 -0.0198885 -0.0225192 -0.0253206 
-0.023967 -0.0262838 -0.0281036 -0.0282112 -0.0253441 -0.0191811 -0.0113071 -0.0044212 -0.000130085 0.00190596 0.00270849 0.00269115 0.00167299 -0.000485243 -0.00347828 -0.00657844 -0.00901579 -0.0104425 -0.0111518 -0.0119086 -0.0133784 -0.0156039 -0.0181975 -0.0207617 -0.0226846 -0.0231831 -0.0222796 -0.0211337 -0.0209356 -0.0219945 
-0.0106264 -0.0134948 -0.0164002 -0.0170224 -0.0138443 -0.00716262 0.000660591 0.00662423 0.00941135 0.00993211 0.00960713 0.00880256 0.00700153 0.00383677 -0.000338576 -0.00461613 -0.0080941 -0.0103634 -0.0116385 -0.0126039 -0.014063 -0.0165437 -0.0200721 -0.0238804 -0.0262073 -0.0252887 -0.0211335 -0.0157515 -0.0114878 -0.00969342 
0.0103192 0.00757774 0.00424344 0.00309449 0.00543257 0.0105213 0.0160456 0.019497 0.0199855 0.0186009 0.0168407 0.0150482 0.0125118 0.008644 0.00374047 -0.00121499 -0.00524005 -0.00784823 -0.00912196 -0.00965829 -0.0104759 -0.0126606 -0.0166219 -0.021129 -0.0232338 -0.0202662 -0.0124044 -0.00269026 0.00543293 0.0099383 
0.030825 0.0286885 0.0256722 0.0240821 0.0244319 0.0258598 0.0271004 0.0270169 0.0252547 0.022566 0.0200181 0.0178073 0.0151492 0.0113196 0.006501 0.00162477 -0.00233485 -0.00479354 -0.00560819 -0.00521888 -0.00482954 -0.00601637 -0.00950841 -0.0137873 -0.0151845 -0.0104945 2.31719e-05 0.0126811 0.0232871 0.0294619 
0.0423883 0.0409681 0.0383095 0.0357645 0.0331292 0.0299776 0.0267152 0.0238766 0.02147 0.0194162 0.0178451 0.0165438 0.0146884 0.0115719 0.00733689 0.00282007 -0.00105615 -0.00356724 -0.00424743 -0.00328177 -0.00192869 -0.00203277 -0.00445792 -0.00762733 -0.00793916 -0.0023922 0.00879485 0.0221705 0.0335442 0.0403843 
0.0412028 0.0402312 0.0370807 0.0323342 0.0260694 0.019134 0.0135107 0.0107116 0.0105024 0.0116326 0.0130465 0.0139686 0.0136033 0.01146 0.00776177 0.00325528 -0.00119117 -0.00467558 -0.00637758 -0.00618905 -0.00525143 -0.00528527 -0.0068579 -0.008336 -0.00691502 -0.000787743 0.00956361 0.0216124 0.0321173 0.0387992 
0.0302584 0.0289877 0.0242559 0.0163053 0.00655324 -0.00228187 -0.00721696 -0.00688002 -0.00243012 0.00359507 0.00903308 0.0126774 0.013962 0.0127763 0.00944773 0.00458098 -0.00103748 -0.0063434 -0.0102163 -0.0122839 -0.013407 -0.0147718 -0.016197 -0.015822 -0.0119303 -0.00458392 0.00480204 0.014505 0.0227672 0.0281835 
0.017542 0.0148361 0.0080241 -0.00274413 -0.014782 -0.0238792 -0.026638 -0.0222944 -0.0130167 -0.00242034 0.00652293 0.0124466 0.015171 0.0149629 0.0121572 0.0071339 0.00054882 -0.00645099 -0.0125514 -0.0171287 -0.0206241 -0.023556 -0.0250474 -0.0230779 -0.0167936 -0.00784956 0.00116399 0.00869293 0.0141345 0.0171402 
0.0109587 0.00587025 -0.00272142 -0.0146646 -0.0271779 -0.0358858 -0.0374358 -0.0312597 -0.0197873 -0.00702596 0.00370774 0.0110198 0.0149384 0.0158484 0.0139671 0.00946448 0.00287722 -0.00464956 -0.0116996 -0.0173497 -0.0215512 -0.0244404 -0.0251581 -0.0220311 -0.0146219 -0.00503395 0.00367661 0.00979328 0.0129864 0.0133034 
0.0134619 0.00577535 -0.00397604 -0.0154816 -0.0269904 -0.0352808 -0.0374851 -0.032735 -0.0227511 -0.0109346 -0.000357643 0.00749302 0.0123702 0.0143825 0.0135731 0.0100369 0.0042823 -0.00256187 -0.00897836 -0.0136771 -0.0162054 -0.016848 -0.0156178 -0.011717 -0.00471806 0.00402487 0.012066 0.0176678 0.0200071 0.018536 
0.0221174 0.0123279 0.00199565 -0.00823535 -0.0180151 -0.0257771 -0.0294108 -0.0277326 -0.0213563 -0.0123985 -0.00323109 0.00447284 0.00981015 0.0123906 0.0121356 0.00920371 0.00414495 -0.00187672 -0.0071411 -0.00996262 -0.00971264 -0.00726264 -0.0038642 0.00036788 0.00620484 0.0136527 0.0213982 0.0277267 0.0308584 0.0290372 
0.031394 0.0207177 0.0106103 0.00201959 -0.00589323 -0.0128838 -0.0174264 -0.0182189 -0.015073 -0.00891664 -0.00138276 0.0056826 0.0107456 0.0130164 0.0124074 0.00917561 0.0038901 -0.00220821 -0.00710303 -0.00877129 -0.00662722 -0.00218508 0.00234932 0.00632052 0.0110044 0.0177286 0.0261855 0.0344688 0.0396562 0.0387914 
0.0383848 0.0291081 0.0201692 0.0126941 0.00560623 -0.00108825 -0.00592873 -0.00771317 -0.00612939 -0.00155217 0.0048686 0.0112474 0.0157165 0.017292 0.0159116 0.0118775 0.0057377 -0.00119747 -0.00668638 -0.00856875 -0.00637815 -0.00185409 0.00256288 0.00597853 0.00975943 0.0159436 0.0249956 0.0350207 0.0424928 0.0438947 
0.0452247 0.040213 0.0321803 0.0227143 0.0128382 0.00433403 -0.000930788 -0.00247868 -0.000791293 0.00362061 0.0098883 0.0163047 0.0209398 0.0226444 0.0212357 0.016986 0.0104704 0.0030469 -0.00306563 -0.00588005 -0.00498258 -0.00165675 0.0022381 0.00558731 0.00882313 0.0135928 0.0210921 0.0306013 0.0396381 0.0451689 
0.0546559 0.0554507 0.0460256 0.0293028 0.0114143 -0.00184353 -0.00807657 -0.00854604 -0.00545274 7.95583e-05 0.00739393 0.0151534 0.021508 0.0250223 0.0251493 0.0220471 0.0164101 0.0096439 0.00371111 0.0002138 -0.000332938 0.00176997 0.00574462 0.0101139 0.0133267 0.0154529 0.0184661 0.0245013 0.0342082 0.0457897 
0.0637072 0.0690905 0.0558972 0.0290869 0.000978995 -0.0180554 -0.0253651 -0.0244268 -0.0193748 -0.0120207 -0.00286898 0.00712472 0.0162311 0.0226777 0.0254176 0.0244018 0.0204495 0.0150225 0.00981649 0.0061694 0.00493831 0.00689639 0.0122041 0.0187629 0.0225645 0.0214855 0.0182934 0.0190357 0.0285637 0.0462023 
0.0658965 0.0731176 0.056774 0.0233431 -0.0110968 -0.0335932 -0.0415877 -0.0399451 -0.033782 -0.0251675 -0.0145254 -0.00265175 0.00876157 0.017682 0.0226287 0.023296 0.0205309 0.0158429 0.0108672 0.00709863 0.00603596 0.00925287 0.017149 0.026637 0.0315267 0.0278715 0.0191627 0.01483 0.0231015 0.043829 
0.060607 0.0684009 0.0529018 0.0203169 -0.013706 -0.036542 -0.0456536 -0.0454975 -0.0405413 -0.0324144 -0.0215298 -0.00891928 0.00349733 0.0134799 0.0192856 0.020391 0.0175756 0.0123582 0.00650639 0.00204822 0.00131788 0.006325 0.0170139 0.0291641 0.0353169 0.0307982 0.0194974 0.0121876 0.0184078 0.0384 
0.0553064 0.0653126 0.0553345 0.0292742 -0.00060113 -0.0235031 -0.0361629 -0.0408267 -0.0399424 -0.0342039 -0.0241511 -0.0114914 0.00123633 0.011482 0.0173592 0.0182337 0.0147928 0.00846569 0.00108248 -0.00482453 -0.00616034 -0.000629602 0.0112439 0.0246328 0.0319737 0.0287925 0.0186655 0.0114166 0.0161336 0.0339799 
0.055333 0.0698169 0.0677084 0.04936 0.0228779 -0.002507 -0.0217502 -0.033855 -0.0387678 -0.0362765 -0.0272475 -0.0142656 -0.000717652 0.0103401 0.0168397 0.0181169 0.0147927 0.00804846 -0.000590683 -0.00857297 -0.0123627 -0.00915341 0.000940243 0.0136513 0.0221794 0.0222889 0.0162961 0.0117444 0.0166014 0.0333957 
0.0550233 0.0730665 0.0777922 0.0659332 0.0415869 0.0128731 -0.013086 -0.0321442 -0.0421356 -0.0423404 -0.0339901 -0.0202213 -0.00503688 0.00790306 0.0161652 0.0190137 0.0170275 0.0110381 0.0019034 -0.00837081 -0.0161563 -0.0177362 -0.0117166 -0.000763953 0.00929782 0.013818 0.0130743 0.0120397 0.0174886 0.0331294 
0.0450994 0.0621156 0.0705699 0.0644057 0.0438543 0.0153109 -0.013201 -0.0355591 -0.048217 -0.0501199 -0.0424695 -0.0282292 -0.0114756 0.00359428 0.0139698 0.0186817 0.0182764 0.0133496 0.00414891 -0.00797537 -0.0194223 -0.0254456 -0.0229033 -0.0128715 -0.000578706 0.00842454 0.0122187 0.0133225 0.0170967 0.0279628 
0.0304231 0.0417656 0.0503187 0.0487418 0.0343293 0.010948 -0.01462 -0.0362537 -0.0497959 -0.0534445 -0.0475001 -0.0340638 -0.016935 -0.000765976 0.0107424 0.016242 0.0162824 0.0115361 0.002138 -0.0107871 -0.0235956 -0.0309866 -0.029013 -0.0180849 -0.00311904 0.00988104 0.0174185 0.019622 0.0197873 0.0225111 
0.0337748 0.0371993 0.0406862 0.0384956 0.0280813 0.0113591 -0.00813746 -0.0268001 -0.0409714 -0.047548 -0.0449363 -0.0339541 -0.0181282 -0.00254589 0.00847195 0.0132327 0.012372 0.00689552 -0.00273303 -0.0152225 -0.0270173 -0.0331761 -0.0301725 -0.0183178 -0.0015632 0.0151178 0.0279245 0.0347282 0.0356565 0.0338442 
0.0769001 0.0707533 0.0603795 0.0466546 0.0321721 0.0187232 0.00523268 -0.00967792 -0.024356 -0.0344236 -0.0359264 -0.0282768 -0.0148124 -0.000962729 0.00859063 0.0120193 0.0100996 0.00412348 -0.00518809 -0.016546 -0.026953 -0.0325342 -0.0305465 -0.0206727 -0.00452919 0.0157743 0.037908 0.0582482 0.0723913 0.0781602 
0.160364 0.14094 0.105742 0.0681825 0.0402339 0.0247394 0.0152303 0.00401599 -0.0102873 -0.0226598 -0.0272113 -0.0221777 -0.01068 0.00174559 0.0103618 0.0133731 0.0115945 0.00626993 -0.00208524 -0.0126748 -0.0233835 -0.0312733 -0.0337101 -0.0288866 -0.0153557 0.00866745 0.0441259 0.0875354 0.129066 0.156209 
0.260852 0.223399 0.156299 0.0890483 0.0435767 0.0228942 0.0149662 0.00643334 -0.00678723 -0.0196268 -0.0252369 -0.0211919 -0.0103234 0.00199531 0.0111349 0.0152712 0.0149944 0.0111647 0.00379123 -0.00696228 -0.01958 -0.0312538 -0.0386375 -0.0384136 -0.0268748 0.00116784 0.0508378 0.120638 0.195737 0.250185 
0.343686 0.287447 0.191874 0.100534 0.0416159 0.0163128 0.00808507 0.000341562 -0.012183 -0.0245549 -0.0299194 -0.0257576 -0.0145997 -0.00148991 0.00904293 0.0149382 0.0163313 0.0136637 0.00666818 -0.00466994 -0.0187896 -0.0324003 -0.0414386 -0.0420864 -0.0300132 0.00192765 0.0624691 0.152849 0.254895 0.33067 
