0.395096 0.364121 0.289186 0.205797 0.133793 0.0771265 0.034026 0.00294808 -0.0149845 -0.0191865 -0.0146592 -0.00957939 -0.00837654 -0.00994027 -0.0114397 -0.0116221 -0.0108165 -0.00962704 -0.00850268 -0.00806776 -0.00915231 -0.0117773 -0.0133574 -0.00890938 0.00626307 0.0366723 0.0892357 0.169665 0.269907 0.358599 
0.340221 0.311742 0.246875 0.176204 0.115348 0.0667561 0.0290385 0.00131909 -0.0148578 -0.0185448 -0.0143135 -0.00989671 -0.00934735 -0.0112602 -0.0126196 -0.0122656 -0.0109656 -0.00970613 -0.00878813 -0.00831877 -0.00868136 -0.00956673 -0.00830592 -0.000656819 0.0162465 0.0444384 0.0887132 0.154645 0.237334 0.311008 
0.241774 0.219014 0.171549 0.120717 0.0761284 0.0399623 0.0128737 -0.00557775 -0.0152704 -0.0161563 -0.0119504 -0.00874373 -0.00938127 -0.0119351 -0.0133343 -0.0127257 -0.0113686 -0.0104283 -0.00979152 -0.00897206 -0.00794788 -0.00615085 -0.00138696 0.00861904 0.0240379 0.0447197 0.0739895 0.117323 0.173131 0.223388 
0.149095 0.130357 0.0967907 0.0620808 0.0313646 0.00713072 -0.00822884 -0.0155278 -0.0169998 -0.014011 -0.00931599 -0.00705288 -0.00872126 -0.0119026 -0.013524 -0.0129525 -0.0116618 -0.0107657 -0.00985731 -0.00825592 -0.0058246 -0.00176762 0.00559676 0.0164391 0.028451 0.04023 0.0548515 0.0781555 0.110835 0.140693 
0.0869344 0.0704558 0.0449654 0.0199052 -0.00158102 -0.0166726 -0.0225237 -0.0210195 -0.0164755 -0.0112093 -0.00683761 -0.00563096 -0.00801754 -0.01146 -0.0131558 -0.0126183 -0.0111405 -0.00955076 -0.0074703 -0.00463353 -0.0011634 0.00398599 0.0123812 0.0228154 0.0312752 0.0357408 0.0396784 0.0496287 0.0676398 0.0847719 
0.0536699 0.0411365 0.0222498 0.00393909 -0.0111527 -0.0199382 -0.0200074 -0.01439 -0.00850913 -0.00470337 -0.00310214 -0.00413357 -0.00745949 -0.0109533 -0.0125263 -0.0119115 -0.0100055 -0.00723298 -0.00343142 0.00097716 0.00541519 0.0109867 0.0192673 0.0285014 0.0339685 0.0334053 0.0305004 0.0322779 0.0418952 0.052811 
0.0403975 0.0352003 0.0244798 0.0129012 0.0029636 -0.00207979 -0.000363915 0.00459517 0.00740162 0.00635807 0.00286663 -0.00178998 -0.00673194 -0.0105826 -0.012195 -0.0115763 -0.00930745 -0.00556406 -0.000388048 0.00542141 0.0110191 0.017149 0.024882 0.0322711 0.034928 0.0309863 0.0241427 0.0213716 0.0267767 0.03621 
0.0405323 0.0437503 0.0414248 0.0362718 0.0304087 0.0268284 0.0271011 0.028307 0.0260489 0.0193009 0.0103723 0.00172753 -0.0053855 -0.0102471 -0.0124141 -0.0120705 -0.00974579 -0.00571479 -0.000140313 0.00634037 0.012964 0.0197745 0.0267966 0.0320148 0.0321229 0.0262624 0.0181885 0.0144285 0.0194222 0.0307225 
0.0465319 0.0556195 0.0592254 0.0588169 0.0558158 0.0524431 0.0501615 0.0473581 0.0409789 0.0302307 0.0174817 0.00573964 -0.00347412 -0.00973576 -0.0128588 -0.0130567 -0.0110079 -0.00727446 -0.00201183 0.00458865 0.0119172 0.0191924 0.025456 0.0289515 0.0276393 0.0215422 0.0143438 0.011983 0.0186055 0.0324055 
0.0487036 0.0594255 0.0653741 0.0673151 0.0660626 0.0630969 0.0597583 0.0554119 0.0477696 0.0357753 0.0215173 0.00832433 -0.00201046 -0.00915677 -0.0130091 -0.0137717 -0.0122332 -0.00906551 -0.00420501 0.00260743 0.0107489 0.0186608 0.0248024 0.0279124 0.0267848 0.0215445 0.0154001 0.0137718 0.020498 0.0341099 
0.0413915 0.0502207 0.0553038 0.0570868 0.0564336 0.0546856 0.0528843 0.0503387 0.0445132 0.0338002 0.020187 0.00746713 -0.00227709 -0.00890618 -0.0125961 -0.0136303 -0.0127117 -0.0102922 -0.005903 0.00116525 0.0103446 0.019598 0.0270001 0.0313941 0.031543 0.0269656 0.0202358 0.0165844 0.0200712 0.0299422 
0.0274631 0.0328462 0.0347973 0.0340812 0.0326144 0.0322566 0.0335249 0.0347901 0.0326048 0.024788 0.01343 0.0028397 -0.00467213 -0.00931312 -0.011798 -0.0126092 -0.0122303 -0.0107511 -0.00732014 -0.000751099 0.00882702 0.0194588 0.0289033 0.0354367 0.0370164 0.0323163 0.023512 0.0161178 0.0149414 0.0201071 
0.0144874 0.0171265 0.0152141 0.0106301 0.00723509 0.0077176 0.011808 0.0165523 0.0176097 0.0125986 0.00386227 -0.0039945 -0.0086274 -0.0106241 -0.0112848 -0.0113672 -0.01118 -0.0105597 -0.00850698 -0.00352021 0.0049208 0.0154709 0.0259396 0.0339882 0.0366187 0.0316605 0.0209981 0.0106738 0.00649599 0.00923763 
0.00753617 0.00971744 0.00534448 -0.00225169 -0.0071294 -0.00607017 -0.000460135 0.00548326 0.00716722 0.00283901 -0.00462438 -0.010633 -0.013075 -0.012845 -0.0116969 -0.0107247 -0.0102433 -0.0100108 -0.00911077 -0.00609373 -6.74409e-05 0.0084201 0.017882 0.0260802 0.0294493 0.0249157 0.0137964 0.00253572 -0.00202584 0.00137977 
0.00709225 0.0108697 0.00673149 -0.000909687 -0.00504628 -0.00289565 0.00281597 0.00714194 0.00619267 -0.000310481 -0.00870916 -0.0146497 -0.0164035 -0.0150462 -0.0126344 -0.0106649 -0.00964831 -0.00934743 -0.00897704 -0.00743287 -0.00392343 0.00164499 0.0089245 0.0164625 0.0205366 0.0171736 0.006914 -0.00369962 -0.00709317 -0.00156407 
0.0121725 0.0175666 0.0153864 0.0104857 0.00930114 0.0130682 0.017873 0.0188819 0.0136057 0.00344888 -0.00725526 -0.014484 -0.0168572 -0.0155188 -0.0127062 -0.0102737 -0.00896749 -0.0085536 -0.00829876 -0.00746999 -0.0056213 -0.00230502 0.00317363 0.0102604 0.0152922 0.0136806 0.0053463 -0.00345948 -0.00521119 0.00190577 
0.021522 0.0265606 0.0258155 0.0241012 0.0261077 0.0310841 0.0344979 0.0323156 0.0234685 0.0104881 -0.00207559 -0.0105912 -0.0139642 -0.013364 -0.0110364 -0.00892031 -0.00784288 -0.00756276 -0.00733994 -0.00665792 -0.00539424 -0.00303832 0.00171991 0.00902665 0.0154838 0.0163402 0.0110966 0.00516619 0.00502814 0.0121386 
0.031786 0.0341066 0.0329696 0.0328187 0.0363492 0.0412851 0.0432223 0.0391886 0.0290398 0.0155889 0.00304987 -0.00548661 -0.00927568 -0.00951186 -0.00819455 -0.00695981 -0.00650393 -0.00658483 -0.00643337 -0.00555802 -0.0040582 -0.00165054 0.00311241 0.0109272 0.019013 0.0229294 0.021755 0.019388 0.0204441 0.0257946 
0.038572 0.036731 0.0335883 0.0330032 0.0360358 0.0397116 0.0403179 0.0358812 0.0266682 0.0151613 0.00480723 -0.00207836 -0.00523465 -0.00585561 -0.00547228 -0.00517477 -0.00542457 -0.00598454 -0.00602179 -0.00490522 -0.0028387 2.78453e-05 0.0048499 0.012706 0.0218068 0.0285688 0.031702 0.0330611 0.0348749 0.0373775 
0.0400162 0.0337872 0.0278513 0.0256062 0.0270286 0.0289752 0.0285175 0.0245089 0.0174509 0.00930286 0.00249948 -0.00161253 -0.0032941 -0.00365593 -0.00369739 -0.00398638 -0.00478498 -0.00585403 -0.00627532 -0.00520973 -0.00282738 0.000316379 0.00482652 0.0118604 0.0207321 0.0291996 0.0359519 0.0408241 0.0435343 0.0434675 
0.0369572 0.0272176 0.0187443 0.0148697 0.0149171 0.0155368 0.0142569 0.0106974 0.00582294 0.00119193 -0.00187559 -0.00308044 -0.00309475 -0.00282148 -0.00280304 -0.00327763 -0.00439764 -0.00589814 -0.0068045 -0.00615063 -0.00399744 -0.00107547 0.00270861 0.00830066 0.0158497 0.0245239 0.03342 0.0410249 0.0450089 0.0436538 
0.0300664 0.0186657 0.00918518 0.00498956 0.00485888 0.0049734 0.00301634 -0.000513164 -0.00384521 -0.00563612 -0.00566246 -0.00460593 -0.00336822 -0.00253507 -0.00230353 -0.00277269 -0.0040442 -0.00579143 -0.00704246 -0.0068708 -0.00526638 -0.0029098 7.75059e-06 0.00408427 0.00981874 0.017376 0.0264514 0.0350985 0.0398986 0.0382184 
0.0188051 0.00797439 -0.000281318 -0.00304703 -0.00213244 -0.0017442 -0.00398922 -0.00748862 -0.00971661 -0.00951049 -0.00752554 -0.00513726 -0.0032888 -0.00222433 -0.00189583 -0.00236106 -0.00367986 -0.0054496 -0.00676121 -0.0068484 -0.00569903 -0.00385877 -0.00163354 0.00119253 0.00502781 0.010468 0.0177328 0.0251259 0.0291655 0.0270367 
0.00351664 -0.00525114 -0.0107104 -0.0109385 -0.00826361 -0.00685217 -0.00841183 -0.0110576 -0.0120538 -0.0105048 -0.0075045 -0.0046379 -0.00272205 -0.00173389 -0.0014722 -0.00197285 -0.00325624 -0.00489045 -0.00608277 -0.00623794 -0.00534914 -0.00384194 -0.00209456 -0.000260909 0.00173645 0.00450696 0.00861158 0.0129019 0.0145201 0.011235 
-0.0123632 -0.018833 -0.0212955 -0.0188688 -0.0142104 -0.0111516 -0.0110091 -0.0119238 -0.011531 -0.00922983 -0.00607457 -0.00339915 -0.00177968 -0.00104266 -0.000925292 -0.00145203 -0.00264458 -0.00413575 -0.00528086 -0.00558706 -0.00499582 -0.00381964 -0.00247824 -0.00141238 -0.00092738 -0.000641863 0.000145866 0.000867365 -0.00046771 -0.00520724 
-0.0235235 -0.0280636 -0.0282245 -0.0238425 -0.0176534 -0.0130636 -0.0111257 -0.0103231 -0.0089003 -0.00648504 -0.00382273 -0.00177309 -0.00063873 -0.000199347 -0.000217794 -0.000739514 -0.00184331 -0.00329657 -0.00459391 -0.00526353 -0.00513524 -0.00438193 -0.00338088 -0.00270721 -0.00299249 -0.00423618 -0.00581291 -0.00781157 -0.0113753 -0.0170539 
-0.0266655 -0.029506 -0.0283186 -0.0233321 -0.0169274 -0.0118623 -0.00897448 -0.00719466 -0.00537201 -0.00330877 -0.00142967 -0.000140838 0.000489284 0.000661906 0.000537277 3.48796e-05 -0.000989788 -0.00243883 -0.00391849 -0.00495445 -0.00527643 -0.00492133 -0.00413495 -0.00343653 -0.00363365 -0.00516551 -0.00771865 -0.0111063 -0.0157073 -0.0213696 
-0.0227217 -0.0240424 -0.0225079 -0.018481 -0.013427 -0.00908099 -0.00609113 -0.00395946 -0.00213343 -0.000570805 0.000546322 0.00116101 0.00137854 0.00135431 0.00116626 0.000719886 -0.000151501 -0.00144152 -0.00286624 -0.00401009 -0.00459627 -0.00458714 -0.00405319 -0.00326781 -0.00295467 -0.00387581 -0.00619904 -0.00975305 -0.0143118 -0.0190879 
-0.0155915 -0.0159066 -0.0148579 -0.0127146 -0.00976732 -0.00660573 -0.00378284 -0.00149352 0.000224958 0.00130978 0.00179967 0.00191378 0.00187767 0.00178536 0.00163011 0.00131672 0.000703369 -0.000251109 -0.0013926 -0.00244513 -0.00321336 -0.00364977 -0.00366574 -0.00318069 -0.00255692 -0.00258788 -0.00389198 -0.00658572 -0.0101976 -0.0135871 
-0.00924993 -0.00929652 -0.00905148 -0.00857641 -0.0073279 -0.00510066 -0.00242595 -5.66428e-05 0.00154182 0.0022815 0.00239315 0.00227823 0.00221165 0.0022088 0.00217114 0.00199787 0.00159652 0.000910639 -3.15088e-05 -0.00110181 -0.00217996 -0.00321809 -0.00403406 -0.00424823 -0.00375447 -0.00308808 -0.00308538 -0.00425341 -0.00632472 -0.00828837 
-0.00566403 -0.00592226 -0.00623159 -0.00649275 -0.00599557 -0.00431684 -0.00192182 0.000312526 0.00182129 0.00253356 0.00271577 0.00275304 0.00286862 0.00301672 0.00305202 0.00288406 0.00247244 0.00176062 0.000693554 -0.000672977 -0.0022049 -0.00380989 -0.00528508 -0.00613897 -0.00595009 -0.00493131 -0.00389312 -0.00360331 -0.00418795 -0.00508271 
-0.00468787 -0.00514181 -0.00552778 -0.00570303 -0.00525247 -0.00393293 -0.00205559 -0.000196473 0.00129119 0.00234915 0.00305752 0.00354987 0.00391572 0.00412353 0.00408814 0.0037675 0.00314841 0.00216338 0.000729628 -0.00107169 -0.003005 -0.00488635 -0.00652879 -0.00751284 -0.00739696 -0.00627778 -0.00487793 -0.00396107 -0.00380034 -0.00417165 
-0.00518139 -0.0055475 -0.00568076 -0.00548106 -0.00486517 -0.00382798 -0.00251144 -0.00106971 0.000460748 0.00202061 0.00338958 0.00434563 0.0048447 0.00495814 0.00474642 0.00422853 0.00337348 0.00208145 0.000287208 -0.0018404 -0.00393904 -0.0057269 -0.0070285 -0.00757004 -0.00712419 -0.00597042 -0.00485928 -0.00433554 -0.00438026 -0.00473274 
-0.00595616 -0.00608462 -0.00593724 -0.00548142 -0.00477267 -0.00390767 -0.00292693 -0.00172601 -0.000128475 0.00179886 0.0035918 0.00475878 0.00519988 0.0051226 0.00472226 0.00404864 0.003029 0.00153476 -0.000458347 -0.00269158 -0.00471296 -0.00617497 -0.0068918 -0.00669996 -0.00564575 -0.00435959 -0.00375713 -0.00412831 -0.00493305 -0.00558713 
-0.00633881 -0.00634724 -0.00610892 -0.00562956 -0.00493639 -0.00410766 -0.0031734 -0.00199589 -0.000345418 0.0017084 0.00359276 0.00471003 0.00498196 0.00471251 0.00415168 0.00334851 0.00221896 0.00064435 -0.00136382 -0.00351013 -0.00532203 -0.00643308 -0.00663607 -0.00580051 -0.00415192 -0.00262207 -0.00232012 -0.00339624 -0.00490905 -0.00594206 
-0.00668988 -0.00677314 -0.00666374 -0.0063352 -0.00570916 -0.00481256 -0.00373014 -0.00241781 -0.00068244 0.00140981 0.00326809 0.00428642 0.00442373 0.00401441 0.00330351 0.00235237 0.00113134 -0.000422624 -0.00228344 -0.00418947 -0.00572407 -0.00656476 -0.00651089 -0.00540793 -0.00350086 -0.00183095 -0.00161493 -0.00298966 -0.00487116 -0.006173 
-0.00851042 -0.00879773 -0.00891312 -0.008731 -0.00806915 -0.00694197 -0.00551623 -0.00385479 -0.0018218 0.000498606 0.00250027 0.00357675 0.00369971 0.0031999 0.00232476 0.00119757 -0.000105596 -0.00156929 -0.00316298 -0.0046956 -0.00586645 -0.00647949 -0.00641527 -0.00548737 -0.00382813 -0.00240418 -0.00243526 -0.0040844 -0.00625358 -0.0078003 
-0.0135244 -0.0140782 -0.0142253 -0.0137886 -0.0126374 -0.0108879 -0.00877917 -0.00642317 -0.00374275 -0.000892232 0.00147755 0.00276198 0.00294778 0.00237196 0.00131909 8.76536e-06 -0.00137191 -0.00273497 -0.00403417 -0.00513435 -0.00586677 -0.0062153 -0.00621081 -0.00567975 -0.00463374 -0.00392717 -0.00474817 -0.00723373 -0.0101913 -0.0123689 
-0.0221781 -0.0228894 -0.0224305 -0.0208354 -0.0183821 -0.0154607 -0.0123229 -0.00901593 -0.00549904 -0.00203031 0.000702184 0.00214932 0.00235994 0.0016969 0.000482553 -0.00098718 -0.00245182 -0.00377178 -0.00486217 -0.00560268 -0.00592652 -0.00596701 -0.00589471 -0.00562655 -0.00521597 -0.00554711 -0.00780253 -0.0119853 -0.0166237 -0.0201723 
-0.0331336 -0.0336054 -0.0315907 -0.0277414 -0.023173 -0.0187028 -0.0144898 -0.0103514 -0.00618962 -0.00232953 0.000538748 0.00196941 0.00211142 0.00135717 3.03924e-05 -0.00155587 -0.00311713 -0.0044744 -0.00548245 -0.00600911 -0.00605539 -0.00582653 -0.00555883 -0.00532456 -0.00542681 -0.00694458 -0.0110578 -0.0175447 -0.0245469 -0.0300578 
-0.0442693 -0.0439698 -0.0396397 -0.0328335 -0.0257569 -0.0197294 -0.0147403 -0.0102275 -0.00587019 -0.00194416 0.000873621 0.00219037 0.00222254 0.00138955 -4.72764e-06 -0.00167358 -0.00332619 -0.00473035 -0.00568159 -0.00606424 -0.00596285 -0.00563021 -0.00533326 -0.00530577 -0.0061177 -0.00898369 -0.0149844 -0.0236834 -0.0329518 -0.0403471 
-0.0537354 -0.0523043 -0.0455767 -0.0359295 -0.0265503 -0.0192415 -0.0138698 -0.00947129 -0.00534362 -0.00154693 0.00124629 0.00254143 0.00251227 0.00160887 0.000145657 -0.0016022 -0.00329956 -0.00462799 -0.00537323 -0.00553944 -0.00536909 -0.0052095 -0.00539649 -0.00627821 -0.00846527 -0.0129659 -0.020544 -0.0306446 -0.0411936 -0.0496019 
-0.0601784 -0.0575536 -0.0490661 -0.037503 -0.0265849 -0.0184675 -0.0130434 -0.00907659 -0.00541368 -0.00175122 0.00122445 0.0027244 0.00273344 0.00174062 0.000144575 -0.00172226 -0.00340796 -0.00447871 -0.00479469 -0.00461834 -0.00442757 -0.00468599 -0.00582223 -0.00826539 -0.0124486 -0.0188081 -0.0275303 -0.03799 -0.0484741 -0.0566338 
-0.0625655 -0.0588882 -0.0496081 -0.0374742 -0.0261898 -0.0180045 -0.012907 -0.00955709 -0.00639772 -0.00271224 0.000751092 0.00272154 0.00285182 0.00169241 -0.000164713 -0.00223949 -0.00391306 -0.0046307 -0.0043824 -0.00376986 -0.00352697 -0.00416815 -0.00615735 -0.010032 -0.0160857 -0.0241202 -0.0336169 -0.0437975 -0.0533189 -0.060251 
-0.059687 -0.0551581 -0.0459555 -0.0345867 -0.0243681 -0.0172798 -0.0132109 -0.0107474 -0.0080492 -0.00408145 0.000219837 0.00290738 0.00317464 0.00168984 -0.000607314 -0.00299664 -0.00470462 -0.00508888 -0.00425593 -0.0031121 -0.00260527 -0.00321723 -0.00536812 -0.00975638 -0.0167491 -0.0257522 -0.0356391 -0.0453523 -0.0536532 -0.0589267 
-0.0495999 -0.0444277 -0.0359849 -0.0265981 -0.0190844 -0.0147611 -0.0129684 -0.0120307 -0.00992045 -0.00548269 -4.82673e-05 0.00355675 0.0039542 0.00199098 -0.000884706 -0.00362297 -0.00534399 -0.00538976 -0.00395225 -0.00213985 -0.0010438 -0.00109706 -0.00267611 -0.00665487 -0.0135528 -0.0225367 -0.0320199 -0.0406886 -0.0473135 -0.0505566 
-0.0300622 -0.024713 -0.0179688 -0.011951 -0.0088657 -0.00905869 -0.0110006 -0.0126057 -0.011684 -0.00705456 -0.000531343 0.00408603 0.00473566 0.00237949 -0.000992513 -0.0039397 -0.00548638 -0.00503075 -0.00288059 -0.000283673 0.00159462 0.00233553 0.00152882 -0.00180929 -0.00809657 -0.0160053 -0.0234756 -0.0292502 -0.0326047 -0.0328891 
-0.000262873 0.00400763 0.00718347 0.00800477 0.00536348 -7.71638e-05 -0.00632315 -0.0112889 -0.0126794 -0.00901216 -0.00219012 0.00325088 0.00445376 0.00216578 -0.00131334 -0.00416369 -0.00524304 -0.00402112 -0.00101088 0.00237728 0.00495224 0.00629267 0.00590665 0.00286733 -0.00265999 -0.00833293 -0.0115065 -0.011493 -0.00900106 -0.00490815 
0.0370435 0.0381554 0.0351317 0.0289273 0.0203733 0.0107948 0.00142971 -0.00671802 -0.0114991 -0.010576 -0.00501959 0.000577227 0.00255645 0.000933091 -0.0021463 -0.00459412 -0.00500683 -0.00287988 0.00101311 0.00506309 0.00807577 0.00964949 0.00927755 0.00632327 0.00190953 -0.000323758 0.00282168 0.0110761 0.0215982 0.0311509 
0.0741809 0.0703466 0.0593857 0.0456085 0.0323481 0.0210373 0.0109762 0.00106648 -0.00713566 -0.0101837 -0.00746914 -0.0027559 -0.000214195 -0.000892196 -0.00324622 -0.00514249 -0.00494076 -0.00211562 0.00238251 0.00683152 0.0100605 0.0117168 0.0114254 0.00901885 0.00653608 0.00856087 0.0184904 0.0350971 0.0535589 0.0681446 
0.0997753 0.0909669 0.073141 0.0537704 0.0382564 0.0276282 0.0190792 0.00939956 -0.0007761 -0.00734176 -0.00797126 -0.00501498 -0.00255476 -0.00249636 -0.00406115 -0.00537136 -0.0047875 -0.00177488 0.00277422 0.00728176 0.0106775 0.0126725 0.0131253 0.0123069 0.012632 0.0186617 0.0333705 0.0549892 0.0778869 0.0948897 
0.104793 0.0929 0.0720868 0.0514456 0.0369771 0.0287849 0.0227128 0.0145921 0.00443004 -0.00374271 -0.00673836 -0.0056411 -0.0038733 -0.00352788 -0.00436781 -0.0050192 -0.00418796 -0.00139794 0.0027596 0.00711383 0.0107743 0.0135216 0.0154596 0.0170545 0.0202929 0.0286137 0.0440474 0.0649738 0.0866046 0.1021 
0.0905576 0.0778947 0.0583259 0.0408692 0.030498 0.0257679 0.0218779 0.0151559 0.00600317 -0.00184209 -0.00542461 -0.00540544 -0.0044558 -0.00419216 -0.00444921 -0.00436356 -0.00318269 -0.00054028 0.00335541 0.00774908 0.0118404 0.0154444 0.0189196 0.0227086 0.0277784 0.0358597 0.0480364 0.0635189 0.0794415 0.0904972 
0.0693275 0.0571518 0.0406291 0.0281256 0.0230078 0.0219106 0.0193804 0.0129042 0.00434557 -0.00235622 -0.00506033 -0.00500027 -0.00456023 -0.00463853 -0.00468267 -0.00406135 -0.00245848 0.000433666 0.00471927 0.00978194 0.0145957 0.0188757 0.0232449 0.0280839 0.0332667 0.0390239 0.0460842 0.0549745 0.0647303 0.0713602 
0.054274 0.0427754 0.028072 0.0186992 0.0174056 0.0192656 0.0176698 0.0107349 0.00203227 -0.0036597 -0.00490026 -0.00406182 -0.00385894 -0.00462174 -0.0051368 -0.00461908 -0.00288975 0.000444651 0.00571279 0.0121241 0.0180891 0.0230197 0.0277158 0.0325267 0.0364973 0.038956 0.0410591 0.0450815 0.0515289 0.0566055 
0.0494112 0.0386912 0.0233855 0.0135351 0.0131399 0.0168245 0.0164911 0.00969156 0.00094196 -0.00396239 -0.00381988 -0.00209191 -0.00213315 -0.00394928 -0.00562065 -0.00595067 -0.00462795 -0.00105034 0.00528153 0.0132672 0.0206235 0.0263079 0.0311476 0.0354921 0.0378402 0.0369914 0.0349159 0.0360322 0.0423643 0.0495123 
0.0501717 0.0408292 0.0235904 0.0105531 0.00833984 0.0124951 0.0138247 0.00842297 0.000511418 -0.00354339 -0.00236748 2.11964e-05 -0.000241727 -0.00305118 -0.00598985 -0.00743647 -0.00682241 -0.00331642 0.00369648 0.0128594 0.0213125 0.0275358 0.0322656 0.0359088 0.0366961 0.0330744 0.0276939 0.0270102 0.0347879 0.0461066 
0.0515398 0.0442713 0.0255645 0.0088435 0.00327549 0.00627949 0.00874571 0.00542507 -0.000777964 -0.00383665 -0.00209198 0.000631501 0.000418802 -0.00269176 -0.00621476 -0.00834167 -0.0082933 -0.00508347 0.00196759 0.0114284 0.0201799 0.0263588 0.0305041 0.0330434 0.0322689 0.0266883 0.0193964 0.018001 0.0275255 0.0429918 
0.0524058 0.0473228 0.0284981 0.00930842 0.000156028 0.00050131 0.00273171 0.00124094 -0.00282069 -0.00479467 -0.00301966 -0.000503453 -0.000559801 -0.00318661 -0.00626249 -0.00821667 -0.00831258 -0.00557783 0.000695904 0.00925527 0.0172001 0.0226876 0.0260322 0.0274819 0.0255506 0.0192444 0.0119181 0.0111881 0.0223292 0.040591 
0.052633 0.0494217 0.0318864 0.0120518 2.74497e-05 -0.00296391 -0.00205387 -0.00222228 -0.00406395 -0.00497302 -0.00371724 -0.00219622 -0.00249706 -0.00435032 -0.00620772 -0.00716742 -0.00691521 -0.00474877 -8.25624e-06 0.00643412 0.0124028 0.0166517 0.0195035 0.0208352 0.0191114 0.0136367 0.00766385 0.00818464 0.0201878 0.039359 
0.0503787 0.0493163 0.0346976 0.0159684 0.00196981 -0.00429988 -0.00498897 -0.00411762 -0.00397513 -0.0041216 -0.00388069 -0.00397033 -0.00495724 -0.00606968 -0.00636319 -0.00582078 -0.00479559 -0.00305621 -0.000110939 0.00357989 0.00685604 0.00957321 0.0124314 0.0148383 0.0146603 0.0108369 0.00618775 0.00715462 0.018578 0.0368762 
0.0450201 0.047426 0.037642 0.0213308 0.00568626 -0.00401635 -0.00656753 -0.00510342 -0.0036355 -0.00365099 -0.0047903 -0.0065561 -0.00812059 -0.00835224 -0.00697257 -0.00482462 -0.00285675 -0.00125179 0.000274297 0.00155189 0.00237784 0.00378365 0.00691136 0.0105554 0.0116691 0.00868796 0.00427318 0.00466858 0.0145805 0.0312426 
0.0419546 0.0488761 0.0447159 0.0308994 0.0129832 -0.0011217 -0.0066393 -0.00575819 -0.0040195 -0.00453118 -0.00707159 -0.0100607 -0.011662 -0.0107363 -0.00777404 -0.00434265 -0.00168377 -6.69574e-05 0.000702194 0.000587883 2.1108e-05 0.000784042 0.00405109 0.00784307 0.00852275 0.00487816 0.000302048 0.000955425 0.0106857 0.026882 
0.0536263 0.0636214 0.0621997 0.048093 0.0258679 0.0056975 -0.00458487 -0.00609437 -0.00527643 -0.00642468 -0.00964805 -0.0129457 -0.0140909 -0.0121336 -0.00817471 -0.00424456 -0.00155378 -9.52372e-05 0.000421079 -3.47128e-05 -0.000836716 -0.000128159 0.00279359 0.00535789 0.00426724 -7.64481e-05 -0.00269469 0.00228946 0.0166059 0.0360398 
0.0952752 0.103503 0.0968321 0.0755398 0.0450474 0.0167362 -0.000156666 -0.00600109 -0.00724368 -0.00862626 -0.0110474 -0.0133651 -0.0138724 -0.011732 -0.00801628 -0.00470913 -0.00277541 -0.0018111 -0.00135145 -0.00153174 -0.00197517 -0.00133328 0.000563351 0.00136576 -0.000763444 -0.00306339 0.00131228 0.0177959 0.0448616 0.0739227 
0.175396 0.175224 0.152291 0.114416 0.0706685 0.0322 0.00712466 -0.00498447 -0.00958723 -0.0109207 -0.0111241 -0.0113133 -0.0112545 -0.0100487 -0.00790805 -0.00612666 -0.00534002 -0.00496072 -0.00449158 -0.00428309 -0.00451475 -0.0045862 -0.00433607 -0.00464103 -0.00503616 -0.000576834 0.0170977 0.0531406 0.102334 0.14878 
0.281187 0.267864 0.220883 0.160245 0.100661 0.0515258 0.0175157 -0.00248123 -0.0119555 -0.0137378 -0.0113782 -0.00902709 -0.0084578 -0.00866378 -0.00854725 -0.0083048 -0.00827069 -0.0080552 -0.00741822 -0.00697986 -0.00748838 -0.00894417 -0.0104942 -0.0105618 -0.00617288 0.00888746 0.0436562 0.103375 0.179794 0.248373 
0.370839 0.345264 0.277049 0.197587 0.126257 0.0696676 0.0284262 0.000852927 -0.0139904 -0.0170483 -0.0129674 -0.0086051 -0.00753586 -0.00871745 -0.00992239 -0.0103567 -0.010207 -0.00955977 -0.00860336 -0.0081178 -0.00911048 -0.0117874 -0.0142915 -0.0126834 -0.00225832 0.023095 0.071931 0.149799 0.247297 0.333524 
