0.562652 0.561978 0.403546 0.206562 0.0717681 0.0118221 -0.00250279 0.00251887 0.0102999 0.0120126 0.00669697 -0.00152264 -0.00875189 -0.0137857 -0.0169514 -0.0184841 -0.0175793 -0.0131515 -0.00640116 -0.00112478 0.000756665 0.00297007 0.00986555 0.0178056 0.0191757 0.0168266 0.0294887 0.086781 0.217263 0.408114 
0.399367 0.384001 0.263062 0.1233 0.0322302 -0.0060541 -0.0138304 -0.00770981 0.00199741 0.00764593 0.00689684 0.00225009 -0.0037158 -0.00981242 -0.0150771 -0.0184938 -0.0185202 -0.013856 -0.00619577 0.000190934 0.00370445 0.00823893 0.0175244 0.0276266 0.0306792 0.0280748 0.0358886 0.0777785 0.171713 0.302537 
0.211876 0.189394 0.117347 0.0442403 -0.00018275 -0.0191994 -0.0239688 -0.0191206 -0.00839465 0.00145948 0.00596751 0.00504651 -0.000217032 -0.00788705 -0.0150242 -0.0194572 -0.0195586 -0.0143744 -0.00606254 0.00122595 0.0067641 0.0143799 0.0264385 0.0387209 0.0436629 0.0400904 0.0387859 0.0570858 0.105799 0.171624 
0.0828491 0.0656675 0.0332334 0.00674202 -0.00911072 -0.0200948 -0.0269565 -0.0252484 -0.0147717 -0.00218141 0.00613082 0.00760155 0.00203106 -0.00748168 -0.0159049 -0.0203554 -0.0198422 -0.0141343 -0.00561262 0.00208677 0.00916572 0.0192698 0.0333604 0.04688 0.0525281 0.0464787 0.0346211 0.0310619 0.0460204 0.0714476 
0.0185002 0.0151279 0.00918955 0.00648119 0.00102107 -0.0107777 -0.022063 -0.0237911 -0.0147887 -0.00187197 0.0078939 0.0104014 0.0042691 -0.00678597 -0.0161985 -0.0205608 -0.0195857 -0.0137132 -0.00526162 0.00266749 0.0106402 0.0218631 0.0364793 0.0498397 0.0544334 0.0443443 0.0229653 0.0042659 0.00111558 0.0111201 
-0.00298424 0.00723846 0.016645 0.0237211 0.020049 0.0050797 -0.0104199 -0.0157823 -0.0097591 0.00122445 0.0104259 0.0130251 0.00665719 -0.00515569 -0.0152834 -0.01994 -0.01916 -0.0136925 -0.00556612 0.00249461 0.0107726 0.0216389 0.0347548 0.0456912 0.0471162 0.0329524 0.00669165 -0.017345 -0.0252887 -0.0164984 
0.000613322 0.0176524 0.032835 0.0433211 0.0408509 0.0251083 0.00703841 -0.00216277 -0.000407163 0.00699654 0.0138977 0.015358 0.00873685 -0.00298441 -0.013249 -0.0184014 -0.0183951 -0.013834 -0.00640235 0.00140565 0.00947187 0.0191564 0.0291403 0.0349279 0.030747 0.0133744 -0.0116737 -0.0309458 -0.0332003 -0.0189678 
0.0137612 0.0294581 0.0425454 0.0528709 0.052956 0.0402999 0.0234176 0.0128298 0.0114291 0.0152285 0.0188259 0.0178665 0.0105025 -0.000632914 -0.0104352 -0.0159506 -0.0167815 -0.0131852 -0.00672352 0.000289841 0.00770349 0.0160227 0.0223861 0.0219592 0.0117354 -0.00709749 -0.0269151 -0.0362699 -0.0283846 -0.0076665 
0.0231443 0.0315546 0.0375813 0.0443216 0.0459776 0.0387184 0.0279259 0.0211784 0.0202769 0.0222188 0.023004 0.0195862 0.0114305 0.00103526 -0.00804247 -0.0135545 -0.0146628 -0.0115564 -0.00606182 -0.000205284 0.00622382 0.0131099 0.0162853 0.0112233 -0.00172212 -0.0178645 -0.0299318 -0.0301299 -0.0157599 0.0060321 
0.0291066 0.0278734 0.0251158 0.0253596 0.0253579 0.0225395 0.01995 0.0203896 0.0224404 0.0237892 0.0229388 0.0185186 0.0105132 0.000934318 -0.00754927 -0.0127846 -0.0136201 -0.0106611 -0.00615376 -0.00150216 0.00419277 0.0103807 0.0120487 0.00559184 -0.0052911 -0.0139469 -0.0162302 -0.00978264 0.00499573 0.0211151 
0.040373 0.0309578 0.0204507 0.0131192 0.00838262 0.00674217 0.0102521 0.0168147 0.0210681 0.0213399 0.0193756 0.0153883 0.00858832 -9.63549e-05 -0.00820437 -0.0131898 -0.0138302 -0.0113109 -0.00805062 -0.00449035 0.00129476 0.00869677 0.0119761 0.00780756 0.00193029 0.00186385 0.00846159 0.0193521 0.0321711 0.0412429 
0.0538462 0.0401536 0.0252995 0.0122927 0.00250921 -0.000270047 0.00601452 0.0157477 0.0206066 0.0194544 0.0166071 0.0133616 0.00792141 0.000192611 -0.00744867 -0.0122371 -0.0130278 -0.0112773 -0.00925422 -0.00657348 -0.000325028 0.00933602 0.0163213 0.0167098 0.0161274 0.0218044 0.0330453 0.0454855 0.0560215 0.0600834 
0.0575354 0.0431765 0.0275868 0.0125655 0.000733234 -0.00238007 0.00486806 0.0153699 0.0203101 0.0189393 0.016048 0.0132069 0.00861218 0.00192884 -0.00485545 -0.00930473 -0.0103201 -0.00912987 -0.00767902 -0.00537703 0.000844928 0.0112218 0.0202147 0.023929 0.0269686 0.0352733 0.0474331 0.0586018 0.0658159 0.0660959 
0.050765 0.0375985 0.0219822 0.00657704 -0.00416726 -0.00516785 0.00292089 0.0127889 0.0177314 0.0175339 0.0154935 0.012746 0.0085367 0.00299954 -0.00260018 -0.00660006 -0.00787124 -0.00702241 -0.00550311 -0.00302466 0.00244426 0.0106752 0.0174706 0.0207777 0.0250579 0.0345326 0.0464524 0.0555126 0.0597735 0.0585612 
0.0444857 0.0335821 0.0164292 -0.000867128 -0.0105207 -0.00865009 0.000491976 0.00918974 0.0135758 0.0143519 0.0130466 0.0102017 0.00627938 0.00196639 -0.00232118 -0.00585904 -0.00757423 -0.00738465 -0.00602069 -0.00345375 0.000726397 0.00509821 0.007036 0.00743034 0.0113945 0.0212827 0.0326744 0.0405338 0.0450741 0.0473566 
0.04484 0.0373113 0.0185411 -0.00174349 -0.0122334 -0.00933071 8.86748e-05 0.00736616 0.0101839 0.0102399 0.00850719 0.00538878 0.00197229 -0.000988684 -0.00384624 -0.00670726 -0.0088261 -0.00977175 -0.00951267 -0.00780431 -0.00527744 -0.0042895 -0.00625665 -0.00815141 -0.00477341 0.00452759 0.0147115 0.0225059 0.0305773 0.0401451 
0.0474038 0.0437437 0.0258263 0.00447312 -0.0076196 -0.00622702 0.00177103 0.00748891 0.00852858 0.00674004 0.0035119 -0.000160445 -0.00298006 -0.00461878 -0.00603979 -0.00790318 -0.0100077 -0.0121037 -0.0136664 -0.013763 -0.0128309 -0.013228 -0.0159554 -0.0179278 -0.0149891 -0.00731171 0.00107343 0.00913455 0.0208383 0.0365293 
0.0456037 0.0449024 0.0302957 0.0109066 -0.00200114 -0.00362816 0.00158798 0.00637242 0.00745864 0.00514058 0.000720982 -0.00376717 -0.00645754 -0.00733724 -0.00776197 -0.00865977 -0.0103508 -0.0130702 -0.0161508 -0.0178681 -0.017649 -0.0171835 -0.0178725 -0.0183077 -0.0158587 -0.0103486 -0.00400883 0.00343315 0.0157872 0.0327597 
0.0380855 0.0381543 0.0270532 0.0111489 -0.00132187 -0.00580783 -0.00349846 0.00139886 0.00497972 0.00476474 0.00071926 -0.0043323 -0.00742116 -0.00828 -0.00835557 -0.00866696 -0.009864 -0.0125617 -0.0161157 -0.0183066 -0.0176103 -0.0149977 -0.0125982 -0.0110873 -0.00910751 -0.00559386 -0.0012616 0.00431749 0.0140107 0.0275454 
0.0287878 0.0275375 0.0185256 0.00599086 -0.00487674 -0.0108399 -0.010844 -0.00588378 0.000425936 0.00333796 0.00104508 -0.00357872 -0.00672062 -0.00762893 -0.00762213 -0.00770815 -0.00861217 -0.0110041 -0.0142987 -0.0162504 -0.0148648 -0.0105305 -0.00578105 -0.00274604 -0.000976303 0.00126896 0.00432984 0.00825754 0.0144866 0.0227825 
0.0223107 0.0194686 0.0113818 0.00144537 -0.00720264 -0.0132175 -0.0149066 -0.0110272 -0.00419771 0.000248761 -0.000335619 -0.00355067 -0.005748 -0.00613432 -0.00587924 -0.0058739 -0.00672007 -0.00895485 -0.012119 -0.014255 -0.0132091 -0.00876566 -0.00325966 0.000549217 0.00236566 0.0041557 0.00713455 0.0109885 0.0154514 0.0199888 
0.0188169 0.0158573 0.00886347 0.00117336 -0.00512994 -0.0103135 -0.0129393 -0.0108676 -0.00588446 -0.00250371 -0.00274461 -0.00457359 -0.00535748 -0.00483779 -0.00409632 -0.0038552 -0.00461664 -0.00688209 -0.0103566 -0.0133516 -0.0136267 -0.0103675 -0.00537494 -0.00154073 0.000241052 0.00189997 0.00538624 0.010177 0.014544 0.017709 
0.0149711 0.0131555 0.00824562 0.00312078 -0.00093163 -0.00493254 -0.00764606 -0.00698771 -0.0044969 -0.00349531 -0.00463727 -0.0058777 -0.00567525 -0.00443822 -0.00318801 -0.00252699 -0.00300756 -0.0052314 -0.00899266 -0.0127263 -0.0142042 -0.0122747 -0.00831511 -0.00516292 -0.00396038 -0.00269689 0.00113474 0.00679378 0.0113476 0.0139229 
0.00850384 0.00751046 0.0050053 0.00248614 0.000262685 -0.00256667 -0.00460719 -0.00421784 -0.00305933 -0.00362029 -0.00552984 -0.00664521 -0.00609371 -0.00463723 -0.00316887 -0.00221076 -0.0023922 -0.00436806 -0.00793202 -0.0116312 -0.0134496 -0.0122936 -0.00939184 -0.00738315 -0.00724807 -0.00674458 -0.00302346 0.00294509 0.00715556 0.00840657 
-9.82761e-05 -0.00143371 -0.00213984 -0.002416 -0.00321376 -0.00505336 -0.00610307 -0.00501671 -0.00360418 -0.00402254 -0.00561013 -0.00637896 -0.00579668 -0.00459719 -0.00336763 -0.00246455 -0.00248684 -0.00404132 -0.0069341 -0.00990891 -0.0113025 -0.0103504 -0.0082687 -0.00729325 -0.0080979 -0.00851365 -0.00570897 -0.00052192 0.00262032 0.00189915 
-0.00833375 -0.0102971 -0.00961245 -0.00784674 -0.00746516 -0.0088723 -0.00949503 -0.00767481 -0.00522519 -0.00443546 -0.00491799 -0.00504839 -0.00451612 -0.00386188 -0.00321515 -0.00260093 -0.002492 -0.00347357 -0.00546508 -0.00745131 -0.00808651 -0.00692393 -0.00515348 -0.00458283 -0.00579499 -0.0072601 -0.00651745 -0.00361609 -0.00218796 -0.00453314 
-0.0138166 -0.015244 -0.0129568 -0.00953822 -0.00866849 -0.0105728 -0.0117058 -0.0096943 -0.0062822 -0.00420524 -0.00359904 -0.0031812 -0.00276781 -0.00271095 -0.0026793 -0.00229978 -0.00193281 -0.00225359 -0.00337647 -0.00450013 -0.0044249 -0.0027653 -0.000631869 0.000291426 -0.000895414 -0.00359507 -0.00580327 -0.00632736 -0.00697452 -0.00991836 
-0.0159428 -0.0154417 -0.0114131 -0.00719979 -0.00680824 -0.00982409 -0.0119166 -0.0102383 -0.00645364 -0.00364908 -0.00240034 -0.00168644 -0.00139715 -0.00174067 -0.0020499 -0.00167592 -0.000954856 -0.000693001 -0.00117589 -0.00175694 -0.00125993 0.000860775 0.00363169 0.00520947 0.00416843 0.000320988 -0.0046989 -0.00859911 -0.0111308 -0.0136875 
-0.0153964 -0.012819 -0.00764326 -0.00342451 -0.00372204 -0.00756242 -0.010552 -0.00976179 -0.00650688 -0.0037548 -0.00229563 -0.00136746 -0.000975792 -0.00129095 -0.00154034 -0.00100274 -4.09211e-06 0.000628242 0.000546929 0.000272075 0.000887232 0.00304452 0.00595093 0.00772593 0.00669504 0.0022717 -0.00428062 -0.0102041 -0.0137424 -0.0153332 
-0.0137641 -0.0102036 -0.00505207 -0.00121244 -0.00146433 -0.00506859 -0.00851519 -0.00898855 -0.00698858 -0.00486579 -0.00346613 -0.00228803 -0.00146206 -0.00127826 -0.00115393 -0.000447084 0.000632787 0.00141189 0.0015766 0.00151636 0.00207701 0.00378642 0.0060031 0.00716013 0.00585007 0.00147265 -0.00509977 -0.0112968 -0.014752 -0.0152764 
-0.013247 -0.00987307 -0.00571334 -0.00243662 -0.00194696 -0.00425558 -0.00724017 -0.00845384 -0.00755839 -0.00609223 -0.004841 -0.00346273 -0.00209785 -0.00123703 -0.000692335 4.98888e-05 0.00100309 0.00172431 0.00194224 0.0019346 0.00229374 0.00327147 0.00428572 0.00427728 0.00239948 -0.00173445 -0.00751819 -0.012886 -0.0156386 -0.0153955 
-0.0154889 -0.012897 -0.0099642 -0.00725456 -0.0058681 -0.0063354 -0.00772685 -0.00833957 -0.00757166 -0.00630356 -0.00512659 -0.00369592 -0.0020174 -0.000730565 -3.87065e-05 0.00049043 0.00112128 0.00159052 0.00160504 0.00136247 0.00130858 0.00145687 0.00125834 0.000144628 -0.00226387 -0.00622272 -0.0112471 -0.0156947 -0.0178608 -0.0174521 
-0.0201023 -0.0184168 -0.0163142 -0.0138051 -0.011464 -0.00997234 -0.0091946 -0.00831444 -0.00692633 -0.0054639 -0.00424878 -0.00288152 -0.00122259 5.15158e-05 0.000514858 0.000604035 0.000797067 0.000915119 0.000564292 -0.000146944 -0.000812474 -0.0014713 -0.00253254 -0.00419523 -0.00671013 -0.0105009 -0.0151477 -0.0191433 -0.0212079 -0.0212669 
-0.0238611 -0.0229244 -0.0212545 -0.0186282 -0.0153526 -0.0122601 -0.00984923 -0.0079232 -0.00614191 -0.0045485 -0.0032546 -0.00193996 -0.000471662 0.000525754 0.000614725 0.000278758 0.000100207 -0.00010482 -0.00086866 -0.00219565 -0.0036251 -0.00498549 -0.00640191 -0.00790879 -0.00996786 -0.0133612 -0.0177098 -0.0214588 -0.0235707 -0.0241812 
-0.0237626 -0.0235052 -0.0223882 -0.0198128 -0.0159013 -0.0118829 -0.00892382 -0.00704402 -0.00558143 -0.00417487 -0.00285705 -0.00154702 -0.000269465 0.000455033 0.000318499 -0.000201292 -0.000586399 -0.00106738 -0.00225706 -0.00425362 -0.00646379 -0.00830775 -0.00958698 -0.0103857 -0.0114993 -0.0140329 -0.0177151 -0.0209858 -0.022864 -0.023593 
-0.0213581 -0.0219478 -0.0214802 -0.0189798 -0.0145532 -0.00994383 -0.00693862 -0.00559859 -0.00480843 -0.00382404 -0.00264422 -0.00143382 -0.000392598 9.31054e-05 -0.000115231 -0.00064405 -0.00116623 -0.00190019 -0.00338876 -0.00578893 -0.00843798 -0.0104291 -0.0113777 -0.0114928 -0.0116847 -0.0131367 -0.0158151 -0.0183629 -0.0198467 -0.0206193 
-0.0206294 -0.0219952 -0.0215168 -0.018458 -0.0132682 -0.00794523 -0.00457971 -0.00337779 -0.00304921 -0.00256837 -0.00179772 -0.000966717 -0.000348798 -0.000205205 -0.000545458 -0.00114925 -0.00187074 -0.00277875 -0.00420109 -0.00639043 -0.00887984 -0.0107809 -0.0117316 -0.0119707 -0.0120841 -0.012864 -0.0144688 -0.0161142 -0.0173524 -0.0187599 
-0.0224021 -0.0239406 -0.0225185 -0.0183697 -0.0124528 -0.0064882 -0.00236955 -0.000609921 -0.000243785 -0.000213262 -0.000134237 -5.74092e-06 2.05477e-05 -0.000253227 -0.000847555 -0.00170058 -0.00272154 -0.00369114 -0.00467081 -0.00611235 -0.00802467 -0.00984972 -0.0113585 -0.0126621 -0.0136465 -0.0142421 -0.0146676 -0.0152196 -0.0165202 -0.0191998 
-0.0239326 -0.0248721 -0.0222819 -0.0174537 -0.0115244 -0.00549121 -0.000722563 0.00189097 0.00264287 0.00236943 0.0016839 0.00100679 0.000489641 -7.30524e-05 -0.000897033 -0.00208531 -0.0034789 -0.00452229 -0.00502356 -0.00563075 -0.00686805 -0.00859964 -0.0107416 -0.0131736 -0.0149808 -0.015221 -0.0143534 -0.0140692 -0.0159556 -0.0200193 
-0.023262 -0.0230688 -0.0198471 -0.0153424 -0.010269 -0.00481083 0.00011495 0.00323636 0.00423978 0.00379612 0.00266088 0.00150709 0.00072664 9.85543e-05 -0.000815119 -0.0022576 -0.00400213 -0.00526265 -0.00559747 -0.00564591 -0.00624609 -0.00760136 -0.00972585 -0.0122962 -0.0139199 -0.0133828 -0.0117479 -0.0117194 -0.0148416 -0.0197821 
-0.0216321 -0.019956 -0.0165555 -0.012961 -0.00913226 -0.00463487 -0.000135595 0.00281048 0.00362701 0.00313141 0.00215321 0.00117299 0.00049103 -6.36662e-05 -0.000939808 -0.00243828 -0.00438796 -0.00598153 -0.00651668 -0.0063506 -0.00639252 -0.0070593 -0.0083899 -0.0100239 -0.0107242 -0.00972443 -0.00862732 -0.0101543 -0.0147773 -0.0197071 
-0.0200173 -0.0167212 -0.0132225 -0.010574 -0.0081607 -0.00513062 -0.0017763 0.000399654 0.000831151 0.000524225 0.000240041 -1.87732e-05 -0.000306726 -0.000711059 -0.00146691 -0.00282734 -0.00477792 -0.00667384 -0.00760481 -0.00749165 -0.00713294 -0.00710324 -0.00751443 -0.00814654 -0.00825498 -0.00763697 -0.00791438 -0.0111066 -0.0164861 -0.0203473 
-0.0156724 -0.0112665 -0.00819995 -0.00698477 -0.00676091 -0.00628279 -0.00503665 -0.00395071 -0.00357892 -0.0032812 -0.00266421 -0.00201599 -0.00164947 -0.00169636 -0.00222472 -0.0033404 -0.00509558 -0.00705887 -0.0083002 -0.00840245 -0.00794951 -0.00763901 -0.00778603 -0.00829679 -0.00854998 -0.00835948 -0.00908426 -0.012292 -0.0166968 -0.018383 
-0.00598087 -0.00181877 -0.000634354 -0.00215555 -0.00526254 -0.00828473 -0.00975544 -0.009728 -0.00888218 -0.00761632 -0.00615366 -0.00463732 -0.00334892 -0.00270608 -0.00288389 -0.00377234 -0.00524066 -0.00696039 -0.00819456 -0.00849066 -0.00826069 -0.00824178 -0.00890663 -0.0100213 -0.0104433 -0.00949994 -0.00859698 -0.00967907 -0.0115375 -0.0104708 
0.0068389 0.00909486 0.00696512 0.0017223 -0.00493231 -0.0110174 -0.0146729 -0.0153145 -0.0137096 -0.0113708 -0.00917661 -0.00695788 -0.00478999 -0.00342891 -0.00331204 -0.00413782 -0.00544551 -0.00682383 -0.00773666 -0.00791526 -0.00777318 -0.00807958 -0.0093307 -0.0109039 -0.0108218 -0.00786415 -0.00391146 -0.00187125 -0.000984713 0.00207374 
0.0181385 0.0179165 0.0126373 0.00422516 -0.00484482 -0.012432 -0.0170551 -0.0179611 -0.0157329 -0.0125344 -0.0098726 -0.0074799 -0.00513568 -0.00360905 -0.00350514 -0.00453039 -0.00600203 -0.00725139 -0.00769807 -0.00718125 -0.00624005 -0.00587557 -0.00679394 -0.00812803 -0.00718678 -0.00230463 0.00423182 0.00868436 0.011187 0.0145886 
0.0258497 0.0244035 0.0177544 0.0079262 -0.00189362 -0.00954188 -0.0142774 -0.0154338 -0.0131775 -0.00979685 -0.00733313 -0.00567687 -0.0042019 -0.00323867 -0.00344871 -0.00488819 -0.0068888 -0.00839339 -0.0084329 -0.00660716 -0.00352651 -0.000837599 -0.000116564 -0.000781471 0.00027257 0.00516196 0.0119062 0.0169802 0.0201032 0.0233129 
0.0310669 0.0298632 0.0229829 0.0129093 0.00353711 -0.00332965 -0.0078053 -0.00936527 -0.00770425 -0.00479575 -0.00301044 -0.00263802 -0.00267251 -0.0027088 -0.00336434 -0.00525198 -0.00793217 -0.00999453 -0.00984026 -0.00640119 -0.000214824 0.00595602 0.00896232 0.00870137 0.00852857 0.0110277 0.0153146 0.0194885 0.0234554 0.027843 
0.0344217 0.0333649 0.0255273 0.0149962 0.0064103 0.000620652 -0.00339984 -0.00515284 -0.00382659 -0.000859145 0.000991013 0.000545387 -0.00103744 -0.00236536 -0.00364478 -0.00586854 -0.00897284 -0.0114606 -0.0111604 -0.00624532 0.00281713 0.0120732 0.0168878 0.0166818 0.0149949 0.0145176 0.0153799 0.0178746 0.0228442 0.0295111 
0.0352768 0.0330657 0.023154 0.0118301 0.00407068 -0.000721165 -0.00432792 -0.00588655 -0.00387084 0.000706597 0.00420523 0.00395474 0.00102629 -0.00195019 -0.004227 -0.00674035 -0.00978872 -0.012056 -0.0111929 -0.00517316 0.00537168 0.0159722 0.0216191 0.021774 0.0198543 0.0179769 0.0163778 0.016872 0.0217002 0.0296253 
0.0350381 0.0302453 0.01806 0.0064302 -0.000294779 -0.00430907 -0.00776024 -0.00905095 -0.00578849 0.00117698 0.00703809 0.00761798 0.0037738 -0.000855925 -0.00444071 -0.00742093 -0.0101526 -0.0115691 -0.00968586 -0.00310235 0.00721302 0.0173341 0.023072 0.0240683 0.0232636 0.0220701 0.020188 0.0196379 0.0235007 0.030753 
0.0354472 0.0276426 0.0143977 0.00363886 -0.00206776 -0.00587521 -0.00941665 -0.0103465 -0.00597326 0.00251685 0.00963158 0.0107856 0.00669331 0.00101468 -0.00391394 -0.00772295 -0.0103243 -0.0108444 -0.00806639 -0.00163776 0.00724115 0.0158412 0.0211909 0.0229152 0.0235157 0.0242857 0.0244697 0.0251674 0.0288371 0.0342814 
0.0349299 0.0261823 0.0150076 0.00673939 0.00139951 -0.00347718 -0.0074464 -0.00751813 -0.00200141 0.00659534 0.0128001 0.0132889 0.00906212 0.00279413 -0.00347752 -0.00851081 -0.0113975 -0.0113213 -0.00791637 -0.00187243 0.00546115 0.0124973 0.0172989 0.019358 0.0207737 0.0230416 0.0255759 0.0286396 0.0330534 0.0366871 
0.0331791 0.0274751 0.0215709 0.016383 0.0099668 0.00249719 -0.00233929 -0.00109938 0.00592263 0.0139697 0.0176359 0.0158041 0.010457 0.00320416 -0.00460048 -0.0110735 -0.0144442 -0.0137801 -0.00943778 -0.00308221 0.00370515 0.0101512 0.0150123 0.0174114 0.0186034 0.0201 0.0225122 0.0266589 0.0319673 0.035092 
0.0337831 0.0338924 0.033305 0.0291744 0.0198574 0.00939763 0.00396668 0.00648692 0.01481 0.0222855 0.0232064 0.0181945 0.0105852 0.00166055 -0.00776019 -0.0154749 -0.0190879 -0.0175626 -0.0118802 -0.00453213 0.0028129 0.0100272 0.0159716 0.0188379 0.0187925 0.0174962 0.0174286 0.0210085 0.0272704 0.0321698 
0.0378421 0.0432209 0.0446345 0.038301 0.0255245 0.0139873 0.00973841 0.0133597 0.0217561 0.0283128 0.0272287 0.0195217 0.00943933 -0.00127316 -0.0118948 -0.0201724 -0.0235074 -0.0210272 -0.0142829 -0.00616963 0.00202365 0.0106519 0.017842 0.0204625 0.0183743 0.0142128 0.0118526 0.0146399 0.0221304 0.0306736 
0.0423516 0.0488715 0.0470511 0.0360523 0.0216641 0.0131116 0.0132453 0.0188287 0.0265534 0.0317626 0.0293808 0.0198389 0.00761361 -0.00452273 -0.015504 -0.0234065 -0.0260204 -0.022867 -0.0157983 -0.0075289 0.00132571 0.011157 0.0186471 0.0194294 0.0144112 0.00838476 0.00572598 0.0089744 0.018224 0.0307858 
0.04649 0.0477945 0.0368456 0.0191972 0.00548031 0.00357588 0.0111007 0.0209011 0.0294323 0.0339971 0.0306279 0.0194304 0.00529645 -0.00762 -0.017882 -0.0245298 -0.0263266 -0.0230424 -0.0161845 -0.00784641 0.0017768 0.0125244 0.0194333 0.0172175 0.00869791 0.0018063 0.00119399 0.00718436 0.0191684 0.0345613 
0.0527467 0.0438867 0.0203136 -0.00540615 -0.0185528 -0.0139977 0.00091835 0.0164648 0.0283735 0.0340255 0.0299877 0.0171884 0.0018528 -0.010652 -0.019086 -0.023956 -0.0251361 -0.0221482 -0.0154962 -0.00666839 0.00394856 0.0154507 0.0217967 0.0171715 0.00610303 -0.000460811 0.00262963 0.0133322 0.0288911 0.045061 
0.0600646 0.040511 0.00604956 -0.0266865 -0.0410213 -0.0337734 -0.0147277 0.00567979 0.022031 0.0299897 0.0260593 0.0128 -0.00206315 -0.0128279 -0.0190037 -0.0222853 -0.0230951 -0.0202749 -0.0133312 -0.00374913 0.00742274 0.0191813 0.0257706 0.0211894 0.0101574 0.00488011 0.0111558 0.0259998 0.0444422 0.0592777 
0.0625098 0.0357787 -0.00389186 -0.0398337 -0.0559564 -0.0494192 -0.0295723 -0.00639847 0.0132703 0.0231849 0.0201401 0.00821668 -0.00449403 -0.0130655 -0.0177059 -0.020263 -0.0208027 -0.0174935 -0.00960748 0.000562948 0.0112134 0.0223426 0.0301127 0.0285217 0.0202771 0.0163633 0.0231694 0.0386303 0.0569485 0.0684825 
0.0585483 0.0303951 -0.008603 -0.0439714 -0.0613396 -0.0571478 -0.0385611 -0.0146368 0.00629992 0.0166899 0.0143171 0.00447592 -0.00547667 -0.0121931 -0.0163539 -0.0189783 -0.01912 -0.0146394 -0.00538784 0.0051532 0.0144968 0.0241607 0.0331907 0.0358516 0.0315129 0.0283001 0.0329491 0.0452509 0.0602185 0.0679798 
0.0565551 0.0341571 -0.000272208 -0.0344888 -0.0547754 -0.0557568 -0.041153 -0.0184885 0.00218973 0.0116646 0.00869301 9.71834e-05 -0.00739719 -0.0124123 -0.0163566 -0.0191519 -0.0186536 -0.0127541 -0.00215445 0.00874554 0.0168785 0.0247341 0.0338818 0.0392388 0.0372432 0.0331175 0.0340246 0.0420543 0.0541461 0.0620923 
0.0718582 0.061957 0.0318598 -0.00598383 -0.0351154 -0.0463994 -0.0391094 -0.0192922 0.000364681 0.00805384 0.00311652 -0.00567361 -0.0114993 -0.0147801 -0.0180549 -0.0205924 -0.0193343 -0.0123531 -0.000994017 0.0100875 0.0175858 0.0240137 0.0320645 0.0373553 0.0347064 0.0274433 0.0238769 0.0295011 0.0444239 0.0624118 
0.129364 0.134232 0.0983388 0.0432384 -0.00443312 -0.0304887 -0.0319235 -0.0158811 0.00148978 0.00651086 -0.000848199 -0.0106777 -0.0160373 -0.0182054 -0.020517 -0.0222999 -0.02037 -0.0131237 -0.00217487 0.00823612 0.0151555 0.0207519 0.0276795 0.0319126 0.0275058 0.0166978 0.00966015 0.0173192 0.0459092 0.0905758 
0.258815 0.274427 0.20988 0.113301 0.0342042 -0.00914432 -0.0187054 -0.00740571 0.00568254 0.00741686 -0.00158569 -0.0122928 -0.0183692 -0.0206544 -0.0222206 -0.0229796 -0.0206133 -0.014021 -0.00470722 0.00382969 0.00934064 0.0140139 0.0204628 0.0248322 0.020614 0.00936059 0.00342267 0.0212345 0.079459 0.173762 
0.445059 0.463546 0.349202 0.191218 0.0720734 0.011643 -0.00443345 0.00203856 0.010565 0.00991379 0.000690454 -0.0102331 -0.0174769 -0.0207111 -0.0220027 -0.0219531 -0.0195213 -0.0140258 -0.0066438 -0.000371599 0.00301095 0.00616143 0.0122829 0.0177825 0.0157879 0.00798234 0.0093345 0.046096 0.146581 0.30542 
0.583531 0.596104 0.439599 0.235151 0.0893339 0.0204386 0.00211475 0.00627288 0.0129231 0.0122594 0.00420749 -0.00606902 -0.0138923 -0.0181034 -0.019832 -0.019925 -0.0179871 -0.0133183 -0.00690884 -0.00191015 -0.000119376 0.00172589 0.00765928 0.0142354 0.0142994 0.01044 0.0204006 0.0750704 0.208167 0.411123 
