0.356869 0.306574 0.216395 0.135539 0.0825475 0.0475047 0.0174416 -0.0104765 -0.0310377 -0.0375227 -0.0291314 -0.0147062 -0.00597116 -0.00677873 -0.0121129 -0.0159114 -0.0160595 -0.0135274 -0.0105405 -0.00897036 -0.00836157 -0.00692647 -0.00541774 -0.00630751 -0.00653737 0.00632564 0.0486195 0.129514 0.236881 0.329254 
0.31608 0.280172 0.203167 0.130045 0.0819908 0.0517998 0.0262933 0.00129909 -0.0188547 -0.0270752 -0.0206638 -0.0067202 0.00263118 0.0017978 -0.00500918 -0.011105 -0.0133928 -0.0122244 -0.00972934 -0.00819442 -0.00767409 -0.00625646 -0.00387088 -0.002733 -0.00149076 0.00905515 0.0424962 0.108078 0.198914 0.282948 
0.247922 0.229597 0.173147 0.114682 0.0755153 0.0518459 0.0319276 0.0111825 -0.00706564 -0.0163286 -0.0127564 -0.000934955 0.00831653 0.0083144 0.00154494 -0.0057715 -0.0098124 -0.010004 -0.00801306 -0.00648073 -0.00646872 -0.00654556 -0.00561196 -0.0046224 -0.00325091 0.00407891 0.0271265 0.0740717 0.142775 0.212211 
0.169111 0.166373 0.131315 0.0896389 0.0607706 0.0444087 0.03155 0.0175914 0.00377547 -0.0055046 -0.00577288 0.00194516 0.00987579 0.0110293 0.00548485 -0.00206802 -0.007505 -0.00913521 -0.00778383 -0.00622329 -0.00670797 -0.0087018 -0.010166 -0.0103944 -0.00962575 -0.00576335 0.00702248 0.0355713 0.0816514 0.134228 
0.100423 0.108654 0.0913821 0.0645141 0.0443204 0.0337682 0.0275448 0.0212832 0.0132362 0.00463844 0.000164855 0.00268552 0.00832849 0.0105207 0.00688501 -6.67592e-05 -0.0064304 -0.00944622 -0.00880295 -0.00698261 -0.00716195 -0.00991641 -0.0129574 -0.0144481 -0.0148353 -0.0143222 -0.00988259 0.00408338 0.0316391 0.0688887 
0.0571674 0.0711911 0.06613 0.049706 0.0343591 0.0257872 0.0228838 0.0221304 0.0190537 0.0116773 0.00419787 0.00229831 0.00560283 0.00862364 0.0072878 0.0018896 -0.00445624 -0.00831915 -0.00819426 -0.00579155 -0.00459375 -0.00624688 -0.00913164 -0.011257 -0.0129478 -0.0150429 -0.0157236 -0.0105285 0.00490295 0.0304206 
0.0401825 0.0557707 0.0577782 0.0475235 0.0332952 0.02265 0.0186846 0.0195734 0.0193627 0.0136539 0.00542479 0.0012627 0.00306154 0.00686315 0.00803864 0.00513236 6.69509e-05 -0.00367202 -0.00366571 -0.000578811 0.00245832 0.00304728 0.00161581 -0.000344582 -0.00277056 -0.00605158 -0.00862588 -0.00713937 0.00169576 0.0189123 
0.0381048 0.0524693 0.058159 0.0517724 0.0372797 0.0228179 0.015085 0.0145883 0.0152507 0.0112906 0.00413571 -0.000244723 0.00104758 0.00558867 0.00907026 0.00899336 0.00606918 0.00331149 0.00354774 0.00708584 0.0115649 0.0143087 0.0146611 0.0135454 0.0114933 0.00866275 0.00635872 0.00682217 0.0119287 0.0227445 
0.0367863 0.0481403 0.0560547 0.053928 0.0410515 0.0242896 0.012802 0.0098228 0.0102297 0.00767797 0.00211901 -0.00172809 -0.000722708 0.00399814 0.00887684 0.0110245 0.0102086 0.00871099 0.00931474 0.0130192 0.0183035 0.0226017 0.0246099 0.0248458 0.0241082 0.0227335 0.0215162 0.0215853 0.0234945 0.0281035 
0.0282282 0.0357241 0.0458868 0.0501456 0.0426901 0.0270752 0.0134655 0.0080699 0.0076782 0.00597348 0.00154943 -0.00226879 -0.00235539 0.00132262 0.00619507 0.00941022 0.0100286 0.00953004 0.0104456 0.0142262 0.0200118 0.0254643 0.0289703 0.0306665 0.0312658 0.0311547 0.0308333 0.0303801 0.0288819 0.026901 
0.0143716 0.018474 0.0311346 0.0428739 0.0433546 0.0317838 0.0177939 0.0102324 0.00852343 0.00699249 0.00301326 -0.00154045 -0.00362758 -0.00202954 0.00182011 0.00526404 0.00670078 0.00680071 0.00785433 0.0116865 0.017882 0.0242339 0.0289112 0.0315764 0.0326289 0.0327452 0.0327202 0.0317754 0.0273397 0.0195521 
0.00213998 0.00426068 0.0185557 0.0357586 0.0432422 0.0366227 0.0236092 0.0142743 0.0107016 0.00857869 0.00453045 -0.000893983 -0.00483014 -0.00506023 -0.00202361 0.00173265 0.00391534 0.0044489 0.00548755 0.0092601 0.0157102 0.0226446 0.0279539 0.0307939 0.0312685 0.0305363 0.0300319 0.0285382 0.0222862 0.0110835 
-0.00559386 -0.00404466 0.0102157 0.0290687 0.0404122 0.0381559 0.0271803 0.0167834 0.0110135 0.00757052 0.0031784 -0.00251888 -0.00697707 -0.00749752 -0.00401075 0.00084313 0.00414559 0.00525365 0.00629974 0.00996043 0.0165647 0.0238452 0.0292603 0.031537 0.0307081 0.0283184 0.0262479 0.0234122 0.0160474 0.00400464 
-0.0122536 -0.0102604 0.00311273 0.0210993 0.0337088 0.0347937 0.0263707 0.0156064 0.0076387 0.00248081 -0.00225073 -0.00734822 -0.0107651 -0.00992658 -0.00478201 0.00181162 0.00652365 0.00839477 0.00961362 0.0132825 0.0200954 0.0275636 0.0325114 0.03341 0.0306232 0.0259473 0.0212523 0.0159785 0.00749681 -0.00393748 
-0.0208552 -0.0176397 -0.00465291 0.0121604 0.0248407 0.0280477 0.0218368 0.0111286 0.00142096 -0.00525054 -0.0100608 -0.0139402 -0.0154777 -0.0126404 -0.00569004 0.00238559 0.00818942 0.0107024 0.0121472 0.0158637 0.0227335 0.0299138 0.033567 0.0321798 0.0268866 0.0198031 0.0124713 0.00479263 -0.00446643 -0.0146164 
-0.0280971 -0.0232902 -0.0101801 0.00552663 0.0172779 0.0210125 0.0161363 0.00589489 -0.00455389 -0.0120077 -0.0165925 -0.0191772 -0.0189744 -0.0146714 -0.00689643 0.0014901 0.00744095 0.0100874 0.0115179 0.0149341 0.021168 0.0271628 0.0287926 0.0248336 0.0173308 0.00884214 0.000526867 -0.00768382 -0.0162289 -0.0242861 
-0.0272528 -0.0213778 -0.00898234 0.00445896 0.0136865 0.0162797 0.0119181 0.00263976 -0.00738559 -0.0147826 -0.0189916 -0.0206298 -0.01937 -0.0146194 -0.00730122 0.000128647 0.00530254 0.00759474 0.00869156 0.0112374 0.0159077 0.0199261 0.0195488 0.0139499 0.00573216 -0.00218262 -0.00891433 -0.0149566 -0.020803 -0.0258799 
-0.0154227 -0.0097809 2.44513e-05 0.00934109 0.0145353 0.0148398 0.0103564 0.00211955 -0.00694078 -0.0138726 -0.0177558 -0.0188577 -0.0171251 -0.0125823 -0.00633889 -0.000301858 0.00393375 0.00593464 0.00675145 0.008191 0.0108119 0.0126786 0.0110389 0.005403 -0.00167256 -0.00720583 -0.0104729 -0.0125336 -0.014415 -0.0160644 
0.003522 0.00776333 0.0134862 0.0176156 0.0183451 0.0160415 0.0108348 0.00295123 -0.00560516 -0.0123176 -0.0160882 -0.0168899 -0.0148451 -0.0104625 -0.00496283 0.000245153 0.00419137 0.00651419 0.0075602 0.00823705 0.00903078 0.00909988 0.0069544 0.00238201 -0.00253172 -0.00510156 -0.00469554 -0.00266909 -0.000462235 0.00132477 
0.022009 0.0246765 0.0261764 0.0254747 0.0224928 0.0179929 0.0116689 0.00324448 -0.00561517 -0.0125624 -0.0164246 -0.0170222 -0.0146069 -0.0100228 -0.00456786 0.000669843 0.00508389 0.00828057 0.010015 0.0104347 0.00994194 0.00864422 0.00621461 0.00275508 -0.000162135 -0.000376629 0.00262616 0.00761878 0.0132279 0.0182722 
0.0343454 0.03633 0.0346772 0.0303089 0.0247432 0.0187525 0.0114258 0.00228453 -0.00698338 -0.01413 -0.0180631 -0.0185684 -0.0159353 -0.0111426 -0.00549784 7.68751e-05 0.00511231 0.00911528 0.0114276 0.0116835 0.0102115 0.00775722 0.00485389 0.00196556 0.000346528 0.00159998 0.00603194 0.0127278 0.0207531 0.0286878 
0.0400558 0.0425353 0.039156 0.0321757 0.0246626 0.017634 0.00984949 0.000775623 -0.00803446 -0.0147401 -0.018513 -0.0191095 -0.0167126 -0.0122181 -0.00681931 -0.00131819 0.00383692 0.00801375 0.0102691 0.00995638 0.00741916 0.00383517 0.000317641 -0.00234507 -0.00305997 -0.000699756 0.004754 0.0125352 0.0221117 0.0322628 
0.0420974 0.0454996 0.041335 0.0323684 0.023016 0.0150342 0.00739355 -0.000497859 -0.00771802 -0.0132556 -0.0166044 -0.0173896 -0.0155895 -0.0119027 -0.00731576 -0.00249287 0.00211985 0.00575987 0.00728643 0.00593449 0.00217111 -0.00245668 -0.00640911 -0.00866916 -0.00830248 -0.00460139 0.00212528 0.0109556 0.0214202 0.0327393 
0.0425695 0.0461992 0.0414609 0.0310378 0.0201356 0.0113592 0.00426491 -0.00180118 -0.00684813 -0.0108329 -0.0134895 -0.014258 -0.0129565 -0.0101197 -0.00651777 -0.00266272 0.00102567 0.00372267 0.00420666 0.00171386 -0.00312334 -0.00845247 -0.0124067 -0.013822 -0.0119779 -0.00660598 0.00159613 0.0113368 0.0219352 0.0330604 
0.0407888 0.0434052 0.0379812 0.026965 0.015568 0.00671792 0.000482298 -0.00375283 -0.00670957 -0.00906306 -0.0107154 -0.0110444 -0.00985704 -0.00759332 -0.00481472 -0.00188155 0.000826128 0.00250608 0.00200326 -0.00134229 -0.00677192 -0.0122806 -0.0158189 -0.0161297 -0.0126947 -0.00571322 0.00361886 0.0135741 0.0232738 0.0327927 
0.0348882 0.0355893 0.0296134 0.0192601 0.00903949 0.00141575 -0.0034172 -0.00591981 -0.00705418 -0.00782887 -0.0083116 -0.00799806 -0.00677047 -0.0049522 -0.00287268 -0.00076149 0.00102361 0.00176212 0.000487718 -0.00329229 -0.00878401 -0.0140367 -0.017007 -0.0163889 -0.0117707 -0.00375663 0.00589678 0.0150498 0.0227969 0.0296162 
0.0243992 0.0231468 0.0171855 0.00870065 0.00114597 -0.00393658 -0.00656479 -0.00709271 -0.00647462 -0.00582182 -0.00534524 -0.00467095 -0.00366613 -0.00244456 -0.00110923 0.000181111 0.00106756 0.000957031 -0.000859499 -0.00470904 -0.00988775 -0.0147007 -0.0172827 -0.0163212 -0.0113853 -0.0032983 0.00573795 0.0132642 0.0184528 0.0221598 
0.0112271 0.00883484 0.0035979 -0.00248141 -0.00686873 -0.00881233 -0.00865479 -0.0068707 -0.00449062 -0.00267564 -0.00168385 -0.00111341 -0.000644858 -0.000140549 0.000431306 0.000902542 0.000926003 9.24279e-05 -0.00202812 -0.00565457 -0.0103128 -0.0147281 -0.0173286 -0.0168174 -0.012636 -0.00558195 0.00198945 0.00749653 0.0102178 0.0112908 
-0.0014137 -0.00379939 -0.0078875 -0.0119103 -0.0137568 -0.0129733 -0.0101916 -0.00624152 -0.00235355 0.000307715 0.00153458 0.00186045 0.00184664 0.00181623 0.00181115 0.00161056 0.000935186 -0.000387722 -0.00252779 -0.00567838 -0.00971044 -0.0138694 -0.0169199 -0.0175694 -0.0150542 -0.00994437 -0.00442627 -0.00092833 -1.76926e-05 -0.000424854 
-0.0108831 -0.0125539 -0.0155995 -0.0184567 -0.018972 -0.0165559 -0.0120449 -0.00668144 -0.00183817 0.00142753 0.00297057 0.00336862 0.00330213 0.00316082 0.00293087 0.00235922 0.00129434 -0.000185487 -0.00204227 -0.00451907 -0.00788068 -0.0118913 -0.0156188 -0.0177503 -0.0172974 -0.0145113 -0.0111903 -0.00936819 -0.0094117 -0.0101235 
-0.0165122 -0.0175267 -0.019999 -0.0225165 -0.0227638 -0.0198682 -0.0147292 -0.00884448 -0.00357301 0.000204786 0.00234078 0.00328609 0.00365576 0.00380576 0.00367631 0.00304002 0.00189813 0.000541367 -0.000854735 -0.00261779 -0.00535371 -0.0092255 -0.0135189 -0.0169277 -0.0183263 -0.0176696 -0.0162662 -0.0156262 -0.0159447 -0.0163262 
-0.0194878 -0.0201638 -0.0223614 -0.0248141 -0.0252482 -0.0226031 -0.0176534 -0.0118734 -0.00648347 -0.00221744 0.000692004 0.00245771 0.00350481 0.004101 0.00418456 0.003611 0.00251938 0.00133474 0.000303125 -0.000959247 -0.00324217 -0.00691408 -0.0114192 -0.015589 -0.0183411 -0.0193944 -0.0195059 -0.019621 -0.019844 -0.0197377 
-0.0212466 -0.0214905 -0.02321 -0.0253135 -0.0258123 -0.0236461 -0.0193489 -0.0141081 -0.00887174 -0.00424581 -0.000604069 0.00196865 0.00364558 0.00458759 0.0047728 0.004175 0.00303793 0.0018416 0.000858831 -0.000276307 -0.00234711 -0.00576579 -0.0101633 -0.014696 -0.018474 -0.0209663 -0.0222979 -0.0228638 -0.0227558 -0.0220172 
-0.022263 -0.0215956 -0.0223998 -0.0237656 -0.0240471 -0.022334 -0.0189641 -0.014693 -0.0100074 -0.00529174 -0.00107288 0.00220134 0.00439155 0.00553205 0.0056575 0.00487387 0.00351053 0.00206483 0.000829647 -0.00047265 -0.00249928 -0.00565795 -0.00985528 -0.0146878 -0.0194538 -0.0232682 -0.0255794 -0.0263201 -0.0256403 -0.0239783 
-0.0224878 -0.0205785 -0.0202494 -0.0207616 -0.0207321 -0.0194604 -0.0171977 -0.0142423 -0.0104707 -0.00591124 -0.0012133 0.00275352 0.00546055 0.00677023 0.00676296 0.00568568 0.00396775 0.002136 0.000524673 -0.00101658 -0.00300034 -0.00588194 -0.00991898 -0.0151228 -0.0208453 -0.0257664 -0.0287543 -0.0294582 -0.0281234 -0.0254229 
-0.0222648 -0.0191437 -0.0176817 -0.0173837 -0.0171184 -0.0163778 -0.0153255 -0.0138057 -0.0110772 -0.00676682 -0.00159825 0.00312333 0.00641799 0.0079275 0.0077676 0.00634839 0.00423515 0.00201268 7.62334e-05 -0.0015901 -0.00339385 -0.00591369 -0.00976277 -0.0152385 -0.0216159 -0.0272064 -0.0305599 -0.0312588 -0.0295977 -0.0262256 
-0.0222616 -0.0180137 -0.0152965 -0.0140953 -0.0136597 -0.0135868 -0.0137928 -0.0136571 -0.0119391 -0.00791396 -0.00232121 0.00313847 0.00701388 0.00870617 0.00837405 0.00661232 0.00414328 0.00162133 -0.000496279 -0.00211435 -0.00359688 -0.00567891 -0.00922673 -0.0146526 -0.0211468 -0.0268956 -0.030449 -0.0314683 -0.0301574 -0.0268143 
-0.0224718 -0.0170766 -0.0129098 -0.0107031 -0.0102024 -0.010961 -0.0124642 -0.0136447 -0.0129107 -0.00925897 -0.00339216 0.00267133 0.00705192 0.00893069 0.00850511 0.00651978 0.00381734 0.00111254 -0.0010715 -0.00255255 -0.00369744 -0.00536242 -0.00848301 -0.0134396 -0.0194872 -0.0250346 -0.0288302 -0.030552 -0.0301355 -0.0273303 
-0.0218048 -0.0155059 -0.0102252 -0.00744356 -0.00732556 -0.0092287 -0.0121367 -0.0145821 -0.0147242 -0.0113909 -0.00529159 0.00130747 0.00621766 0.00846259 0.00823419 0.00631086 0.0035585 0.000734636 -0.00153501 -0.00294716 -0.00384201 -0.00511152 -0.00761288 -0.0116591 -0.0168111 -0.022003 -0.026159 -0.0286907 -0.0291405 -0.0268512 
-0.0192899 -0.012961 -0.00776787 -0.00560474 -0.00677893 -0.0103374 -0.0147776 -0.0182699 -0.0188191 -0.0153081 -0.00864757 -0.00132386 0.00432911 0.00726725 0.00762453 0.00608935 0.00345607 0.000515078 -0.00194465 -0.00340671 -0.00408345 -0.00482394 -0.00639332 -0.00912014 -0.0130497 -0.0177687 -0.0222449 -0.0253513 -0.0262411 -0.0242244 
-0.0152681 -0.0101374 -0.00654711 -0.00637875 -0.0097748 -0.0153787 -0.0212309 -0.0252222 -0.0253925 -0.0209623 -0.0132377 -0.00490513 0.00168694 0.00551181 0.00665178 0.00566792 0.00324496 0.000207765 -0.00244773 -0.00393123 -0.00426595 -0.00424368 -0.00460682 -0.00576815 -0.00824525 -0.0122406 -0.0167448 -0.0200874 -0.0211394 -0.0194495 
-0.0106025 -0.00752943 -0.00645497 -0.00893592 -0.0147664 -0.0221808 -0.0288838 -0.0327171 -0.0319984 -0.0263833 -0.0175275 -0.00825795 -0.000903369 0.0035895 0.00534236 0.00483836 0.00264412 -0.000392407 -0.0030789 -0.0044014 -0.00425419 -0.00339827 -0.00255947 -0.00217872 -0.00309226 -0.00603041 -0.0101396 -0.0134244 -0.0145878 -0.0134604 
-0.00517768 -0.00426791 -0.00569963 -0.0104354 -0.0178705 -0.0260584 -0.0327567 -0.0361218 -0.0348354 -0.0287112 -0.0194252 -0.00986378 -0.00239209 0.00216306 0.00408045 0.00382069 0.00180708 -0.00113477 -0.00369626 -0.00478339 -0.00426637 -0.00283009 -0.00106139 0.000665698 0.00129662 -0.000348356 -0.00364964 -0.00647314 -0.00745451 -0.00672243 
0.00185001 0.00105382 -0.00229309 -0.00828293 -0.0159222 -0.0235071 -0.0294374 -0.0325239 -0.0316521 -0.0262864 -0.0177172 -0.00881745 -0.0020431 0.00191738 0.00353911 0.00325196 0.00130356 -0.00156555 -0.00406165 -0.00515468 -0.00469403 -0.00310841 -0.000684752 0.00224344 0.00434478 0.00408101 0.00194859 0.000177037 6.46303e-05 0.00106684 
0.0104096 0.00878006 0.00446144 -0.00177832 -0.00859439 -0.01477 -0.0196853 -0.0229321 -0.023407 -0.01989 -0.0130451 -0.00563104 -0.000141329 0.00287623 0.00400723 0.00356883 0.00161237 -0.00126688 -0.00393096 -0.00548519 -0.00562384 -0.00427488 -0.00132289 0.00282122 0.00643802 0.0076889 0.00702057 0.00669776 0.00788132 0.00967516 
0.0186318 0.0175251 0.0135845 0.0078543 0.00196309 -0.00310397 -0.00742884 -0.0112365 -0.0134483 -0.0122379 -0.00762572 -0.00210309 0.00194631 0.00409957 0.00490925 0.00448287 0.00266244 -0.000165238 -0.00314979 -0.0055631 -0.0067902 -0.00605112 -0.00272561 0.00270578 0.00812379 0.0112741 0.0122438 0.0130708 0.0149616 0.0173067 
0.0235603 0.0243324 0.0221786 0.0175598 0.0122514 0.00747864 0.00308053 -0.00148232 -0.00530475 -0.00628166 -0.00388218 -0.000169893 0.0026955 0.00435311 0.00521692 0.00516013 0.00383252 0.00136774 -0.00178171 -0.00513916 -0.00779306 -0.00819125 -0.00502093 0.00146046 0.00890038 0.0143741 0.016988 0.0181231 0.0193542 0.0213305 
0.0232388 0.0262071 0.0265251 0.0236071 0.0190803 0.0144486 0.00981842 0.00465117 -0.000390876 -0.00321839 -0.00280925 -0.00061325 0.00149255 0.00307512 0.00432236 0.00491437 0.00438104 0.0026486 -0.000229324 -0.00415422 -0.00821394 -0.010331 -0.00834361 -0.00175973 0.00724216 0.0149969 0.0191929 0.0201455 0.0197869 0.0204757 
0.019304 0.0234245 0.025815 0.0250446 0.0221782 0.0184967 0.0142486 0.00903497 0.00322754 -0.00133014 -0.00306894 -0.00246469 -0.000951135 0.000790427 0.00254356 0.00378596 0.00401156 0.00309837 0.000898706 -0.00289321 -0.00782739 -0.0118809 -0.012122 -0.00680817 0.00262729 0.0120967 0.0179561 0.0192562 0.0177535 0.0169433 
0.016968 0.0206755 0.0240544 0.0252979 0.0246459 0.0227396 0.0197301 0.0152356 0.00908926 0.00260325 -0.00198181 -0.00363735 -0.00302317 -0.00120872 0.000922728 0.00254679 0.00316632 0.00279268 0.00137503 -0.00165746 -0.00662347 -0.0121198 -0.0147589 -0.0114147 -0.00240178 0.0082341 0.0159972 0.0188136 0.0176198 0.0158787 
0.0203517 0.0224691 0.025727 0.0281745 0.0292739 0.0291145 0.0276706 0.0243341 0.0181236 0.00958853 0.00165419 -0.00283916 -0.00351771 -0.00187933 0.000362167 0.00202123 0.00265646 0.00252067 0.00182883 -9.45509e-05 -0.00429661 -0.0101428 -0.0141304 -0.0121205 -0.00343453 0.00818034 0.0179072 0.0229589 0.0231795 0.0210704 
0.0279544 0.0278045 0.0302392 0.0331119 0.0352088 0.0362256 0.0358585 0.033209 0.0267462 0.0164539 0.00571233 -0.00119757 -0.00300766 -0.00158476 0.000624098 0.00218037 0.00280339 0.00301785 0.00324444 0.0026962 -0.000188617 -0.00530073 -0.00920064 -0.00730604 0.00164019 0.0141869 0.025468 0.032353 0.0337616 0.0310141 
0.0343513 0.0314323 0.0328336 0.0361545 0.039265 0.0411292 0.0408752 0.0375741 0.0301128 0.0186353 0.00657898 -0.0013403 -0.00349552 -0.00198103 0.00035214 0.00202608 0.00301226 0.0040736 0.0056709 0.00677201 0.00543133 0.00150609 -0.00162739 0.000761499 0.0102818 0.023665 0.0358609 0.043458 0.044841 0.0404778 
0.0353721 0.0294323 0.0299929 0.0344448 0.0392399 0.0420523 0.0412113 0.036056 0.026845 0.0147331 0.00291676 -0.00454077 -0.00626172 -0.00434879 -0.00164317 0.000495088 0.00223058 0.00444372 0.00754822 0.0102671 0.0103489 0.00747156 0.00496352 0.00772384 0.017748 0.0318097 0.0443387 0.0515601 0.0517669 0.045018 
0.0304065 0.0219368 0.0220475 0.0281063 0.0350738 0.0392814 0.0381982 0.0311905 0.0200432 0.00756703 -0.00315521 -0.00938634 -0.0104836 -0.00832669 -0.00533495 -0.00268246 -0.000233557 0.00280341 0.00684311 0.0106458 0.0118606 0.00991949 0.00794531 0.010948 0.0212604 0.0355514 0.0476132 0.053493 0.051941 0.042978 
0.0223103 0.0123044 0.0118815 0.0190208 0.0280913 0.0345504 0.0347195 0.0270505 0.0142591 0.00125266 -0.00839318 -0.0134036 -0.0142481 -0.0124654 -0.00967854 -0.00680219 -0.0039881 -0.000772081 0.00334205 0.00753683 0.00966653 0.00883038 0.00763667 0.0109405 0.0212286 0.0350236 0.0456773 0.0494833 0.0462204 0.0361754 
0.0167978 0.00541966 0.00302453 0.00947857 0.0200399 0.0295923 0.0326569 0.0258037 0.0118951 -0.00204865 -0.011281 -0.0155766 -0.0166299 -0.0157161 -0.0134968 -0.0105486 -0.00745393 -0.00425761 -0.00041014 0.00385475 0.00675501 0.00698565 0.00642051 0.00964035 0.0193787 0.0323001 0.0416115 0.043932 0.040058 0.0305066 
0.0190378 0.00497307 -0.00184723 0.00161541 0.0125324 0.0250504 0.0315029 0.0264227 0.0121444 -0.00299677 -0.0128145 -0.0171573 -0.018516 -0.0181766 -0.0161594 -0.0127674 -0.00895511 -0.00528476 -0.00129284 0.00320534 0.00669673 0.00742303 0.00654588 0.0086008 0.0170986 0.0295299 0.0392416 0.0425791 0.0402916 0.0324896 
0.0288547 0.0106978 -0.00196643 -0.00278916 0.00720848 0.0212953 0.0301637 0.0270577 0.013234 -0.0030948 -0.0145416 -0.0197879 -0.0212052 -0.0204368 -0.0176614 -0.0132171 -0.00822711 -0.00356409 0.00107296 0.00606165 0.010003 0.0106591 0.0085714 0.00850268 0.0153134 0.0280654 0.0404833 0.0477201 0.0489273 0.0430604 
0.0403659 0.0186347 0.00163065 -0.0025047 0.00594463 0.0197489 0.0293543 0.0278238 0.0150396 -0.00223273 -0.0160168 -0.0229995 -0.0244682 -0.0225515 -0.0183794 -0.0127436 -0.00675286 -0.00128043 0.00392608 0.00942684 0.0139159 0.0146147 0.0113301 0.0090196 0.0141229 0.0277011 0.0439739 0.0562306 0.0610367 0.0561358 
0.047925 0.0253755 0.00799513 0.00337479 0.0105716 0.0225129 0.0309327 0.0298563 0.0181471 0.00053605 -0.0153848 -0.0245553 -0.0266516 -0.0239602 -0.0187765 -0.0125836 -0.00639349 -0.000836062 0.0044774 0.0103893 0.0157248 0.0170433 0.0130933 0.00872309 0.0119076 0.0258935 0.0455423 0.0621451 0.0695264 0.0647223 
0.0537139 0.033396 0.0191635 0.0165388 0.0227654 0.0310968 0.0355336 0.0323822 0.0208459 0.00388543 -0.0126457 -0.0234286 -0.0267158 -0.0242844 -0.0191094 -0.0132612 -0.00763012 -0.00251344 0.00265384 0.00893147 0.0152353 0.0173998 0.0128332 0.00592398 0.0061189 0.0191851 0.0412276 0.062049 0.0727703 0.0694595 
0.0690787 0.0516286 0.0402837 0.0391113 0.0430689 0.0450981 0.0415813 0.032423 0.019146 0.00381673 -0.0107864 -0.0212699 -0.0253771 -0.0237989 -0.0193302 -0.0142511 -0.00932128 -0.00457173 0.00058399 0.00715365 0.0140523 0.016551 0.0107057 0.000148594 -0.00427002 0.00639599 0.0308778 0.0586984 0.0778062 0.080966 
0.106966 0.0891311 0.0749517 0.0700701 0.0679783 0.0604657 0.0455074 0.0269487 0.00997801 -0.00313211 -0.0131879 -0.0205897 -0.0240055 -0.0229766 -0.019255 -0.0147686 -0.010132 -0.00530219 7.06514e-05 0.00662761 0.0132599 0.0151558 0.00741797 -0.00731925 -0.0171487 -0.00934818 0.0192628 0.0596372 0.0956731 0.112737 
0.17125 0.14681 0.119832 0.102298 0.0887886 0.0696716 0.0428966 0.0147597 -0.00628198 -0.016895 -0.0206536 -0.022403 -0.0232279 -0.0220747 -0.0189996 -0.0148912 -0.0101573 -0.00494691 0.000586768 0.00650814 0.0118216 0.0124149 0.00325951 -0.0141549 -0.0277637 -0.0213665 0.0137972 0.0718263 0.13244 0.170032 
0.250301 0.213564 0.164365 0.125776 0.0969728 0.0671941 0.0323557 -0.00158255 -0.0248755 -0.0329075 -0.0302387 -0.0253047 -0.0224984 -0.0210416 -0.0190055 -0.0156125 -0.0109459 -0.00556856 -0.000309654 0.00428916 0.00761056 0.00705099 -0.00160741 -0.0180475 -0.0314011 -0.0236482 0.0190025 0.0950358 0.181824 0.242353 
0.320538 0.270975 0.197387 0.135887 0.0926959 0.056392 0.0194439 -0.0149102 -0.0378498 -0.0438174 -0.0364991 -0.0260597 -0.0201262 -0.0189876 -0.0189255 -0.0171856 -0.0133554 -0.00843449 -0.00392226 -0.000866238 0.000679092 -1.98682e-06 -0.00578481 -0.0174887 -0.0266727 -0.0158151 0.0319137 0.119751 0.226129 0.306214 
0.359407 0.303883 0.214394 0.137088 0.0852846 0.0476687 0.0133062 -0.0180025 -0.0394203 -0.0447947 -0.0357162 -0.0222307 -0.0144707 -0.0143633 -0.0170702 -0.0179556 -0.0158689 -0.0120009 -0.00834875 -0.00637786 -0.00568428 -0.00537348 -0.00708234 -0.0126593 -0.0165548 -0.00344759 0.0442093 0.133556 0.247117 0.338512 
