0.357933 0.348124 0.269095 0.172507 0.0934648 0.0390641 0.00894291 -0.00133577 -0.00285683 -0.0042086 -0.00536818 -0.00430205 -0.00364412 -0.00662715 -0.0119759 -0.0163378 -0.0176007 -0.0151847 -0.0101682 -0.00531692 -0.00260069 8.69381e-05 0.00656033 0.0164903 0.0270919 0.040269 0.0638219 0.109511 0.188339 0.288294 
0.307616 0.302019 0.239734 0.16498 0.104278 0.0596066 0.0297657 0.0137702 0.00574368 0.000263484 -0.00230565 -0.00127491 -0.000794307 -0.00427505 -0.00975303 -0.013623 -0.0137442 -0.00929875 -0.00146339 0.006294 0.0113346 0.0154245 0.0221302 0.0304146 0.0358767 0.0403525 0.0547078 0.0918247 0.159641 0.246291 
0.214483 0.21787 0.182448 0.138744 0.103734 0.0756607 0.0519959 0.0339011 0.0206292 0.0105112 0.00448049 0.00247806 0.000345771 -0.00455763 -0.0100325 -0.0129508 -0.011512 -0.00509799 0.0047476 0.0146244 0.0224766 0.0295844 0.0378808 0.045426 0.0470173 0.0430705 0.0441293 0.0628044 0.106088 0.166845 
0.129902 0.143093 0.130086 0.110057 0.0950232 0.0822647 0.0673335 0.0507231 0.0345389 0.0205851 0.0109959 0.00554469 0.000593269 -0.00570463 -0.0112551 -0.0134632 -0.0109557 -0.00367765 0.00648824 0.0169477 0.0268421 0.0365497 0.0456672 0.0522186 0.052194 0.0442166 0.0351543 0.0358125 0.0547834 0.0922238 
0.0732534 0.0910888 0.088645 0.0797488 0.0754404 0.0732234 0.0663654 0.0531916 0.0369424 0.0220748 0.0116789 0.00511579 -0.000910783 -0.00756759 -0.0127939 -0.0143521 -0.0113369 -0.00417834 0.00529377 0.015257 0.0254844 0.0354642 0.0432916 0.0479452 0.0477547 0.0400109 0.0266531 0.0158225 0.0186544 0.0415713 
0.0416163 0.0581973 0.0560377 0.049129 0.0492016 0.0530901 0.0513284 0.0405355 0.0254218 0.0127329 0.00526572 0.000660492 -0.00447088 -0.0103322 -0.0145701 -0.0153213 -0.0121578 -0.00547543 0.00343963 0.012911 0.0224159 0.0313561 0.0376616 0.0402908 0.0384918 0.0296318 0.0135007 -0.00277125 -0.00584376 0.0127049 
0.0270466 0.0423003 0.0374912 0.0294166 0.0309918 0.0376311 0.0371906 0.0255127 0.00983013 -0.000420894 -0.00353728 -0.004775 -0.00817074 -0.012875 -0.0160341 -0.0160639 -0.0127967 -0.00625562 0.00286278 0.0124986 0.0213465 0.0294167 0.0351683 0.0359285 0.0300004 0.0162153 -0.00451821 -0.0239375 -0.0263213 -0.00404175 
0.0266293 0.0430834 0.0364839 0.0267695 0.0284081 0.0359459 0.0351305 0.0209495 0.0028127 -0.00724675 -0.00826399 -0.00780065 -0.0104134 -0.0145542 -0.0170969 -0.0165497 -0.0127662 -0.00561704 0.00434915 0.0146409 0.023317 0.0308841 0.0361138 0.0346753 0.0243208 0.00592989 -0.018448 -0.039728 -0.0394418 -0.0102479 
0.0379221 0.0545456 0.045517 0.0331299 0.0334271 0.0410964 0.0405097 0.0252426 0.00522117 -0.00619394 -0.00806823 -0.00851031 -0.011807 -0.0160784 -0.0183883 -0.0173844 -0.0128845 -0.00485887 0.00594051 0.0168153 0.0257434 0.03341 0.0382403 0.0349977 0.022312 0.00323381 -0.0203219 -0.0403095 -0.0370094 -0.00278315 
0.0481253 0.0609116 0.0487162 0.0342861 0.0337914 0.0420099 0.0426816 0.0281291 0.00762142 -0.00506899 -0.00831154 -0.00977801 -0.0134835 -0.0176312 -0.0197276 -0.0186626 -0.0141507 -0.00610056 0.00457501 0.015182 0.0242003 0.0326552 0.0383454 0.0351593 0.0224763 0.00551465 -0.0133258 -0.028382 -0.0226811 0.0106278 
0.0416637 0.0494065 0.0374583 0.025921 0.0283654 0.038777 0.0412547 0.0278831 0.00722036 -0.00651883 -0.0103962 -0.0115744 -0.0144716 -0.0178657 -0.0197749 -0.0193207 -0.0160384 -0.0095365 -0.000552247 0.00858589 0.0170199 0.0260528 0.0332347 0.0319155 0.0210644 0.00702145 -0.00636649 -0.016174 -0.0113768 0.0137322 
0.019209 0.0254981 0.0199927 0.0171238 0.0260415 0.0398004 0.0441073 0.0321314 0.0117982 -0.00298337 -0.00814299 -0.00975663 -0.0122899 -0.0152603 -0.0174543 -0.0183586 -0.0173941 -0.013779 -0.00758763 -0.000248313 0.00765146 0.0168008 0.024924 0.0261514 0.0185427 0.00745467 -0.00251262 -0.0105143 -0.0110585 0.00176819 
-0.00146106 0.00721758 0.0105842 0.0167562 0.0311174 0.0466922 0.0517803 0.0416669 0.02324 0.00820499 0.000817866 -0.00298524 -0.00662705 -0.0101544 -0.0133153 -0.0161077 -0.0178948 -0.0174545 -0.0139301 -0.00759199 0.000939032 0.01107 0.0204942 0.0244578 0.0200353 0.0105988 0.00102283 -0.00823564 -0.0148189 -0.01215 
-0.00503717 0.0071853 0.0160064 0.025146 0.0385649 0.0510004 0.0542882 0.0459671 0.0310732 0.0177889 0.00961308 0.00417798 -0.000790439 -0.00540196 -0.00979332 -0.0142084 -0.0179792 -0.0195982 -0.0176018 -0.011429 -0.00158695 0.010524 0.022304 0.0291378 0.0268671 0.0172297 0.00582598 -0.00514876 -0.0139505 -0.0145671 
0.00682365 0.0214225 0.0305977 0.0362211 0.0425067 0.0473945 0.0469069 0.0398997 0.0288016 0.0186319 0.0119894 0.00691259 0.00142546 -0.00413388 -0.00931365 -0.0141729 -0.0181573 -0.0199015 -0.0180267 -0.011845 -0.00167759 0.0112339 0.0246721 0.0340537 0.0338969 0.0240537 0.0105377 -0.00125183 -0.00802632 -0.00556233 
0.0213414 0.0351524 0.0413278 0.0420129 0.0414778 0.0401858 0.0372839 0.0315412 0.0228519 0.0146215 0.00940857 0.00515381 -0.000396593 -0.00639995 -0.0115403 -0.0156216 -0.0183897 -0.0189646 -0.0164788 -0.0105643 -0.00152 0.0100394 0.0231778 0.0342093 0.0366931 0.0280513 0.0137447 0.00223381 -0.0008769 0.00645246 
0.0281604 0.0383173 0.0405622 0.0385873 0.036034 0.0337526 0.0316572 0.0275752 0.0198204 0.0115607 0.00617528 0.00196718 -0.00350973 -0.00930008 -0.013721 -0.0165762 -0.0179952 -0.017589 -0.014886 -0.00967696 -0.00214673 0.007672 0.0199069 0.0317292 0.0363332 0.0294433 0.0154753 0.00436548 0.00355332 0.0135888 
0.0240751 0.030494 0.0301138 0.0278704 0.0266352 0.026392 0.0264793 0.0241357 0.0172254 0.00893794 0.00326024 -0.000858646 -0.00576721 -0.0106801 -0.0139871 -0.015705 -0.0163757 -0.0159438 -0.0139872 -0.0100171 -0.00365174 0.00563956 0.0180036 0.0303318 0.0359475 0.0303381 0.0166414 0.00444111 0.00259909 0.0118328 
0.0112888 0.0151446 0.0139996 0.0125495 0.0128333 0.0141837 0.0156981 0.0149602 0.0100601 0.00359566 -0.000852271 -0.0038828 -0.00747746 -0.0109273 -0.0127534 -0.0132715 -0.0134967 -0.0136106 -0.0130183 -0.0107003 -0.0053447 0.00429682 0.0177439 0.0306981 0.0366925 0.0317638 0.0177911 0.0030612 -0.00267298 0.00262785 
-0.00472411 -0.00303811 -0.00430245 -0.00525534 -0.00458695 -0.0027807 -0.000385781 0.000833064 -0.00074283 -0.00370692 -0.00568083 -0.00698191 -0.00891384 -0.0106321 -0.0108129 -0.0100864 -0.00982973 -0.0103366 -0.0108521 -0.00997556 -0.00563441 0.0040446 0.0180225 0.0309274 0.0364663 0.0314768 0.0173409 0.0008795 -0.00883648 -0.00884218 
-0.0183741 -0.0181965 -0.0191463 -0.0198619 -0.0193648 -0.0173867 -0.0141362 -0.0109974 -0.00931161 -0.00878492 -0.00834559 -0.00811928 -0.00864619 -0.00896452 -0.00803979 -0.00666333 -0.00614389 -0.00666805 -0.00750824 -0.00729085 -0.00380163 0.00484715 0.0172543 0.0279168 0.0313876 0.0259216 0.0132074 -0.00205833 -0.0136006 -0.018264 
-0.0256344 -0.0254017 -0.0247992 -0.0245304 -0.0238042 -0.0217181 -0.0184231 -0.0149509 -0.0119514 -0.00953589 -0.00764318 -0.00647128 -0.00610839 -0.00570087 -0.0045917 -0.00347513 -0.00318619 -0.00367141 -0.00437637 -0.00422829 -0.00143268 0.00525348 0.0142089 0.0208762 0.0217148 0.0169697 0.00837278 -0.00289639 -0.0144963 -0.0226688 
-0.0244252 -0.0235999 -0.0210614 -0.0193916 -0.0180907 -0.0160547 -0.0136565 -0.0116114 -0.00958993 -0.00736186 -0.00537121 -0.00404329 -0.00333648 -0.00268816 -0.00187033 -0.00140583 -0.00160359 -0.00219486 -0.00276594 -0.00254297 -0.000378006 0.00413572 0.00951381 0.0129147 0.0131039 0.0117981 0.00957432 0.00332411 -0.00804672 -0.0192806 
-0.0170071 -0.0168793 -0.0139861 -0.0118945 -0.0102509 -0.00801794 -0.00609041 -0.0054517 -0.00528287 -0.00466027 -0.00382265 -0.00317905 -0.00262055 -0.00190052 -0.00126479 -0.00122407 -0.00177654 -0.0025178 -0.00305417 -0.00279409 -0.00121048 0.00144434 0.00425039 0.00639938 0.00853952 0.0125398 0.0169194 0.0151549 0.00413469 -0.00954095 
-0.00982391 -0.0113849 -0.00999686 -0.00879473 -0.0072245 -0.00446309 -0.00194142 -0.00132786 -0.00213678 -0.00302693 -0.00363213 -0.0040006 -0.00384507 -0.00310637 -0.00243082 -0.00248506 -0.003214 -0.00416373 -0.00489343 -0.00489018 -0.0040614 -0.00303978 -0.0020709 -0.000248567 0.00413961 0.0121992 0.0207977 0.0221902 0.0126926 -0.00109886 
-0.00776967 -0.0102357 -0.0105039 -0.0103637 -0.0090739 -0.00615617 -0.00298261 -0.00133605 -0.00145621 -0.00244894 -0.00370311 -0.00478055 -0.00503774 -0.00438798 -0.00368109 -0.0037626 -0.0046721 -0.00598969 -0.0072619 -0.00801593 -0.00833345 -0.00892054 -0.00954792 -0.00844105 -0.00367137 0.00506545 0.0143064 0.0172659 0.0106896 -0.000191912 
-0.0100058 -0.0121879 -0.0130171 -0.0131183 -0.0120016 -0.00960313 -0.00656999 -0.00387825 -0.00231104 -0.00210969 -0.00303708 -0.00430654 -0.00486784 -0.00445298 -0.00390216 -0.00412818 -0.00527176 -0.00700025 -0.00891697 -0.0106063 -0.012131 -0.0140111 -0.0157869 -0.0156632 -0.0120851 -0.00517926 0.00229394 0.00551162 0.00200065 -0.00487663 
-0.0130772 -0.0148876 -0.0157352 -0.0156241 -0.0145212 -0.012735 -0.0102045 -0.00693858 -0.00387698 -0.00221369 -0.00225208 -0.00316475 -0.00373135 -0.00353062 -0.00324338 -0.00367987 -0.00500731 -0.00698697 -0.00929968 -0.0115954 -0.0138497 -0.0163085 -0.0184698 -0.0189631 -0.0167999 -0.0122642 -0.00716148 -0.00444298 -0.00587989 -0.00977462 
-0.0152301 -0.01709 -0.0182498 -0.0183257 -0.0174367 -0.0160329 -0.0137958 -0.0103027 -0.00641248 -0.00360391 -0.00249532 -0.00251297 -0.00262116 -0.00238873 -0.00227738 -0.00287372 -0.00428977 -0.00632765 -0.00870738 -0.0111388 -0.0135398 -0.015972 -0.018025 -0.0187793 -0.017683 -0.0150792 -0.0120595 -0.0102038 -0.0106584 -0.0128502 
-0.0158388 -0.0177493 -0.0193694 -0.0200485 -0.0197445 -0.018804 -0.0169089 -0.0135927 -0.00950504 -0.00595117 -0.00368255 -0.00254569 -0.00190813 -0.00142831 -0.00135849 -0.0020555 -0.00353086 -0.00553146 -0.00775681 -0.00998439 -0.0121477 -0.0142677 -0.016084 -0.0169552 -0.0165179 -0.0151342 -0.0135523 -0.0125764 -0.0127926 -0.0140737 
-0.01422 -0.016107 -0.017996 -0.019153 -0.0194123 -0.0190543 -0.0178368 -0.015259 -0.011611 -0.00783796 -0.0047508 -0.002644 -0.00133499 -0.000601446 -0.000537099 -0.00133224 -0.00288898 -0.00483478 -0.00681851 -0.00868077 -0.0103979 -0.0120214 -0.0134445 -0.01418 -0.0138897 -0.0129112 -0.011904 -0.0114155 -0.0117351 -0.0127452 
-0.0102881 -0.0124164 -0.01457 -0.0159855 -0.0165014 -0.016513 -0.0159725 -0.0143834 -0.0116524 -0.00826669 -0.00494936 -0.00232093 -0.000603728 0.000275892 0.000308569 -0.00058671 -0.00221353 -0.00409586 -0.00585635 -0.00737071 -0.00860183 -0.00958767 -0.0103487 -0.01058 -0.00999284 -0.00886388 -0.00777118 -0.00721408 -0.00752019 -0.00862437 
-0.00485494 -0.00740876 -0.00999724 -0.0117634 -0.0125232 -0.0127675 -0.0126722 -0.011893 -0.0101365 -0.00748088 -0.00443246 -0.00173614 0.000112949 0.00103503 0.00103101 8.13658e-05 -0.00155383 -0.00335598 -0.00495762 -0.00624518 -0.00710707 -0.00746888 -0.00740937 -0.00689033 -0.00581526 -0.00438456 -0.00295682 -0.00194496 -0.00187247 -0.00292122 
0.000160052 -0.00259177 -0.00551891 -0.00772606 -0.00896551 -0.00963814 -0.00995381 -0.00970481 -0.00859172 -0.00653369 -0.00390568 -0.00142682 0.00034153 0.00123362 0.00121629 0.000286499 -0.00128222 -0.00298619 -0.00447353 -0.00562648 -0.00626904 -0.00618058 -0.005409 -0.00416169 -0.00259287 -0.000832023 0.000992569 0.00249333 0.00296872 0.00211295 
0.00263456 4.05637e-05 -0.00285988 -0.0052848 -0.00696995 -0.00814264 -0.00885038 -0.00886799 -0.00796739 -0.0061533 -0.00381669 -0.00159243 2.53859e-05 0.000854059 0.000837503 -1.61566e-05 -0.00145541 -0.00303767 -0.00442196 -0.00546884 -0.00599455 -0.00569272 -0.0045161 -0.00277802 -0.000801333 0.00131903 0.00350374 0.00516926 0.00551203 0.00451273 
0.00239032 0.000129408 -0.00249095 -0.00480701 -0.00657739 -0.00794545 -0.00879654 -0.00882963 -0.0078982 -0.00613414 -0.00395503 -0.00191781 -0.000454095 0.000263268 0.000208419 -0.000566253 -0.00184367 -0.00328048 -0.00456799 -0.00554481 -0.00605875 -0.00576909 -0.00448961 -0.00253503 -0.000344615 0.00197524 0.0042976 0.00578396 0.00559692 0.00419545 
0.000892281 -0.00103824 -0.00335919 -0.00537497 -0.00687829 -0.00807414 -0.00879844 -0.00871174 -0.00772586 -0.00603015 -0.00403622 -0.00224628 -0.00103479 -0.00053581 -0.000715025 -0.00145691 -0.00256811 -0.00381463 -0.00496877 -0.00590288 -0.00651692 -0.00641714 -0.00525282 -0.00335992 -0.00132606 0.000791095 0.00299793 0.00436775 0.00397258 0.00248657 
-0.000901501 -0.00247382 -0.00448284 -0.00612762 -0.00722691 -0.00809551 -0.00859677 -0.00839195 -0.00740809 -0.0058533 -0.00416281 -0.00278891 -0.00198269 -0.00179589 -0.00215423 -0.00289846 -0.00383625 -0.00481778 -0.0057348 -0.00657181 -0.00730765 -0.00747795 -0.0065949 -0.00509175 -0.00368605 -0.00216682 -0.000125938 0.00148468 0.00143425 0.000298688 
-0.00304635 -0.00403166 -0.00552967 -0.00674905 -0.00749457 -0.00805515 -0.00829897 -0.00797628 -0.00705313 -0.00571904 -0.0044211 -0.00355236 -0.00320807 -0.00334139 -0.00386292 -0.00460379 -0.00536965 -0.00606278 -0.00668934 -0.00737467 -0.00818655 -0.00861226 -0.00811347 -0.00726991 -0.00682222 -0.00610293 -0.00422369 -0.00223411 -0.00177481 -0.00241128 
-0.00600766 -0.00626061 -0.00694408 -0.00743824 -0.00767433 -0.00785349 -0.00775121 -0.00727567 -0.0065127 -0.00554946 -0.00471739 -0.0043358 -0.00440422 -0.00480644 -0.00544163 -0.00615797 -0.00678915 -0.0072808 -0.00772024 -0.00834187 -0.00925533 -0.00990531 -0.00979059 -0.00963639 -0.010164 -0.0103767 -0.00897845 -0.00687026 -0.00591554 -0.00597982 
-0.00984605 -0.00985845 -0.00964379 -0.0087316 -0.00769761 -0.00707351 -0.00652486 -0.0059525 -0.005504 -0.00510168 -0.00486882 -0.0050366 -0.00554061 -0.00619937 -0.0069039 -0.00755561 -0.00806937 -0.00846891 -0.00891527 -0.00967659 -0.0107855 -0.011606 -0.011701 -0.0119393 -0.0132241 -0.0146412 -0.0143874 -0.0124613 -0.0107095 -0.0100209 
-0.0134811 -0.0141592 -0.0131725 -0.0101508 -0.00691156 -0.00494456 -0.00393485 -0.00348174 -0.00356994 -0.00395351 -0.0045818 -0.00555978 -0.00667336 -0.00763343 -0.00836115 -0.00886969 -0.00919555 -0.00948701 -0.0100018 -0.0109544 -0.0121766 -0.0129053 -0.0127641 -0.0129082 -0.0147981 -0.017795 -0.01916 -0.0173643 -0.0143834 -0.0129996 
-0.0160078 -0.0175062 -0.0154037 -0.00986879 -0.00418773 -0.000871138 0.000373665 0.000380235 -0.000544866 -0.00201614 -0.00383687 -0.00588789 -0.0077238 -0.00898661 -0.00969654 -0.00998752 -0.00999022 -0.00997624 -0.0102872 -0.0110121 -0.0117652 -0.0117273 -0.0107364 -0.0105772 -0.0134409 -0.0185055 -0.0215265 -0.019609 -0.0155157 -0.0141385 
-0.0183311 -0.019556 -0.0153161 -0.00709599 0.000542537 0.00461145 0.00565585 0.00493109 0.00295503 0.000195349 -0.00295148 -0.00604138 -0.00846918 -0.00996993 -0.0106788 -0.0107386 -0.0102843 -0.00966259 -0.00920186 -0.00880837 -0.00806856 -0.00647571 -0.00444511 -0.00456517 -0.00940469 -0.0171855 -0.0218884 -0.0199586 -0.0155716 -0.0151368 
-0.0209596 -0.0209663 -0.0140905 -0.00336491 0.00579687 0.0103066 0.0110151 0.00948022 0.00638277 0.00234591 -0.00194324 -0.00575412 -0.00852118 -0.0102028 -0.010976 -0.0108592 -0.00991695 -0.00848407 -0.00671939 -0.00437044 -0.00141638 0.00180254 0.0041711 0.00282015 -0.00443631 -0.0146766 -0.0207824 -0.0193161 -0.0157094 -0.0168643 
-0.0217252 -0.021266 -0.0127037 -0.000197955 0.0103756 0.0157361 0.0165595 0.014355 0.0100955 0.00489892 -0.000214845 -0.00446966 -0.00748774 -0.00939252 -0.0103159 -0.0101378 -0.00884159 -0.00666054 -0.00351066 0.000855128 0.0057279 0.00979624 0.0117026 0.00924657 0.0011545 -0.00925417 -0.0152876 -0.0143838 -0.0125319 -0.0161258 
-0.0177647 -0.0183942 -0.00969188 0.00340799 0.0148758 0.0212784 0.0227019 0.0201232 0.0148399 0.00874093 0.00306147 -0.00166375 -0.00518031 -0.0075334 -0.00874602 -0.00863324 -0.00714383 -0.00445287 -0.000386993 0.0051621 0.0109623 0.0152298 0.0168964 0.0148438 0.00859725 0.00102574 -0.00272731 -0.00166901 -0.00213866 -0.00930609 
-0.00709644 -0.00925202 -0.00185438 0.00988796 0.0205689 0.0271756 0.0292054 0.0266263 0.0207025 0.0139952 0.00783623 0.00244414 -0.00190319 -0.00497866 -0.00663099 -0.00663583 -0.00499473 -0.00204418 0.00221713 0.00789674 0.0138709 0.0183696 0.0205644 0.0201667 0.0173505 0.0144556 0.0148053 0.0171807 0.0146676 0.0040253 
0.0102308 0.00745692 0.0122737 0.0201115 0.0275389 0.0327854 0.0349332 0.0325965 0.0264058 0.0192552 0.0126714 0.00667331 0.00149877 -0.00238336 -0.00455689 -0.00470699 -0.00298697 -6.19431e-05 0.00385528 0.00916939 0.0152597 0.0203237 0.0233632 0.0247896 0.0257888 0.0284088 0.033798 0.0380741 0.0341828 0.021767 
0.0291013 0.0273535 0.0297945 0.0325235 0.0347248 0.0366671 0.0377775 0.0356672 0.029814 0.0227669 0.0161806 0.00993539 0.00410763 -0.000579606 -0.00331637 -0.00371656 -0.00218202 0.00042215 0.00395123 0.00919671 0.0158958 0.021961 0.0259455 0.028967 0.0335865 0.0415592 0.0513964 0.0567419 0.051489 0.0388001 
0.0420449 0.0424788 0.0438444 0.0423378 0.0390656 0.0364725 0.0355009 0.0338859 0.0296712 0.0239557 0.0179793 0.0115914 0.00501113 -0.000510476 -0.00373474 -0.00438209 -0.0031636 -0.000862281 0.00270343 0.00850294 0.0163931 0.024013 0.0291096 0.0328467 0.0390402 0.0495687 0.0610788 0.0660648 0.060045 0.0486205 
0.045916 0.0469512 0.0461911 0.041235 0.0344102 0.0290131 0.0272329 0.0274936 0.0264152 0.0230086 0.0177844 0.0109622 0.00350001 -0.0026387 -0.0059908 -0.00654727 -0.00527893 -0.00277754 0.00138512 0.00807774 0.017251 0.026441 0.0321253 0.0343989 0.0378001 0.0454397 0.054718 0.059373 0.0559712 0.048993 
0.0396827 0.0376985 0.0323361 0.0244534 0.0173031 0.0133282 0.0142392 0.0183477 0.0210729 0.0200291 0.0154997 0.00832866 0.000325636 -0.0059649 -0.0090317 -0.00906907 -0.00718207 -0.00389758 0.00120077 0.00866459 0.0183613 0.027805 0.0324665 0.0309652 0.0277574 0.0281149 0.0330705 0.0391329 0.0418665 0.0410261 
0.0210995 0.0141114 0.00523653 -0.00285156 -0.00720861 -0.0065486 -0.00044948 0.00830018 0.0143569 0.0154033 0.0121462 0.00554815 -0.00231244 -0.00843933 -0.011135 -0.0105712 -0.00788652 -0.00374053 0.00210373 0.00982023 0.0188266 0.0266232 0.0287344 0.0228468 0.0126111 0.00555755 0.0072082 0.0157736 0.0234885 0.0249851 
-0.00536869 -0.0179919 -0.0272742 -0.0317511 -0.0308587 -0.0244236 -0.0131874 -0.00100026 0.0070974 0.01008 0.00905159 0.00414091 -0.0029726 -0.00885535 -0.0114177 -0.0106342 -0.00761085 -0.00328326 0.00242611 0.00966961 0.0174295 0.0230286 0.0226072 0.0135681 -0.00142146 -0.0130761 -0.012382 -0.0013524 0.00772549 0.00572779 
-0.0249812 -0.0451194 -0.0550343 -0.0550055 -0.0481713 -0.036459 -0.0219528 -0.00864691 4.28771e-05 0.00469774 0.00627564 0.00360211 -0.00232254 -0.00783485 -0.0105133 -0.0100426 -0.00740953 -0.00387075 0.000580366 0.0066276 0.0133452 0.0177253 0.0162529 0.00639231 -0.0100065 -0.0228756 -0.0208713 -0.00648438 0.00345502 -0.00401137 
-0.0247228 -0.0526984 -0.0654956 -0.0641751 -0.055373 -0.0428626 -0.0287735 -0.0160802 -0.00700436 -0.000778454 0.00292382 0.00221174 -0.00232965 -0.00714803 -0.00979378 -0.00973098 -0.00775591 -0.00534529 -0.00266649 0.00150173 0.00690838 0.0107293 0.00983349 0.00210745 -0.0114889 -0.0219914 -0.017122 0.0015354 0.0143725 0.00424281 
-0.00624364 -0.0371735 -0.0529897 -0.0549704 -0.0517181 -0.0460884 -0.036691 -0.0246448 -0.0137023 -0.00559154 -0.000713106 -0.00045273 -0.00399897 -0.00795074 -0.0100944 -0.00999626 -0.00831025 -0.00651672 -0.00522861 -0.00334338 -0.000240359 0.00243011 0.00257787 -0.00106454 -0.00862167 -0.0143552 -0.00713474 0.0138942 0.0304564 0.0231745 
0.0150964 -0.0128384 -0.0299577 -0.0366628 -0.0420679 -0.0467285 -0.0437312 -0.0319153 -0.0182399 -0.00821096 -0.00282456 -0.00249899 -0.00590692 -0.00945664 -0.0110594 -0.0106651 -0.00892536 -0.00713166 -0.00644481 -0.00650967 -0.00617529 -0.00561392 -0.00558567 -0.00624956 -0.00829299 -0.00956334 -0.00172451 0.0184904 0.0376507 0.0373642 
0.0253592 0.00141392 -0.0152716 -0.0230978 -0.0320444 -0.0428369 -0.044838 -0.034055 -0.018859 -0.00740402 -0.00156521 -0.00161604 -0.00590757 -0.0101534 -0.0119635 -0.0116896 -0.01012 -0.00824637 -0.0074593 -0.00815292 -0.00931295 -0.0106017 -0.0121753 -0.0130229 -0.0128868 -0.0112227 -0.00283037 0.0156426 0.0351826 0.0403458 
0.0252452 0.00343944 -0.0110088 -0.015475 -0.0219665 -0.0337032 -0.0388003 -0.0300119 -0.0146004 -0.00220677 0.00367967 0.00236253 -0.00392674 -0.00990791 -0.0127851 -0.0132838 -0.0123983 -0.0107222 -0.00927052 -0.00868061 -0.00870379 -0.00998888 -0.0132745 -0.0165128 -0.0169808 -0.0131834 -0.00262912 0.0151015 0.0326055 0.037952 
0.0261029 0.00789438 -0.00201212 -0.00275235 -0.00763272 -0.0204913 -0.0284566 -0.0217729 -0.00651399 0.00600147 0.0104228 0.00642264 -0.00238127 -0.0100935 -0.0141088 -0.015535 -0.015477 -0.0140908 -0.0116489 -0.00859122 -0.00564101 -0.00516197 -0.00906655 -0.0144753 -0.015797 -0.00974057 0.00363024 0.020752 0.0348139 0.0378628 
0.0348295 0.025226 0.0218158 0.0215958 0.0128098 -0.00474146 -0.0165136 -0.0123653 0.00142822 0.0121359 0.0134982 0.00649399 -0.00380012 -0.0118932 -0.0161988 -0.0180998 -0.0185029 -0.0172272 -0.0140396 -0.00908548 -0.00356731 -0.000924539 -0.00381604 -0.00867934 -0.00814549 0.00103077 0.0155231 0.0295129 0.0391041 0.0414424 
0.0489558 0.051847 0.0541556 0.0496949 0.0319653 0.00762689 -0.00755162 -0.00599261 0.0046182 0.011768 0.00997172 0.00148148 -0.00819563 -0.014934 -0.0185531 -0.0204495 -0.0209229 -0.0195746 -0.0162632 -0.011054 -0.00481545 -0.000558636 -0.000576037 -0.000953933 0.00526316 0.0182415 0.030507 0.0368962 0.0404128 0.0449318 
0.0714888 0.0853758 0.0866651 0.0706833 0.0399784 0.00863984 -0.00792546 -0.00693256 0.00148857 0.00590252 0.00257099 -0.00540184 -0.0130535 -0.0178599 -0.0206524 -0.0224679 -0.0228317 -0.0212528 -0.0181302 -0.0138249 -0.0085434 -0.00362904 9.55105e-05 0.00629491 0.0195752 0.0358137 0.0439703 0.0416299 0.04103 0.0527554 
0.123357 0.138796 0.124969 0.0874989 0.0405337 0.00213977 -0.0150793 -0.0129994 -0.0043671 -0.000351596 -0.00335109 -0.00969721 -0.0153541 -0.0190956 -0.0218467 -0.0238623 -0.0241343 -0.0223016 -0.0193458 -0.0161463 -0.0125685 -0.00807758 -0.00161282 0.00971232 0.027835 0.046593 0.0546313 0.0529248 0.0602712 0.088805 
0.21877 0.224312 0.181078 0.113895 0.0489748 0.00287539 -0.0170586 -0.0157509 -0.0074237 -0.00345407 -0.00548362 -0.00969144 -0.0135195 -0.017064 -0.0206596 -0.0233987 -0.0239694 -0.0222239 -0.0194434 -0.017006 -0.014961 -0.0114989 -0.00409095 0.00901213 0.0278998 0.0482816 0.0635062 0.0782604 0.111613 0.168684 
0.320552 0.314481 0.242836 0.149929 0.0707877 0.0174909 -0.00781302 -0.0111641 -0.00647539 -0.00440589 -0.00572316 -0.00715383 -0.00860609 -0.0118972 -0.0165789 -0.0203815 -0.0215981 -0.0200131 -0.0168549 -0.0140711 -0.0124664 -0.00977885 -0.00265268 0.00942795 0.0251852 0.0441264 0.0674616 0.103935 0.168744 0.256272 
