0.449008 0.439079 0.391253 0.327004 0.265054 0.210906 0.161019 0.112689 0.0682578 0.0320369 0.00595803 -0.0111745 -0.0214478 -0.0259503 -0.0248891 -0.0188556 -0.00971069 -0.000250991 0.00728885 0.0130333 0.0202137 0.0338208 0.0574742 0.0907367 0.12981 0.172108 0.220394 0.280223 0.350178 0.414457 
0.396365 0.391908 0.354631 0.302863 0.251903 0.205511 0.160222 0.11402 0.069822 0.0325964 0.00519516 -0.0127607 -0.0230941 -0.0272114 -0.0259011 -0.0202333 -0.012188 -0.00420481 0.00225554 0.00824877 0.0176161 0.0349892 0.0621912 0.0959534 0.130191 0.162305 0.197486 0.244501 0.304287 0.362498 
0.306678 0.30971 0.288143 0.25534 0.221611 0.188293 0.151936 0.11129 0.0698553 0.0332283 0.0052153 -0.0135892 -0.0244844 -0.0289126 -0.0280121 -0.023188 -0.0164936 -0.010051 -0.00462133 0.00169275 0.0131557 0.0336718 0.0628513 0.0944521 0.120348 0.138223 0.155651 0.18439 0.228111 0.275393 
0.2061 0.217164 0.211967 0.198559 0.182545 0.163371 0.137784 0.104997 0.0685678 0.0342797 0.00665176 -0.0127697 -0.0245883 -0.0299829 -0.0301108 -0.0264583 -0.0210808 -0.0159478 -0.0114691 -0.00529879 0.00695863 0.0284429 0.0569459 0.0840761 0.100472 0.104206 0.104444 0.114966 0.141942 0.177526 
0.11402 0.131059 0.138778 0.140838 0.13947 0.133157 0.118856 0.095545 0.0659908 0.0355576 0.00922224 -0.010503 -0.0233592 -0.0300368 -0.0314914 -0.0291256 -0.0249652 -0.021002 -0.0176702 -0.0126054 -0.00149769 0.0183192 0.0437499 0.0655396 0.0739713 0.067253 0.0548264 0.0510175 0.0637339 0.0886222 
0.0403836 0.0588429 0.0734265 0.0850771 0.0941335 0.0987093 0.095624 0.0827996 0.0614445 0.0360282 0.0118111 -0.00769115 -0.0212336 -0.0289145 -0.0314423 -0.0301372 -0.0270387 -0.0242861 -0.0225746 -0.0197822 -0.011716 0.00430218 0.0253313 0.0424414 0.0461823 0.0344495 0.0156064 0.00296493 0.00498609 0.0201201 
-0.00972867 0.00500596 0.0197818 0.034691 0.0494914 0.062221 0.0691421 0.0665848 0.0538266 0.0341883 0.0130045 -0.00534066 -0.0186623 -0.0264842 -0.0293261 -0.028525 -0.0262222 -0.0247543 -0.0251177 -0.0254635 -0.0216091 -0.0104414 0.00598627 0.0198075 0.0221786 0.010426 -0.00894745 -0.0247826 -0.0293852 -0.0227202 
-0.0336248 -0.025677 -0.0159401 -0.00359706 0.0117369 0.0284533 0.0422418 0.0478583 0.0427441 0.0289917 0.0116739 -0.00436018 -0.0162611 -0.0231111 -0.0253291 -0.0243686 -0.0225361 -0.0223158 -0.0248593 -0.0284494 -0.0288212 -0.0223198 -0.00993868 0.00171665 0.00460851 -0.00427229 -0.0201294 -0.0342459 -0.0407182 -0.0394555 
-0.032898 -0.0313 -0.0289776 -0.0234555 -0.0126547 0.00291246 0.0188886 0.0289787 0.0292042 0.0204736 0.00724305 -0.00568169 -0.0151925 -0.0201558 -0.0209985 -0.0193499 -0.0176682 -0.0184343 -0.022701 -0.0286996 -0.0321373 -0.0291076 -0.0199153 -0.0101286 -0.00680279 -0.0125756 -0.0233754 -0.032329 -0.035727 -0.0348596 
-0.0150569 -0.0168333 -0.0214947 -0.0247015 -0.0219852 -0.0119758 0.00167971 0.012323 0.0150301 0.00965532 -0.000149606 -0.00996752 -0.016772 -0.0194541 -0.018566 -0.0159212 -0.0140342 -0.0151833 -0.0200946 -0.0268683 -0.0314162 -0.0301258 -0.0232629 -0.0157657 -0.0135327 -0.0179637 -0.0244362 -0.0268561 -0.0234994 -0.0179528 
0.00884123 0.00682385 -0.00293135 -0.0145438 -0.0210033 -0.0186263 -0.00981767 -0.00112594 0.00189497 -0.00179941 -0.00932609 -0.0167205 -0.0211771 -0.0217559 -0.0191983 -0.0154461 -0.0129231 -0.0135386 -0.0176011 -0.0231671 -0.0266867 -0.0253909 -0.0201003 -0.0154778 -0.0161469 -0.021646 -0.0258647 -0.0225514 -0.0114124 0.00151339 
0.0289996 0.0283397 0.015472 -0.00272837 -0.0170691 -0.021682 -0.017682 -0.0113883 -0.00884634 -0.0118334 -0.0180566 -0.0238751 -0.0266636 -0.0256601 -0.0217701 -0.0169602 -0.0134214 -0.012608 -0.0144514 -0.0171396 -0.0179451 -0.0152969 -0.0109078 -0.0093724 -0.0140564 -0.0225028 -0.0268419 -0.020196 -0.0030665 0.0165969 
0.0403551 0.0412032 0.0268864 0.00471962 -0.0146307 -0.0237397 -0.0228117 -0.0180259 -0.0157876 -0.0183672 -0.0238248 -0.0286775 -0.0303931 -0.0283394 -0.0235272 -0.0178593 -0.0132136 -0.0105799 -0.00958136 -0.00863386 -0.00591804 -0.00113907 0.00300464 0.00184927 -0.00694946 -0.0192744 -0.0257623 -0.0188116 0.000893049 0.024415 
0.043189 0.0452305 0.0309543 0.00765591 -0.0133704 -0.0240284 -0.0241659 -0.019892 -0.0176973 -0.0199939 -0.0249564 -0.0291696 -0.0301818 -0.0274819 -0.0221562 -0.0160094 -0.0106055 -0.0065094 -0.00305699 0.00118452 0.00730654 0.0145138 0.0191723 0.0163439 0.00422246 -0.0120321 -0.0220157 -0.0173941 0.00152712 0.0257478 
0.0414337 0.044279 0.0311221 0.00894469 -0.0110961 -0.0210783 -0.0209679 -0.0167523 -0.014636 -0.0168157 -0.0214354 -0.025187 -0.0257796 -0.0228438 -0.0175087 -0.0114627 -0.00600038 -0.00134018 0.00346646 0.00988809 0.01866 0.0282836 0.0343383 0.0313563 0.0174645 -0.00182531 -0.0155253 -0.014599 0.001414 0.0241025 
0.039499 0.0423023 0.0303467 0.0102014 -0.00763819 -0.0159843 -0.0151558 -0.010888 -0.00883337 -0.0108276 -0.0150424 -0.0184326 -0.0189545 -0.0163308 -0.0116212 -0.00634088 -0.0015686 0.00270189 0.00764262 0.0149013 0.0252408 0.0369283 0.0450427 0.0435073 0.0299572 0.00965729 -0.00637919 -0.00874843 0.00376458 0.0236532 
0.0392454 0.0406576 0.0289793 0.0103745 -0.00555582 -0.0124876 -0.0110011 -0.0064391 -0.00392011 -0.0051301 -0.00854744 -0.0115627 -0.0123544 -0.0105677 -0.00701882 -0.00298019 0.000621876 0.00386805 0.00801598 0.0148953 0.025519 0.0383193 0.0483177 0.0491551 0.0380115 0.0195086 0.00391147 0.000167712 0.00977717 0.0262228 
0.0392597 0.0383666 0.0260036 0.00787123 -0.00731057 -0.0137735 -0.0119408 -0.00662361 -0.00269466 -0.00218258 -0.00423049 -0.00672053 -0.00787939 -0.0070635 -0.00473995 -0.0019599 0.000404546 0.00237504 0.00515377 0.010649 0.0201327 0.0324219 0.0429812 0.0458467 0.0382169 0.0239121 0.0116241 0.00883226 0.016708 0.0297373 
0.0366564 0.0341233 0.0212771 0.00311967 -0.0123702 -0.0194259 -0.017727 -0.0113918 -0.00538308 -0.00254412 -0.00289579 -0.00468629 -0.00594814 -0.00563817 -0.00395887 -0.00191591 -0.000471763 0.000258823 0.001365 0.00473678 0.011793 0.0217669 0.0309291 0.0343588 0.0298169 0.0203521 0.0126104 0.0120527 0.0192695 0.0297957 
0.0295088 0.0276714 0.0160685 -0.00136614 -0.0173002 -0.0255297 -0.024542 -0.017595 -0.00984601 -0.00506952 -0.00407035 -0.00521051 -0.0061561 -0.00553028 -0.00352141 -0.00135723 -0.000247901 -0.000473035 -0.00103033 -6.83049e-05 0.00388275 0.0103978 0.0166292 0.0189161 0.0157935 0.00966876 0.00530401 0.00645508 0.0134773 0.0230403 
0.0182989 0.0198912 0.0119562 -0.00297828 -0.0183254 -0.0274432 -0.0275984 -0.0210895 -0.0130374 -0.00778912 -0.00654903 -0.00753974 -0.00804641 -0.0065452 -0.00345782 -0.000424967 0.000997122 0.000342702 -0.00145206 -0.00255567 -0.00146849 0.00163602 0.00459751 0.00473058 0.00114222 -0.00423407 -0.00785301 -0.00675104 -0.000149897 0.00980437 
0.00590036 0.0123783 0.00987392 -0.000636724 -0.0136312 -0.0225248 -0.023795 -0.01883 -0.0122952 -0.00847484 -0.00848535 -0.0102645 -0.0108382 -0.00870425 -0.00457933 -0.000487578 0.00168655 0.00124766 -0.000999053 -0.00326699 -0.00401953 -0.00325726 -0.00276088 -0.00473504 -0.00984604 -0.016446 -0.0214843 -0.0219913 -0.0163669 -0.00564692 
-0.00383811 0.00691199 0.0100858 0.00517369 -0.00379858 -0.0110382 -0.0128799 -0.00998391 -0.00621519 -0.0052379 -0.00772151 -0.0113119 -0.0129374 -0.0111644 -0.00683925 -0.00213279 0.000859786 0.0011585 -0.000691844 -0.00303489 -0.00432765 -0.00448648 -0.0051669 -0.00843612 -0.0148988 -0.0230005 -0.0298243 -0.032261 -0.0280943 -0.0174442 
-0.00817442 0.00467444 0.0123513 0.0130446 0.00892408 0.00438728 0.00272066 0.00377512 0.00459435 0.0023669 -0.00302395 -0.00901906 -0.0125609 -0.0122214 -0.00872521 -0.00411611 -0.000565458 0.000642108 -0.000292151 -0.00191444 -0.00274387 -0.00271526 -0.00347666 -0.00699876 -0.0137253 -0.0220648 -0.0293499 -0.0328586 -0.030421 -0.0214505 
-0.0069939 0.00532383 0.0154985 0.0206996 0.0211564 0.019621 0.0187476 0.0187143 0.0173563 0.0126183 0.00481865 -0.00339542 -0.00901935 -0.0105486 -0.00843476 -0.00446269 -0.000797643 0.00103325 0.000947528 0.000218047 0.000211034 0.000894049 0.000639871 -0.00226134 -0.00789037 -0.0146217 -0.0204394 -0.0237488 -0.0231153 -0.0173986 
-0.00293784 0.00657766 0.016916 0.0247448 0.0286868 0.0299206 0.0303532 0.0302933 0.0281314 0.0223082 0.013349 0.00386706 -0.00319079 -0.00621011 -0.00537931 -0.00226027 0.00101855 0.00283066 0.00299586 0.00271853 0.00325208 0.00444725 0.00477656 0.0029631 -0.000601417 -0.0043696 -0.00732454 -0.00945197 -0.0104374 -0.00877108 
4.35745e-05 0.00517948 0.0133464 0.021549 0.0275539 0.0312282 0.0335781 0.0347598 0.0334489 0.0283172 0.0198562 0.0105065 0.00313076 -0.000558354 -0.000559373 0.00171024 0.00419037 0.00531527 0.00499356 0.00447433 0.00493716 0.00614747 0.00673445 0.00588975 0.00443544 0.00376347 0.00389512 0.00335412 0.00130271 -0.000749131 
-0.000825803 -0.000795412 0.00324771 0.00961347 0.0161931 0.0219421 0.0268133 0.0304756 0.0316109 0.0288955 0.0225742 0.0147564 0.00815204 0.00455505 0.00414586 0.00566653 0.00719934 0.0073395 0.00614645 0.00493317 0.00483114 0.00555637 0.00586836 0.00529571 0.0049611 0.0061974 0.00847504 0.00940274 0.00717829 0.00273693 
-0.0052968 -0.0101035 -0.0112359 -0.00841142 -0.0027392 0.00436502 0.0118626 0.0187146 0.0233449 0.0242208 0.0211673 0.0158247 0.0106717 0.00758213 0.00699099 0.00792298 0.00870692 0.00811186 0.00626619 0.00445734 0.00375122 0.00382022 0.00344691 0.0022574 0.00152645 0.00277797 0.00564045 0.00760213 0.00617239 0.00113377 
-0.0106315 -0.0190161 -0.0250253 -0.0264006 -0.0228398 -0.0155653 -0.00622046 0.00350812 0.0116334 0.016244 0.0166448 0.0139516 0.0103713 0.00785598 0.00716696 0.00773112 0.00819951 0.00747397 0.00561705 0.00376578 0.00287937 0.00257269 0.00152871 -0.000776707 -0.00307272 -0.00342588 -0.00142408 0.00100091 0.000989127 -0.00310315 
-0.0140498 -0.0240433 -0.033223 -0.0380413 -0.0370126 -0.030818 -0.0211373 -0.0099364 0.000471717 0.00777937 0.0107966 0.0101674 0.0078367 0.00579439 0.00508837 0.0055389 0.00611494 0.00581106 0.00454669 0.00323721 0.00271347 0.00253988 0.00124882 -0.0019889 -0.00607128 -0.00865738 -0.00831217 -0.00600399 -0.00460557 -0.00697343 
-0.0144659 -0.0238972 -0.0336709 -0.0399929 -0.0409122 -0.0365804 -0.0282295 -0.017575 -0.00691454 0.00124881 0.00539233 0.00581416 0.00422462 0.00255392 0.00196584 0.00251825 0.00341646 0.00373769 0.00327408 0.00272732 0.00281577 0.00310833 0.00205842 -0.00146429 -0.00666175 -0.0110339 -0.0123403 -0.0105789 -0.0082858 -0.00891941 
-0.0119928 -0.0190822 -0.027007 -0.0326502 -0.0343792 -0.0320766 -0.0262941 -0.0180481 -0.00918893 -0.00208111 0.00165559 0.00210866 0.000765548 -0.000624719 -0.00099297 -0.000247029 0.000949548 0.00176595 0.00192766 0.00196634 0.00251946 0.00324687 0.00269098 -0.000430164 -0.00567692 -0.0107443 -0.013079 -0.0119693 -0.00935571 -0.00859193 
-0.00660579 -0.0104658 -0.0152297 -0.0189037 -0.0205895 -0.020133 -0.0174186 -0.0125993 -0.00681599 -0.00202546 0.000257621 9.48136e-06 -0.00150516 -0.00279671 -0.00301767 -0.00216788 -0.000848777 0.000208483 0.000708515 0.00104343 0.00178548 0.00275373 0.00275072 0.000540164 -0.00377208 -0.00836556 -0.0108587 -0.0101547 -0.00747734 -0.00558013 
0.00191894 0.00113358 -0.000674727 -0.00252864 -0.00413598 -0.00530664 -0.00540569 -0.00389377 -0.0012708 0.000963003 0.00148538 0.000214955 -0.00179123 -0.00329451 -0.00365712 -0.00296942 -0.0017793 -0.000716715 -7.92943e-05 0.000398584 0.00121691 0.00236452 0.00298803 0.00202945 -0.000687239 -0.00396705 -0.00587999 -0.00515911 -0.00230917 0.000670485 
0.0128134 0.014241 0.0141546 0.0129692 0.0108599 0.00825216 0.00612187 0.00532716 0.00568552 0.00599672 0.00510429 0.00288873 0.000237141 -0.00178784 -0.0026539 -0.00245919 -0.00167039 -0.000818167 -0.00019051 0.000374074 0.00129679 0.00269807 0.00404899 0.0044994 0.00363306 0.00201822 0.00108215 0.00219522 0.00549963 0.00962785 
0.0236612 0.0263035 0.0266415 0.0249894 0.021863 0.018105 0.0148734 0.0129973 0.0122823 0.0116317 0.00998639 0.00719055 0.0039984 0.00136935 -0.000173932 -0.000665479 -0.000474846 -4.30137e-05 0.000372276 0.000880331 0.00184756 0.00348373 0.00551175 0.00725471 0.00809417 0.00806078 0.00815586 0.00984446 0.013786 0.0190227 
0.031258 0.0343556 0.0344496 0.0319587 0.0278575 0.0233895 0.0197743 0.0176617 0.0167183 0.015867 0.0141077 0.0112421 0.00789983 0.00495063 0.00292257 0.00184593 0.00142501 0.00129104 0.00124948 0.00143776 0.00223007 0.00390956 0.00637184 0.00905772 0.0111913 0.012391 0.0133191 0.0154787 0.019875 0.0258126 
0.0331642 0.0362318 0.0360806 0.0331302 0.0285774 0.0238665 0.0202197 0.0181682 0.0173245 0.0166743 0.0152793 0.0128863 0.00997467 0.00727909 0.00527241 0.00398796 0.00315554 0.00246347 0.00181932 0.00147336 0.00188438 0.00341369 0.00605734 0.00930813 0.0122666 0.0142479 0.0156159 0.0177952 0.0219777 0.0277434 
0.0287597 0.0314698 0.031348 0.0285571 0.0241463 0.0195285 0.0159315 0.0139241 0.0132261 0.0129686 0.0122891 0.0108608 0.00897311 0.00716213 0.00576976 0.00476671 0.00386925 0.00281405 0.00163173 0.000732642 0.000711573 0.00201922 0.00470233 0.0082456 0.011632 0.0139333 0.0152163 0.0167183 0.0197312 0.0242371 
0.0194579 0.0215685 0.0216648 0.019461 0.0155887 0.0112676 0.00774573 0.00574741 0.00521314 0.00547696 0.00576115 0.00564856 0.00520533 0.00472573 0.00438142 0.0040582 0.0034513 0.00233521 0.000839252 -0.000488867 -0.00091724 0.000111097 0.00269618 0.00630068 0.00979096 0.0120157 0.0127392 0.0129601 0.0140431 0.016473 
0.00820804 0.00960166 0.00994939 0.00851466 0.00542198 0.0016002 -0.00172513 -0.00365965 -0.00400488 -0.00319153 -0.0018945 -0.000620096 0.000463425 0.00139919 0.00219671 0.00268326 0.00255533 0.00160973 8.98739e-06 -0.00164383 -0.00252302 -0.00194743 0.000288184 0.0036731 0.00699324 0.00890634 0.00889622 0.00771303 0.00674782 0.00694315 
-0.00159143 -0.000785231 -0.00014237 -0.00070592 -0.00281002 -0.00587579 -0.00880117 -0.0105963 -0.0108256 -0.00966364 -0.00764517 -0.00532948 -0.00308887 -0.00110006 0.000525007 0.00160226 0.00186136 0.00110878 -0.000526282 -0.00247599 -0.00388441 -0.00395276 -0.00232982 0.000564254 0.0035141 0.00507955 0.00454388 0.00241672 6.02653e-06 -0.00148115 
-0.00742361 -0.0067623 -0.00564165 -0.00524676 -0.0062388 -0.00836916 -0.0107415 -0.012385 -0.0127047 -0.0116324 -0.00951851 -0.00689732 -0.00425757 -0.00191986 -6.29318e-05 0.00115205 0.00150359 0.00080182 -0.000888216 -0.00308535 -0.00496358 -0.00566162 -0.00471653 -0.00244523 2.32505e-05 0.00130504 0.000631464 -0.0016866 -0.00454468 -0.00671139 
-0.00858396 -0.00748839 -0.00569153 -0.00440762 -0.00442972 -0.005695 -0.00750666 -0.00902834 -0.009649 -0.00913355 -0.00762264 -0.00552087 -0.00330425 -0.00133543 0.00018899 0.00113457 0.0013148 0.000537395 -0.00118991 -0.0034743 -0.00556127 -0.0066176 -0.00617427 -0.0044971 -0.00256949 -0.00155623 -0.0020963 -0.00398325 -0.00636734 -0.00817683 
-0.00627712 -0.00440673 -0.00198338 -0.000170988 0.000328624 -0.000386412 -0.00173767 -0.00311356 -0.00405843 -0.00429637 -0.00377028 -0.0026709 -0.00134549 -0.000112999 0.000839729 0.00138591 0.00134231 0.000503818 -0.00115803 -0.00331308 -0.00529483 -0.00637811 -0.00619619 -0.00503079 -0.00369626 -0.00303165 -0.00340653 -0.00460658 -0.00600783 -0.00679291 
-0.0030351 -0.00051099 0.00219404 0.00403031 0.00454307 0.00403152 0.0030458 0.00194562 0.000917816 0.000158476 -0.00013978 5.41235e-05 0.000567174 0.00116367 0.00167597 0.00196753 0.00183439 0.00104931 -0.000437933 -0.00233518 -0.00405893 -0.00502283 -0.00500781 -0.0043363 -0.00365042 -0.00344677 -0.00379224 -0.00440424 -0.0048285 -0.00451672 
-0.00182929 0.000969353 0.00364483 0.00526526 0.00560856 0.00518037 0.00455681 0.00391669 0.00319758 0.00245466 0.0019118 0.0017359 0.00189069 0.00222207 0.00258873 0.0028465 0.0027686 0.00210393 0.000784171 -0.000924215 -0.0025033 -0.00348602 -0.00377343 -0.00369786 -0.00373027 -0.0040833 -0.00459905 -0.00495281 -0.00481763 -0.00385172 
-0.00492782 -0.00206824 0.000674148 0.0023946 0.00291477 0.0027939 0.00263961 0.00259808 0.00250645 0.00230294 0.00214222 0.00219474 0.00247576 0.00288713 0.00332033 0.00363851 0.00360622 0.00295776 0.00161182 -0.000181983 -0.00194948 -0.00330231 -0.00420203 -0.00493395 -0.00579454 -0.00679624 -0.00768526 -0.00817484 -0.00803733 -0.00701521 
-0.0125588 -0.00954091 -0.00630007 -0.00382212 -0.00246926 -0.00184372 -0.00136009 -0.000772217 -0.000152432 0.000418658 0.000991247 0.00163755 0.00233517 0.00299478 0.00352779 0.00381324 0.00362858 0.00271964 0.0010151 -0.00123348 -0.00357631 -0.00567497 -0.00750736 -0.00926612 -0.0110652 -0.0127766 -0.0141539 -0.0150223 -0.0152371 -0.014514 
-0.0221938 -0.0189108 -0.0149418 -0.0113411 -0.00873773 -0.00704609 -0.00581064 -0.00466545 -0.00347277 -0.00221306 -0.000894757 0.000426439 0.00162322 0.00254925 0.00309636 0.00315571 0.00254526 0.0010671 -0.00129639 -0.00426382 -0.00739944 -0.0104099 -0.0132774 -0.0160861 -0.0187666 -0.021079 -0.0228298 -0.0239917 -0.0245105 -0.0240585 
-0.0295857 -0.0262733 -0.0219774 -0.0176491 -0.0140519 -0.0114103 -0.00950141 -0.00793907 -0.00639193 -0.00468098 -0.00280249 -0.000913526 0.000725962 0.00186019 0.00232198 0.0020083 0.000803875 -0.00138787 -0.00448754 -0.00816055 -0.0119829 -0.0157104 -0.0193323 -0.0228379 -0.0260066 -0.0285189 -0.0302477 -0.031316 -0.0317895 -0.0313761 
-0.0313964 -0.0285773 -0.0247937 -0.0206975 -0.0169477 -0.0139308 -0.0116656 -0.00986675 -0.00813369 -0.00618033 -0.00397254 -0.00172699 0.00019196 0.00142735 0.00175116 0.00106388 -0.000679753 -0.00346363 -0.00709754 -0.011185 -0.0153057 -0.0192501 -0.0230111 -0.0265239 -0.0295016 -0.0316197 -0.0328326 -0.0333915 -0.0334924 -0.032965 
-0.0274327 -0.025505 -0.0228612 -0.0198108 -0.0167595 -0.0140639 -0.0118715 -0.0100304 -0.00820633 -0.00613932 -0.00382042 -0.00149535 0.000446538 0.00162691 0.00180079 0.000869622 -0.00117555 -0.00424543 -0.00806523 -0.0121783 -0.0161399 -0.0197302 -0.0229331 -0.0257009 -0.0278174 -0.029065 -0.0294957 -0.0294305 -0.0291412 -0.0285736 
-0.0205926 -0.0195241 -0.0179693 -0.0160507 -0.0139715 -0.0119572 -0.0101291 -0.00840078 -0.00656329 -0.00449608 -0.00228408 -0.000180118 0.00149261 0.0024355 0.0024435 0.00141255 -0.000683229 -0.00374806 -0.00746987 -0.0113353 -0.01483 -0.0176641 -0.0198067 -0.0213199 -0.0222115 -0.0224809 -0.0222731 -0.0218849 -0.0215426 -0.0211965 
-0.0147508 -0.0141891 -0.0131157 -0.0116983 -0.0101337 -0.0085688 -0.00703756 -0.00544651 -0.00368824 -0.00178761 8.39467e-05 0.00170598 0.00287981 0.0034371 0.0032353 0.00215431 0.000115153 -0.00282761 -0.00636196 -0.0099203 -0.0128811 -0.0148413 -0.0157606 -0.0158906 -0.015574 -0.0150932 -0.0146669 -0.0144802 -0.01459 -0.0148001 
-0.0123916 -0.0120496 -0.0108281 -0.00907575 -0.00716965 -0.00533792 -0.00362717 -0.0019738 -0.000339105 0.00120245 0.00251089 0.00348196 0.00406253 0.00418852 0.00374404 0.00257352 0.000540831 -0.00234434 -0.00577924 -0.00914681 -0.0117114 -0.0129487 -0.0128143 -0.0117668 -0.0105002 -0.00958694 -0.00931832 -0.00975477 -0.0107373 -0.0118192 
-0.0133954 -0.013324 -0.0117617 -0.00919915 -0.00624915 -0.0033682 -0.000810346 0.00130168 0.00290414 0.00397707 0.00457678 0.00483268 0.00485345 0.00462005 0.00397323 0.00268783 0.000576995 -0.00237235 -0.00585427 -0.00920967 -0.0116128 -0.0124404 -0.0116332 -0.00979108 -0.00787133 -0.00669598 -0.0066716 -0.00782283 -0.00983746 -0.0120083 
-0.015317 -0.0158316 -0.0142334 -0.0110076 -0.00691834 -0.00267748 0.00112787 0.00403546 0.00578829 0.00643734 0.00632328 0.00589096 0.00543682 0.00496222 0.00422196 0.002889 0.00071565 -0.00232609 -0.00591749 -0.00936719 -0.0117962 -0.0125172 -0.0114267 -0.0091444 -0.00674115 -0.00522504 -0.00519165 -0.00677943 -0.00965488 -0.0129218 
-0.014888 -0.0162828 -0.0151947 -0.0119764 -0.00739668 -0.00229942 0.00246598 0.0060949 0.00807266 0.00843725 0.00774701 0.00672775 0.00586622 0.00521707 0.0044849 0.00324934 0.0011802 -0.00179466 -0.0053639 -0.00882366 -0.0112756 -0.0119962 -0.0108055 -0.00822559 -0.00529775 -0.00315468 -0.00264217 -0.00413982 -0.00741709 -0.0114976 
-0.00988944 -0.0122675 -0.0122065 -0.00988651 -0.00595054 -0.00116483 0.00359128 0.0073322 0.00931074 0.00944973 0.00835934 0.00689829 0.00568318 0.00486768 0.00420464 0.00324839 0.00158247 -0.000962864 -0.00414106 -0.00727486 -0.00947237 -0.00998832 -0.00855226 -0.0055329 -0.00186944 0.00122608 0.00265693 0.0017737 -0.00134931 -0.00576074 
-0.000261127 -0.00359335 -0.00492002 -0.00426102 -0.00205096 0.00119296 0.0047788 0.00773081 0.00917121 0.0088956 0.00745476 0.00568575 0.00422178 0.00330517 0.00281434 0.00236597 0.00148614 -0.000131971 -0.00237373 -0.00463868 -0.00606211 -0.00588805 -0.00378026 8.35185e-06 0.00462003 0.00879244 0.0112637 0.0112168 0.0086106 0.00429226 
0.0119437 0.00771413 0.00486969 0.00353908 0.00351592 0.00456025 0.00621548 0.00760732 0.0078566 0.00674844 0.00481787 0.00282916 0.00132466 0.000544193 0.000467892 0.000810601 0.00108616 0.000861039 9.00318e-05 -0.000739735 -0.000814299 0.000605287 0.0038528 0.00868438 0.0142437 0.0192458 0.0224158 0.0229633 0.0208411 0.0167538 
0.0233335 0.0182853 0.0140927 0.0110347 0.00907375 0.00810985 0.00779325 0.00733866 0.0059844 0.00367892 0.00108473 -0.0010471 -0.00231 -0.00258906 -0.00192458 -0.000551031 0.00107039 0.00244727 0.00341252 0.00433135 0.00593177 0.00888395 0.0134391 0.0192624 0.0254369 0.0306967 0.0339017 0.0344662 0.0324493 0.0284213 
0.0304208 0.0246452 0.0194984 0.0154273 0.0124518 0.0103805 0.00876071 0.00683776 0.00404148 0.000592876 -0.00261655 -0.00476029 -0.00553714 -0.00503072 -0.00343625 -0.00102374 0.00179684 0.00457444 0.00710122 0.00962758 0.012748 0.0170086 0.0225384 0.0288935 0.0351109 0.0399952 0.0426073 0.0426192 0.0402362 0.0359348 
0.0311981 0.0247062 0.0189515 0.0146136 0.0117001 0.00972413 0.0079262 0.00549303 0.00203544 -0.0019711 -0.00542178 -0.0073741 -0.00756534 -0.00626793 -0.00388976 -0.000782158 0.00273081 0.00633589 0.00986281 0.0134519 0.0175172 0.0224483 0.0282745 0.0345136 0.0402376 0.0443602 0.0460996 0.0452914 0.042233 0.0373472 
0.026221 0.0189181 0.0126488 0.00843883 0.00633209 0.00546985 0.00463677 0.0028277 -0.000267843 -0.00402128 -0.00719844 -0.0087589 -0.00843325 -0.00662673 -0.00392394 -0.000725257 0.00278333 0.00649413 0.0103258 0.0143154 0.0186696 0.0236127 0.0291253 0.0347877 0.039796 0.0431714 0.0441697 0.0426216 0.038825 0.0331848 
0.0181539 0.0100098 0.00319346 -0.000852598 -0.00191814 -0.00116055 -0.000310076 -0.000712113 -0.00274189 -0.00570889 -0.00830182 -0.00941319 -0.00876579 -0.00685083 -0.00435117 -0.00164388 0.0012644 0.00449366 0.00807899 0.0119809 0.0162041 0.0208052 0.0257554 0.0307796 0.0352514 0.0382434 0.0388871 0.0368486 0.0323859 0.0259665 
0.00996063 0.00120127 -0.00601193 -0.0099024 -0.0100055 -0.00762316 -0.004955 -0.003783 -0.00465978 -0.00685934 -0.0089678 -0.00980778 -0.00910648 -0.00741286 -0.00543994 -0.00349705 -0.00143024 0.00106512 0.00413946 0.00772005 0.0116414 0.0158017 0.0202021 0.0247939 0.0291569 0.0323047 0.0330433 0.0307376 0.0256471 0.0184755 
0.00326943 -0.00567704 -0.0128709 -0.0164237 -0.0156559 -0.0118877 -0.00767328 -0.00522495 -0.00530127 -0.00711481 -0.00909523 -0.00997455 -0.00947763 -0.00816906 -0.00673787 -0.00543387 -0.00403674 -0.00217211 0.000373317 0.00351558 0.00696403 0.010508 0.0142713 0.0185553 0.02319 0.0270059 0.0282612 0.0258751 0.0201589 0.0122572 
-0.00177376 -0.010555 -0.0173183 -0.0202654 -0.0186428 -0.0137695 -0.00843089 -0.005144 -0.00478934 -0.0064851 -0.00852789 -0.00960488 -0.00943472 -0.00852298 -0.00746355 -0.00646657 -0.00536306 -0.00385762 -0.00177924 0.000750667 0.00336352 0.00584247 0.00857639 0.0123598 0.0173423 0.022121 0.0242695 0.0221222 0.0159795 0.00748258 
-0.00543921 -0.0139789 -0.0202303 -0.0225027 -0.0201065 -0.0144441 -0.00843528 -0.00467151 -0.00397015 -0.00535981 -0.00717784 -0.00824845 -0.00833087 -0.00778559 -0.00700705 -0.00613669 -0.0051108 -0.00381349 -0.00222007 -0.000539373 0.000828715 0.0017702 0.00302485 0.00591341 0.0109483 0.016601 0.0198717 0.0184858 0.0125253 0.00388091 
-0.00755762 -0.0159684 -0.0219943 -0.0238584 -0.0209663 -0.0149018 -0.00864386 -0.00459723 -0.00331558 -0.00381155 -0.00475443 -0.00537618 -0.00556546 -0.00546863 -0.00516405 -0.00462974 -0.0038483 -0.00286963 -0.00184582 -0.00109473 -0.0010122 -0.00158244 -0.00181934 -7.78129e-05 0.00445839 0.0103986 0.0146078 0.0144308 0.00951394 0.00150001 
-0.00769607 -0.0160292 -0.0222466 -0.0242008 -0.0212607 -0.0151836 -0.0089367 -0.00457373 -0.0023091 -0.00129088 -0.000797687 -0.000669481 -0.000968831 -0.00157518 -0.0021627 -0.00243232 -0.00228119 -0.00181449 -0.00130233 -0.00114765 -0.00174483 -0.00305964 -0.00417081 -0.00351041 -0.0001198 0.00506725 0.00941916 0.0103871 0.0071491 0.000603926 
-0.00576409 -0.0138727 -0.0205981 -0.023205 -0.0207521 -0.0149849 -0.00877883 -0.00386139 -0.000251863 0.00256128 0.00456065 0.0053138 0.00466955 0.00307052 0.00127195 -9.70463e-05 -0.000751603 -0.000744702 -0.000377798 -9.60281e-05 -0.00033989 -0.00126124 -0.00237128 -0.00256576 -0.000896796 0.0024014 0.00574398 0.00722008 0.00574182 0.00122724 
-0.00214402 -0.00973559 -0.0170974 -0.0208645 -0.0194827 -0.0143614 -0.00817277 -0.00248961 0.00255352 0.00692972 0.00994281 0.010805 0.0094841 0.00680032 0.00388499 0.00163256 0.000476685 0.000419472 0.00116836 0.00227844 0.00322651 0.00351537 0.00298475 0.00212012 0.00182474 0.00263572 0.00418293 0.00546655 0.00542674 0.00310699 
0.0025989 -0.00409678 -0.011941 -0.0171258 -0.0173388 -0.0133397 -0.00743586 -0.00119013 0.00487283 0.0100882 0.013269 0.01359 0.0113572 0.00779051 0.00427535 0.00179747 0.000770506 0.00113224 0.00257231 0.00469982 0.00696579 0.00854701 0.00867554 0.0073265 0.00542649 0.00415634 0.00409282 0.00502116 0.00610759 0.00587167 
0.00786699 0.002598 -0.00510728 -0.0114104 -0.0134096 -0.0110874 -0.00619899 -0.000246602 0.00583347 0.010823 0.0132618 0.0125061 0.00929754 0.005211 0.00173513 -0.00026148 -0.000601962 0.000421097 0.0024216 0.00513119 0.00813507 0.0104931 0.011073 0.009564 0.00696545 0.00483116 0.00418786 0.00522539 0.00737091 0.00903277 
0.0130423 0.00990534 0.00341246 -0.00307987 -0.00652531 -0.00625364 -0.00332598 0.00106094 0.00583423 0.00949112 0.0104761 0.0083531 0.00422145 -9.56626e-05 -0.00312579 -0.0042631 -0.00371695 -0.00211919 2.95122e-05 0.00263509 0.00558045 0.00807198 0.00889354 0.00761571 0.00525917 0.00347663 0.00335191 0.00514815 0.0084831 0.0119436 
0.0175437 0.0171301 0.0128669 0.00727498 0.00309632 0.00138129 0.00176248 0.00358769 0.00602315 0.00761791 0.0068407 0.00334555 -0.0016099 -0.00608139 -0.00865569 -0.00900833 -0.0077459 -0.00583045 -0.00386486 -0.00176451 0.000698245 0.00301057 0.00401801 0.00318911 0.00144413 0.000413165 0.00119082 0.00405919 0.00873555 0.0140189 
0.0205637 0.0228534 0.0211053 0.0170271 0.0128757 0.00980247 0.00792129 0.00712392 0.007035 0.00652031 0.0041645 -0.000425684 -0.00605111 -0.0107625 -0.0131761 -0.0131398 -0.0115286 -0.00951168 -0.00772559 -0.00593958 -0.00368182 -0.0012757 9.75231e-05 -0.000339118 -0.0018865 -0.00284335 -0.00179275 0.00180894 0.00772302 0.014745 
0.0205515 0.0247465 0.024965 0.0224367 0.0190156 0.0157136 0.0127376 0.0102555 0.00833629 0.00630517 0.0029573 -0.00221693 -0.00824356 -0.0132707 -0.0158875 -0.0159342 -0.014337 -0.012284 -0.010339 -0.00815982 -0.00521341 -0.00190491 0.000263956 1.63744e-05 -0.00225476 -0.00455365 -0.00467764 -0.00143703 0.00500235 0.0131641 
0.0156401 0.020688 0.0221363 0.021051 0.0190045 0.0166905 0.0140581 0.0112476 0.00864031 0.00603672 0.00249499 -0.00262474 -0.00866546 -0.0139496 -0.0169976 -0.017472 -0.0161291 -0.0139858 -0.0114277 -0.00802379 -0.00335971 0.00177042 0.0052057 0.00492721 0.000980466 -0.00415931 -0.00717486 -0.00591393 -0.000318163 0.00780553 
0.00537405 0.0108044 0.0132567 0.0136381 0.0132649 0.0125271 0.0111035 0.00903734 0.00687918 0.00474015 0.00183831 -0.00261713 -0.00827815 -0.0136417 -0.0171367 -0.0181604 -0.0171646 -0.0148742 -0.0114408 -0.00637558 0.000496013 0.00780765 0.0125761 0.0119795 0.00574376 -0.00315602 -0.010289 -0.0124452 -0.00909773 -0.00213845 
-0.00817883 -0.00185214 0.00200819 0.00385435 0.0047476 0.00510022 0.004758 0.00388716 0.0030525 0.00229991 0.000716915 -0.00267645 -0.00771194 -0.012949 -0.0167111 -0.018162 -0.0174632 -0.0150536 -0.0108861 -0.00447398 0.00408141 0.0128848 0.0182866 0.0168857 0.00820802 -0.00442083 -0.0157845 -0.0217769 -0.0211878 -0.0156115 
-0.0216448 -0.0132613 -0.00729016 -0.0040952 -0.00282677 -0.002553 -0.00262456 -0.00242607 -0.0015469 -0.000439845 -0.00045551 -0.00275219 -0.00713183 -0.012057 -0.0157637 -0.0173208 -0.0167503 -0.0143349 -0.00995073 -0.00319442 0.00560573 0.0142775 0.0189351 0.01604 0.00511041 -0.0103955 -0.0249479 -0.0338819 -0.0352691 -0.0301564 
-0.0326089 -0.0211107 -0.0123973 -0.00783698 -0.00677134 -0.00744813 -0.00802402 -0.00724752 -0.00496578 -0.00232993 -0.00118465 -0.00273248 -0.00656717 -0.0109971 -0.0142771 -0.0155721 -0.0149514 -0.0127002 -0.00875388 -0.00286472 0.00449965 0.0112075 0.0136284 0.00854861 -0.00432406 -0.0215528 -0.0376707 -0.0478263 -0.049584 -0.0434896 
-0.0401483 -0.0252231 -0.0135297 -0.00734467 -0.00626041 -0.00783456 -0.00915831 -0.00842963 -0.0057299 -0.00271106 -0.00139366 -0.00276573 -0.00616355 -0.00989264 -0.0124501 -0.0132711 -0.0125655 -0.0106742 -0.0076503 -0.00344742 0.00137582 0.00494154 0.00420788 -0.00342013 -0.0179159 -0.0358889 -0.0520719 -0.0617022 -0.0622307 -0.0540207 
-0.0431274 -0.0253849 -0.0111588 -0.00329848 -0.00169319 -0.00360947 -0.00557846 -0.00554441 -0.00372124 -0.0018107 -0.00148076 -0.00321904 -0.00619044 -0.00901175 -0.010705 -0.0110721 -0.0103983 -0.00897871 -0.00694798 -0.00449897 -0.00231314 -0.00196294 -0.00579198 -0.0157072 -0.0313478 -0.0493177 -0.0644819 -0.0722948 -0.0705086 -0.0597337 
-0.0388683 -0.0194914 -0.00393725 0.00475667 0.00652268 0.00414769 0.00124012 -0.000166724 -0.00034622 -0.000693115 -0.00213919 -0.00451827 -0.00697604 -0.00874096 -0.00956119 -0.00958184 -0.00898796 -0.00786796 -0.00639803 -0.00507058 -0.00475824 -0.00675122 -0.0127161 -0.0239528 -0.0398574 -0.0570098 -0.0703065 -0.075451 -0.0707774 -0.0574758 
-0.0246466 -0.0048677 0.0103052 0.0178822 0.0179447 0.0135586 0.00851673 0.00479134 0.00202701 -0.000872397 -0.00414177 -0.00705613 -0.00887816 -0.00955425 -0.00954187 -0.00917906 -0.0083814 -0.00697277 -0.00523396 -0.00403646 -0.00445972 -0.00749829 -0.0141889 -0.0253516 -0.0402701 -0.055559 -0.0661511 -0.0680328 -0.0602136 -0.0445651 
-0.000919224 0.0181399 0.0310579 0.0350024 0.0306643 0.0219483 0.013234 0.00657182 0.00139105 -0.00345898 -0.00793354 -0.0110334 -0.0121884 -0.0119074 -0.0110976 -0.0100656 -0.00840153 -0.00579718 -0.00281446 -0.000751721 -0.000810704 -0.00363456 -0.00970701 -0.0195006 -0.032266 -0.0447087 -0.0519019 -0.0502059 -0.0392743 -0.0215658 
0.0272797 0.0442716 0.0530809 0.0513028 0.0407234 0.0264904 0.013738 0.0045399 -0.0021378 -0.0079095 -0.0128817 -0.0160106 -0.0167941 -0.0159488 -0.0144416 -0.0123546 -0.00905416 -0.00437396 0.000654144 0.00435145 0.00554949 0.00396828 -0.000503476 -0.00814768 -0.0181662 -0.0273099 -0.0308934 -0.0257866 -0.0122459 0.00682458 
0.0524864 0.0655424 0.0685709 0.0602778 0.0439592 0.0258048 0.0110769 0.00126773 -0.00546772 -0.01136 -0.016727 -0.0204142 -0.0217138 -0.0211214 -0.0193038 -0.01605 -0.0107286 -0.00359756 0.00376684 0.00947061 0.0125409 0.0129662 0.0107053 0.00546833 -0.00182607 -0.00783627 -0.00816443 -0.000336782 0.0147663 0.0338598 
0.0686785 0.0757703 0.0719478 0.0579778 0.0388891 0.0210832 0.00857733 0.00119976 -0.00406553 -0.00986193 -0.0163343 -0.0218527 -0.0251319 -0.0260673 -0.0247989 -0.0208893 -0.0139645 -0.00486611 0.00438971 0.011945 0.0171403 0.0200539 0.0203684 0.0175721 0.0127505 0.00945491 0.0117608 0.0213472 0.0366402 0.0539807 
0.0742847 0.0741405 0.0635518 0.0460205 0.028184 0.0156075 0.00964687 0.00746784 0.00470037 -0.00128846 -0.00991954 -0.0186819 -0.0254264 -0.0292287 -0.0296377 -0.0261312 -0.0187673 -0.00893888 0.00116065 0.00998063 0.0172269 0.0228675 0.0260213 0.0257723 0.0233381 0.0224735 0.0268512 0.0372516 0.0513791 0.0652813 
0.0731971 0.0660012 0.0500297 0.0314187 0.0178599 0.0133152 0.0158332 0.0196648 0.0192899 0.0125255 0.00102578 -0.0116797 -0.0225578 -0.0298857 -0.0327222 -0.0306143 -0.0240884 -0.0148858 -0.00504234 0.00442679 0.0135884 0.0221393 0.0284607 0.0311023 0.0312834 0.0328099 0.0388414 0.0492616 0.0611743 0.0705732 
0.073311 0.0606248 0.0413637 0.0234554 0.0148034 0.0175084 0.0267305 0.0345574 0.0349936 0.0266474 0.0122116 -0.00402627 -0.0184441 -0.028787 -0.0338604 -0.0334135 -0.0283634 -0.0205303 -0.011505 -0.00162965 0.0095019 0.0212534 0.0312405 0.0374001 0.0407258 0.0448047 0.0522191 0.0621671 0.0714676 0.076364 
0.0830095 0.0670821 0.0463199 0.0294561 0.023876 0.029981 0.0411386 0.0486918 0.0471765 0.0362355 0.0192379 0.000658842 -0.015798 -0.0277446 -0.034012 -0.0346355 -0.0308009 -0.0242101 -0.0158927 -0.00551484 0.00766438 0.0227882 0.0368928 0.047324 0.0545622 0.061629 0.0705553 0.0802927 0.0878079 0.089703 
0.108388 0.0913597 0.0696575 0.0524228 0.0463963 0.0507146 0.0580628 0.0604393 0.0539081 0.0393175 0.0202236 0.000613076 -0.0162813 -0.028308 -0.0345086 -0.0351974 -0.0317285 -0.0256673 -0.0176228 -0.00676627 0.00798691 0.0258939 0.0439121 0.0590567 0.0710879 0.0821116 0.0936618 0.104935 0.113367 0.115586 
0.153505 0.136805 0.112947 0.0920347 0.0809784 0.0783843 0.0769945 0.0702594 0.0563427 0.0373398 0.0165588 -0.00308636 -0.0192926 -0.0303759 -0.0355955 -0.0354265 -0.0313367 -0.0249325 -0.0167942 -0.00596798 0.00895974 0.0278714 0.0484669 0.0680407 0.0856987 0.102397 0.119156 0.135676 0.149824 0.157393 
0.220585 0.204695 0.175848 0.146392 0.125053 0.111032 0.0975609 0.0795734 0.0572199 0.0336369 0.0115831 -0.00745276 -0.0223821 -0.032076 -0.0358837 -0.0342514 -0.0287357 -0.0212536 -0.0128483 -0.00288497 0.0103245 0.0278101 0.0489184 0.0720297 0.0959513 0.120479 0.146062 0.17285 0.198704 0.21738 
0.30526 0.290029 0.253189 0.210563 0.174411 0.1458 0.118774 0.0892996 0.058826 0.0310859 0.00815946 -0.0099184 -0.0233349 -0.0315308 -0.0338351 -0.0305183 -0.0232055 -0.0143019 -0.00562807 0.00284956 0.0130521 0.0274581 0.0475877 0.0734125 0.103782 0.137535 0.174659 0.215688 0.258001 0.292247 
0.389878 0.375299 0.329843 0.27302 0.221209 0.177992 0.138435 0.0990478 0.0617917 0.0305659 0.00690374 -0.010265 -0.0222096 -0.0289454 -0.0298441 -0.0250324 -0.0161906 -0.00615236 0.0025851 0.0095586 0.0169707 0.0286633 0.0480646 0.0764044 0.112454 0.154368 0.202175 0.25715 0.316202 0.366594 
0.445816 0.432693 0.382335 0.316556 0.254428 0.201393 0.153427 0.107376 0.0653266 0.0312454 0.00656567 -0.0102183 -0.0210387 -0.0264817 -0.0262098 -0.0204411 -0.0109281 -0.000649389 0.00772556 0.0137284 0.0199969 0.0312747 0.051813 0.0828322 0.122295 0.167891 0.220553 0.283185 0.352965 0.414685 
