0.373013 0.38214 0.318509 0.221563 0.13359 0.0705464 0.0270369 -0.00412039 -0.0230633 -0.0283612 -0.0240895 -0.0181455 -0.0155164 -0.0157659 -0.0160067 -0.0141796 -0.0099693 -0.00434428 0.00108204 0.0039967 0.0011885 -0.00927472 -0.0241584 -0.03507 -0.0340617 -0.0172251 0.0194841 0.0843414 0.18136 0.292299 
0.332995 0.327653 0.259704 0.169422 0.0949968 0.0462564 0.0129096 -0.0133823 -0.030546 -0.0344677 -0.0282562 -0.0203993 -0.0166083 -0.0163387 -0.015997 -0.0131057 -0.00763247 -0.00103561 0.00499589 0.00833162 0.00558138 -0.0057078 -0.0224068 -0.0353776 -0.0354346 -0.0179115 0.0202678 0.0842589 0.174256 0.27063 
0.247496 0.227312 0.163648 0.0934476 0.0456034 0.0211633 0.00462281 -0.0131765 -0.0275023 -0.0307697 -0.0240367 -0.0155187 -0.0114429 -0.0114224 -0.0114161 -0.00858958 -0.00317664 0.00285221 0.00771276 0.00968076 0.00585964 -0.0059594 -0.0227452 -0.0356777 -0.0358144 -0.018939 0.0161961 0.0711286 0.142664 0.212137 
0.165197 0.137256 0.084827 0.0388447 0.0175306 0.0140951 0.0101713 -0.00248095 -0.0162424 -0.0205897 -0.0148174 -0.00679086 -0.00325855 -0.00423819 -0.0054923 -0.0038912 0.000143992 0.00418718 0.0064004 0.0057646 0.000587311 -0.0104237 -0.0244515 -0.0340552 -0.0319522 -0.0154383 0.0147272 0.057534 0.108546 0.152142 
0.116299 0.0867904 0.0457185 0.0182003 0.0142871 0.022358 0.0235951 0.0115705 -0.0039688 -0.0107992 -0.00702168 -6.86745e-05 0.00286715 0.00111397 -0.0012921 -0.00118317 0.000822484 0.00199805 0.000717835 -0.00287591 -0.00867363 -0.0166981 -0.0246064 -0.0271309 -0.0196256 -0.00159734 0.0244304 0.0564741 0.0910445 0.116442 
0.0964896 0.0667867 0.0321222 0.0137364 0.0173831 0.0295786 0.0321118 0.0196721 0.00253589 -0.00654116 -0.00462905 0.00161316 0.00474262 0.00326935 0.000655005 -0.000207646 -0.000183843 -0.00205562 -0.00681522 -0.0127359 -0.0176733 -0.020497 -0.0197715 -0.01294 0.00156876 0.0219667 0.0446352 0.0679358 0.0904344 0.104024 
0.086777 0.0557076 0.0226782 0.00688661 0.0126306 0.0262991 0.0302481 0.01906 0.0021936 -0.00769589 -0.00661699 -0.000245583 0.00389767 0.00356014 0.0015059 0.000195244 -0.00141909 -0.00584376 -0.0130904 -0.0198005 -0.0221767 -0.0185625 -0.00891266 0.00653921 0.0266158 0.0479328 0.0666799 0.082209 0.0950607 0.0998301 
0.0774813 0.044474 0.0110727 -0.00433264 0.00248753 0.0181263 0.0247692 0.0160915 0.000497413 -0.00940453 -0.00864319 -0.00202351 0.00300882 0.00370555 0.00220249 0.000513167 -0.00239594 -0.00842469 -0.0165282 -0.0221699 -0.0207991 -0.0111201 0.00525779 0.0259101 0.048056 0.0679232 0.0822932 0.0914162 0.0969108 0.0949861 
0.0707871 0.0368353 0.00295918 -0.0122659 -0.00388739 0.0145892 0.0242578 0.0176695 0.00277185 -0.00755516 -0.00769294 -0.00181148 0.00302234 0.0039616 0.0025959 0.00048099 -0.00323221 -0.00968949 -0.0170548 -0.0203779 -0.0153242 -0.00160017 0.0177365 0.0391488 0.0596811 0.0764092 0.0873064 0.0931008 0.0952462 0.0902776 
0.070633 0.0378247 0.00427936 -0.0108241 -0.00143181 0.0188312 0.0299034 0.0237263 0.00847965 -0.00279844 -0.004575 -0.000633323 0.00281761 0.00329653 0.00191127 -0.000289618 -0.00395479 -0.00961373 -0.0151382 -0.0159114 -0.00842926 0.00655632 0.0252087 0.0438851 0.0603462 0.0732632 0.0823266 0.0885342 0.092106 0.0886358 
0.0772017 0.0475861 0.0157604 0.000876961 0.00959199 0.0285953 0.0379263 0.0301375 0.0139965 0.00200973 -0.00134074 0.000247617 0.00178255 0.00153634 0.000284308 -0.00140664 -0.0040809 -0.00797391 -0.0111717 -0.00987551 -0.001556 0.0124473 0.02837 0.0430552 0.0550238 0.0644865 0.0730469 0.0820674 0.0901224 0.0911679 
0.0850299 0.0601725 0.0319306 0.0180259 0.0246101 0.0393281 0.0441484 0.0334871 0.0166589 0.00491625 0.00105478 0.00111517 0.00117354 0.000335797 -0.000666108 -0.00150892 -0.00270137 -0.00452198 -0.00562773 -0.00320177 0.00450707 0.0161859 0.0288455 0.0400723 0.0487677 0.0559325 0.0644849 0.0761737 0.0884677 0.0941714 
0.0838968 0.0661004 0.0443337 0.0331429 0.0373305 0.046323 0.0455265 0.0318873 0.0149943 0.00459124 0.00180712 0.00211219 0.0019765 0.00103328 0.000282584 0.000194299 0.000313403 7.12295e-05 6.44326e-05 0.00221668 0.0078799 0.016277 0.0255124 0.033925 0.0405035 0.0461749 0.0539758 0.0657863 0.0792657 0.0878276 
0.0674309 0.0597491 0.0477953 0.0413325 0.0436774 0.047038 0.0411186 0.0253325 0.00908948 0.000727661 0.000189936 0.00230201 0.00326068 0.00280236 0.00233166 0.002711 0.00354858 0.00388058 0.00358667 0.00397068 0.00642917 0.0110146 0.0167581 0.022383 0.026799 0.0304991 0.0358273 0.0445555 0.0557273 0.0652713 
0.0410822 0.0443913 0.0431924 0.0419258 0.042845 0.0416333 0.0323112 0.0159973 0.00122651 -0.00494179 -0.00314579 0.00108007 0.00352203 0.00385013 0.0037906 0.0044763 0.00545279 0.00539593 0.00371776 0.00151373 0.000649054 0.00209258 0.0052877 0.00860144 0.010559 0.0113546 0.0127794 0.0166173 0.023641 0.0329229 
0.0173837 0.0284444 0.03504 0.037373 0.0370953 0.032975 0.0223689 0.00707629 -0.00574463 -0.0101209 -0.00678033 -0.00121126 0.00224026 0.00329616 0.00385168 0.00497695 0.00594015 0.00514762 0.00187046 -0.00260262 -0.00565394 -0.00547304 -0.00270234 1.88251e-05 0.000435315 -0.00145 -0.00392135 -0.00489568 -0.00221133 0.00565727 
0.00426587 0.0177318 0.0275763 0.0317991 0.0313473 0.0263331 0.0158214 0.00178926 -0.00964772 -0.0131694 -0.00935987 -0.00346951 0.00026581 0.00174995 0.00296736 0.00475479 0.00601408 0.0049418 0.000825469 -0.00472279 -0.00839869 -0.00782125 -0.00390083 -0.000214594 0.000270949 -0.00267989 -0.00743783 -0.0117459 -0.0126758 -0.00734268 
0.000374621 0.0123404 0.0226845 0.028878 0.030434 0.026601 0.0166675 0.00297326 -0.00844708 -0.0123439 -0.00908976 -0.00371429 -0.000341319 0.00104647 0.0025096 0.00479354 0.00658957 0.00591821 0.0020002 -0.00346619 -0.00696304 -0.00599485 -0.00159871 0.0025565 0.00364236 0.00138469 -0.00311196 -0.00818377 -0.0110615 -0.00849996 
-0.000405163 0.00902248 0.0197245 0.0292542 0.0350099 0.0340335 0.0249903 0.0107806 -0.00187649 -0.00723036 -0.00527362 -0.000862118 0.00180079 0.00259458 0.00362007 0.00578586 0.00784478 0.00771007 0.00439212 -0.000696091 -0.00439776 -0.00451184 -0.00192192 0.000607605 0.00148042 0.000880775 -0.000971368 -0.00397027 -0.00658321 -0.00596559 
-0.00187343 0.005252 0.0165751 0.0297465 0.040184 0.0427182 0.0350085 0.0201891 0.00582527 -0.00140918 -0.000868942 0.00274337 0.00493465 0.00519485 0.0055522 0.00716892 0.00903849 0.00908615 0.00608045 0.000933258 -0.00384631 -0.00643585 -0.00726942 -0.00766278 -0.00749233 -0.00591008 -0.0037569 -0.00300152 -0.00394788 -0.00446938 
-0.00209206 0.00218635 0.0125246 0.0269585 0.0400403 0.0452422 0.0390349 0.0241354 0.00860969 1.55399e-05 -0.000336371 0.00305477 0.00544737 0.0058794 0.00613013 0.00746621 0.00912813 0.00916202 0.00616515 0.000572338 -0.00564295 -0.0107789 -0.0145642 -0.016876 -0.0162614 -0.0116991 -0.00526025 -0.000791135 -0.000140508 -0.00174506 
0.00246778 0.00282356 0.00932363 0.0210537 0.0332138 0.0390255 0.0339304 0.019795 0.00450512 -0.00420808 -0.00471366 -0.00111308 0.00199382 0.00335188 0.00433094 0.00605318 0.00789933 0.00807628 0.00511047 -0.000851886 -0.00805277 -0.0145832 -0.0193703 -0.021218 -0.0181852 -0.0099014 0.000227866 0.00720301 0.00857753 0.00575228 
0.0104038 0.00700484 0.0081042 0.014268 0.0224735 0.0267564 0.0222168 0.00986934 -0.00341929 -0.0108254 -0.0108764 -0.00701202 -0.00320167 -0.000732455 0.00132731 0.00380475 0.00611183 0.00660925 0.00385585 -0.0020956 -0.00949659 -0.0161336 -0.020258 -0.0200577 -0.0138112 -0.00229607 0.00996764 0.0177579 0.0190835 0.0155636 
0.0165623 0.0116022 0.00834521 0.00866717 0.0117847 0.013426 0.00925621 -0.000386656 -0.0103614 -0.0155473 -0.0148849 -0.0109854 -0.00693434 -0.00384378 -0.00108784 0.00190517 0.00455637 0.0053894 0.00307811 -0.00237064 -0.00931961 -0.0154544 -0.0186034 -0.016682 -0.00849133 0.00412659 0.0161516 0.023041 0.0240396 0.0212039 
0.0180081 0.0146751 0.00986533 0.00620534 0.00509421 0.00437002 0.000751305 -0.00601249 -0.0126953 -0.0159065 -0.0148816 -0.0114062 -0.00775858 -0.00483074 -0.00213405 0.000801354 0.00347389 0.00460412 0.00300847 -0.0014406 -0.00748234 -0.0130192 -0.0157367 -0.0135084 -0.00565577 0.00536251 0.0147668 0.0193608 0.020039 0.0194076 
0.0147212 0.0153014 0.0117688 0.00688242 0.00373222 0.00197313 -0.000812948 -0.00542557 -0.0100964 -0.0125232 -0.0119136 -0.00935193 -0.00655811 -0.004303 -0.00217679 0.000298984 0.00277078 0.00416633 0.00341833 0.000200514 -0.00471821 -0.00963514 -0.0123542 -0.0109258 -0.00508301 0.00257222 0.00797122 0.00943982 0.00953393 0.011533 
0.00659814 0.0112695 0.0106355 0.00698567 0.00418829 0.00294855 0.00128661 -0.00199883 -0.00590124 -0.00850863 -0.00878232 -0.00725912 -0.00528728 -0.00362513 -0.00200278 4.11677e-05 0.00228435 0.00381863 0.00366279 0.00136617 -0.00263029 -0.00696139 -0.00973605 -0.00938927 -0.00595346 -0.00186124 -0.000438947 -0.00224435 -0.00349973 -0.000158248 
-0.00585799 0.00131371 0.00369499 0.00255547 0.00148189 0.00157544 0.00122538 -0.000883608 -0.00411617 -0.00674453 -0.0075578 -0.00667872 -0.00510626 -0.00357873 -0.00203066 -0.000131508 0.0019218 0.00331198 0.0031549 0.00106278 -0.00253601 -0.00642769 -0.00911456 -0.00955476 -0.00800798 -0.00660941 -0.00815176 -0.0127391 -0.0161161 -0.0135877 
-0.0189026 -0.0113473 -0.00703485 -0.00595537 -0.00550084 -0.00440331 -0.00358726 -0.00416531 -0.00589392 -0.00751742 -0.00796509 -0.0070885 -0.00548524 -0.00374837 -0.00196745 -1.62448e-05 0.00181516 0.00273346 0.00199536 -0.00053693 -0.004191 -0.0077564 -0.0101374 -0.0108458 -0.010351 -0.0105002 -0.0137082 -0.0200721 -0.0255602 -0.0252549 
-0.0273384 -0.0209561 -0.0162705 -0.0142777 -0.0134404 -0.012303 -0.0108199 -0.00968511 -0.00918174 -0.00889241 -0.00821205 -0.00689419 -0.00514 -0.00325219 -0.00131869 0.000609356 0.00208481 0.00230636 0.000716641 -0.00248118 -0.00630135 -0.00951212 -0.0113634 -0.011828 -0.011589 -0.0122968 -0.0160197 -0.0229188 -0.0295653 -0.0313769 
-0.0290939 -0.0244037 -0.0203305 -0.0184275 -0.0180328 -0.0175609 -0.0160153 -0.0135666 -0.0109783 -0.00875442 -0.0068903 -0.00518065 -0.00350862 -0.00182907 -0.000103167 0.00150953 0.00242256 0.00186065 -0.0005038 -0.00414347 -0.00786897 -0.0105198 -0.0116134 -0.0114148 -0.0108057 -0.0113726 -0.0148595 -0.0213619 -0.0280672 -0.0310835 
-0.0262813 -0.0230014 -0.0194252 -0.0174745 -0.0173253 -0.0175118 -0.0163447 -0.013434 -0.0097487 -0.00645465 -0.00404074 -0.00237888 -0.00113303 8.19167e-06 0.00118547 0.00217037 0.00233098 0.00102463 -0.00179739 -0.00536232 -0.00847393 -0.0102008 -0.0102874 -0.00912778 -0.00774654 -0.00778285 -0.0107598 -0.0166254 -0.0230136 -0.02671 
-0.0226531 -0.0204388 -0.0167585 -0.0139896 -0.0132679 -0.0135465 -0.0128125 -0.0101994 -0.00656116 -0.00327934 -0.00106725 0.000173632 0.000896089 0.00149796 0.00208155 0.00235047 0.001744 -0.000125865 -0.00299749 -0.00595642 -0.00799039 -0.00853468 -0.00754258 -0.00540257 -0.00316772 -0.00255628 -0.00502203 -0.0104674 -0.0168893 -0.0215333 
-0.0211411 -0.0200591 -0.0161471 -0.0122122 -0.0102874 -0.00990702 -0.00914655 -0.00694692 -0.00390018 -0.00119936 0.000518181 0.00138409 0.00186396 0.00227495 0.00255721 0.00233451 0.00118525 -0.000964766 -0.00356721 -0.00568545 -0.00661976 -0.00620053 -0.00451404 -0.00182017 0.000936515 0.00203269 -7.22924e-06 -0.00523866 -0.012106 -0.0181675 
-0.0222856 -0.0225226 -0.0189146 -0.0143183 -0.0112062 -0.00961514 -0.00805747 -0.00568169 -0.00292291 -0.00061459 0.000866204 0.00171706 0.00234663 0.00293002 0.00323113 0.00280687 0.00138408 -0.000823262 -0.0030732 -0.00454114 -0.00489212 -0.00424108 -0.00263366 -0.000100959 0.00257016 0.0037224 0.00190691 -0.00312203 -0.0103173 -0.0175934 
-0.0239227 -0.0252507 -0.0226082 -0.0183497 -0.0146782 -0.0118272 -0.00889992 -0.0055701 -0.00235597 0.000164753 0.00185591 0.00297291 0.00386649 0.00462037 0.00491259 0.00429965 0.00265955 0.000423569 -0.0016111 -0.00286802 -0.00337166 -0.00332665 -0.00251956 -0.000705882 0.0013922 0.00215361 0.000301777 -0.00436333 -0.0111589 -0.0185108 
-0.0233351 -0.0251709 -0.0238222 -0.0207644 -0.017331 -0.0135997 -0.00924939 -0.0046102 -0.000458208 0.00268171 0.00477129 0.00610169 0.00701787 0.00759625 0.00753632 0.00648737 0.0045037 0.00216628 0.000194063 -0.00119034 -0.00232883 -0.00332427 -0.0035395 -0.00247751 -0.000961147 -0.00069158 -0.00267946 -0.00677515 -0.012371 -0.0184818 
-0.0200994 -0.0222328 -0.022376 -0.0209535 -0.0181743 -0.0138544 -0.00828859 -0.00249345 0.00249348 0.00614264 0.00845003 0.00975259 0.010426 0.0105537 0.0098887 0.00823475 0.00585446 0.00343566 0.00153211 -2.58016e-05 -0.00181253 -0.00367929 -0.00451062 -0.00365673 -0.00220548 -0.00208583 -0.00410951 -0.007648 -0.0118847 -0.016306 
-0.0162821 -0.019527 -0.0218158 -0.0222338 -0.0199159 -0.014747 -0.00791789 -0.00117871 0.00429375 0.00812307 0.0104521 0.0117007 0.0122252 0.0120209 0.0108454 0.0086804 0.00602468 0.00365138 0.00191445 0.000297488 -0.00186522 -0.0040698 -0.00479065 -0.00340323 -0.00139192 -0.00100112 -0.00296157 -0.00620336 -0.00955698 -0.0128524 
-0.0140036 -0.0199595 -0.025486 -0.0278311 -0.0253168 -0.0185577 -0.0100511 -0.00231398 0.00350158 0.00741001 0.00987963 0.0114202 0.0122384 0.0121013 0.0107139 0.00825567 0.00548506 0.0032464 0.00170259 0.000104521 -0.00215419 -0.00422235 -0.00437237 -0.00220246 0.000419423 0.00108793 -0.000779974 -0.00377995 -0.00658289 -0.00956533 
-0.013271 -0.0231054 -0.0323981 -0.036328 -0.0328364 -0.0238314 -0.0133126 -0.00448181 0.00166938 0.00569768 0.00850405 0.0106614 0.0121149 0.0123218 0.0109222 0.00830793 0.00548815 0.0033585 0.00194051 0.000394012 -0.00176258 -0.0035245 -0.00327707 -0.000917775 0.00160398 0.00217809 0.000597898 -0.00163966 -0.0036221 -0.00672973 
-0.0119621 -0.0251015 -0.0371156 -0.0417048 -0.0368936 -0.025836 -0.0136916 -0.00412537 0.00203516 0.00585844 0.008706 0.0112402 0.0131512 0.0136071 0.0121949 0.00947383 0.00661662 0.00452443 0.00314894 0.00169052 -0.000231204 -0.0017475 -0.00164182 3.94583e-06 0.00167274 0.00204398 0.0013383 0.000670731 -5.69797e-05 -0.00332704 
-0.00761097 -0.021667 -0.0340457 -0.0383265 -0.0329179 -0.0214123 -0.00916791 5.32592e-05 0.00540347 0.00820569 0.0102521 0.0124133 0.0142449 0.0147051 0.0133142 0.0106638 0.00791443 0.00588432 0.00450861 0.00313857 0.00149169 0.000131497 -0.000238077 0.000330305 0.00119456 0.00202274 0.00310715 0.00456398 0.00511977 0.00186356 
0.000541126 -0.0118822 -0.0226052 -0.0264394 -0.0222737 -0.0130393 -0.00304597 0.00436187 0.00806464 0.00920754 0.00986103 0.0111871 0.0127207 0.0132732 0.0122581 0.010139 0.00787752 0.00611263 0.00478218 0.00346051 0.00201199 0.000719744 -0.000134509 -0.000348404 0.000530604 0.00301751 0.00686526 0.0106578 0.0122214 0.00924764 
0.0105495 0.000615126 -0.00824283 -0.0125884 -0.0117304 -0.00723485 -0.00146107 0.00316311 0.00512914 0.00498298 0.00474838 0.00575827 0.00752223 0.00872743 0.00866758 0.00760814 0.00624283 0.00501647 0.00388801 0.00264625 0.00127283 -0.000167907 -0.00159117 -0.00227248 -0.00060308 0.00446954 0.0116419 0.0177569 0.0201459 0.0176993 
0.0184061 0.0103035 0.00223361 -0.00378189 -0.00727781 -0.00835719 -0.00723607 -0.00516602 -0.00397214 -0.0039816 -0.00366311 -0.00181055 0.00101019 0.00342358 0.00465634 0.00482253 0.00443235 0.00385061 0.00311371 0.00212597 0.000774922 -0.00117171 -0.00359839 -0.004963 -0.00253564 0.00493857 0.0149324 0.0228313 0.025874 0.0240863 
0.0209494 0.0143237 0.00656946 -0.00118433 -0.00846884 -0.0141476 -0.0165831 -0.015821 -0.0138743 -0.0121617 -0.0101103 -0.0068605 -0.00289636 0.000572114 0.00280488 0.00381939 0.00406277 0.00398007 0.0037552 0.00326958 0.00201556 -0.000741669 -0.00477014 -0.00755684 -0.00538746 0.00298435 0.0140946 0.0225892 0.0259939 0.0250905 
0.0197779 0.0152332 0.00846358 4.66913e-05 -0.00941599 -0.017878 -0.022267 -0.0214851 -0.0176849 -0.0136398 -0.0100737 -0.00637177 -0.00245271 0.00102114 0.00342401 0.00464148 0.00507747 0.00531608 0.005686 0.00592529 0.00494259 0.00134905 -0.00459599 -0.00955671 -0.00906152 -0.00178657 0.00859754 0.0168469 0.0208797 0.0216352 
0.0214357 0.0190875 0.0134052 0.00489285 -0.00557002 -0.0154158 -0.0206702 -0.0193126 -0.0136805 -0.00803371 -0.00440951 -0.00207982 0.000118029 0.00235685 0.00413896 0.00514391 0.00565165 0.00627646 0.00737469 0.00848873 0.00799955 0.0039279 -0.00358005 -0.0107522 -0.0126476 -0.00753611 0.00164566 0.0104126 0.0166329 0.0203879 
0.03181 0.0299047 0.0232048 0.0130532 0.0011055 -0.00978585 -0.015475 -0.0136398 -0.00696195 -0.000950841 0.00142437 0.00130143 0.00102382 0.00156258 0.0025247 0.00339491 0.00425135 0.00554045 0.00748782 0.00949704 0.00969101 0.00574548 -0.00239352 -0.0109332 -0.0147343 -0.0113021 -0.00205883 0.00951838 0.0203532 0.0283465 
0.0495889 0.0454501 0.0344946 0.0198038 0.00463834 -0.00763352 -0.0133534 -0.0108887 -0.00362557 0.00217821 0.00323603 0.00114417 -0.000954772 -0.00158985 -0.00105623 4.32722e-05 0.00157685 0.00368429 0.00637392 0.00904109 0.00986764 0.00645432 -0.00148921 -0.0104507 -0.0152451 -0.0123442 -0.00129624 0.0152661 0.0324691 0.0450663 
0.065841 0.0586776 0.042508 0.0220253 0.00264682 -0.0110361 -0.0159808 -0.0121242 -0.00403234 0.00174804 0.00221647 -0.000630804 -0.00335111 -0.00430543 -0.00371261 -0.00218383 -1.81509e-05 0.00262989 0.00557774 0.00830853 0.0092737 0.00624311 -0.00125051 -0.0101366 -0.0153112 -0.0122758 0.00101372 0.0223765 0.0451093 0.0612139 
0.0716409 0.0641051 0.0460926 0.022342 0.000152776 -0.0139736 -0.017239 -0.0114655 -0.00259997 0.00292138 0.00288924 -0.000242017 -0.00300981 -0.00386276 -0.0030733 -0.00131246 0.00100279 0.00355941 0.00607103 0.00809645 0.00843178 0.00530668 -0.00165263 -0.00984109 -0.0145894 -0.0112076 0.00288011 0.0256048 0.0497219 0.0666884 
0.0663361 0.0628127 0.0485276 0.0262802 0.00434829 -0.0087705 -0.0101896 -0.00333212 0.00490821 0.00874407 0.00714042 0.00313535 0.000121029 -0.000661455 0.000221464 0.00190544 0.00390174 0.00589094 0.00754103 0.00838252 0.00754196 0.00402719 -0.00200052 -0.00829781 -0.0112052 -0.00717722 0.00547281 0.0247553 0.0449712 0.0599422 
0.0573618 0.0607093 0.0533549 0.035415 0.0155428 0.00376055 0.00302256 0.00889435 0.0144024 0.0149807 0.0108861 0.00565387 0.00244007 0.00193129 0.0030668 0.00474828 0.00648988 0.00803623 0.00898969 0.00874812 0.00673092 0.00291206 -0.00168613 -0.00505259 -0.00497533 -8.14577e-05 0.00955874 0.0223967 0.0359489 0.0480818 
0.0525309 0.0618722 0.0594484 0.0439799 0.0248941 0.0131581 0.0114603 0.0147823 0.0166818 0.014015 0.00810929 0.00264297 0.000219703 0.000764048 0.00271401 0.00488916 0.00691144 0.00855378 0.00929461 0.00841671 0.0056584 0.00191123 -0.00100733 -0.00132044 0.00172982 0.00730205 0.0137376 0.0204538 0.0285761 0.0395384 
0.0533541 0.0640339 0.0606765 0.0432194 0.0226684 0.0101563 0.00743871 0.00886178 0.00847543 0.00428251 -0.00166538 -0.00584441 -0.00637544 -0.00407363 -0.000817237 0.0023181 0.00508866 0.00719258 0.00796523 0.0067316 0.00365903 0.000368873 -0.000879606 0.00133226 0.00662505 0.0126233 0.0168557 0.0200267 0.0260469 0.0378868 
0.0557544 0.0617227 0.0521165 0.0304824 0.00918408 -0.00202432 -0.00333217 -0.00136231 -0.00186943 -0.00602784 -0.0112077 -0.0139817 -0.0129224 -0.00918417 -0.00471397 -0.000531645 0.00306389 0.00557562 0.00622161 0.00448116 0.000993276 -0.00201663 -0.00201619 0.0020885 0.00914186 0.0158429 0.0194422 0.0218132 0.0283409 0.041319 
0.0563309 0.0533288 0.0361807 0.0129809 -0.00439219 -0.009864 -0.00658757 -0.00218909 -0.00208947 -0.00656073 -0.0122658 -0.015553 -0.0148518 -0.0110393 -0.00597136 -0.000952813 0.00329495 0.00599903 0.00628855 0.00366832 -0.000981955 -0.0048725 -0.00488643 0.000255568 0.00909125 0.0176465 0.0226962 0.0264595 0.0344571 0.047006 
0.0563949 0.0431404 0.0203186 1.05883e-05 -0.00863163 -0.00509509 0.00404155 0.0106493 0.0102679 0.00384663 -0.00445942 -0.0105333 -0.0121766 -0.00956517 -0.00447597 0.00112874 0.00583188 0.00861744 0.00855068 0.00485359 -0.00182805 -0.00826758 -0.0102512 -0.005409 0.00531007 0.0175632 0.0270085 0.0346488 0.0446099 0.0549226 
0.059737 0.036793 0.00925994 -0.00763226 -0.00772838 0.00410334 0.0181248 0.0260192 0.0245134 0.0156992 0.00435675 -0.00491956 -0.00917869 -0.00791288 -0.00295999 0.00299131 0.00792543 0.0107455 0.0104671 0.0057942 -0.00324506 -0.0132526 -0.018732 -0.0155119 -0.00312178 0.01431 0.0309994 0.0453121 0.0585138 0.0663931 
0.0679347 0.0364723 0.00188685 -0.0172683 -0.0149442 0.00127528 0.0190086 0.0289249 0.0280023 0.0187969 0.0063807 -0.0042343 -0.00950721 -0.00861003 -0.00359102 0.00243098 0.0072795 0.00998405 0.00950541 0.00404265 -0.00700044 -0.0203003 -0.0294051 -0.0283559 -0.01493 0.00745108 0.0319922 0.0543759 0.0726075 0.0802345 
0.080231 0.0424875 -0.00238712 -0.0315783 -0.0347438 -0.0184948 0.00255065 0.0164021 0.0187233 0.0118209 0.000957375 -0.00846371 -0.0126486 -0.0109058 -0.00555857 0.000261473 0.00467349 0.00698335 0.0061221 1.19011e-05 -0.012286 -0.0276475 -0.0392478 -0.040009 -0.0264543 -0.001295 0.0286085 0.0578105 0.0822616 0.0934181 
0.0990765 0.0600565 0.00539459 -0.0377095 -0.0517326 -0.0394383 -0.0168447 0.000644734 0.00652942 0.00262923 -0.0055709 -0.0125215 -0.0146864 -0.0118221 -0.00639391 -0.00119482 0.00241967 0.00407012 0.00272675 -0.00371129 -0.0162715 -0.0321114 -0.0445593 -0.0462508 -0.033359 -0.00826992 0.0230295 0.056207 0.0874064 0.106586 
0.132933 0.100916 0.0420291 -0.0136172 -0.0412777 -0.0384131 -0.0203794 -0.00441552 0.00153976 -0.00109663 -0.00712604 -0.0117971 -0.0125589 -0.00962932 -0.00517254 -0.00129713 0.00120987 0.00220406 0.000708167 -0.00529952 -0.0169121 -0.0317485 -0.0436882 -0.0456607 -0.0340917 -0.0112439 0.0185341 0.0539368 0.0934749 0.126384 
0.190592 0.174146 0.117282 0.0513557 0.00700667 -0.00744581 -0.00391082 0.00187966 0.00248815 -0.00107424 -0.00529918 -0.0079137 -0.00817646 -0.00650646 -0.00410955 -0.00203356 -0.000516672 0.000361172 -0.000432444 -0.0049109 -0.0144228 -0.0273741 -0.0385059 -0.041183 -0.0319262 -0.0123762 0.0155296 0.0545997 0.106844 0.160918 
0.269502 0.271366 0.217307 0.140117 0.0756921 0.037759 0.0192382 0.00843404 0.000164481 -0.00505919 -0.0068617 -0.0068932 -0.00671315 -0.00659073 -0.00626688 -0.00551688 -0.0041295 -0.00232775 -0.00134301 -0.00330444 -0.010087 -0.0212348 -0.0324546 -0.0371727 -0.0311639 -0.0144783 0.0138638 0.0606619 0.130961 0.211949 
0.34423 0.356893 0.300333 0.210482 0.127946 0.0697632 0.0318447 0.00609176 -0.00995471 -0.0159384 -0.0146194 -0.0115409 -0.0103409 -0.010919 -0.0115151 -0.0107863 -0.00831546 -0.0046443 -0.00123938 -0.000381772 -0.00465833 -0.0149079 -0.0275637 -0.0353784 -0.032419 -0.0165759 0.0154915 0.0727948 0.161305 0.265571 
