0.576295 0.555961 0.436624 0.290713 0.173138 0.0997655 0.0643802 0.0528888 0.0486276 0.0398922 0.0255309 0.0107836 -0.000429281 -0.00735932 -0.0105894 -0.0117851 -0.012784 -0.012153 -0.00485611 0.0115825 0.0319286 0.0468595 0.0509813 0.0458756 0.0376097 0.0370189 0.0653713 0.151188 0.302461 0.473057 
0.508267 0.490615 0.38375 0.254765 0.15362 0.0925729 0.063346 0.0521803 0.0450425 0.0335513 0.0186158 0.00548629 -0.00329531 -0.00863098 -0.0120998 -0.015266 -0.0190905 -0.0211879 -0.0159452 -0.000586414 0.020067 0.0368958 0.0433639 0.0386326 0.0273518 0.0213889 0.0432266 0.120004 0.25789 0.413689 
0.360938 0.351992 0.278051 0.187864 0.117575 0.0746523 0.0514282 0.0384175 0.0280325 0.0164392 0.0046618 -0.00431251 -0.00966675 -0.0132578 -0.0171752 -0.022218 -0.0275764 -0.0298835 -0.0238791 -0.00715866 0.0157062 0.0350909 0.0420325 0.0331933 0.0138243 -0.00144671 0.0091156 0.0659769 0.170488 0.288208 
0.216825 0.219099 0.179442 0.126304 0.0828414 0.0543824 0.0355353 0.0211115 0.00935442 -3.36091e-05 -0.0072368 -0.012186 -0.0151667 -0.0179105 -0.0225366 -0.0291655 -0.0353408 -0.0368811 -0.0292239 -0.0105596 0.0148611 0.0369944 0.0444956 0.0318709 0.00541569 -0.0178847 -0.0183876 0.0170177 0.0859933 0.164712 
0.120817 0.133719 0.117648 0.0870819 0.0586176 0.0386792 0.0237612 0.0099206 -0.00206466 -0.0101288 -0.0147535 -0.0176668 -0.019813 -0.0224602 -0.027547 -0.035103 -0.0419888 -0.0434623 -0.0351767 -0.0154748 0.0119557 0.0372528 0.0476709 0.0357719 0.00731157 -0.0207628 -0.0312159 -0.0147772 0.0268825 0.0795142 
0.0738126 0.0943749 0.0886297 0.0658758 0.0427731 0.0280488 0.017895 0.00622584 -0.00631532 -0.0154028 -0.0198898 -0.0220194 -0.023734 -0.0262433 -0.0311148 -0.0386203 -0.0459421 -0.0481911 -0.0406732 -0.0212744 0.00709398 0.0353296 0.0505237 0.0436461 0.0178922 -0.0125457 -0.0324269 -0.0317549 -0.00730798 0.0337671 
0.0608771 0.0833289 0.0762035 0.0508633 0.0280212 0.0178274 0.0136887 0.00560418 -0.00684284 -0.0171263 -0.0217743 -0.0230451 -0.0240831 -0.0261921 -0.0302257 -0.036618 -0.0435292 -0.0466143 -0.0408271 -0.0231541 0.00451001 0.0339798 0.0528829 0.0514197 0.0299221 -0.00114377 -0.027982 -0.0376028 -0.0210099 0.0183043 
0.0657054 0.0829235 0.0672936 0.0353771 0.0119609 0.00668891 0.00921445 0.00619425 -0.00369767 -0.0129243 -0.0167875 -0.0173354 -0.0180204 -0.0197483 -0.0225739 -0.02714 -0.0329986 -0.0370779 -0.0343229 -0.0204428 0.00416535 0.0322159 0.0518977 0.0535917 0.0362468 0.00754072 -0.0201618 -0.032118 -0.0164242 0.0237518 
0.0722154 0.0797593 0.0560341 0.0211912 0.000547674 0.00113984 0.00979426 0.0120973 0.00638991 -0.000469432 -0.00400425 -0.0053677 -0.00673247 -0.00817678 -0.00960962 -0.012386 -0.0176285 -0.0238033 -0.0260278 -0.0184771 0.00046979 0.0246916 0.0429699 0.0464636 0.034207 0.012293 -0.00905148 -0.0165597 0.000437677 0.0376159 
0.0696078 0.0677105 0.04163 0.0114178 -0.00129544 0.00641285 0.0200417 0.0262723 0.0237132 0.0177366 0.0122458 0.00796938 0.0050579 0.00395227 0.0037737 0.00193025 -0.00395192 -0.0134368 -0.0217841 -0.0218924 -0.0101168 0.00906103 0.0254469 0.0310606 0.0252726 0.0131023 0.0021363 0.00169517 0.0184347 0.0472207 
0.0584735 0.0499853 0.0263054 0.00512975 0.0025755 0.0172823 0.034402 0.0424935 0.0406973 0.0332536 0.0241442 0.0164269 0.0122764 0.0117494 0.0122885 0.0102174 0.00282342 -0.0097304 -0.0229656 -0.0294574 -0.0242228 -0.00981568 0.00509893 0.0131005 0.0133059 0.00989937 0.00847715 0.0142781 0.0293477 0.0482149 
0.0484858 0.0363224 0.0154719 0.00124344 0.00536982 0.023753 0.041936 0.0499366 0.0471101 0.0372544 0.0251886 0.0158744 0.0121607 0.012752 0.0135417 0.0107145 0.00235126 -0.0110901 -0.0259464 -0.0357685 -0.0351566 -0.0246745 -0.0110593 -0.00134602 0.00283685 0.00502051 0.00992148 0.0201574 0.0342414 0.0463038 
0.0473172 0.0339685 0.0141317 0.00139372 0.00548684 0.0221622 0.038326 0.0446987 0.0401422 0.028357 0.0153549 0.00721382 0.00604594 0.008556 0.00968203 0.00661811 -0.000947625 -0.0122998 -0.025433 -0.035935 -0.0386154 -0.0319945 -0.0204373 -0.0102512 -0.00379434 0.00168431 0.0103463 0.0235821 0.038195 0.0480466 
0.052055 0.039612 0.0199216 0.00513956 0.00463069 0.0158581 0.0278386 0.0316547 0.0253758 0.0127178 0.000721242 -0.00420022 -0.00144493 0.00361376 0.00552493 0.00311142 -0.00216552 -0.00963014 -0.0193127 -0.0291107 -0.0343566 -0.0318236 -0.0234698 -0.0144588 -0.00744181 -0.000367246 0.0103056 0.0253665 0.0412521 0.0519511 
0.0533537 0.0425957 0.0236402 0.00721431 0.00239543 0.00830414 0.0159941 0.0171914 0.00971704 -0.00255507 -0.0121806 -0.0131886 -0.00652921 0.000970295 0.00388265 0.00238924 -0.000808125 -0.00505823 -0.0116011 -0.0198342 -0.0258613 -0.0259165 -0.0206628 -0.0143698 -0.00935951 -0.00328566 0.00744155 0.0231322 0.0398445 0.0516773 
0.0455599 0.035579 0.0183627 0.0029314 -0.00295314 0.000262889 0.00518424 0.00472156 -0.00283644 -0.0135226 -0.0203132 -0.0182383 -0.00921666 -0.000375989 0.00319343 0.0021392 -0.000554773 -0.00397468 -0.00902283 -0.0151778 -0.0193729 -0.0187765 -0.0144256 -0.0105252 -0.00884783 -0.0057894 0.00324322 0.0181543 0.0339395 0.0445319 
0.0299662 0.0195107 0.00501907 -0.00692589 -0.0110969 -0.00837563 -0.00468253 -0.00546269 -0.0117398 -0.0199446 -0.0242719 -0.0209099 -0.0118129 -0.0031859 0.000488759 -0.000499361 -0.00375742 -0.00810209 -0.0132645 -0.0178632 -0.0192755 -0.0159187 -0.00978334 -0.00550571 -0.00494632 -0.00400691 0.00264598 0.014833 0.0267835 0.0326294 
0.0124276 0.00107885 -0.0102787 -0.0180739 -0.0201155 -0.0176901 -0.0148968 -0.0152772 -0.0192892 -0.0243526 -0.026522 -0.0231653 -0.0155401 -0.00808114 -0.00438568 -0.00481121 -0.00800067 -0.0129587 -0.0186998 -0.0230811 -0.0233619 -0.0182364 -0.00970467 -0.00240013 0.000884953 0.00265394 0.00739717 0.0152201 0.0210279 0.0201177 
0.0008609 -0.0115375 -0.0211117 -0.026643 -0.0282796 -0.0272771 -0.0258206 -0.0257034 -0.0270495 -0.0285066 -0.0281949 -0.0247592 -0.0186841 -0.0124036 -0.00835389 -0.00733418 -0.00904944 -0.0131914 -0.0189541 -0.0240588 -0.025395 -0.0209705 -0.0116964 -0.0014302 0.00603536 0.0105013 0.0144713 0.0184192 0.018864 0.0125373 
0.000225797 -0.0138325 -0.024493 -0.0308468 -0.0339394 -0.0348783 -0.034546 -0.0336578 -0.032332 -0.0302213 -0.027071 -0.022809 -0.0176556 -0.0124058 -0.00813936 -0.00562984 -0.00539311 -0.00796863 -0.0131579 -0.0189063 -0.0217827 -0.0189997 -0.0104366 0.00077609 0.0103404 0.0163193 0.0199788 0.022349 0.0212008 0.0135105 
0.00770744 -0.00819074 -0.0219516 -0.0306751 -0.0350858 -0.0366424 -0.0360626 -0.0338264 -0.0302717 -0.0255459 -0.0201697 -0.0150516 -0.0106958 -0.00690995 -0.00341987 -0.000494762 0.000914159 -0.000450537 -0.00491258 -0.0105365 -0.0136008 -0.0109912 -0.00266083 0.00786214 0.015963 0.0198109 0.0215293 0.0236114 0.0245583 0.0198716 
0.0164785 0.000636461 -0.0153067 -0.0253645 -0.0293057 -0.0294051 -0.0271406 -0.0233657 -0.0187036 -0.0133413 -0.00774761 -0.00314907 -0.000392425 0.00113997 0.00275379 0.00484467 0.00634561 0.00556381 0.00193174 -0.00253045 -0.00389723 0.000679647 0.0100757 0.0193038 0.0233207 0.0215094 0.0184007 0.0191263 0.02336 0.024525 
0.0236048 0.0119456 -0.00273356 -0.0122212 -0.0148994 -0.0131727 -0.00915157 -0.00435689 -1.3113e-06 0.00368975 0.00684563 0.00879286 0.00880565 0.00761094 0.00691607 0.00747696 0.00830293 0.00772176 0.00526992 0.00299207 0.00451039 0.0117862 0.0223219 0.0300184 0.0297444 0.0218699 0.0128136 0.0104515 0.0167733 0.0245175 
0.0301608 0.0265741 0.0166116 0.00850916 0.00566473 0.00729318 0.0117702 0.0168726 0.0201826 0.0209637 0.0200885 0.0181115 0.014952 0.0112559 0.00844919 0.00719088 0.00674535 0.00603328 0.00506596 0.00562655 0.0101836 0.0192308 0.0295776 0.0357236 0.0334293 0.0229325 0.0101092 0.00404257 0.00991341 0.022544 
0.0347364 0.039828 0.0357337 0.028857 0.0243305 0.0240943 0.0278632 0.0329248 0.0354844 0.033961 0.029726 0.0245937 0.0192183 0.0139492 0.00951139 0.00629843 0.00408796 0.00282076 0.00321976 0.00659538 0.0136774 0.0232006 0.0320553 0.0369139 0.0353348 0.0264601 0.0132219 0.00379899 0.00646821 0.0203731 
0.0317511 0.04246 0.0429435 0.0375176 0.0322753 0.0310324 0.0343816 0.0394722 0.0419822 0.039892 0.0346735 0.0287467 0.0230856 0.0175469 0.0121112 0.00706246 0.00290276 0.000659005 0.00173931 0.00700729 0.0155783 0.0246574 0.0314665 0.0350196 0.0347939 0.0288638 0.0167885 0.0047262 0.0028844 0.0146939 
0.0176361 0.029654 0.0325051 0.0293822 0.0261645 0.0265605 0.0308277 0.0362811 0.0393339 0.038365 0.0346335 0.0302963 0.0261194 0.0214696 0.0157878 0.00938368 0.003428 -0.000214486 0.000346907 0.00571499 0.0140667 0.0217814 0.0263083 0.0280056 0.0276195 0.0229463 0.0116676 -0.00178316 -0.00696698 0.00163509 
-0.00417906 0.00614156 0.00961552 0.00901669 0.00909535 0.0123428 0.0182574 0.0245527 0.0288936 0.0303375 0.0296421 0.0281538 0.02626 0.0231435 0.0179731 0.0109669 0.00360379 -0.00176436 -0.00293773 0.000637235 0.00692912 0.0123251 0.0145157 0.0141471 0.0123179 0.00714459 -0.00383151 -0.017036 -0.0231818 -0.0171355 
-0.025929 -0.0183471 -0.0151653 -0.0144251 -0.0127883 -0.0083851 -0.00156039 0.00602711 0.0127241 0.0175539 0.0203766 0.0216985 0.02186 0.0203695 0.0163537 0.00967227 0.00164284 -0.00520503 -0.00843749 -0.00740631 -0.00393606 -0.00108176 -0.000696971 -0.00229807 -0.0051141 -0.0107438 -0.0210718 -0.0329421 -0.0388544 -0.0350835 
-0.0413325 -0.0366014 -0.0342037 -0.033798 -0.0332568 -0.0302025 -0.0237249 -0.0147472 -0.00513492 0.00315144 0.00884093 0.0119954 0.0134585 0.0134543 0.0111593 0.00585776 -0.00163802 -0.00885601 -0.0131831 -0.0138325 -0.0123687 -0.011219 -0.0116604 -0.0133339 -0.0159594 -0.0210437 -0.0300264 -0.0404126 -0.0466754 -0.0461176 
-0.0482966 -0.0466148 -0.0454919 -0.0461693 -0.0473995 -0.0461845 -0.0404723 -0.0306733 -0.0191558 -0.00893692 -0.00203234 0.00173156 0.00395487 0.00548691 0.00541119 0.00237263 -0.00339768 -0.00960518 -0.0135305 -0.0142699 -0.013265 -0.0126042 -0.013164 -0.0145911 -0.0168286 -0.0211049 -0.0285093 -0.037584 -0.0449102 -0.0483408 
-0.0480343 -0.0494729 -0.0499542 -0.0512461 -0.0526992 -0.051676 -0.0462401 -0.0367536 -0.0255977 -0.0158619 -0.00942638 -0.00570716 -0.00269455 0.000532037 0.00271499 0.00200071 -0.00173999 -0.00633286 -0.00900326 -0.00878149 -0.00714093 -0.00618999 -0.00675151 -0.00849871 -0.011278 -0.0156083 -0.0219105 -0.0296336 -0.0374578 -0.0439835 
-0.0432108 -0.0470027 -0.0488289 -0.0498859 -0.0498823 -0.0474381 -0.0418435 -0.0337329 -0.0247879 -0.017047 -0.0116276 -0.00776656 -0.00373583 0.000927783 0.00456975 0.00515291 0.00255888 -0.000974289 -0.00262438 -0.00141791 0.00105693 0.00247757 0.00182306 -0.000706869 -0.00477896 -0.0100576 -0.0159925 -0.0223426 -0.0294025 -0.0368922 
-0.0369987 -0.0417624 -0.0441543 -0.0444564 -0.0425741 -0.0384789 -0.0328257 -0.0264665 -0.0200122 -0.0140607 -0.00904429 -0.00454947 0.000395975 0.00571733 0.0095945 0.0101132 0.00739706 0.00385105 0.00234201 0.00384852 0.00674093 0.00853242 0.00796603 0.00505393 0.000141766 -0.00598898 -0.0120581 -0.0175752 -0.023457 -0.0303241 
-0.0327448 -0.037464 -0.0395022 -0.0385147 -0.0347493 -0.0293171 -0.0237927 -0.0189392 -0.014305 -0.00932022 -0.00412988 0.00103557 0.00638721 0.0115723 0.0149044 0.0147008 0.011232 0.00693987 0.00472769 0.00574017 0.00854954 0.0106783 0.0107022 0.00844382 0.00399583 -0.00214144 -0.00863892 -0.0144961 -0.020172 -0.026454 
-0.0324215 -0.0366489 -0.0372523 -0.0337835 -0.0274101 -0.020485 -0.0151087 -0.0116314 -0.00865681 -0.00474711 0.000179595 0.00544134 0.0106922 0.0154388 0.0182019 0.0174357 0.0132961 0.00806503 0.00474283 0.00488262 0.00745059 0.0100335 0.0110806 0.0102889 0.00733652 0.00187572 -0.00529402 -0.0126202 -0.0194692 -0.0261779 
-0.0343998 -0.0375484 -0.0355214 -0.0283616 -0.0187476 -0.0103665 -0.0055387 -0.00401982 -0.0035758 -0.00188923 0.00173745 0.00658627 0.0117763 0.0163981 0.0189361 0.0178714 0.01322 0.00715621 0.00286666 0.00231927 0.00476241 0.00775696 0.00969977 0.010344 0.0090464 0.00451451 -0.00317759 -0.0120768 -0.0204802 -0.0280804 
-0.0344604 -0.0357165 -0.0305933 -0.0200639 -0.00823856 0.000379046 0.00362593 0.00229438 -0.000710117 -0.00209003 -0.00019701 0.0044155 0.0101366 0.0151875 0.0177034 0.0162808 0.0111696 0.00470181 0.000100844 -0.000697613 0.00152559 0.00435121 0.00635297 0.00760362 0.00749956 0.00417138 -0.00301772 -0.0121841 -0.0210804 -0.0288161 
-0.0301679 -0.0292547 -0.0219736 -0.0101465 0.00155512 0.00871068 0.00957309 0.00525874 -0.00090752 -0.00484218 -0.0041421 0.000675585 0.00720849 0.0127247 0.0150148 0.0130795 0.00782138 0.00180622 -0.00219096 -0.00289477 -0.00128285 0.000530316 0.00154596 0.00233238 0.00281563 0.00116153 -0.00399424 -0.0115786 -0.0194401 -0.0261278 
-0.0229061 -0.020125 -0.0121504 -0.00107088 0.00891962 0.0139787 0.0126525 0.00621317 -0.00176657 -0.00692927 -0.00677046 -0.00200212 0.0044965 0.00955115 0.0110239 0.00855999 0.00370642 -0.00102753 -0.00372436 -0.0040029 -0.0029688 -0.00229968 -0.00264828 -0.00300186 -0.00248194 -0.00229513 -0.00456861 -0.00966458 -0.0158556 -0.0209263 
-0.0156542 -0.0108636 -0.0024398 0.00772034 0.0163709 0.0200346 0.0171823 0.00936608 0.000559054 -0.00505362 -0.00554664 -0.00199005 0.00277944 0.00593084 0.0059175 0.00297991 -0.00117095 -0.00446608 -0.00572086 -0.00504278 -0.00356423 -0.002925 -0.00399196 -0.00558017 -0.00564268 -0.00430254 -0.00425258 -0.00741088 -0.0124262 -0.015998 
-0.010323 -0.00271497 0.0073861 0.0181248 0.0269649 0.0303203 0.0262929 0.017005 0.00725668 0.000990042 -0.00085993 0.00015832 0.0016812 0.00186926 6.78072e-05 -0.00320096 -0.00666132 -0.00889533 -0.00897397 -0.0068659 -0.00372063 -0.0017449 -0.00263378 -0.00536112 -0.00677705 -0.00560506 -0.00450864 -0.00660198 -0.0109611 -0.0132472 
-0.00669013 0.00375002 0.0160909 0.028272 0.0381955 0.0420393 0.0373322 0.0266344 0.0157381 0.00853494 0.00490962 0.00276644 0.000454823 -0.00250995 -0.00584022 -0.00906664 -0.0117048 -0.0130295 -0.0121378 -0.00868973 -0.00393067 -0.000745308 -0.00161011 -0.00573398 -0.00917854 -0.00919893 -0.00766569 -0.00835314 -0.0112985 -0.0120053 
-0.00322612 0.00796537 0.0203317 0.0322501 0.0424973 0.0473717 0.0435105 0.0329659 0.021923 0.014359 0.00941054 0.00454688 -0.00107667 -0.0065033 -0.0106188 -0.0132293 -0.0146696 -0.0147921 -0.0128403 -0.00857987 -0.00357142 -0.000947701 -0.00316075 -0.00931523 -0.015116 -0.0166918 -0.014558 -0.0124542 -0.0119745 -0.0100846 
0.000789345 0.00898023 0.0169704 0.025127 0.0339908 0.0403277 0.0394374 0.0316251 0.0224274 0.015845 0.0107456 0.00447054 -0.00299244 -0.00939906 -0.0131189 -0.014475 -0.014502 -0.0132975 -0.0102105 -0.00548827 -0.00126663 -0.000546611 -0.00496169 -0.013164 -0.0210889 -0.0244956 -0.0222227 -0.0168499 -0.0114443 -0.00610656 
0.00536162 0.00679101 0.00639275 0.00785328 0.01396 0.0218047 0.0249758 0.0214804 0.0156847 0.0114754 0.00765023 0.00162211 -0.00580079 -0.0113832 -0.0134393 -0.0130765 -0.0118725 -0.00976789 -0.00589204 -0.000837827 0.00276993 0.00225369 -0.00299946 -0.0114026 -0.0200548 -0.0253586 -0.0243341 -0.0170951 -0.00740249 0.000640712 
0.0120573 0.00513196 -0.00512684 -0.0115894 -0.00923391 -0.000894574 0.00524161 0.00532344 0.00304466 0.00216788 0.00102381 -0.00323244 -0.0091727 -0.0128691 -0.0128662 -0.0109695 -0.00894978 -0.00643317 -0.00235226 0.00258101 0.00581117 0.00547231 0.00200059 -0.0033484 -0.00991869 -0.0158487 -0.0166791 -0.00942286 0.0024098 0.011221 
0.0222363 0.00937169 -0.00876637 -0.0227558 -0.025305 -0.0187152 -0.0124418 -0.0112848 -0.0112317 -0.00845804 -0.00578352 -0.00715129 -0.0110602 -0.013133 -0.0119942 -0.00951782 -0.0070665 -0.00410037 -7.20869e-05 0.00387091 0.00577225 0.00541635 0.00474355 0.00457389 0.00277608 -0.00144445 -0.00319645 0.00320873 0.0154408 0.0241703 
0.0310656 0.018233 -0.00245725 -0.0213038 -0.0289365 -0.0260923 -0.0223416 -0.022573 -0.0218894 -0.0161793 -0.00960627 -0.00779564 -0.00984067 -0.0111836 -0.010199 -0.0081597 -0.00553733 -0.00179642 0.00234491 0.00468531 0.00388864 0.00181661 0.00235667 0.00638903 0.00947907 0.00794826 0.00589125 0.0107649 0.0223401 0.031805 
0.028354 0.0213765 0.00489417 -0.0132882 -0.0230982 -0.023428 -0.0226794 -0.0251344 -0.0252326 -0.0185468 -0.00984184 -0.00592306 -0.00676391 -0.00801617 -0.00777369 -0.00659017 -0.00406919 0.000353363 0.0047792 0.00589048 0.00264576 -0.00166302 -0.00184121 0.00327603 0.0082478 0.00750636 0.00380978 0.0053719 0.0145213 0.0247671 
0.0100646 0.0102862 0.00238906 -0.00893579 -0.0154324 -0.0155845 -0.0160598 -0.0199061 -0.0214364 -0.0161595 -0.00826232 -0.00431206 -0.00489122 -0.00633659 -0.00680752 -0.00645805 -0.00442062 5.22802e-05 0.00477424 0.0060779 0.00292394 -0.0014604 -0.0023811 0.00110703 0.00409961 0.00115012 -0.0060157 -0.00958763 -0.00531151 0.00330001 
-0.0146793 -0.0109791 -0.0106276 -0.0117652 -0.0104205 -0.00718412 -0.0072346 -0.0115948 -0.0145948 -0.0121692 -0.00731113 -0.0050531 -0.00606287 -0.00776953 -0.00883258 -0.0092526 -0.00799591 -0.00401783 0.00116383 0.00447126 0.00457983 0.00309968 0.00255063 0.00329239 0.00238617 -0.00361933 -0.0136999 -0.0218797 -0.0236049 -0.0199624 
-0.0320386 -0.0297503 -0.0242277 -0.0156365 -0.00580115 0.00074812 0.000303234 -0.00503913 -0.00935384 -0.00969018 -0.00820687 -0.00798097 -0.00938801 -0.0111381 -0.0126632 -0.0138069 -0.013353 -0.00988249 -0.00377981 0.00284657 0.00792029 0.0104863 0.0105642 0.00860094 0.00466006 -0.00215661 -0.0119128 -0.0217446 -0.0283905 -0.0315239 
-0.0352964 -0.036641 -0.0286931 -0.013391 0.00147488 0.0076859 0.00399323 -0.00350215 -0.00860731 -0.0102057 -0.0104756 -0.0110268 -0.0119872 -0.0132606 -0.0150095 -0.0168134 -0.0171117 -0.0140218 -0.00679143 0.00326274 0.0129278 0.0186664 0.0188701 0.0151233 0.0105186 0.00586213 -0.000600597 -0.00930859 -0.0187704 -0.0279881 
-0.0261193 -0.0306735 -0.0224854 -0.00519109 0.00896389 0.0102164 0.000931484 -0.00901794 -0.013687 -0.0141083 -0.0131909 -0.0121285 -0.0112797 -0.0114352 -0.0130913 -0.0154684 -0.0166651 -0.0143424 -0.0067426 0.00546131 0.0181384 0.0260044 0.0267983 0.0232016 0.019972 0.0184381 0.0155646 0.0088698 -0.00140349 -0.0141225 
-0.00943405 -0.0162515 -0.00990746 0.00476992 0.0136504 0.00771022 -0.00721574 -0.0189341 -0.0221925 -0.0197319 -0.0154201 -0.0109746 -0.00744748 -0.00614984 -0.00745448 -0.0102266 -0.0125032 -0.0117124 -0.00516105 0.00738069 0.0216665 0.0316938 0.0347842 0.0334112 0.0321367 0.0325207 0.0319133 0.0273937 0.0181088 0.00462458 
0.0093273 0.000909529 0.00505975 0.0160275 0.0194365 0.00780225 -0.0109452 -0.0239306 -0.0265544 -0.0223279 -0.0156561 -0.00882311 -0.00347429 -0.00119531 -0.0021772 -0.00515686 -0.00845458 -0.00954132 -0.00482942 0.0071774 0.0227682 0.0355849 0.0420628 0.0433302 0.04307 0.0439564 0.0453898 0.0443296 0.0376177 0.0244983 
0.0252535 0.0164679 0.0210904 0.0315347 0.032792 0.0185741 -0.00204889 -0.0163869 -0.0204791 -0.0179108 -0.0127099 -0.00685508 -0.00199606 8.79904e-05 -0.000992345 -0.00424643 -0.00837926 -0.0109182 -0.00752364 0.00446981 0.0218147 0.0373899 0.0462259 0.0483078 0.0475663 0.0490284 0.0543187 0.0588715 0.0554723 0.0419901 
0.0344885 0.0280141 0.0371949 0.0509019 0.0526046 0.0374339 0.0159471 0.000359052 -0.00651672 -0.00818982 -0.00748404 -0.00529229 -0.00286512 -0.00210317 -0.00384405 -0.00759663 -0.0122905 -0.0153623 -0.0121273 0.000576159 0.0195158 0.0364894 0.0451377 0.0454411 0.0433968 0.0468803 0.0580964 0.0689218 0.0677335 0.0525139 
0.0329228 0.0320944 0.0485683 0.0667763 0.0692503 0.0536297 0.0322816 0.0163474 0.00699547 0.00101698 -0.00288874 -0.0046806 -0.00535547 -0.00661023 -0.00927389 -0.0131322 -0.0173103 -0.0194272 -0.015237 -0.00193456 0.0171149 0.0331236 0.0389915 0.0356976 0.032328 0.0389238 0.0558416 0.0702902 0.0681756 0.0502896 
0.0178211 0.0241288 0.0478091 0.0701503 0.0744335 0.0608331 0.0420262 0.0270105 0.0157396 0.00615179 -0.00157696 -0.00711483 -0.0113963 -0.0152654 -0.018556 -0.0208704 -0.0219735 -0.0206256 -0.0139878 -0.000242988 0.0172505 0.0300078 0.0310713 0.0228748 0.017504 0.0259924 0.0453709 0.0588491 0.0527428 0.0323992 
-0.00540493 0.00647601 0.0346936 0.0607637 0.0698494 0.0624934 0.0488721 0.0353062 0.0218473 0.00837047 -0.00375554 -0.0140915 -0.0231387 -0.0302509 -0.0335575 -0.0322077 -0.0272396 -0.0195612 -0.00831995 0.00710103 0.0232319 0.0320424 0.0270064 0.011928 0.00142403 0.00731976 0.0243477 0.0340713 0.0247903 0.00488563 
-0.0209534 -0.00627377 0.0222654 0.0500997 0.0645985 0.0643383 0.0555174 0.0425976 0.0267508 0.00935783 -0.00774162 -0.0237164 -0.0379904 -0.0482968 -0.0511976 -0.0454356 -0.0334205 -0.0182523 -0.000720266 0.0188843 0.0364358 0.0432517 0.0323291 0.00813807 -0.0124766 -0.015522 -0.00505985 0.00208328 -0.00424257 -0.0171597 
-0.00845758 0.00662533 0.0298256 0.0529917 0.0664605 0.0671017 0.0584723 0.0446158 0.0274507 0.00815368 -0.0120242 -0.0317807 -0.0493078 -0.0612816 -0.0635983 -0.0548507 -0.0380836 -0.0173673 0.00606057 0.0316674 0.0541465 0.0626621 0.0483399 0.0153616 -0.0176499 -0.0331943 -0.0305373 -0.0218548 -0.0167091 -0.0144615 
0.0524523 0.064781 0.0734809 0.0794172 0.0787268 0.0694619 0.0548978 0.0390135 0.0227252 0.00503062 -0.0143374 -0.0339166 -0.0510837 -0.0623289 -0.0639884 -0.0548596 -0.0376133 -0.0156365 0.0106658 0.0411568 0.0693883 0.0820642 0.0682679 0.0315084 -0.00904753 -0.033298 -0.0345793 -0.0182194 0.00711924 0.0329001 
0.176457 0.181456 0.161736 0.132776 0.102459 0.0734453 0.0491616 0.0317355 0.0187303 0.00553372 -0.0100752 -0.0266709 -0.0411638 -0.0503876 -0.0517451 -0.0445636 -0.0307123 -0.0119888 0.0126423 0.0436954 0.0742553 0.0901021 0.0800446 0.047309 0.00953224 -0.0136415 -0.0106935 0.0216666 0.0776246 0.137786 
0.350786 0.345045 0.284156 0.205379 0.135034 0.0823608 0.0489923 0.0321107 0.0238027 0.015345 0.00308853 -0.0110377 -0.0234032 -0.0312647 -0.0331039 -0.0290209 -0.0205008 -0.00789527 0.0112593 0.0380948 0.0660221 0.0820643 0.0770535 0.0543386 0.027965 0.0142879 0.0285211 0.0840749 0.18033 0.286121 
0.512653 0.496983 0.396085 0.270127 0.164533 0.0940445 0.0564403 0.042241 0.037645 0.0309295 0.0187832 0.00471036 -0.00712903 -0.0146568 -0.0173564 -0.0162367 -0.0130193 -0.00709064 0.00536565 0.0261349 0.0493346 0.0641756 0.0641601 0.0523394 0.0383169 0.0346919 0.0599874 0.137294 0.271704 0.421818 
