0.322797 0.310794 0.258038 0.186749 0.12417 0.0886338 0.0815677 0.0883623 0.0884572 0.0693153 0.034159 -0.002484 -0.0266929 -0.0342172 -0.0304567 -0.023515 -0.0178903 -0.0138602 -0.0103401 -0.00625351 0.000287755 0.0118391 0.0292715 0.049949 0.0699008 0.0898331 0.118403 0.165377 0.228798 0.289947 
0.289115 0.281571 0.238214 0.17752 0.12273 0.0910262 0.0851675 0.0922381 0.0924712 0.0733268 0.037915 0.000887458 -0.0237501 -0.0319214 -0.02919 -0.0235489 -0.0192419 -0.0163867 -0.0138313 -0.0103223 -0.00378349 0.00785238 0.0239704 0.0406602 0.0545607 0.0686067 0.0931067 0.137469 0.198338 0.256813 
0.230089 0.225044 0.190815 0.141704 0.0968627 0.0720475 0.0707673 0.0814486 0.0853123 0.0700734 0.0383623 0.00408052 -0.0192518 -0.0275514 -0.0259101 -0.0216947 -0.0187803 -0.0172102 -0.0157247 -0.0127703 -0.00612936 0.00553056 0.0198853 0.0317724 0.0386193 0.0454092 0.0632682 0.100472 0.152683 0.202512 
0.170851 0.164755 0.135345 0.093842 0.0565885 0.0383185 0.0427811 0.0590281 0.0689096 0.0603012 0.0350779 0.00587098 -0.0146524 -0.0223493 -0.0215045 -0.0185221 -0.0167524 -0.0161527 -0.0153612 -0.01258 -0.00566119 0.00584545 0.0182003 0.0256201 0.0266454 0.027834 0.0401022 0.0698318 0.111795 0.150721 
0.126645 0.117118 0.0885469 0.0504611 0.0176941 0.00429972 0.0138441 0.0353805 0.0509734 0.0486347 0.0297072 0.00568696 -0.0116999 -0.0184112 -0.0179828 -0.0157848 -0.0145354 -0.0140813 -0.0130686 -0.00972941 -0.00234621 0.00862956 0.0187605 0.022638 0.0201857 0.0188197 0.028292 0.052621 0.0857248 0.114458 
0.0990329 0.0862837 0.0576471 0.0218765 -0.00721559 -0.0166323 -0.00354839 0.0209389 0.0393234 0.0402019 0.0249532 0.00432658 -0.0108731 -0.016901 -0.0167412 -0.0148583 -0.0134086 -0.0121956 -0.0100265 -0.00545667 0.00247583 0.012459 0.0200634 0.0211207 0.0170643 0.0155385 0.0245808 0.0458088 0.0724232 0.0932401 
0.0838807 0.0697826 0.0424778 0.0103626 -0.0139443 -0.0194691 -0.00482293 0.0191705 0.0365249 0.0372712 0.023089 0.00387305 -0.0106062 -0.0168638 -0.0173097 -0.0156584 -0.0137353 -0.011449 -0.00785582 -0.00194675 0.00637898 0.0150218 0.0199384 0.0186286 0.0140603 0.0137843 0.0239693 0.0439944 0.0664786 0.0820217 
0.077356 0.0634363 0.0389222 0.0118738 -0.00673931 -0.00880823 0.00528868 0.0258193 0.0396261 0.0387802 0.0248543 0.00619535 -0.00867488 -0.016244 -0.0180673 -0.0171491 -0.0151811 -0.0122888 -0.00778905 -0.00105809 0.00730086 0.0146256 0.0173897 0.0146865 0.010775 0.0129038 0.0254058 0.0456203 0.0656585 0.0777325 
0.0748842 0.0613819 0.0402479 0.0186962 0.00536888 0.00540042 0.0172469 0.0331335 0.0432428 0.0414778 0.0286001 0.0108172 -0.00471138 -0.014202 -0.0180939 -0.0185879 -0.0172546 -0.0144505 -0.00976556 -0.0028922 0.00518834 0.0117123 0.0137907 0.0116246 0.00999046 0.0153737 0.0304239 0.0509255 0.0687203 0.0774686 
0.0703339 0.0568671 0.0392925 0.0230137 0.0136284 0.013981 0.0227194 0.0345869 0.0425638 0.0415423 0.0310386 0.015083 -0.000509173 -0.0116954 -0.0177296 -0.0198623 -0.0194194 -0.0169587 -0.012404 -0.00575349 0.00194994 0.00837405 0.0114628 0.011927 0.0139425 0.0224632 0.0386777 0.0577327 0.0718501 0.0760965 
0.059274 0.0456083 0.0315553 0.0200153 0.0133297 0.0129559 0.0187757 0.0280482 0.0356848 0.0368726 0.0298777 0.0168318 0.0022303 -0.00981312 -0.0174495 -0.0208904 -0.0210901 -0.0187593 -0.0142025 -0.00775685 -0.000386359 0.00631136 0.0112656 0.0153292 0.0212398 0.0317425 0.0467508 0.061769 0.0702887 0.0688795 
0.0413453 0.0273453 0.016295 0.00892143 0.00483291 0.0044386 0.00862095 0.0165545 0.024678 0.0285291 0.0254769 0.0160454 0.0033938 -0.00853888 -0.0170292 -0.0213109 -0.0218803 -0.0194793 -0.014724 -0.00829391 -0.00114001 0.00577229 0.0122579 0.019215 0.0278195 0.0385418 0.0502701 0.0595175 0.061629 0.0545879 
0.0190861 0.00461769 -0.00421677 -0.00767971 -0.00802749 -0.00629559 -0.00188077 0.00540344 0.0136221 0.0193275 0.019614 0.013755 0.00360203 -0.00738354 -0.0160225 -0.0207964 -0.0216951 -0.0193085 -0.0143778 -0.00783766 -0.000772372 0.00608762 0.0130291 0.0209465 0.0299293 0.0388874 0.0462306 0.0497043 0.0463724 0.0350649 
-0.00379586 -0.0184474 -0.0255413 -0.0252078 -0.0207672 -0.0151251 -0.00912679 -0.00234619 0.00500294 0.0110987 0.013427 0.0105027 0.00301865 -0.00633622 -0.0144257 -0.0192932 -0.0204569 -0.0182428 -0.0133433 -0.00680933 7.09246e-05 0.00642746 0.0125253 0.0191407 0.0259508 0.0314606 0.0343685 0.0335187 0.0269446 0.0135108 
-0.0227781 -0.0366184 -0.0420199 -0.0385731 -0.0299561 -0.0206239 -0.0130706 -0.00704643 -0.00131641 0.00401284 0.00721251 0.0064843 0.00158795 -0.005682 -0.0125604 -0.0169323 -0.017999 -0.0158899 -0.0112184 -0.00504339 0.00120104 0.00637796 0.0104457 0.0139933 0.0168855 0.0182696 0.0177018 0.0146887 0.00734886 -0.00595289 
-0.0331507 -0.0449886 -0.0487839 -0.0437613 -0.033308 -0.0224166 -0.0145772 -0.00981707 -0.00600155 -0.00190346 0.00153425 0.00239848 -0.000272643 -0.00545372 -0.0107636 -0.0140705 -0.0144782 -0.0121386 -0.00769741 -0.00217022 0.00299973 0.00647557 0.00787038 0.00766102 0.0063244 0.00421065 0.00182723 -0.00120874 -0.00727138 -0.0185654 
-0.0321691 -0.041459 -0.0442256 -0.039554 -0.030052 -0.0202188 -0.0136816 -0.0106862 -0.00876772 -0.00592761 -0.0025731 -0.000727452 -0.00188961 -0.00552247 -0.00942 -0.0114288 -0.0107345 -0.0077431 -0.00327487 0.00172539 0.00594232 0.00794701 0.00707351 0.00379534 -0.000683467 -0.00483531 -0.00744268 -0.00908723 -0.0127045 -0.0208806 
-0.0207997 -0.0278871 -0.0307173 -0.0281821 -0.0217908 -0.0149195 -0.010723 -0.00960692 -0.00927072 -0.0075072 -0.00448362 -0.00233908 -0.00290154 -0.00582362 -0.00885343 -0.00976987 -0.00792096 -0.00406606 0.000756242 0.0057136 0.00972627 0.0113807 0.00978786 0.00533841 -0.000364423 -0.00507924 -0.00712894 -0.00713143 -0.00817338 -0.0129778 
-0.003135 -0.00882826 -0.012906 -0.0138178 -0.0117841 -0.00880336 -0.00722922 -0.00758905 -0.00814542 -0.0069973 -0.00434908 -0.0024154 -0.00311942 -0.00606921 -0.00886987 -0.00924853 -0.0067096 -0.00227256 0.00291725 0.00821511 0.0128651 0.0155885 0.015278 0.0119336 0.00695395 0.00273139 0.00128877 0.00238975 0.00337793 0.00161644 
0.0154022 0.0104512 0.00456759 -0.000152235 -0.00270951 -0.00374266 -0.00461253 -0.00582674 -0.00640459 -0.00515527 -0.00258671 -0.00096389 -0.00212457 -0.0055171 -0.0086387 -0.00923443 -0.00689544 -0.00267974 0.0023655 0.00786317 0.0134274 0.0180056 0.0202655 0.0195441 0.0165911 0.0135868 0.0127981 0.0145657 0.0169884 0.0176894 
0.0295167 0.0252711 0.0182119 0.0107049 0.00452966 0.000152491 -0.00271819 -0.00432375 -0.0043439 -0.00244203 0.000415058 0.00191366 0.000356981 -0.00358005 -0.00739508 -0.00890151 -0.00767698 -0.00461297 -0.000505275 0.00455146 0.0105079 0.0165714 0.0212612 0.0232822 0.0226934 0.0213309 0.0214919 0.0239092 0.0273785 0.0298967 
0.035647 0.0326628 0.0260196 0.0178379 0.0100422 0.00376982 -0.000360518 -0.00216676 -0.00167556 0.000811994 0.00395942 0.00544102 0.00365951 -0.000711805 -0.00528003 -0.00794421 -0.00821344 -0.00675325 -0.00411342 -0.00019512 0.0051896 0.0115192 0.0173489 0.0210466 0.0222014 0.0222942 0.0234412 0.0264954 0.0307127 0.0344707 
0.0336137 0.0324615 0.0277749 0.0210283 0.0137696 0.00732091 0.00281643 0.000820536 0.00131307 0.0037923 0.00682889 0.00817496 0.00628824 0.00174581 -0.00323241 -0.00665627 -0.00800874 -0.00782869 -0.00656662 -0.00409174 -9.95365e-05 0.00517213 0.0105289 0.014346 0.0160144 0.0167373 0.0184015 0.0218527 0.0265549 0.0311214 
0.0262583 0.0269314 0.0247771 0.0205273 0.0151064 0.00964854 0.00540987 0.00321799 0.00328926 0.00525981 0.00784144 0.00895786 0.00712665 0.00280467 -0.00198737 -0.00541137 -0.00700969 -0.00733683 -0.00691345 -0.00573494 -0.00349567 -0.000160263 0.00347916 0.00606892 0.00704806 0.00749985 0.00915479 0.0127836 0.0178002 0.0228285 
0.0169945 0.0189081 0.0188263 0.016887 0.0134112 0.0092063 0.0054739 0.00323706 0.00298019 0.00452233 0.0067584 0.00783727 0.00637662 0.00271201 -0.0013698 -0.00422201 -0.00547996 -0.00575765 -0.00570273 -0.00550408 -0.00494213 -0.00377566 -0.00236447 -0.00165866 -0.00200336 -0.0022895 -0.000881905 0.00282724 0.00800915 0.0131562 
0.00795185 0.0104291 0.0115064 0.0109997 0.0088655 0.00566249 0.00252381 0.000604815 0.000535879 0.00217063 0.00449966 0.00591302 0.00518003 0.00250521 -0.000631344 -0.00282181 -0.00375629 -0.00400769 -0.00424336 -0.0047855 -0.00553972 -0.00618252 -0.00674226 -0.00777837 -0.00939503 -0.0104516 -0.00942724 -0.00588789 -0.000850568 0.00410777 
-6.00886e-05 0.00255888 0.00401377 0.00408191 0.00269646 0.000325908 -0.00200668 -0.00316885 -0.002543 -0.000352685 0.00241962 0.00440063 0.0045598 0.0029749 0.000739442 -0.00104037 -0.00204998 -0.00265566 -0.00336145 -0.00450064 -0.00610246 -0.00788832 -0.00970976 -0.0118252 -0.0141902 -0.0158037 -0.01539 -0.0125818 -0.00823942 -0.00374888 
-0.00687167 -0.00433493 -0.00290323 -0.0026807 -0.00352531 -0.00494876 -0.00614105 -0.00621239 -0.00467878 -0.00181744 0.00143912 0.00393788 0.00487021 0.00422405 0.00268809 0.00103341 -0.000387687 -0.00163394 -0.00293316 -0.00454267 -0.00658829 -0.00890554 -0.0112844 -0.0137567 -0.0162253 -0.0180521 -0.0184163 -0.0169316 -0.0139158 -0.0102521 
-0.0123958 -0.0101324 -0.00880901 -0.00844049 -0.0086788 -0.00898131 -0.00880089 -0.00764946 -0.00525797 -0.00187841 0.00168671 0.00448753 0.005916 0.00591709 0.0048476 0.00318359 0.00130919 -0.00055774 -0.0023876 -0.00433599 -0.00657764 -0.00906947 -0.0116104 -0.0140496 -0.016239 -0.0179655 -0.0189981 -0.0189958 -0.0176438 -0.0151715 
-0.0163326 -0.0145078 -0.013276 -0.0126619 -0.012254 -0.0114779 -0.00999874 -0.00773135 -0.00465211 -0.000962901 0.00270937 0.00560355 0.00726822 0.00763725 0.00685841 0.00521049 0.00307941 0.000834076 -0.00134547 -0.00352692 -0.00588419 -0.00847815 -0.0111694 -0.0136556 -0.0156365 -0.0171363 -0.018444 -0.019445 -0.0194851 -0.0182642 
-0.0184069 -0.017044 -0.0158894 -0.0150187 -0.0140802 -0.0125293 -0.0101502 -0.00710318 -0.00355193 0.000302874 0.00395914 0.0068143 0.00854064 0.00908278 0.00849484 0.00696302 0.00484719 0.00252916 0.000210312 -0.00213481 -0.00465957 -0.00750367 -0.0105984 -0.0134933 -0.0156108 -0.0169241 -0.0180297 -0.0192009 -0.0198881 -0.0195531 
-0.0189089 -0.0178333 -0.0166764 -0.0155695 -0.0142783 -0.0123486 -0.00959489 -0.00620494 -0.00241209 0.00151567 0.00509613 0.00783902 0.00952253 0.010119 0.0096671 0.00833903 0.0064602 0.00433139 0.00207021 -0.000371262 -0.00314017 -0.00641946 -0.0101606 -0.0137473 -0.0162811 -0.0175119 -0.0181431 -0.0188679 -0.0195241 -0.0195736 
-0.0186447 -0.017662 -0.0163935 -0.0150392 -0.0135017 -0.0114415 -0.00864886 -0.00520981 -0.00136169 0.00252705 0.00595451 0.00852926 0.0101172 0.0107093 0.0103571 0.00926114 0.00772226 0.00592913 0.00386762 0.00142296 -0.00156297 -0.00527495 -0.00962429 -0.0138497 -0.0168201 -0.0180709 -0.0182937 -0.0184905 -0.0189016 -0.0190747 
-0.0180618 -0.0172735 -0.0159976 -0.0144666 -0.0127044 -0.0104926 -0.00762224 -0.00413206 -0.000318573 0.00336551 0.00648545 0.00880766 0.0102679 0.0108314 0.0105423 0.00963306 0.00839533 0.00692815 0.00510307 0.00273807 -0.000330733 -0.00424673 -0.0088486 -0.0133075 -0.0164332 -0.0176698 -0.0176541 -0.0175338 -0.0178293 -0.0181877 
-0.0165442 -0.0164091 -0.015583 -0.0141905 -0.0123004 -0.0098118 -0.00661343 -0.00287433 0.000917071 0.00424683 0.00687189 0.0088052 0.010059 0.0105407 0.0102508 0.0094251 0.00834776 0.0070704 0.00540212 0.00312188 8.44918e-05 -0.00376417 -0.0081622 -0.0122794 -0.0150272 -0.015915 -0.0155578 -0.0151429 -0.015376 -0.0160542 
-0.0130963 -0.0140498 -0.014239 -0.0135148 -0.0118509 -0.00918783 -0.00555487 -0.00139045 0.00249703 0.00548344 0.00752688 0.00892163 0.00980807 0.0100794 0.00969049 0.00884083 0.0077792 0.00652585 0.00486644 0.00257526 -0.00043641 -0.00408209 -0.00796022 -0.0112523 -0.0130592 -0.0130878 -0.0120065 -0.0110029 -0.0109293 -0.0118232 
-0.00801206 -0.0100208 -0.0114283 -0.011786 -0.0108485 -0.00841443 -0.00452676 0.000121047 0.00432106 0.00719431 0.00875418 0.00952859 0.00986389 0.00975291 0.00915749 0.00822269 0.00711748 0.00579522 0.00401219 0.001569 -0.00151281 -0.0049604 -0.00821661 -0.0104848 -0.0110892 -0.00999283 -0.00795089 -0.00610915 -0.00541358 -0.00618786 
-0.00329402 -0.00591812 -0.00819452 -0.0095529 -0.00955346 -0.00769326 -0.00380794 0.0013005 0.0060284 0.00910238 0.0104036 0.0105998 0.0102882 0.00966461 0.00877534 0.00773932 0.00662379 0.00525645 0.0033206 0.000658988 -0.00254553 -0.00581159 -0.00846209 -0.00977622 -0.0093176 -0.00728517 -0.00449474 -0.00199901 -0.000744554 -0.00126034 
-0.000869149 -0.0038704 -0.00650916 -0.00831985 -0.00889015 -0.00749952 -0.00368977 0.00180016 0.0071062 0.0105722 0.0118516 0.0116513 0.0107809 0.00965626 0.00845377 0.00732026 0.00625047 0.00493045 0.00294009 0.000160635 -0.00305363 -0.0060353 -0.00805307 -0.00851814 -0.00722567 -0.00457698 -0.00146909 0.00110231 0.00227288 0.00152287 
-0.000905048 -0.00475157 -0.00769254 -0.00941889 -0.0098475 -0.008415 -0.00454772 0.00118266 0.00690373 0.0107675 0.0122266 0.0119405 0.0108232 0.00943044 0.00803775 0.00684443 0.00583579 0.00461821 0.00270222 1.1312e-05 -0.00295831 -0.00541661 -0.00663897 -0.00617044 -0.0039898 -0.000715169 0.00251809 0.00459175 0.00474353 0.00271189 
-0.00243672 -0.00811794 -0.011904 -0.0134645 -0.0132197 -0.0111905 -0.00702266 -0.00114008 0.0048013 0.00900023 0.0108069 0.0107967 0.00988392 0.00864046 0.00733654 0.006187 0.00521933 0.0040629 0.00224844 -0.000218403 -0.00271735 -0.00439783 -0.00459309 -0.00296049 0.000397864 0.00461219 0.00811282 0.00943499 0.00786449 0.00353343 
-0.00483983 -0.0131361 -0.0184863 -0.0202662 -0.0192927 -0.0163331 -0.0115423 -0.00537266 0.000768333 0.00527128 0.00751088 0.00802704 0.00769928 0.0070149 0.00611595 0.00515391 0.0042092 0.00301225 0.00119859 -0.00108597 -0.00306937 -0.00385337 -0.00288086 3.50267e-05 0.00467791 0.00995932 0.0138607 0.0144886 0.0110803 0.00409484 
-0.00766974 -0.0184367 -0.0256031 -0.0280645 -0.0266876 -0.0227839 -0.017133 -0.0104748 -0.00411316 0.00057632 0.00312719 0.00415 0.00451464 0.00457833 0.00426962 0.00359754 0.00266866 0.00133617 -0.00063327 -0.00292921 -0.00457129 -0.00455567 -0.00247713 0.00154916 0.00711458 0.0130592 0.017202 0.0173882 0.0127192 0.00373752 
-0.00971539 -0.0215653 -0.0298377 -0.0329979 -0.0316389 -0.0272236 -0.0210143 -0.0141348 -0.00790015 -0.00345151 -0.00101512 0.000165564 0.000989127 0.00169161 0.0019623 0.00161364 0.000730306 -0.000748888 -0.00298503 -0.00555193 -0.00720442 -0.00670201 -0.00378378 0.000940005 0.00672027 0.0125254 0.0165001 0.0166081 0.0118139 0.00245283 
-0.00955468 -0.0200695 -0.027696 -0.0308544 -0.029846 -0.0259085 -0.0203133 -0.0142571 -0.00898506 -0.00545941 -0.00374899 -0.00298936 -0.00221317 -0.00122253 -0.000519133 -0.000508233 -0.00119252 -0.00264601 -0.00510084 -0.00813271 -0.0101913 -0.00962391 -0.00622831 -0.00125016 0.00404355 0.00885833 0.0121091 0.0123518 0.00860949 0.000884467 
-0.007131 -0.0135303 -0.018178 -0.0201393 -0.0197394 -0.0176827 -0.0144759 -0.0106882 -0.00725557 -0.00514012 -0.00457026 -0.00476186 -0.00463329 -0.00384062 -0.00292578 -0.00248609 -0.00269296 -0.0037739 -0.00619696 -0.00966376 -0.0123233 -0.0120062 -0.00846875 -0.00360765 0.000675163 0.00377837 0.00559411 0.00569483 0.00357934 -0.000894913 
-0.00394038 -0.00387857 -0.00342238 -0.00303332 -0.00347366 -0.00466288 -0.00552542 -0.00520592 -0.00405105 -0.00326978 -0.00370615 -0.00497584 -0.00589602 -0.00575917 -0.00491001 -0.00404175 -0.0035499 -0.00392467 -0.00595007 -0.00951375 -0.0125659 -0.0125464 -0.00919493 -0.00495023 -0.00226747 -0.00159605 -0.00205717 -0.00279715 -0.00338372 -0.00373878 
-0.00111646 0.00660042 0.0132527 0.0165744 0.0151233 0.00986183 0.00390121 6.56267e-05 -0.00111787 -0.0012064 -0.00201186 -0.00391393 -0.00580289 -0.00652649 -0.00600768 -0.00485992 -0.00365969 -0.00316244 -0.00442566 -0.00752229 -0.0104097 -0.0104898 -0.00767034 -0.004772 -0.00451154 -0.0070504 -0.0105179 -0.0126854 -0.0119577 -0.00784536 
0.00180036 0.016535 0.0288257 0.0348096 0.0323536 0.0230526 0.0118517 0.00365303 0.000153598 -0.00036915 -0.000764776 -0.00245742 -0.00473539 -0.00615062 -0.00609494 -0.00487867 -0.00309926 -0.00169089 -0.00190952 -0.00401862 -0.0061854 -0.00608351 -0.00394103 -0.00283306 -0.00547411 -0.0115485 -0.018157 -0.0217657 -0.0197517 -0.0113823 
0.00479837 0.0238286 0.0396233 0.0473971 0.0443525 0.032051 0.0164805 0.00434039 -0.00126382 -0.00187446 -0.00121242 -0.00184002 -0.00373637 -0.00542281 -0.00577814 -0.00461226 -0.00234256 3.27428e-06 0.000967542 4.24668e-05 -0.00121051 -0.000716779 0.00108344 0.00093022 -0.00392499 -0.012772 -0.0218139 -0.0264941 -0.0235841 -0.0124218 
0.0054905 0.0248842 0.0414024 0.0500589 0.0473397 0.0339562 0.0159228 0.00117139 -0.00578237 -0.00604302 -0.00394073 -0.00302482 -0.00400788 -0.00555713 -0.00614028 -0.00499274 -0.00221843 0.00110673 0.0032652 0.0034458 0.00302886 0.00413517 0.00642719 0.00648401 0.00119148 -0.00881052 -0.0192694 -0.02506 -0.0227481 -0.0117932 
0.00190438 0.0182786 0.0331613 0.0418911 0.0403547 0.0279806 0.00997187 -0.00532579 -0.0124082 -0.0119138 -0.00845959 -0.00616788 -0.00621069 -0.00740258 -0.00797083 -0.00670467 -0.00339817 0.00087924 0.00418999 0.00546342 0.00602545 0.00827156 0.012175 0.0141374 0.0103172 0.000664991 -0.0107349 -0.0185641 -0.0191665 -0.0117373 
-0.00385319 0.00810745 0.0200475 0.0278867 0.0274066 0.0170972 0.00105361 -0.0128574 -0.0189655 -0.0176541 -0.0134728 -0.0105404 -0.0100276 -0.010786 -0.0110434 -0.00947556 -0.00571079 -0.000702681 0.00362834 0.00615746 0.00822898 0.0124569 0.0190476 0.0241752 0.0230867 0.0145664 0.00200601 -0.00913977 -0.014473 -0.0123324 
-0.00713814 0.00131705 0.0104142 0.0164148 0.015535 0.00635494 -0.0075731 -0.0193012 -0.0238763 -0.0218943 -0.0176872 -0.0149123 -0.0142968 -0.0145698 -0.0141981 -0.0121612 -0.00814237 -0.00284335 0.00217509 0.00601083 0.0100535 0.0169391 0.0268848 0.0357512 0.0378472 0.0306279 0.0165972 0.00153203 -0.00881643 -0.0114871 
-0.00509577 0.00233429 0.0100436 0.0137884 0.0103328 -0.000431387 -0.0141374 -0.0243313 -0.0272868 -0.0244831 -0.0203592 -0.0180714 -0.0176512 -0.0174929 -0.0163704 -0.0138479 -0.00984827 -0.00474664 0.000477215 0.00531155 0.0112215 0.0207867 0.0340775 0.0464929 0.0514549 0.0453547 0.0300472 0.0117456 -0.00233305 -0.00783679 
0.00220034 0.0113649 0.0196102 0.0212476 0.0134032 -0.00183372 -0.0179174 -0.0280012 -0.0295781 -0.0255511 -0.0210652 -0.0191507 -0.0191793 -0.0189956 -0.0174785 -0.0147387 -0.0109972 -0.00637203 -0.00134461 0.0038951 0.0109261 0.0223933 0.0382167 0.0532004 0.0600491 0.0547564 0.0390847 0.0195056 0.00409685 -0.00169332 
0.0136768 0.0263869 0.0363415 0.0361576 0.0233751 0.00255823 -0.0171977 -0.0282965 -0.0292024 -0.0241899 -0.0193105 -0.0178408 -0.0187667 -0.019325 -0.0181813 -0.0156987 -0.0123339 -0.00815122 -0.00349027 0.00149539 0.00848527 0.0204134 0.0372708 0.0534061 0.0611431 0.0567406 0.0422904 0.0240857 0.01014 0.00649841 
0.0281563 0.0447091 0.0562808 0.0544491 0.0376181 0.0125081 -0.0101078 -0.0225026 -0.0239406 -0.0193535 -0.0151228 -0.0147397 -0.0171267 -0.0191091 -0.0189962 -0.017133 -0.0141313 -0.0102102 -0.00593526 -0.00174053 0.00403903 0.0147853 0.0310052 0.0471645 0.0556157 0.0529934 0.0415493 0.0269516 0.0165869 0.0167183 
0.0432391 0.0625617 0.0745713 0.070994 0.0516669 0.0247688 0.00129412 -0.0119565 -0.0149925 -0.0124956 -0.0102357 -0.0115653 -0.0155691 -0.0190048 -0.0199382 -0.0186375 -0.015864 -0.0120924 -0.00821972 -0.00505665 -0.00110602 0.00739826 0.0218486 0.0375295 0.0471293 0.0472314 0.0396949 0.0294637 0.0233995 0.0277798 
0.0552671 0.0752825 0.0855899 0.0794465 0.0586784 0.0322127 0.00998211 -0.00302003 -0.00762394 -0.00771735 -0.00776016 -0.0105936 -0.0155686 -0.0196813 -0.0209521 -0.0196538 -0.0167766 -0.0130693 -0.00959182 -0.0073025 -0.00490283 0.00146181 0.0139482 0.0288936 0.0394252 0.0417687 0.0372569 0.0305723 0.02847 0.0368415 
0.0626228 0.0806746 0.0863227 0.0757821 0.0535525 0.0289269 0.00992227 -0.000984782 -0.00584979 -0.00780032 -0.00962994 -0.0132475 -0.0181703 -0.0218159 -0.0223506 -0.0201703 -0.0166026 -0.0126929 -0.00944468 -0.00758424 -0.00585042 -0.000622396 0.0104346 0.0243092 0.034506 0.0371224 0.0335726 0.0290806 0.0305194 0.0425771 
0.0689057 0.0825526 0.080537 0.063286 0.0388153 0.0168145 0.00285761 -0.00383805 -0.00733793 -0.0104827 -0.0141766 -0.018695 -0.0232287 -0.0256496 -0.0245549 -0.0206821 -0.01579 -0.0112307 -0.00785311 -0.00593169 -0.00405613 0.00103664 0.0113755 0.024115 0.0330369 0.0344548 0.0305069 0.0275608 0.0326104 0.0483375 
0.081119 0.0889778 0.0772764 0.0514261 0.0237613 0.00467359 -0.00298762 -0.00393443 -0.00509863 -0.00969708 -0.016661 -0.0237554 -0.0289391 -0.0303354 -0.027362 -0.0214897 -0.0150004 -0.00947437 -0.00558658 -0.00322281 -0.000832479 0.00457189 0.0147813 0.0271247 0.0356056 0.0366015 0.0328427 0.0318942 0.0409536 0.0605117 
0.105601 0.107287 0.0849777 0.0492058 0.0171364 0.000335821 -0.000971747 0.00429474 0.0057557 -0.000886083 -0.012874 -0.0248931 -0.0326843 -0.0341419 -0.0297755 -0.0222417 -0.0144628 -0.00809128 -0.00355793 -0.000527626 0.00252395 0.00844639 0.019209 0.0326838 0.043072 0.046299 0.0449965 0.0475283 0.0613336 0.084981 
0.146538 0.14195 0.108495 0.0614765 0.0229106 0.00609394 0.00932242 0.0198649 0.0237601 0.0149763 -0.00275633 -0.0211387 -0.0331221 -0.0358378 -0.0308956 -0.0224199 -0.0140556 -0.00736303 -0.00239695 0.00134463 0.00527525 0.0122066 0.0245175 0.0407634 0.0553201 0.0635359 0.0676898 0.0764661 0.0969826 0.125666 
0.20372 0.193174 0.148561 0.0893409 0.041728 0.0211223 0.0251238 0.038334 0.0436121 0.0327807 0.00972529 -0.014883 -0.031309 -0.0357486 -0.030817 -0.0220968 -0.013863 -0.00743732 -0.00242239 0.0018917 0.00690243 0.0154399 0.0301194 0.0498627 0.0692496 0.0837185 0.0959186 0.114666 0.145538 0.181622 
0.266763 0.252097 0.198496 0.128537 0.0711692 0.0437321 0.0444513 0.056867 0.0615525 0.0482303 0.020473 -0.0093264 -0.0293413 -0.0351702 -0.0304392 -0.0219538 -0.0143333 -0.00854415 -0.00380718 0.00077978 0.00673757 0.0169174 0.0337803 0.0561334 0.0789041 0.0986687 0.119618 0.150853 0.195342 0.241546 
0.313775 0.298604 0.241653 0.166677 0.103086 0.0693312 0.0651434 0.0745052 0.0768583 0.0603753 0.0283452 -0.00555241 -0.0281132 -0.0348645 -0.0304518 -0.0225526 -0.0158208 -0.0108348 -0.00659936 -0.00210993 0.004337 0.0155337 0.0333714 0.0561344 0.0792689 0.101266 0.128576 0.170735 0.227938 0.28412 
