0.366408 0.344862 0.27613 0.193895 0.128579 0.0914847 0.0745077 0.0620903 0.0439068 0.0192974 -0.0057385 -0.0239204 -0.0312535 -0.0291064 -0.0227039 -0.0171211 -0.0141374 -0.0122561 -0.0088011 -0.00177687 0.00890732 0.0207373 0.0299686 0.0352898 0.0407739 0.055839 0.0923576 0.158021 0.245644 0.327213 
0.355023 0.337354 0.273893 0.195102 0.130251 0.0922934 0.0752375 0.0640883 0.0477376 0.0246609 0.000549064 -0.0173501 -0.0251871 -0.0244631 -0.0201873 -0.0168869 -0.015834 -0.0153474 -0.0128036 -0.00624016 0.00456638 0.0172904 0.0279851 0.0344279 0.0396743 0.0530484 0.0872009 0.150402 0.235536 0.315263 
0.299766 0.286522 0.233836 0.165932 0.108378 0.074714 0.0612218 0.0541858 0.0424706 0.0239356 0.0034635 -0.0123685 -0.0198887 -0.0202402 -0.0177455 -0.0161952 -0.0163942 -0.0166521 -0.014671 -0.00881104 0.0012216 0.0136711 0.0249989 0.0322529 0.0367133 0.0461869 0.0728659 0.125219 0.197229 0.265113 
0.226063 0.214451 0.17211 0.11745 0.0715249 0.0467252 0.0401924 0.0392104 0.0331571 0.0198331 0.00348531 -0.00997579 -0.0169263 -0.0179426 -0.0165558 -0.0158696 -0.0163678 -0.0165112 -0.0144662 -0.009055 -7.41916e-06 0.0115999 0.0229893 0.0308204 0.0345056 0.039644 0.0571121 0.0952408 0.149565 0.20076 
0.155914 0.142845 0.108061 0.0662526 0.034104 0.0210994 0.0234279 0.0287023 0.0270875 0.0170127 0.0028986 -0.00940549 -0.0161852 -0.0176716 -0.0168762 -0.0163901 -0.0165027 -0.015919 -0.0132603 -0.00773233 0.000885752 0.011996 0.0234456 0.0317296 0.0348339 0.0362872 0.0453369 0.0699079 0.107065 0.141521 
0.100627 0.0851984 0.0563657 0.0266479 0.00854687 0.00763398 0.0182572 0.0281387 0.0284132 0.0186443 0.00420534 -0.00855078 -0.0158362 -0.0179199 -0.0176429 -0.0172503 -0.0168814 -0.0154675 -0.011975 -0.00581473 0.00316863 0.0144233 0.025949 0.0342728 0.0368435 0.0358448 0.038815 0.0527522 0.0758243 0.0961265 
0.0643469 0.0480223 0.0250408 0.00617333 6.3469e-05 0.00852364 0.0243995 0.0360054 0.0357714 0.0245242 0.00857257 -0.00540884 -0.0137647 -0.0168772 -0.0174521 -0.0174831 -0.0170174 -0.0151387 -0.0109885 -0.00402401 0.00575436 0.017337 0.0284125 0.0358973 0.0378663 0.036109 0.0363345 0.0437307 0.0568463 0.0667947 
0.0474339 0.0326149 0.0153315 0.00455259 0.00599812 0.0189465 0.0358001 0.04623 0.0442914 0.0317571 0.0149843 9.81073e-05 -0.00961183 -0.0142806 -0.016133 -0.0169314 -0.0167811 -0.0148872 -0.0104074 -0.00277941 0.00768633 0.0192134 0.029056 0.0349599 0.0365213 0.0358333 0.0366733 0.0416565 0.0490883 0.0529476 
0.0455123 0.0340424 0.0214301 0.0147862 0.0183048 0.0305848 0.0448679 0.0526386 0.0493651 0.0369819 0.0208376 0.00579422 -0.00524544 -0.0117289 -0.0150085 -0.0165759 -0.016748 -0.0149016 -0.010179 -0.00209154 0.00860218 0.0194667 0.027681 0.032108 0.0339442 0.0356332 0.0390874 0.0443142 0.0492819 0.0506813 
0.0494642 0.0422047 0.0330115 0.0270251 0.0281708 0.0362265 0.046435 0.0520234 0.048951 0.0382606 0.0237386 0.00904384 -0.00304675 -0.0111193 -0.0155283 -0.0174349 -0.0174336 -0.0151936 -0.00999685 -0.0016446 0.00864222 0.018283 0.025052 0.0289111 0.0318801 0.0361495 0.0420378 0.0477499 0.0514403 0.0523326 
0.0498254 0.0471291 0.0408774 0.0340736 0.0310092 0.0337339 0.0401517 0.0449852 0.0437577 0.0357715 0.0231804 0.00897822 -0.00380325 -0.0129205 -0.0178388 -0.0194009 -0.0185213 -0.0153145 -0.00942145 -0.00109497 0.00813695 0.0161611 0.0219019 0.0261091 0.030524 0.0363092 0.0426199 0.0471051 0.0489478 0.0497223 
0.0413984 0.0433584 0.0405737 0.0338931 0.0277389 0.0262235 0.0298587 0.0349073 0.0363353 0.0314607 0.0208394 0.00715157 -0.0060493 -0.0157059 -0.0205435 -0.0212113 -0.0190347 -0.0146692 -0.00818236 -0.000229782 0.00756775 0.0138459 0.0187295 0.0233323 0.0284206 0.0337741 0.0378978 0.0390092 0.0379874 0.038398 
0.0243113 0.0302561 0.0316451 0.027463 0.0212882 0.0179742 0.0199925 0.0254394 0.0294094 0.0276598 0.0191788 0.00622503 -0.00715851 -0.0170992 -0.0216575 -0.0214048 -0.018133 -0.0130049 -0.00636925 0.000952057 0.00737044 0.01204 0.0157976 0.0197927 0.0238683 0.0267367 0.0268034 0.0234914 0.0193938 0.0192188 
0.00279112 0.0107939 0.0159876 0.0161151 0.0128897 0.0103566 0.0120063 0.0178437 0.0239146 0.0252231 0.019331 0.00769218 -0.00549799 -0.0156425 -0.0201354 -0.0194393 -0.0157389 -0.010587 -0.00440136 0.00210362 0.00739511 0.0106626 0.0127968 0.0148306 0.0162073 0.0153202 0.011049 0.00411401 -0.00198813 -0.00277996 
-0.0166542 -0.00912516 -0.00193066 0.00218309 0.00279098 0.00233531 0.00451734 0.0108569 0.0186876 0.0229563 0.0200744 0.0104015 -0.00208568 -0.0122482 -0.0168508 -0.0161658 -0.0126276 -0.00806599 -0.00283866 0.00261875 0.00683626 0.00872177 0.00885238 0.00817421 0.00624559 0.00182953 -0.00532023 -0.0135635 -0.0197543 -0.0209664 
-0.0277904 -0.0223773 -0.0153786 -0.00949126 -0.00669194 -0.00586783 -0.00340126 0.00316219 0.0122073 0.0189026 0.0188549 0.0113948 0.00011993 -0.00954069 -0.0139555 -0.0132635 -0.0100288 -0.00624309 -0.0021691 0.00206219 0.00506793 0.00546524 0.00355132 0.00036324 -0.00410349 -0.0103906 -0.0178983 -0.0247387 -0.0290948 -0.0301482 
-0.0274201 -0.0241732 -0.0188124 -0.0137442 -0.0115977 -0.0117742 -0.0105398 -0.0048767 0.00422337 0.0121479 0.0140741 0.00862909 -0.000995585 -0.00943015 -0.0130454 -0.0120086 -0.00889683 -0.0057011 -0.0025762 0.000583175 0.00249601 0.00159957 -0.0019584 -0.0068936 -0.0125692 -0.0187468 -0.0243032 -0.027722 -0.028808 -0.0286182 
-0.0166243 -0.0147284 -0.0116065 -0.00919525 -0.0100307 -0.013344 -0.0150019 -0.0115862 -0.00378323 0.00399404 0.00685743 0.00306873 -0.00465015 -0.0113776 -0.0138405 -0.012312 -0.00921724 -0.00635588 -0.00374805 -0.00113469 0.000300556 -0.0011379 -0.00550751 -0.0113379 -0.0172493 -0.0221495 -0.0246265 -0.0238012 -0.0208404 -0.0181706 
0.000163966 0.00133952 0.00200902 0.000961861 -0.00373788 -0.0108379 -0.0157986 -0.0150353 -0.00918222 -0.00242428 0.000615464 -0.00189168 -0.00777748 -0.0128729 -0.0144347 -0.0127657 -0.00994197 -0.00741249 -0.00503966 -0.00247166 -0.000783882 -0.00177514 -0.00587168 -0.0116987 -0.0172617 -0.020612 -0.020093 -0.0153735 -0.00848782 -0.00275223 
0.0173634 0.017991 0.0162637 0.0119021 0.00389029 -0.00599651 -0.0131136 -0.0141302 -0.00989604 -0.00432674 -0.00149145 -0.00307217 -0.00748806 -0.0114748 -0.0128246 -0.0117226 -0.00974401 -0.00791003 -0.00593505 -0.00340657 -0.00121175 -0.00109219 -0.00387139 -0.00861653 -0.0131687 -0.0150121 -0.0122781 -0.00490811 0.00476416 0.0130343 
0.0302408 0.0304019 0.0267806 0.0199891 0.0100679 -0.000766503 -0.00818245 -0.00954244 -0.00610407 -0.00145806 0.00107062 0.000108426 -0.0033093 -0.00679668 -0.00857875 -0.0086247 -0.00799659 -0.00733141 -0.00624058 -0.00424083 -0.00187887 -0.000550122 -0.00130078 -0.00389502 -0.0066531 -0.00707805 -0.00321877 0.00504702 0.01566 0.025094 
0.0359141 0.035851 0.0313097 0.0234351 0.0132202 0.00318817 -0.00297517 -0.00357112 -0.000261881 0.00376196 0.0059525 0.00530594 0.00246371 -0.000868013 -0.00322632 -0.00441142 -0.00512834 -0.0057615 -0.00586008 -0.00483571 -0.00278835 -0.000545687 0.000871717 0.000955344 0.000399102 0.00108755 0.00488357 0.0122467 0.0218166 0.0307528 
0.0339449 0.0339827 0.029689 0.0221965 0.0130819 0.00496724 0.000737841 0.00119838 0.00450107 0.007955 0.00969776 0.00908577 0.00659452 0.00351279 0.0010325 -0.000661492 -0.00214221 -0.00365268 -0.00467466 -0.00451832 -0.0029244 -0.000189483 0.00285821 0.00516598 0.00637559 0.00750238 0.0102125 0.0153834 0.0224481 0.0295045 
0.0264492 0.0269196 0.0238534 0.0179135 0.0107423 0.0047911 0.00219867 0.00319425 0.00609343 0.00880822 0.0100234 0.0093792 0.007332 0.00491418 0.00300614 0.00160161 0.000122435 -0.00155345 -0.00280359 -0.00290766 -0.00152019 0.00130113 0.00492347 0.0080959 0.00981602 0.0104511 0.0114964 0.0141258 0.0183265 0.0230252 
0.0167734 0.0179643 0.0166001 0.0127137 0.00758353 0.00327848 0.00143017 0.0021352 0.00416802 0.00607487 0.00694622 0.00656213 0.0053144 0.00397254 0.00307049 0.00238973 0.00137431 6.89531e-05 -0.000780354 -0.000518367 0.000994358 0.00356543 0.00661782 0.00901603 0.00973877 0.00902983 0.00835201 0.00897822 0.0110797 0.014032 
0.00739915 0.00931854 0.00943824 0.00735184 0.00383453 0.000497774 -0.00129156 -0.00127137 -0.000124967 0.00125035 0.00223188 0.00259231 0.00250318 0.00237974 0.00243713 0.00237675 0.00180502 0.000987077 0.000767553 0.00166467 0.00344548 0.00552256 0.0072158 0.00768992 0.00640266 0.00393033 0.00182416 0.00131247 0.00249113 0.00477641 
-0.00100729 0.00118747 0.00203196 0.00111224 -0.0011591 -0.00365822 -0.00527556 -0.00558984 -0.00483907 -0.00348579 -0.00195142 -0.000549789 0.000581565 0.00147107 0.00209773 0.00224453 0.0018101 0.00129176 0.00156474 0.00296787 0.00488707 0.00629825 0.00637672 0.00465712 0.00124504 -0.0028383 -0.00597097 -0.00701576 -0.00599996 -0.00370108 
-0.00875339 -0.00691601 -0.00608594 -0.00628807 -0.00726097 -0.00844088 -0.00918625 -0.00910597 -0.00811887 -0.00635396 -0.00410835 -0.00179261 0.000207978 0.0016401 0.00236414 0.0023326 0.00175491 0.00129453 0.00175917 0.00329374 0.00502078 0.00564254 0.00428656 0.000837907 -0.00409168 -0.00923992 -0.0130503 -0.0144611 -0.013528 -0.0112331 
-0.0158099 -0.0146084 -0.0140003 -0.0135253 -0.0129721 -0.0123601 -0.0116631 -0.010668 -0.00906692 -0.00674079 -0.00393549 -0.00113682 0.00116201 0.0026112 0.00308018 0.00269722 0.00188552 0.0013398 0.00169896 0.00293425 0.00409189 0.00386075 0.00146509 -0.00295573 -0.00857023 -0.0141654 -0.01839 -0.0202378 -0.0196773 -0.0177466 
-0.0214756 -0.0206645 -0.0199941 -0.0187401 -0.0167458 -0.0144528 -0.0123273 -0.0103581 -0.0081232 -0.00535241 -0.00227239 0.000593535 0.00274672 0.00387749 0.00395397 0.00324898 0.00226949 0.00160484 0.00165386 0.00225494 0.0025532 0.00145561 -0.00160691 -0.00635677 -0.0119827 -0.0175064 -0.0218689 -0.0241541 -0.0241885 -0.0228584 
-0.0249057 -0.0240347 -0.022972 -0.0210556 -0.0181946 -0.0149285 -0.0118804 -0.00918764 -0.00648383 -0.00347975 -0.000375154 0.00232836 0.0041714 0.00492038 0.00465573 0.00375016 0.00270614 0.00193551 0.00157489 0.001364 0.000648865 -0.00131252 -0.00482714 -0.00954646 -0.0147672 -0.0197731 -0.0238442 -0.0262748 -0.0267998 -0.0259982 
-0.0256623 -0.0244566 -0.0229416 -0.0207427 -0.0178145 -0.0144761 -0.0111549 -0.00805494 -0.00503827 -0.0019602 0.000994849 0.00341473 0.00492548 0.00536548 0.00488202 0.00388494 0.00282747 0.00194218 0.00113047 5.84265e-05 -0.00169862 -0.00449257 -0.00835562 -0.0128863 -0.0174638 -0.0215517 -0.0247633 -0.0267555 -0.0273315 -0.0267533 
-0.0239156 -0.0224269 -0.0206672 -0.0185952 -0.0162001 -0.013444 -0.0103677 -0.0071498 -0.00394422 -0.000874382 0.0018297 0.00387328 0.00502521 0.0052105 0.00459296 0.00354878 0.00245278 0.0013948 0.000105515 -0.00179359 -0.00451185 -0.00802525 -0.012098 -0.0162887 -0.0200396 -0.0229073 -0.0247665 -0.0257076 -0.0257938 -0.0251131 
-0.0202761 -0.0188486 -0.0171887 -0.0154738 -0.0137608 -0.0117761 -0.00922954 -0.00618697 -0.00297531 2.87126e-05 0.00247714 0.00413733 0.00492432 0.00486627 0.00412408 0.00299836 0.00177697 0.00046376 -0.00129778 -0.00390093 -0.00738049 -0.0113786 -0.0154009 -0.0189891 -0.0216971 -0.0231717 -0.0234608 -0.023034 -0.0223185 -0.0214181 
-0.0154643 -0.0146074 -0.0134247 -0.0121098 -0.0108411 -0.00940763 -0.00743731 -0.00483803 -0.00187282 0.000983019 0.00323803 0.00461543 0.0051016 0.00480845 0.00389708 0.00259919 0.00114608 -0.000470899 -0.00261357 -0.00567242 -0.00957353 -0.0137027 -0.0173352 -0.0200111 -0.0214552 -0.0214686 -0.0202436 -0.0185263 -0.0170867 -0.0161565 
-0.0103023 -0.0105344 -0.010184 -0.00926387 -0.00808234 -0.00675667 -0.00512786 -0.00300896 -0.000443317 0.00216595 0.00423881 0.00540947 0.00566354 0.00515086 0.00402757 0.00248284 0.000743215 -0.00114023 -0.00346942 -0.00662382 -0.0104985 -0.0143472 -0.0172972 -0.0188869 -0.0189899 -0.0175897 -0.0150609 -0.0123847 -0.0105968 -0.010052 
-0.00603103 -0.00777565 -0.00856749 -0.00809489 -0.00671048 -0.00494382 -0.00307262 -0.00102944 0.00128361 0.00360241 0.005386 0.00627411 0.00627414 0.00555002 0.00423078 0.0024659 0.000500774 -0.00151679 -0.00378736 -0.00666345 -0.0100688 -0.0132703 -0.0153868 -0.0159635 -0.0149134 -0.012336 -0.00883361 -0.00565759 -0.00404109 -0.00437834 
-0.00407576 -0.0076388 -0.0097914 -0.00979324 -0.00791749 -0.00507926 -0.00215007 0.000527673 0.0029677 0.00503337 0.00637633 0.00680999 0.0064572 0.00552004 0.00409154 0.00225815 0.000251881 -0.00170455 -0.00369864 -0.00602503 -0.00864914 -0.0109592 -0.0122125 -0.012002 -0.0101751 -0.00684496 -0.00285702 0.000235322 0.00108024 -0.000639774 
-0.00496253 -0.0104755 -0.0139797 -0.0142405 -0.0114266 -0.00689344 -0.00225141 0.00155224 0.00433435 0.00613912 0.00694516 0.00683045 0.00606815 0.00492746 0.00349426 0.00178494 -3.57347e-05 -0.00173135 -0.00329387 -0.0049275 -0.00660917 -0.00788638 -0.00825222 -0.00741178 -0.00513363 -0.0015183 0.00234417 0.00464818 0.00407436 0.000517959 
-0.00777304 -0.0150178 -0.0194755 -0.0194651 -0.0151816 -0.00858472 -0.00212556 0.00265371 0.0055051 0.00684263 0.00707542 0.00649445 0.00541157 0.00411958 0.00273296 0.00123858 -0.000271578 -0.00158405 -0.00261632 -0.00346299 -0.00407741 -0.00416179 -0.00348614 -0.00194261 0.000675612 0.00418646 0.00726715 0.00803124 0.00543814 -0.000248842 
-0.0113028 -0.0196416 -0.0243195 -0.0234306 -0.0173704 -0.00878447 -0.000931367 0.00420227 0.00653687 0.00707276 0.006723 0.00588174 0.00470706 0.00338357 0.00204018 0.000695854 -0.000560909 -0.00150057 -0.0019536 -0.00189869 -0.00125947 0.000109029 0.0021409 0.00465957 0.00765258 0.0107077 0.0123471 0.0108765 0.00580784 -0.00207558 
-0.0154639 -0.0241647 -0.028386 -0.0262975 -0.0185441 -0.00832611 0.000441211 0.00544933 0.0068942 0.0064443 0.00554663 0.00465283 0.00364647 0.00246569 0.00118231 -0.000124405 -0.00127906 -0.00194668 -0.00182552 -0.000781761 0.00126792 0.00431214 0.007984 0.0117212 0.015095 0.0173669 0.0170465 0.0128688 0.00505482 -0.0049795 
-0.0207205 -0.0294221 -0.032988 -0.0298378 -0.0207425 -0.00921381 0.000322482 0.00524262 0.00594009 0.004655 0.00333193 0.00252019 0.0018544 0.000974045 -0.000180663 -0.00149086 -0.00265113 -0.00315529 -0.00253707 -0.000576065 0.00278246 0.00739624 0.0126568 0.0176028 0.0213068 0.0226958 0.0203543 0.013471 0.00291596 -0.00921624 
-0.0264022 -0.0350175 -0.0381078 -0.0343167 -0.0243532 -0.0118325 -0.00157479 0.00347603 0.00379117 0.00200702 0.00046094 -0.000167148 -0.000409529 -0.000903953 -0.00187483 -0.00319345 -0.00442612 -0.00487946 -0.00393218 -0.00134249 0.00286235 0.00847709 0.0148251 0.0206903 0.0247004 0.0254572 0.0215829 0.0125718 -0.000237872 -0.0141221 
-0.0303111 -0.0382691 -0.0408148 -0.0367276 -0.0265162 -0.0137196 -0.003341 0.00150108 0.00135519 -0.000849181 -0.00248454 -0.00279016 -0.00248792 -0.00252117 -0.00330232 -0.00469444 -0.00611894 -0.00667523 -0.00560765 -0.00275151 0.00168682 0.00750151 0.0141886 0.0205135 0.0247355 0.025104 0.0202689 0.0100338 -0.00386624 -0.0182715 
-0.0296466 -0.0354064 -0.0367447 -0.032558 -0.0230112 -0.0112658 -0.00213497 0.00133282 -0.000161187 -0.00336267 -0.00532284 -0.00524912 -0.00420519 -0.00361177 -0.00416831 -0.00572877 -0.00750293 -0.00831271 -0.00726445 -0.00436799 -0.000131159 0.00524884 0.0116197 0.0178963 0.0219754 0.0217506 0.0161343 0.00562281 -0.00752042 -0.0200726 
-0.0222439 -0.0238571 -0.0232074 -0.0193266 -0.0117241 -0.00265322 0.00369894 0.00446248 0.000406889 -0.0048644 -0.00790402 -0.00777254 -0.00595903 -0.0045717 -0.00478137 -0.00649206 -0.00865495 -0.00976429 -0.0088019 -0.00600385 -0.0022131 0.00239597 0.00807382 0.0139087 0.0174128 0.0162194 0.00989548 0.000147082 -0.0100631 -0.0178927 
-0.00807848 -0.00439598 -0.00157935 0.00116985 0.00541198 0.0104329 0.0130866 0.0106352 0.00356673 -0.00443059 -0.0093666 -0.00991031 -0.00777009 -0.00570788 -0.00546674 -0.00711974 -0.00945588 -0.0107607 -0.00999904 -0.00760148 -0.00457855 -0.000959097 0.00389524 0.00921352 0.0121889 0.0103239 0.00397016 -0.00385275 -0.00949198 -0.010704 
0.00965875 0.0181491 0.0225942 0.0234357 0.0233688 0.0235716 0.0223684 0.0173037 0.00822343 -0.0017664 -0.00858964 -0.0104492 -0.0088131 -0.00663919 -0.00604319 -0.00734203 -0.00942159 -0.0106793 -0.0102463 -0.00863051 -0.00670621 -0.0041796 -5.34902e-05 0.00507002 0.00826763 0.00695494 0.00186442 -0.00324958 -0.00428736 0.000635405 
0.0251638 0.0364304 0.0417493 0.0407811 0.0366708 0.0321872 0.0274938 0.0209977 0.0119141 0.00199868 -0.00551495 -0.00868679 -0.00831448 -0.00682894 -0.00621902 -0.00697374 -0.00834104 -0.00916978 -0.00889592 -0.00797191 -0.00694286 -0.00517575 -0.00140072 0.00404836 0.00840234 0.00893354 0.00603334 0.00325128 0.00479509 0.0127723 
0.032633 0.044032 0.0497122 0.0481045 0.0416524 0.0338191 0.0265989 0.0198792 0.0126582 0.00499355 -0.00155936 -0.00546336 -0.00668101 -0.00651461 -0.00629666 -0.0064976 -0.00681752 -0.00669484 -0.00589044 -0.00477127 -0.00365403 -0.00180713 0.00215907 0.00829776 0.0142166 0.0169331 0.015866 0.0136313 0.014364 0.0210198 
0.0298011 0.0393889 0.0452265 0.0443274 0.037705 0.0286856 0.0205609 0.0147012 0.0102841 0.00593611 0.00135895 -0.00265726 -0.00533922 -0.00667106 -0.00706786 -0.00679223 -0.00587005 -0.00422733 -0.00191618 0.000647058 0.00306088 0.00583097 0.0103454 0.0171586 0.0243774 0.0286213 0.0279568 0.0238209 0.0204452 0.0221586 
0.0196547 0.0272437 0.0333683 0.0336437 0.0278657 0.0191669 0.011547 0.00726959 0.00571679 0.00458772 0.00213767 -0.00157077 -0.00526168 -0.00783227 -0.0088576 -0.00826542 -0.00612812 -0.00261715 0.00193258 0.0068222 0.0112628 0.0153311 0.0203676 0.0274995 0.0353853 0.0401417 0.0383497 0.0304272 0.0211635 0.0166565 
0.00841508 0.0157963 0.0229199 0.0238896 0.0180082 0.00897435 0.00157828 -0.00138425 -0.000501555 0.00122127 0.00094205 -0.00192282 -0.0058971 -0.00922941 -0.0109052 -0.0104224 -0.00754647 -0.00237693 0.00451474 0.0119831 0.0186918 0.0241975 0.0296834 0.036721 0.0444773 0.0486559 0.0446163 0.032241 0.0173796 0.00803227 
0.00170986 0.0118325 0.0212324 0.0221413 0.0138961 0.0017633 -0.00780181 -0.0110356 -0.00846442 -0.0039356 -0.00151863 -0.00263721 -0.00598119 -0.00956432 -0.0120136 -0.0123288 -0.0096622 -0.00369872 0.00495675 0.0147715 0.0238691 0.0312193 0.0375453 0.0443718 0.051126 0.0534694 0.0463767 0.0299588 0.0114081 0.000350992 
0.00238341 0.0178401 0.0306384 0.0308596 0.0180506 -0.000295575 -0.0151133 -0.020874 -0.017726 -0.0104973 -0.00482829 -0.00335018 -0.00526026 -0.00860822 -0.0118151 -0.01342 -0.0118934 -0.00630433 0.00302248 0.0144722 0.0258161 0.0354342 0.0432396 0.0500383 0.055128 0.0546617 0.0443667 0.025306 0.0058592 -0.0033943 
0.010488 0.0321312 0.0484117 0.0474833 0.0291728 0.00322474 -0.0185405 -0.0285441 -0.0262264 -0.0171885 -0.00865472 -0.00460746 -0.00488397 -0.00765188 -0.0112215 -0.0138882 -0.0137488 -0.00940388 -0.000693233 0.0111002 0.023742 0.0351797 0.0444272 0.0512406 0.0546057 0.051611 0.0394874 0.0203906 0.00317254 -0.00153903 
0.0236504 0.050058 0.0685871 0.066325 0.0434656 0.011333 -0.0164707 -0.0309456 -0.030726 -0.0216055 -0.0118589 -0.00652929 -0.00592273 -0.00819395 -0.0115565 -0.0143885 -0.0150075 -0.0120541 -0.00496982 0.00559927 0.0178153 0.0295155 0.0391053 0.0455765 0.0478265 0.0440368 0.0328995 0.0170789 0.00481323 0.00584444 
0.0374528 0.0654203 0.0839155 0.0803717 0.055506 0.0210552 -0.00936522 -0.0266782 -0.028944 -0.02144 -0.0125978 -0.00793388 -0.00788287 -0.0103225 -0.0132545 -0.0153582 -0.0157137 -0.0136063 -0.00844126 -0.000198091 0.00999504 0.0202605 0.028867 0.0345886 0.0365405 0.0338275 0.0261174 0.01591 0.00993367 0.0162319 
0.0471945 0.0729898 0.088553 0.0834313 0.0593042 0.0271974 -0.00113712 -0.0181585 -0.0219497 -0.016747 -0.0101714 -0.00755736 -0.00922008 -0.0126216 -0.0154108 -0.0165193 -0.015916 -0.0138506 -0.0101039 -0.00423167 0.00344013 0.0116143 0.0187476 0.0236443 0.025587 0.0242441 0.0200267 0.0153219 0.0152022 0.0253894 
0.0509307 0.0715757 0.0812778 0.0734244 0.0514383 0.0250567 0.00285997 -0.010522 -0.0140292 -0.0106986 -0.00652041 -0.00601843 -0.0093298 -0.0137242 -0.0166104 -0.0170047 -0.0154222 -0.012881 -0.00969094 -0.00530298 0.000588006 0.00725985 0.0133284 0.0174602 0.0187854 0.0172835 0.0143695 0.0131072 0.017465 0.0304244 
0.0510653 0.06493 0.0666616 0.0546171 0.0346031 0.0149483 0.000604607 -0.0073144 -0.00921442 -0.00709451 -0.00487153 -0.00572294 -0.00954184 -0.0138426 -0.0163019 -0.0161135 -0.0139154 -0.0109234 -0.00770993 -0.00374765 0.00159116 0.00781877 0.0133793 0.0165637 0.0162641 0.0128505 0.00908743 0.00937987 0.0171731 0.0325254 
0.0533351 0.0602136 0.0534 0.0364146 0.0174639 0.00342312 -0.004169 -0.00736308 -0.00796105 -0.00715071 -0.00685915 -0.00864917 -0.0119169 -0.014645 -0.0154139 -0.0141061 -0.0114379 -0.00831025 -0.00503242 -0.000932422 0.00469804 0.0111499 0.0163464 0.0182448 0.0158805 0.0103108 0.00559556 0.00735432 0.0186126 0.0365874 
0.0659959 0.0667779 0.0517821 0.0292846 0.00972688 -0.00128639 -0.005119 -0.00627522 -0.00745953 -0.00912497 -0.0115633 -0.0147661 -0.017343 -0.0176474 -0.0155492 -0.0122162 -0.00876579 -0.00562052 -0.00241307 0.00191659 0.00804429 0.0147713 0.0194498 0.0200623 0.016338 0.0102357 0.00670191 0.0119184 0.0281764 0.0499725 
0.0994718 0.0949312 0.0709348 0.0404828 0.0168673 0.00524699 0.0018226 -0.000186696 -0.00427404 -0.0101767 -0.0167022 -0.0223364 -0.0248164 -0.0227994 -0.0175379 -0.0117203 -0.00710157 -0.00370116 -0.000408159 0.00424249 0.0108193 0.0176866 0.0219342 0.0219901 0.0186162 0.01477 0.0160295 0.0286223 0.053551 0.0821545 
0.161125 0.150819 0.114716 0.0715419 0.0389077 0.0227076 0.0169904 0.0122784 0.00375021 -0.00785648 -0.0197561 -0.0287923 -0.0319422 -0.0283657 -0.0206779 -0.0128761 -0.00721341 -0.00335608 0.000379455 0.00565871 0.0128588 0.0201078 0.0245655 0.0252768 0.0241404 0.0253851 0.0355012 0.0606796 0.0999143 0.140051 
0.244471 0.227799 0.176738 0.116909 0.0714065 0.0476888 0.0379805 0.0298939 0.0166692 -0.000986282 -0.0187153 -0.0315985 -0.0360415 -0.0319792 -0.023283 -0.0148122 -0.00895329 -0.004974 -0.000768801 0.00538985 0.0136619 0.0219919 0.0275552 0.0298038 0.0317917 0.0395383 0.0611052 0.102896 0.16136 0.217417 
0.323867 0.302547 0.238526 0.163466 0.105428 0.0737589 0.0597286 0.0486731 0.0318101 0.00930875 -0.013303 -0.0295865 -0.0356109 -0.0321471 -0.0240121 -0.0164231 -0.0115689 -0.00829449 -0.00414092 0.00273558 0.0123765 0.0224539 0.0297754 0.0336896 0.0381639 0.0512497 0.0830408 0.140497 0.217725 0.289877 
