0.432628 0.358584 0.253607 0.150955 0.0683106 0.0126341 -0.0141368 -0.016875 -0.0080047 -0.000636323 -0.000728509 -0.00644489 -0.013116 -0.0175462 -0.0191195 -0.0189969 -0.018808 -0.0191962 -0.0188949 -0.0155274 -0.00791429 0.00239776 0.0126122 0.0229217 0.0407276 0.0807154 0.156489 0.264749 0.374882 0.4408 
0.374865 0.306027 0.213686 0.123755 0.0500701 -0.000121938 -0.0235266 -0.0243839 -0.0145331 -0.00614454 -0.00460524 -0.00831547 -0.0132104 -0.0164721 -0.0175175 -0.0173296 -0.0172399 -0.0176337 -0.0171943 -0.0135973 -0.00550636 0.0060569 0.0189462 0.0333435 0.0550186 0.095208 0.163565 0.255264 0.343476 0.390637 
0.248764 0.194918 0.130833 0.0709522 0.0212402 -0.013399 -0.0285291 -0.0259885 -0.0150035 -0.00589425 -0.00353439 -0.00657668 -0.01113 -0.0143395 -0.0156267 -0.0159623 -0.0164708 -0.017269 -0.0169231 -0.013086 -0.00437615 0.00812083 0.0217966 0.0357677 0.0540274 0.0849869 0.134624 0.196736 0.250416 0.271141 
0.123944 0.0908765 0.0593313 0.0322793 0.00756287 -0.0125744 -0.0218773 -0.0182374 -0.0073392 0.00189783 0.00415147 0.000184169 -0.0059048 -0.0107532 -0.0135621 -0.0152532 -0.0168369 -0.018325 -0.0182389 -0.0141445 -0.00463731 0.00871564 0.0219939 0.0325902 0.0431771 0.0609264 0.0898117 0.123168 0.146072 0.146298 
0.0493168 0.0354375 0.0290145 0.0248802 0.0155898 0.00199001 -0.00747923 -0.00657094 0.0023709 0.0111033 0.0130771 0.00801857 5.72125e-05 -0.00695737 -0.0118427 -0.0152214 -0.0179046 -0.0199567 -0.0200989 -0.015998 -0.00628921 0.00713288 0.0194249 0.0267619 0.031048 0.0390008 0.053793 0.0690702 0.074411 0.0657977 
0.0257158 0.0232524 0.0294494 0.0352044 0.031031 0.0174049 0.00413521 0.000276667 0.00605802 0.0139327 0.0163348 0.011702 0.00351379 -0.00444791 -0.010678 -0.0152163 -0.0184168 -0.0203966 -0.0203437 -0.0163861 -0.00731086 0.00518359 0.0165395 0.0229246 0.025746 0.0307421 0.0401285 0.0479597 0.0466643 0.0364305 
0.0258789 0.0253108 0.0333737 0.0403798 0.0367124 0.0222641 0.0062896 -0.00145525 0.00114514 0.00807263 0.0117357 0.00935764 0.00311525 -0.00388315 -0.00998463 -0.0145132 -0.017156 -0.0179587 -0.0166614 -0.0121091 -0.00341294 0.00816463 0.0191749 0.0267347 0.0318856 0.0385536 0.0472663 0.0522538 0.0478065 0.0359967 
0.0279431 0.0227129 0.0267483 0.0319514 0.0292457 0.0169373 0.00165113 -0.00794742 -0.00812431 -0.00236126 0.00269519 0.00326044 -4.62373e-05 -0.00501007 -0.00990612 -0.0133747 -0.0144161 -0.0128872 -0.00897948 -0.00234809 0.00725592 0.0186784 0.0296002 0.0384888 0.046277 0.0549271 0.0631908 0.065567 0.0577137 0.0422541 
0.0291707 0.0184063 0.0174328 0.0208701 0.020424 0.0122658 -0.000473664 -0.0109377 -0.0139229 -0.00999194 -0.00443047 -0.00183832 -0.0030116 -0.00644636 -0.0102731 -0.012553 -0.0117298 -0.00746934 -0.000331148 0.00914551 0.0201865 0.0312518 0.040945 0.0492953 0.0575659 0.0663732 0.0734861 0.074113 0.0647512 0.0473049 
0.0347502 0.0227772 0.0193184 0.021674 0.0226733 0.0172139 0.00602186 -0.00550573 -0.0113777 -0.0100053 -0.00540468 -0.0026082 -0.00339748 -0.00670008 -0.0104542 -0.012282 -0.0102547 -0.00395771 0.00565458 0.0170837 0.0282952 0.0371286 0.043132 0.0481854 0.0544279 0.0620263 0.0687118 0.0706926 0.0647551 0.051129 
0.0449516 0.0378245 0.0356559 0.0371779 0.0367523 0.0300691 0.0179098 0.00510674 -0.00286378 -0.00400921 -0.00144868 7.77364e-05 -0.00156341 -0.0056048 -0.00995565 -0.0120229 -0.00968629 -0.00254365 0.00807538 0.0197829 0.0293011 0.033833 0.033932 0.0335588 0.0362251 0.0423077 0.0498668 0.0559763 0.0575389 0.0531569 
0.0549939 0.0565253 0.0584544 0.059081 0.0543607 0.0427418 0.0274511 0.013754 0.00545139 0.0030259 0.00360618 0.00344557 0.000792297 -0.00379599 -0.00850153 -0.0108531 -0.00872179 -0.00168868 0.00874036 0.0195754 0.0265617 0.0263289 0.0202169 0.0140701 0.0129448 0.0177014 0.0265553 0.0370308 0.0463055 0.0522687 
0.0597605 0.0701806 0.0770328 0.0768374 0.0667057 0.0485689 0.0293514 0.0156198 0.00917173 0.00767303 0.00754251 0.00618605 0.00289295 -0.00167099 -0.00613115 -0.00847883 -0.00675333 -0.000422219 0.00909653 0.018579 0.0232602 0.0194156 0.00869901 -0.00199186 -0.00643389 -0.00317354 0.00611839 0.0191742 0.0335977 0.047414 
0.0571052 0.0743009 0.0850465 0.0841023 0.0692207 0.0452747 0.0228028 0.0101013 0.00734515 0.00899971 0.00989727 0.00822931 0.00467302 0.000406985 -0.0035766 -0.00587415 -0.00478317 0.000386728 0.00842565 0.0161389 0.0187927 0.0127407 -0.000473742 -0.0140554 -0.0214179 -0.0204369 -0.0122259 0.00144925 0.0187177 0.0377851 
0.0489365 0.0696427 0.0820122 0.080251 0.0625094 0.0353041 0.0114979 0.000737296 0.00220371 0.00780824 0.0106952 0.00942621 0.00591369 0.00191937 -0.00182108 -0.00438283 -0.00426852 -0.000680157 0.00531759 0.010691 0.01121 0.00380264 -0.0102398 -0.0251009 -0.0346673 -0.0362714 -0.0300093 -0.0166375 0.0025362 0.0253167 
0.0388287 0.0593228 0.0710021 0.0688464 0.0511857 0.0244961 0.0018615 -0.00676121 -0.0024177 0.00583794 0.0103181 0.00971181 0.00652952 0.00275179 -0.0010656 -0.00421012 -0.00527695 -0.00346857 0.000192639 0.00295727 0.00142764 -0.0065789 -0.0199664 -0.0342315 -0.0443283 -0.0475102 -0.0429233 -0.0301785 -0.0101115 0.0142709 
0.0291711 0.0467276 0.0567214 0.0554452 0.0409289 0.0180636 -0.00175362 -0.00914814 -0.00446456 0.00413566 0.00922747 0.0093538 0.00680155 0.00333567 -0.000577794 -0.00421456 -0.00622868 -0.00594981 -0.0043752 -0.00376823 -0.0065168 -0.0139293 -0.0251234 -0.0369118 -0.045631 -0.0490694 -0.0458976 -0.0347298 -0.0158844 0.00705682 
0.0209733 0.0352813 0.044237 0.0451696 0.0353466 0.017387 0.000283659 -0.00733414 -0.00437709 0.00298419 0.00808133 0.00896088 0.00718126 0.00417858 0.000463466 -0.00316572 -0.00551128 -0.00614402 -0.00598406 -0.00661741 -0.00941248 -0.0150676 -0.0230705 -0.0314456 -0.037968 -0.0413934 -0.0403312 -0.0323865 -0.016905 0.0025998 
0.0145107 0.0273225 0.0367071 0.0403776 0.0347781 0.0206922 0.00526514 -0.00328841 -0.00243604 0.00348452 0.00836956 0.00964824 0.00825909 0.00557076 0.00225865 -0.000902974 -0.00301295 -0.00394332 -0.00449642 -0.00557203 -0.00770932 -0.0112915 -0.0162602 -0.0216545 -0.0265006 -0.0305647 -0.0325329 -0.028894 -0.0175278 -0.00131225 
0.00951754 0.0227149 0.0337162 0.0398475 0.0369467 0.025033 0.0105428 0.00157413 0.00136205 0.00644186 0.0109245 0.0118918 0.0101357 0.00729572 0.00426423 0.00165312 -3.10868e-05 -0.000923712 -0.00168548 -0.00272399 -0.00409774 -0.0060704 -0.00893218 -0.0124465 -0.0165131 -0.0215714 -0.0263847 -0.0266724 -0.0190097 -0.00528789 
0.00568319 0.0195157 0.032236 0.0401114 0.0385212 0.0275933 0.0139057 0.00543015 0.00521453 0.00987292 0.01374 0.0140045 0.0115973 0.00844179 0.00556502 0.00336257 0.00200229 0.00124705 0.000640049 2.8873e-05 -0.000537057 -0.00134346 -0.00286515 -0.00526011 -0.00879044 -0.0140609 -0.0200806 -0.0228525 -0.0185648 -0.0078241 
0.00314923 0.0160559 0.0293041 0.0379806 0.0370661 0.0269576 0.0143694 0.00678011 0.00659797 0.0105264 0.0136148 0.0135149 0.0111186 0.00820318 0.00569414 0.00383293 0.00267076 0.00209416 0.00192929 0.00213285 0.00260557 0.00288637 0.00238424 0.000881181 -0.00168372 -0.00567761 -0.0107434 -0.0143899 -0.0134764 -0.00717802 
0.00211216 0.0119541 0.0237425 0.0320657 0.0317415 0.0230775 0.0122037 0.00553133 0.00485297 0.007526 0.00989023 0.0101697 0.00882236 0.00696441 0.00519491 0.00372332 0.00272584 0.00235173 0.00270562 0.0037982 0.0053143 0.00651993 0.00670635 0.00586921 0.00455845 0.00281349 0.00012462 -0.0030529 -0.00487168 -0.00348788 
0.00214822 0.00754572 0.0159499 0.0225884 0.0226662 0.0160852 0.0076215 0.00217821 0.00111963 0.00280479 0.0049273 0.00613956 0.0063182 0.00583146 0.00495227 0.00393769 0.00315356 0.00296164 0.00362504 0.00517986 0.00717615 0.00866898 0.00889254 0.00818439 0.00775708 0.00803244 0.00787614 0.00614819 0.00329703 0.00119433 
0.00254633 0.0034035 0.00731514 0.0111691 0.0112233 0.00692452 0.00131609 -0.00228662 -0.00280647 -0.00109297 0.00136853 0.00342525 0.00466189 0.0051298 0.00498781 0.00450621 0.00408846 0.00412689 0.00488818 0.00638648 0.0081239 0.00910276 0.00864259 0.00740134 0.00699763 0.00813767 0.00966329 0.00982435 0.00790734 0.00476575 
0.00276546 -1.05823e-06 -0.000479293 0.0004048 0.000330865 -0.00169296 -0.00437753 -0.00580882 -0.00512712 -0.00279034 -6.54111e-06 0.00218647 0.00352523 0.0042444 0.00457925 0.00470707 0.00486681 0.00533094 0.00628745 0.00767561 0.00893801 0.00909523 0.00763026 0.00540525 0.00413125 0.00472358 0.00658835 0.00831967 0.00847957 0.00633218 
0.00181369 -0.00328677 -0.00695995 -0.00811357 -0.00783475 -0.00759376 -0.00761875 -0.00712835 -0.00547504 -0.00289885 -0.000391465 0.00125713 0.00211933 0.00271953 0.00337252 0.00410113 0.00492017 0.00597802 0.00741518 0.00908623 0.0103098 0.0100577 0.00789219 0.00471395 0.00212031 0.00116473 0.00206327 0.00429205 0.00620292 0.0056002 
-0.00172749 -0.00804396 -0.0132601 -0.0150804 -0.0139507 -0.0117592 -0.00973466 -0.0079009 -0.00586568 -0.00364448 -0.0017681 -0.000632247 4.61688e-07 0.000669416 0.00164381 0.0028376 0.00415853 0.0057491 0.0077915 0.0100925 0.0118301 0.011856 0.00966506 0.00603266 0.00233187 -0.000370383 -0.00121735 0.000155042 0.00229471 0.00223134 
-0.00807717 -0.0148409 -0.0202251 -0.0217785 -0.0198945 -0.0166037 -0.0134308 -0.0107949 -0.00858405 -0.00665314 -0.00500679 -0.00369486 -0.00259005 -0.00142561 -7.23461e-05 0.0013739 0.00288283 0.00471851 0.00716763 0.0100286 0.0123916 0.0130216 0.0112972 0.00777944 0.00356906 -0.000387234 -0.0029655 -0.00328431 -0.00246275 -0.00345967 
-0.0156494 -0.0222659 -0.0269616 -0.027909 -0.0257479 -0.0222974 -0.0187977 -0.015692 -0.0130949 -0.0108669 -0.00874511 -0.00665335 -0.00467903 -0.00285049 -0.00116799 0.000312429 0.00169045 0.0033831 0.00578363 0.00871315 0.01126 0.01221 0.0108928 0.00768083 0.00344524 -0.00101617 -0.00463018 -0.00649163 -0.00752714 -0.0101856 
-0.0222784 -0.0280091 -0.0314005 -0.0315755 -0.0294044 -0.0262402 -0.0228219 -0.0194595 -0.016381 -0.0135505 -0.010746 -0.00796002 -0.00539313 -0.00317582 -0.00136488 -9.74139e-06 0.00104339 0.00227382 0.00413183 0.0064958 0.00853876 0.00916453 0.00775298 0.00459039 0.000448928 -0.00392078 -0.00764444 -0.010198 -0.0125634 -0.0165076 
-0.0260636 -0.0300017 -0.0315711 -0.0308245 -0.0286657 -0.0258615 -0.0227102 -0.0194242 -0.0162458 -0.0131974 -0.0102003 -0.00736099 -0.00485398 -0.00273382 -0.00104531 0.000120643 0.000848238 0.00153712 0.00261063 0.00401057 0.00504867 0.00481315 0.00282611 -0.000603009 -0.00469441 -0.00865752 -0.0118349 -0.014221 -0.0169439 -0.0210915 
-0.0261244 -0.0276683 -0.0272696 -0.0256766 -0.0236262 -0.0213134 -0.0187206 -0.016005 -0.0133539 -0.0107615 -0.00823268 -0.00593608 -0.00397488 -0.00229301 -0.000891375 0.000101788 0.000652397 0.000993756 0.00142947 0.00190819 0.00188987 0.000708617 -0.00189237 -0.00553237 -0.00945612 -0.0129068 -0.0154209 -0.0173204 -0.019677 -0.0229672 
-0.0238971 -0.0231718 -0.0211665 -0.0189856 -0.0171373 -0.015449 -0.013714 -0.011971 -0.0102575 -0.00848978 -0.00669926 -0.00507568 -0.00369422 -0.00246332 -0.00135516 -0.000488118 4.72605e-05 0.000335077 0.000495073 0.000398765 -0.000355609 -0.00214311 -0.00498681 -0.00848657 -0.0120329 -0.0150487 -0.0172378 -0.0189296 -0.0208142 -0.0228376 
-0.0221128 -0.019809 -0.0167531 -0.0141011 -0.0122689 -0.0110724 -0.0102452 -0.00958132 -0.00884198 -0.00783366 -0.00660292 -0.00537155 -0.00427079 -0.00328395 -0.00239742 -0.00166061 -0.00110582 -0.000724602 -0.000597825 -0.000975264 -0.00212743 -0.00415331 -0.00691966 -0.0100911 -0.0132361 -0.0159755 -0.0181652 -0.0200082 -0.0216781 -0.0226817 
-0.0212021 -0.0180386 -0.0143241 -0.0111347 -0.00905234 -0.00815819 -0.00814694 -0.00846225 -0.00854041 -0.00807591 -0.00712814 -0.00598113 -0.00490644 -0.00404554 -0.00341317 -0.00292725 -0.00248145 -0.00210268 -0.00206031 -0.00270889 -0.00419386 -0.00640581 -0.00914016 -0.0121219 -0.0149701 -0.0173771 -0.0193603 -0.0211268 -0.0225142 -0.0227673 
-0.0183339 -0.0146465 -0.010414 -0.00673584 -0.00459054 -0.00428766 -0.00525819 -0.00652573 -0.00731853 -0.00730958 -0.00657617 -0.00547685 -0.00446645 -0.00385727 -0.00364772 -0.00357253 -0.00338594 -0.0031786 -0.00340027 -0.00447567 -0.00643547 -0.0090089 -0.0119154 -0.0148499 -0.0173478 -0.0190536 -0.0201237 -0.0209376 -0.0213481 -0.020646 
-0.0113078 -0.00709802 -0.00236903 0.00149601 0.00299926 0.00189197 -0.000596097 -0.00298912 -0.00451017 -0.00498301 -0.00454714 -0.00364123 -0.0028921 -0.00272627 -0.00305471 -0.0034118 -0.00346073 -0.00340555 -0.00388361 -0.00538985 -0.00785728 -0.0108294 -0.0138602 -0.0165642 -0.0184385 -0.0190821 -0.0186711 -0.0177452 -0.0164493 -0.0144207 
-0.00221604 0.00245037 0.0075846 0.011317 0.0116118 0.00849527 0.00410475 0.00048247 -0.00169958 -0.00255549 -0.00237894 -0.00172084 -0.0013314 -0.00165565 -0.00246223 -0.0031045 -0.0031953 -0.00305965 -0.00351778 -0.00516323 -0.00785574 -0.0109048 -0.0136374 -0.0156677 -0.0166662 -0.0162769 -0.0145374 -0.0119899 -0.00911671 -0.00595997 
0.0040937 0.00884173 0.0142031 0.0178231 0.0171896 0.0125214 0.00667767 0.00219681 -0.000299169 -0.00120825 -0.00105946 -0.000558967 -0.000513256 -0.00128743 -0.0024798 -0.00329612 -0.00331054 -0.00292243 -0.00308412 -0.00448966 -0.00695082 -0.00955801 -0.0114771 -0.012491 -0.0126287 -0.0116383 -0.00934609 -0.0061961 -0.00287435 0.000403934 
0.00491443 0.00918727 0.0146785 0.0186705 0.0182531 0.0135424 0.00757811 0.00312542 0.000868608 0.000270001 0.000579461 0.000945563 0.000576751 -0.00074577 -0.0024431 -0.00359963 -0.00374239 -0.00327282 -0.00318538 -0.0042333 -0.00620823 -0.00807252 -0.00896607 -0.00894016 -0.00838858 -0.00716862 -0.00499178 -0.00228643 0.000163773 0.0022653 
0.00243858 0.00573981 0.0113645 0.0163373 0.0173907 0.0142728 0.00967647 0.006238 0.00470795 0.00455323 0.00492478 0.00493036 0.00386722 0.00168376 -0.000885078 -0.00283119 -0.00361952 -0.00357442 -0.00363578 -0.00457454 -0.00620913 -0.00746693 -0.0074896 -0.00648986 -0.00510955 -0.00340643 -0.00125372 0.000728229 0.00164291 0.00167059 
0.00171362 0.00375115 0.00928923 0.0152255 0.0180928 0.0172565 0.0148098 0.01295 0.0123298 0.0124563 0.0125484 0.0118429 0.0097983 0.00650382 0.00277455 -0.000355841 -0.00228224 -0.00316139 -0.00378688 -0.0049415 -0.00654402 -0.00750809 -0.00681136 -0.00456745 -0.00161775 0.00148408 0.00432602 0.00593863 0.00535273 0.00311845 
0.00561461 0.00627517 0.0108969 0.0165706 0.02019 0.0210598 0.0206126 0.0203296 0.0205287 0.0207245 0.0203374 0.0188728 0.0159842 0.0118228 0.00715194 0.00293168 -0.000162338 -0.00203159 -0.00324995 -0.00464144 -0.00629652 -0.00704757 -0.00544817 -0.00130858 0.00418251 0.00955189 0.0135439 0.0149155 0.0129627 0.0088234 
0.0115426 0.0106853 0.0130606 0.0164677 0.0190494 0.0205233 0.0215788 0.0227094 0.0237381 0.0241671 0.02365 0.0219804 0.0189761 0.01475 0.00989423 0.00523419 0.00152443 -0.000849296 -0.002245 -0.0035834 -0.00513464 -0.00550372 -0.0026241 0.00398359 0.0124764 0.0201061 0.0247097 0.025139 0.0215513 0.015938 
0.0134289 0.010774 0.00987858 0.00968415 0.0101943 0.0117818 0.0142632 0.0169977 0.0192914 0.0206164 0.0207754 0.0197705 0.0175455 0.0141306 0.00990509 0.0055665 0.00196242 -0.000285655 -0.00142631 -0.00253108 -0.00394948 -0.00387316 0.000421492 0.0094849 0.0205262 0.0294142 0.0332879 0.0315735 0.0257646 0.0187649 
0.00736496 0.00279575 -0.00123625 -0.00461926 -0.00561961 -0.00333358 0.00116037 0.0061266 0.0103648 0.0132605 0.0146836 0.0148197 0.0137832 0.0115619 0.00832301 0.00463422 0.00142561 -0.000520644 -0.00144555 -0.00255378 -0.0041083 -0.00379887 0.00156292 0.0122953 0.0246112 0.0332978 0.0352203 0.0306424 0.022333 0.0138154 
-0.00355857 -0.00962983 -0.0156593 -0.0207619 -0.0220302 -0.0181359 -0.0108726 -0.00306379 0.00340878 0.00778315 0.0101318 0.0110073 0.010821 0.00955783 0.00713181 0.00390994 0.000858529 -0.001095 -0.00214587 -0.00351075 -0.00529413 -0.00489693 0.000887845 0.011922 0.0237908 0.0309737 0.0306343 0.0237617 0.0136987 0.00398141 
-0.0101391 -0.0171357 -0.0243718 -0.0306311 -0.0321071 -0.0267204 -0.0166568 -0.00606394 0.00207205 0.00684392 0.00891831 0.009553 0.00954297 0.00881559 0.00694759 0.00402363 0.00100224 -0.000994725 -0.00197094 -0.00305885 -0.00441496 -0.00370885 0.0017937 0.0115929 0.0214148 0.0264331 0.0246589 0.0174314 0.00760976 -0.00208036 
-0.00567761 -0.0138933 -0.0231472 -0.0318995 -0.0352526 -0.029859 -0.0180122 -0.00547461 0.00327501 0.00724463 0.0080534 0.0078632 0.00779128 0.00759907 0.00649466 0.00427731 0.00189374 0.000704265 0.0009637 0.00150331 0.00162927 0.00279745 0.00710785 0.0142334 0.0209685 0.0240021 0.022461 0.017517 0.0104946 0.00242824 
0.00650725 -0.00462345 -0.0180674 -0.0313435 -0.0382167 -0.0341175 -0.0215326 -0.0078806 0.000906853 0.00386325 0.00358289 0.0029809 0.00331724 0.00415289 0.00442101 0.00372348 0.00300728 0.0038168 0.00652552 0.00964219 0.0115607 0.0126795 0.0147283 0.0181785 0.0215624 0.0234678 0.0239908 0.0234994 0.0210095 0.0152633 
0.0170187 0.000746403 -0.0189075 -0.0374353 -0.0472684 -0.0436331 -0.0299793 -0.0152196 -0.00614464 -0.00344072 -0.00379796 -0.00394927 -0.00267384 -0.000525654 0.00134714 0.00247971 0.00378558 0.00677907 0.0116681 0.0165233 0.019071 0.0191443 0.0184863 0.0184821 0.019382 0.0214884 0.0253604 0.0300256 0.0320501 0.0279324 
0.0217094 -0.000686079 -0.0269348 -0.0493881 -0.0593848 -0.0535109 -0.0373814 -0.0211834 -0.0116156 -0.00861544 -0.00842576 -0.00786064 -0.00588864 -0.00305506 -0.00037689 0.00174466 0.00409445 0.00784216 0.012795 0.0168635 0.0179792 0.0163017 0.0137654 0.0121077 0.0125352 0.016361 0.0240354 0.0332363 0.0387876 0.0355365 
0.0268494 -0.000153631 -0.031253 -0.0551647 -0.0626255 -0.052765 -0.0339983 -0.0173034 -0.00834264 -0.00581902 -0.00566799 -0.00511214 -0.00347176 -0.00124573 0.00081416 0.00245435 0.00422273 0.00671063 0.00931618 0.0103065 0.00869174 0.00556128 0.00286303 0.00183694 0.00365302 0.00995649 0.0210611 0.0340769 0.0431853 0.0419581 
0.0412763 0.0134218 -0.0193151 -0.0426461 -0.0474151 -0.0353106 -0.0167055 -0.00235703 0.00364866 0.0039 0.00264281 0.00210564 0.00249697 0.00328585 0.0039518 0.00434422 0.00467747 0.00493856 0.00435309 0.00198835 -0.00177395 -0.00506184 -0.00644823 -0.00588142 -0.00279792 0.00481327 0.0180875 0.0349173 0.0495224 0.0537431 
0.0640044 0.0395621 0.00856194 -0.0133997 -0.0179067 -0.00796922 0.00617434 0.0152356 0.0165712 0.0134155 0.0099124 0.00783189 0.00700334 0.0067969 0.00673904 0.00656506 0.00603834 0.00466697 0.00183137 -0.00240148 -0.00656318 -0.00870002 -0.00853118 -0.00742954 -0.00530649 0.000889865 0.0144163 0.0350561 0.0570815 0.0699067 
0.0816428 0.0632291 0.0364515 0.0161121 0.00954391 0.0140406 0.0215032 0.0248598 0.0222068 0.0163975 0.0111333 0.00802258 0.00685049 0.00693638 0.00765035 0.00834314 0.00822328 0.00649148 0.00294315 -0.0013915 -0.0045096 -0.00513308 -0.00443392 -0.00482668 -0.00605872 -0.00355605 0.00832426 0.0312226 0.0593112 0.0800339 
0.0801245 0.0680124 0.0469254 0.0292371 0.0210276 0.0207812 0.0232367 0.0233852 0.0192808 0.0126918 0.00679543 0.00345121 0.00277382 0.00409557 0.00649804 0.00883494 0.00981515 0.00853414 0.00533017 0.0019696 0.000387113 0.000687802 0.000449262 -0.00294979 -0.00842633 -0.0101414 -0.0012228 0.0206837 0.0498037 0.073525 
0.0599368 0.053593 0.0391974 0.025989 0.0187699 0.0171738 0.018209 0.0181969 0.0147321 0.00845297 0.00226131 -0.00134391 -0.00168131 0.00058417 0.00420879 0.00767667 0.00943955 0.00866568 0.00616536 0.00403152 0.00360281 0.00371121 0.00129479 -0.00561861 -0.0148101 -0.0198753 -0.0142045 0.00402595 0.0294096 0.0512683 
0.0367132 0.036526 0.029483 0.021725 0.017167 0.0165192 0.0182838 0.0193776 0.0168133 0.0103802 0.00300284 -0.00197454 -0.00320866 -0.0013383 0.00218051 0.00571582 0.00768024 0.00730327 0.00555028 0.00432443 0.00404643 0.00256209 -0.00306535 -0.0135543 -0.0255399 -0.0325566 -0.0289942 -0.0141559 0.0069263 0.0261848 
0.0251674 0.031655 0.0312042 0.0273673 0.0240755 0.0236291 0.0257719 0.0275169 0.0251527 0.0177855 0.00842523 0.00114416 -0.00209188 -0.00173148 0.000820857 0.00401084 0.00621534 0.00650121 0.00557268 0.00473181 0.00344229 -0.000976689 -0.0107517 -0.0250397 -0.0392733 -0.0468622 -0.0430903 -0.0285384 -0.00844822 0.0109992 
0.0267867 0.0374903 0.0399316 0.0363035 0.0313932 0.0293379 0.030874 0.0327671 0.0305314 0.0226832 0.0120923 0.00309209 -0.00189575 -0.0028806 -0.000957222 0.00240962 0.00542131 0.00680119 0.00678595 0.00597386 0.00306104 -0.00481426 -0.019032 -0.03724 -0.0534986 -0.0605399 -0.0540044 -0.035917 -0.0129082 0.00911431 
0.0356098 0.0431539 0.041563 0.0340314 0.0262431 0.0228252 0.0243308 0.0269879 0.0258895 0.0192021 0.0093134 0.000261123 -0.00523238 -0.00653914 -0.0043683 -0.000237636 0.00379714 0.00621298 0.00696351 0.00619925 0.00215285 -0.00813322 -0.0255513 -0.0467306 -0.0643528 -0.0698002 -0.0583386 -0.0335962 -0.0051532 0.0190296 
0.0533987 0.0479581 0.0338916 0.0185877 0.00812214 0.00511783 0.00818607 0.0128497 0.0142399 0.0102522 0.0024684 -0.00559277 -0.0108472 -0.0119456 -0.00932121 -0.00470068 -0.00034231 0.00227847 0.00325886 0.00279518 -0.000960129 -0.0111417 -0.0288296 -0.0504803 -0.0677186 -0.0700625 -0.0515053 -0.0170605 0.0192324 0.0444187 
0.0949157 0.0698173 0.0361279 0.00827912 -0.00714406 -0.0108445 -0.00681543 -5.44975e-05 0.00447599 0.00370015 -0.00204216 -0.0095733 -0.0151467 -0.0166619 -0.0144032 -0.0103426 -0.00681994 -0.00504505 -0.00446224 -0.00436101 -0.00622475 -0.013385 -0.02778 -0.0466167 -0.0609635 -0.0581204 -0.0297396 0.0186214 0.067554 0.0961187 
0.174663 0.12973 0.0725563 0.0258797 -0.00180302 -0.0129604 -0.0126899 -0.00599425 0.00113325 0.00323666 -0.00120819 -0.00918833 -0.0160753 -0.0190267 -0.0181658 -0.0155665 -0.01353 -0.0130027 -0.0129763 -0.0120358 -0.0109421 -0.0130472 -0.0214298 -0.0346296 -0.0435973 -0.0332895 0.00787872 0.075009 0.143388 0.182087 
0.286529 0.226148 0.145444 0.0745728 0.025815 -0.0015497 -0.0111109 -0.00757889 0.000838184 0.00523996 0.00187193 -0.00653505 -0.014718 -0.0192815 -0.0200699 -0.0189899 -0.0181978 -0.0185086 -0.0186787 -0.0167067 -0.0125203 -0.00915276 -0.0104379 -0.0160965 -0.017247 0.00291484 0.0589939 0.147441 0.239305 0.293899 
0.392042 0.321659 0.222501 0.128962 0.0574456 0.0114586 -0.00957711 -0.0103508 -0.00170711 0.00440704 0.00250534 -0.00515405 -0.0133279 -0.018502 -0.020211 -0.0199838 -0.0197443 -0.0202566 -0.0202382 -0.0173714 -0.0108908 -0.00315369 0.00216048 0.0049559 0.0136472 0.0451001 0.114914 0.22035 0.330192 0.397591 
