0.421702 0.332073 0.222695 0.137966 0.0916701 0.0762486 0.0777718 0.0812534 0.0744214 0.0540634 0.0269918 0.00301872 -0.0124101 -0.0197207 -0.022032 -0.0217392 -0.0194419 -0.0147393 -0.00728723 0.00278039 0.014707 0.0264961 0.0344492 0.0361409 0.0385361 0.0626717 0.131861 0.246516 0.368755 0.439361 
0.389899 0.306011 0.202946 0.12261 0.0797214 0.0686343 0.0758419 0.0851746 0.0824873 0.0631407 0.0341619 0.00707432 -0.0110556 -0.0201632 -0.0236037 -0.0239207 -0.0214693 -0.0154498 -0.00551362 0.00743264 0.0213934 0.0334285 0.0398287 0.0391452 0.0391415 0.0600128 0.123225 0.228845 0.341619 0.406647 
0.282352 0.223417 0.146393 0.0831535 0.0488533 0.0427689 0.0547838 0.0697689 0.0730213 0.0583887 0.0318558 0.00529826 -0.0131623 -0.022677 -0.0262082 -0.0260673 -0.0225701 -0.0151315 -0.00381788 0.0098019 0.0228823 0.0319889 0.0340152 0.028845 0.0238887 0.0353104 0.079403 0.156244 0.23998 0.29056 
0.15397 0.126089 0.0818303 0.0403825 0.016043 0.0136118 0.0280717 0.046927 0.0558636 0.0473246 0.0254246 0.00126879 -0.0164459 -0.0258357 -0.0290521 -0.0280085 -0.0232015 -0.0147247 -0.00324604 0.00949062 0.0205816 0.0265432 0.0247837 0.0159152 0.00587185 0.00556745 0.0256642 0.0673048 0.116548 0.150851 
0.0543263 0.0512896 0.0339452 0.0110077 -0.00542537 -0.00673278 0.00705333 0.0267954 0.0393662 0.0363072 0.0195158 -0.00161366 -0.0183751 -0.0277617 -0.0308756 -0.0292161 -0.023603 -0.0149085 -0.00421598 0.00718518 0.0170885 0.0221509 0.0195133 0.00914941 -0.00508658 -0.0161754 -0.0166445 -0.003349 0.0193323 0.0417867 
0.00666699 0.0153634 0.0111397 -0.00246259 -0.0153443 -0.0176 -0.00647011 0.0115217 0.0250577 0.0258881 0.0140271 -0.00352401 -0.0188434 -0.0280491 -0.0311423 -0.0292707 -0.0236489 -0.015721 -0.00654327 0.00352954 0.0133777 0.0198129 0.0189331 0.008944 -0.00806844 -0.0261451 -0.037805 -0.0382526 -0.0277205 -0.0104184 
0.0115805 0.0183039 0.0120878 -0.00309048 -0.0175032 -0.0219805 -0.0140261 0.000685939 0.0128165 0.015557 0.00794946 -0.00551197 -0.0184144 -0.026609 -0.0293233 -0.0275248 -0.0227156 -0.0164398 -0.00927111 -0.000564404 0.00955615 0.0181153 0.0201355 0.011996 -0.00505911 -0.0238307 -0.0350261 -0.0337717 -0.0217639 -0.00431153 
0.0534187 0.049646 0.0319243 0.00782143 -0.0121164 -0.0203894 -0.0164037 -0.00599152 0.0032677 0.00635445 0.00201531 -0.00731971 -0.0169487 -0.0231412 -0.0250524 -0.0237084 -0.020472 -0.0162661 -0.0108851 -0.00312134 0.00727814 0.017533 0.0222743 0.0169803 0.00286703 -0.0109489 -0.0130797 0.000165813 0.022133 0.0426061 
0.104635 0.0900268 0.0605518 0.0268193 -0.000226603 -0.0144874 -0.0163889 -0.0111661 -0.0048885 -0.00163515 -0.00318943 -0.00868034 -0.0147895 -0.0185412 -0.0195791 -0.0190675 -0.0176839 -0.0151219 -0.0103863 -0.00240784 0.00856699 0.0197317 0.0261598 0.0235905 0.0134407 0.00602495 0.0144428 0.041393 0.0749235 0.0991094 
0.136938 0.117757 0.0838871 0.0456765 0.0130179 -0.00824858 -0.0173374 -0.0173707 -0.0130208 -0.00858202 -0.00713229 -0.00923814 -0.0125597 -0.0146028 -0.0152603 -0.0155706 -0.0153919 -0.0133331 -0.0079915 0.00108945 0.0127421 0.0240499 0.0310633 0.0304473 0.023452 0.0200713 0.0341187 0.0683658 0.108154 0.134168 
0.137748 0.12179 0.0929096 0.0577404 0.0237807 -0.00244553 -0.017445 -0.021469 -0.0178629 -0.0115699 -0.00729299 -0.00715113 -0.00961259 -0.0119571 -0.0133108 -0.0141053 -0.0138944 -0.0112159 -0.00493171 0.00484181 0.0164807 0.0273424 0.0345955 0.0358008 0.0314399 0.0294589 0.042551 0.0742462 0.11118 0.135028 
0.115417 0.107001 0.0885332 0.0620293 0.032155 0.00579602 -0.0112803 -0.0169831 -0.0135413 -0.00620494 -0.000757107 -0.000592358 -0.00481962 -0.00987781 -0.0132157 -0.0143641 -0.0133065 -0.00961292 -0.00294789 0.00636073 0.0170826 0.027385 0.0353816 0.0391169 0.0378767 0.0363086 0.0441633 0.065903 0.0928401 0.111317 
0.0882542 0.086441 0.0769186 0.059539 0.0371617 0.0158427 0.0016067 -0.0027266 0.00106314 0.00780584 0.0117255 0.00925964 0.00124794 -0.00782594 -0.0138518 -0.01568 -0.0140507 -0.00982253 -0.00344913 0.00483132 0.0145947 0.024959 0.0345811 0.0414409 0.0434528 0.0418151 0.0429939 0.0528132 0.0686963 0.0822522 
0.0698947 0.070747 0.0638569 0.0507371 0.0348662 0.0211576 0.0138452 0.0142194 0.0195354 0.0245916 0.0247557 0.0179928 0.00603638 -0.00624267 -0.014407 -0.0172877 -0.0160997 -0.0122763 -0.00655632 0.00097691 0.0105227 0.0218604 0.0336462 0.0431526 0.0469726 0.0440235 0.0390025 0.0397605 0.0490337 0.0614926 
0.0610958 0.0619374 0.0523887 0.0374403 0.023562 0.0160649 0.0169813 0.0241904 0.0322687 0.0355572 0.0314341 0.0207806 0.00684009 -0.00603095 -0.0146005 -0.0183445 -0.0183901 -0.0157746 -0.0109809 -0.0039877 0.00570085 0.018148 0.0315241 0.0419336 0.0450447 0.0393466 0.0297919 0.0262287 0.0344357 0.0496067 
0.0523343 0.05396 0.0421963 0.0235906 0.00774243 0.00242226 0.00906204 0.0221057 0.0328228 0.0349479 0.0280767 0.0160607 0.00328734 -0.00721148 -0.0142158 -0.0180496 -0.0193494 -0.0182589 -0.0147571 -0.00871672 0.000465469 0.0128546 0.0259981 0.0350347 0.0354667 0.0267238 0.0148432 0.010396 0.0197323 0.0378459 
0.0354598 0.0400403 0.0311191 0.0128961 -0.00469853 -0.0112651 -0.00382491 0.0108882 0.0223045 0.0240244 0.0171668 0.00707924 -0.00191616 -0.00841674 -0.0128845 -0.0161083 -0.0181261 -0.0182955 -0.016164 -0.011524 -0.00387611 0.00658734 0.0170693 0.0226757 0.0197652 0.0092199 -0.00251748 -0.00634565 0.00261335 0.0200343 
0.0119772 0.0195845 0.0178346 0.00619437 -0.0089463 -0.0170342 -0.0127891 -0.00111021 0.00837258 0.00998346 0.00523185 -0.000965445 -0.00551063 -0.00836753 -0.0107033 -0.0131493 -0.0152255 -0.0159045 -0.0145855 -0.0111679 -0.00559519 0.00141164 0.00709656 0.00764813 0.00139455 -0.00909997 -0.0181082 -0.0201311 -0.0133847 -0.000832966 
-0.009866 -0.00171214 0.00361687 0.00169771 -0.00668119 -0.0139899 -0.0137031 -0.00725272 -0.00126558 -7.35273e-05 -0.00253196 -0.00518403 -0.00648145 -0.00719214 -0.00838152 -0.010171 -0.0117613 -0.0121428 -0.0108659 -0.00812014 -0.00448803 -0.00138204 -0.00137084 -0.00657865 -0.0160096 -0.02525 -0.0298205 -0.0286628 -0.0238419 -0.0174378 
-0.0218091 -0.0156484 -0.00717197 -0.00177122 -0.00298984 -0.00750532 -0.00925003 -0.00684412 -0.0038951 -0.00343555 -0.00476437 -0.00569111 -0.00568216 -0.00570964 -0.00645287 -0.00763729 -0.00844848 -0.00817226 -0.00662573 -0.00419723 -0.00193332 -0.00187964 -0.00650064 -0.0163693 -0.028114 -0.0358833 -0.0363047 -0.0316887 -0.0270801 -0.0245894 
-0.0194964 -0.015948 -0.00917916 -0.00273357 -0.000820756 -0.0027587 -0.0040615 -0.00270829 -0.000900985 -0.000936212 -0.00229384 -0.00333457 -0.00371773 -0.00409537 -0.00477197 -0.00541889 -0.00550782 -0.00472697 -0.00307474 -0.00087303 0.000725879 -0.000672646 -0.0074006 -0.018983 -0.0309034 -0.0371631 -0.0352773 -0.0286571 -0.0229866 -0.0206575 
-0.00532659 -0.00329817 -0.0011486 0.000603885 0.000494213 -0.000746478 -0.000298968 0.00252269 0.00514075 0.00532883 0.00356226 0.00140527 -0.000436824 -0.00192174 -0.0029632 -0.00338581 -0.00307958 -0.0020864 -0.000484226 0.00156388 0.00301705 0.00155749 -0.00468456 -0.0146002 -0.0239667 -0.0282229 -0.02587 -0.019459 -0.0128811 -0.0081874 
0.0110921 0.0130326 0.0110667 0.00682966 0.00238075 0.000138509 0.00207922 0.00715363 0.0116157 0.0127808 0.010895 0.00751178 0.00387207 0.000855225 -0.000984701 -0.00158709 -0.00118784 -7.46933e-05 0.00157695 0.00360561 0.00510612 0.00421867 -0.000131166 -0.0064763 -0.0117436 -0.0136231 -0.0117545 -0.00720516 -0.0011035 0.00561917 
0.0188411 0.021293 0.0183488 0.0116464 0.00469045 0.00129961 0.00372809 0.0103209 0.0165165 0.0189274 0.0172892 0.0130672 0.00798105 0.00361534 0.000954199 6.35854e-05 0.000515408 0.00184998 0.00371972 0.00581608 0.00737219 0.00711266 0.0046528 0.00149055 -0.000425549 -0.000524776 0.000639802 0.00283233 0.00676052 0.012774 
0.014177 0.0166748 0.0159395 0.0117476 0.00617259 0.00303338 0.00543474 0.0124031 0.0193788 0.0224805 0.0209895 0.0163413 0.0105696 0.0055908 0.00257892 0.00164203 0.00228709 0.00393197 0.00604607 0.00818914 0.00977442 0.00996936 0.00859685 0.00684246 0.00611558 0.00652417 0.00714316 0.00747799 0.00826724 0.0106223 
0.00264171 0.00442146 0.00694808 0.00771433 0.00605227 0.00475643 0.00749176 0.0141861 0.0207552 0.0234065 0.0215054 0.0166815 0.0110294 0.00630048 0.00351487 0.00277996 0.00365388 0.00554441 0.00781674 0.00993815 0.0114444 0.0117323 0.010518 0.00859576 0.00737854 0.00744163 0.00791177 0.0073839 0.0054033 0.00318223 
-0.00751722 -0.00646009 -0.00161588 0.00304346 0.00485832 0.00566246 0.0090438 0.0151627 0.0203963 0.0216368 0.0189382 0.014258 0.00943104 0.00561711 0.00341598 0.00289365 0.00378977 0.00569153 0.00799005 0.0100178 0.0112277 0.0111044 0.00936848 0.00667227 0.0045968 0.00426473 0.00496326 0.00448991 0.00118279 -0.00398527 
-0.0126254 -0.0112593 -0.00540572 0.000573811 0.00357137 0.00512635 0.00841278 0.0133388 0.0167416 0.0164922 0.0134176 0.00955013 0.00616152 0.00367183 0.00221391 0.00181086 0.00245888 0.00406794 0.00618428 0.00799668 0.00870466 0.0077862 0.00519016 0.00173737 -0.000907105 -0.00147338 -0.000579603 -0.000616989 -0.00364494 -0.00890845 
-0.0144838 -0.0116709 -0.00557277 -0.0002042 0.00190242 0.00240662 0.00414498 0.00704259 0.0087049 0.00787678 0.00559899 0.00341971 0.00190428 0.000914996 0.000280022 -1.61566e-06 0.00028848 0.00138744 0.00307543 0.00450459 0.00463061 0.002835 -0.000687162 -0.00480982 -0.00786782 -0.00880106 -0.00821407 -0.00806352 -0.00990377 -0.0130359 
-0.0171754 -0.0127088 -0.00663644 -0.00232207 -0.00164509 -0.00299706 -0.00364915 -0.00298794 -0.00230056 -0.00238272 -0.002722 -0.00266816 -0.00224594 -0.00181126 -0.00162689 -0.00170893 -0.00171522 -0.00117084 -5.19012e-05 0.000893148 0.000510869 -0.00195333 -0.00621373 -0.0109353 -0.0145206 -0.0162441 -0.0167059 -0.0170988 -0.0179844 -0.0185861 
-0.0236888 -0.0181843 -0.0119521 -0.00785394 -0.00764219 -0.0101718 -0.0126621 -0.0134069 -0.0125989 -0.0110337 -0.00910003 -0.00700567 -0.00506709 -0.00357622 -0.00273481 -0.0025651 -0.00269931 -0.0025462 -0.00189949 -0.00134972 -0.00201469 -0.00473366 -0.00930989 -0.0144878 -0.0188694 -0.0219652 -0.0242463 -0.0261584 -0.0273235 -0.0267699 
-0.0331706 -0.0272744 -0.0204343 -0.015427 -0.0143217 -0.0165894 -0.0194257 -0.0202628 -0.0185912 -0.0154056 -0.0118126 -0.0085022 -0.00580996 -0.00383755 -0.00264048 -0.00221532 -0.00224183 -0.00214389 -0.001644 -0.00120355 -0.00182208 -0.00434252 -0.00879178 -0.0143076 -0.0197972 -0.0247394 -0.0292736 -0.0333754 -0.0361487 -0.0362991 
-0.0410767 -0.0350856 -0.0274379 -0.0210969 -0.0184363 -0.019362 -0.021259 -0.021361 -0.0189322 -0.0150187 -0.0109195 -0.007389 -0.00466918 -0.00271128 -0.00142897 -0.000776076 -0.000524934 -0.000208435 0.000440703 0.00105028 0.00074799 -0.00128831 -0.0053681 -0.0111425 -0.017773 -0.0244394 -0.0308569 -0.0369081 -0.0416512 -0.0434083 
-0.0432981 -0.0372837 -0.0290425 -0.0216842 -0.0176686 -0.0171295 -0.0178509 -0.0173881 -0.0150201 -0.0115619 -0.00803847 -0.00500845 -0.00264283 -0.000891942 0.000352725 0.00113462 0.00157792 0.0020355 0.00277985 0.00355426 0.00361542 0.00215332 -0.00139647 -0.00711806 -0.014328 -0.021864 -0.0291035 -0.0360561 -0.0419846 -0.0449398 
-0.0399336 -0.0339188 -0.0254165 -0.017528 -0.0127428 -0.0113796 -0.0116186 -0.0113628 -0.00985734 -0.00755469 -0.00509153 -0.0027987 -0.000827874 0.00074232 0.00188928 0.00257955 0.00286495 0.00305177 0.00348699 0.00410687 0.00436591 0.00352774 0.000862869 -0.00407832 -0.0108749 -0.0182742 -0.0254041 -0.0322419 -0.0382095 -0.0413779 
-0.0344641 -0.0284979 -0.0200146 -0.0120068 -0.00704479 -0.00563882 -0.00618289 -0.00665964 -0.00616325 -0.00490194 -0.00332464 -0.00163548 4.22383e-05 0.00149438 0.00249103 0.00287718 0.00268038 0.00222471 0.00196187 0.00207021 0.00230836 0.00214808 0.00080578 -0.00256731 -0.00812289 -0.0148996 -0.0217422 -0.0281413 -0.0334505 -0.036086 
-0.0298937 -0.0241175 -0.0160299 -0.00838945 -0.00374563 -0.00273081 -0.00381699 -0.00489945 -0.00494234 -0.00416063 -0.00307061 -0.00181403 -0.000381268 0.000994269 0.00189977 0.00203341 0.00139141 0.000310498 -0.000675728 -0.00114502 -0.000994659 -0.000504119 -0.000468453 -0.0021233 -0.00633269 -0.012637 -0.0195337 -0.0256574 -0.0300996 -0.0318534 
-0.0266727 -0.0213311 -0.0141113 -0.00734635 -0.0033459 -0.00278257 -0.00421087 -0.00546154 -0.00548345 -0.00469834 -0.00384214 -0.00300859 -0.00192897 -0.000669156 0.000290156 0.000482859 -0.000213968 -0.0015258 -0.00286908 -0.00359144 -0.00332581 -0.00228051 -0.00136 -0.00201187 -0.00550325 -0.0117363 -0.0188992 -0.0247928 -0.0282568 -0.0289798 
-0.0238412 -0.0191198 -0.0129171 -0.00713814 -0.00385724 -0.00378958 -0.00554218 -0.00685486 -0.00667811 -0.00567641 -0.00487515 -0.00443569 -0.0038638 -0.00290617 -0.00190342 -0.00141458 -0.00174846 -0.00277081 -0.00388527 -0.00427338 -0.00349579 -0.00197604 -0.000839897 -0.00142858 -0.00484197 -0.0110666 -0.0182404 -0.0237532 -0.0263419 -0.0262681 
-0.0202139 -0.0161187 -0.0105411 -0.00537011 -0.00278287 -0.00355862 -0.00615349 -0.00802502 -0.00798075 -0.00679171 -0.00578254 -0.00544236 -0.00533907 -0.00490757 -0.00410262 -0.00335709 -0.00310861 -0.0033899 -0.00365311 -0.00307087 -0.00139251 0.000547064 0.00148894 0.000606878 -0.00257098 -0.00807005 -0.0145385 -0.0196315 -0.0220763 -0.0221677 
-0.01415 -0.010649 -0.0053995 -0.000759436 0.00083249 -0.001277 -0.00522149 -0.00818125 -0.00875911 -0.00760922 -0.0062334 -0.00563873 -0.00579973 -0.00599065 -0.00562233 -0.00475286 -0.00383348 -0.00308367 -0.00209262 -0.000182378 0.00254241 0.0048411 0.00556686 0.00472431 0.0026386 -0.000924228 -0.005731 -0.0103747 -0.0135977 -0.0150021 
-0.0046026 -0.00173564 0.00258032 0.00560697 0.00529662 0.00169644 -0.00313664 -0.00672483 -0.00784268 -0.00692278 -0.00537083 -0.00456391 -0.00493263 -0.00572268 -0.00583222 -0.00485829 -0.00321945 -0.00139676 0.000768829 0.00377371 0.00728504 0.00989334 0.0106989 0.010427 0.0100272 0.00902275 0.00643892 0.00248514 -0.00162606 -0.00444763 
0.00633567 0.0086476 0.0108772 0.0105908 0.00733908 0.00258355 -0.0017301 -0.00435582 -0.00497438 -0.00404243 -0.0026569 -0.00208193 -0.00282853 -0.00412909 -0.00460818 -0.00353405 -0.00129407 0.00132241 0.00412344 0.0074813 0.011183 0.0140304 0.0152921 0.0158335 0.0167911 0.0176838 0.0169153 0.0138179 0.00956901 0.00648587 
0.0139599 0.0159981 0.0157408 0.0116353 0.00540301 8.32285e-05 -0.00259549 -0.00282548 -0.00163137 -4.84457e-05 0.0010006 0.00086376 -0.00045888 -0.00211905 -0.00283723 -0.00182879 0.000581552 0.00341462 0.00613924 0.00902587 0.0122316 0.0150807 0.0168812 0.0180386 0.0194876 0.0210579 0.0212213 0.0189005 0.0152594 0.0131067 
0.0154598 0.0173285 0.015529 0.0093595 0.00182424 -0.00335722 -0.00455529 -0.00250628 0.000864352 0.00350346 0.00416359 0.00294046 0.000810803 -0.00115434 -0.00206538 -0.00139701 0.000589965 0.0029514 0.00497149 0.00680726 0.00899797 0.0114964 0.0136141 0.0150769 0.0165348 0.0182993 0.019134 0.0176491 0.0148551 0.013731 
0.01242 0.0136793 0.0118256 0.00664001 0.000630294 -0.00345987 -0.00417398 -0.0014859 0.00300413 0.00640933 0.00663244 0.00410539 0.00081819 -0.00171703 -0.00296935 -0.00285424 -0.00168474 -0.000259186 0.000696387 0.00125539 0.00226032 0.00425239 0.0065893 0.00842975 0.0102329 0.0127084 0.0146998 0.0143212 0.0121645 0.011121 
0.00782071 0.00766878 0.00655498 0.00462409 0.00265346 0.000964449 0.000226854 0.00182353 0.00575195 0.00920389 0.00912557 0.00552271 0.000894831 -0.00265279 -0.00455579 -0.00504871 -0.00463305 -0.00406179 -0.00404508 -0.00457085 -0.00457982 -0.00304218 -0.0004483 0.00206185 0.00478544 0.00849271 0.0118487 0.0124884 0.0104882 0.00841466 
0.00204078 -9.74546e-05 -0.000748265 0.000861967 0.00391514 0.00593493 0.00594297 0.00612332 0.00854114 0.0115265 0.0115185 0.00752995 0.00183438 -0.00292577 -0.00567078 -0.00658002 -0.00634613 -0.00586806 -0.00599547 -0.00689634 -0.00751091 -0.00651593 -0.00407335 -0.0012211 0.00217176 0.00656217 0.0104126 0.011262 0.00882846 0.00516478 
-0.00659249 -0.010481 -0.0110269 -0.00675505 0.00080541 0.00710857 0.00921519 0.0090918 0.010283 0.0126455 0.0128058 0.00889636 0.00256765 -0.00321518 -0.00663704 -0.00748483 -0.00650609 -0.00485046 -0.00373029 -0.00379198 -0.00440135 -0.00427419 -0.00307658 -0.00125485 0.0013609 0.00488198 0.00776789 0.00774992 0.00424974 -0.00118162 
-0.0175282 -0.0221132 -0.0218315 -0.0151995 -0.00407115 0.00603047 0.0108427 0.0115626 0.0120675 0.0132908 0.0126856 0.00834996 0.00152307 -0.00480965 -0.00835746 -0.00849139 -0.00585086 -0.00176991 0.00202364 0.00403693 0.00400363 0.00284643 0.00147438 0.000448537 0.000505308 0.00191646 0.00332276 0.0022266 -0.00273976 -0.0102554 
-0.0255186 -0.0300835 -0.0278711 -0.0184717 -0.0045006 0.00830424 0.0154123 0.0171913 0.0167143 0.0152791 0.01182 0.00568156 -0.00171258 -0.00777353 -0.010473 -0.0091591 -0.00433384 0.00264903 0.00956291 0.0139038 0.0143725 0.0115367 0.00690396 0.00215924 -0.000855752 -0.000985355 0.000545262 -0.000100354 -0.00611683 -0.0161826 
-0.0237143 -0.0290549 -0.0253639 -0.0137956 0.00185277 0.016055 0.0247511 0.0273469 0.025137 0.0192549 0.0107917 0.0015542 -0.00627138 -0.0109445 -0.0115948 -0.00819228 -0.00131147 0.00774941 0.0164831 0.0217525 0.0218087 0.0173586 0.0104456 0.00343309 -0.000825841 8.77182e-07 0.00465078 0.00704722 0.0012909 -0.0114352 
-0.00984737 -0.0171846 -0.0140192 -0.00270378 0.012163 0.0258814 0.0353219 0.0386795 0.0347213 0.0239585 0.00986482 -0.0027435 -0.0106454 -0.0131993 -0.0112269 -0.00577919 0.00222221 0.0114609 0.0194838 0.0234134 0.0221645 0.0172143 0.0108246 0.0049916 0.00257375 0.00670889 0.0163131 0.0234638 0.0196447 0.0053968 
0.0117981 0.00300465 0.00409195 0.0121937 0.0229264 0.0334237 0.0421037 0.0460664 0.0413041 0.0271894 0.00893326 -0.00611539 -0.0138293 -0.0145761 -0.0107574 -0.00441834 0.00318606 0.0107014 0.0160326 0.0173638 0.0150472 0.0114558 0.00848128 0.00664845 0.0075814 0.0147405 0.0282056 0.0400308 0.0400943 0.0274907 
0.0347605 0.026237 0.0246882 0.0275984 0.0316677 0.0364475 0.0424072 0.0462511 0.0417867 0.0269179 0.00726991 -0.00858998 -0.0160675 -0.0161643 -0.0122014 -0.00664278 -0.000716085 0.00436361 0.00701346 0.00658615 0.0046152 0.00373199 0.00488268 0.00676598 0.00944071 0.016781 0.0313215 0.0471389 0.0535257 0.046972 
0.054032 0.0456585 0.0405769 0.0379918 0.0357022 0.0345845 0.0366684 0.0393564 0.0358444 0.022753 0.00465849 -0.0103028 -0.0176215 -0.0183701 -0.0158477 -0.0122164 -0.00825957 -0.00481259 -0.0029973 -0.00288718 -0.00284681 -0.00101638 0.00234131 0.00481519 0.00592735 0.0106039 0.0243473 0.0440493 0.0587126 0.0610308 
0.0654835 0.0540489 0.0438102 0.0373449 0.0326027 0.0288573 0.0278718 0.0287585 0.0262887 0.0166214 0.00226303 -0.0105177 -0.017777 -0.0200597 -0.0197693 -0.0182579 -0.0156421 -0.0122059 -0.00876067 -0.00562628 -0.00229424 0.00140445 0.00410503 0.00363236 0.000634936 0.0016071 0.0142664 0.0375814 0.0599958 0.06989 
0.066418 0.0477956 0.0309194 0.0231091 0.0215441 0.0208031 0.0198108 0.019395 0.0175712 0.0113265 0.00115357 -0.00916257 -0.0165284 -0.0205971 -0.022405 -0.0223848 -0.020056 -0.0151101 -0.00810852 -0.000146262 0.00731379 0.012213 0.0123937 0.00703232 -0.00102317 -0.00376835 0.00753815 0.0328595 0.0599008 0.0730777 
0.0581483 0.0309383 0.00701 -0.000849671 0.00434835 0.011589 0.0148455 0.0150328 0.0133698 0.00885607 0.00123037 -0.00764792 -0.0155191 -0.0211827 -0.0243215 -0.0246385 -0.0214144 -0.0140174 -0.0028224 0.0102601 0.0216977 0.02728 0.0244031 0.0138966 0.000710585 -0.00615002 0.00248657 0.0273673 0.0558881 0.0693271 
0.0452857 0.0132357 -0.0157341 -0.0241084 -0.0130923 0.00301501 0.0130952 0.0159232 0.014219 0.00930051 0.0017207 -0.00726804 -0.0159319 -0.0226017 -0.026023 -0.0254597 -0.0203864 -0.010425 0.00391435 0.0201605 0.033501 0.0384815 0.0324695 0.0175714 -5.0506e-05 -0.011217 -0.00663321 0.0156663 0.0440061 0.058086 
0.0323642 0.00332384 -0.0252876 -0.0343942 -0.0220963 -0.00182173 0.0129252 0.0181581 0.0161064 0.0095217 0.00050448 -0.0091005 -0.0177233 -0.023875 -0.0261831 -0.0238588 -0.0167804 -0.00525234 0.0096922 0.0254026 0.0371808 0.0398496 0.0312106 0.0139554 -0.00566041 -0.0194125 -0.0188457 -0.000877439 0.0254439 0.0412323 
0.022447 0.00404662 -0.0171738 -0.0254507 -0.0168904 -0.000679747 0.0118636 0.0160469 0.0127044 0.0043844 -0.00577298 -0.0148546 -0.0212775 -0.0244711 -0.0239853 -0.0194868 -0.0111994 -1.23282e-05 0.0125465 0.024176 0.031651 0.031482 0.0221898 0.00616117 -0.0113569 -0.0240702 -0.0257142 -0.0132797 0.00783311 0.0238732 
0.0189946 0.0141343 0.00457694 -0.000966915 0.000785911 0.00578529 0.00868993 0.00737065 0.00170151 -0.00744819 -0.0172165 -0.0240327 -0.0263772 -0.0249607 -0.0208382 -0.0144512 -0.00619793 0.00287118 0.0111323 0.0170447 0.019461 0.0172577 0.00980781 -0.0015496 -0.0133598 -0.0213907 -0.0220657 -0.0140684 6.31946e-06 0.0135054 
0.0292492 0.0338828 0.0330318 0.0289172 0.0229165 0.0147735 0.00548176 -0.00307491 -0.0111529 -0.0199198 -0.027824 -0.0315866 -0.0300582 -0.0249241 -0.0183218 -0.0112385 -0.00407502 0.00225125 0.0062835 0.00714243 0.00532968 0.00186459 -0.00292535 -0.0088339 -0.0141709 -0.01575 -0.0115155 -0.00261356 0.00840506 0.0197633 
0.0651363 0.0686369 0.0648228 0.0552598 0.0411303 0.0236538 0.00653668 -0.00654796 -0.0160375 -0.0242011 -0.0304904 -0.0324261 -0.0294381 -0.0235043 -0.0168735 -0.0105658 -0.00493849 -0.000795053 0.000579931 -0.00137241 -0.00542666 -0.00941813 -0.0124092 -0.014987 -0.0162678 -0.0120388 0.00103459 0.020246 0.0394109 0.0548298 
0.138535 0.126334 0.102764 0.0772049 0.0538207 0.0329548 0.0157844 0.0033233 -0.0063605 -0.0154728 -0.022994 -0.0264812 -0.0254762 -0.0216656 -0.0169071 -0.0121214 -0.00778467 -0.00472285 -0.00399028 -0.00585409 -0.00903816 -0.0115734 -0.0129946 -0.0145798 -0.0148724 -0.00609225 0.0197805 0.0603914 0.102335 0.130956 
0.247991 0.207182 0.150265 0.100612 0.0668842 0.0466081 0.0349776 0.0270632 0.017775 0.00522562 -0.00766715 -0.0168335 -0.0208168 -0.0207878 -0.0185579 -0.0153253 -0.0118179 -0.00878759 -0.00685008 -0.00586436 -0.00484426 -0.00301783 -0.00146192 -0.00223403 -0.00218787 0.0118023 0.0545062 0.125084 0.200328 0.247796 
0.361428 0.289471 0.198423 0.125538 0.0828998 0.0646007 0.0598856 0.0577005 0.0490528 0.0317594 0.0110548 -0.0060956 -0.0163137 -0.0203533 -0.0206097 -0.0189188 -0.0160873 -0.0124076 -0.00793541 -0.00238565 0.00457129 0.0122256 0.0178242 0.0187757 0.0203269 0.0407539 0.100798 0.200741 0.307756 0.371669 
