0.310291 0.278144 0.203894 0.138439 0.104562 0.0914806 0.0820192 0.0657816 0.040907 0.0137117 -0.00800015 -0.0218027 -0.0295504 -0.032775 -0.0314229 -0.0252017 -0.0143031 0.00126557 0.0212025 0.0416882 0.0552693 0.0581798 0.0559366 0.0579312 0.0683605 0.0855571 0.109243 0.146972 0.207388 0.276424 
0.300203 0.257662 0.172711 0.0981348 0.0602738 0.0502796 0.0487027 0.0414065 0.024351 0.00326136 -0.0138793 -0.0243595 -0.0297899 -0.0314739 -0.0294848 -0.023855 -0.0148876 -0.00272481 0.0123923 0.0280607 0.0392583 0.0432732 0.0447985 0.0523763 0.0694627 0.0928322 0.120327 0.158027 0.214177 0.275714 
0.221403 0.180965 0.108951 0.048232 0.0209906 0.0198179 0.0268021 0.0276383 0.0172091 0.000394734 -0.0146017 -0.0240558 -0.0285293 -0.0290016 -0.0262664 -0.0213769 -0.0151899 -0.00800651 0.000439847 0.00978057 0.0178168 0.023008 0.029073 0.0430533 0.0663953 0.0926616 0.116114 0.140158 0.173723 0.211063 
0.123806 0.0907145 0.0419687 0.00691154 -0.000883214 0.0102778 0.0250521 0.0314284 0.0243312 0.00755727 -0.0100844 -0.022357 -0.0277921 -0.0274598 -0.0237241 -0.0191073 -0.0150767 -0.0119058 -0.00873997 -0.00448968 0.000549802 0.00604856 0.0158308 0.0357612 0.0641398 0.0903334 0.105471 0.111356 0.11809 0.127871 
0.0515591 0.0276406 0.000151253 -0.0120724 -0.00252485 0.0190554 0.0391254 0.0481946 0.0415976 0.0217568 -0.00183611 -0.0195335 -0.027438 -0.0271868 -0.0229705 -0.0184209 -0.0151721 -0.0134082 -0.0123286 -0.0108415 -0.0087737 -0.00517592 0.00537895 0.0285816 0.0594541 0.0834691 0.0903695 0.0823924 0.0708731 0.0630161 
0.0178881 0.00519138 -0.00756098 -0.00754216 0.00959293 0.03541 0.0580346 0.0686665 0.0617286 0.0381088 0.00813723 -0.0152815 -0.0262657 -0.0272408 -0.0237593 -0.0196645 -0.0161251 -0.0132859 -0.0111978 -0.0101022 -0.0105288 -0.0105789 -0.0029488 0.0184195 0.0467213 0.0660095 0.0668612 0.0530018 0.0363932 0.0258611 
0.011292 0.0110741 0.00727419 0.00947945 0.0239776 0.0474208 0.0705787 0.0830573 0.076295 0.0498582 0.0153553 -0.0119602 -0.0252794 -0.027827 -0.0257594 -0.0223835 -0.0181037 -0.0130851 -0.00843441 -0.00603096 -0.00753087 -0.0108457 -0.00796126 0.00715251 0.0276699 0.0392941 0.0354329 0.0216607 0.00979914 0.00774228 
0.0128863 0.0235981 0.0251839 0.0248299 0.0317546 0.0488098 0.0699624 0.0829766 0.076446 0.049421 0.0143845 -0.0130834 -0.0266152 -0.0298233 -0.0285588 -0.0253713 -0.0201984 -0.0133041 -0.0063528 -0.0021142 -0.00317124 -0.00812013 -0.00954565 -0.00176322 0.0094047 0.0124765 0.00421302 -0.00780953 -0.0121739 -0.00310265 
0.0121934 0.0288918 0.0331838 0.0302221 0.030578 0.0405945 0.0565266 0.0664894 0.0593374 0.0347791 0.00446544 -0.0185849 -0.0297421 -0.0322242 -0.0306188 -0.0267983 -0.0208212 -0.0132078 -0.00549508 -0.000202887 -0.00033123 -0.00574453 -0.0101376 -0.00759523 -0.0024095 -0.00428998 -0.0149651 -0.0258143 -0.0257349 -0.0104859 
0.0109894 0.0272751 0.0308114 0.0257462 0.0224422 0.027101 0.0365127 0.041078 0.0328348 0.0130015 -0.00901165 -0.0246035 -0.0316376 -0.0325494 -0.030124 -0.0255389 -0.0193065 -0.0123811 -0.00579501 -0.000963187 -0.00067223 -0.00603879 -0.0117278 -0.0107926 -0.0057031 -0.00609657 -0.0151461 -0.0251036 -0.025056 -0.0107238 
0.0142577 0.0255486 0.0245556 0.0160003 0.0103566 0.0123747 0.0179573 0.0191756 0.0110527 -0.00383503 -0.0180668 -0.0267831 -0.0300349 -0.029709 -0.0269623 -0.0222376 -0.0164862 -0.0111734 -0.00686825 -0.00368799 -0.0036909 -0.00865456 -0.0139269 -0.0116128 -0.00269858 0.0024392 -0.00214572 -0.0106195 -0.0123206 -0.00224703 
0.0225256 0.0282886 0.0213553 0.0080654 0.000171711 0.0019468 0.00812186 0.0105052 0.00468236 -0.00661026 -0.0169098 -0.0227531 -0.02491 -0.0248355 -0.022687 -0.0184672 -0.0135164 -0.00976638 -0.0075995 -0.00621383 -0.00673313 -0.0108885 -0.0147033 -0.0104486 0.00150863 0.010697 0.00988104 0.00376925 0.00236255 0.0102606 
0.0337257 0.0370089 0.0266684 0.0102392 0.000623255 0.00269707 0.0109506 0.0163524 0.0134093 0.00375963 -0.0066935 -0.0140465 -0.0181839 -0.0198726 -0.018912 -0.0153846 -0.0110072 -0.00801161 -0.0068209 -0.0062539 -0.00664748 -0.00942715 -0.0116756 -0.00707537 0.00404162 0.0125825 0.0127209 0.00958549 0.011861 0.021906 
0.0460107 0.0499853 0.0402827 0.0242469 0.0141673 0.0152889 0.0230993 0.0290074 0.0268813 0.0169945 0.00447114 -0.00603477 -0.0130435 -0.0166251 -0.0166769 -0.0136582 -0.00948733 -0.00638401 -0.00482935 -0.00366112 -0.00282146 -0.00366196 -0.00470307 -0.0015098 0.00573182 0.0104578 0.00982391 0.0100369 0.0177991 0.0322222 
0.055796 0.0607539 0.0535682 0.0404003 0.0310646 0.0300211 0.034331 0.0374223 0.0338314 0.0229428 0.00889152 -0.00346487 -0.011855 -0.0160991 -0.0164443 -0.0136639 -0.00953487 -0.00591837 -0.00326482 -0.000665347 0.00195843 0.00311649 0.00292915 0.00424112 0.00740454 0.00863927 0.00779715 0.0114044 0.0237428 0.0410847 
0.0570895 0.0618959 0.0568608 0.0466362 0.0382527 0.0349693 0.0353806 0.0353997 0.0307094 0.020028 0.0064052 -0.00560084 -0.0135487 -0.0173149 -0.0174476 -0.0148134 -0.0108069 -0.00678466 -0.00316561 0.000563043 0.00434855 0.00672966 0.00700657 0.00690824 0.0074128 0.00707778 0.00721846 0.0132712 0.0271109 0.0438607 
0.0472605 0.0525073 0.0494741 0.0409883 0.0326363 0.0276424 0.0260414 0.0254629 0.0221217 0.0138796 0.00262991 -0.00765323 -0.0145518 -0.0177875 -0.0178407 -0.0154856 -0.0117902 -0.00776545 -0.00390426 -0.000115449 0.00349737 0.00587709 0.00611431 0.00512822 0.00420117 0.00344392 0.00452056 0.0108765 0.0226436 0.0360543 
0.0315734 0.0387273 0.0378842 0.0300262 0.0207965 0.0147045 0.0130048 0.0139339 0.0135893 0.00904758 0.00113497 -0.0069771 -0.0129756 -0.0161293 -0.0164652 -0.0145273 -0.0112465 -0.0075653 -0.00413091 -0.0011453 0.0014179 0.00312011 0.00315053 0.00176526 0.000133017 -0.000941005 -0.000102152 0.00425409 0.0117366 0.0212071 
0.0172207 0.025483 0.0255872 0.0176475 0.00787783 0.00184665 0.00114508 0.00383907 0.00603538 0.00476382 0.000226936 -0.00534978 -0.0101109 -0.0130647 -0.0137112 -0.0122153 -0.00939441 -0.00623273 -0.00347994 -0.00143595 0.000132594 0.00130585 0.00140223 0.000187318 -0.00150242 -0.00285782 -0.00312919 -0.00179904 0.00125921 0.00744107 
0.00474161 0.0116439 0.0108525 0.00282747 -0.00603014 -0.0102716 -0.00908618 -0.00506687 -0.0016509 -0.000879425 -0.00245924 -0.00505186 -0.00773401 -0.00980733 -0.0104596 -0.00938377 -0.00715852 -0.00471393 -0.00273739 -0.00146459 -0.00056138 0.000236621 0.000310279 -0.00079238 -0.00253086 -0.00437213 -0.00602068 -0.00724092 -0.00719702 -0.00338492 
-0.00890598 -0.0039591 -0.00545546 -0.0125109 -0.019268 -0.0208529 -0.0173065 -0.0120309 -0.00812239 -0.0063931 -0.00589529 -0.00581132 -0.00620532 -0.00698966 -0.00733273 -0.00657616 -0.0050157 -0.00340294 -0.00221457 -0.00153063 -0.00110342 -0.000903825 -0.00163266 -0.00369758 -0.00664086 -0.0100858 -0.0136919 -0.0167746 -0.018007 -0.0152784 
-0.021928 -0.0169688 -0.017011 -0.0216703 -0.0262258 -0.0259669 -0.0207662 -0.0144106 -0.0102213 -0.00840311 -0.00727255 -0.00596538 -0.00503083 -0.00486885 -0.00486529 -0.00430164 -0.00326788 -0.00227231 -0.00154746 -0.00106643 -0.000862426 -0.00140902 -0.00352259 -0.00732269 -0.0122278 -0.0179692 -0.0240357 -0.0289525 -0.0307504 -0.0279876 
-0.0291936 -0.0225737 -0.0196444 -0.0212105 -0.023915 -0.023079 -0.0176743 -0.0111013 -0.00704663 -0.00586871 -0.00549394 -0.00464049 -0.00375676 -0.00343962 -0.00339961 -0.00309342 -0.0024887 -0.00182604 -0.0011562 -0.00051588 -0.000340287 -0.0014972 -0.00460998 -0.00926884 -0.0147964 -0.021377 -0.0289014 -0.0355052 -0.0383399 -0.03576 
-0.0291704 -0.0214692 -0.0160654 -0.0148845 -0.0159339 -0.0151291 -0.0107737 -0.00523305 -0.00192695 -0.00157494 -0.00229851 -0.00256985 -0.00248048 -0.00256256 -0.00279122 -0.0028739 -0.00273397 -0.00239838 -0.00182649 -0.00119838 -0.0012206 -0.00276422 -0.00592468 -0.00975819 -0.0136841 -0.0185828 -0.0252506 -0.0322852 -0.0364497 -0.0352463 
-0.0253573 -0.0183263 -0.0120693 -0.00919156 -0.00897633 -0.00847149 -0.00586127 -0.00220582 0.000139656 0.000310859 -0.000584319 -0.00133549 -0.00176782 -0.00216616 -0.00259517 -0.00297063 -0.0032613 -0.00341432 -0.00336047 -0.00329325 -0.0038299 -0.0055292 -0.00807403 -0.0103847 -0.0120634 -0.0142693 -0.0184019 -0.0240804 -0.0287573 -0.0294922 
-0.0219771 -0.0168156 -0.0112336 -0.00797534 -0.00728369 -0.00732043 -0.00644761 -0.00461012 -0.00285353 -0.00194423 -0.0017492 -0.00180707 -0.00193091 -0.00213847 -0.00243838 -0.00286438 -0.0034656 -0.00418976 -0.00492211 -0.00567986 -0.00672342 -0.00827158 -0.0100221 -0.0112832 -0.0118294 -0.0124275 -0.0142898 -0.0178554 -0.0218701 -0.0238537 
-0.0195515 -0.0164513 -0.0124976 -0.00996728 -0.00948478 -0.0100033 -0.0102422 -0.00956578 -0.00802912 -0.00613417 -0.00442419 -0.00318201 -0.0024301 -0.00205676 -0.00198813 -0.00230553 -0.00310612 -0.0043126 -0.00569742 -0.00703145 -0.0082312 -0.00931744 -0.0102436 -0.0109246 -0.0113736 -0.0118131 -0.0128058 -0.0149175 -0.0178153 -0.019938 
-0.015907 -0.0145787 -0.0125531 -0.0112201 -0.0110962 -0.0116921 -0.0122783 -0.0121861 -0.0109437 -0.00867934 -0.00608518 -0.00386801 -0.00233355 -0.00140443 -0.000973274 -0.00113808 -0.00200823 -0.00345371 -0.00512364 -0.00660599 -0.00762369 -0.00810851 -0.00818898 -0.00822448 -0.0085587 -0.0092398 -0.0102913 -0.0118894 -0.0139135 -0.0155897 
-0.0101275 -0.0103353 -0.0100483 -0.00975756 -0.00977805 -0.0100946 -0.0105858 -0.010832 -0.0101684 -0.00834343 -0.00580498 -0.00332187 -0.00142113 -0.000167816 0.000507616 0.000499718 -0.000285481 -0.00166739 -0.00322671 -0.00448284 -0.00509808 -0.00496774 -0.00425097 -0.00348259 -0.00329548 -0.0038836 -0.00503093 -0.00646703 -0.00796366 -0.00927377 
-0.00357204 -0.00516687 -0.00620376 -0.00657031 -0.00657594 -0.00661877 -0.00702029 -0.00759854 -0.00764904 -0.00663527 -0.00465922 -0.00234679 -0.00033376 0.00113602 0.00202353 0.00220598 0.00163696 0.000560093 -0.000579668 -0.00132145 -0.00135987 -0.000613374 0.000758254 0.00220476 0.00297046 0.00271245 0.00171667 0.000498545 -0.000683958 -0.0019779 
0.0019292 -0.000707606 -0.00256545 -0.00327275 -0.00331279 -0.00336938 -0.00393779 -0.00492393 -0.00560907 -0.00529893 -0.00387394 -0.00181114 0.000251289 0.00194857 0.00311165 0.00357393 0.00333301 0.00268656 0.00208357 0.00193857 0.00248661 0.00373581 0.00549337 0.00725698 0.00833249 0.00837789 0.00767552 0.00674862 0.0057494 0.00426417 
0.00583287 0.00277981 0.000574746 -0.000346701 -0.000615056 -0.00101279 -0.00199716 -0.00344655 -0.00462325 -0.00477642 -0.00373512 -0.0019082 0.000141494 0.00203202 0.00349495 0.00430297 0.0044567 0.00425196 0.00411105 0.00441298 0.00534133 0.0068341 0.00866133 0.0104051 0.0115505 0.0118488 0.0114971 0.0108616 0.00999829 0.00845129 
0.00857077 0.00572817 0.00349967 0.00234426 0.00165465 0.00070887 -0.000831883 -0.00277685 -0.00436646 -0.00485544 -0.00411489 -0.00252403 -0.000533136 0.00149682 0.00320754 0.00431749 0.00482054 0.00497721 0.00515693 0.00570505 0.00678501 0.00831416 0.0100631 0.0117074 0.0128992 0.0134465 0.0134 0.0129546 0.0122031 0.0108701 
0.0103058 0.00795158 0.00583894 0.00443545 0.00328326 0.00176666 -0.000360894 -0.00280711 -0.00476181 -0.00552996 -0.00505261 -0.00365541 -0.00167386 0.000511325 0.00242398 0.00374538 0.00449836 0.00492878 0.00534713 0.00604626 0.00717921 0.00870106 0.0104392 0.0121322 0.0134757 0.0142359 0.0143423 0.0139085 0.0131487 0.012063 
0.0109445 0.00891434 0.00687146 0.00522049 0.00365077 0.00162827 -0.00103415 -0.00389396 -0.00606861 -0.0069766 -0.00664843 -0.00532897 -0.00326188 -0.000880987 0.00122912 0.0027344 0.00370823 0.00440526 0.00508031 0.00595002 0.0071432 0.00869022 0.0105296 0.0124329 0.0140226 0.0149664 0.0151339 0.0145955 0.0136239 0.0124674 
0.0104196 0.00834906 0.00624746 0.00434325 0.00237091 -0.000112974 -0.00318103 -0.00621216 -0.008305 -0.00907862 -0.00867957 -0.00728325 -0.00507756 -0.00252072 -0.000222252 0.00149183 0.00271743 0.00370778 0.00466615 0.00572675 0.00698264 0.00854449 0.0104796 0.0125923 0.0144271 0.0155706 0.0158331 0.0151809 0.0138322 0.0122117 
0.00860065 0.00633573 0.00421398 0.00217557 -0.000144244 -0.00301373 -0.00623357 -0.00903889 -0.0106699 -0.0110307 -0.0103857 -0.00885687 -0.00658774 -0.00398813 -0.00158972 0.000305445 0.00176392 0.00300411 0.00417872 0.00535458 0.00659289 0.00804645 0.00985399 0.0118687 0.0136831 0.0149152 0.0153008 0.0146327 0.0129936 0.0108609 
0.00511577 0.00296946 0.00123545 -0.000562207 -0.00301116 -0.00604637 -0.00898572 -0.011031 -0.0118264 -0.0116468 -0.0108242 -0.00936766 -0.00730484 -0.00492194 -0.00262371 -0.000680378 0.000917338 0.0023241 0.0036328 0.00483714 0.00593007 0.00701054 0.00818836 0.00940408 0.0105181 0.0114119 0.0118297 0.0113514 0.00980671 0.00754611 
-0.000708761 -0.0021686 -0.0028646 -0.00382081 -0.00591035 -0.00858818 -0.0105649 -0.0112047 -0.010855 -0.0102257 -0.00959024 -0.00867103 -0.00722414 -0.00535922 -0.00338085 -0.00153641 0.000131654 0.00170522 0.00319533 0.00445874 0.0052987 0.00563449 0.00550265 0.00502732 0.0045608 0.00450589 0.00476107 0.00462614 0.00348519 0.00145317 
-0.00883227 -0.00925788 -0.00855181 -0.0082055 -0.00929359 -0.0107923 -0.0109347 -0.00953034 -0.00785879 -0.00703508 -0.0070762 -0.00721301 -0.00678142 -0.00567274 -0.00413448 -0.0024234 -0.000634471 0.00123632 0.0030842 0.00453414 0.00506312 0.00434255 0.00240325 -0.000322738 -0.00290277 -0.00433664 -0.00451917 -0.00449107 -0.00537444 -0.00717621 
-0.0178509 -0.0171688 -0.0152691 -0.0137217 -0.0135198 -0.0132496 -0.0109205 -0.00701486 -0.003857 -0.00293047 -0.00388332 -0.00535824 -0.00619763 -0.00600959 -0.00495713 -0.00332667 -0.00129362 0.00104669 0.00343091 0.00518303 0.00540857 0.00357767 -0.000164589 -0.00503168 -0.00963795 -0.0125811 -0.013652 -0.0141363 -0.0153079 -0.0169505 
-0.0257997 -0.0237971 -0.0210728 -0.0189351 -0.0179297 -0.0161761 -0.0115127 -0.00508234 -0.00024385 0.00105668 -0.000586433 -0.00328227 -0.00537016 -0.00612104 -0.00554565 -0.00394523 -0.00160409 0.00125839 0.00420202 0.00625463 0.00621241 0.00344804 -0.00171004 -0.00819264 -0.0144136 -0.0188768 -0.0213893 -0.0231818 -0.0250562 -0.0262471 
-0.0304523 -0.0267428 -0.0234874 -0.0217725 -0.0212756 -0.019241 -0.0132168 -0.00488696 0.00151155 0.00349874 0.00165526 -0.00178826 -0.00474251 -0.00615712 -0.00587953 -0.00422287 -0.00159653 0.00165349 0.00495149 0.00712405 0.0067775 0.00327234 -0.00287826 -0.0104358 -0.0178332 -0.0236761 -0.0277265 -0.0308106 -0.0329724 -0.03298 
-0.0299735 -0.0246561 -0.0214014 -0.0214632 -0.0232505 -0.0225036 -0.0163563 -0.00704702 0.000499503 0.00336747 0.00189715 -0.00168116 -0.00499899 -0.00666619 -0.00637497 -0.00450719 -0.00163167 0.00178888 0.00512031 0.00713408 0.006379 0.00224408 -0.00461258 -0.0128548 -0.0209932 -0.0276643 -0.0323177 -0.0352955 -0.0364313 -0.0346415 
-0.0248706 -0.0188867 -0.0162156 -0.0188686 -0.0241283 -0.0258385 -0.0204623 -0.010765 -0.00226837 0.00174787 0.00115965 -0.00217421 -0.00569119 -0.00748961 -0.00703726 -0.00486365 -0.0017703 0.00165133 0.00478595 0.00650043 0.00536302 0.000703931 -0.00678992 -0.0156457 -0.0242173 -0.0308114 -0.0343317 -0.0350781 -0.0338634 -0.0305199 
-0.0181713 -0.0126435 -0.0104558 -0.0149055 -0.0231452 -0.0274772 -0.0233401 -0.0135975 -0.00418169 0.00118005 0.00162448 -0.00157032 -0.00558515 -0.00780638 -0.00737797 -0.00500463 -0.00179582 0.00148755 0.00432163 0.00580072 0.00450094 -0.000523175 -0.00870931 -0.0182664 -0.026969 -0.0324912 -0.03337 -0.0306042 -0.026844 -0.0230768 
-0.0133553 -0.00836886 -0.00549635 -0.00957803 -0.0188317 -0.0250032 -0.0224097 -0.013245 -0.00331312 0.00313493 0.00424708 0.000740924 -0.00418166 -0.00718798 -0.00712573 -0.00486107 -0.00181061 0.00109259 0.00347232 0.00472689 0.00343215 -0.00171977 -0.0102806 -0.019936 -0.027756 -0.0311587 -0.0291322 -0.0238388 -0.0192416 -0.0165813 
-0.0122063 -0.0060096 -0.000338616 -0.00171049 -0.00991047 -0.0169729 -0.0163011 -0.00874225 0.000686027 0.00728593 0.00823499 0.00394417 -0.00198137 -0.00581484 -0.00635522 -0.0046178 -0.00218769 -5.61496e-05 0.00156144 0.00233889 0.000937093 -0.0040687 -0.0120897 -0.0202482 -0.0253484 -0.025639 -0.0217453 -0.0169429 -0.0146813 -0.014473 
-0.0132311 -0.00338556 0.00690678 0.00954232 0.00343813 -0.00410608 -0.005842 -0.000948114 0.00666702 0.0120323 0.0117886 0.00647346 -8.21782e-05 -0.00434737 -0.00544575 -0.00452641 -0.00312013 -0.00209959 -0.00157134 -0.0017069 -0.00358754 -0.00829201 -0.0147948 -0.0198773 -0.0207718 -0.0175054 -0.0130663 -0.0114695 -0.0139038 -0.0164013 
-0.0122886 0.00153691 0.0158069 0.0217543 0.0175611 0.00946677 0.00494156 0.00646883 0.0112834 0.0143486 0.0123041 0.00613761 -0.000341796 -0.00428159 -0.0054178 -0.00504747 -0.00451421 -0.00447983 -0.00503207 -0.00630327 -0.00892771 -0.0132284 -0.017637 -0.0190337 -0.0156408 -0.00939074 -0.00523509 -0.00725318 -0.0138392 -0.0176738 
-0.00619524 0.00887772 0.0237476 0.0306706 0.0276295 0.0190668 0.0117644 0.00958184 0.0110739 0.0115246 0.00784995 0.00140398 -0.00423602 -0.00699531 -0.00727444 -0.00657617 -0.00610071 -0.00632478 -0.00735145 -0.00930443 -0.0123086 -0.0158412 -0.0179359 -0.0160045 -0.00954532 -0.00188675 0.00140751 -0.00270851 -0.010453 -0.0134134 
0.00524449 0.0178306 0.0293447 0.0346087 0.0320051 0.0236244 0.0144328 0.00895988 0.0071761 0.00519376 0.000366251 -0.00590275 -0.0104255 -0.0116742 -0.0105136 -0.00871995 -0.00752122 -0.0072566 -0.00794354 -0.0096429 -0.0121284 -0.0143471 -0.0142291 -0.00991709 -0.00218261 0.00497676 0.00704372 0.00313947 -0.00213213 -0.00233744 
0.01912 0.0270044 0.0327717 0.0344651 0.031604 0.0243558 0.0153093 0.00845206 0.0045305 0.00071866 -0.00500338 -0.0113605 -0.0154738 -0.0158574 -0.0134914 -0.0105342 -0.00849045 -0.00760129 -0.00762132 -0.00842746 -0.00969027 -0.0103892 -0.00876814 -0.00369867 0.00320756 0.00833278 0.00957634 0.00845091 0.00858083 0.012249 
0.0280196 0.0317058 0.0324991 0.0308503 0.0275849 0.022238 0.0154518 0.00960654 0.00538214 0.000946602 -0.00527293 -0.0123324 -0.0172921 -0.018022 -0.0152345 -0.011519 -0.0088606 -0.00753828 -0.00701079 -0.00683563 -0.00672067 -0.00630609 -0.00478871 -0.00167709 0.00168448 0.00356392 0.00480025 0.00812917 0.014574 0.0220048 
0.0247586 0.026798 0.0263987 0.0242603 0.0216623 0.0186277 0.0147852 0.0108412 0.00748313 0.00383327 -0.00197654 -0.00982219 -0.0163829 -0.0183867 -0.01596 -0.0118882 -0.00859186 -0.00665926 -0.00555218 -0.00454212 -0.00342211 -0.00291473 -0.00360835 -0.00527458 -0.00766026 -0.0096239 -0.00809984 -0.000818258 0.0101036 0.0195057 
0.0136394 0.0167572 0.0186321 0.0186998 0.0179358 0.0169582 0.0149821 0.0119814 0.00938017 0.00702902 0.002054 -0.00642738 -0.0145647 -0.0180684 -0.0165183 -0.01245 -0.00832071 -0.00523502 -0.00322479 -0.00167797 -0.000553668 -0.00142015 -0.00565452 -0.0125113 -0.0198487 -0.0245482 -0.0229052 -0.0137326 -0.00116425 0.00851301 
0.00879655 0.0149783 0.0195069 0.0217258 0.022687 0.0225848 0.0203221 0.0165753 0.0138058 0.0117041 0.00630938 -0.00344267 -0.0129708 -0.0177796 -0.0175226 -0.0141336 -0.00944503 -0.00496925 -0.00181732 -0.000172198 -0.000321566 -0.00374617 -0.0110197 -0.0201952 -0.0285567 -0.0334734 -0.032041 -0.0231228 -0.0102132 0.000985652 
0.0165621 0.0266764 0.0320742 0.0346973 0.0364551 0.0358768 0.0316389 0.0261473 0.0223698 0.0188345 0.0111383 -0.000706551 -0.0113615 -0.0171525 -0.0185713 -0.016825 -0.0125422 -0.00723726 -0.00318289 -0.00186633 -0.00406793 -0.010179 -0.0185611 -0.0260753 -0.0312409 -0.033996 -0.0330278 -0.026007 -0.0129731 0.00252193 
0.0288619 0.040771 0.0449472 0.0466659 0.0484735 0.047091 0.0413517 0.0349819 0.0303298 0.024713 0.014421 0.00106115 -0.00983427 -0.0160058 -0.0189992 -0.019379 -0.0164711 -0.0114064 -0.00723872 -0.00669389 -0.0109409 -0.0187318 -0.0258893 -0.0286155 -0.0273952 -0.0252191 -0.0232303 -0.0187401 -0.00759898 0.010294 
0.0375025 0.0454531 0.0464767 0.0469145 0.0486451 0.0473452 0.0422416 0.0369184 0.0321908 0.0250418 0.0134496 0.000295488 -0.00949566 -0.0151155 -0.0188531 -0.0208334 -0.0194683 -0.0154034 -0.0119345 -0.0124174 -0.0179103 -0.0254251 -0.0287613 -0.0238057 -0.0124226 -0.000394427 0.00681138 0.00900066 0.0128337 0.0237306 
0.0446753 0.0433354 0.0397439 0.0388837 0.0409435 0.0407865 0.0374584 0.0334581 0.0283838 0.0199228 0.00804771 -0.00359189 -0.0111687 -0.0152507 -0.0185763 -0.0210104 -0.0205628 -0.0175131 -0.0148901 -0.015884 -0.0209518 -0.0256961 -0.0226411 -0.00733139 0.017821 0.0442389 0.0602763 0.0600457 0.0509603 0.045125 
0.0554993 0.0450346 0.0370751 0.035002 0.0375708 0.0386241 0.0360948 0.0313061 0.0238044 0.0128809 0.000420874 -0.00956389 -0.0145994 -0.0166351 -0.0187091 -0.020544 -0.0201918 -0.0177378 -0.0154821 -0.015812 -0.0185889 -0.0188337 -0.00860483 0.0167909 0.054641 0.0938539 0.117303 0.114215 0.0925509 0.0702013 
0.0683014 0.0553228 0.0462797 0.0437235 0.0460946 0.0471425 0.0437343 0.0358895 0.0236133 0.00843801 -0.00577042 -0.0150042 -0.0183515 -0.0189189 -0.0197417 -0.0204775 -0.0196094 -0.0172293 -0.0146889 -0.0133908 -0.0130696 -0.00913181 0.00608906 0.0371338 0.0807571 0.124318 0.148676 0.142497 0.115342 0.0873421 
0.077208 0.0712799 0.0667412 0.0654428 0.0666083 0.0657585 0.0599746 0.0480458 0.0301141 0.00985194 -0.00705147 -0.01694 -0.0204218 -0.0211243 -0.0215348 -0.021217 -0.0193146 -0.0161676 -0.0124491 -0.00900365 -0.00606538 -3.33528e-05 0.0161692 0.0467749 0.0878582 0.126167 0.144034 0.134136 0.109086 0.0879839 
0.0838678 0.0910124 0.0940956 0.0950544 0.094644 0.0905109 0.0809155 0.0644741 0.0414454 0.0167275 -0.00305502 -0.0148555 -0.0203028 -0.0227307 -0.0236018 -0.022298 -0.0186286 -0.0133454 -0.00697994 -0.000619779 0.00426386 0.00988505 0.0228571 0.04763 0.0802426 0.107854 0.116053 0.103168 0.0850339 0.0783814 
0.105074 0.121215 0.125901 0.12543 0.122835 0.115388 0.101386 0.0802339 0.0528577 0.0246486 0.00222093 -0.0120822 -0.0202423 -0.0247585 -0.026048 -0.0234038 -0.0171656 -0.00834514 0.00245041 0.0132084 0.020323 0.0240064 0.0305654 0.0456523 0.0668877 0.0837307 0.0858902 0.0760376 0.0708631 0.082835 
0.161747 0.172379 0.161944 0.148906 0.140471 0.130392 0.113742 0.089441 0.0589475 0.0281608 0.00368119 -0.0125843 -0.0225824 -0.0280606 -0.0288833 -0.0244914 -0.0154673 -0.00260956 0.013602 0.0299924 0.0403269 0.0424194 0.0423059 0.0474905 0.0585689 0.0690682 0.0733834 0.0767948 0.0936736 0.128162 
0.247056 0.237237 0.194709 0.155928 0.135427 0.123194 0.108063 0.0852054 0.0551013 0.0241289 -0.000530026 -0.0168209 -0.0266118 -0.0314175 -0.0310872 -0.0252515 -0.0143497 0.00134067 0.0215346 0.0422401 0.0555006 0.0575201 0.0541288 0.0543471 0.0614363 0.0726074 0.0862368 0.109328 0.15277 0.209796 
