0.340866 0.336396 0.279785 0.200527 0.130583 0.0864731 0.0674923 0.0625074 0.0577777 0.0445099 0.0230762 0.000496647 -0.0159679 -0.0235165 -0.0241072 -0.0214072 -0.0179008 -0.0144231 -0.0109172 -0.00660339 0.000172606 0.0108037 0.0237151 0.0340157 0.0394725 0.0473586 0.0723827 0.126114 0.20581 0.288988 
0.305734 0.307154 0.258326 0.184201 0.115172 0.0698782 0.0510789 0.0495182 0.0505821 0.0430703 0.0254359 0.00417325 -0.0127796 -0.0212913 -0.0222318 -0.0191276 -0.0149759 -0.0110257 -0.00735964 -0.00340502 0.00204775 0.0100548 0.0194618 0.0266049 0.0300651 0.0362223 0.0576725 0.104785 0.176343 0.25376 
0.249622 0.258316 0.220887 0.155405 0.0892051 0.0434628 0.0252817 0.0275538 0.0349457 0.0341503 0.0217208 0.00336895 -0.0125519 -0.0208212 -0.0213485 -0.0174589 -0.0126161 -0.00850531 -0.00511125 -0.00148396 0.00351165 0.0101573 0.0166506 0.0197159 0.0187506 0.0198313 0.0340307 0.0708318 0.130621 0.199075 
0.196146 0.208267 0.179205 0.121723 0.0597458 0.0153874 -0.0014639 0.00373699 0.0157775 0.0205599 0.0134112 -0.000935269 -0.0144107 -0.0215235 -0.0216508 -0.0176178 -0.012667 -0.00847549 -0.00493094 -0.000889448 0.00458085 0.0108596 0.0151944 0.0143112 0.00839056 0.0038163 0.0110863 0.0392219 0.0892818 0.149254 
0.155698 0.165523 0.139888 0.0891596 0.0335447 -0.00671366 -0.021522 -0.015182 -0.00140344 0.00673022 0.00422198 -0.00550086 -0.0156852 -0.0215152 -0.0220908 -0.0191746 -0.0148611 -0.010271 -0.00546398 0.000100088 0.00659567 0.0126313 0.0149551 0.0105017 0.000322777 -0.00843096 -0.00520525 0.018423 0.0626423 0.115356 
0.12708 0.131951 0.107469 0.0632255 0.0154898 -0.0191535 -0.0319319 -0.026119 -0.0129718 -0.00342021 -0.00217872 -0.00736484 -0.0142939 -0.019392 -0.0214644 -0.0207246 -0.0175174 -0.0120833 -0.00492849 0.00309703 0.0107765 0.0161026 0.0160529 0.00828812 -0.00517399 -0.0163234 -0.0145041 0.00760157 0.0483193 0.0945374 
0.106473 0.108492 0.0864413 0.0487821 0.00834537 -0.0214503 -0.0330011 -0.0286205 -0.0172429 -0.00759189 -0.00383427 -0.00548719 -0.0100239 -0.0151788 -0.0193723 -0.0211632 -0.0191323 -0.0126632 -0.00278616 0.00800798 0.0168395 0.0212094 0.0188647 0.00855156 -0.00694328 -0.0192073 -0.0179111 0.00286515 0.0398927 0.0800637 
0.0915001 0.0952731 0.0786633 0.0475934 0.0125468 -0.0144037 -0.0259239 -0.0235518 -0.0145703 -0.00596296 -0.00128229 -0.00104668 -0.00446207 -0.010284 -0.0165329 -0.0204284 -0.0192791 -0.0119305 0.000167331 0.013274 0.0231915 0.0271288 0.0237222 0.0126762 -0.00306344 -0.0155486 -0.0153516 0.00223251 0.0337119 0.0680162 
0.0814743 0.0906795 0.0816067 0.0567084 0.0251815 -0.000829442 -0.0136575 -0.0141329 -0.00826199 -0.00171537 0.00243898 0.00302663 -0.000270665 -0.00679034 -0.0142702 -0.0192191 -0.0184166 -0.0105848 0.00262305 0.0170068 0.0278895 0.0325058 0.0301064 0.0207319 0.00664419 -0.00550918 -0.00748435 0.00486427 0.0292182 0.0580791 
0.0773773 0.0925982 0.0901905 0.0697369 0.0400061 0.013535 -0.00172314 -0.00585504 -0.00362151 0.000336097 0.00324414 0.0035308 0.000299795 -0.00608302 -0.0133806 -0.0181023 -0.0171367 -0.00934115 0.00368638 0.0180819 0.0296195 0.0359123 0.0363704 0.0305598 0.0193441 0.0076957 0.00295024 0.00962781 0.0274404 0.0524337 
0.0792149 0.097726 0.098187 0.0791612 0.0497274 0.0223717 0.00468179 -0.00297833 -0.00423772 -0.00281431 -0.00110879 -0.000767674 -0.00300456 -0.00785563 -0.013552 -0.0170797 -0.0156803 -0.00835177 0.00354482 0.0169282 0.0286091 0.0368217 0.0408112 0.03919 0.0312349 0.0203947 0.0135605 0.0161866 0.0298949 0.0529503 
0.0817361 0.0991339 0.0982961 0.078413 0.0491881 0.0223409 0.00409628 -0.00553012 -0.0093967 -0.0101625 -0.0093859 -0.00835013 -0.00854618 -0.010769 -0.0140915 -0.0160718 -0.0141706 -0.00738818 0.00317568 0.0151993 0.0265441 0.0360837 0.0429371 0.0450105 0.04043 0.0313766 0.0241741 0.024787 0.0359161 0.0568297 
0.0754566 0.0883647 0.084745 0.0646552 0.03783 0.0144849 -0.0012727 -0.0105424 -0.0158074 -0.0184401 -0.0185778 -0.0166929 -0.0145244 -0.0138862 -0.0148464 -0.0154085 -0.0130233 -0.00655899 0.0030866 0.0140417 0.0247902 0.0346562 0.0429709 0.047713 0.0465465 0.0403334 0.0339686 0.032865 0.0401019 0.0558594 
0.0541413 0.0621108 0.0577325 0.0409758 0.0201399 0.00320526 -0.00782993 -0.0151321 -0.0209006 -0.0251827 -0.0264437 -0.0240835 -0.0199797 -0.0169514 -0.0160006 -0.0154717 -0.0127392 -0.00649407 0.00254408 0.012679 0.0225534 0.031713 0.0399977 0.0461009 0.0477044 0.0441797 0.038213 0.0339456 0.034745 0.0422826 
0.0206097 0.0257147 0.0241798 0.0149033 0.00316719 -0.00599606 -0.0120894 -0.0173827 -0.0234332 -0.0291865 -0.0317182 -0.0294207 -0.0241719 -0.0195415 -0.0172632 -0.0160323 -0.0133092 -0.00769611 0.000300391 0.00913102 0.0174508 0.024926 0.0319072 0.0378596 0.0406302 0.0382889 0.0313946 0.0228766 0.0165584 0.0157689 
-0.0148767 -0.00999 -0.00605723 -0.00551361 -0.0069179 -0.00865135 -0.0111047 -0.0154963 -0.0221452 -0.0292112 -0.033042 -0.0313717 -0.0259281 -0.0206242 -0.0176604 -0.0161694 -0.0139895 -0.00982741 -0.00392252 0.00252246 0.00835086 0.0133771 0.018238 0.0228165 0.0251165 0.0224985 0.0141596 0.00221597 -0.00915683 -0.0155113 
-0.0403412 -0.0339496 -0.0239691 -0.0139626 -0.00616991 -0.00223216 -0.00300552 -0.00797736 -0.0157893 -0.0240846 -0.0292242 -0.0287577 -0.024111 -0.0190891 -0.0161 -0.0147962 -0.0136417 -0.0116222 -0.00866626 -0.0053971 -0.00255579 -0.000156398 0.00248912 0.00537171 0.00669523 0.00372301 -0.00498434 -0.0179485 -0.0310927 -0.0395878 
-0.0472721 -0.0388231 -0.0238426 -0.00689623 0.0068412 0.0133937 0.0119743 0.0049505 -0.00465916 -0.0142229 -0.0206698 -0.0218003 -0.018673 -0.0146532 -0.0121589 -0.0113669 -0.0114236 -0.0116205 -0.0115623 -0.011234 -0.0109266 -0.0105583 -0.00952049 -0.00775682 -0.00670422 -0.0088201 -0.0158385 -0.0270147 -0.0389214 -0.0469341 
-0.0343915 -0.0242994 -0.00639407 0.0137926 0.0291427 0.0347641 0.0306297 0.020614 0.00881648 -0.00211473 -0.00984133 -0.0126199 -0.0111966 -0.0083976 -0.00656876 -0.00634961 -0.00743211 -0.00927604 -0.0111805 -0.0126476 -0.0136918 -0.0142809 -0.0139348 -0.0124109 -0.0105787 -0.010428 -0.0138612 -0.0209707 -0.029418 -0.0352759 
-0.00871021 0.00158106 0.0194889 0.0389511 0.0521315 0.0545376 0.0472104 0.0346581 0.0210727 0.00889673 1.44492e-06 -0.00418679 -0.00416867 -0.00231855 -0.000942576 -0.00107694 -0.00276285 -0.00544515 -0.00815687 -0.010139 -0.0113309 -0.0118618 -0.0114082 -0.00946502 -0.00621261 -0.00306759 -0.00198102 -0.00384825 -0.00766642 -0.0106509 
0.0180437 0.026228 0.0408228 0.0562711 0.0653385 0.0645803 0.0556459 0.0425259 0.0285786 0.0159256 0.00639219 0.00138934 0.000621797 0.00201995 0.00327896 0.00306989 0.00117616 -0.00173038 -0.00448397 -0.00621434 -0.00687061 -0.00675942 -0.00574061 -0.00310727 0.00158781 0.00752393 0.0128517 0.0160255 0.0166822 0.016177 
0.0355926 0.0395361 0.0483658 0.0581114 0.063041 0.0606243 0.052334 0.0409729 0.0287023 0.0172112 0.00837917 0.00369994 0.00300779 0.00443328 0.00574203 0.00553096 0.00359533 0.000753605 -0.00172555 -0.00296594 -0.00296612 -0.00218467 -0.00063798 0.00250666 0.00814987 0.0159613 0.0242573 0.0310174 0.0347177 0.0353471 
0.0393064 0.0382184 0.0407713 0.044974 0.0467411 0.0439576 0.0375549 0.0294203 0.0207724 0.0125934 0.00638283 0.00348401 0.00377927 0.00561517 0.00699045 0.00668892 0.00471637 0.00207572 4.50075e-05 -0.000655091 -0.000219975 0.000737185 0.00220095 0.00523588 0.0110799 0.0196426 0.0292143 0.037362 0.0418392 0.0418242 
0.0304433 0.0250435 0.0225344 0.0225214 0.0222262 0.0196053 0.0151992 0.0107066 0.00687456 0.0036813 0.00164241 0.0016168 0.00352915 0.00606766 0.00760535 0.00724776 0.00531646 0.0030409 0.00164422 0.00149146 0.00197242 0.00232103 0.00278483 0.00491413 0.0102607 0.0186498 0.0279527 0.0352789 0.0382258 0.036025 
0.014029 0.00588115 0.000263343 -0.00233413 -0.00374327 -0.00591935 -0.00846858 -0.00952257 -0.00852805 -0.00650525 -0.00411292 -0.00110389 0.00253228 0.00592052 0.00783193 0.007646 0.00594054 0.00414347 0.00339365 0.00361276 0.00370311 0.00282179 0.00166016 0.00236042 0.00671612 0.0142347 0.0221379 0.0271414 0.0271643 0.0221425 
-0.00357045 -0.012668 -0.0194412 -0.0231728 -0.0249389 -0.0263036 -0.0269175 -0.0249995 -0.0202483 -0.014333 -0.00868787 -0.00348317 0.00140499 0.00548622 0.00783617 0.00796937 0.00654579 0.00506591 0.00458961 0.00473014 0.00410324 0.00192733 -0.000733645 -0.0013987 0.00174496 0.00786618 0.0137434 0.0160153 0.01315 0.00587872 
-0.0169588 -0.0253724 -0.0317691 -0.0356016 -0.0372074 -0.0374003 -0.0359141 -0.0316058 -0.0246638 -0.0169454 -0.00998636 -0.00400636 0.00122644 0.00544841 0.0079207 0.00819012 0.00682173 0.00521166 0.00435893 0.00385662 0.00240969 -0.000566864 -0.0039142 -0.00531426 -0.00325782 0.00121859 0.0049624 0.00500267 0.000377166 -0.00770969 
-0.0237956 -0.0305173 -0.0357263 -0.0390685 -0.0401128 -0.0388311 -0.0352179 -0.0291785 -0.0215055 -0.0138527 -0.00732048 -0.00189627 0.00271833 0.00634113 0.00836626 0.00836705 0.00671516 0.00454284 0.00277603 0.0012421 -0.000923447 -0.00400665 -0.00702506 -0.00829079 -0.00691018 -0.00400414 -0.00216709 -0.00355642 -0.00859637 -0.0160157 
-0.0254459 -0.0303163 -0.0341616 -0.0366197 -0.03666 -0.0337356 -0.028288 -0.0212552 -0.0138701 -0.00735183 -0.00217437 0.00197116 0.00539464 0.00792966 0.00911283 0.00859031 0.00652751 0.00370562 0.000928752 -0.00165187 -0.00431744 -0.00700038 -0.00900602 -0.0095049 -0.00840942 -0.00688933 -0.00671858 -0.00899959 -0.0136413 -0.019601 
-0.0252372 -0.0285923 -0.0310897 -0.032262 -0.0309373 -0.026559 -0.0199798 -0.0127221 -0.00613318 -0.000988411 0.00273842 0.00556714 0.00780475 0.00930766 0.00974934 0.00885206 0.00660327 0.00344482 2.11775e-05 -0.003261 -0.00616922 -0.00831378 -0.00925211 -0.00895221 -0.00809936 -0.00789731 -0.00929254 -0.0123462 -0.016501 -0.0210518 
-0.0256486 -0.0278315 -0.0289492 -0.0285395 -0.0257955 -0.0205216 -0.0137182 -0.00689624 -0.00123177 0.00278728 0.00542203 0.00729544 0.00875512 0.00971508 0.0099204 0.00909467 0.00707742 0.00406068 0.000537419 -0.00296813 -0.00591912 -0.00772146 -0.0080852 -0.00749861 -0.00715909 -0.00825784 -0.0111113 -0.0149928 -0.0189722 -0.0226032 
-0.0270045 -0.0282241 -0.0279968 -0.0260076 -0.0220846 -0.0165263 -0.0102288 -0.00427207 0.00050127 0.00372858 0.00568437 0.00701888 0.00816865 0.00912477 0.00961511 0.00926953 0.00780426 0.00526729 0.00203603 -0.00136546 -0.00430075 -0.00609806 -0.00651784 -0.00623675 -0.00662847 -0.00882839 -0.0128238 -0.017463 -0.021548 -0.0247112 
-0.0283843 -0.0287408 -0.0273064 -0.0239659 -0.0191954 -0.013771 -0.00837984 -0.00351221 0.000393743 0.00303431 0.00458736 0.00566844 0.00679361 0.00801802 0.00900455 0.00925334 0.00838694 0.00637929 0.0035236 0.000293048 -0.00267527 -0.00469724 -0.00552407 -0.00580723 -0.00686974 -0.0097787 -0.0144416 -0.0195783 -0.02381 -0.0266917 
-0.0291078 -0.0285797 -0.026009 -0.0215109 -0.0161393 -0.011072 -0.00676474 -0.00311389 -0.000131246 0.00196129 0.00323084 0.00419516 0.00536936 0.00682703 0.00817822 0.00883932 0.00838348 0.00674155 0.00414333 0.001021 -0.0019891 -0.00420636 -0.00539024 -0.00614556 -0.00768615 -0.0109858 -0.0159374 -0.0212625 -0.0254871 -0.0280454 
-0.0291513 -0.0277042 -0.0239866 -0.0183992 -0.0125236 -0.00785171 -0.004623 -0.0022306 -0.000283098 0.00116082 0.00212913 0.00300297 0.00418282 0.00569133 0.00712285 0.00789814 0.00759968 0.00613784 0.00370069 0.000710687 -0.00217508 -0.00430453 -0.00554059 -0.00656014 -0.00850542 -0.0121629 -0.0172787 -0.0225678 -0.0265891 -0.028742 
-0.0284969 -0.0263199 -0.0216219 -0.0150753 -0.00870767 -0.00426048 -0.00186222 -0.000606999 0.00022321 0.000846763 0.0013895 0.00210597 0.00319558 0.00456966 0.00583368 0.00648564 0.00617499 0.00482509 0.00260956 -3.91523e-05 -0.00245031 -0.00406366 -0.00498397 -0.00611625 -0.0085648 -0.0127646 -0.0180872 -0.0231886 -0.026838 -0.0285846 
-0.0266447 -0.0241805 -0.0189881 -0.0118635 -0.00510296 -0.000645152 0.00130245 0.001668 0.00138539 0.00104403 0.000997783 0.00141797 0.00228587 0.00338924 0.00435515 0.00478164 0.00441443 0.0032236 0.0013959 -0.000619195 -0.00216308 -0.00283986 -0.00311788 -0.00424498 -0.00728652 -0.012173 -0.0177163 -0.0224742 -0.0255843 -0.026951 
-0.0231822 -0.0208222 -0.0156867 -0.00855012 -0.00174193 0.00272636 0.00445018 0.00415536 0.00286199 0.00152719 0.0007791 0.000760179 0.00129074 0.00207238 0.00274741 0.00298147 0.00260032 0.00163468 0.000307825 -0.000902934 -0.00135888 -0.000852791 -0.000250181 -0.00116878 -0.00464277 -0.010089 -0.0157384 -0.0200322 -0.0225088 -0.0235119 
-0.0187892 -0.0165841 -0.011765 -0.00515215 0.0010991 0.00520802 0.00670091 0.00600225 0.00401065 0.00186692 0.000419556 -0.0001257 2.4345e-05 0.000547021 0.00106709 0.0012439 0.000930799 0.000209314 -0.000648965 -0.00112905 -0.000597176 0.00101977 0.0025652 0.00214035 -0.0013044 -0.00687391 -0.0124179 -0.0162938 -0.0183128 -0.0190966 
-0.0150296 -0.0128069 -0.00831758 -0.0026737 0.00232106 0.00557698 0.00689438 0.00635748 0.0043775 0.00189272 -0.000136569 -0.00126592 -0.00151097 -0.00113944 -0.000594222 -0.000310422 -0.00046878 -0.000960487 -0.00147813 -0.00149127 -0.000364532 0.00195599 0.00424861 0.00451558 0.00163092 -0.0035123 -0.00871929 -0.0123748 -0.0143799 -0.0152905 
-0.0127385 -0.0104839 -0.00647999 -0.0022505 0.000950272 0.00311294 0.0046077 0.00511601 0.0041356 0.00195517 -0.000467612 -0.002248 -0.00296937 -0.00274102 -0.00209037 -0.00160569 -0.001552 -0.00182569 -0.00212462 -0.00196569 -0.000728818 0.00174935 0.00442649 0.00537966 0.00335944 -0.000974833 -0.00564282 -0.00918948 -0.011518 -0.012861 
-0.0113257 -0.00926362 -0.00610156 -0.0035989 -0.00231735 -0.00114831 0.00087719 0.00303556 0.00375245 0.00242075 -0.000137863 -0.00256487 -0.0038986 -0.00397381 -0.00332329 -0.00266964 -0.00239116 -0.00243563 -0.00256584 -0.00241905 -0.0014171 0.000801352 0.0035225 0.00497579 0.00377383 0.000311483 -0.00368221 -0.00697757 -0.00952841 -0.0112567 
-0.0104624 -0.00871544 -0.00645135 -0.00540172 -0.00555274 -0.00508558 -0.00263746 0.000894654 0.00323357 0.00299361 0.000668086 -0.00218717 -0.00418619 -0.00479568 -0.00437501 -0.00367018 -0.00316853 -0.00291969 -0.00281149 -0.00266048 -0.00197282 -0.000197411 0.00228876 0.00387598 0.0030959 0.000211756 -0.00317752 -0.00604581 -0.00848475 -0.0102908 
-0.0118228 -0.0102625 -0.00831428 -0.00761508 -0.00804248 -0.00777553 -0.00535211 -0.00140351 0.00186072 0.00268755 0.00104626 -0.00177638 -0.00426353 -0.00549428 -0.00547011 -0.00480626 -0.00404916 -0.00336649 -0.0028035 -0.00240015 -0.00183239 -0.000489572 0.00148529 0.00265738 0.00161195 -0.00134846 -0.00462451 -0.00732262 -0.00969376 -0.0115485 
-0.017807 -0.0163039 -0.0138049 -0.0119777 -0.0111647 -0.0102595 -0.00803819 -0.00452664 -0.0011248 0.000568105 -2.68833e-05 -0.0022494 -0.00477318 -0.00640371 -0.00672354 -0.00609485 -0.00502884 -0.00376242 -0.00247952 -0.00146315 -0.000660707 0.000410999 0.0016923 0.00193376 -0.000107836 -0.0039946 -0.00806093 -0.011459 -0.0145253 -0.0170521 
-0.0284204 -0.0268387 -0.0231514 -0.019163 -0.0159046 -0.0133711 -0.0109644 -0.00817922 -0.00525445 -0.00313103 -0.00265 -0.00383417 -0.00582049 -0.00741159 -0.0078763 -0.00726098 -0.0059245 -0.00408497 -0.00201137 -0.000197885 0.0011147 0.00216916 0.00284895 0.00202542 -0.00138279 -0.00683049 -0.0126016 -0.017817 -0.0227046 -0.0267777 
-0.0405255 -0.0382939 -0.033002 -0.0265938 -0.0204633 -0.0156067 -0.0124134 -0.0103125 -0.0084394 -0.00664627 -0.00552091 -0.00559196 -0.006677 -0.00791741 -0.00844847 -0.00797197 -0.0065982 -0.00447002 -0.00189859 0.000507099 0.00233108 0.00359915 0.00403728 0.00250835 -0.00201828 -0.00903254 -0.0169185 -0.0247469 -0.0322904 -0.0382763 
-0.0505399 -0.046526 -0.0390699 -0.0302877 -0.0214197 -0.0141092 -0.00993 -0.00869112 -0.00858107 -0.00806165 -0.00703222 -0.0063477 -0.00664189 -0.00762339 -0.00840841 -0.00834281 -0.00726658 -0.00527416 -0.00271197 -0.000164996 0.00197519 0.00359769 0.0042035 0.002574 -0.00232995 -0.0102408 -0.0199744 -0.030637 -0.0411113 -0.0487038 
-0.0571692 -0.0502148 -0.0398183 -0.0284539 -0.0170403 -0.00765952 -0.00301625 -0.00330747 -0.00571468 -0.0072081 -0.00694641 -0.00610716 -0.0061257 -0.0072471 -0.00855934 -0.00908418 -0.0084683 -0.00685115 -0.00462389 -0.00221416 0.000157683 0.00224018 0.00323668 0.00191082 -0.00267069 -0.0106327 -0.021604 -0.034879 -0.0481322 -0.0567867 
-0.0611471 -0.0508311 -0.0369921 -0.022692 -0.00884117 0.00197627 0.00618605 0.00359501 -0.00175705 -0.00549739 -0.0063696 -0.00598048 -0.00634672 -0.0079828 -0.00988715 -0.0108719 -0.0105372 -0.00915802 -0.00715417 -0.00470772 -0.00186728 0.0008167 0.00213073 0.000966695 -0.0032155 -0.0108447 -0.0225154 -0.0378471 -0.0533463 -0.0626014 
-0.0625109 -0.0495549 -0.0326693 -0.0155189 0.000540386 0.0122625 0.0155047 0.0104206 0.00227138 -0.00358861 -0.00584855 -0.00651048 -0.00778413 -0.0101263 -0.0124418 -0.0135274 -0.013098 -0.0116 -0.00941807 -0.00644329 -0.00266488 0.000824939 0.00223615 0.000694217 -0.00360721 -0.0110236 -0.0228976 -0.039266 -0.0559587 -0.0653894 
-0.0582957 -0.0442857 -0.0257682 -0.00667016 0.0109834 0.023201 0.0254568 0.0182555 0.00771338 -0.000245321 -0.00434396 -0.00671436 -0.00938873 -0.012566 -0.0151249 -0.0160451 -0.0152841 -0.013438 -0.0107555 -0.00679974 -0.00159638 0.00306043 0.00466423 0.0025217 -0.00226301 -0.00949957 -0.0207919 -0.0366059 -0.0528484 -0.0618117 
-0.0432617 -0.0298532 -0.0116516 0.00774577 0.0257081 0.0375092 0.0383581 0.0290065 0.0160216 0.00562098 -0.000842545 -0.00539555 -0.00978945 -0.0139652 -0.0168271 -0.0176368 -0.0166535 -0.0145593 -0.0113564 -0.00623912 0.000753053 0.00720213 0.00985573 0.007924 0.00320538 -0.00329081 -0.0128348 -0.0261072 -0.0397266 -0.047003 
-0.0141609 -0.00245193 0.0136195 0.0313916 0.0477326 0.0571914 0.0549431 0.0422022 0.0259524 0.0126168 0.00362998 -0.00302152 -0.00904736 -0.0142767 -0.0176156 -0.0185715 -0.0176905 -0.0156634 -0.0121734 -0.00604326 0.00281655 0.011756 0.0169795 0.0171615 0.0140823 0.00941377 0.00279347 -0.00608055 -0.0147294 -0.0184923 
0.0252158 0.0345928 0.0473069 0.062022 0.0749906 0.0799531 0.0724191 0.0545995 0.0341656 0.017721 0.0065953 -0.00152089 -0.00863782 -0.0146496 -0.0184248 -0.0196252 -0.0190294 -0.0172872 -0.0137896 -0.00708688 0.00321298 0.0148622 0.0240404 0.028525 0.0290419 0.0272917 0.0241985 0.0206731 0.0185533 0.0197879 
0.0635063 0.0699115 0.0786612 0.0897536 0.0986359 0.0982982 0.0849348 0.0619803 0.0377408 0.0188438 0.00638898 -0.00232342 -0.00971344 -0.0158552 -0.0196274 -0.0208006 -0.0203056 -0.018729 -0.0153148 -0.00858781 0.00219032 0.015786 0.0290794 0.0389426 0.044193 0.0457699 0.0459134 0.0472961 0.0514373 0.0574343 
0.0882976 0.0909359 0.0952469 0.102248 0.10695 0.102354 0.0855446 0.0604315 0.0349865 0.0154857 0.00299478 -0.00525388 -0.0119267 -0.0173216 -0.0204305 -0.0210986 -0.0202559 -0.018387 -0.0148199 -0.00844039 0.00163676 0.015474 0.0312684 0.0453825 0.0545941 0.0587343 0.0611207 0.0659778 0.0744236 0.083109 
0.0949133 0.0929536 0.0918459 0.0934003 0.0934509 0.0864862 0.070464 0.0481651 0.0255742 0.00813611 -0.00267647 -0.00920233 -0.0141638 -0.0180811 -0.020054 -0.0198617 -0.0182279 -0.0155109 -0.0113634 -0.00539297 0.00310867 0.0153473 0.0310104 0.0464762 0.0571564 0.0622026 0.0657659 0.0727511 0.0833096 0.0922442 
0.0891207 0.0818002 0.0739629 0.0684254 0.0632673 0.0556029 0.0439717 0.0286319 0.0122467 -0.00100001 -0.00891054 -0.0130139 -0.0159349 -0.0183109 -0.0191688 -0.0180462 -0.0154126 -0.011605 -0.00670352 -0.00103855 0.00578298 0.0156349 0.0292684 0.0433668 0.0530209 0.057614 0.0619771 0.0706704 0.082203 0.0899593 
0.080965 0.0681472 0.0533309 0.0406989 0.0309852 0.0237671 0.0177604 0.0105214 0.00120849 -0.00757899 -0.013032 -0.0156317 -0.01755 -0.0192307 -0.0194315 -0.017516 -0.0140338 -0.00956516 -0.00441982 0.00091995 0.00676718 0.0150517 0.0266875 0.0385733 0.0463709 0.0504706 0.0561509 0.0668695 0.0792079 0.0854702 
0.0767095 0.0599033 0.0400859 0.0227174 0.0104964 0.00441443 0.00307598 0.00220688 -0.0016764 -0.00765887 -0.0127542 -0.0162359 -0.0192006 -0.0214476 -0.0214754 -0.0189223 -0.0150463 -0.0109466 -0.00669818 -0.00201845 0.00381372 0.0122614 0.0234054 0.0339771 0.0406065 0.0449605 0.0524714 0.0653099 0.0785231 0.0838158 
0.0777766 0.0601984 0.0386184 0.019302 0.00630475 0.00142157 0.00301867 0.00576171 0.00457332 -0.00102387 -0.00816676 -0.0148487 -0.0205408 -0.024092 -0.0240218 -0.020841 -0.0170267 -0.0142987 -0.0120718 -0.00858031 -0.0022175 0.00781251 0.0200513 0.0304809 0.0364979 0.0409842 0.0496599 0.0640667 0.078604 0.0847161 
0.0863645 0.0713782 0.0499911 0.0291228 0.0146509 0.00973902 0.0125566 0.0166335 0.0157435 0.00858029 -0.0019951 -0.0127286 -0.0213706 -0.0259256 -0.025359 -0.0213888 -0.0177314 -0.0166284 -0.0167705 -0.0147653 -0.00782407 0.00435885 0.0184938 0.0291364 0.033887 0.0369171 0.0451545 0.0608578 0.0785748 0.0890789 
0.109059 0.0985085 0.076404 0.050995 0.0313547 0.0233058 0.0251239 0.0287012 0.0264579 0.0166675 0.00252426 -0.0115947 -0.0221235 -0.0267406 -0.0252273 -0.0203603 -0.0165893 -0.0164636 -0.0182807 -0.0174345 -0.00993324 0.00438531 0.0204866 0.0310543 0.0334403 0.0334505 0.0404762 0.0588228 0.0834808 0.103356 
0.152737 0.146451 0.12028 0.0853609 0.0555065 0.0401171 0.0379424 0.0391354 0.034473 0.0217292 0.00449433 -0.0119186 -0.0231687 -0.0272003 -0.0247992 -0.0193415 -0.0152556 -0.0150947 -0.0172212 -0.016585 -0.00838128 0.00768003 0.0253773 0.0357648 0.0358566 0.0332615 0.0405164 0.0646597 0.101041 0.135379 
0.216309 0.212334 0.177764 0.12881 0.0851888 0.0596014 0.0511245 0.0486177 0.0412899 0.0259138 0.00606012 -0.0122001 -0.0239699 -0.0276775 -0.0250903 -0.0198059 -0.0156236 -0.0147105 -0.0157898 -0.014284 -0.00538087 0.011479 0.0299941 0.0406488 0.0402619 0.0377498 0.0484022 0.0819056 0.133853 0.186011 
0.285162 0.280767 0.234877 0.170422 0.11325 0.0780556 0.0635306 0.0577994 0.0488542 0.0319293 0.00998423 -0.0102883 -0.0232859 -0.0276213 -0.0257698 -0.0214244 -0.0175707 -0.015698 -0.0149698 -0.0120502 -0.00299005 0.0131223 0.0311997 0.0425716 0.0440756 0.0448811 0.0617062 0.106136 0.17402 0.24347 
0.333886 0.32807 0.272831 0.196723 0.130217 0.0888506 0.0708235 0.0641415 0.0558838 0.039411 0.0166048 -0.00545442 -0.0203094 -0.0261653 -0.0256144 -0.0223921 -0.0189498 -0.016197 -0.0137255 -0.00969725 -0.00143607 0.0123224 0.0284275 0.0400581 0.0443572 0.0497475 0.0726413 0.125257 0.203908 0.28487 
