0.39959 0.351146 0.271001 0.198217 0.153283 0.132586 0.122272 0.111253 0.0950485 0.0741702 0.051488 0.0302489 0.0128716 0.000324516 -0.00788094 -0.0131825 -0.0171303 -0.0203759 -0.0222299 -0.021704 -0.019321 -0.0172684 -0.0170129 -0.017334 -0.0157184 -0.0109347 -0.0026298 0.0114078 0.0363014 0.0784344 0.142771 0.228234 0.320074 0.387555 
0.332843 0.288564 0.221885 0.166433 0.1364 0.124646 0.117373 0.10594 0.088864 0.068417 0.0472261 0.0272783 0.0104255 -0.00177192 -0.00910891 -0.0131245 -0.015962 -0.0186512 -0.020542 -0.0207197 -0.0200083 -0.0207653 -0.024001 -0.0274806 -0.0276948 -0.0229757 -0.0134784 0.0014324 0.0248767 0.0620165 0.117877 0.192073 0.27097 0.326634 
0.224413 0.190083 0.14645 0.116968 0.106867 0.106158 0.10326 0.0932598 0.0774831 0.0593489 0.041148 0.0239175 0.00904225 -0.00163153 -0.0075743 -0.0104837 -0.0128237 -0.0156418 -0.018083 -0.0192059 -0.0200533 -0.0229759 -0.0284046 -0.0333857 -0.034264 -0.0299308 -0.021516 -0.00958587 0.00776072 0.0347943 0.0760315 0.131047 0.188085 0.225087 
0.124325 0.0992555 0.0763716 0.0691938 0.074986 0.0822594 0.0825404 0.0744309 0.0610461 0.046171 0.031861 0.0186421 0.00729854 -0.000770665 -0.0052495 -0.00781695 -0.0106286 -0.0141954 -0.0172208 -0.0187569 -0.0201685 -0.0238679 -0.029804 -0.0346018 -0.0350034 -0.031 -0.024788 -0.0175275 -0.0075211 0.00934686 0.0370856 0.0746712 0.111611 0.131307 
0.0648139 0.044299 0.0321587 0.0357861 0.0480853 0.0576719 0.0587811 0.0521056 0.0411182 0.0293045 0.0187212 0.00981182 0.00258298 -0.002664 -0.00612423 -0.00904871 -0.0126245 -0.0164691 -0.0189162 -0.0193205 -0.0196714 -0.0226313 -0.0277792 -0.031407 -0.0307219 -0.0268382 -0.022875 -0.0200991 -0.0162217 -0.00647135 0.0131772 0.0410217 0.066603 0.0760561 
0.0474123 0.0274805 0.0163655 0.0194796 0.0293724 0.0363615 0.0365815 0.031039 0.0221322 0.012485 0.00433237 -0.00156351 -0.00580985 -0.00922623 -0.0123804 -0.0157619 -0.0193897 -0.0221396 -0.0223802 -0.0201718 -0.0183336 -0.0197767 -0.0236307 -0.0257533 -0.0236845 -0.0195605 -0.0173736 -0.018344 -0.0191555 -0.0136527 0.00302183 0.0288478 0.0524199 0.0597568 
0.0552879 0.0351141 0.0203957 0.0169432 0.01968 0.0218866 0.02105 0.0171399 0.0103742 0.00199369 -0.00561338 -0.0109953 -0.014726 -0.0180725 -0.0215747 -0.0250121 -0.0276888 -0.028348 -0.0258627 -0.0211121 -0.017478 -0.0177065 -0.0202364 -0.0205084 -0.0165056 -0.0114716 -0.010363 -0.0144307 -0.0192284 -0.0167642 -0.000631471 0.0273621 0.0545858 0.065447 
0.0703115 0.0513041 0.0332819 0.0229165 0.0184192 0.0164824 0.0156605 0.014318 0.0100511 0.00240229 -0.00627478 -0.0136047 -0.0193253 -0.0242301 -0.0284692 -0.0315145 -0.0327562 -0.0315122 -0.0274345 -0.0219219 -0.0181978 -0.0181801 -0.0194734 -0.0174478 -0.0108889 -0.00417612 -0.00310802 -0.00908563 -0.0169269 -0.0170975 -0.00152816 0.0286814 0.0602753 0.0762822 
0.0810761 0.0648988 0.046362 0.0323282 0.0236253 0.0197338 0.0200067 0.0214644 0.0195636 0.0123351 0.00190238 -0.00852521 -0.0174458 -0.0245913 -0.029564 -0.0319418 -0.031821 -0.0295372 -0.0255738 -0.021424 -0.0194362 -0.0202038 -0.0206012 -0.0163951 -0.00734991 0.00143477 0.00385609 -0.0017436 -0.0104078 -0.0123134 0.00154574 0.0311209 0.0638662 0.0829637 
0.0834691 0.0709346 0.0549499 0.0414967 0.0323853 0.0285013 0.0297306 0.0326665 0.0319271 0.0247792 0.0130127 0.000179894 -0.0112831 -0.020099 -0.0253745 -0.0269245 -0.0256554 -0.0229507 -0.0200731 -0.0184116 -0.019158 -0.0214739 -0.0216828 -0.0161244 -0.00532388 0.00552711 0.0105838 0.00782914 0.00100934 -0.00125299 0.00983005 0.0352885 0.064628 0.0830091 
0.0794358 0.0703276 0.058745 0.0488924 0.0418484 0.0384876 0.0390921 0.0409757 0.0394827 0.0320905 0.0202098 0.007001 -0.004992 -0.0140448 -0.0189679 -0.0196613 -0.0174789 -0.0145308 -0.012745 -0.0134844 -0.0169664 -0.0211043 -0.0216914 -0.0154178 -0.00327026 0.00962739 0.0177201 0.0186402 0.0147913 0.0130628 0.0212129 0.0408934 0.0640163 0.0786872 
0.075308 0.0684992 0.0610325 0.0551702 0.0503652 0.0466403 0.044579 0.0429823 0.0390565 0.0312498 0.0205659 0.00912186 -0.00127095 -0.00911247 -0.0131875 -0.013275 -0.0106553 -0.00764369 -0.00658005 -0.00892735 -0.0143334 -0.0198103 -0.0205782 -0.0133674 0.00041043 0.015234 0.0253961 0.0284642 0.0264736 0.0253977 0.0318831 0.0473133 0.0649961 0.0755242 
0.0779062 0.0716153 0.0658519 0.0618116 0.0577044 0.0525491 0.0468531 0.0407777 0.0336755 0.0253397 0.0164541 0.0078432 0.000157642 -0.005766 -0.00896071 -0.00903692 -0.0068095 -0.0042298 -0.00361234 -0.00650288 -0.0124153 -0.0180027 -0.0181456 -0.00956423 0.00581126 0.0216537 0.0318469 0.0344235 0.0323803 0.0321079 0.0395067 0.0547382 0.0707764 0.0792236 
0.0886162 0.0809659 0.0736781 0.0684399 0.0635082 0.0571323 0.0489446 0.0394308 0.0295543 0.0205109 0.0129816 0.00677325 0.00148056 -0.0028057 -0.00556723 -0.00637995 -0.00544343 -0.00388712 -0.00351484 -0.00583769 -0.0106496 -0.0149643 -0.0139309 -0.00448743 0.0110594 0.0259092 0.0339327 0.0341276 0.0311351 0.0324732 0.0435729 0.0627913 0.0814167 0.0905822 
0.100422 0.0902145 0.079334 0.0712469 0.0654677 0.0597307 0.0519499 0.0416312 0.0303919 0.0206324 0.0134547 0.00827186 0.00411667 0.000570177 -0.00233305 -0.00431934 -0.005051 -0.00465754 -0.00416369 -0.00500798 -0.00761097 -0.00997269 -0.00814078 0.000484955 0.0136611 0.0250607 0.0293581 0.0267296 0.0232025 0.0271349 0.0433851 0.0684211 0.0915355 0.102808 
0.102534 0.0897558 0.0755064 0.0652444 0.0600609 0.0572935 0.0528564 0.0445728 0.033888 0.0239759 0.0165586 0.0112267 0.00702797 0.00344291 0.000191455 -0.00269182 -0.00455326 -0.00470083 -0.00348955 -0.00241155 -0.00268533 -0.0035057 -0.00204946 0.00377623 0.0122547 0.0184071 0.0183532 0.0133399 0.0100452 0.0168415 0.037592 0.0670817 0.0932541 0.105697 
0.0891866 0.0749106 0.0593197 0.0489887 0.0459729 0.0472544 0.0472901 0.0425645 0.0340711 0.025205 0.0180464 0.0125014 0.00796518 0.00419176 0.000895921 -0.00204327 -0.00388316 -0.00352962 -0.00105657 0.00181247 0.00315826 0.00284171 0.00274173 0.00455109 0.00731628 0.00776871 0.00362367 -0.00310677 -0.00576219 0.00326411 0.0263408 0.0568469 0.0825054 0.0937105 
0.0638966 0.0498851 0.0355182 0.0271251 0.0267238 0.0310496 0.0342488 0.0326416 0.0270703 0.0206365 0.0151112 0.0103436 0.00603301 0.00240471 -0.000502328 -0.00273526 -0.00358356 -0.00199438 0.0018207 0.00585951 0.00786041 0.00722245 0.00518045 0.00308733 0.000702275 -0.0036427 -0.0108658 -0.0185429 -0.0204701 -0.0103002 0.0125395 0.0404056 0.0619911 0.0698287 
0.0359411 0.0243668 0.0134887 0.00814113 0.0094648 0.0142412 0.0176532 0.0172783 0.0143557 0.0112798 0.00872848 0.00589192 0.00251076 -0.000690793 -0.00310676 -0.0044513 -0.00405567 -0.00122288 0.00342635 0.00773866 0.00959366 0.00842378 0.00506068 0.000453882 -0.00523687 -0.0125201 -0.0213513 -0.0291857 -0.0305191 -0.0204444 -6.44602e-05 0.0226029 0.0382086 0.0421948 
0.0137078 0.00679713 0.001072 -0.000968252 0.000523528 0.00285307 0.00339805 0.00206469 0.000873033 0.00121339 0.00212064 0.00168806 -0.000541737 -0.00341278 -0.00565366 -0.00647268 -0.00519637 -0.00162138 0.00312338 0.00690235 0.00812463 0.00665508 0.00316749 -0.0018666 -0.00839545 -0.0164908 -0.0256357 -0.0332885 -0.0346125 -0.0259658 -0.00958263 0.00694797 0.0167769 0.0182345 
0.000489974 -0.000239879 -1.78985e-05 0.00101336 0.00142581 -0.000482578 -0.00456728 -0.00828531 -0.00881915 -0.00586475 -0.00207877 -0.00050873 -0.00191734 -0.00484843 -0.00741479 -0.008265 -0.006651 -0.00283692 0.00156488 0.00450626 0.00504772 0.00370154 0.0012542 -0.00228507 -0.00751391 -0.0149008 -0.0239224 -0.0319133 -0.0343101 -0.0282465 -0.0164198 -0.00543008 0.000294452 0.00133084 
-0.00521832 0.000306675 0.00615719 0.00983283 0.00895178 0.00296532 -0.00548844 -0.0117628 -0.012527 -0.00834183 -0.00305632 -0.000497718 -0.00170784 -0.00511662 -0.00840046 -0.00970772 -0.00815078 -0.00432017 -0.000199107 0.00222183 0.00251786 0.00181717 0.0011805 0.000227366 -0.00263508 -0.00885673 -0.0181642 -0.027474 -0.0319648 -0.029039 -0.0214066 -0.0145509 -0.0110101 -0.00882552 
-0.00631352 0.00404556 0.0141097 0.0198287 0.018351 0.0100374 -0.000949822 -0.00892148 -0.0104527 -0.00656938 -0.00151233 0.000750097 -0.000911315 -0.00498667 -0.00901221 -0.0108483 -0.00947646 -0.0056303 -0.00147724 0.00102195 0.00172243 0.0021555 0.00362543 0.00542477 0.00495025 -0.00030794 -0.010288 -0.0212847 -0.0280093 -0.0279916 -0.0238262 -0.0199229 -0.0174192 -0.0136901 
-0.00450213 0.00825279 0.0201866 0.0268218 0.0254318 0.0168645 0.00562435 -0.00269554 -0.0050308 -0.00256868 0.000782151 0.00161846 -0.000914633 -0.00544097 -0.00971847 -0.0116951 -0.0103602 -0.00644247 -0.00206942 0.000877946 0.00238034 0.00415724 0.00761757 0.0117579 0.0132067 0.00874644 -0.00153718 -0.0133678 -0.0212874 -0.023262 -0.0218625 -0.0203877 -0.0187301 -0.0140201 
-0.00135376 0.0109398 0.0218959 0.0277297 0.0264589 0.0190944 0.00952029 0.00230888 -0.000273855 0.000517522 0.00154691 0.000506716 -0.00282352 -0.00718248 -0.0108476 -0.0122491 -0.0106064 -0.00659702 -0.0021348 0.00110225 0.00324233 0.00612171 0.0111248 0.0169365 0.0197128 0.0160249 0.0062578 -0.0049532 -0.012487 -0.0151649 -0.0156979 -0.0162928 -0.0156802 -0.0109881 
-0.000397084 0.00901046 0.0167093 0.0203275 0.0189958 0.0137057 0.00716544 0.00235439 0.00043738 0.000119069 -0.000759702 -0.00321399 -0.00671989 -0.0101232 -0.0123302 -0.0124505 -0.0101202 -0.00605079 -0.00190705 0.000974525 0.00304476 0.00632881 0.0120979 0.0186688 0.0219556 0.0187435 0.00991079 0.00022649 -0.00585289 -0.00812773 -0.00953034 -0.0114737 -0.0119292 -0.00824894 
-0.00554785 -1.19488e-05 0.00394847 0.005411 0.00445854 0.00189433 -0.000879726 -0.00258164 -0.00315481 -0.00381745 -0.00568144 -0.00859106 -0.011469 -0.013323 -0.0136027 -0.0120349 -0.0087498 -0.00466853 -0.00131254 0.000412256 0.00147751 0.00418696 0.00962775 0.0157297 0.0183883 0.0149202 0.00675413 -0.00144236 -0.0059817 -0.00741664 -0.00880154 -0.0112108 -0.0125187 -0.0105013 
-0.0167795 -0.014373 -0.0127 -0.0117881 -0.011242 -0.01069 -0.0098297 -0.00868887 -0.00796887 -0.00861289 -0.0107574 -0.0133965 -0.0152089 -0.0154158 -0.013827 -0.0105896 -0.00630692 -0.00226211 2.16019e-05 7.37043e-05 -0.000545636 0.000719444 0.00470735 0.00905979 0.00994659 0.00545838 -0.00249045 -0.00960756 -0.0130386 -0.013789 -0.0148199 -0.0171642 -0.0191 -0.018873 
-0.0290298 -0.0281741 -0.0266626 -0.0243494 -0.0212835 -0.0177973 -0.0143281 -0.0115166 -0.0102332 -0.010969 -0.0131373 -0.0153015 -0.0161588 -0.0151339 -0.0122165 -0.0077779 -0.00278935 0.0010935 0.00228416 0.000680602 -0.00168792 -0.00218083 -0.000258249 0.00162203 0.00019133 -0.0055609 -0.013363 -0.0195214 -0.0220881 -0.0223744 -0.0230945 -0.0252877 -0.0277469 -0.0290536 
-0.0366426 -0.036174 -0.0334844 -0.028757 -0.022983 -0.0173676 -0.0127555 -0.00972622 -0.00874261 -0.00974614 -0.0117853 -0.0134335 -0.0136175 -0.011939 -0.0084431 -0.00356525 0.00154021 0.00500428 0.00523695 0.00241367 -0.00119225 -0.00307111 -0.00300306 -0.0033781 -0.00677483 -0.0133749 -0.0207094 -0.0257467 -0.0273974 -0.0272266 -0.0276881 -0.0298003 -0.0327653 -0.0353187 
-0.0384815 -0.0381247 -0.0341584 -0.0272805 -0.0195022 -0.0128338 -0.00828577 -0.00599412 -0.0056988 -0.00679665 -0.0082899 -0.00912154 -0.00862891 -0.00660282 -0.00307782 0.00157646 0.00623132 0.00903086 0.00850125 0.00502554 0.000916753 -0.00160805 -0.00264492 -0.00443705 -0.00892712 -0.0156952 -0.0222586 -0.0261866 -0.0270329 -0.0264847 -0.0267519 -0.0288607 -0.0323625 -0.0360584 
-0.0381128 -0.0380247 -0.0333571 -0.0253095 -0.0166355 -0.00981872 -0.00584309 -0.00434952 -0.00439913 -0.00499028 -0.0052938 -0.00480379 -0.00335048 -0.00091509 0.00251707 0.00671702 0.0107127 0.0128246 0.0117977 0.00818482 0.00420429 0.00168692 0.000230097 -0.00224487 -0.00714701 -0.0136703 -0.0194832 -0.0227135 -0.023332 -0.0229237 -0.0233656 -0.0256974 -0.0298286 -0.0346385 
-0.039433 -0.0395576 -0.0347003 -0.0264713 -0.0179101 -0.0114897 -0.00797145 -0.006635 -0.00617219 -0.00548354 -0.00406566 -0.00195 0.000645844 0.00364665 0.00714991 0.0110494 0.0145281 0.016145 0.0149311 0.0115842 0.00812806 0.00594215 0.00432562 0.00137752 -0.0038143 -0.0101346 -0.0154846 -0.0185843 -0.0197567 -0.0203303 -0.021672 -0.0246858 -0.0295475 -0.035242 
-0.0428035 -0.0426706 -0.0378011 -0.0300813 -0.0223639 -0.0166394 -0.0132537 -0.0112818 -0.00943336 -0.00688905 -0.0036135 -3.63286e-05 0.00350207 0.0070249 0.010739 0.0145613 0.017733 0.0190507 0.0178725 0.0150109 0.0122078 0.0103598 0.00850498 0.00494325 -0.000749116 -0.00713786 -0.0123362 -0.0156839 -0.0179272 -0.0201579 -0.0230995 -0.0272366 -0.032743 -0.0387008 
-0.0450889 -0.0440875 -0.0392211 -0.0324724 -0.0261317 -0.0213783 -0.0180039 -0.0149813 -0.0113319 -0.00681861 -0.0019746 0.00252637 0.00648654 0.0102157 0.0140558 0.0178519 0.0207947 0.0218726 0.0207576 0.0183378 0.0160491 0.0143691 0.0121712 0.00795617 0.00169467 -0.00490949 -0.0101177 -0.0138088 -0.0171804 -0.0211912 -0.0259098 -0.0311617 -0.0368319 -0.0421024 
-0.0425305 -0.0403568 -0.0356322 -0.0302406 -0.0257123 -0.0223046 -0.0192173 -0.0153594 -0.0101719 -0.00410068 0.00174531 0.00653668 0.0103314 0.0138059 0.0174745 0.0211054 0.0237842 0.0245913 0.0234086 0.0211618 0.0190719 0.0173899 0.0149657 0.0104423 0.00396309 -0.00267507 -0.00784488 -0.0117668 -0.0159426 -0.021225 -0.0271206 -0.0327898 -0.0377642 -0.0414064 
-0.0337714 -0.0307169 -0.0265242 -0.0228314 -0.020437 -0.0187887 -0.016555 -0.0125659 -0.00662139 0.000243595 0.00643803 0.0110051 0.0142103 0.017045 0.0202158 0.0234838 0.0258392 0.0263383 0.0249176 0.0225168 0.0203172 0.0185968 0.0163105 0.012136 0.0061139 -0.000102199 -0.00499799 -0.00888481 -0.0132749 -0.0188304 -0.0246745 -0.029589 -0.0329842 -0.0345341 
-0.0213169 -0.0181434 -0.0149514 -0.0131034 -0.0128999 -0.0132426 -0.0123718 -0.00898529 -0.00311194 0.00378813 0.0097823 0.0138216 0.0162924 0.0183793 0.0209311 0.0237424 0.0257445 0.0259129 0.0241413 0.0213903 0.0189564 0.017325 0.0156123 0.0124244 0.00749311 0.00214771 -0.00221205 -0.00575325 -0.0096924 -0.0144129 -0.0189164 -0.0220585 -0.0234822 -0.0232339 
-0.0104416 -0.0078758 -0.0058678 -0.00560063 -0.00721409 -0.00936468 -0.00996063 -0.00750727 -0.00215457 0.00433679 0.00982721 0.0132647 0.0151415 0.0167241 0.0188755 0.0213611 0.0230651 0.0229168 0.0207978 0.0177394 0.015211 0.0139152 0.0130841 0.0111904 0.00759254 0.00323765 -0.000562184 -0.00366203 -0.00679281 -0.0100692 -0.0126471 -0.0138178 -0.0136575 -0.0124922 
-0.00575007 -0.00402464 -0.00288136 -0.00347765 -0.00609268 -0.009401 -0.0110896 -0.00945554 -0.00469762 0.00122942 0.00611992 0.00905348 0.0106776 0.0122595 0.0145094 0.0170247 0.0186177 0.0182548 0.015933 0.0128375 0.0105773 0.00993169 0.0101178 0.00945681 0.00699732 0.00336313 -0.000176557 -0.00310759 -0.00566202 -0.00779397 -0.00898198 -0.00901818 -0.00830106 -0.00721533 
-0.00793858 -0.00685224 -0.00592258 -0.00640574 -0.00893031 -0.0124399 -0.0145984 -0.0135564 -0.00947033 -0.00430292 -0.000127166 0.00241164 0.0041502 0.00626219 0.00914075 0.0120864 0.0138205 0.0134371 0.011179 0.00845136 0.00692466 0.00726426 0.0085195 0.00886832 0.00718745 0.00391213 0.000305197 -0.00282432 -0.0053641 -0.0072632 -0.0083412 -0.00868482 -0.0086799 -0.00850917 
-0.0136516 -0.0131162 -0.0118708 -0.0113239 -0.0126404 -0.0153451 -0.0173868 -0.0168898 -0.013828 -0.00988864 -0.00676 -0.00469012 -0.00267446 0.000244114 0.00400727 0.00756322 0.00958749 0.0093956 0.00754178 0.00563272 0.00528683 0.00689778 0.00924294 0.010397 0.00924338 0.00621326 0.00259156 -0.000695138 -0.00345755 -0.00580604 -0.00784526 -0.00971199 -0.011495 -0.0129854 
-0.0183458 -0.0187481 -0.0171256 -0.0150057 -0.0142813 -0.0154054 -0.0169469 -0.0171308 -0.015606 -0.0135095 -0.0119308 -0.0106472 -0.0085306 -0.00493757 -0.000447016 0.0035605 0.00582238 0.00597455 0.00487426 0.00420506 0.00537537 0.00839829 0.0117532 0.0134957 0.0127183 0.0100677 0.00689735 0.00404708 0.00148671 -0.00120055 -0.00434678 -0.00804335 -0.0120707 -0.0158245 
-0.0195347 -0.021318 -0.0195707 -0.0158148 -0.0127526 -0.0119903 -0.01295 -0.0140406 -0.0144795 -0.0146883 -0.0150758 -0.0149682 -0.0131561 -0.00931785 -0.0045204 -0.000401196 0.0019399 0.00252216 0.00244367 0.00328773 0.00608395 0.0104042 0.0144729 0.0164426 0.0158037 0.0136186 0.0113697 0.00964963 0.00797924 0.00556756 0.00193976 -0.00295881 -0.00880804 -0.0148097 
-0.0182187 -0.021051 -0.019139 -0.0138632 -0.00861124 -0.00612654 -0.00673931 -0.00903508 -0.0116972 -0.0143582 -0.0168126 -0.0180795 -0.0169342 -0.0132983 -0.00858862 -0.00460536 -0.00225705 -0.0011707 -0.000109455 0.00225903 0.00647863 0.0116875 0.01595 0.0176327 0.0167344 0.0148259 0.0135363 0.0131235 0.012564 0.0107399 0.00719247 0.00196613 -0.00466716 -0.0119652 
-0.0178625 -0.0203707 -0.0174946 -0.0104972 -0.00322797 0.000654912 3.60398e-05 -0.00373943 -0.00869881 -0.0136591 -0.0179488 -0.020503 -0.0201785 -0.0170298 -0.0126271 -0.00882595 -0.00638018 -0.00468217 -0.00248341 0.00121223 0.00645769 0.0120395 0.0159784 0.0169204 0.0153559 0.0133053 0.012499 0.0128462 0.0128167 0.0110812 0.00738848 0.00208903 -0.00447368 -0.0116847 
-0.0215408 -0.0219559 -0.0167761 -0.00745261 0.00183719 0.00686831 0.00603237 0.000760986 -0.00627569 -0.0131452 -0.018872 -0.0224845 -0.0229869 -0.0204634 -0.0164534 -0.0127615 -0.0100331 -0.00756879 -0.00423129 0.000613879 0.00660645 0.0123086 0.0157803 0.0159066 0.0135167 0.0109197 0.0098812 0.0100153 0.00939833 0.00660047 0.00172441 -0.00431475 -0.0107855 -0.0170251 
-0.0293528 -0.0264422 -0.0178874 -0.00583085 0.00525122 0.0110416 0.00990412 0.00348426 -0.00502875 -0.0132082 -0.0199412 -0.0244031 -0.0257069 -0.0238545 -0.0202191 -0.0164806 -0.013225 -0.00978916 -0.00523738 0.000734857 0.00748852 0.0134972 0.0168786 0.0166138 0.0136416 0.0103707 0.00853549 0.00752482 0.00516536 5.69435e-05 -0.00723088 -0.0150527 -0.0220518 -0.0272792 
-0.0385243 -0.0321138 -0.0201342 -0.00584698 0.00604894 0.0117471 0.0101529 0.00317313 -0.00589266 -0.0145698 -0.0218107 -0.0269079 -0.0289487 -0.0277017 -0.0242654 -0.0201846 -0.0160898 -0.0114938 -0.00570337 0.00136826 0.00898592 0.0156509 0.0195094 0.0194898 0.0164597 0.0127673 0.0100042 0.00733547 0.00249106 -0.00568447 -0.0160267 -0.0261738 -0.0341986 -0.0387972 
-0.0459832 -0.0369613 -0.0226712 -0.00759696 0.00356075 0.00808469 0.00589261 -0.000916296 -0.00943419 -0.01763 -0.0247319 -0.030119 -0.0327139 -0.0318978 -0.0284001 -0.0236644 -0.0185191 -0.0127977 -0.00603135 0.00183361 0.0101618 0.0175511 0.0221365 0.0227506 0.0201639 0.0165738 0.0132631 0.00908398 0.00179296 -0.00929137 -0.0223384 -0.0344736 -0.0435012 -0.0478824 
-0.0501811 -0.0401964 -0.0254273 -0.0112789 -0.00215625 0.000606002 -0.00194204 -0.00772441 -0.0146441 -0.0214357 -0.0277078 -0.0329112 -0.0357675 -0.0352291 -0.0316171 -0.0262817 -0.0203184 -0.0139298 -0.00680107 0.00125343 0.00982073 0.0176075 0.022733 0.0240112 0.0222044 0.0193236 0.0162013 0.0112997 0.00247 -0.0104207 -0.0249985 -0.038209 -0.0479289 -0.0525451 
-0.0501011 -0.041103 -0.0278139 -0.0159072 -0.00922944 -0.0079018 -0.0101134 -0.0141591 -0.0189254 -0.0238831 -0.0289198 -0.0335471 -0.0364072 -0.0361772 -0.03283 -0.0275534 -0.0215705 -0.0153143 -0.00852593 -0.000852945 0.00748475 0.015275 0.0206806 0.0226135 0.0218689 0.0202103 0.0179959 0.0133804 0.00437307 -0.00872139 -0.0232816 -0.0364246 -0.0463745 -0.0516237 
-0.0438759 -0.0376492 -0.0275471 -0.0186303 -0.0140107 -0.0131998 -0.0144287 -0.0167449 -0.0198247 -0.0234278 -0.0274315 -0.0314338 -0.0342448 -0.0345451 -0.0320903 -0.0278017 -0.0227545 -0.0173408 -0.0112545 -0.00408038 0.00397319 0.0117039 0.0173997 0.0201352 0.0206509 0.0203801 0.0193597 0.015727 0.00775571 -0.00398113 -0.0168907 -0.028529 -0.0377685 -0.0435648 
-0.0302726 -0.0280744 -0.0223584 -0.016739 -0.0135378 -0.0124522 -0.0126829 -0.0142887 -0.0172173 -0.0208088 -0.0245959 -0.0283516 -0.0313033 -0.032357 -0.031169 -0.0283587 -0.0246632 -0.0202028 -0.0145389 -0.00733556 0.000964151 0.00901753 0.0152183 0.0187685 0.0202689 0.0209072 0.0207747 0.0183699 0.0122843 0.00318302 -0.0065096 -0.0149423 -0.0220143 -0.027688 
-0.0112384 -0.0134014 -0.0123627 -0.00995405 -0.00782816 -0.00644035 -0.00648728 -0.00900373 -0.0136478 -0.0187726 -0.0233793 -0.0275075 -0.0308978 -0.0327107 -0.0325562 -0.0308402 -0.0279972 -0.0238314 -0.0177413 -0.00954938 -0.000107955 0.00889056 0.0157393 0.019635 0.0211381 0.0216142 0.0217497 0.0206574 0.0170829 0.0115232 0.00615323 0.00218112 -0.00157702 -0.00644827 
0.00886819 0.00331583 0.000666663 0.000403178 0.00123596 0.00195912 0.00069247 -0.00416498 -0.0117394 -0.0193851 -0.0256276 -0.0307299 -0.0347922 -0.0370994 -0.037241 -0.0355873 -0.0324823 -0.0275635 -0.0201339 -0.0101687 0.00108236 0.011458 0.0188793 0.0223843 0.0227595 0.0221301 0.0222042 0.0226646 0.0220414 0.0203319 0.0193553 0.0197468 0.0192045 0.0152786 
0.0267298 0.0198108 0.0154912 0.0135548 0.0126709 0.011374 0.00759434 -0.000219862 -0.0108886 -0.0213377 -0.0297871 -0.0364042 -0.0412744 -0.043685 -0.0433168 -0.0407122 -0.0363527 -0.0299426 -0.0208574 -0.00919598 0.00361383 0.0151125 0.0228163 0.0255676 0.0245752 0.0229815 0.0234789 0.025984 0.0284591 0.0301699 0.0324909 0.0357043 0.037041 0.0337225 
0.0416109 0.0352365 0.0312725 0.0290024 0.0266774 0.0229569 0.0164478 0.00607039 -0.00717263 -0.0204643 -0.0317162 -0.0404147 -0.0462012 -0.048415 -0.0470916 -0.0431291 -0.0372589 -0.0294345 -0.0193194 -0.00714096 0.00583796 0.0173736 0.0249602 0.0273665 0.0261007 0.0249543 0.0270775 0.0322214 0.0376724 0.0419455 0.0459404 0.0498944 0.0514067 0.048221 
0.0539559 0.0488366 0.0462239 0.0449339 0.0426132 0.0378367 0.0298667 0.0180145 0.00275843 -0.0135691 -0.0282454 -0.0394773 -0.0462273 -0.0481365 -0.0459177 -0.0409214 -0.0340998 -0.0257218 -0.0158952 -0.00498043 0.00627506 0.016479 0.0236806 0.0266947 0.0268676 0.0278688 0.032688 0.0407534 0.048859 0.0548998 0.0592984 0.0625061 0.0631127 0.059797 
0.0640002 0.0598332 0.0583041 0.0586173 0.0580545 0.0545116 0.0470194 0.0347415 0.0176512 -0.00199972 -0.0203633 -0.034103 -0.0416231 -0.04319 -0.0403956 -0.0350253 -0.0281609 -0.0203422 -0.0120942 -0.00381108 0.00449898 0.012634 0.0194894 0.0238806 0.0265177 0.030361 0.0379494 0.0484977 0.0585942 0.0657011 0.0698538 0.0719371 0.0717875 0.0688399 
0.0718181 0.0684402 0.0670098 0.0682512 0.0698909 0.0688652 0.0629603 0.0505562 0.0314146 0.00839877 -0.0132012 -0.0287306 -0.0364418 -0.0374495 -0.034214 -0.0288807 -0.0226012 -0.0160387 -0.00985062 -0.00424153 0.00145224 0.00790963 0.0145841 0.0201792 0.0248012 0.0307877 0.040282 0.0522815 0.063209 0.0703178 0.0736701 0.0749994 0.0754407 0.0745786 
0.0775382 0.0754793 0.0730951 0.07339 0.0756389 0.0762537 0.0713981 0.0583529 0.0369793 0.0111873 -0.0124206 -0.0284721 -0.0355186 -0.0355262 -0.0316326 -0.0262704 -0.0206379 -0.015271 -0.0105065 -0.00615547 -0.00132442 0.00464627 0.0110927 0.0167017 0.0217167 0.0285528 0.039034 0.0514808 0.0617982 0.0673163 0.0689349 0.0699212 0.0727079 0.0763059 
0.0807648 0.0804444 0.0763318 0.0737082 0.0740716 0.0741115 0.0688232 0.0546045 0.0315473 0.00443531 -0.0194436 -0.0347 -0.0404206 -0.0391658 -0.0344407 -0.0288708 -0.023639 -0.0188733 -0.0142336 -0.00916216 -0.00317739 0.00344205 0.00942893 0.013841 0.0179755 0.0249154 0.0359676 0.0481693 0.0566187 0.0591155 0.0581594 0.0589862 0.0651055 0.0744379 
0.0802497 0.0808996 0.0747597 0.0686504 0.0659018 0.0638915 0.0573148 0.0423233 0.0191747 -0.00719459 -0.0297099 -0.0434682 -0.0479676 -0.0459039 -0.0407889 -0.0352752 -0.030382 -0.0256524 -0.020067 -0.0130198 -0.00491689 0.00276825 0.00834596 0.0116698 0.0152549 0.0224994 0.0337483 0.0448216 0.0505761 0.0497943 0.04657 0.0475104 0.0564765 0.0702256 
0.0753923 0.0751843 0.0673156 0.0591256 0.0544401 0.0509315 0.0436514 0.0292306 0.00800641 -0.0157516 -0.035976 -0.048428 -0.0526439 -0.0509835 -0.0466472 -0.0420613 -0.0378602 -0.0330186 -0.0262143 -0.0172589 -0.00749019 0.00100661 0.00687961 0.0108716 0.0157247 0.0237834 0.0340645 0.0423402 0.0448461 0.0418887 0.0381729 0.0399677 0.0503191 0.0651527 
0.0685061 0.0657835 0.0567658 0.0486623 0.0444697 0.0413345 0.0347714 0.0223292 0.00446074 -0.015673 -0.0334256 -0.0452117 -0.0503067 -0.0504672 -0.0483429 -0.0457986 -0.0428523 -0.0381137 -0.0305118 -0.0206198 -0.0103369 -0.00138972 0.00595395 0.0129258 0.0209125 0.0296877 0.0369873 0.0402585 0.038986 0.0353955 0.0335061 0.0373714 0.0481121 0.0611809 
0.0649382 0.0591509 0.0490475 0.0418493 0.0394704 0.0381405 0.033543 0.0240002 0.0100362 -0.00631005 -0.0217997 -0.0334299 -0.040154 -0.0430928 -0.0441869 -0.0444398 -0.0431452 -0.0388653 -0.0312133 -0.0215286 -0.0116922 -0.00235475 0.00746036 0.0187416 0.0303565 0.0388899 0.041307 0.0379691 0.0326062 0.0294494 0.0310935 0.038439 0.0501438 0.0612027 
0.0714162 0.0629489 0.0506668 0.0426548 0.040843 0.0411193 0.0390459 0.0329437 0.0228838 0.00983499 -0.00401045 -0.0159545 -0.0245788 -0.0304368 -0.0347832 -0.0377774 -0.0381775 -0.0347973 -0.0279889 -0.0194595 -0.0105373 -0.000699271 0.0117368 0.0268383 0.0408788 0.0479191 0.0448835 0.0351763 0.0264077 0.0245169 0.030733 0.0430851 0.0579257 0.0694326 
0.0957394 0.0848694 0.0678616 0.0549926 0.050093 0.0499499 0.0499139 0.0472142 0.0404667 0.0294444 0.0158702 0.00274934 -0.00787442 -0.0160722 -0.0227262 -0.0276361 -0.0295057 -0.0275511 -0.0224917 -0.0157774 -0.00792114 0.00227518 0.0163326 0.0331805 0.0475132 0.0523865 0.0452783 0.0317783 0.0220204 0.0230799 0.0353555 0.054991 0.0765094 0.0925607 
0.146519 0.13199 0.105799 0.0823503 0.0693311 0.0654263 0.0655823 0.0649782 0.0599212 0.0489079 0.033763 0.0184013 0.00572592 -0.00399416 -0.0117197 -0.0175398 -0.0206055 -0.0204983 -0.0177665 -0.0131042 -0.00633822 0.00362204 0.0174646 0.0333869 0.0460833 0.049206 0.0410342 0.0280528 0.0213112 0.0284628 0.0498178 0.080741 0.114101 0.139635 
0.226767 0.205106 0.163659 0.123542 0.0977716 0.0868475 0.084539 0.0834398 0.0775678 0.0645159 0.0465339 0.0284674 0.0138898 0.00320688 -0.00485489 -0.0110021 -0.0150564 -0.0168364 -0.0163729 -0.0134964 -0.00776504 0.00113681 0.012865 0.0256622 0.0356667 0.0382637 0.0325132 0.0246359 0.0252672 0.0422868 0.0767654 0.12425 0.175532 0.215262 
0.321279 0.288675 0.227717 0.168161 0.128511 0.109737 0.103208 0.0990216 0.0900011 0.0737574 0.0529645 0.0327213 0.0166643 0.00521102 -0.00305793 -0.00933952 -0.0140735 -0.0172498 -0.0183934 -0.0167223 -0.0119572 -0.00483625 0.00347528 0.0119549 0.0189921 0.0222143 0.021369 0.0216676 0.0324064 0.0614222 0.111224 0.178265 0.250732 0.306402 
0.392368 0.348806 0.271709 0.198241 0.150188 0.127014 0.11703 0.108808 0.0957099 0.0764546 0.0539394 0.0326196 0.0156151 0.00346852 -0.00496087 -0.0110643 -0.0158174 -0.0194671 -0.0213 -0.0202973 -0.016574 -0.0117816 -0.00747649 -0.00359171 0.000575223 0.00478702 0.00930244 0.0179326 0.0380275 0.0769578 0.13876 0.221159 0.3101 0.377149 
