0.301441 0.291148 0.247479 0.199024 0.161999 0.133387 0.104318 0.0717512 0.0396585 0.0134982 -0.00494665 -0.0174326 -0.0252613 -0.0276734 -0.024444 -0.017639 -0.00979427 -0.00190414 0.00579145 0.0122585 0.016918 0.0223039 0.0327333 0.0492436 0.0684547 0.0881485 0.112522 0.150562 0.206431 0.266624 
0.256399 0.245666 0.204465 0.159704 0.127874 0.106505 0.0865186 0.0636399 0.0393957 0.017237 -0.000592371 -0.0138038 -0.0223645 -0.0253572 -0.0226928 -0.0164345 -0.00917714 -0.0022079 0.00407517 0.00917147 0.0133824 0.0194327 0.0309006 0.0477141 0.0653562 0.0809477 0.099047 0.129191 0.175746 0.226927 
0.168952 0.162634 0.131512 0.0973675 0.0755262 0.0647541 0.0564337 0.0451027 0.0300846 0.0133663 -0.00206205 -0.014064 -0.0218003 -0.0246751 -0.0227596 -0.0177169 -0.0117642 -0.0062628 -0.00175542 0.0017571 0.00540666 0.0117155 0.022645 0.0363899 0.0476484 0.0536121 0.059447 0.0753774 0.106696 0.144853 
0.0870787 0.0873435 0.0675847 0.04482 0.0327734 0.0306267 0.0299508 0.0252497 0.0158968 0.00391196 -0.00751525 -0.0161053 -0.0214524 -0.0235377 -0.0223343 -0.0188385 -0.0146992 -0.0111044 -0.00851218 -0.00643483 -0.00314517 0.00334062 0.0129646 0.0220606 0.0251113 0.0202179 0.013599 0.0165419 0.0356338 0.0648424 
0.0464044 0.0513236 0.039371 0.0245427 0.0181243 0.0182456 0.0169483 0.0109356 0.00209707 -0.00676026 -0.0135363 -0.0175738 -0.0196782 -0.0203208 -0.0192412 -0.0168794 -0.0144208 -0.0127196 -0.0118902 -0.0110137 -0.00808917 -0.00171645 0.0064366 0.0114233 0.00814363 -0.00377993 -0.0168075 -0.0188892 -0.00336594 0.0236781 
0.051515 0.0577636 0.0493815 0.0378709 0.0310837 0.0260628 0.017005 0.00448905 -0.00676472 -0.0139455 -0.0169985 -0.0172681 -0.0165314 -0.0155182 -0.0139114 -0.0119575 -0.0106017 -0.0103415 -0.0108289 -0.0108227 -0.00831684 -0.00230077 0.0048539 0.00791591 0.00268317 -0.00972044 -0.0209412 -0.0193879 -0.000184435 0.0286035 
0.0820206 0.0871992 0.0796093 0.0679382 0.0565244 0.0425653 0.0239418 0.00496529 -0.00844457 -0.0147648 -0.0159839 -0.014609 -0.0125874 -0.0106819 -0.00874097 -0.00705118 -0.00643488 -0.00712544 -0.00839887 -0.00880658 -0.0064271 -0.000359739 0.00710864 0.011179 0.0085488 0.00117004 -0.00289206 0.00616947 0.0306296 0.0606854 
0.11114 0.114318 0.10645 0.0937736 0.0779777 0.057009 0.032049 0.00973982 -0.0041757 -0.00982546 -0.0106711 -0.0095575 -0.00804141 -0.00674543 -0.00566023 -0.00499668 -0.00535286 -0.00680345 -0.00845709 -0.00876903 -0.00588392 0.00116953 0.0105054 0.0178012 0.0200762 0.0192296 0.0223204 0.0370963 0.0639312 0.092768 
0.120934 0.12299 0.115655 0.103913 0.087726 0.0649893 0.038331 0.0154742 0.00207647 -0.00283823 -0.0035978 -0.00325096 -0.00305425 -0.0034898 -0.00446241 -0.00574955 -0.00749867 -0.00968922 -0.0114596 -0.01127 -0.00737336 0.00118174 0.0127856 0.0232503 0.0292005 0.0318985 0.0376333 0.053219 0.0787332 0.105002 
0.107142 0.110454 0.105769 0.0979323 0.0857973 0.0660745 0.0410595 0.0189011 0.00599307 0.00178256 0.0017124 0.00225821 0.00183761 -0.000160352 -0.00333007 -0.00667221 -0.00974572 -0.0125238 -0.0143043 -0.013582 -0.00878668 0.000739757 0.0133206 0.024591 0.0304139 0.0313191 0.0336686 0.0450859 0.0669598 0.091307 
0.0774252 0.0836821 0.0827574 0.0800058 0.0739857 0.0599983 0.0388421 0.018209 0.00550751 0.00175788 0.00305822 0.00526408 0.00575413 0.00341605 -0.000932797 -0.00540599 -0.00905922 -0.0120047 -0.0137692 -0.0128365 -0.00777951 0.00158716 0.0132123 0.0224157 0.0244061 0.019314 0.0143109 0.0188741 0.0363748 0.0598167 
0.0441667 0.052293 0.0537311 0.0545348 0.054065 0.0469664 0.0318076 0.01427 0.00201883 -0.00173191 0.000777045 0.00511021 0.00741267 0.0059539 0.0018817 -0.00232426 -0.00552512 -0.00806496 -0.00967743 -0.00878734 -0.0039993 0.00445375 0.01405 0.0198361 0.0167982 0.0051635 -0.00703867 -0.00897193 0.0040515 0.0258186 
0.0156563 0.0228828 0.0246078 0.0270433 0.0307592 0.0306891 0.0231813 0.0106371 -0.000402002 -0.00486977 -0.00269943 0.00228099 0.00568406 0.00545371 0.00273466 -0.000116274 -0.00219128 -0.00399755 -0.00531912 -0.00448019 2.29407e-05 0.00778469 0.0159169 0.0192945 0.0130701 -0.00220073 -0.018378 -0.0248987 -0.0170297 0.00011096 
-0.00481104 5.94308e-06 0.00165702 0.00526224 0.0119478 0.0176425 0.0175722 0.0108822 0.00175283 -0.00415865 -0.00455173 -0.00155857 0.00115061 0.00165214 0.000583855 -0.000614301 -0.00158933 -0.00283376 -0.00397893 -0.0031787 0.00137186 0.00943038 0.0178937 0.0214198 0.0153446 0.000346442 -0.0163301 -0.0258828 -0.0242645 -0.014666 
-0.0152487 -0.0123271 -0.0101843 -0.00572003 0.00208702 0.0107192 0.0158106 0.0142893 0.0074867 0.000262275 -0.00363208 -0.00416971 -0.00339534 -0.00278168 -0.00252229 -0.00243746 -0.00275929 -0.00383792 -0.0050753 -0.00441747 0.000389493 0.00951382 0.0197518 0.0254439 0.0219276 0.00968243 -0.00549861 -0.017022 -0.0214403 -0.0195007 
-0.0159782 -0.0143815 -0.0123859 -0.00859749 -0.00210931 0.00628268 0.0135396 0.0156572 0.0116452 0.00481512 -0.000883235 -0.00395191 -0.00481833 -0.00434686 -0.00336532 -0.00263058 -0.00272746 -0.00387121 -0.00532861 -0.00493594 -0.000122331 0.00962952 0.0211469 0.0287033 0.0278034 0.0187258 0.00588747 -0.00596161 -0.0138085 -0.0166411 
-0.0110944 -0.011464 -0.0112326 -0.00961968 -0.00586864 0.000244825 0.00704763 0.01095 0.0100573 0.00612127 0.00193295 -0.00100494 -0.00222878 -0.00190388 -0.000841104 -1.68544e-05 -8.40381e-05 -0.00123943 -0.0027843 -0.00265973 0.00160352 0.0105169 0.021112 0.0282588 0.0282714 0.0215941 0.0116673 0.00185532 -0.00563378 -0.0097081 
-0.00587466 -0.00886742 -0.0109945 -0.0112871 -0.00969431 -0.00633605 -0.00199314 0.00147252 0.00303791 0.00335357 0.00310952 0.00251892 0.00210433 0.00237386 0.00315313 0.00386573 0.00394349 0.00305393 0.00172107 0.00172852 0.00508049 0.0119459 0.0196596 0.024204 0.0232283 0.0177433 0.0107219 0.00454246 7.70857e-05 -0.00303208 
-0.00400732 -0.00880921 -0.0120711 -0.0125055 -0.0113187 -0.0100804 -0.0092751 -0.00831785 -0.00608304 -0.00237289 0.00132006 0.00353255 0.00439661 0.00487657 0.00556912 0.00646561 0.00705182 0.00675673 0.00590166 0.00601134 0.00859456 0.0133918 0.0179512 0.0192507 0.0161345 0.0102958 0.00483455 0.00181193 0.000822848 -0.000485514 
-0.00525815 -0.0100158 -0.0126114 -0.0116572 -0.00957673 -0.00952404 -0.0120863 -0.0145542 -0.0135909 -0.00892481 -0.00342521 0.00037189 0.00226544 0.00335734 0.0046323 0.00633046 0.00781738 0.00828685 0.00796415 0.00828738 0.0104961 0.0140372 0.0165103 0.0153722 0.0100301 0.00262422 -0.0031654 -0.00476822 -0.00316911 -0.00239063 
-0.00440637 -0.00764323 -0.00873147 -0.00634647 -0.00352299 -0.00425687 -0.00928228 -0.0148395 -0.0164229 -0.0134927 -0.00907761 -0.0056959 -0.00352543 -0.0015843 0.000921044 0.00393009 0.00647042 0.00758454 0.00755398 0.00789213 0.00982118 0.012753 0.0143695 0.0122715 0.0058567 -0.0027415 -0.00930411 -0.0103428 -0.00671217 -0.00348052 
0.00389013 0.00271848 0.00282942 0.00547402 0.00775795 0.00580424 -0.00106424 -0.00904604 -0.0136697 -0.0141992 -0.0129358 -0.0115757 -0.00996846 -0.00735415 -0.0035211 0.000774486 0.00410983 0.00547341 0.00527365 0.00513368 0.00641549 0.0087984 0.0103163 0.00875622 0.00326648 -0.0044772 -0.0102373 -0.00990366 -0.00394691 0.00213867 
0.0176566 0.0183606 0.0190408 0.0207731 0.021229 0.0172775 0.00862399 -0.00120999 -0.00835329 -0.0120957 -0.013972 -0.0148434 -0.0141987 -0.0114204 -0.00684769 -0.00190003 0.00164678 0.00278679 0.00199782 0.000937081 0.00116487 0.00285151 0.00464935 0.00469519 0.00188523 -0.00281702 -0.00578804 -0.00306232 0.005109 0.0135108 
0.0280417 0.0297855 0.0306157 0.0310612 0.029276 0.0231032 0.0130292 0.00253571 -0.00519407 -0.0098784 -0.012903 -0.014823 -0.0149222 -0.012531 -0.00816371 -0.00349331 -0.000379494 0.000206091 -0.00130499 -0.00332667 -0.00413132 -0.00303121 -0.000730863 0.00126648 0.00167552 0.000777229 0.00118875 0.00592805 0.0146358 0.0231532 
0.0280273 0.0295521 0.0302372 0.0297219 0.0263521 0.0189474 0.00898946 3.62034e-05 -0.00560695 -0.00854587 -0.0105195 -0.0121045 -0.0124799 -0.010803 -0.00740876 -0.00377264 -0.0015457 -0.00161734 -0.00366782 -0.00626265 -0.0076215 -0.00671617 -0.00383939 -0.000309631 0.00249193 0.00443936 0.00713074 0.0121843 0.0188944 0.0246843 
0.0184362 0.0187922 0.0191066 0.0182425 0.0146606 0.00798814 0.000371415 -0.00499392 -0.00700185 -0.00720345 -0.00749864 -0.00826691 -0.00857717 -0.00753038 -0.00525946 -0.00285538 -0.00158577 -0.00217713 -0.0043988 -0.00700902 -0.00832666 -0.0072453 -0.00395963 0.000191227 0.0038374 0.00680182 0.00992921 0.0135015 0.016507 0.0180044 
0.00591225 0.00500788 0.00488641 0.00418272 0.00167879 -0.00250073 -0.0063459 -0.00775399 -0.00685552 -0.00553713 -0.00513132 -0.00543077 -0.00546673 -0.00459232 -0.00298117 -0.00142489 -0.000796421 -0.00159929 -0.00362187 -0.00580387 -0.00666587 -0.00523426 -0.00184018 0.00204933 0.00518446 0.00759439 0.00972275 0.0109736 0.0103052 0.00805422 
-0.0029176 -0.00458255 -0.00516811 -0.00568217 -0.00672892 -0.00794784 -0.00817566 -0.00688533 -0.00511343 -0.0042372 -0.00440504 -0.00472419 -0.00439416 -0.00326857 -0.00175531 -0.000497421 -7.91691e-05 -0.000804101 -0.00242302 -0.00398757 -0.00422046 -0.00238503 0.000932364 0.00412768 0.0061413 0.00731001 0.00799815 0.00731617 0.00444687 0.000385917 
-0.00596556 -0.00781175 -0.00890697 -0.00962505 -0.00979518 -0.00884717 -0.00659924 -0.00405005 -0.00278393 -0.00331822 -0.0046001 -0.00524948 -0.0047448 -0.00340435 -0.00183626 -0.00061143 -0.000173125 -0.000723955 -0.00196339 -0.0029699 -0.00261301 -0.000420152 0.00274348 0.00519274 0.0060823 0.00603777 0.00558673 0.00404087 0.000880038 -0.00292892 
-0.00576528 -0.00724387 -0.00862929 -0.00976335 -0.00979671 -0.00783514 -0.00427499 -0.00113384 -0.000353563 -0.00191412 -0.00407877 -0.00522687 -0.0049806 -0.00384783 -0.00247705 -0.00138893 -0.00100004 -0.00149718 -0.00253427 -0.00317984 -0.00243603 -0.000103252 0.00272806 0.00440032 0.00427848 0.00318616 0.00194931 0.000403882 -0.00170346 -0.00393037 
-0.00593551 -0.00661724 -0.00778669 -0.00900581 -0.00906443 -0.00679145 -0.00269335 0.000864755 0.00176601 7.82607e-05 -0.00238447 -0.00395583 -0.00420978 -0.00359193 -0.00268295 -0.00196381 -0.00184685 -0.00249223 -0.00349777 -0.00395432 -0.00306206 -0.000915544 0.00126368 0.00197661 0.00080033 -0.00133673 -0.00329568 -0.00461645 -0.00532148 -0.0056293 
-0.00861315 -0.0085783 -0.00923721 -0.0099838 -0.009607 -0.00701396 -0.00270207 0.00113986 0.00253977 0.00143858 -0.000635406 -0.00216301 -0.0026531 -0.0024203 -0.00196109 -0.00171335 -0.00202741 -0.00295115 -0.00399625 -0.0043346 -0.00345493 -0.00176831 -0.000547759 -0.00103441 -0.00340005 -0.0066287 -0.00935676 -0.0106698 -0.0104501 -0.00942133 
-0.0144532 -0.014413 -0.0147586 -0.0146664 -0.0131823 -0.00975889 -0.00508753 -0.00095852 0.0011196 0.00106502 4.27763e-06 -0.000863233 -0.00108045 -0.00085755 -0.000619727 -0.000760179 -0.00152068 -0.0027683 -0.00389157 -0.0041602 -0.00338665 -0.0022924 -0.0021578 -0.00393011 -0.00748239 -0.0116748 -0.0150786 -0.0166933 -0.0164448 -0.0152886 
-0.0226517 -0.0234699 -0.0238862 -0.0228656 -0.0198501 -0.01509 -0.00967477 -0.0050318 -0.00210632 -0.00089464 -0.000654375 -0.000555599 -0.000208565 0.000278989 0.000539041 0.000185985 -0.000945911 -0.00254673 -0.00385182 -0.0041811 -0.00361562 -0.00312214 -0.00394932 -0.00676431 -0.0111479 -0.0158512 -0.019588 -0.0216691 -0.0222605 -0.0222751 
-0.0306454 -0.0327452 -0.033452 -0.0316731 -0.0272743 -0.0211953 -0.0149085 -0.00963232 -0.00588261 -0.00354903 -0.00216536 -0.00118723 -0.000263574 0.000593116 0.00104114 0.000646205 -0.000754322 -0.00273145 -0.00437204 -0.00497889 -0.00477045 -0.00481897 -0.00629085 -0.00963486 -0.0142245 -0.0187812 -0.0223286 -0.0247371 -0.0265283 -0.0283943 
-0.0352952 -0.0384157 -0.0394059 -0.0372657 -0.0321781 -0.0254252 -0.0186637 -0.013036 -0.00883373 -0.00584263 -0.00371686 -0.00208973 -0.000669281 0.000560655 0.00124725 0.000889805 -0.00070475 -0.00304832 -0.00513064 -0.00620417 -0.00647188 -0.00694375 -0.00868214 -0.0120499 -0.0163552 -0.0203398 -0.023311 -0.0256569 -0.0282349 -0.0315387 
-0.034825 -0.0382027 -0.0392988 -0.0371998 -0.0321989 -0.0255859 -0.0189906 -0.0135281 -0.00941274 -0.00634133 -0.00396786 -0.00202353 -0.000314574 0.00113285 0.00193354 0.00154282 -0.000244606 -0.00291295 -0.00542208 -0.00698294 -0.00768461 -0.00837522 -0.0100481 -0.0131392 -0.0170391 -0.0205011 -0.0228939 -0.0248017 -0.0272589 -0.0307474 
-0.0294542 -0.0323042 -0.0332467 -0.0313499 -0.0268332 -0.0208445 -0.0148921 -0.0100453 -0.00650257 -0.00391854 -0.00189464 -0.000159167 0.00143065 0.00278603 0.00346699 0.00290079 0.000895468 -0.00202114 -0.00483028 -0.00672451 -0.00765948 -0.00832082 -0.00967925 -0.0123189 -0.0158029 -0.0189188 -0.0209095 -0.0221969 -0.0237646 -0.0262405 
-0.0208729 -0.0228158 -0.0233819 -0.0216388 -0.0177105 -0.012595 -0.00764591 -0.00382157 -0.00128077 0.000342638 0.00152619 0.00264467 0.00385667 0.00497703 0.00545728 0.00469845 0.0025436 -0.000477009 -0.00339292 -0.00539141 -0.00631576 -0.00673588 -0.00760861 -0.00960757 -0.0124557 -0.0150756 -0.0166468 -0.0173131 -0.0178362 -0.0189554 
-0.0117006 -0.0128067 -0.0128879 -0.0112669 -0.00812085 -0.00427031 -0.000805733 0.00151759 0.00266221 0.00310615 0.00346402 0.00419744 0.00538265 0.00660738 0.00714744 0.00640101 0.00429067 0.0013658 -0.00144756 -0.00333321 -0.00405425 -0.00411431 -0.00443902 -0.00567009 -0.00759744 -0.00937678 -0.0103499 -0.010525 -0.0104183 -0.0107067 
-0.0040665 -0.00454157 -0.00413961 -0.00272729 -0.000684516 0.0014396 0.00295812 0.00336835 0.00284209 0.00216193 0.00217539 0.00328383 0.0052179 0.00715788 0.00816955 0.00769894 0.00580784 0.00310634 0.000500295 -0.00119406 -0.00168974 -0.00144366 -0.00132302 -0.0018671 -0.00286959 -0.00372603 -0.0040335 -0.00381163 -0.00344818 -0.00348903 
0.00272036 0.00289518 0.00371847 0.00475614 0.00545893 0.00562092 0.00497901 0.00326451 0.000926938 -0.000794097 -0.0007683 0.00120529 0.00432309 0.0072699 0.00890422 0.00874453 0.00701851 0.00442921 0.00188424 0.000194168 -0.000311073 -8.36992e-06 0.000339146 0.000288029 2.14711e-05 -1.82986e-05 0.000447694 0.00138321 0.00235189 0.00278427 
0.0116048 0.0125675 0.0136208 0.0140394 0.0132997 0.0115135 0.00871952 0.00484681 0.000653607 -0.00219147 -0.00234683 0.000185448 0.00415569 0.0078393 0.00988522 0.00981494 0.00797023 0.00515132 0.00229961 0.000245618 -0.000612872 -0.000523461 -9.55204e-05 0.000323653 0.000893811 0.0019798 0.003824 0.0063208 0.00883134 0.0105899 
0.0232655 0.0246465 0.0254644 0.0250593 0.0230472 0.0196659 0.0150482 0.00927949 0.00338588 -0.000717187 -0.00160315 0.000670718 0.00472964 0.00866132 0.0108916 0.0107809 0.00863635 0.00531444 0.00184255 -0.000850851 -0.00224844 -0.00244026 -0.00184586 -0.000653346 0.00135682 0.00447163 0.00867518 0.0134797 0.0179546 0.0212321 
0.0334028 0.0342127 0.0343437 0.0333659 0.0308219 0.0267017 0.0210505 0.0140965 0.00702935 0.00179514 -0.000180926 0.00117496 0.00470245 0.008567 0.0110171 0.0111013 0.00889202 0.00519261 0.00112974 -0.00220172 -0.00410625 -0.00447255 -0.00348283 -0.00110378 0.00298138 0.00884293 0.0158021 0.0226014 0.0280584 0.0315874 
0.0356705 0.0352951 0.0350034 0.03444 0.0325577 0.0287221 0.0229595 0.0158006 0.00849188 0.00277363 -3.34976e-05 0.000346804 0.00315682 0.0068705 0.00970771 0.0103862 0.00860735 0.00498891 0.000682648 -0.00308285 -0.00541879 -0.00594537 -0.00455565 -0.00102989 0.00491684 0.0129534 0.0215815 0.0287782 0.033355 0.0353855 
0.0261805 0.0252111 0.0256496 0.0268775 0.0267777 0.0239369 0.0187145 0.0123053 0.00594748 0.000874328 -0.0019016 -0.00195751 0.000393261 0.00405817 0.00737852 0.00883349 0.00776578 0.00456253 0.000303326 -0.00377055 -0.00663901 -0.00764887 -0.00643896 -0.0027409 0.00353691 0.011676 0.0196996 0.0253202 0.0276537 0.0274834 
0.00580289 0.00568845 0.00830873 0.0124403 0.0147632 0.013198 0.00879363 0.00377163 -0.000625609 -0.00395411 -0.00572641 -0.00541331 -0.00290182 0.00109014 0.00501006 0.00717222 0.00667707 0.00375955 -0.000589981 -0.00519686 -0.00898161 -0.0111133 -0.0111536 -0.00894967 -0.0045643 0.00124979 0.00663219 0.00953137 0.0094339 0.00760397 
-0.0182825 -0.0160338 -0.0100986 -0.0026921 0.00180513 0.000991173 -0.00313047 -0.0070834 -0.00951592 -0.0108531 -0.0111848 -0.0098361 -0.00636593 -0.00138765 0.00345672 0.00631902 0.00615966 0.00314704 -0.00176481 -0.00740073 -0.0125667 -0.0163383 -0.0184422 -0.0189881 -0.0179718 -0.0156869 -0.0134766 -0.0130878 -0.0148869 -0.017335 
-0.0340083 -0.0285783 -0.0190155 -0.00904009 -0.00394748 -0.00586421 -0.0114602 -0.0159678 -0.0178728 -0.0182643 -0.017589 -0.0149886 -0.00994635 -0.00334012 0.00290544 0.00679239 0.0071658 0.0040743 -0.0015799 -0.00848251 -0.0151155 -0.0203835 -0.0242927 -0.0273004 -0.0291729 -0.0295311 -0.0292687 -0.0301213 -0.0325463 -0.0347491 
-0.0327784 -0.0245299 -0.0121281 -0.00133678 0.00182137 -0.00363222 -0.0126408 -0.0195652 -0.0230027 -0.0243073 -0.0237959 -0.0203946 -0.0138011 -0.00539229 0.00260725 0.00812704 0.0098539 0.00751365 0.00177752 -0.0058938 -0.0134846 -0.0194877 -0.0239581 -0.0275489 -0.0298417 -0.030171 -0.0296162 -0.0303439 -0.0328903 -0.0349148 
-0.0173641 -0.00736384 0.0064266 0.0159404 0.0150761 0.00500714 -0.00753875 -0.0171663 -0.023256 -0.0270384 -0.0281229 -0.0250846 -0.017868 -0.00824828 0.00141379 0.00904848 0.0130918 0.0127227 0.00814114 0.000760945 -0.00699687 -0.0130127 -0.0168238 -0.0187801 -0.0184642 -0.0158264 -0.0131133 -0.0133253 -0.0167374 -0.0197695 
0.00101009 0.0117021 0.0253178 0.0319677 0.0266872 0.0134566 -0.00013919 -0.0104239 -0.0183306 -0.0248457 -0.0285525 -0.0274155 -0.0212303 -0.0117177 -0.00113369 0.00844507 0.0150924 0.0173426 0.0148337 0.00870293 0.00140628 -0.00440997 -0.00722552 -0.00646223 -0.00187142 0.00511608 0.0103833 0.0100238 0.00449841 -0.000735673 
0.01228 0.0223535 0.0342215 0.0375036 0.0293882 0.0163166 0.00547862 -0.0021554 -0.00950163 -0.0175819 -0.0241127 -0.026171 -0.0227266 -0.0148475 -0.00449565 0.006156 0.0147504 0.0192654 0.0189123 0.0144634 0.0079829 0.00225592 -1.99636e-05 0.00302946 0.0114654 0.0220903 0.0289559 0.0276081 0.0194855 0.0117778 
0.0130682 0.0209141 0.0299737 0.0308085 0.022624 0.0129126 0.00754041 0.0049287 0.000332293 -0.00777734 -0.0166887 -0.0224188 -0.0225713 -0.0171739 -0.00786164 0.00297785 0.0125695 0.0185258 0.0198475 0.0170019 0.0114507 0.00570983 0.0033279 0.00740009 0.0179344 0.0303394 0.0374498 0.0347363 0.0244226 0.0145343 
0.00696038 0.0119339 0.0184745 0.0186231 0.0124468 0.00698171 0.00677743 0.00887542 0.00734114 -0.000116506 -0.0106849 -0.0193966 -0.0225327 -0.0191836 -0.0107749 4.19684e-05 0.0101561 0.0169435 0.0192771 0.0174389 0.0124456 0.00647086 0.00348632 0.00741553 0.0183512 0.0309652 0.0375779 0.0338089 0.0221882 0.0106878 
0.00207613 0.00534147 0.0107002 0.0112835 0.00696726 0.00368718 0.00540165 0.00920328 0.00887903 0.00159376 -0.00985226 -0.0199537 -0.0243547 -0.0217227 -0.0134248 -0.00228776 0.00837089 0.0156869 0.0183074 0.0164517 0.0111476 0.00458182 0.000961491 0.00457138 0.0154732 0.0279741 0.0343247 0.0303985 0.0187437 0.00691215 
0.005389 0.00873539 0.0139304 0.0149739 0.0112555 0.00735547 0.00697174 0.00832597 0.00616812 -0.00220298 -0.0141373 -0.0243039 -0.0285229 -0.0255515 -0.016812 -0.00516362 0.00603954 0.0136969 0.0161218 0.0135675 0.00752376 0.00063105 -0.00270213 0.0017058 0.0134436 0.0263469 0.0328553 0.0295509 0.0193048 0.00916141 
0.0184364 0.0222497 0.0269957 0.0284482 0.025589 0.0205673 0.0158879 0.0114887 0.00464876 -0.00636112 -0.0193718 -0.0298021 -0.0339269 -0.0307418 -0.0218347 -0.0100642 0.00136099 0.00928084 0.0117233 0.00898355 0.00310613 -0.00276841 -0.00427156 0.00222334 0.0155045 0.028936 0.0355409 0.0333371 0.0260015 0.019613 
0.0380327 0.0405898 0.0434131 0.0457749 0.0461607 0.0424221 0.0341264 0.022991 0.0100504 -0.00490087 -0.0204847 -0.0328904 -0.0384052 -0.0360401 -0.0277035 -0.016414 -0.00513011 0.00322555 0.00655746 0.00503368 0.000895395 -0.00262398 -0.00164515 0.00666277 0.0206179 0.0338383 0.0405494 0.0405154 0.0379545 0.0368052 
0.0572137 0.0560502 0.0554604 0.059455 0.0656901 0.0664736 0.0572694 0.0410614 0.0226315 0.00330009 -0.016235 -0.0323231 -0.0405113 -0.0395769 -0.031992 -0.021229 -0.0100107 -0.000773952 0.00438315 0.00516703 0.00343277 0.00203749 0.00409237 0.0117564 0.0237481 0.035187 0.0421963 0.0459948 0.0501818 0.0549706 
0.0676419 0.0616099 0.0573178 0.0632055 0.0757776 0.082426 0.0750336 0.057036 0.0355506 0.0128712 -0.0104657 -0.0301551 -0.0405727 -0.0403298 -0.0327221 -0.0218525 -0.0102296 0.000296696 0.0076272 0.0106754 0.0104552 0.00925567 0.00949366 0.0129752 0.0196221 0.0271518 0.034164 0.0428437 0.0548732 0.0655574 
0.0679232 0.0579508 0.0507019 0.0573508 0.0733994 0.0837764 0.0788127 0.0617801 0.0402363 0.0166778 -0.0081484 -0.0291007 -0.0397372 -0.0388284 -0.0304208 -0.0189884 -0.00674516 0.00495537 0.0139378 0.0182297 0.0179084 0.0148028 0.0109204 0.00796209 0.00734466 0.00981657 0.0166007 0.0303038 0.0499621 0.0660075 
0.0689742 0.0573891 0.0478287 0.0523356 0.0663813 0.0754714 0.0705309 0.0544312 0.0341022 0.0119924 -0.011041 -0.0300112 -0.038861 -0.0367751 -0.0278878 -0.0163658 -0.00402341 0.00807354 0.0176808 0.0221766 0.0208956 0.0154365 0.00775675 -0.000455385 -0.00669473 -0.00772511 -0.000205711 0.0184144 0.0447663 0.065815 
0.0881362 0.077592 0.0653002 0.0635432 0.0695348 0.0716569 0.0624334 0.0441624 0.0232233 0.00264876 -0.0167713 -0.0317802 -0.0381979 -0.0356558 -0.0274729 -0.0169088 -0.00540887 0.00612391 0.0156089 0.0201871 0.0186712 0.0126223 0.00434629 -0.00447628 -0.0112954 -0.0119258 -0.00189387 0.021427 0.0537862 0.0807837 
0.13751 0.129645 0.112304 0.0995238 0.0925566 0.0835919 0.0663785 0.0421913 0.0172149 -0.00408663 -0.020818 -0.0323478 -0.0372115 -0.0353511 -0.0287703 -0.0197854 -0.0097139 0.000720839 0.00995655 0.0152867 0.0151772 0.0112815 0.00657971 0.00273018 0.00114868 0.0050841 0.0191506 0.0470155 0.0859811 0.121944 
0.211605 0.205559 0.179335 0.151692 0.129808 0.109058 0.0831383 0.0518061 0.021037 -0.00318947 -0.0196037 -0.0298237 -0.0347303 -0.0343023 -0.029332 -0.0216607 -0.0128515 -0.00349416 0.00554359 0.0120068 0.0142893 0.0142492 0.0156167 0.020012 0.0270938 0.038027 0.0570806 0.0899697 0.137228 0.185348 
0.280141 0.272862 0.235853 0.194093 0.160556 0.132053 0.101007 0.0656329 0.0313253 0.00458179 -0.0130085 -0.0239856 -0.0302187 -0.031385 -0.0275087 -0.0204562 -0.0123107 -0.00375558 0.00485163 0.0118691 0.0160205 0.019479 0.0265108 0.0386146 0.0537771 0.0711329 0.0947412 0.132385 0.187298 0.245913 
