0.348169 0.308966 0.218776 0.126931 0.0656844 0.0370698 0.0277898 0.0255548 0.0240119 0.0202897 0.013332 0.00366934 -0.00682193 -0.0156408 -0.0210544 -0.0227973 -0.0213364 -0.0171604 -0.0114442 -0.00602197 -0.00105179 0.00507434 0.0125227 0.0211137 0.0341595 0.0569327 0.0946399 0.153629 0.23437 0.314135 
0.32556 0.293665 0.217653 0.140639 0.0880629 0.0598525 0.0455966 0.0378598 0.0332762 0.028501 0.0205787 0.00923457 -0.00341366 -0.0145705 -0.0220741 -0.0251373 -0.0241302 -0.0198024 -0.0137641 -0.00876699 -0.00601261 -0.00341927 0.00154536 0.0101629 0.0242323 0.0466794 0.0821492 0.137807 0.214844 0.291397 
0.236006 0.216868 0.169131 0.123243 0.0940381 0.077867 0.0661983 0.0558497 0.0471818 0.0385031 0.0270304 0.0126126 -0.0022661 -0.0147471 -0.0228312 -0.0258793 -0.0244683 -0.0194566 -0.0124879 -0.00693075 -0.00513025 -0.00499435 -0.00225815 0.00515241 0.0169893 0.0333201 0.0572757 0.0957787 0.1516 0.208822 
0.139513 0.132129 0.110027 0.0930889 0.0880552 0.0876098 0.0824788 0.071085 0.0572352 0.0428733 0.027341 0.0109719 -0.00409375 -0.0157279 -0.0226845 -0.0247374 -0.0225196 -0.0166657 -0.0085577 -0.00178474 0.000736684 0.00114169 0.00407388 0.010616 0.0183187 0.0256637 0.0348913 0.0524817 0.0835216 0.119592 
0.0734257 0.074358 0.0677762 0.0678776 0.0781834 0.0893875 0.08996 0.0773981 0.0578644 0.0377181 0.0194901 0.0039201 -0.00829575 -0.0168133 -0.0215148 -0.0223509 -0.0195133 -0.0130667 -0.00401011 0.00415428 0.00856804 0.0115444 0.0170058 0.0236375 0.0268652 0.0252548 0.0217106 0.0226685 0.03523 0.0570576 
0.0384766 0.0444308 0.0458158 0.0534986 0.0702832 0.0866837 0.0895943 0.0750533 0.0505487 0.0261528 0.00729468 -0.00523159 -0.0127986 -0.0173146 -0.0197477 -0.0198425 -0.0169474 -0.0103636 -0.000717535 0.0085873 0.0147879 0.0202559 0.028146 0.0350994 0.0350535 0.0274868 0.0166523 0.00850999 0.0104099 0.0238456 
0.0253784 0.0335687 0.0395701 0.0508247 0.0689363 0.0848125 0.0856317 0.0676953 0.0397796 0.0139444 -0.00337297 -0.0121648 -0.0156249 -0.0171865 -0.0183182 -0.0183719 -0.015894 -0.00952417 0.000315311 0.0100639 0.0167223 0.0225447 0.0305252 0.036851 0.0355477 0.0274242 0.0171358 0.00820156 0.00577858 0.0134275 
0.0283207 0.0374388 0.0468244 0.0600799 0.0762821 0.0865482 0.0804265 0.0573618 0.0281225 0.00441829 -0.00932826 -0.0150132 -0.0165936 -0.0173269 -0.018288 -0.018569 -0.0164493 -0.0103615 -0.00082466 0.00828244 0.0136751 0.017514 0.0230647 0.0274484 0.0264883 0.0225778 0.0192949 0.0160765 0.0145804 0.0191203 
0.0369899 0.0472334 0.0594397 0.0734818 0.085305 0.0864494 0.0707608 0.0429043 0.0154967 -0.00263719 -0.0115852 -0.0154762 -0.0174877 -0.0190291 -0.020184 -0.0201916 -0.0178259 -0.0118948 -0.0031659 0.00439279 0.00751165 0.00836154 0.0106372 0.012968 0.0132465 0.0145912 0.0188571 0.0224353 0.0244494 0.0288562 
0.0371647 0.0476971 0.0612429 0.074729 0.0816093 0.0745635 0.0522823 0.0239453 0.00218068 -0.00856956 -0.0129854 -0.0163407 -0.0198167 -0.0223992 -0.0232624 -0.0222159 -0.0190587 -0.0132593 -0.0055788 0.000429946 0.00173575 0.000491103 0.000937325 0.00307933 0.00541343 0.00979354 0.0167148 0.0225004 0.0259297 0.0300637 
0.0236462 0.0315919 0.0435357 0.0549359 0.0585576 0.0488358 0.0275334 0.0048187 -0.00908419 -0.0134187 -0.0149217 -0.0182714 -0.0226645 -0.025495 -0.0255624 -0.0233121 -0.0195167 -0.0141294 -0.00745866 -0.00224066 -0.00123068 -0.0024023 -0.00109794 0.00328274 0.00807684 0.0126165 0.016957 0.0194339 0.019749 0.0202723 
0.00365068 0.0068577 0.0148783 0.0232313 0.0259172 0.0193152 0.00552745 -0.00802544 -0.0148418 -0.0156821 -0.0161949 -0.0193478 -0.0234759 -0.0258516 -0.0253636 -0.0226944 -0.0190284 -0.0144456 -0.00868753 -0.00367995 -0.00183474 -0.00121425 0.00274395 0.0101105 0.0163686 0.0189718 0.0186332 0.015851 0.0109455 0.00584098 
-0.0118306 -0.0128354 -0.00865098 -0.00275112 0.000703865 -0.000499504 -0.00553824 -0.0109634 -0.0135607 -0.0138103 -0.0147189 -0.0175575 -0.020954 -0.023016 -0.0228295 -0.0208073 -0.0179489 -0.0142596 -0.00924657 -0.00442335 -0.00184339 0.000438834 0.00645315 0.0152219 0.0209937 0.0208719 0.0168659 0.0108959 0.00307164 -0.00553885 
-0.016091 -0.0196102 -0.0175673 -0.0121022 -0.00667682 -0.0035789 -0.00336838 -0.00500979 -0.00685389 -0.00847481 -0.0106259 -0.0135901 -0.016732 -0.019059 -0.019756 -0.018805 -0.0168121 -0.0136686 -0.00894072 -0.00414586 -0.0013017 0.00127713 0.0070109 0.0145248 0.0183168 0.0162698 0.0114052 0.00613641 -0.000286019 -0.00844266 
-0.00937252 -0.0141767 -0.0125222 -0.00552603 0.00232999 0.00712884 0.00760022 0.00491395 0.00106659 -0.00279105 -0.00645627 -0.00999273 -0.0133603 -0.0161064 -0.0174724 -0.0172026 -0.0156467 -0.0125521 -0.00743461 -0.00187122 0.00167772 0.00397127 0.00772848 0.0121426 0.0134317 0.0109158 0.00793311 0.00632062 0.00391681 -0.0017546 
0.00296341 -0.00236627 -0.00038704 0.00804617 0.0169849 0.0207987 0.0182825 0.0121943 0.00575299 0.000281143 -0.00425606 -0.00815594 -0.0116047 -0.0143605 -0.0157775 -0.0155783 -0.014011 -0.0106523 -0.00470914 0.00244876 0.00779762 0.0106853 0.0128092 0.0141405 0.0131748 0.0110024 0.0109067 0.0133427 0.0144441 0.0105438 
0.0138724 0.00827938 0.00966888 0.0169997 0.024223 0.0255269 0.0201413 0.0119241 0.00473109 -0.000530394 -0.00465404 -0.0081858 -0.0111538 -0.0133118 -0.0141938 -0.0135976 -0.0117137 -0.00799639 -0.00132388 0.00736979 0.0148241 0.0191295 0.0208629 0.0204208 0.0180679 0.0163147 0.0182729 0.0230229 0.0254234 0.0216823 
0.0179524 0.0117737 0.0109466 0.0145136 0.0180172 0.0170263 0.0110775 0.00368163 -0.00185341 -0.00527901 -0.00792619 -0.0103514 -0.0122317 -0.0132036 -0.0130091 -0.0116089 -0.00918282 -0.00516058 0.00169762 0.0108578 0.0192382 0.0243457 0.0261214 0.0251911 0.0225801 0.0211584 0.0236574 0.0285113 0.0303804 0.0260091 
0.0145795 0.00766109 0.00426315 0.0038619 0.00393122 0.00174347 -0.00304873 -0.00806563 -0.0111055 -0.0123536 -0.0131963 -0.0141099 -0.0145446 -0.0140071 -0.0124278 -0.0100339 -0.00708423 -0.00306169 0.00318374 0.0113468 0.0188127 0.0232887 0.0248124 0.0242088 0.022288 0.0212014 0.0231566 0.0267779 0.0274795 0.0226413 
0.00742396 0.000680305 -0.00339443 -0.00530222 -0.00676562 -0.00943727 -0.0133582 -0.0168374 -0.0183746 -0.0181917 -0.0175471 -0.0170468 -0.0162059 -0.0144479 -0.0118075 -0.0087573 -0.0056823 -0.00219118 0.00267249 0.00875604 0.014117 0.0172001 0.0185163 0.0188682 0.0182038 0.0174819 0.0184889 0.0205045 0.0200437 0.0150513 
4.59919e-05 -0.00460749 -0.00640905 -0.00678787 -0.00799022 -0.0111497 -0.0155154 -0.0191904 -0.0207045 -0.0200913 -0.0185856 -0.0171591 -0.0156223 -0.013404 -0.0105127 -0.00746907 -0.00474706 -0.00217184 0.000984353 0.00475582 0.00796975 0.00991376 0.0114014 0.0128574 0.0133012 0.0126934 0.012528 0.0127979 0.0111951 0.00635158 
-0.00671808 -0.00789269 -0.00596239 -0.00353335 -0.00363895 -0.00705968 -0.0121698 -0.0166145 -0.018776 -0.0184457 -0.0167521 -0.0149516 -0.0132454 -0.0112053 -0.0087252 -0.00615946 -0.00400156 -0.00232829 -0.000616571 0.0013747 0.00312926 0.00448444 0.00610597 0.00784894 0.0082857 0.00699667 0.00527638 0.0037061 0.00120044 -0.00282822 
-0.012996 -0.0115684 -0.00733192 -0.00304931 -0.00176255 -0.00411078 -0.00834862 -0.0123064 -0.0146122 -0.0148348 -0.0135782 -0.0119325 -0.0103952 -0.00879623 -0.00694031 -0.00496751 -0.00335296 -0.00234977 -0.00155084 -0.00054193 0.000551905 0.00166989 0.00296108 0.00377811 0.00284857 4.22701e-05 -0.00332393 -0.00624504 -0.00890681 -0.0115254 
-0.0173887 -0.0159981 -0.0123605 -0.00811743 -0.00550142 -0.00531033 -0.00660278 -0.00821508 -0.00956195 -0.0101534 -0.00975411 -0.00876791 -0.00767927 -0.00655962 -0.00525032 -0.00380569 -0.00268263 -0.00217503 -0.00188455 -0.00128089 -0.000347054 0.00065673 0.00130526 0.000696051 -0.00195971 -0.0061857 -0.0104289 -0.0134939 -0.015421 -0.0168072 
-0.0180716 -0.0185953 -0.0173556 -0.0145838 -0.0114988 -0.00896421 -0.00692111 -0.00542327 -0.00497581 -0.00539557 -0.0057897 -0.00567493 -0.00516919 -0.00444106 -0.00349297 -0.00245906 -0.00178435 -0.00169308 -0.00173865 -0.00135191 -0.000517024 0.000302931 0.000390618 -0.00110925 -0.00456119 -0.00910786 -0.0130392 -0.0151981 -0.0160249 -0.016855 
-0.0156153 -0.0177836 -0.0186614 -0.0177624 -0.0155747 -0.0125326 -0.00867684 -0.00476995 -0.00234833 -0.00195369 -0.00260095 -0.00312178 -0.00308724 -0.00258836 -0.00180862 -0.00103361 -0.000691747 -0.000909565 -0.00122117 -0.00109894 -0.000545952 -1.92291e-05 -0.000142862 -0.00156032 -0.00454368 -0.00836909 -0.0114431 -0.0126943 -0.0128416 -0.0136061 
-0.0125086 -0.0149883 -0.0166877 -0.0171532 -0.016549 -0.0146255 -0.0108312 -0.00591745 -0.00202649 -0.00053994 -0.000881083 -0.00159559 -0.00177312 -0.00133402 -0.00058401 7.0404e-05 0.000237227 -0.000149481 -0.000678259 -0.000891667 -0.000735647 -0.000478022 -0.000487267 -0.00125515 -0.0032387 -0.00612477 -0.0085786 -0.00955238 -0.00965914 -0.0104466 
-0.0102654 -0.0122574 -0.0138396 -0.0147626 -0.0151944 -0.0145531 -0.0117648 -0.00717402 -0.00288307 -0.00070185 -0.000551265 -0.00107 -0.00115313 -0.000618345 0.000158594 0.000732289 0.000789125 0.00029049 -0.000449861 -0.00102437 -0.00126429 -0.00124331 -0.00117107 -0.00149624 -0.00281334 -0.00506051 -0.00711621 -0.00800201 -0.0081353 -0.00871328 
-0.00837114 -0.00998711 -0.0112832 -0.0119687 -0.0123923 -0.0122148 -0.0103839 -0.00687852 -0.0032601 -0.00112426 -0.000621399 -0.000719588 -0.000495013 0.000174226 0.000902843 0.00132125 0.00123703 0.000617964 -0.000334447 -0.00126386 -0.00192255 -0.00228402 -0.00249985 -0.00293553 -0.00406562 -0.00581022 -0.00722952 -0.00757172 -0.00725296 -0.00732747 
-0.00567056 -0.0073677 -0.00855529 -0.0087505 -0.00853175 -0.0080893 -0.0067739 -0.0044161 -0.00193958 -0.000361875 0.000234666 0.000500517 0.000947444 0.00155722 0.00204449 0.00221697 0.00199049 0.00128623 0.000166781 -0.00109553 -0.00223754 -0.00317963 -0.0039747 -0.00475107 -0.00568292 -0.00662309 -0.0069175 -0.00619865 -0.00509167 -0.00471918 
-0.00174102 -0.00371136 -0.00480385 -0.00448567 -0.00356559 -0.00269762 -0.0016215 -0.000134775 0.00128259 0.00213023 0.00250375 0.00277356 0.00307865 0.00332703 0.00342082 0.00334747 0.00304676 0.00232776 0.00110251 -0.000438507 -0.00201928 -0.00348992 -0.00473806 -0.00558042 -0.0059051 -0.00561573 -0.00446991 -0.002572 -0.000844485 -0.00045395 
0.00312467 0.00115289 0.000374155 0.00114588 0.00248362 0.00349935 0.00428487 0.0050933 0.00565656 0.00573046 0.00554036 0.0053488 0.00513528 0.00484057 0.00453267 0.00427979 0.00395919 0.0032584 0.00198502 0.000301514 -0.00146299 -0.0030714 -0.00427607 -0.00470132 -0.00411575 -0.00255003 -0.000128416 0.00263958 0.00460583 0.00473098 
0.00818464 0.00666412 0.00635965 0.0073855 0.00874925 0.00957945 0.00995533 0.0101699 0.0100154 0.00930564 0.00832581 0.00737816 0.00648244 0.00565421 0.00502138 0.0046262 0.00426763 0.00357269 0.00232042 0.000689537 -0.000929042 -0.00222449 -0.00289264 -0.00256433 -0.00109319 0.00136091 0.00450141 0.00764448 0.00962372 0.00964993 
0.0119845 0.0111234 0.0112061 0.01221 0.0133732 0.0140161 0.0141537 0.013964 0.0132327 0.0118253 0.0100851 0.00840998 0.00693468 0.00572685 0.004876 0.00435179 0.00392223 0.00323559 0.00209158 0.000669594 -0.000626307 -0.00143351 -0.00140746 -0.000270087 0.00190683 0.00478159 0.00800264 0.0109714 0.0127749 0.0129281 
0.0125593 0.012237 0.0125418 0.0134339 0.0145435 0.0154168 0.0158129 0.0155859 0.0145262 0.0126821 0.0104956 0.00841131 0.00663899 0.00527302 0.0043421 0.00375531 0.0032984 0.00268868 0.00175249 0.000614226 -0.000376801 -0.000809643 -0.000235232 0.00158692 0.00430873 0.0072494 0.00993151 0.0120012 0.0130731 0.0130863 
0.00883814 0.00880634 0.00935825 0.0104141 0.0119255 0.0135535 0.0146808 0.0147756 0.0137022 0.0118142 0.00966097 0.007614 0.00585786 0.00452452 0.00365194 0.00313437 0.00277488 0.00234287 0.00167489 0.000815933 3.65973e-05 -0.000201364 0.000703256 0.00302015 0.00611256 0.00882664 0.0104323 0.0108398 0.0103385 0.00946778 
0.00184997 0.00179184 0.00271662 0.00437599 0.00675626 0.00944076 0.0114732 0.0120499 0.0111752 0.00955356 0.00783618 0.00620622 0.00470207 0.00351505 0.00280859 0.00251225 0.00239017 0.00218588 0.00172866 0.00104108 0.000373487 0.000214286 0.0012462 0.00376724 0.00693936 0.00921515 0.00960173 0.00814638 0.00564143 0.00322331 
-0.00652388 -0.00705318 -0.00585115 -0.00336152 0.000171175 0.00405902 0.00706089 0.00820959 0.00763783 0.00638175 0.0052413 0.00420354 0.0030859 0.00213158 0.0016938 0.00175155 0.00195584 0.00193645 0.00151043 0.000783253 8.56626e-05 -0.000119817 0.000775378 0.00307126 0.00594037 0.00771806 0.00723342 0.00444736 0.00024262 -0.00389955 
-0.015713 -0.0171359 -0.0159451 -0.0126412 -0.00780585 -0.00252224 0.00169187 0.00371189 0.00366475 0.00280446 0.00215917 0.00167319 0.000995732 0.000379042 0.000311787 0.000784223 0.00129856 0.00134716 0.000760284 -0.000205508 -0.0011041 -0.00155398 -0.00110242 0.000593976 0.00291632 0.00426145 0.00327179 -0.000347786 -0.00584508 -0.0115943 
-0.0258452 -0.0282989 -0.0272664 -0.023197 -0.0170621 -0.0103252 -0.00464708 -0.00129572 -0.000391033 -0.000713738 -0.000978629 -0.00104295 -0.00126988 -0.00146114 -0.00113249 -0.000331476 0.000343998 0.000329023 -0.000478799 -0.00170415 -0.00288276 -0.00374632 -0.00390142 -0.00283537 -0.000948873 7.41417e-05 -0.00147268 -0.00610701 -0.0129823 -0.0202601 
-0.0356967 -0.0388959 -0.0379788 -0.0333453 -0.0263064 -0.0185083 -0.0114722 -0.00653337 -0.00429029 -0.00383576 -0.00368292 -0.00335094 -0.00311068 -0.00287763 -0.00228439 -0.00141089 -0.000820763 -0.000993887 -0.00193831 -0.00328922 -0.00472774 -0.00608234 -0.00680838 -0.00609982 -0.00431011 -0.00351353 -0.0059024 -0.0120066 -0.0204683 -0.0290552 
-0.0428745 -0.0462234 -0.0455534 -0.0410837 -0.0340555 -0.0259686 -0.0180367 -0.0116489 -0.0079775 -0.00653771 -0.00573007 -0.00480609 -0.00401059 -0.0034305 -0.00281974 -0.00219901 -0.00194201 -0.00234539 -0.00336924 -0.00479339 -0.00652618 -0.00842344 -0.00963011 -0.00901636 -0.00706675 -0.00642629 -0.00975383 -0.0173542 -0.0270552 -0.0361449 
-0.0459031 -0.0489268 -0.0490813 -0.0459678 -0.0401002 -0.0325429 -0.0242653 -0.016787 -0.0118078 -0.00923892 -0.00746226 -0.00560994 -0.00405051 -0.00313313 -0.00268811 -0.00253941 -0.00276666 -0.00348672 -0.00467996 -0.00628294 -0.00835043 -0.0107052 -0.0122442 -0.0116458 -0.00957886 -0.00918127 -0.0134151 -0.0221223 -0.032124 -0.040348 
-0.0452893 -0.0478082 -0.0493882 -0.0486018 -0.0448155 -0.0384823 -0.0303934 -0.0222149 -0.0160636 -0.0122744 -0.00935045 -0.00634976 -0.00380496 -0.00243519 -0.00215966 -0.00250296 -0.00321183 -0.00428398 -0.00573123 -0.00751042 -0.0096401 -0.0119426 -0.0134262 -0.0129331 -0.0112736 -0.0117265 -0.0171736 -0.0266643 -0.0359264 -0.0419178 
-0.0424772 -0.0438577 -0.0464385 -0.0480218 -0.0468389 -0.0424056 -0.0351051 -0.0266892 -0.0196644 -0.014873 -0.011032 -0.00706353 -0.0035944 -0.00176681 -0.0016262 -0.00236016 -0.0034019 -0.00469973 -0.00626033 -0.00789448 -0.00944663 -0.010856 -0.0116916 -0.0114095 -0.0109632 -0.013326 -0.0207283 -0.0310625 -0.0390396 -0.0420224 
-0.0386903 -0.0370876 -0.038615 -0.0414447 -0.0429602 -0.041083 -0.0352206 -0.0272201 -0.020125 -0.0152019 -0.0112115 -0.00690116 -0.0030241 -0.00111563 -0.00128079 -0.0023732 -0.00360276 -0.00493297 -0.00633196 -0.00741665 -0.00789112 -0.00790601 -0.00771569 -0.00754608 -0.00859755 -0.0134352 -0.023355 -0.0349515 -0.041977 -0.0419828 
-0.0346825 -0.0276617 -0.0252675 -0.0274308 -0.0311228 -0.0321018 -0.028247 -0.0215532 -0.0156941 -0.0119842 -0.00886468 -0.00502313 -0.00153172 -0.000206009 -0.00104795 -0.00263811 -0.00409807 -0.00542434 -0.00653024 -0.00694909 -0.00643971 -0.00537359 -0.00436334 -0.00405018 -0.00592511 -0.0125424 -0.0246904 -0.0379542 -0.0449739 -0.0425863 
-0.0308417 -0.016947 -0.00861912 -0.00834859 -0.0131199 -0.0166126 -0.015105 -0.0106408 -0.00725528 -0.00586726 -0.00443752 -0.00181539 0.000522145 0.00069649 -0.00108593 -0.00328805 -0.00506558 -0.00642597 -0.00724728 -0.00713032 -0.00605753 -0.00459401 -0.00331936 -0.0027233 -0.00438103 -0.0112883 -0.0245724 -0.0394761 -0.0474233 -0.0435476 
-0.0269309 -0.00677816 0.00741616 0.0106989 0.00593825 0.000804779 3.17762e-05 0.00173144 0.00206918 0.000734677 6.04793e-05 0.000920474 0.00163726 0.000518084 -0.00204267 -0.00457321 -0.00636642 -0.0074917 -0.00788453 -0.00726512 -0.00580671 -0.00423509 -0.00301926 -0.00222551 -0.00316875 -0.00925552 -0.0224164 -0.0382839 -0.0475363 -0.0433192 
-0.0204825 0.00348653 0.0211083 0.0260339 0.0215008 0.0156675 0.0131127 0.0119864 0.00917019 0.00511391 0.00227832 0.00130306 0.000531969 -0.00146015 -0.00418403 -0.00633136 -0.0074035 -0.00765986 -0.00722389 -0.00592772 -0.00399502 -0.00220828 -0.00100785 -0.000188179 -0.000665576 -0.0057532 -0.0178196 -0.0332473 -0.0429576 -0.038853 
-0.00798564 0.0168647 0.0339256 0.0373944 0.0321013 0.0261937 0.0227333 0.0191467 0.0131376 0.00628768 0.00143629 -0.000912697 -0.00244836 -0.00451193 -0.00667775 -0.00782683 -0.0076499 -0.00661413 -0.0050655 -0.00299413 -0.000664717 0.00124496 0.00242618 0.00315519 0.00280749 -0.00135845 -0.0114987 -0.0246868 -0.0327793 -0.0275849 
0.00835737 0.0315275 0.0444577 0.0437229 0.0367486 0.0315012 0.0286482 0.0238865 0.0152124 0.00558652 -0.00118252 -0.00440952 -0.00591821 -0.00730428 -0.00850141 -0.00864558 -0.00749567 -0.00553098 -0.00317071 -0.000588346 0.00179238 0.00342794 0.00429526 0.00480769 0.00468949 0.00195399 -0.00526018 -0.0148095 -0.0196274 -0.012081 
0.0193713 0.0384441 0.045815 0.0409924 0.033532 0.0307377 0.030734 0.0270097 0.0170821 0.00504291 -0.00381095 -0.00793781 -0.0090843 -0.00941659 -0.00965396 -0.00932463 -0.00808315 -0.00613568 -0.00373046 -0.00108178 0.00120442 0.00248655 0.00282035 0.00293607 0.00332228 0.00282276 -0.000600534 -0.00618172 -0.00820822 0.000315648 
0.0208091 0.0338336 0.0361525 0.0297793 0.024738 0.026627 0.0311997 0.0300498 0.020003 0.0059283 -0.00528598 -0.0107318 -0.011739 -0.011147 -0.0107459 -0.0105661 -0.0100239 -0.00885618 -0.00696382 -0.00438734 -0.00182393 -0.000337323 -0.000240843 -0.000435694 0.000680725 0.00277066 0.0032249 0.00094619 -0.000128535 0.0063823 
0.0218725 0.0283836 0.026217 0.0197386 0.018253 0.0249158 0.0334643 0.0343458 0.0241408 0.00840045 -0.00484202 -0.0116994 -0.0131098 -0.0122768 -0.0117956 -0.0121723 -0.0126113 -0.0123397 -0.0108642 -0.00803659 -0.00467795 -0.00237117 -0.00185335 -0.00164835 0.000733272 0.00533439 0.00895403 0.00920497 0.0086405 0.0127416 
0.0342318 0.0352844 0.0283028 0.0201619 0.0195189 0.0276269 0.037113 0.0380785 0.0272983 0.010854 -0.00297569 -0.0104864 -0.012651 -0.0124195 -0.0124156 -0.0134569 -0.0147222 -0.0149986 -0.0134123 -0.00983763 -0.00547467 -0.00228415 -0.000900008 0.00073687 0.00537547 0.0125526 0.0185818 0.0212616 0.0230337 0.02783 
0.0572323 0.0547804 0.0434416 0.031677 0.0276981 0.0323471 0.0387893 0.0377528 0.026332 0.0105587 -0.00207939 -0.00906008 -0.0117366 -0.0123687 -0.0129772 -0.0144917 -0.0162389 -0.0166756 -0.0145307 -0.00984392 -0.00447616 -0.00072408 0.00138409 0.0048532 0.0124003 0.0224543 0.0308573 0.036549 0.0426021 0.0508887 
0.0809727 0.0774766 0.0645822 0.0503276 0.0415637 0.0394375 0.0393155 0.0341312 0.0217222 0.00727009 -0.00347083 -0.00943665 -0.0122616 -0.0134982 -0.0144954 -0.0161447 -0.0179718 -0.0182856 -0.0154431 -0.00955314 -0.00315048 0.000976893 0.00324483 0.00762193 0.0171618 0.0297492 0.0410165 0.0506463 0.0616037 0.0736699 
0.0983802 0.0962455 0.0853423 0.0723486 0.061447 0.0529446 0.0446752 0.0334164 0.0188833 0.00506769 -0.0046252 -0.0104197 -0.0138644 -0.0159062 -0.0173601 -0.0189362 -0.0203642 -0.0201437 -0.0165378 -0.00960213 -0.00219272 0.00238126 0.00424051 0.00765728 0.0166025 0.0299339 0.0438196 0.0578121 0.073644 0.0892898 
0.106426 0.107195 0.10007 0.0912914 0.0823475 0.0711973 0.0567313 0.0395786 0.0221628 0.00780695 -0.00224658 -0.00927591 -0.0145536 -0.0183492 -0.0208191 -0.0223204 -0.0228207 -0.021388 -0.0166873 -0.00883774 -0.000598835 0.00446945 0.00563625 0.00668035 0.0125829 0.0240674 0.0384207 0.055042 0.0747068 0.0942006 
0.102055 0.105796 0.102463 0.0984511 0.0937432 0.0841918 0.0681499 0.0480687 0.0285934 0.013401 0.00259062 -0.00602427 -0.0136546 -0.0197693 -0.023578 -0.0249714 -0.0241675 -0.0209528 -0.0147453 -0.00599402 0.00280478 0.00827706 0.00907648 0.00821614 0.0108808 0.0188243 0.0303378 0.0454999 0.0655381 0.0870739 
0.0868347 0.0919809 0.091653 0.0913733 0.0906229 0.0847194 0.0708919 0.0511464 0.0311583 0.0157714 0.00511733 -0.00379463 -0.0126062 -0.0201791 -0.0247457 -0.0257339 -0.0235332 -0.0185059 -0.0108181 -0.00138416 0.00758505 0.0133903 0.0147988 0.0140341 0.0152018 0.0197759 0.0268581 0.0374793 0.0535737 0.0725183 
0.0700992 0.0741588 0.0747757 0.0759408 0.077385 0.0750456 0.0649843 0.0474436 0.0279573 0.0126942 0.00280351 -0.00500028 -0.0130986 -0.0203413 -0.0244267 -0.0244788 -0.0209374 -0.0144437 -0.00567671 0.00401846 0.0127842 0.0189745 0.0217926 0.0222988 0.0229353 0.0252005 0.02943 0.0364664 0.0472184 0.0600482 
0.061474 0.0623321 0.0600242 0.0586568 0.0598329 0.0606099 0.0555845 0.0421697 0.0242586 0.00872461 -0.00144546 -0.00857841 -0.0153148 -0.0209762 -0.0234984 -0.0221468 -0.0173991 -0.00985732 -0.000389556 0.00937394 0.0179796 0.0247417 0.0288097 0.0296531 0.0287807 0.029284 0.0332189 0.0399714 0.04791 0.0558671 
0.0682058 0.064094 0.0531328 0.0431033 0.0402542 0.0433456 0.0449544 0.0384659 0.0243594 0.0088788 -0.0030157 -0.0113666 -0.0178429 -0.0220453 -0.0227628 -0.0200131 -0.0144854 -0.00655808 0.003072 0.0128526 0.0217439 0.0293914 0.0341362 0.0341612 0.0313362 0.0308727 0.0361041 0.0453459 0.0552386 0.0639024 
0.103792 0.0915358 0.063502 0.0359381 0.0228129 0.0249882 0.0324208 0.0339716 0.0258864 0.0123723 -0.000730269 -0.0111059 -0.0185955 -0.0224291 -0.0221781 -0.0187988 -0.0133391 -0.0060015 0.00288699 0.0122704 0.0216078 0.0303853 0.0359524 0.0361021 0.0337851 0.0352694 0.0441838 0.0596008 0.0786182 0.0965063 
0.182067 0.157738 0.103696 0.0495407 0.018709 0.0136009 0.0213549 0.027429 0.0249058 0.015314 0.00343411 -0.00760827 -0.0162385 -0.0209356 -0.0213488 -0.0187609 -0.0143665 -0.00834206 -0.000868726 0.00739251 0.0164436 0.0259425 0.0329806 0.0356359 0.0377423 0.045648 0.0631123 0.0915906 0.129797 0.167234 
0.284133 0.248283 0.16809 0.0870107 0.0361165 0.0181757 0.0187757 0.0228042 0.0224983 0.0168554 0.00791714 -0.00221471 -0.0115927 -0.0180817 -0.0207215 -0.0202029 -0.0174208 -0.01265 -0.00643253 0.000274197 0.00771895 0.0164686 0.0246298 0.0309157 0.0393259 0.0560331 0.0855598 0.132164 0.195764 0.258524 
