0.454278 0.37565 0.236336 0.106614 0.0263967 -0.0077398 -0.0200674 -0.0301735 -0.0426722 -0.0513806 -0.0495107 -0.0372679 -0.0218258 -0.0108444 -0.00635126 -0.00495909 -0.00294537 -3.68834e-05 0.00140921 0.000165153 -0.00177375 -0.00219733 -0.00268164 -0.00558453 -0.00609555 0.0107479 0.0650932 0.169625 0.308376 0.425348 
0.394866 0.328337 0.202403 0.080514 0.0035587 -0.0277077 -0.0350733 -0.0386331 -0.0454754 -0.0517525 -0.0507205 -0.0402022 -0.0249915 -0.0126191 -0.00663183 -0.00460875 -0.00244911 0.000826033 0.00283784 0.00171163 -0.000668879 -0.000855092 0.00112526 0.00279051 0.00644055 0.0227321 0.067175 0.151213 0.265393 0.366042 
0.302139 0.261522 0.167637 0.0684988 0.00159116 -0.0268701 -0.0323999 -0.0324881 -0.0355289 -0.04062 -0.0423706 -0.0367615 -0.0252714 -0.0137716 -0.00682597 -0.00392998 -0.00179988 0.000983616 0.00262171 0.0012477 -0.00128567 -0.000727379 0.00393639 0.00955303 0.0151929 0.0268323 0.0554881 0.111313 0.192048 0.270389 
0.222431 0.210345 0.151437 0.0771526 0.020024 -0.00842609 -0.016159 -0.0163329 -0.0176184 -0.0223863 -0.0277933 -0.0287653 -0.0231208 -0.0140851 -0.00670492 -0.00278793 -0.000576101 0.00158161 0.00280595 0.00154978 -0.000620165 0.000594193 0.00667446 0.0138449 0.0185322 0.02339 0.0370217 0.069257 0.123116 0.184519 
0.174587 0.183963 0.152188 0.0974313 0.0470215 0.0162236 0.00384157 0.00142932 0.000797637 -0.0035071 -0.011785 -0.018761 -0.0190706 -0.0131336 -0.0059287 -0.00117648 0.00133953 0.00331528 0.00470827 0.00418654 0.00256818 0.003483 0.00868201 0.0146204 0.0166311 0.0158516 0.0202838 0.039761 0.0791586 0.131337 
0.149114 0.169601 0.154952 0.113915 0.0683648 0.0351565 0.0182177 0.0133376 0.0132383 0.0101584 0.000913606 -0.00977246 -0.0145392 -0.0115101 -0.00503609 0.000151471 0.00310352 0.0053699 0.00746471 0.00805017 0.00681473 0.00630581 0.00877482 0.0121291 0.0121006 0.00911297 0.0106472 0.025917 0.059091 0.105299 
0.129504 0.152782 0.148112 0.117558 0.0771453 0.0433665 0.0235981 0.0170152 0.0174802 0.0160885 0.00762096 -0.00429079 -0.0116071 -0.0108299 -0.00526186 0.000131462 0.00357219 0.00634104 0.00935191 0.0112106 0.0103646 0.00816519 0.00766112 0.00910053 0.00936923 0.00774577 0.00988211 0.0235669 0.0518365 0.0906772 
0.107459 0.129369 0.131383 0.110572 0.0768773 0.0448525 0.0238087 0.0156254 0.0158323 0.015723 0.00885771 -0.00268411 -0.0111549 -0.0118904 -0.00697705 -0.00129704 0.00267811 0.00594288 0.00986222 0.0131988 0.013375 0.0105384 0.00837105 0.00951945 0.0121542 0.0137455 0.0167823 0.0272456 0.0481122 0.0769604 
0.083182 0.103314 0.111484 0.100938 0.0755785 0.0467244 0.0244262 0.0132653 0.011564 0.0120009 0.00715692 -0.00304096 -0.0117587 -0.0134055 -0.0088599 -0.00285009 0.00154151 0.00506023 0.00964495 0.0146256 0.0168733 0.0152085 0.0130614 0.0147269 0.0197382 0.0239771 0.0264727 0.0314269 0.0428773 0.0610111 
0.0596755 0.0791177 0.0932942 0.0928148 0.0761209 0.0506137 0.0263644 0.0109476 0.00640358 0.00734469 0.0051865 -0.00279443 -0.0110683 -0.0133302 -0.00928179 -0.00332209 0.00105055 0.00432244 0.00899398 0.0153528 0.0202738 0.0210503 0.0196391 0.0209454 0.0262539 0.03116 0.0320154 0.0312824 0.0341785 0.043595 
0.0390876 0.0575605 0.0754441 0.0824689 0.0732292 0.0514257 0.0264811 0.00824874 0.0019662 0.00399048 0.00481317 -0.000643627 -0.00824346 -0.011272 -0.00829174 -0.00305712 0.000780172 0.0033075 0.00728517 0.0140529 0.0209806 0.0239668 0.0227984 0.0222294 0.0256987 0.0300123 0.0299201 0.0258799 0.0233752 0.0271542 
0.0227717 0.0377311 0.0547965 0.0650405 0.0615948 0.0451998 0.0235161 0.00653717 0.000744216 0.0038062 0.00649763 0.00270432 -0.00461003 -0.0087749 -0.00741289 -0.00340273 -0.000335726 0.00127592 0.00392661 0.00970395 0.0168313 0.0205731 0.0189152 0.0161526 0.0177162 0.022268 0.0235713 0.0195866 0.014855 0.0149763 
0.0123943 0.0212496 0.0336889 0.0436076 0.0446107 0.0352404 0.0203569 0.00790004 0.00364074 0.00636336 0.00872414 0.00518772 -0.00218933 -0.00740979 -0.00763312 -0.00486598 -0.00245691 -0.00155653 -0.000396623 0.00332624 0.00885099 0.0119078 0.00975598 0.00614543 0.00765174 0.014484 0.0196204 0.0181936 0.0129456 0.00979078 
0.00842777 0.0112392 0.0186714 0.0271382 0.0313123 0.0282762 0.0200692 0.0118607 0.00799845 0.00843984 0.00868335 0.0047455 -0.00216522 -0.00742796 -0.00840854 -0.00642869 -0.00437187 -0.00377142 -0.00372558 -0.00219131 0.00101742 0.00293258 0.00104174 -0.00166147 0.00137237 0.0113344 0.0209064 0.0227445 0.0174468 0.0110457 
0.00772901 0.00713971 0.0121153 0.020028 0.0261119 0.0267198 0.022073 0.0153519 0.00994233 0.00701763 0.00482326 0.000988389 -0.00419727 -0.00797182 -0.0084924 -0.00663674 -0.00461374 -0.00392193 -0.00434162 -0.00434214 -0.0030568 -0.00190729 -0.00276352 -0.0037613 0.000513892 0.0118773 0.023857 0.02793 0.0226838 0.0138726 
0.00529381 0.00406483 0.00933715 0.0180827 0.0253052 0.0271416 0.0232083 0.0159001 0.00834333 0.00267639 -0.000959499 -0.00380409 -0.00641046 -0.00782066 -0.00716405 -0.00503464 -0.00290265 -0.00193607 -0.00229996 -0.00303105 -0.00297714 -0.00226782 -0.00205303 -0.00175885 0.00216545 0.0118771 0.0229717 0.0275066 0.0225472 0.012809 
-0.000767015 -0.00155666 0.00498405 0.0150989 0.0231719 0.0253585 0.0214303 0.013746 0.00541996 -0.00104376 -0.00469534 -0.00620341 -0.00662715 -0.00620885 -0.00474102 -0.00253774 -0.00044569 0.000711479 0.000575073 -0.000435529 -0.0012925 -0.00128927 -0.000780475 -0.000108258 0.00230295 0.00852588 0.016616 0.0204479 0.0161857 0.0068314 
-0.00691436 -0.00746106 -0.000478183 0.0100972 0.018434 0.0208903 0.0175324 0.0107783 0.00356197 -0.00186618 -0.00458637 -0.00507733 -0.00449177 -0.00353061 -0.0021791 -0.000426028 0.00130423 0.00238285 0.0023218 0.0010538 -0.000781902 -0.002029 -0.00212138 -0.00158251 -0.000377098 0.00294862 0.00821833 0.0113375 0.00822748 0.000154068 
-0.0071243 -0.00754659 -0.00168369 0.00722419 0.0142717 0.0163865 0.0136397 0.00817017 0.00254072 -0.00143248 -0.00312346 -0.00298425 -0.00207355 -0.00116833 -0.000260655 0.0008852 0.00208297 0.0028169 0.0025451 0.0008515 -0.00203027 -0.0047127 -0.00570217 -0.00508085 -0.00371828 -0.00121434 0.00280826 0.0058409 0.00432044 -0.0015433 
0.00155577 0.00180275 0.00526017 0.0101437 0.0137858 0.014192 0.0110568 0.00577425 0.000521768 -0.00297022 -0.00409016 -0.00330044 -0.00171557 -0.000278535 0.000849618 0.00188267 0.0027421 0.00306785 0.00240318 0.000198042 -0.00355557 -0.00735969 -0.00901204 -0.00790655 -0.00524946 -0.00181372 0.0023673 0.00588716 0.00644276 0.00404319 
0.0157745 0.017342 0.0177916 0.0172976 0.0162441 0.0140399 0.00971364 0.00350288 -0.00278905 -0.00702773 -0.00812926 -0.00651221 -0.00360489 -0.000768939 0.00145189 0.00304665 0.00395893 0.00402858 0.00299083 0.000349177 -0.00397666 -0.00850829 -0.0107015 -0.0093031 -0.00539598 -0.000652991 0.00413893 0.00840455 0.0115179 0.0137471 
0.0278774 0.0306397 0.0280608 0.0225138 0.0173981 0.0133721 0.00859901 0.00187364 -0.00553292 -0.010911 -0.0123721 -0.0101137 -0.00590511 -0.00158498 0.00189222 0.00424564 0.0053855 0.00531206 0.0039603 0.000977395 -0.0037194 -0.00883592 -0.0118513 -0.0110073 -0.00689459 -0.00156379 0.00357131 0.00855632 0.0143104 0.0213057 
0.031554 0.0343375 0.0291428 0.0202859 0.0132938 0.00951839 0.006232 0.000784381 -0.00631659 -0.012053 -0.0138075 -0.0114031 -0.00668369 -0.00170703 0.00234966 0.00501695 0.00613675 0.00577241 0.00400018 0.000634415 -0.00439189 -0.0100875 -0.0142174 -0.0146958 -0.0114049 -0.00623944 -0.000981804 0.00461377 0.012282 0.0224098 
0.0261841 0.0272644 0.0201914 0.0102638 0.00369107 0.00191725 0.0016311 -0.000840232 -0.00578856 -0.0103724 -0.011762 -0.00951476 -0.00521618 -0.000689925 0.00298478 0.00528941 0.00598153 0.00508126 0.00271559 -0.00114392 -0.00649882 -0.0126369 -0.0177265 -0.0195752 -0.0173467 -0.0123861 -0.00665273 -0.000402058 0.00775507 0.0178886 
0.0159888 0.0139661 0.00587781 -0.00327299 -0.00803871 -0.00728857 -0.00440657 -0.00341337 -0.00515871 -0.00734456 -0.00756653 -0.00543675 -0.00208539 0.00129075 0.00398559 0.00555097 0.00567164 0.00425144 0.00135999 -0.00293159 -0.00849807 -0.0147677 -0.0202898 -0.0229595 -0.0213582 -0.0161021 -0.00926158 -0.00228113 0.00483459 0.0117939 
0.00560465 0.000289006 -0.00786239 -0.0150579 -0.0175164 -0.0146345 -0.00948265 -0.00583998 -0.00471306 -0.00438146 -0.00320394 -0.00109023 0.00130752 0.00352642 0.00527731 0.00620933 0.00597797 0.00437327 0.00133384 -0.0030647 -0.00858239 -0.0146773 -0.0201705 -0.0231052 -0.0216545 -0.0157883 -0.00773006 -0.000347705 0.004672 0.00684668 
-0.00312235 -0.0103317 -0.0173405 -0.0218921 -0.0221028 -0.0179378 -0.0119359 -0.00721465 -0.00454126 -0.00257718 -0.000403862 0.00174291 0.00357106 0.00514508 0.00641396 0.00707653 0.0068165 0.00537948 0.00258406 -0.00155838 -0.00678358 -0.0125756 -0.0179139 -0.0209486 -0.0196339 -0.0135619 -0.00511865 0.00180514 0.00442296 0.00236073 
-0.0106806 -0.0174776 -0.0221323 -0.0238545 -0.0223861 -0.01807 -0.012667 -0.00830638 -0.00531458 -0.00263755 8.66632e-05 0.00239747 0.00417887 0.00569211 0.00692662 0.00760414 0.00747329 0.00629632 0.00384057 6.01525e-05 -0.00482795 -0.0103769 -0.0156762 -0.0189892 -0.0182734 -0.0130011 -0.00554847 -3.54571e-05 0.000588368 -0.00371367 
-0.0174494 -0.0220732 -0.0239303 -0.0233876 -0.0212266 -0.0177809 -0.0137882 -0.0102789 -0.00727604 -0.00415952 -0.00101356 0.00161404 0.00365816 0.00536388 0.00670722 0.00746273 0.00743019 0.00638288 0.00409602 0.000528582 -0.00414105 -0.0095494 -0.0149173 -0.0187131 -0.0190894 -0.0155171 -0.0100958 -0.00646737 -0.00704973 -0.0115108 
-0.022724 -0.0249334 -0.0246747 -0.0229995 -0.0210542 -0.0188112 -0.0160044 -0.0128405 -0.00941609 -0.00572913 -0.00219715 0.000688513 0.00290866 0.00467692 0.00602005 0.00679224 0.00678554 0.00574126 0.00347149 -6.62307e-06 -0.00451996 -0.00977986 -0.0151589 -0.019383 -0.0208724 -0.0191386 -0.0158997 -0.0140354 -0.0151961 -0.0187736 
-0.0259087 -0.0266469 -0.0254863 -0.0236773 -0.0222372 -0.0207067 -0.0182032 -0.0146406 -0.0104858 -0.00628655 -0.00258361 0.000296715 0.00241008 0.00399962 0.00520056 0.00592455 0.00590145 0.0048354 0.00260228 -0.000720789 -0.00498721 -0.00998275 -0.0151822 -0.0194925 -0.0215761 -0.0210735 -0.0194666 -0.0189817 -0.0205742 -0.0234239 
-0.0274474 -0.0277674 -0.0266113 -0.0250513 -0.0237565 -0.0220705 -0.0190778 -0.0148601 -0.0102366 -0.00595497 -0.00242009 0.000229448 0.00208061 0.00340152 0.00441468 0.00503843 0.00493466 0.00382472 0.00168421 -0.00138371 -0.00531577 -0.00996482 -0.014803 -0.0187909 -0.0208115 -0.0207657 -0.0201162 -0.0206549 -0.0227946 -0.0255064 
-0.0281571 -0.0284783 -0.0276034 -0.0261623 -0.0244232 -0.0218868 -0.018126 -0.0135912 -0.00916809 -0.00537696 -0.00230042 5.28341e-05 0.00169677 0.00284186 0.00371262 0.00418629 0.00388826 0.00261802 0.000471436 -0.00243658 -0.00612055 -0.0104476 -0.0148141 -0.0182066 -0.0197891 -0.01981 -0.0197669 -0.021075 -0.0236885 -0.026416 
-0.0281132 -0.0281966 -0.0274128 -0.0257842 -0.0232017 -0.0195915 -0.0152864 -0.0110694 -0.007567 -0.0047726 -0.0023747 -0.000323771 0.00123508 0.00235816 0.00317005 0.00347045 0.00288073 0.00129872 -0.00106995 -0.00406801 -0.00768929 -0.0117295 -0.0155212 -0.0181883 -0.019305 -0.0194881 -0.020122 -0.0220563 -0.0247445 -0.0269809 
-0.0266374 -0.0260351 -0.0250197 -0.0229916 -0.019568 -0.0151781 -0.0108544 -0.00755149 -0.00548091 -0.00403808 -0.00251663 -0.000815808 0.000742153 0.0019837 0.00283885 0.00300546 0.00213256 0.000219336 -0.00244193 -0.0056232 -0.00921441 -0.0128978 -0.0160023 -0.0179074 -0.0186876 -0.0193081 -0.0208594 -0.0233691 -0.0256807 -0.0267425 
-0.0233959 -0.0218959 -0.0204981 -0.0181475 -0.0143439 -0.00987783 -0.00613456 -0.00404943 -0.00350708 -0.00347518 -0.0029007 -0.00156013 9.61721e-05 0.0016108 0.00263793 0.00276852 0.00173569 -0.000321704 -0.00303179 -0.00613101 -0.00945782 -0.0126405 -0.0150438 -0.0162892 -0.0168873 -0.0180789 -0.02061 -0.0236411 -0.0253821 -0.0249941 
-0.0190708 -0.016742 -0.0150679 -0.0128169 -0.0094642 -0.00583923 -0.00320635 -0.00231288 -0.00293828 -0.00393492 -0.00403659 -0.00285203 -0.000899951 0.00106296 0.00238507 0.00258179 0.0015497 -0.000362094 -0.00269522 -0.00525203 -0.00799779 -0.0106346 -0.0125441 -0.0134366 -0.0140451 -0.0157491 -0.0190314 -0.0224248 -0.0236466 -0.0219971 
-0.0148153 -0.0117948 -0.0100129 -0.00835337 -0.0063005 -0.00439845 -0.00337284 -0.00359239 -0.0048465 -0.00614939 -0.0062755 -0.00479173 -0.0022899 0.000232661 0.00190335 0.0022464 0.00138084 -0.000103766 -0.00168408 -0.00335298 -0.00539254 -0.00767871 -0.0095236 -0.0105068 -0.0113382 -0.0134016 -0.0170466 -0.0205318 -0.0213284 -0.018766 
-0.0113178 -0.00778636 -0.00586443 -0.00484836 -0.00444683 -0.00487049 -0.0060212 -0.00754663 -0.00908177 -0.00995327 -0.00933977 -0.00707258 -0.00387886 -0.000844778 0.00114368 0.00173918 0.00127464 0.000502649 -7.55797e-05 -0.000740207 -0.00217932 -0.00444303 -0.00664702 -0.00805584 -0.00920586 -0.0114277 -0.0150481 -0.0183488 -0.0188369 -0.0158289 
-0.00831192 -0.00459181 -0.0022607 -0.00135211 -0.00231436 -0.00530032 -0.00919876 -0.0124556 -0.0142156 -0.0142072 -0.012388 -0.00915303 -0.00537686 -0.00202227 0.000243953 0.00128989 0.00157516 0.00184846 0.0024623 0.00281617 0.00185919 -0.000548026 -0.00323945 -0.00511844 -0.00653166 -0.00873595 -0.0120595 -0.0149998 -0.0154007 -0.0126269 
-0.0048241 -0.00117278 0.00180068 0.003108 0.00116248 -0.00436534 -0.0112573 -0.0164801 -0.0185319 -0.0176383 -0.0147157 -0.0107722 -0.00671735 -0.00321977 -0.000616545 0.00116182 0.00258128 0.0042364 0.00623778 0.0076767 0.00723148 0.00475853 0.00169474 -0.000598828 -0.00232495 -0.00457264 -0.00755366 -0.0100426 -0.0104676 -0.00837948 
-4.3941e-06 0.00370634 0.0071205 0.0084743 0.00538107 -0.00247485 -0.0118998 -0.0187016 -0.0210061 -0.0196023 -0.016189 -0.0121018 -0.00809043 -0.00450306 -0.00143231 0.00128286 0.00404212 0.00725756 0.0107838 0.0134022 0.013552 0.0111182 0.00775581 0.00495561 0.00260335 -8.5176e-05 -0.00297197 -0.00495525 -0.00506438 -0.00319267 
0.00607457 0.0100902 0.0130891 0.0132128 0.00837873 -0.00121549 -0.0118717 -0.0191267 -0.021329 -0.0198447 -0.0167274 -0.0131553 -0.00950567 -0.00589911 -0.00239221 0.00113539 0.00503403 0.00962634 0.0145577 0.0182844 0.0190027 0.0166529 0.0130958 0.00984711 0.00673882 0.00326056 9.40425e-05 -0.00141719 -0.000614795 0.00217374 
0.0119759 0.0159061 0.0172615 0.0149108 0.00818373 -0.00192169 -0.0119172 -0.0180378 -0.0194173 -0.0180017 -0.015804 -0.0133847 -0.0105304 -0.00720581 -0.00361387 0.000228163 0.00466977 0.0100436 0.0158439 0.0202624 0.0213587 0.0192139 0.0159174 0.0129353 0.0097937 0.00592335 0.00245143 0.00122752 0.00297816 0.0070519 
0.0150368 0.0177805 0.0168164 0.0120638 0.00450904 -0.00432109 -0.0118078 -0.0154308 -0.0153166 -0.0139325 -0.0130264 -0.0122681 -0.0106789 -0.00804728 -0.00479894 -0.00116713 0.00316282 0.00852718 0.0143238 0.0186879 0.0198203 0.0180615 0.0157087 0.0141622 0.0124738 0.00953484 0.00636826 0.00507284 0.00661391 0.010481 
0.0129954 0.0138751 0.0114466 0.00611274 -0.000256481 -0.00620283 -0.0102488 -0.0110691 -0.00953674 -0.00839122 -0.0089984 -0.0101274 -0.010019 -0.00823645 -0.005425 -0.00213628 0.00174353 0.00644721 0.0113682 0.0149054 0.0157128 0.0144132 0.0133818 0.0140085 0.0149844 0.0143783 0.0123448 0.0104762 0.00986714 0.0109068 
0.00694592 0.00679081 0.00505729 0.00148729 -0.00220204 -0.0049032 -0.00601827 -0.00500609 -0.00302126 -0.00268752 -0.00493907 -0.00788646 -0.00917764 -0.00812808 -0.00553469 -0.00235204 0.00111533 0.00487208 0.00845214 0.0108167 0.011206 0.0103447 0.0104376 0.0129194 0.0164756 0.0185495 0.018059 0.0153788 0.0114309 0.00809107 
0.00228225 0.00294212 0.00366289 0.00270007 0.00126266 0.000544271 0.000872963 0.0023186 0.00367514 0.00267534 -0.00123997 -0.00588504 -0.00858103 -0.00835049 -0.00595674 -0.00270189 0.000554036 0.00347641 0.00584117 0.00730868 0.00758878 0.00717615 0.00782521 0.0110007 0.0157678 0.0196088 0.0206469 0.0179027 0.0116938 0.00517956 
0.0049999 0.00783517 0.0109911 0.0113081 0.00991286 0.00896994 0.00924291 0.0103786 0.0108564 0.00856742 0.00310604 -0.00332668 -0.00784822 -0.00903772 -0.00732371 -0.00413823 -0.00090896 0.00155734 0.00320941 0.00433577 0.00490255 0.00492643 0.00556106 0.00824157 0.0126144 0.0169164 0.0194581 0.0184391 0.0131712 0.00697181 
0.0165743 0.0219068 0.0263917 0.0259655 0.0220547 0.0185224 0.0174258 0.0182308 0.0185884 0.0158042 0.00913982 0.00071479 -0.00622411 -0.00956771 -0.00914953 -0.00630426 -0.00295447 -0.00051884 0.000869846 0.00190458 0.00273082 0.00298275 0.00331557 0.00505007 0.00827499 0.0122283 0.0162628 0.0186762 0.0176968 0.0154019 
0.0326091 0.040589 0.0460093 0.0439936 0.0359546 0.0276876 0.0236323 0.0239827 0.0253134 0.0233062 0.0161529 0.00588822 -0.00356617 -0.00924051 -0.0103285 -0.00794946 -0.00435804 -0.00162715 -0.000314587 0.000356473 0.000848156 0.000925615 0.00106979 0.00228603 0.00457709 0.00784832 0.0128784 0.018996 0.0237447 0.0271797 
0.0455729 0.0567637 0.0639546 0.061056 0.0487701 0.0345932 0.0261532 0.0255137 0.028441 0.0283492 0.0217646 0.0105528 -0.000623337 -0.008039 -0.0103909 -0.00849253 -0.00462535 -0.00137585 -4.0259e-05 -0.00016161 -0.000773486 -0.00126171 -0.000906209 0.000635539 0.00250483 0.0046412 0.00925566 0.0174353 0.0268343 0.0356819 
0.0487877 0.0632902 0.0730085 0.0705295 0.0555334 0.0365823 0.0240861 0.0222396 0.0266221 0.0288432 0.0238711 0.0131542 0.00163427 -0.0066092 -0.00990963 -0.00859654 -0.00457822 -0.000661023 0.000953078 -2.98142e-05 -0.00216949 -0.00347269 -0.00254302 0.000102119 0.0020443 0.00247925 0.00467295 0.0119037 0.022993 0.0352513 
0.0403557 0.0564238 0.0678267 0.0666741 0.0519497 0.0321226 0.0183539 0.0158863 0.0209033 0.0248647 0.0220735 0.013198 0.0026116 -0.00573764 -0.00983358 -0.00931437 -0.00539194 -0.000761404 0.00153151 0.000129092 -0.00340145 -0.00561639 -0.00396615 0.000525602 0.00356186 0.0025679 0.000872965 0.00398882 0.0130373 0.0255339 
0.0247585 0.0386755 0.0492102 0.0495737 0.0385485 0.0228432 0.0114784 0.00910783 0.0134498 0.0179265 0.0172859 0.0110337 0.00216504 -0.00586405 -0.0106478 -0.0110355 -0.00742806 -0.0021726 0.00109575 -9.27727e-05 -0.00447909 -0.00746689 -0.00492486 0.00244286 0.00857066 0.00796934 0.00253368 -0.000428387 0.00332595 0.0124301 
0.00890959 0.0168367 0.023848 0.0255258 0.0205938 0.0125095 0.00595499 0.003873 0.00626201 0.0100131 0.0110875 0.00762829 0.000795891 -0.0066526 -0.0119259 -0.0131111 -0.00988836 -0.00421399 -1.87228e-05 -0.000630975 -0.00528596 -0.00864073 -0.00488793 0.00631214 0.0176048 0.0199886 0.0125736 0.00350189 0.000163745 0.00284755 
-0.0032798 -0.00292248 -0.00039608 0.00234405 0.00387357 0.00414189 0.00306316 0.00142534 0.00137123 0.00354919 0.0055947 0.00456859 -0.000243245 -0.00696999 -0.0125339 -0.0143195 -0.0114649 -0.00567485 -0.000954778 -0.00103051 -0.00550818 -0.00877351 -0.00385971 0.0108431 0.0276359 0.0346553 0.0276579 0.0141904 0.0038296 -0.00124153 
-0.0104625 -0.0167294 -0.0181487 -0.0149941 -0.00865162 -0.00149645 0.0026606 0.00220375 0.000202727 0.000337378 0.00235908 0.00307085 0.000132887 -0.00577274 -0.0115423 -0.0139024 -0.0115397 -0.00604145 -0.00131587 -0.000998026 -0.00489159 -0.00778884 -0.00260737 0.0134124 0.0336719 0.0453201 0.0410861 0.0262882 0.0109396 -0.00101606 
-0.0106928 -0.022232 -0.0272804 -0.0250963 -0.0165896 -0.00493429 0.00372615 0.00523441 0.00211634 1.13981e-05 0.00111111 0.00289275 0.00175408 -0.00316378 -0.00914388 -0.0123201 -0.0108287 -0.00607438 -0.00168836 -0.000883239 -0.00367375 -0.00606444 -0.00196117 0.0124164 0.0331569 0.0487346 0.0497205 0.0377099 0.0209664 0.00446199 
-0.00312593 -0.019653 -0.0286181 -0.0285106 -0.0197839 -0.00580763 0.00594891 0.00923855 0.00543287 0.00121994 0.000971138 0.00324267 0.00359435 -0.000385166 -0.00666284 -0.010932 -0.0106639 -0.00690036 -0.00284821 -0.00119918 -0.00234356 -0.00410927 -0.00211325 0.00838487 0.0273204 0.0463952 0.0550224 0.0499856 0.0356366 0.0167974 
0.00893928 -0.0124554 -0.0246981 -0.0258166 -0.0168539 -0.00200113 0.0106577 0.0142284 0.00959372 0.00380259 0.0022556 0.0041798 0.00488221 0.00115426 -0.00551435 -0.0107144 -0.0114991 -0.00854259 -0.00458663 -0.0018438 -0.00116799 -0.00233716 -0.00289253 0.00265717 0.0183473 0.0401827 0.0575508 0.0622079 0.0530151 0.0333274 
0.0218224 -0.00319307 -0.0165802 -0.0163619 -0.00589733 0.00856081 0.0190895 0.0203741 0.0143032 0.00770745 0.00525719 0.00587334 0.00529943 0.000885388 -0.00591698 -0.0111735 -0.0122516 -0.00973376 -0.00591336 -0.00252224 -0.000691017 -0.00169529 -0.00478247 -0.0043073 0.00694379 0.0294748 0.0542944 0.0694602 0.0677503 0.0493783 
0.0393323 0.0126035 -0.000621575 0.00196793 0.0137475 0.0255894 0.0304424 0.0264492 0.0178508 0.0109396 0.00823136 0.00733735 0.00475943 -0.000541235 -0.0067007 -0.0108387 -0.0114516 -0.00937355 -0.0064325 -0.00373828 -0.00222432 -0.00379401 -0.00893856 -0.0128009 -0.00681517 0.0135396 0.0430625 0.0690317 0.0786137 0.0664842 
0.0745587 0.0467857 0.0305907 0.0310405 0.0399201 0.0457648 0.0422885 0.0309309 0.0184134 0.0107634 0.00833486 0.00697348 0.00341512 -0.00190992 -0.00662699 -0.00900537 -0.00896109 -0.00776788 -0.00678324 -0.00629319 -0.00646284 -0.00896802 -0.0151899 -0.0220048 -0.0212468 -0.00500119 0.0273703 0.0658385 0.0932058 0.0956798 
0.141783 0.110481 0.0818253 0.0687286 0.066325 0.0626919 0.0507455 0.0323206 0.0150983 0.00558578 0.00354625 0.00348262 0.00121158 -0.00272727 -0.0057144 -0.00657019 -0.00613092 -0.00606696 -0.00739564 -0.00953302 -0.0115206 -0.0143944 -0.0204341 -0.0287903 -0.0324069 -0.0201877 0.0156015 0.0703196 0.123849 0.151043 
0.243162 0.202304 0.147439 0.105987 0.0828597 0.0676298 0.0497482 0.027247 0.00635963 -0.00544425 -0.00701458 -0.00407387 -0.00261395 -0.00369184 -0.00498678 -0.00496136 -0.00431234 -0.00481077 -0.00742742 -0.0110595 -0.0137546 -0.0159318 -0.020816 -0.0296552 -0.0361314 -0.0259696 0.0156626 0.0906972 0.177402 0.237309 
0.357313 0.300451 0.208847 0.129125 0.0802761 0.0541069 0.034344 0.0123027 -0.00913963 -0.0219062 -0.0224613 -0.0154873 -0.00865107 -0.00564142 -0.00512813 -0.00463514 -0.00363447 -0.00352304 -0.00559173 -0.00897257 -0.011278 -0.0123376 -0.0158039 -0.0241277 -0.0311294 -0.0200815 0.0292425 0.124823 0.244734 0.337842 
0.440971 0.367876 0.242424 0.128304 0.0577558 0.02471 0.00726874 -0.00999483 -0.0281857 -0.0396297 -0.0386826 -0.0280209 -0.0158386 -0.00835035 -0.00580541 -0.00490183 -0.0033485 -0.0017609 -0.00200382 -0.00417511 -0.00600428 -0.00647458 -0.00861948 -0.0150511 -0.0197903 -0.00565088 0.0495622 0.157694 0.298563 0.413693 
