0.386311 0.406268 0.351329 0.248457 0.143331 0.066465 0.0233282 0.00495983 -0.000962957 -0.00403255 -0.00814847 -0.0129394 -0.0175368 -0.0217879 -0.024999 -0.0257402 -0.0234128 -0.0194062 -0.0161145 -0.0141207 -0.0102624 6.68123e-05 0.0172547 0.0353192 0.0483404 0.0595005 0.0818261 0.129845 0.209159 0.306589 
0.324754 0.352671 0.31662 0.233183 0.140457 0.0679741 0.0241228 0.00345804 -0.00379504 -0.00635528 -0.00864835 -0.0112198 -0.0139189 -0.0170483 -0.0200468 -0.021317 -0.0199479 -0.0168515 -0.0137427 -0.01078 -0.00526178 0.00634066 0.0239121 0.0419382 0.0545587 0.063237 0.0781892 0.112235 0.172603 0.25239 
0.238169 0.27026 0.255047 0.19793 0.125675 0.0638042 0.0228563 0.00152015 -0.00638646 -0.00788904 -0.0078501 -0.00802419 -0.00892567 -0.0110223 -0.0138611 -0.015835 -0.015723 -0.0138429 -0.0112218 -0.00769144 -0.00104102 0.0111978 0.0282487 0.0447875 0.0550165 0.0591059 0.0649329 0.0834449 0.122254 0.179444 
0.157556 0.189929 0.190912 0.157726 0.106381 0.0572771 0.0219759 0.00241307 -0.00484374 -0.00555637 -0.0047406 -0.00451497 -0.00510984 -0.00670153 -0.00920928 -0.0115702 -0.0125464 -0.0118384 -0.0097493 -0.00584507 0.00163189 0.0142479 0.0305138 0.0449788 0.0518504 0.0506139 0.0478608 0.0534461 0.074828 0.112705 
0.0986745 0.128882 0.138964 0.12212 0.0870176 0.0497657 0.0218705 0.00653698 0.00112317 0.000274362 -0.000530724 -0.00240501 -0.00425198 -0.00566946 -0.00730216 -0.00925345 -0.0107128 -0.0108597 -0.00925286 -0.00523116 0.00259318 0.0152028 0.0306466 0.0432866 0.0472379 0.0415687 0.0322683 0.0289385 0.0390792 0.0642673 
0.0620903 0.0898704 0.103875 0.0960997 0.0713863 0.0432086 0.022485 0.0120263 0.00845723 0.00639445 0.00245223 -0.00268483 -0.00630348 -0.0074519 -0.00761049 -0.00831262 -0.00951101 -0.0100677 -0.0088991 -0.00519811 0.00214292 0.0138942 0.0280679 0.0390485 0.0409479 0.0325871 0.0195339 0.011275 0.0154572 0.0338822 
0.0418523 0.0680092 0.084118 0.0817807 0.063587 0.0413221 0.025366 0.0178388 0.0145242 0.0102597 0.00304206 -0.00490819 -0.00987221 -0.0106148 -0.00919676 -0.00829528 -0.0086538 -0.00907051 -0.00809792 -0.00493862 0.0012799 0.0113188 0.0233969 0.0322143 0.0323868 0.023085 0.00948923 0.000172022 0.0021205 0.0171691 
0.0315918 0.056316 0.0747502 0.0777513 0.0652838 0.0470383 0.0328453 0.0248624 0.0191999 0.0117866 0.00193125 -0.00761279 -0.0132527 -0.0138445 -0.011532 -0.00939723 -0.00865586 -0.00827814 -0.00686787 -0.00385382 0.00136552 0.00947332 0.018825 0.0247039 0.0230612 0.0143593 0.00337829 -0.00361685 -0.00184698 0.0103891 
0.0273087 0.0498189 0.0706989 0.0798102 0.0738489 0.0594172 0.0451637 0.0338623 0.0234714 0.0121965 0.000554594 -0.00931947 -0.0151353 -0.0162149 -0.0142443 -0.011791 -0.0100112 -0.00820485 -0.00546267 -0.00169746 0.00328113 0.00984486 0.0163244 0.0188676 0.0155252 0.00875257 0.00274909 0.000225813 0.00246521 0.0109695 
0.0276719 0.0469 0.068889 0.0830896 0.0835106 0.0732796 0.0588559 0.0433865 0.0275107 0.0125295 8.96735e-05 -0.00907864 -0.0147751 -0.0170411 -0.0166785 -0.0149572 -0.0124558 -0.00884499 -0.00400806 0.00141618 0.00699141 0.0125521 0.0163884 0.0157967 0.0112419 0.00722379 0.00710993 0.00968361 0.012501 0.0169073 
0.0315471 0.0463399 0.0666693 0.082808 0.08771 0.0815876 0.0680817 0.0499839 0.0302841 0.0131512 0.00112443 -0.00661329 -0.0120354 -0.0159137 -0.017951 -0.0177287 -0.0149588 -0.00962352 -0.00244926 0.00511913 0.0118615 0.0169389 0.0186888 0.0156845 0.0105401 0.00928572 0.0144134 0.021461 0.0249744 0.0260196 
0.0357524 0.0447094 0.060367 0.0749155 0.0817097 0.0790139 0.0678546 0.0501749 0.0301703 0.013592 0.00333456 -0.00257201 -0.0076481 -0.0130961 -0.0175256 -0.0189448 -0.0162717 -0.0097112 -0.000604892 0.00900023 0.01715 0.0222993 0.0228558 0.0185163 0.0133585 0.0141872 0.0228376 0.0328803 0.0368778 0.0352531 
0.0362504 0.0384248 0.0476289 0.0583874 0.0650952 0.064952 0.0571894 0.0428907 0.0262455 0.0129852 0.00564802 0.00163557 -0.0031279 -0.00970313 -0.0157418 -0.0182347 -0.0157298 -0.00860582 0.00156559 0.0125416 0.0219048 0.0275335 0.0278812 0.0233984 0.0187535 0.0207027 0.0306746 0.0416144 0.0451747 0.0408899 
0.0309038 0.0270549 0.0300726 0.0366509 0.0423741 0.0440831 0.0401062 0.0308716 0.0197729 0.0113866 0.00733521 0.00479698 8.95441e-05 -0.00707561 -0.013609 -0.0162541 -0.0137656 -0.00669778 0.00349503 0.0147609 0.0246063 0.0306767 0.0315313 0.0279264 0.0242139 0.0262775 0.035261 0.0447067 0.0466132 0.0398359 
0.0203065 0.0132299 0.0123183 0.0159355 0.0208285 0.024002 0.0235576 0.0194889 0.0140575 0.0102206 0.00857506 0.00651457 0.00144158 -0.00586256 -0.0119703 -0.014074 -0.0115452 -0.0051092 0.00407422 0.0143754 0.0236183 0.0296738 0.0313138 0.0291536 0.026475 0.0276836 0.0337175 0.0396922 0.0392253 0.0310692 
0.00703207 0.00037217 -0.00106901 0.00200048 0.00714001 0.0116603 0.0138318 0.0134945 0.0118821 0.0105038 0.00937527 0.00667954 0.00114548 -0.00574418 -0.0108806 -0.0122927 -0.00997302 -0.00473352 0.00256685 0.0107907 0.0183839 0.0238138 0.026102 0.0253723 0.0234622 0.0231648 0.0253459 0.0271469 0.0245125 0.0166285 
-0.00511431 -0.00880292 -0.00775226 -0.00249175 0.00453429 0.010433 0.0135782 0.0140557 0.0128515 0.0109575 0.00858577 0.00498482 -0.000252108 -0.00587038 -0.00975105 -0.010747 -0.00909806 -0.00550598 -0.000600714 0.00490345 0.0101822 0.014453 0.016968 0.0172396 0.0157522 0.0140086 0.0129629 0.0115734 0.00785599 0.00151146 
-0.0124565 -0.0128765 -0.00806097 0.00118822 0.01139 0.0184601 0.0204267 0.0181179 0.0136502 0.00892946 0.0049282 0.00146341 -0.00205778 -0.0055072 -0.00803651 -0.00901021 -0.00843335 -0.0066528 -0.00412561 -0.00131209 0.00156389 0.00440191 0.00667198 0.00741683 0.00620092 0.00379369 0.0013531 -0.00102306 -0.00427223 -0.00864766 
-0.0135032 -0.0121221 -0.00431926 0.00872468 0.0218535 0.0291958 0.0281864 0.0207635 0.0111985 0.00327123 -0.0012928 -0.00303609 -0.00368866 -0.00456059 -0.0058403 -0.00702976 -0.00761076 -0.00742985 -0.00679588 -0.00609803 -0.00521597 -0.00376276 -0.00206009 -0.00127246 -0.00221229 -0.00428413 -0.00608358 -0.00714393 -0.00853046 -0.0111304 
-0.00994339 -0.00852843 0.000187564 0.0147556 0.0286973 0.0349653 0.0307567 0.0189211 0.00547029 -0.00424771 -0.00808626 -0.00735985 -0.00508138 -0.00367849 -0.003914 -0.00522183 -0.00660587 -0.00748695 -0.00806745 -0.00877143 -0.00933609 -0.00906528 -0.0080883 -0.00757003 -0.00829561 -0.00945631 -0.00939762 -0.00780991 -0.0066227 -0.00777257 
-0.00554433 -0.00502085 0.0024589 0.0153961 0.0273136 0.0316206 0.025943 0.0131317 -0.000837982 -0.0103681 -0.0131177 -0.0106421 -0.00650241 -0.00361252 -0.00296186 -0.0039594 -0.00543912 -0.00667176 -0.00784263 -0.00941714 -0.0110487 -0.0118073 -0.0116272 -0.0115968 -0.0123606 -0.0127899 -0.0109786 -0.00688571 -0.00335264 -0.00327498 
-0.00355712 -0.00385645 0.00111434 0.0100565 0.0180228 0.020482 0.0159047 0.00603143 -0.00507964 -0.0129283 -0.0150343 -0.0122853 -0.00776534 -0.00426662 -0.0028503 -0.00306348 -0.00390614 -0.00480439 -0.00604414 -0.0081089 -0.0105521 -0.0122197 -0.0128275 -0.0133993 -0.0145736 -0.0150652 -0.0127278 -0.00753132 -0.00270403 -0.00162112 
-0.00449632 -0.00518342 -0.0029799 0.00122341 0.00487782 0.00617934 0.00442254 -0.000362029 -0.00685325 -0.0122635 -0.0140496 -0.0119821 -0.00806917 -0.00461081 -0.00265845 -0.0019602 -0.0017991 -0.00189324 -0.00272767 -0.00484603 -0.00774161 -0.0100775 -0.011339 -0.012492 -0.0143475 -0.0157458 -0.0143748 -0.00984324 -0.00506109 -0.0033399 
-0.00629752 -0.0072277 -0.00751287 -0.00754449 -0.007542 -0.00692601 -0.0058183 -0.00571769 -0.00764999 -0.0103893 -0.0115367 -0.0100171 -0.00683309 -0.00371107 -0.00159624 -0.000324165 0.000683889 0.00151021 0.00144705 -0.000216938 -0.00305658 -0.0056739 -0.0073389 -0.00888686 -0.0113298 -0.0138538 -0.0141711 -0.0113902 -0.00765593 -0.00583895 
-0.00653067 -0.00796163 -0.0103563 -0.0136396 -0.0163684 -0.0164446 -0.0136319 -0.0102663 -0.00872805 -0.00889052 -0.00879572 -0.00713881 -0.00432784 -0.00159404 0.000312326 0.00161711 0.00297036 0.00445851 0.00523725 0.00436942 0.00204459 -0.000447348 -0.00221352 -0.00382997 -0.00636135 -0.00940329 -0.0109644 -0.00988488 -0.00754497 -0.00620254 
-0.00437041 -0.00662927 -0.0107303 -0.0162108 -0.0207541 -0.0216393 -0.0184202 -0.0135219 -0.00975525 -0.0077354 -0.00619978 -0.00405886 -0.00141528 0.000924786 0.00242202 0.00337527 0.00456154 0.00621282 0.0075149 0.00740258 0.00579682 0.00373293 0.00214687 0.000783839 -0.001273 -0.00392676 -0.00566102 -0.00543254 -0.00418102 -0.00359556 
-0.00106506 -0.00423035 -0.00949768 -0.0160833 -0.0214495 -0.0229293 -0.0199751 -0.0146354 -0.00963489 -0.00614971 -0.00366414 -0.0013573 0.000956091 0.00287053 0.00398874 0.00454645 0.00530934 0.00663994 0.0079096 0.0081524 0.00715036 0.00562077 0.0043711 0.00339049 0.00203083 0.000280494 -0.000775582 -0.000443974 0.000393339 0.00037571 
0.000871939 -0.00296619 -0.00867426 -0.0152081 -0.0202671 -0.0216728 -0.0189172 -0.0135732 -0.00810327 -0.0040664 -0.00149059 0.000367668 0.0020602 0.0035463 0.00448309 0.00489209 0.00531417 0.0060981 0.00685617 0.00693395 0.00617188 0.00501127 0.00401501 0.00328476 0.00245039 0.00154494 0.00137118 0.0022627 0.00319072 0.00287721 
-0.000655591 -0.00472375 -0.0100599 -0.0154392 -0.0190704 -0.0195341 -0.0165573 -0.0113381 -0.00599989 -0.00221656 -0.000248569 0.00074692 0.00168419 0.00281212 0.00380151 0.00440503 0.00479199 0.00513174 0.00521981 0.00477896 0.00383464 0.00266747 0.00162395 0.000855693 0.000211685 -0.000224867 0.000123551 0.00131903 0.00225246 0.00171179 
-0.00564619 -0.00944848 -0.0137362 -0.0172274 -0.0187274 -0.0176691 -0.0141562 -0.00911998 -0.00427674 -0.00117343 -7.28779e-05 2.57795e-05 0.000308258 0.00121479 0.00242394 0.00346159 0.00411477 0.00429333 0.00387026 0.00285795 0.00146904 -5.41299e-05 -0.0014533 -0.00251734 -0.0032591 -0.00363744 -0.00334923 -0.00252358 -0.00212815 -0.00310165 
-0.011872 -0.0150513 -0.0180154 -0.0195792 -0.0190393 -0.0165022 -0.0124266 -0.00757841 -0.00329569 -0.000888958 -0.000510558 -0.00102304 -0.00109921 -0.000226017 0.00126573 0.00276214 0.00378055 0.00401344 0.00333515 0.00190314 4.40458e-05 -0.00196501 -0.0038478 -0.00533005 -0.00635393 -0.00696998 -0.00715971 -0.00719132 -0.00774728 -0.00931537 
-0.0166803 -0.0191626 -0.0210453 -0.0213221 -0.0195211 -0.0160317 -0.0115389 -0.00680922 -0.00295855 -0.00102965 -0.000989925 -0.00162559 -0.00163703 -0.000588097 0.00114063 0.00289373 0.00409908 0.00436248 0.00354783 0.00184663 -0.000382795 -0.00282682 -0.00517913 -0.00713834 -0.00859239 -0.0096012 -0.0103043 -0.0110658 -0.0123567 -0.0143005 
-0.018954 -0.0208854 -0.0222275 -0.0220695 -0.0198889 -0.0160096 -0.0112446 -0.00654958 -0.00298862 -0.00130942 -0.00122386 -0.00150908 -0.00106527 0.000316294 0.00215361 0.00382839 0.00485587 0.00491356 0.00389675 0.00197599 -0.000530916 -0.00333459 -0.00616097 -0.00872077 -0.0107934 -0.012266 -0.0132227 -0.0140785 -0.0153114 -0.0170077 
-0.0193813 -0.0208681 -0.0220331 -0.0219161 -0.0198116 -0.0158595 -0.0109552 -0.00630438 -0.00299462 -0.00148578 -0.00121723 -0.000985942 3.89725e-05 0.00176804 0.00357263 0.00489093 0.00542813 0.00505755 0.00376447 0.00167451 -0.00100806 -0.00411012 -0.00745986 -0.010777 -0.0136383 -0.0155984 -0.016532 -0.0168806 -0.0173034 -0.0181359 
-0.0192671 -0.0201824 -0.0210171 -0.0208009 -0.0187482 -0.0148659 -0.0100335 -0.0055666 -0.00256252 -0.0012983 -0.00102475 -0.000535686 0.000824599 0.00273983 0.00442949 0.00534425 0.00537053 0.00461366 0.00317694 0.00112146 -0.00152598 -0.0047792 -0.00859073 -0.0126485 -0.0162766 -0.0186822 -0.019544 -0.0193432 -0.0189153 -0.0188206 
-0.0195354 -0.0195926 -0.0195274 -0.0186852 -0.0164713 -0.0128043 -0.00832584 -0.00420178 -0.00151594 -0.000561187 -0.000570762 -0.000301982 0.000923284 0.00275661 0.00432946 0.00504254 0.00486589 0.00407168 0.00285177 0.00118348 -0.00110659 -0.00422597 -0.00821692 -0.012703 -0.0168171 -0.0195831 -0.020639 -0.0205212 -0.0200527 -0.0196826 
-0.0205733 -0.0195882 -0.0180497 -0.0160599 -0.0135209 -0.0102499 -0.00637847 -0.00266181 -0.000159635 0.00060588 0.000210121 -8.34551e-05 0.00060626 0.00212474 0.0036321 0.00444584 0.00450041 0.00411757 0.00351497 0.00258077 0.000966899 -0.0016864 -0.00546083 -0.00991506 -0.0141256 -0.0171791 -0.0188675 -0.019774 -0.0204587 -0.0208408 
-0.0221318 -0.0202574 -0.0170158 -0.0135689 -0.0105895 -0.0078544 -0.00482081 -0.00160076 0.000863967 0.00170877 0.00111709 0.000265796 0.000299563 0.0014101 0.0029036 0.00402872 0.00461015 0.00492418 0.00516728 0.00515974 0.00442993 0.00250039 -0.000740786 -0.00480719 -0.00880197 -0.012027 -0.0145731 -0.0171129 -0.0198387 -0.0218901 
-0.0231247 -0.0208895 -0.0161199 -0.0110788 -0.0074697 -0.00530339 -0.00341745 -0.0010618 0.00122162 0.00230851 0.00184191 0.000710462 0.000224812 0.00094835 0.002414 0.00385893 0.00499304 0.00600677 0.00706463 0.00796747 0.0081824 0.00711841 0.00457606 0.00104999 -0.00254511 -0.00565837 -0.00871388 -0.0126529 -0.0175127 -0.021709 
-0.0221815 -0.0203206 -0.0144969 -0.00785665 -0.00332239 -0.00157568 -0.00112627 -0.000232742 0.00136714 0.00256904 0.00243311 0.00132747 0.000521903 0.00087798 0.00220176 0.00379965 0.00530287 0.0068067 0.00844936 0.0100693 0.0111435 0.0109729 0.00918651 0.00622307 0.00312123 0.000527019 -0.00220626 -0.0065292 -0.0128015 -0.0190657 
-0.0189121 -0.0181262 -0.0119741 -0.00403397 0.00164538 0.00336754 0.00248339 0.00158288 0.00200901 0.00303324 0.00323688 0.00231653 0.0012974 0.00124634 0.00227698 0.00383562 0.00549963 0.00725064 0.00919178 0.0112337 0.0129355 0.0135536 0.0125288 0.0101609 0.00762001 0.00584435 0.0041723 0.00056243 -0.00608351 -0.0139002 
-0.0147852 -0.0154826 -0.00985323 -0.00131034 0.00548787 0.00780201 0.00631704 0.00397806 0.00316348 0.00381038 0.00426188 0.00354799 0.0023353 0.00184125 0.00251744 0.00397751 0.00572154 0.00757179 0.0095642 0.0116828 0.0136421 0.0148073 0.0145429 0.0129315 0.011071 0.0101129 0.00954879 0.00698064 0.000593866 -0.00812225 
-0.0128306 -0.0147893 -0.0100872 -0.00148653 0.00643523 0.0101112 0.00912565 0.00615694 0.00435988 0.00453566 0.0051076 0.00456656 0.00317663 0.0022679 0.00264001 0.00405671 0.00587961 0.00771594 0.00950373 0.0112961 0.0130396 0.0144085 0.014889 0.0142986 0.0133013 0.0128724 0.0126477 0.0103407 0.00398539 -0.00517786 
-0.0157582 -0.0178982 -0.0133324 -0.00418518 0.0053623 0.0111197 0.0114284 0.00836853 0.00569288 0.00521356 0.00572401 0.00531245 0.00378002 0.00248319 0.00254421 0.0038585 0.00561081 0.00717147 0.00838439 0.00938539 0.0104063 0.0115744 0.012685 0.0133197 0.013397 0.0132023 0.0122785 0.00884671 0.00158401 -0.00798526 
-0.0232001 -0.0239138 -0.0175898 -0.00643267 0.00543547 0.0133686 0.0148339 0.0115133 0.00774977 0.00637821 0.00667489 0.00637785 0.00472559 0.00296556 0.00249384 0.00336191 0.0046187 0.00544577 0.00564321 0.00544755 0.00535176 0.00594234 0.00744514 0.00936372 0.0108124 0.0110057 0.00898685 0.00348662 -0.00567138 -0.0160003 
-0.030976 -0.0290661 -0.0192557 -0.00495682 0.00909341 0.0181392 0.0196498 0.0154586 0.010452 0.00820792 0.00833167 0.00818576 0.00640263 0.00403415 0.00270641 0.00267198 0.00294291 0.00262008 0.00154782 7.51327e-05 -0.00115459 -0.00124342 0.000483357 0.00369971 0.00695422 0.00831455 0.00591976 -0.00142998 -0.0128651 -0.0244781 
-0.0342859 -0.0298639 -0.0163332 0.000852879 0.0158353 0.024219 0.0244117 0.0188762 0.0128087 0.0100212 0.0101337 0.0101262 0.00814539 0.00509527 0.00279102 0.00167168 0.000782735 -0.00073967 -0.00290122 -0.00520828 -0.00698788 -0.00727741 -0.00510914 -0.00049145 0.00493671 0.0083666 0.00688559 -0.00120013 -0.0145548 -0.0278895 
-0.0320726 -0.0266778 -0.0108616 0.00793609 0.0225907 0.0292093 0.0274969 0.0206648 0.0139326 0.0109147 0.0110126 0.0109295 0.00860012 0.00492613 0.00184634 -0.000122062 -0.00190714 -0.00426598 -0.00697066 -0.00931321 -0.0106114 -0.0100613 -0.00675579 -0.000554662 0.00697364 0.0126653 0.0128624 0.00513039 -0.00940069 -0.0246458 
-0.027988 -0.0236683 -0.00766786 0.0115455 0.0257408 0.0311051 0.0282198 0.02081 0.0139422 0.0108671 0.0107445 0.0102125 0.00729174 0.00302233 -0.000593638 -0.00306926 -0.0053489 -0.00808809 -0.010825 -0.0125681 -0.0125062 -0.0100652 -0.0048234 0.00301644 0.011917 0.0189164 0.0203333 0.0132959 -0.00166212 -0.0185583 
-0.026887 -0.0246369 -0.00982355 0.00932232 0.0238692 0.0295197 0.0270153 0.0202295 0.0139585 0.0110723 0.0106022 0.00933673 0.00555069 0.00048213 -0.00377882 -0.00673958 -0.00935964 -0.0122774 -0.014917 -0.0159974 -0.0143924 -0.00965198 -0.00213194 0.00705052 0.0160804 0.0225451 0.0235814 0.0166627 0.0018677 -0.0156828 
-0.0300303 -0.0288095 -0.0150489 0.00406911 0.019514 0.0264239 0.0253589 0.0201049 0.0150443 0.0126375 0.0119214 0.00995545 0.00521285 -0.000954522 -0.00627634 -0.0100499 -0.013152 -0.0163077 -0.0190235 -0.0198171 -0.0171277 -0.0104465 -0.00094199 0.00902091 0.0169885 0.0210941 0.0198256 0.0118877 -0.00240322 -0.0189467 
-0.0336528 -0.0311824 -0.017413 0.0015494 0.0172197 0.0247047 0.0245988 0.0206089 0.0166197 0.0146791 0.0139469 0.0117369 0.0064432 -0.000738527 -0.00733515 -0.0121865 -0.0158985 -0.0193072 -0.0221662 -0.0229598 -0.019752 -0.0118582 -0.00102589 0.00927721 0.0158437 0.0170367 0.012534 0.00266873 -0.0111333 -0.0251999 
-0.0331043 -0.027884 -0.013451 0.00467267 0.0189869 0.0252396 0.0244331 0.0203261 0.0164113 0.0144912 0.0139741 0.0123097 0.0074306 -1.44914e-05 -0.00748068 -0.0132053 -0.0173163 -0.0206698 -0.0233149 -0.0238997 -0.0203899 -0.0119765 -0.000565549 0.00994386 0.0159085 0.0154719 0.00859735 -0.00323573 -0.0170028 -0.028453 
-0.0285799 -0.0210883 -0.00629441 0.010362 0.0223736 0.0263256 0.023631 0.0180859 0.0130286 0.0103937 0.0100674 0.00959421 0.00618719 -0.000400283 -0.00780772 -0.0137092 -0.0176339 -0.020303 -0.0219833 -0.0216502 -0.0175916 -0.00912508 0.00210202 0.0126899 0.0191964 0.019194 0.0117573 -0.0015484 -0.0162152 -0.0265836 
-0.0251242 -0.017108 -0.00261972 0.0128467 0.0234315 0.026116 0.0221832 0.015121 0.00822838 0.00398133 0.00315274 0.00368104 0.00217379 -0.00267119 -0.00901067 -0.0142077 -0.0172226 -0.0184949 -0.0183546 -0.0161858 -0.011003 -0.00261572 0.00777249 0.0179732 0.0253426 0.0267825 0.0197299 0.00499666 -0.0118138 -0.0233491 
-0.026333 -0.0190759 -0.00526967 0.00982546 0.0208119 0.0245289 0.0214251 0.0140906 0.00552879 -0.00114724 -0.0038433 -0.00355175 -0.0037105 -0.00657971 -0.0111634 -0.0149227 -0.0164327 -0.0157818 -0.0132199 -0.00852255 -0.00163051 0.00686846 0.0161091 0.0252705 0.032731 0.0348492 0.0274624 0.0105837 -0.00926336 -0.0232333 
-0.0296222 -0.022847 -0.00982273 0.00490184 0.0168417 0.0228283 0.0222346 0.0162342 0.00689549 -0.00247623 -0.00833814 -0.00992386 -0.00996143 -0.0113255 -0.0140132 -0.0159614 -0.01565 -0.0129049 -0.00785872 -0.000576004 0.0081931 0.017071 0.0252896 0.0330148 0.0394198 0.0405738 0.0314352 0.0118868 -0.0105376 -0.0259906 
-0.0281011 -0.0205186 -0.00863922 0.00411221 0.0151662 0.0223207 0.0243145 0.0206568 0.0117291 0.000246242 -0.00913948 -0.0136895 -0.0149044 -0.0157817 -0.0170913 -0.0173614 -0.0152711 -0.0106466 -0.0036192 0.00557563 0.0157263 0.0249483 0.0323919 0.0386058 0.0431535 0.0422428 0.0310105 0.00994728 -0.0125731 -0.026505 
-0.0158513 -0.00700735 0.00240315 0.0104804 0.0175575 0.0235106 0.0270592 0.0259858 0.0185057 0.00612196 -0.00603462 -0.0136782 -0.0170307 -0.0187113 -0.0197114 -0.0189533 -0.0155034 -0.00950494 -0.00131183 0.00868726 0.0191588 0.0281272 0.0346691 0.0392968 0.0418275 0.0392933 0.0279412 0.00892828 -0.00954294 -0.0184404 
0.00837272 0.0165272 0.0208314 0.0215542 0.0223171 0.0253746 0.0295575 0.0309269 0.0255659 0.0136114 4.13011e-05 -0.0100857 -0.0159754 -0.0194854 -0.0212601 -0.020323 -0.0161728 -0.00945993 -0.00096684 0.00865232 0.0181278 0.0258117 0.030936 0.0339304 0.0350812 0.0329665 0.0254073 0.0134885 0.00348018 0.00185349 
0.0413291 0.0447677 0.0404567 0.0317973 0.0253872 0.0251202 0.0295021 0.0329908 0.0300306 0.0196263 0.00614364 -0.00531801 -0.0132754 -0.018684 -0.0216024 -0.0210222 -0.0168015 -0.0100577 -0.00207648 0.0061058 0.0134102 0.018935 0.0224186 0.0242868 0.0253818 0.0261477 0.0261287 0.0256233 0.0272997 0.0334136 
0.0788101 0.0738135 0.0576706 0.0380434 0.0241174 0.0203507 0.0243146 0.0291258 0.0283239 0.0202185 0.00830696 -0.00284274 -0.0114252 -0.0176515 -0.0211378 -0.0208895 -0.0169576 -0.0107147 -0.00389456 0.00208842 0.00656398 0.00979315 0.0122744 0.0142303 0.0165831 0.0214268 0.0303229 0.0430283 0.0579712 0.0718237 
0.119117 0.10495 0.0753228 0.0431822 0.0206563 0.0123232 0.0144441 0.0190773 0.0195509 0.0139561 0.00482268 -0.00429934 -0.0117496 -0.0173294 -0.0204627 -0.0202083 -0.0165965 -0.0110444 -0.00567383 -0.00217788 -0.000520978 0.00104265 0.00376064 0.00710325 0.0112215 0.019411 0.0358101 0.0608781 0.0895598 0.112398 
0.164156 0.144021 0.101388 0.0550345 0.0214156 0.00606886 0.00417228 0.00685823 0.00745252 0.00401524 -0.00191026 -0.00811181 -0.0134936 -0.0177211 -0.020105 -0.0196641 -0.016238 -0.0112254 -0.00716252 -0.00591664 -0.00649707 -0.00555652 -0.00135916 0.00419337 0.00976946 0.0195112 0.0406469 0.0758642 0.118411 0.153275 
0.218654 0.198538 0.144913 0.0822499 0.0334712 0.00725098 -0.00129297 -0.00200581 -0.00216075 -0.00419687 -0.00759873 -0.0114207 -0.0152104 -0.0185706 -0.0206122 -0.0201668 -0.0168453 -0.012111 -0.00895111 -0.00929691 -0.0111147 -0.00961898 -0.00295592 0.00524612 0.01191 0.0218178 0.0454367 0.0888246 0.145625 0.196728 
0.285152 0.271459 0.20938 0.128387 0.0599957 0.0186202 0.000769289 -0.00439101 -0.005776 -0.00736128 -0.00980071 -0.0129019 -0.0164824 -0.0200251 -0.0224121 -0.0222642 -0.0190648 -0.0144337 -0.0116974 -0.0126844 -0.0144689 -0.0113064 -0.00155038 0.00957944 0.0174885 0.0274003 0.0526254 0.103013 0.174391 0.245458 
0.353251 0.350377 0.283309 0.184937 0.0957878 0.0373919 0.00882888 -0.00132275 -0.00418824 -0.00617563 -0.00923469 -0.0132304 -0.0177006 -0.0220173 -0.0250149 -0.0252423 -0.0221921 -0.0176044 -0.0148316 -0.0153997 -0.0158773 -0.0102781 0.00265336 0.0167274 0.0264054 0.0369606 0.0634327 0.118927 0.202588 0.293166 
0.395734 0.404924 0.339236 0.231362 0.127676 0.0557882 0.0179267 0.00312575 -0.00128897 -0.00402096 -0.00817945 -0.0133187 -0.0185234 -0.0232597 -0.0265677 -0.027046 -0.0242173 -0.0197609 -0.0166758 -0.0160358 -0.0143723 -0.00616314 0.0094113 0.025989 0.0376773 0.0490937 0.0751991 0.130811 0.218637 0.320185 
