0.300049 0.23751 0.150993 0.0856559 0.0495235 0.0288401 0.0163266 0.0132212 0.0180246 0.0236658 0.0240012 0.0189883 0.0124559 0.00734258 0.00395274 0.000930361 -0.00266584 -0.00623346 -0.00869363 -0.00967531 -0.00916362 -0.00721965 -0.00469992 -0.00230661 0.00326507 0.021438 0.0640487 0.136524 0.225945 0.294677 
0.236376 0.18607 0.117816 0.0670603 0.0388513 0.0208868 0.00781551 0.00254171 0.00498087 0.00926785 0.0101963 0.00772238 0.00448847 0.00209243 0.000307888 -0.00213788 -0.00598458 -0.0102647 -0.0130978 -0.0129901 -0.00910758 -0.00174252 0.00649749 0.0120505 0.0157654 0.0262013 0.0555745 0.110243 0.179876 0.233351 
0.170367 0.134987 0.0861969 0.0498655 0.0288641 0.0131354 -0.000726941 -0.00869123 -0.00943112 -0.00684259 -0.00485764 -0.00418894 -0.00394874 -0.00369609 -0.00381513 -0.00527999 -0.00850905 -0.0122424 -0.0141065 -0.0118074 -0.00383351 0.00944643 0.0242391 0.0344447 0.0372104 0.0379605 0.0489017 0.0801237 0.12729 0.166621 
0.125154 0.103191 0.0691959 0.0428247 0.0265481 0.0124548 -0.00186587 -0.0121067 -0.015744 -0.0147488 -0.0122226 -0.00994628 -0.00841122 -0.00745524 -0.00706338 -0.00790427 -0.0103577 -0.0132647 -0.0141728 -0.0102992 0.00046979 0.0180664 0.038543 0.054397 0.0590221 0.05321 0.0479781 0.0580517 0.0868845 0.117485 
0.0954054 0.0838023 0.0605987 0.0411382 0.0284189 0.0165505 0.00340291 -0.00711618 -0.0117858 -0.0114287 -0.00904076 -0.00730624 -0.00717697 -0.00790104 -0.00869202 -0.00998948 -0.0124479 -0.0153927 -0.0166726 -0.013337 -0.00277725 0.0155416 0.0383944 0.0583847 0.0667272 0.0598829 0.0461396 0.0426823 0.059112 0.0840926 
0.0712503 0.0652885 0.0497008 0.0360592 0.0273801 0.0192785 0.00952914 0.001295 -0.00204525 -0.000980073 0.00114076 0.00115743 -0.00153264 -0.0051331 -0.00809217 -0.0107816 -0.0142066 -0.0181926 -0.0210292 -0.0199108 -0.0120485 0.00352142 0.0245126 0.044891 0.0560588 0.0520315 0.0378252 0.029906 0.0399588 0.0599707 
0.0520854 0.0463684 0.0346668 0.0262352 0.0229411 0.0202193 0.0151101 0.0102147 0.00919846 0.0116571 0.0136242 0.0116446 0.00594373 -0.000455006 -0.00549987 -0.00975805 -0.014494 -0.0197351 -0.0240754 -0.0250223 -0.0199701 -0.00799971 0.00913136 0.0269751 0.0384866 0.0373324 0.0264089 0.0200106 0.028509 0.044378 
0.0449603 0.0344774 0.0216783 0.0163984 0.0188907 0.0222355 0.0215793 0.0192001 0.0197032 0.0231033 0.024741 0.0208281 0.0125844 0.00417622 -0.00224194 -0.00764881 -0.0133889 -0.0193457 -0.024174 -0.0256271 -0.0213358 -0.0106868 0.0043497 0.0197898 0.0297356 0.0290698 0.0210952 0.0186059 0.0289338 0.0425325 
0.0537581 0.0345865 0.0155998 0.00942939 0.0154908 0.0238913 0.0270292 0.0262878 0.0271346 0.0303962 0.0311952 0.0256866 0.0159615 0.00680209 7.10587e-06 -0.0058565 -0.0120092 -0.0179643 -0.0222163 -0.022536 -0.0166039 -0.0041572 0.0119145 0.0266755 0.034509 0.0327113 0.0273448 0.03047 0.0450562 0.0577458 
0.073112 0.0445374 0.0171652 0.006215 0.0116186 0.0222504 0.0282299 0.0289507 0.0295059 0.0315539 0.0309772 0.0244698 0.0145604 0.00589046 -0.000345093 -0.00590575 -0.0118274 -0.0172688 -0.0204854 -0.0191268 -0.0108552 0.00428007 0.0224162 0.0373565 0.0436306 0.0414769 0.0402921 0.0510447 0.0713445 0.0836129 
0.092491 0.0582853 0.0246257 0.00760796 0.00880815 0.0184596 0.0258327 0.0277133 0.0275713 0.0277566 0.0257064 0.0188948 0.00961934 0.00190127 -0.00346122 -0.00830408 -0.0136052 -0.0184397 -0.0209882 -0.0188894 -0.00986281 0.0060405 0.02482 0.0397633 0.0456187 0.0448462 0.0490699 0.0677298 0.0937755 0.106655 
0.101555 0.068078 0.0331691 0.012098 0.00844837 0.0155035 0.023083 0.0256404 0.0247085 0.0232238 0.0202635 0.0137985 0.00534148 -0.0017814 -0.00671608 -0.0110602 -0.0158639 -0.0204632 -0.023266 -0.0221027 -0.0147494 -0.000770337 0.0166524 0.0310442 0.0371273 0.0381142 0.0462739 0.0698668 0.0996743 0.114512 
0.0946433 0.0678326 0.0373135 0.016249 0.0096906 0.0143223 0.0215638 0.0246006 0.0234389 0.0212039 0.0180511 0.0122481 0.00453558 -0.00238044 -0.00739985 -0.0116848 -0.0163597 -0.0212053 -0.0250436 -0.0259669 -0.0217205 -0.0111975 0.00346689 0.0163152 0.0219693 0.0233687 0.0321041 0.0556501 0.0854018 0.102299 
0.0757299 0.0584776 0.0356456 0.0179227 0.0109947 0.014037 0.0204007 0.0234931 0.0226306 0.0204869 0.017487 0.012288 0.00533473 -0.00121648 -0.00624273 -0.0105467 -0.0152379 -0.0204326 -0.0252785 -0.0280738 -0.0265984 -0.0194428 -0.00820827 0.00167725 0.00531477 0.00549917 0.012367 0.0322376 0.0585697 0.0765012 
0.0559115 0.0468796 0.0308091 0.0167385 0.010595 0.0125039 0.0171907 0.0194737 0.0188964 0.0172546 0.0146426 0.0101835 0.00437981 -0.00115539 -0.00561297 -0.00964999 -0.0142143 -0.0194076 -0.0244094 -0.0276713 -0.0273011 -0.0222729 -0.0144239 -0.00870639 -0.00858349 -0.0104195 -0.00556863 0.0104342 0.0327685 0.0508944 
0.0421205 0.0380064 0.0255282 0.0129587 0.00655372 0.00675456 0.00931279 0.0106959 0.0107122 0.00998826 0.00816268 0.00491385 0.000899595 -0.00285628 -0.00609389 -0.00950362 -0.0137164 -0.018445 -0.0226115 -0.0247731 -0.0235909 -0.0189321 -0.013479 -0.0119099 -0.0157819 -0.0199289 -0.0167422 -0.0035631 0.0157164 0.0335847 
0.0327928 0.0318343 0.0210395 0.0079968 -0.000521793 -0.00308562 -0.00239538 -0.000836802 0.000714381 0.00138001 0.000517594 -0.00145447 -0.0035802 -0.00532202 -0.00702346 -0.00953337 -0.0131592 -0.0171031 -0.0199079 -0.0201163 -0.0168406 -0.0109036 -0.00614757 -0.00745691 -0.0149802 -0.0221875 -0.0218375 -0.0119826 0.00446613 0.0219084 
0.0255103 0.0278664 0.0187246 0.00495423 -0.00609409 -0.011551 -0.0122616 -0.00990515 -0.00655642 -0.00456422 -0.00476253 -0.00606775 -0.00711365 -0.00753488 -0.00804181 -0.00962882 -0.0124576 -0.0154504 -0.0168736 -0.0151268 -0.00949487 -0.00149224 0.00393817 0.00120933 -0.00946243 -0.0207537 -0.0249845 -0.019514 -0.00579185 0.0118379 
0.0211159 0.0268073 0.0197348 0.00625781 -0.00590104 -0.0131099 -0.01506 -0.0127569 -0.00877594 -0.00626622 -0.00627694 -0.00751868 -0.00843741 -0.00860349 -0.00867679 -0.00959538 -0.0115463 -0.0135353 -0.013823 -0.010709 -0.0034851 0.00607793 0.0125473 0.0096772 -0.00287551 -0.0178062 -0.02667 -0.0253578 -0.0137501 0.00455913 
0.019361 0.0272299 0.0225163 0.010841 -0.00045207 -0.00804102 -0.011352 -0.0105081 -0.00748143 -0.00538859 -0.00545908 -0.00664437 -0.00763533 -0.00801301 -0.00814161 -0.0086749 -0.0098208 -0.0108551 -0.0103161 -0.00666787 0.000755692 0.0104317 0.0174568 0.0156223 0.00358999 -0.0124242 -0.0238941 -0.0255133 -0.01595 0.00178362 
0.0166658 0.0251881 0.0233149 0.0151186 0.00631631 -0.000809973 -0.00566199 -0.00720877 -0.00609642 -0.00487386 -0.00489551 -0.00553116 -0.00600071 -0.00619589 -0.00631623 -0.00664765 -0.00723598 -0.00751972 -0.00643768 -0.00292777 0.00346377 0.0117753 0.0184296 0.0180704 0.00851459 -0.00584048 -0.0174719 -0.020811 -0.0139277 0.000875401 
0.0103026 0.0185586 0.0200433 0.0166125 0.0113076 0.00507833 -0.00126985 -0.00542555 -0.00647182 -0.00614853 -0.00591515 -0.00556188 -0.00484756 -0.00421443 -0.00403471 -0.00432236 -0.00476389 -0.00469492 -0.00335695 -0.000290457 0.00456028 0.0107202 0.0160503 0.0164706 0.00951592 -0.00210329 -0.0123981 -0.0164305 -0.0124034 -0.00192918 
0.00182852 0.009366 0.0139651 0.0153469 0.0137158 0.00869747 0.00135099 -0.00493204 -0.00784269 -0.00825956 -0.00771093 -0.0063849 -0.00443242 -0.00278379 -0.00215692 -0.00248817 -0.00311485 -0.00311037 -0.00182009 0.000718967 0.00410381 0.0080688 0.0115368 0.0116681 0.00625509 -0.00299856 -0.0114184 -0.0151115 -0.0130681 -0.00660508 
-0.00564219 0.000748971 0.00719274 0.0121264 0.0136899 0.0103532 0.00306685 -0.00428786 -0.00844175 -0.0094148 -0.0086612 -0.00675846 -0.00413252 -0.00189713 -0.000949641 -0.00127546 -0.00209699 -0.00231861 -0.00126018 0.000790271 0.00310646 0.00543526 0.00727327 0.00664936 0.00176149 -0.00609423 -0.0129816 -0.0158532 -0.0146616 -0.0109402 
-0.0112067 -0.00609794 0.00070193 0.00740163 0.0113104 0.0101837 0.00441009 -0.00251742 -0.00705526 -0.00844146 -0.00776793 -0.00585661 -0.00332437 -0.00117549 -0.000188342 -0.000405624 -0.00120232 -0.00154443 -0.000691977 0.00110717 0.00307328 0.00487382 0.00607021 0.00496805 -2.59067e-05 -0.00770702 -0.0143539 -0.0171881 -0.016607 -0.0144578 
-0.0152738 -0.0110328 -0.00475814 0.00204116 0.00689722 0.007714 0.00445709 -0.000462128 -0.00419054 -0.00563875 -0.00531507 -0.00390643 -0.00201253 -0.000375343 0.000483675 0.000467848 -9.98904e-05 -0.000415926 0.000330884 0.00219106 0.00460062 0.00708855 0.00881829 0.00781135 0.0024605 -0.00597099 -0.0137499 -0.0179556 -0.0186663 -0.0175736 
-0.017517 -0.0137587 -0.00841684 -0.00285029 0.00119251 0.00263931 0.00171952 -0.000306669 -0.00206285 -0.00288322 -0.00279064 -0.00198589 -0.000788389 0.000346471 0.00110485 0.00133624 0.00108163 0.000878579 0.00157815 0.00361555 0.00678185 0.0104759 0.0132918 0.0127878 0.00733084 -0.00171801 -0.0107492 -0.0168149 -0.0193578 -0.0193635 
-0.0176842 -0.0145972 -0.0105686 -0.00699247 -0.00487309 -0.00405665 -0.0036349 -0.00304744 -0.00240494 -0.00193871 -0.00154908 -0.000944617 -8.40077e-05 0.000790916 0.00148252 0.00185911 0.00185996 0.00182828 0.0025352 0.00462972 0.00820194 0.012624 0.0161537 0.0161707 0.0111871 0.00257802 -0.00650794 -0.0135534 -0.017635 -0.0188715 
-0.0162151 -0.014242 -0.011785 -0.0101598 -0.00986408 -0.0100878 -0.00944301 -0.00743134 -0.00489292 -0.00289657 -0.00164878 -0.000681199 0.000290672 0.00113059 0.00169378 0.00197506 0.00203526 0.00215332 0.00290957 0.00489174 0.00829065 0.012546 0.015983 0.0162478 0.0121528 0.00495267 -0.00287095 -0.0095327 -0.014204 -0.0164339 
-0.0134505 -0.0126555 -0.0116108 -0.0113636 -0.0122106 -0.0133904 -0.0134156 -0.0113609 -0.00793046 -0.00467478 -0.00236598 -0.000707489 0.000654537 0.00160415 0.002009 0.00202757 0.00194378 0.00207891 0.0028406 0.00462174 0.00752639 0.0110557 0.0138598 0.0141084 0.0109025 0.00527936 -0.000816929 -0.00617928 -0.0103501 -0.0128581 
-0.0101905 -0.0100254 -0.0097963 -0.0103147 -0.0118433 -0.0138695 -0.0149332 -0.013611 -0.0101607 -0.00628135 -0.00320525 -0.000911983 0.000889152 0.00204684 0.0024184 0.00226055 0.00200451 0.00203451 0.00269584 0.00423746 0.00661722 0.00936294 0.0115014 0.0117077 0.00918503 0.00464553 -0.000214951 -0.00428255 -0.00738147 -0.00941323 
-0.00847085 -0.00813959 -0.00793608 -0.00867021 -0.0106045 -0.013261 -0.0151161 -0.014481 -0.0113564 -0.00742642 -0.0040803 -0.00144488 0.000681584 0.00210321 0.00265768 0.00258425 0.00230194 0.00221212 0.00268621 0.00393391 0.00581839 0.00790982 0.0095748 0.00984993 0.00781208 0.00369872 -0.000880971 -0.00445588 -0.00677593 -0.00810145 
-0.0099082 -0.00895012 -0.00819191 -0.0085868 -0.0104216 -0.0131486 -0.0152006 -0.0148566 -0.0120147 -0.00825563 -0.00494587 -0.00223894 4.0102e-05 0.00169647 0.00255182 0.00275061 0.00259192 0.00243346 0.00268097 0.00356959 0.00494176 0.00642187 0.0076366 0.00787024 0.00600764 0.00179081 -0.00324258 -0.0071281 -0.00928347 -0.0101267 
-0.0137596 -0.0122717 -0.0108737 -0.0105124 -0.0115281 -0.0134876 -0.0150544 -0.0146692 -0.0120848 -0.00861649 -0.00551885 -0.00294489 -0.000704195 0.00104489 0.00211121 0.00254719 0.00253694 0.0023554 0.00237822 0.0028595 0.00365289 0.00439844 0.00487462 0.00459598 0.00244514 -0.00210564 -0.00761996 -0.011853 -0.0139616 -0.0144471 
-0.0180702 -0.0164722 -0.0146226 -0.0132088 -0.0127288 -0.0131375 -0.0136272 -0.0130113 -0.0108814 -0.00806851 -0.0055082 -0.00329733 -0.00126604 0.000405437 0.00147199 0.00193448 0.00195406 0.00174248 0.00156359 0.00161215 0.00173636 0.00155775 0.000925604 -0.000368558 -0.00314714 -0.00790302 -0.0133572 -0.0173338 -0.018985 -0.0189939 
-0.0217033 -0.0203072 -0.0180499 -0.0153153 -0.0129526 -0.0114412 -0.0105891 -0.0097312 -0.00839117 -0.00675786 -0.00515933 -0.00350953 -0.00173378 -0.000176165 0.000766088 0.00105459 0.000923791 0.000600329 0.000219501 -0.000161318 -0.000721785 -0.00184209 -0.00366567 -0.00616118 -0.00968548 -0.0144686 -0.0193814 -0.0225183 -0.0232553 -0.0226447 
-0.0241407 -0.0229891 -0.0203195 -0.0163172 -0.0122026 -0.00889754 -0.00678303 -0.00579472 -0.00549549 -0.005381 -0.00499134 -0.0039641 -0.0023784 -0.000848663 3.98606e-06 7.23794e-05 -0.000324537 -0.000877743 -0.00150496 -0.00227386 -0.00338293 -0.00519061 -0.00794245 -0.011546 -0.0158695 -0.020675 -0.0248487 -0.0268079 -0.0263429 -0.0250326 
-0.0246653 -0.0238511 -0.0211328 -0.016484 -0.0112035 -0.00647264 -0.00325935 -0.00217389 -0.00288861 -0.00424172 -0.0049906 -0.00452777 -0.00312163 -0.00162868 -0.000841371 -0.000954178 -0.00163467 -0.00249336 -0.00339795 -0.00444065 -0.00581452 -0.00789887 -0.0111614 -0.0155856 -0.0205451 -0.025192 -0.0283725 -0.0289547 -0.0272901 -0.025421 
-0.0221114 -0.0220231 -0.0200221 -0.0157115 -0.0100941 -0.00448016 -0.0004496 0.000730009 -0.000738055 -0.00315503 -0.00468708 -0.00465754 -0.00355067 -0.0023109 -0.00172748 -0.00204125 -0.00298231 -0.00414596 -0.00529771 -0.00642924 -0.00770872 -0.00963987 -0.0129387 -0.0175902 -0.0224716 -0.0262436 -0.0279196 -0.0270244 -0.024457 -0.0224342 
-0.0150434 -0.0160349 -0.0155634 -0.0127329 -0.00792915 -0.00241661 0.00173305 0.00275898 0.000797541 -0.00209409 -0.00385791 -0.00405636 -0.00340994 -0.0027366 -0.00260101 -0.0031986 -0.00435966 -0.0057582 -0.00707702 -0.00811304 -0.00897921 -0.01037 -0.0131615 -0.017163 -0.020857 -0.02278 -0.0224118 -0.0199787 -0.0167296 -0.0147769 
-0.003775 -0.0057065 -0.00720882 -0.00691547 -0.00425937 -9.88695e-05 0.00323315 0.00365274 0.00133635 -0.00144263 -0.00282309 -0.00295254 -0.00281624 -0.00293513 -0.00346117 -0.00443145 -0.00576578 -0.0072801 -0.00863317 -0.0094199 -0.00965786 -0.0101582 -0.0118227 -0.0142805 -0.0159075 -0.0154653 -0.0129661 -0.00912424 -0.00527306 -0.00324311 
0.00842704 0.00612179 0.00276428 5.55987e-05 -0.000238432 0.0017518 0.00361458 0.00308979 0.00053527 -0.0016658 -0.00216465 -0.00187339 -0.00205911 -0.00293385 -0.00417824 -0.00558497 -0.0070972 -0.00863678 -0.00988462 -0.0103418 -0.00991858 -0.00934542 -0.00943853 -0.0098721 -0.00928666 -0.00678077 -0.00266832 0.00213016 0.00637532 0.00866704 
0.0184841 0.016331 0.0115125 0.00600026 0.00271612 0.00226589 0.00233331 0.000798992 -0.0016832 -0.00290286 -0.00225832 -0.0012915 -0.00141901 -0.00266647 -0.00440403 -0.00621196 -0.00796326 -0.00954569 -0.0106593 -0.0108767 -0.010044 -0.0086253 -0.00727367 -0.00591211 -0.00363455 0.000228729 0.00532788 0.0106751 0.0151779 0.0179443 
0.0259422 0.0241242 0.0181588 0.0103876 0.00450312 0.00152448 -0.000505512 -0.0030178 -0.00499867 -0.004896 -0.00309896 -0.00145426 -0.00120114 -0.00228136 -0.00407246 -0.00610927 -0.00812638 -0.00981962 -0.0108597 -0.0109968 -0.0100882 -0.00828644 -0.00604456 -0.0035212 -0.000207277 0.0044063 0.0100061 0.0156636 0.0205766 0.0242598 
0.030783 0.0291871 0.0225809 0.0136756 0.00620865 0.00101808 -0.00331507 -0.00698682 -0.00847093 -0.00713216 -0.00444884 -0.00233991 -0.00163532 -0.00223378 -0.00374796 -0.0058125 -0.00800599 -0.009763 -0.0106742 -0.0106514 -0.0096352 -0.0076339 -0.00497445 -0.00186036 0.00204866 0.00703898 0.0126878 0.0182801 0.023514 0.0281287 
0.0312908 0.0299223 0.0239774 0.0159416 0.00864877 0.00217322 -0.00427361 -0.00930795 -0.0107284 -0.00870911 -0.00561299 -0.00335063 -0.00242525 -0.00271921 -0.00402302 -0.00604453 -0.00823972 -0.00983805 -0.0103485 -0.00977848 -0.0082396 -0.0059215 -0.00321224 -9.35674e-05 0.0040606 0.00942286 0.0151185 0.0202222 0.0247166 0.0287898 
0.025911 0.0253338 0.0219523 0.0169328 0.0113984 0.00452929 -0.0034851 -0.00949726 -0.0108125 -0.00843334 -0.00532741 -0.00331455 -0.0027101 -0.00330434 -0.00478598 -0.0068035 -0.00877559 -0.00988172 -0.00964984 -0.00820388 -0.00593035 -0.00344447 -0.00131083 0.000955396 0.00482219 0.0107771 0.0171017 0.0215167 0.0236182 0.0248537 
0.0157625 0.0168785 0.0174474 0.0165724 0.0134041 0.00653083 -0.00238943 -0.00842746 -0.00889291 -0.00591109 -0.0029457 -0.00160848 -0.00194359 -0.00342433 -0.00539145 -0.00736566 -0.00883588 -0.00913395 -0.00801064 -0.0058167 -0.00323006 -0.00123334 -0.00044715 0.000196859 0.00318508 0.00957908 0.0166981 0.0202234 0.0189945 0.0163446 
0.0036142 0.00707379 0.0117429 0.0147322 0.0137053 0.00713742 -0.00180042 -0.00681043 -0.00566015 -0.00173202 0.00106752 0.0014382 -0.000178787 -0.00274883 -0.00523814 -0.0070802 -0.00790848 -0.00736834 -0.00558191 -0.00314882 -0.000918171 2.2937e-05 -0.000723653 -0.00152556 0.000636118 0.00688596 0.0137236 0.0155076 0.0108776 0.00497336 
-0.00785811 -0.00198386 0.00602499 0.0116647 0.0120628 0.00627464 -0.00144404 -0.0043903 -0.00114951 0.00385234 0.0064439 0.00572926 0.00276718 -0.000878499 -0.0038932 -0.00566781 -0.006025 -0.0049913 -0.0030074 -0.000802918 0.000705692 0.000553738 -0.00109241 -0.00200997 0.000526401 0.00649572 0.0115439 0.0101547 0.0019397 -0.00645587 
-0.01556 -0.00766809 0.00271018 0.00957111 0.0102046 0.00511626 -0.000573557 -0.000779898 0.00468777 0.0106755 0.0130295 0.0113032 0.00710063 0.00239717 -0.00125431 -0.00316702 -0.00336908 -0.00224718 -0.000411717 0.00133399 0.00196217 0.000826514 -0.000927266 -0.000403012 0.0041333 0.0104996 0.0133369 0.00817049 -0.00367137 -0.0142315 
-0.0154837 -0.00600931 0.00555537 0.0119556 0.0109894 0.00529825 0.00111316 0.00340377 0.0107454 0.0174002 0.0194788 0.0169821 0.0118492 0.00625061 0.00191569 -0.00034411 -0.000683911 0.00028583 0.00187208 0.00309769 0.00275826 0.000770881 -0.000512745 0.00218637 0.00920344 0.0164139 0.0179632 0.0104496 -0.00342562 -0.0148045 
-0.00383983 0.0065021 0.0169766 0.0203559 0.0155827 0.00746555 0.00333137 0.00704203 0.0154744 0.0222934 0.0239454 0.0208579 0.0151361 0.0089288 0.00400207 0.0012886 0.000656497 0.00145787 0.0029217 0.00379279 0.00275321 0.000434059 0.000124096 0.00474025 0.0131696 0.0207542 0.0224782 0.0157483 0.00355285 -0.0053981 
0.020589 0.0293633 0.0348266 0.0319722 0.0218487 0.0105972 0.00565658 0.0097625 0.0184614 0.0249682 0.0259824 0.0222192 0.0158762 0.00904616 0.00350062 0.000335141 -0.000426423 0.00059037 0.00243676 0.00352349 0.00249963 0.000609824 0.00156775 0.00746254 0.0161839 0.0239453 0.0277292 0.0256277 0.0195759 0.0162837 
0.0538683 0.0561482 0.0517584 0.0399234 0.0244206 0.0114888 0.0069796 0.0118748 0.0207964 0.0269683 0.0272871 0.0224986 0.0149269 0.00686408 0.000263202 -0.00349579 -0.00411943 -0.00226191 0.000773885 0.00296235 0.0027894 0.00174894 0.00370482 0.0103545 0.0195142 0.0287696 0.0371762 0.0433132 0.0466378 0.0496191 
0.0865595 0.0776048 0.0600036 0.0382305 0.0187748 0.00709308 0.00600585 0.0136835 0.0238787 0.0303083 0.0301124 0.0239016 0.014276 0.00410058 -0.00426207 -0.00906925 -0.00968989 -0.00680379 -0.00210825 0.00188607 0.00317949 0.00291216 0.0050172 0.0118078 0.0220737 0.0345182 0.0494245 0.0654734 0.0788637 0.0864608 
0.106536 0.0859967 0.0565927 0.0274399 0.00682838 -0.00104573 0.00328865 0.0149482 0.0270394 0.0341442 0.0337307 0.0261987 0.0143976 0.00186389 -0.00851715 -0.0146875 -0.0157821 -0.012439 -0.00648974 -0.000701094 0.00224581 0.00249322 0.00376759 0.00966915 0.0207266 0.0364821 0.0573875 0.0816321 0.102601 0.112356 
0.104509 0.076549 0.04218 0.0124066 -0.00503872 -0.00788481 0.000869447 0.0147075 0.0272399 0.0344675 0.0342108 0.026321 0.0134207 -0.000538711 -0.0121687 -0.0192679 -0.0210197 -0.0179777 -0.0117259 -0.00488766 -0.000631756 8.20557e-06 0.0001305 0.00440809 0.0152786 0.0331512 0.0577299 0.0856619 0.108496 0.116354 
0.0802522 0.0499091 0.0189137 -0.00355456 -0.0133637 -0.0109736 -0.00049602 0.0121413 0.0226987 0.0291849 0.0295619 0.0225385 0.0100043 -0.0038818 -0.0153538 -0.0223529 -0.0243947 -0.0219288 -0.0160707 -0.00904125 -0.00399465 -0.00260798 -0.00264038 0.000670049 0.0109738 0.029415 0.0544084 0.0803314 0.0979275 0.0985746 
0.0437078 0.0146657 -0.00795202 -0.0189736 -0.0193743 -0.0124474 -0.00230649 0.00719009 0.0147931 0.020448 0.0218423 0.0163486 0.00516525 -0.00741137 -0.0175347 -0.0235523 -0.025388 -0.0233564 -0.0180813 -0.011304 -0.00569582 -0.00283773 -0.00132208 0.00259021 0.0124017 0.0292825 0.050567 0.0693475 0.0770004 0.0678307 
0.00884575 -0.0162311 -0.0300732 -0.0312086 -0.024613 -0.0152588 -0.00641567 0.000253071 0.00579234 0.0112206 0.0138136 0.0101144 0.000897458 -0.0096987 -0.0180796 -0.0229141 -0.0243098 -0.0224948 -0.0177917 -0.0115108 -0.00565562 -0.00129876 0.00242391 0.00783043 0.0171335 0.030575 0.0450168 0.0542395 0.0518162 0.0351816 
-0.0131786 -0.0325605 -0.0401276 -0.0364379 -0.0280417 -0.0196702 -0.0128243 -0.00765769 -0.00260842 0.00328874 0.00719437 0.00546794 -0.00153106 -0.0101699 -0.0171517 -0.0210882 -0.0219569 -0.0200676 -0.0158488 -0.0104217 -0.00526098 -0.000927865 0.00339347 0.00927716 0.017737 0.0277777 0.0359805 0.0375797 0.028965 0.0103483 
-0.0146229 -0.0288667 -0.0344408 -0.0316829 -0.0267143 -0.0227598 -0.0189401 -0.0144616 -0.00875943 -0.0019301 0.00312031 0.0029056 -0.00240479 -0.00950495 -0.0153208 -0.0184011 -0.0185566 -0.0162773 -0.0124299 -0.00828997 -0.00512852 -0.00328037 -0.00166839 0.00168765 0.00800047 0.0160357 0.0222581 0.0227347 0.0156254 0.00210623 
0.0111136 -0.00197185 -0.0121721 -0.0162603 -0.0184278 -0.02077 -0.0208002 -0.0171002 -0.0104604 -0.00273251 0.00258613 0.00242627 -0.00238679 -0.0083271 -0.0127474 -0.0146895 -0.0140508 -0.0113962 -0.00802217 -0.00555366 -0.00525659 -0.00742036 -0.0107486 -0.0123834 -0.00971507 -0.00258583 0.00659283 0.0147133 0.0196026 0.0191557 
0.0689023 0.0498246 0.0257558 0.0081822 -0.00355547 -0.0121246 -0.0157292 -0.0129819 -0.00567752 0.00241018 0.00678061 0.00513955 -0.000316009 -0.00563557 -0.00887191 -0.00993913 -0.00898413 -0.00643896 -0.00375675 -0.00288629 -0.00508793 -0.0104469 -0.0174993 -0.0229405 -0.0229956 -0.0153973 0.000349298 0.0233819 0.0496246 0.0687887 
0.157307 0.123996 0.076413 0.0390704 0.015983 0.00183102 -0.00463464 -0.00284324 0.00471152 0.012611 0.0154702 0.0118759 0.00523957 -0.000302188 -0.00340265 -0.00462284 -0.00429574 -0.0025737 -0.000707086 -0.000751309 -0.00396002 -0.0101155 -0.0175652 -0.0230591 -0.0224386 -0.0115613 0.0138707 0.056406 0.109465 0.151492 
0.254549 0.202882 0.128496 0.0702972 0.0363569 0.0173184 0.00816147 0.00864846 0.0159127 0.0233298 0.024909 0.0198448 0.0121412 0.00587891 0.00211587 -3.14484e-05 -0.00107341 -0.000871921 -0.000113519 -0.000526881 -0.00329163 -0.00810202 -0.0134118 -0.0164141 -0.0128007 0.00354588 0.0405931 0.103595 0.183017 0.246164 
0.313279 0.249271 0.158698 0.0890169 0.0497797 0.0281637 0.0167585 0.0155042 0.0218434 0.0285169 0.0291923 0.0234684 0.0155042 0.0090749 0.00497975 0.00206187 -0.000466073 -0.00224445 -0.00312227 -0.00394828 -0.00548844 -0.00757935 -0.0095101 -0.00970477 -0.00389341 0.0161809 0.0611603 0.136972 0.231375 0.305333 
