0.617651 0.525035 0.394105 0.266049 0.16785 0.106669 0.0753376 0.0603215 0.0482206 0.0309512 0.00850593 -0.0129334 -0.0265646 -0.0296249 -0.0238396 -0.0128788 -0.000136503 0.0116396 0.0199277 0.0230013 0.0218458 0.021668 0.0309933 0.0589293 0.113289 0.199771 0.318107 0.453728 0.573443 0.63641 
0.57125 0.486092 0.366905 0.251228 0.16298 0.107683 0.0780655 0.0619895 0.0484053 0.0311655 0.0105546 -0.00850331 -0.0207616 -0.0241608 -0.0200571 -0.0111346 0.000292683 0.01222 0.0221213 0.027399 0.027794 0.0276536 0.0352779 0.0597803 0.108817 0.187857 0.296737 0.421797 0.531921 0.589235 
0.463412 0.397054 0.304461 0.215095 0.147067 0.103475 0.0775006 0.059765 0.0432825 0.0252189 0.00657981 -0.00944415 -0.0198889 -0.0237607 -0.0219172 -0.0156785 -0.00591197 0.00640966 0.019006 0.0285103 0.0330573 0.0350904 0.0412012 0.0592218 0.0960355 0.156944 0.242641 0.342366 0.430711 0.47697 
0.333526 0.288848 0.227367 0.169209 0.125678 0.0968663 0.076249 0.057411 0.0378257 0.0183403 0.000902802 -0.0129056 -0.0222745 -0.0271334 -0.0277697 -0.0241995 -0.0159743 -0.00308047 0.0125969 0.0271701 0.0372203 0.0429029 0.0483817 0.059547 0.0822068 0.121516 0.179274 0.248266 0.310027 0.342479 
0.215453 0.188705 0.154031 0.123757 0.103148 0.0891799 0.0750314 0.0564645 0.0345958 0.0134308 -0.0040311 -0.0171259 -0.0264 -0.0323112 -0.0347612 -0.0330348 -0.0259616 -0.0128224 0.00506452 0.0237976 0.0389388 0.0486432 0.0546342 0.0606928 0.0713753 0.0915727 0.124114 0.165115 0.202423 0.221593 
0.125009 0.110165 0.0941932 0.0843595 0.0816076 0.0802165 0.0725999 0.0556362 0.0327294 0.0100583 -0.00832312 -0.0218047 -0.0313499 -0.0376282 -0.0405775 -0.0395641 -0.0334384 -0.0211076 -0.00310094 0.0173433 0.0356113 0.0485674 0.0559197 0.0594316 0.0622081 0.0685868 0.0822176 0.102092 0.121015 0.129969 
0.0635918 0.0553595 0.0500389 0.0524763 0.0612425 0.0688346 0.0669162 0.0526483 0.0303245 0.00713543 -0.0120251 -0.0259893 -0.0354678 -0.0412092 -0.043599 -0.0427036 -0.0379138 -0.028 -0.0125389 0.00646358 0.0250257 0.0395388 0.0483361 0.0514578 0.0504317 0.048707 0.0504679 0.0570687 0.0648441 0.0678869 
0.0268131 0.0212691 0.0197708 0.026855 0.0406987 0.0533595 0.0561699 0.0459313 0.0264679 0.00475 -0.0139316 -0.0276051 -0.0363837 -0.0410451 -0.0426055 -0.0420349 -0.0394213 -0.0335227 -0.0229763 -0.00832407 0.00759014 0.0213743 0.0307028 0.0344217 0.0326572 0.0278262 0.0242925 0.0250566 0.0285785 0.0301113 
0.0089706 0.00339334 0.00032838 0.00558915 0.0188769 0.0333111 0.0403642 0.035802 0.0216799 0.00363958 -0.0130681 -0.0255673 -0.0331646 -0.0365783 -0.0374254 -0.0375118 -0.0375856 -0.0365023 -0.0321672 -0.0237612 -0.0128218 -0.00207568 0.00611659 0.0100673 0.009037 0.00461822 0.00103876 0.00205191 0.00692135 0.010625 
0.00378232 -0.00317009 -0.0110328 -0.0117697 -0.00270439 0.0115102 0.0227159 0.0249645 0.0175677 0.00419124 -0.0100802 -0.021276 -0.027667 -0.0297692 -0.0297095 -0.0300597 -0.0322447 -0.0354088 -0.0370495 -0.0352545 -0.0303022 -0.0240799 -0.0186503 -0.0157172 -0.0162063 -0.0188332 -0.0195956 -0.0147271 -0.00512641 0.00309636 
0.00524476 -0.00303487 -0.0162356 -0.0239586 -0.0200808 -0.00664843 0.00847452 0.0172298 0.0158991 0.00622012 -0.0066357 -0.0173539 -0.0229996 -0.023771 -0.022233 -0.0217191 -0.0244347 -0.0300546 -0.0360083 -0.0395926 -0.0399915 -0.0383263 -0.0363857 -0.0357107 -0.0368942 -0.0383579 -0.036123 -0.0267161 -0.0116189 0.00177164 
0.00918327 0.000238423 -0.0168393 -0.0298329 -0.029809 -0.0167218 0.00158348 0.015045 0.0174406 0.00924582 -0.00387366 -0.015223 -0.0207691 -0.0204078 -0.0170439 -0.0146717 -0.0162702 -0.0221846 -0.0300668 -0.0367757 -0.0406981 -0.0424171 -0.0436327 -0.045762 -0.048821 -0.0505103 -0.0465782 -0.0338342 -0.0144047 0.00321254 
0.0135186 0.00429215 -0.0145652 -0.0298811 -0.0312835 -0.0177409 0.00261055 0.0182932 0.0216888 0.0129438 -0.00154408 -0.0140766 -0.0199953 -0.0190463 -0.0142796 -0.0100115 -0.00970634 -0.0142961 -0.0218805 -0.0293582 -0.0348094 -0.0385596 -0.0422628 -0.0471243 -0.0524519 -0.0550918 -0.0504554 -0.0357124 -0.0137127 0.00624067 
0.0171188 0.00773971 -0.0108999 -0.0256 -0.0260815 -0.0114929 0.0096098 0.0252373 0.0276505 0.0174431 0.00161017 -0.0118711 -0.0183667 -0.0176349 -0.012574 -0.007311 -0.00530493 -0.0078146 -0.0135471 -0.0200106 -0.0256288 -0.0307663 -0.0368318 -0.0443926 -0.0517844 -0.0550628 -0.0496256 -0.0334297 -0.0102957 0.0100152 
0.0193906 0.0104932 -0.00595847 -0.0177094 -0.0158193 -0.00034476 0.0199988 0.0337781 0.0342304 0.0227513 0.00642959 -0.00730349 -0.0143794 -0.0146044 -0.0103948 -0.00522065 -0.0020975 -0.00234992 -0.00537318 -0.00975401 -0.0148735 -0.0214527 -0.030413 -0.0410849 -0.0503833 -0.0536482 -0.0468171 -0.0292718 -0.00601635 0.0132449 
0.0212894 0.0142483 0.00179953 -0.00572456 -0.0014622 0.0135421 0.0311021 0.0414318 0.0395084 0.0274652 0.0117921 -0.00133151 -0.00870917 -0.0101193 -0.00725117 -0.00266622 0.00126228 0.00327794 0.00332667 0.00159036 -0.00259982 -0.0106218 -0.0228914 -0.0371181 -0.0483891 -0.0513318 -0.0428882 -0.0243339 -0.001783 0.0157978 
0.0255446 0.0214549 0.0137274 0.0100798 0.0151086 0.0271967 0.0395504 0.0449207 0.0404048 0.0285584 0.0146292 0.003081 -0.00388424 -0.00595987 -0.004048 0.000203211 0.00503947 0.00930295 0.0124369 0.0136006 0.0108971 0.00211444 -0.0128983 -0.0303076 -0.0433088 -0.0458316 -0.0359853 -0.0169949 0.00423573 0.0200306 
0.0345031 0.03285 0.0285409 0.0266509 0.0298154 0.0364034 0.0416428 0.0412224 0.0342965 0.023419 0.0121829 0.00318128 -0.0023685 -0.00410877 -0.0022922 0.00218166 0.00806617 0.0143243 0.0201345 0.0240508 0.0233222 0.0149863 -0.00111986 -0.0201026 -0.0336949 -0.0352997 -0.0240605 -0.00483701 0.0149607 0.0290075 
0.0473933 0.0461516 0.0424422 0.039369 0.0382381 0.0378424 0.0355844 0.0298737 0.0214298 0.012364 0.00450366 -0.00126551 -0.00457215 -0.00509716 -0.00269902 0.00223613 0.00886437 0.0163161 0.0237297 0.0294887 0.0305604 0.0236603 0.00852561 -0.00959767 -0.0218686 -0.0215523 -0.00848773 0.0113986 0.0303034 0.0427596 
0.0599472 0.0574226 0.0519732 0.0456605 0.0391725 0.031986 0.0234414 0.0140312 0.00534545 -0.001263 -0.00554721 -0.0079363 -0.00869023 -0.00762961 -0.00449525 0.000602716 0.00712585 0.0143932 0.0216431 0.027466 0.0292296 0.0240158 0.0115374 -0.00344281 -0.0126817 -0.00980036 0.00520345 0.0261773 0.0450828 0.0566044 
0.0669279 0.0634338 0.0560435 0.046447 0.0352959 0.0228867 0.0100923 -0.00125083 -0.009274 -0.0134258 -0.0145972 -0.0140355 -0.0124238 -0.00982289 -0.00609441 -0.00129187 0.00421424 0.00987255 0.0150796 0.0189551 0.0199203 0.0160729 0.00711129 -0.00356136 -0.00942263 -0.00480017 0.0108966 0.0324074 0.051934 0.0638166 
0.0655137 0.0629466 0.0551511 0.0437706 0.0298587 0.0145882 -0.000128989 -0.0118615 -0.0189054 -0.0213171 -0.020504 -0.0179662 -0.014571 -0.0106493 -0.0063419 -0.00186202 0.00236338 0.00576082 0.00789651 0.00865365 0.00789887 0.00501981 -0.000483261 -0.00722783 -0.0110677 -0.00706576 0.00672634 0.0270459 0.0470518 0.0606223 
0.0569537 0.0567364 0.0498531 0.0381942 0.0236492 0.0082595 -0.0056706 -0.0160203 -0.0217735 -0.0234079 -0.0221858 -0.0191941 -0.0150694 -0.010241 -0.00515711 -0.000411347 0.00319812 0.00485706 0.00427327 0.00214696 -0.000257287 -0.00245782 -0.00537044 -0.00972526 -0.0136807 -0.0128236 -0.00346807 0.0136917 0.0333345 0.0490244 
0.0451002 0.0467543 0.0405554 0.0291355 0.0156734 0.00296546 -0.00710798 -0.0138193 -0.0175326 -0.0191211 -0.0191457 -0.0175807 -0.0142417 -0.00926949 -0.0033117 0.00247178 0.00659142 0.00777564 0.00579487 0.00198423 -0.00144641 -0.00338072 -0.0051213 -0.00888785 -0.0144443 -0.0177199 -0.0136207 -0.000570359 0.0177142 0.0347199 
0.0327923 0.0345362 0.0279137 0.0168192 0.00593636 -0.00153918 -0.00502162 -0.00612211 -0.00710944 -0.00920533 -0.0118568 -0.0134109 -0.012377 -0.00824346 -0.0017113 0.00540941 0.0107692 0.0125387 0.0104526 0.00613332 0.00210792 -0.000307285 -0.00245231 -0.00696401 -0.0142741 -0.0206824 -0.0206129 -0.0112063 0.00506567 0.0218663 
0.0194312 0.0199868 0.0127484 0.00301661 -0.00336717 -0.00351735 0.00111141 0.00617766 0.00762209 0.00426701 -0.00189634 -0.00745167 -0.00956019 -0.00702302 -0.000563147 0.00740475 0.0137659 0.01624 0.0144888 0.010091 0.00536718 0.00156921 -0.00224963 -0.00816689 -0.0165377 -0.0242169 -0.0261674 -0.0193375 -0.00541617 0.0097375 
0.00258121 0.0022375 -0.0040635 -0.0100382 -0.00958596 -0.0010462 0.0116595 0.0217751 0.0242687 0.0187437 0.00885432 -0.000480213 -0.00551524 -0.00472424 0.00101298 0.00881145 0.0151032 0.0174394 0.0154915 0.0106574 0.00482353 -0.00092631 -0.00695219 -0.0143514 -0.0231096 -0.0308169 -0.0335947 -0.0288447 -0.0176982 -0.00516065 
-0.0177576 -0.0178835 -0.0211744 -0.0211169 -0.0123479 0.00489277 0.0242985 0.0375264 0.0396215 0.0315936 0.0187067 0.00685601 4.44154e-05 -0.000378104 0.00436041 0.0110711 0.0161003 0.0171499 0.0140723 0.00819015 0.00104602 -0.00645087 -0.014233 -0.022634 -0.0314194 -0.0389927 -0.0427094 -0.0404943 -0.0328508 -0.0235719 
-0.0369056 -0.0365181 -0.0363277 -0.030235 -0.0141678 0.00972823 0.0334434 0.0480545 0.0493774 0.0398397 0.0257991 0.0134751 0.00658416 0.00595177 0.00992221 0.0151951 0.0183363 0.0174328 0.0126888 0.00558795 -0.00240783 -0.0105402 -0.018694 -0.0270147 -0.0354169 -0.0430884 -0.0483504 -0.0494139 -0.0460239 -0.0405975 
-0.0479456 -0.0482556 -0.0465142 -0.037324 -0.0178177 0.00867706 0.0336027 0.0483884 0.0497415 0.0408349 0.0282046 0.0177183 0.0124671 0.0126611 0.0163302 0.0203154 0.0216418 0.0189088 0.0127689 0.00506443 -0.00259389 -0.00960372 -0.0161932 -0.0228832 -0.0300632 -0.037594 -0.0444211 -0.0488369 -0.0498848 -0.0487478 
-0.0464919 -0.0491919 -0.0488823 -0.0408808 -0.0230356 0.00122651 0.0240668 0.0379941 0.040368 0.0341733 0.0251556 0.0182515 0.0157412 0.0172995 0.0208929 0.0238016 0.0237024 0.0197506 0.0130445 0.00584335 -1.10726e-05 -0.00412065 -0.00731419 -0.0108184 -0.0156331 -0.0221146 -0.0295514 -0.0362757 -0.040914 -0.0438006 
-0.0334203 -0.0391394 -0.0421738 -0.0385076 -0.0262224 -0.00794791 0.01012 0.0220047 0.0254687 0.0226624 0.0179462 0.0150035 0.0152427 0.0179354 0.0212319 0.0230807 0.021902 0.0173585 0.0108944 0.00510954 0.00203854 0.00184724 0.00305238 0.00366936 0.00214787 -0.00214183 -0.00862696 -0.0157592 -0.0221393 -0.0277135 
-0.0136921 -0.0215811 -0.0278617 -0.0291743 -0.0236296 -0.0127302 -0.000759288 0.00789737 0.0113315 0.0107836 0.00922666 0.00914364 0.011156 0.0142515 0.0168791 0.0176869 0.0157575 0.0111048 0.00533138 0.00120587 0.000881325 0.00437156 0.00972371 0.0143884 0.0164552 0.0152245 0.0112338 0.0057544 -0.000164857 -0.00645833 
0.00690411 -0.00182023 -0.0100499 -0.0150427 -0.0149966 -0.0105249 -0.0043668 0.000411662 0.00228324 0.00194345 0.00143891 0.00241529 0.00493112 0.00778808 0.00968737 0.0098004 0.00764389 0.0033554 -0.00154952 -0.0043681 -0.00290158 0.00292075 0.0110751 0.0188237 0.0241349 0.0263377 0.0258785 0.0235284 0.019691 0.0142349 
0.0239749 0.014996 0.00585408 -0.00114915 -0.00441078 -0.00415039 -0.00225357 -0.000949318 -0.00137592 -0.00296314 -0.00405617 -0.0034057 -0.00122345 0.00121694 0.00276214 0.00285028 0.00117074 -0.00223079 -0.00616335 -0.00823764 -0.00628116 8.70039e-05 0.00924971 0.0187181 0.0265471 0.032052 0.0353863 0.0365907 0.0352629 0.0310186 
0.0346017 0.0249165 0.0149845 0.00697577 0.00228717 0.000678992 0.000494152 -0.000145399 -0.00212527 -0.00485313 -0.00680962 -0.00685865 -0.00520181 -0.00301084 -0.00132397 -0.000627883 -0.00125815 -0.00340072 -0.00633662 -0.00816072 -0.00679142 -0.00137249 0.00722875 0.0170982 0.026503 0.034634 0.0411531 0.045264 0.0457621 0.0420301 
0.0369692 0.0258868 0.0149059 0.00635109 0.00148832 -0.000132552 -0.000272429 -0.000771386 -0.00248745 -0.0049663 -0.00691406 -0.00725242 -0.00595495 -0.00385131 -0.00177618 -0.00022075 0.000338864 -0.00056475 -0.00269013 -0.00463871 -0.00446134 -0.000838122 0.00616763 0.0153085 0.0251082 0.0345998 0.0429475 0.048639 0.0498168 0.0456369 
0.0311588 0.0187426 0.00693901 -0.00167733 -0.00591785 -0.00643174 -0.00509539 -0.00377935 -0.00348692 -0.00416503 -0.00499063 -0.00502758 -0.00390076 -0.00189219 0.000486842 0.00272532 0.00415522 0.0040582 0.00232121 -5.17488e-05 -0.00126258 0.000303785 0.00517677 0.0126487 0.0214966 0.0307092 0.0392036 0.0450955 0.0461099 0.0411355 
0.0200612 0.00743186 -0.00425208 -0.0123071 -0.0156147 -0.0148546 -0.0117789 -0.00813681 -0.00510112 -0.00318181 -0.00221824 -0.00153798 -0.000432079 0.00141316 0.00384527 0.00633219 0.00803017 0.00807509 0.00619107 0.00315376 0.000606376 0.00024553 0.00288563 0.00812467 0.0149371 0.02243 0.0296492 0.0348003 0.0354929 0.0303135 
0.00839393 -0.00280936 -0.0132067 -0.0202974 -0.0230252 -0.0218206 -0.0179278 -0.0126861 -0.00732008 -0.00290523 -1.16423e-05 0.00164585 0.0029474 0.00465249 0.00688616 0.00910596 0.0103899 0.00989721 0.00739241 0.00357899 -4.00131e-05 -0.00184032 -0.000977551 0.00219984 0.00670918 0.0118127 0.0169702 0.0209339 0.021589 0.0173013 
0.000172403 -0.00828248 -0.0166032 -0.0227698 -0.0257581 -0.0254674 -0.0222784 -0.0168417 -0.0102569 -0.00404456 0.000547324 0.00332437 0.00509192 0.00678068 0.00864431 0.0101572 0.0104645 0.00893566 0.00555886 0.00110345 -0.00302584 -0.0053573 -0.00520001 -0.00309308 -0.000220422 0.00269451 0.00560996 0.00816712 0.00897034 0.00641002 
-0.00296814 -0.00813067 -0.0141539 -0.0196753 -0.0236635 -0.0253488 -0.0241235 -0.0198545 -0.0133823 -0.00645541 -0.000794219 0.00295276 0.00531404 0.00711387 0.00857474 0.00919769 0.00829668 0.0055758 0.00138334 -0.00331534 -0.00715236 -0.00886617 -0.00807954 -0.00572747 -0.0034012 -0.00198601 -0.00109912 -7.56428e-05 0.000744509 9.06291e-05 
-0.00146466 -0.00343024 -0.00727416 -0.0122974 -0.0174303 -0.0213058 -0.0225228 -0.0203281 -0.0152513 -0.00896968 -0.0033083 0.00082097 0.00359938 0.00555114 0.00673035 0.00662334 0.00470393 0.00101329 -0.00368695 -0.00813869 -0.0109606 -0.0111647 -0.00881656 -0.00533152 -0.00272164 -0.00207488 -0.00272235 -0.00310094 -0.00243267 -0.00142536 
0.00319478 0.00406135 0.00224069 -0.00212441 -0.00792944 -0.0134435 -0.0168725 -0.0171484 -0.014476 -0.0101427 -0.00567264 -0.00198379 0.000795547 0.0028089 0.00386491 0.00337697 0.000893859 -0.00330773 -0.00810774 -0.011951 -0.0134445 -0.0119221 -0.00791738 -0.00322205 -5.87828e-05 0.000395589 -0.00106566 -0.00232861 -0.00172932 0.000647275 
0.00885746 0.0120285 0.0120882 0.00874448 0.00305086 -0.00320567 -0.00823164 -0.0108866 -0.0110203 -0.00931348 -0.00675575 -0.0041197 -0.00177536 7.25269e-05 0.00101554 0.00039821 -0.00221746 -0.00644807 -0.0109629 -0.0140296 -0.0143176 -0.0114895 -0.00643338 -0.00105569 0.0025256 0.00319758 0.00169341 0.000228814 0.000955917 0.00435071 
0.0128789 0.0175195 0.0191698 0.017193 0.0124071 0.00634201 0.000536525 -0.0038782 -0.00636264 -0.00697786 -0.00622566 -0.00476044 -0.00313363 -0.00176794 -0.00114856 -0.00190086 -0.00443323 -0.00834864 -0.012289 -0.0145433 -0.013962 -0.0105045 -0.00522012 0.00016359 0.00389966 0.00502958 0.00404338 0.00284484 0.00366009 0.00740988 
0.0130355 0.0180504 0.0207871 0.0203507 0.0171154 0.0120943 0.0064568 0.00134105 -0.00234687 -0.00422007 -0.00452997 -0.00394066 -0.00312666 -0.00255196 -0.00258831 -0.0036869 -0.00616127 -0.00964674 -0.0129088 -0.0144336 -0.0133435 -0.00984251 -0.00497413 -9.53883e-05 0.00354897 0.00517877 0.00492401 0.00410087 0.00467394 0.00786398 
0.00881539 0.013234 0.016486 0.0175442 0.0162352 0.0129164 0.00834707 0.00366686 4.28932e-05 -0.00191812 -0.00244815 -0.00232356 -0.00228895 -0.00270874 -0.0036938 -0.00541018 -0.00802242 -0.0112168 -0.0139589 -0.0150016 -0.0137384 -0.0105499 -0.00640339 -0.00226539 0.00110665 0.00311291 0.00352953 0.00300068 0.00302387 0.00495182 
0.0018991 0.00519895 0.00847774 0.0107385 0.0113374 0.010002 0.00706945 0.00359697 0.000855014 -0.00048875 -0.000736978 -0.000793127 -0.00144107 -0.00289559 -0.00495729 -0.00747499 -0.0104564 -0.0136494 -0.0162222 -0.0171483 -0.0159901 -0.0132165 -0.00973758 -0.00626298 -0.00319405 -0.000952747 -2.65241e-07 -0.000276486 -0.000812589 -0.000287378 
-0.00462248 -0.00259684 0.000267947 0.00314834 0.00514609 0.00553229 0.00425234 0.00216052 0.000476282 -0.00013486 -1.1306e-05 -0.000134586 -0.0013202 -0.00365871 -0.00667851 -0.00995533 -0.0133797 -0.0167743 -0.0194733 -0.0205677 -0.019642 -0.0171503 -0.0139918 -0.010809 -0.00783159 -0.005329 -0.0038634 -0.00380047 -0.00465947 -0.00526121 
-0.00782303 -0.00715783 -0.00519395 -0.00252282 -6.69787e-05 0.00124265 0.00106909 5.79655e-07 -0.000901994 -0.001001 -0.000617167 -0.000757521 -0.00226642 -0.00515528 -0.0087564 -0.0124577 -0.0160956 -0.0195843 -0.022392 -0.0236523 -0.0228626 -0.0203714 -0.0170754 -0.0136767 -0.010386 -0.00737901 -0.00525869 -0.00470638 -0.00565891 -0.00710704 
-0.00649747 -0.00734182 -0.00675736 -0.00514366 -0.00330106 -0.0021133 -0.00201388 -0.0026424 -0.00315043 -0.00297698 -0.00242738 -0.00250697 -0.00407165 -0.00708108 -0.0107464 -0.0143518 -0.0177284 -0.020889 -0.0234323 -0.0245354 -0.0235942 -0.0208044 -0.0170159 -0.0130012 -0.00902073 -0.00523207 -0.00230516 -0.00120126 -0.0022086 -0.00444943 
-0.00177777 -0.00423349 -0.00532671 -0.0053431 -0.00489875 -0.00464746 -0.00493151 -0.00553509 -0.0058589 -0.00550311 -0.00480216 -0.00473469 -0.00612463 -0.00888826 -0.0121808 -0.0152439 -0.017911 -0.0202704 -0.0220545 -0.0225406 -0.0210902 -0.017761 -0.0133072 -0.00852117 -0.00372599 0.000875998 0.0045146 0.00599587 0.00477151 0.00164634 
0.00362365 -0.000350404 -0.00313227 -0.00492419 -0.00611233 -0.00702055 -0.00780073 -0.00835076 -0.00838166 -0.00775035 -0.0068567 -0.00660085 -0.00770639 -0.0100458 -0.0127807 -0.0151542 -0.0169776 -0.0183495 -0.0191025 -0.018652 -0.0164114 -0.0123694 -0.00719579 -0.00169045 0.00373799 0.00880493 0.012681 0.0140896 0.0123809 0.00832948 
0.00685189 0.00165896 -0.00255467 -0.00586255 -0.00835816 -0.0100195 -0.0108362 -0.0108732 -0.0102225 -0.00906116 -0.00786138 -0.00738365 -0.00818389 -0.0100881 -0.0123217 -0.0141737 -0.0154055 -0.0160368 -0.0159073 -0.0145367 -0.0114387 -0.00662554 -0.000763611 0.00527866 0.0109473 0.0158569 0.0192298 0.0199457 0.0174667 0.0125628 
0.00602279 -1.45304e-05 -0.00520266 -0.00941897 -0.0124528 -0.014038 -0.0141404 -0.0130634 -0.0112756 -0.00924996 -0.00751751 -0.00668378 -0.00711827 -0.00860669 -0.0104798 -0.0121142 -0.0132112 -0.0136309 -0.013103 -0.0111655 -0.00743402 -0.0020212 0.00431903 0.010579 0.0160068 0.0201074 0.0222525 0.0216806 0.0181509 0.0124569 
0.00087234 -0.00574017 -0.0113316 -0.0155772 -0.0181105 -0.0186784 -0.0174176 -0.014866 -0.0117069 -0.00856217 -0.0060008 -0.00454213 -0.00443673 -0.00546039 -0.00706336 -0.00872248 -0.0100755 -0.0107807 -0.0103812 -0.00836864 -0.00444874 0.00113028 0.00749722 0.0135118 0.0182465 0.0211075 0.0216224 0.0194154 0.0145855 0.00798422 
-0.00686221 -0.0140002 -0.0194829 -0.0228739 -0.0239589 -0.0228446 -0.0200025 -0.0160847 -0.0117008 -0.00739946 -0.00377529 -0.00140317 -0.000557719 -0.0010566 -0.0024432 -0.00425071 -0.00603352 -0.00725277 -0.00727603 -0.00555266 -0.00187924 0.00337142 0.00925526 0.0145913 0.0183837 0.0199829 0.0189865 0.0152223 0.00897966 0.00118378 
-0.0138421 -0.0216283 -0.0267896 -0.0289041 -0.0281952 -0.0253641 -0.0212509 -0.0164496 -0.0112447 -0.00595273 -0.00121708 0.00217646 0.00378032 0.00369973 0.00237612 0.000323782 -0.00188927 -0.00357631 -0.00401638 -0.00267267 0.000575634 0.00528557 0.0105107 0.0151135 0.0181263 0.0188888 0.0169664 0.0121368 0.00464 -0.00454668 
-0.0168134 -0.0253285 -0.0303571 -0.0315276 -0.0295183 -0.0255648 -0.0207646 -0.0155674 -0.0099081 -0.00389278 0.00172983 0.00588314 0.00789063 0.00781157 0.00619252 0.00371974 0.00111431 -0.000870008 -0.00153953 -0.000422199 0.00256889 0.00700985 0.0119929 0.0163927 0.0192214 0.0197901 0.0176098 0.0123305 0.00403219 -0.00631282 
-0.0147297 -0.0237893 -0.0290681 -0.0301075 -0.0277229 -0.023367 -0.0182614 -0.0128256 -0.00688633 -0.000513357 0.00541873 0.0096197 0.0112845 0.0105352 0.00813722 0.00502457 0.00206125 -1.88222e-05 -0.000641688 0.000576846 0.00374961 0.00854751 0.0140894 0.0191156 0.0224184 0.0231899 0.0210025 0.0156153 0.00710331 -0.00364818 
-0.00959781 -0.0187341 -0.0244403 -0.0259368 -0.0237458 -0.0192229 -0.0137102 -0.0078749 -0.00177349 0.00440164 0.00974516 0.0129913 0.0134318 0.0113839 0.00787196 0.00405525 0.000888076 -0.000971022 -0.00111385 0.000717254 0.00462863 0.0103596 0.0170102 0.0230775 0.0269827 0.0277486 0.0252074 0.019621 0.0113549 0.00112296 
-0.00529084 -0.01394 -0.0197661 -0.0215471 -0.0193123 -0.0142526 -0.00796693 -0.00161092 0.00435237 0.00961558 0.013441 0.0148708 0.0135152 0.00995807 0.00542133 0.00118705 -0.00175835 -0.0028344 -0.00181903 0.00129884 0.00641201 0.0131591 0.020609 0.0271454 0.0309687 0.0310351 0.0275478 0.0214468 0.0135475 0.00436957 
-0.00526954 -0.0129351 -0.0181119 -0.019304 -0.0162401 -0.0101386 -0.00298039 0.00360182 0.00887114 0.0125884 0.0143688 0.0137191 0.0106439 0.0059529 0.000943477 -0.00308855 -0.00515019 -0.00470938 -0.00176518 0.00324521 0.00968295 0.0168673 0.0239322 0.0295578 0.032186 0.0309085 0.0261606 0.0192993 0.011492 0.003199 
-0.010854 -0.017086 -0.0206249 -0.0201471 -0.0155398 -0.00831036 -0.000773135 0.00527812 0.00921126 0.0110919 0.0109377 0.00865615 0.00453613 -0.000515304 -0.00523759 -0.00837962 -0.00893876 -0.00641471 -0.00108037 0.00601036 0.0134678 0.0201928 0.025566 0.0290108 0.0296622 0.0268549 0.0209085 0.0131007 0.00478059 -0.00332108 
-0.0209606 -0.0252512 -0.0262152 -0.0232492 -0.0168555 -0.00894983 -0.00191758 0.00275912 0.00494695 0.00513804 0.00362893 0.000512641 -0.0038253 -0.00850054 -0.0123473 -0.0141776 -0.0129885 -0.00832917 -0.000760217 0.00806805 0.0160797 0.0218449 0.0250868 0.0260772 0.0247127 0.0204873 0.0133282 0.00415377 -0.00547816 -0.0141486 
-0.0330223 -0.0348081 -0.0325284 -0.0267329 -0.0187682 -0.0108284 -0.00498191 -0.00202374 -0.00144667 -0.00244985 -0.00468983 -0.00807276 -0.0121954 -0.0162065 -0.0190358 -0.0195824 -0.016891 -0.0105887 -0.0014423 0.00854904 0.0169418 0.0221308 0.0240091 0.0232939 0.0202832 0.0145025 0.0055751 -0.00573766 -0.0174075 -0.0270455 
-0.0442659 -0.0430803 -0.0373499 -0.0289088 -0.0198268 -0.0122129 -0.00747621 -0.00567698 -0.00593071 -0.00747905 -0.010141 -0.0138172 -0.0179525 -0.0216034 -0.0237602 -0.0234552 -0.0198455 -0.012636 -0.00264497 0.00811039 0.0171612 0.0227735 0.0245917 0.0231016 0.0185335 0.0105041 -0.00117224 -0.0153478 -0.0292605 -0.0396122 
-0.0527362 -0.0484318 -0.0396661 -0.0292603 -0.0195229 -0.0120279 -0.00742926 -0.00542386 -0.00533231 -0.00684693 -0.010006 -0.0144987 -0.019347 -0.0233324 -0.0254584 -0.0249301 -0.0210581 -0.0135961 -0.00327879 0.0080711 0.0181151 0.0248987 0.0274098 0.0253906 0.0187771 0.00757015 -0.00758378 -0.0246335 -0.0400686 -0.0501342 
-0.0577171 -0.0506806 -0.0399331 -0.0285669 -0.0184373 -0.0102994 -0.00434339 -0.000564331 0.000928036 -0.000211108 -0.00410179 -0.00997228 -0.0162176 -0.0212222 -0.0239489 -0.023771 -0.0201631 -0.0129187 -0.00265815 0.00900695 0.0198383 0.0275777 0.0304429 0.0273587 0.0180547 0.00323599 -0.0151972 -0.0340891 -0.0494653 -0.0578028 
-0.0593668 -0.0506095 -0.0393343 -0.0280062 -0.0174425 -0.00767478 0.000946378 0.00749417 0.0108427 0.0101605 0.00548441 -0.0018797 -0.00974903 -0.0161175 -0.0198282 -0.0203471 -0.0173135 -0.010622 -0.000868147 0.0104455 0.0211259 0.0287043 0.0308898 0.0260991 0.0140667 -0.00372561 -0.0241612 -0.0431683 -0.0567394 -0.0622002 
-0.0579074 -0.0488262 -0.038397 -0.0277979 -0.016624 -0.00462388 0.00704749 0.0162677 0.0211709 0.0208902 0.0157796 0.00744444 -0.00169695 -0.00937259 -0.0141782 -0.0155062 -0.0131378 -0.00719059 0.00159774 0.0117177 0.0210588 0.027227 0.0279121 0.0214639 0.00772471 -0.011345 -0.0319114 -0.0494457 -0.0602435 -0.0627078 
-0.0532439 -0.0450127 -0.0361843 -0.0265905 -0.0148889 -0.00102956 0.0127693 0.0234587 0.029053 0.0291112 0.0242483 0.015882 0.006161 -0.00255278 -0.00844215 -0.0105763 -0.00878553 -0.00351002 0.00419635 0.0127161 0.0201054 0.0243643 0.0236255 0.0165068 0.00287331 -0.0153885 -0.0344575 -0.0498457 -0.0582041 -0.0587071 
-0.0454828 -0.0384711 -0.0311066 -0.0224304 -0.010727 0.00361924 0.0176096 0.0279312 0.033115 0.0333811 0.0293613 0.0217853 0.012098 0.00259732 -0.00435788 -0.00726953 -0.00584921 -0.000851228 0.00625784 0.0136627 0.0195939 0.0225797 0.0213967 0.0150385 0.00322555 -0.0127164 -0.0295725 -0.0432159 -0.0504331 -0.0505117 
-0.0356329 -0.0293704 -0.0226705 -0.0145523 -0.00347484 0.00977432 0.0219667 0.0301886 0.0338629 0.0338643 0.0306319 0.0239925 0.0145337 0.00439202 -0.00355327 -0.00715616 -0.00586074 -0.000602338 0.00679346 0.0142754 0.0201326 0.0232522 0.0228852 0.0182904 0.00899099 -0.00432341 -0.0191887 -0.0319145 -0.0391973 -0.0398916 
-0.0253027 -0.0189921 -0.0120731 -0.0040082 0.0062573 0.0176207 0.0269823 0.032105 0.0333191 0.0320614 0.0286349 0.0221962 0.0126605 0.00195115 -0.00676015 -0.010858 -0.00949752 -0.00360988 0.00481708 0.0135516 0.0207651 0.0253155 0.0264963 0.02363 0.0162351 0.00480876 -0.00858748 -0.020641 -0.0280516 -0.0292361 
-0.015447 -0.00848097 -0.000832441 0.00761993 0.0174124 0.0271423 0.0338268 0.035733 0.0338365 0.0300686 0.0249138 0.0174095 0.00719034 -0.0040582 -0.0132152 -0.0175416 -0.0160143 -0.00942906 0.000272095 0.0107665 0.019959 0.0263121 0.0287768 0.0266444 0.0198138 0.00929229 -0.00270442 -0.0132224 -0.0194462 -0.0199142 
-0.00587929 0.00202549 0.0104937 0.0194965 0.0291825 0.0378708 0.0425538 0.0416726 0.0364957 0.0293611 0.0212498 0.0116094 0.000175773 -0.0115918 -0.0208931 -0.025164 -0.0233529 -0.01612 -0.00531652 0.00663957 0.0173112 0.0246672 0.0272876 0.0245764 0.0171827 0.00712543 -0.00287038 -0.0103147 -0.0134727 -0.0117062 
0.00336894 0.0122102 0.0213408 0.0307387 0.0402963 0.0481761 0.051363 0.0483006 0.0402684 0.029826 0.0185128 0.00644129 -0.00631268 -0.018445 -0.02756 -0.0314024 -0.0290196 -0.0210793 -0.0095137 0.00303448 0.013824 0.0205943 0.0219502 0.0177361 0.00948301 0.000205145 -0.00694444 -0.0101242 -0.00902126 -0.00417619 
0.010645 0.0199494 0.0293566 0.0388459 0.0480991 0.0552421 0.0573656 0.0529076 0.0429885 0.0301461 0.0163169 0.00228644 -0.0114013 -0.0234702 -0.031885 -0.0347519 -0.0313612 -0.0226143 -0.01077 0.0011973 0.0104412 0.0149858 0.0140465 0.00819972 -0.00033392 -0.00804874 -0.0118152 -0.0106224 -0.00552559 0.00191471 
0.0137474 0.0222353 0.0311191 0.0404238 0.0496008 0.0566521 0.0586747 0.0540127 0.0435057 0.0294888 0.0141285 -0.00115109 -0.0152176 -0.0266662 -0.0337759 -0.0351273 -0.0304565 -0.0210939 -0.00971737 0.00047088 0.0068681 0.00828543 0.00496138 -0.00174701 -0.00934812 -0.0145438 -0.0148202 -0.0101605 -0.00269321 0.00549755 
0.0124643 0.0181201 0.02524 0.0341064 0.0439166 0.052247 0.0558005 0.0525299 0.0428339 0.028746 0.0126007 -0.00350582 -0.0176979 -0.0282772 -0.0338242 -0.0335587 -0.0278615 -0.018546 -0.00854599 -0.000960121 0.00221995 0.000840091 -0.00381463 -0.00983116 -0.0148997 -0.0165361 -0.0133881 -0.00660766 0.000928269 0.00720556 
0.0088241 0.00978042 0.0139729 0.0221206 0.0331793 0.0440701 0.050746 0.0504442 0.0428946 0.0296863 0.0132544 -0.00360105 -0.0181255 -0.0281722 -0.0325727 -0.0312564 -0.0253069 -0.0169135 -0.00897041 -0.00412125 -0.00353705 -0.00639029 -0.0106158 -0.0140797 -0.0150037 -0.0121379 -0.0057144 0.00180556 0.00712978 0.00891981 
0.00417291 5.79829e-05 0.00120633 0.00857957 0.0209021 0.0345918 0.0449842 0.048567 0.0441913 0.0327374 0.0165445 -0.000966657 -0.0161398 -0.0262824 -0.0303536 -0.0288713 -0.0234851 -0.0165846 -0.0108335 -0.00829452 -0.00934025 -0.0123428 -0.0147143 -0.0143368 -0.0101897 -0.00253542 0.00656684 0.0134026 0.0147374 0.0105276 
-0.00306817 -0.0104198 -0.010713 -0.00342794 0.00981597 0.0254177 0.0387695 0.0460075 0.0450933 0.0359675 0.0206214 0.00288617 -0.0128309 -0.0233285 -0.0275739 -0.0264405 -0.0219139 -0.0164675 -0.0125704 -0.01185 -0.0140469 -0.0168524 -0.017222 -0.0131212 -0.00440286 0.00704155 0.0173817 0.0220281 0.0184187 0.00831772 
-0.0155333 -0.0229616 -0.0219112 -0.0131679 0.000980113 0.0173093 0.032042 0.0416158 0.043428 0.0365433 0.0224945 0.00527283 -0.0102683 -0.0206193 -0.0247443 -0.0237004 -0.0196491 -0.0151445 -0.0126279 -0.0135196 -0.0170934 -0.0204088 -0.0199474 -0.0137456 -0.00249818 0.0104685 0.0200087 0.0212544 0.012773 -0.00174298 
-0.0327483 -0.0378614 -0.0332665 -0.0215184 -0.00599701 0.0103892 0.0250289 0.0352115 0.0383359 0.0329975 0.0203766 0.00442254 -0.00991041 -0.0190808 -0.0221544 -0.0203593 -0.0160254 -0.0118491 -0.0103463 -0.0128281 -0.0181948 -0.0229859 -0.023319 -0.0173143 -0.00626838 0.00564361 0.0127282 0.0103483 -0.00188223 -0.0188583 
-0.0495326 -0.0523043 -0.0442393 -0.029333 -0.012248 0.00399505 0.0177187 0.0272466 0.0304616 0.0259463 0.0147027 0.000526258 -0.0117532 -0.0187538 -0.0197749 -0.0163314 -0.0110284 -0.00674595 -0.00601289 -0.00995025 -0.0171391 -0.0238373 -0.0260638 -0.0220479 -0.01328 -0.00398724 0.000366932 -0.00445681 -0.0184874 -0.0362758 
-0.0589537 -0.061423 -0.0523499 -0.0361986 -0.0185899 -0.00295071 0.00953836 0.0180498 0.0210244 0.0171488 0.00727934 -0.00495175 -0.0148316 -0.019141 -0.0174922 -0.0118448 -0.00521472 -0.000650046 -0.000520462 -0.00560148 -0.0142132 -0.0225967 -0.0269149 -0.0254702 -0.0195299 -0.0127274 -0.00982502 -0.0148324 -0.0283417 -0.0457456 
-0.0569773 -0.061366 -0.0544964 -0.04026 -0.0244294 -0.0105812 0.000426784 0.0082586 0.0115093 0.00862236 0.000158367 -0.0103155 -0.0179797 -0.019623 -0.0151876 -0.00721412 0.000764624 0.00557511 0.00516793 -0.000770647 -0.0103494 -0.0199441 -0.025938 -0.0266011 -0.0227257 -0.0170879 -0.0136643 -0.0164926 -0.0273496 -0.0432703 
-0.0446449 -0.0514531 -0.0486187 -0.0388958 -0.0272752 -0.0167285 -0.00756351 4.64574e-05 0.00421334 0.00259067 -0.00472377 -0.0140377 -0.0201267 -0.0196021 -0.0127179 -0.00266757 0.00644723 0.0113544 0.0104001 0.00377477 -0.00644366 -0.0168043 -0.0238961 -0.0258902 -0.0230572 -0.0173527 -0.0120613 -0.0113 -0.0180423 -0.0311448 
-0.0265057 -0.0338863 -0.0343676 -0.0296836 -0.0234273 -0.017161 -0.010244 -0.00287856 0.00208491 0.00119602 -0.00587765 -0.0150994 -0.0206538 -0.0188871 -0.0103277 0.00121022 0.0110886 0.0159593 0.014571 0.00760517 -0.00272298 -0.013233 -0.0208362 -0.02369 -0.0215978 -0.0157573 -0.008747 -0.00447431 -0.0065659 -0.0153492 
-0.00750551 -0.01217 -0.0131028 -0.0116908 -0.0101049 -0.00809849 -0.00381794 0.00247849 0.00693348 0.00518473 -0.00321775 -0.0137391 -0.0200321 -0.0182605 -0.00917386 0.00295709 0.0131164 0.0179569 0.0166313 0.0102558 0.0010248 -0.00846325 -0.0158161 -0.0194116 -0.0186039 -0.0137363 -0.00648185 -5.35776e-05 0.00205429 -0.00130603 
0.00883444 0.00980453 0.0117902 0.0128464 0.0117106 0.0102979 0.0116566 0.0155456 0.0174618 0.012755 0.00134739 -0.0117038 -0.0198326 -0.0192643 -0.0109081 0.000797041 0.0107512 0.015768 0.0154186 0.0111474 0.00485684 -0.00190163 -0.00793462 -0.0121047 -0.0132642 -0.0107214 -0.00505118 0.00158987 0.00650855 0.00848963 
0.0204508 0.0279627 0.0348549 0.0379106 0.0360926 0.032496 0.0310673 0.0315958 0.0293958 0.0202441 0.00489797 -0.0111539 -0.0215629 -0.0229349 -0.016275 -0.00583751 0.0035675 0.00910599 0.0107486 0.0101059 0.00852174 0.00614758 0.00264021 -0.00151746 -0.00466681 -0.0050556 -0.00221038 0.00279765 0.00842499 0.0140805 
0.0266752 0.0392074 0.0506249 0.0562914 0.0549941 0.0504732 0.0470778 0.0444466 0.0379764 0.0243414 0.00539295 -0.013096 -0.0253748 -0.0287052 -0.0241406 -0.0154266 -0.00672767 -0.000371804 0.00391902 0.00772632 0.0117091 0.0146139 0.0145983 0.0114485 0.00714999 0.00422334 0.00388094 0.00593167 0.0100431 0.0166947 
0.0291413 0.0438769 0.0575332 0.0645823 0.0637798 0.0591634 0.0549345 0.0502609 0.0406445 0.0237794 0.0025982 -0.0170068 -0.0301018 -0.0347709 -0.0321211 -0.0251984 -0.01727 -0.0100584 -0.0031006 0.00498411 0.0142152 0.0222732 0.0261889 0.0250781 0.0208531 0.0162835 0.0129969 0.0115595 0.0127945 0.0182797 
0.0326599 0.0472331 0.0601709 0.0660889 0.0644157 0.0594748 0.0549168 0.0491624 0.0377364 0.019217 -0.00261733 -0.0219158 -0.0346048 -0.0396413 -0.0382768 -0.0328815 -0.0257485 -0.0179408 -0.00887723 0.00254609 0.0158719 0.0281891 0.0358708 0.0373833 0.0341196 0.0286734 0.0230617 0.0187834 0.0177229 0.0220499 
0.0448668 0.0580051 0.0671763 0.0684899 0.0631878 0.056239 0.0506025 0.0437987 0.0312389 0.012078 -0.00941379 -0.0275262 -0.0389017 -0.0432921 -0.0422504 -0.037728 -0.0312113 -0.023153 -0.0128523 0.000583587 0.0164619 0.0317076 0.0424036 0.0463974 0.0443623 0.0387134 0.0322174 0.0276037 0.0274619 0.0334329 
0.0750399 0.0851865 0.086665 0.0787491 0.0658281 0.0540334 0.0456293 0.0370919 0.0234329 0.00390657 -0.0171099 -0.0340119 -0.0437994 -0.0467682 -0.0449049 -0.0401606 -0.0336456 -0.0254553 -0.0148016 -0.000839281 0.0158232 0.0323318 0.0447961 0.0506619 0.0501589 0.0459923 0.0421123 0.0423346 0.0488656 0.061037 
0.132691 0.135682 0.123358 0.100237 0.0750267 0.0552615 0.0423574 0.0314667 0.0167023 -0.00323141 -0.0242436 -0.0406695 -0.0493273 -0.0506217 -0.0469732 -0.0407482 -0.0332582 -0.0247037 -0.0143913 -0.00139967 0.0141 0.0299444 0.0428011 0.0503485 0.0531135 0.0546924 0.0601758 0.0733338 0.0938421 0.116382 
0.224449 0.212725 0.178273 0.133187 0.091204 0.0609459 0.0425176 0.0293124 0.0139058 -0.00629636 -0.0278952 -0.0449696 -0.0535689 -0.05367 -0.047952 -0.0394347 -0.0301203 -0.0208138 -0.0112463 -0.000483632 0.0119988 0.0253366 0.0376778 0.0480136 0.0580721 0.0726015 0.0970109 0.132942 0.174615 0.209546 
0.347067 0.312254 0.247759 0.175161 0.113373 0.0714152 0.0474771 0.0327375 0.0176473 -0.00233277 -0.0248452 -0.0435902 -0.0534151 -0.0534047 -0.0462174 -0.0355121 -0.0241724 -0.0138999 -0.00518153 0.00265301 0.0108473 0.0204163 0.0320885 0.0473443 0.0697665 0.104996 0.157492 0.224576 0.292351 0.339223 
0.479237 0.417392 0.3203 0.219344 0.138075 0.0852856 0.0569081 0.0417326 0.0278988 0.00873672 -0.0145506 -0.0353179 -0.0471565 -0.0480962 -0.0405398 -0.0285596 -0.0157487 -0.00463498 0.0033957 0.00839621 0.012063 0.017494 0.0286792 0.0502583 0.0877929 0.147285 0.231321 0.331838 0.425872 0.482393 
0.582314 0.498359 0.37591 0.253782 0.158619 0.0985891 0.067642 0.0526999 0.0402678 0.022201 -0.00118742 -0.0231897 -0.0366632 -0.038888 -0.0319231 -0.0198842 -0.00659542 0.00500422 0.0127782 0.0159197 0.0160775 0.0179625 0.0285117 0.0552195 0.105185 0.184343 0.29342 0.419842 0.533382 0.595779 
