0.402585 0.340216 0.218628 0.110544 0.0504216 0.029956 0.0270191 0.0249797 0.0182941 0.0108088 0.00689998 0.00426296 -0.00128402 -0.00888999 -0.0145163 -0.0155798 -0.0123541 -0.00675757 -0.000416573 0.00595814 0.0121235 0.017553 0.0210964 0.0226558 0.0253024 0.0364231 0.0690964 0.139561 0.249819 0.361015 
0.342853 0.289253 0.184094 0.0904033 0.0384924 0.0212993 0.0188769 0.0159564 0.00838132 0.00154653 -6.27515e-05 -0.000153877 -0.00402881 -0.0108871 -0.016257 -0.0172532 -0.0139379 -0.00798988 -0.00139839 0.00397523 0.00777241 0.0119456 0.0179093 0.0241681 0.0295552 0.0386444 0.0634645 0.119724 0.211497 0.306568 
0.216279 0.187129 0.124467 0.0679668 0.0368199 0.0265675 0.0243965 0.01997 0.010793 0.00240303 -0.000651675 -0.00169782 -0.00577699 -0.0123673 -0.0175197 -0.0187691 -0.0163153 -0.0115948 -0.00644017 -0.00296209 -0.00123719 0.00249684 0.0115005 0.0229636 0.0312028 0.0362925 0.046762 0.0754513 0.128824 0.189245 
0.102497 0.0941799 0.0707418 0.0508562 0.041985 0.0400759 0.0383772 0.0320531 0.020811 0.00987879 0.00357792 -0.000386725 -0.00597727 -0.0127464 -0.0176254 -0.019088 -0.0179171 -0.0154652 -0.0128173 -0.0111123 -0.00988866 -0.00544778 0.00540658 0.0195925 0.0296254 0.0321859 0.0319062 0.0380124 0.0577132 0.0858174 
0.0400833 0.0402371 0.035685 0.0349552 0.0395544 0.0448585 0.045915 0.0399562 0.0281094 0.0159124 0.00758541 0.00144523 -0.00542424 -0.012276 -0.016704 -0.0181384 -0.0180162 -0.0176552 -0.0171695 -0.0161736 -0.0137347 -0.00778634 0.00317523 0.0166876 0.026442 0.0280463 0.0233768 0.0188597 0.0211663 0.0311066 
0.0207994 0.0224196 0.0200408 0.0205461 0.0266515 0.035501 0.0411519 0.0383441 0.0277017 0.0159721 0.0078832 0.00165964 -0.00527195 -0.0118391 -0.0158423 -0.017151 -0.0174538 -0.0179324 -0.0180212 -0.0163748 -0.0122004 -0.00541873 0.00394796 0.0146669 0.0224559 0.0229523 0.0167268 0.00928224 0.00737039 0.013306 
0.0215458 0.0257742 0.0221456 0.0169815 0.0167059 0.0230261 0.0302185 0.0299732 0.0213392 0.0114515 0.00503434 -3.73356e-05 -0.00623816 -0.0123245 -0.0160772 -0.0172897 -0.017375 -0.0171635 -0.0159331 -0.0126567 -0.00763988 -0.00202227 0.0045989 0.0128508 0.0191041 0.0179485 0.00960561 0.00104329 0.000541548 0.0100187 
0.0278864 0.036944 0.0361316 0.028495 0.0209712 0.0192513 0.0212032 0.0198596 0.0134095 0.00664837 0.00234479 -0.00174432 -0.00738171 -0.0130952 -0.0167189 -0.0178618 -0.0174119 -0.0156858 -0.0121621 -0.0070943 -0.00242027 0.000577479 0.00459208 0.0125552 0.0198875 0.0181936 0.00721812 -0.00295851 -0.0016658 0.0117985 
0.0362023 0.0483806 0.0516283 0.0460519 0.0353725 0.0252735 0.0180791 0.0123245 0.00719903 0.00381493 0.00166347 -0.00173748 -0.00719773 -0.0128472 -0.016525 -0.0177125 -0.0169089 -0.0140922 -0.00906062 -0.00322471 0.000423534 0.00115505 0.00396746 0.0136425 0.0244201 0.024388 0.0119342 6.97146e-05 0.00219636 0.0179069 
0.0454924 0.05738 0.0613215 0.0588479 0.0504073 0.0374253 0.0230726 0.0112823 0.00465956 0.0028215 0.00239757 -0.000207421 -0.00558765 -0.0114925 -0.0155505 -0.0170928 -0.016496 -0.0138186 -0.00921007 -0.00433179 -0.00182802 -0.00160782 0.00192601 0.0137191 0.0275729 0.0298714 0.0174717 0.00472258 0.00769155 0.0258197 
0.0543913 0.0643374 0.0660591 0.0660677 0.0640039 0.0552546 0.0388406 0.0209489 0.00928734 0.00547734 0.0048621 0.00232776 -0.00323662 -0.00953687 -0.0141318 -0.0163139 -0.0164674 -0.0148994 -0.0120087 -0.00893609 -0.00698376 -0.00535872 0.000330927 0.0134163 0.0280028 0.0314254 0.0199063 0.00739471 0.0116966 0.0329442 
0.0637247 0.0722438 0.0714666 0.072757 0.0774992 0.0766049 0.0627745 0.0409484 0.0228102 0.0136105 0.00963772 0.00537226 -0.000926703 -0.00748849 -0.0123265 -0.0150093 -0.0159404 -0.0154619 -0.0139306 -0.011796 -0.00918583 -0.00510016 0.00301258 0.0163821 0.0297566 0.0329273 0.0226459 0.0115139 0.0172703 0.0407798 
0.0735033 0.0818959 0.0792746 0.0792053 0.0862685 0.0907668 0.0812028 0.0593375 0.0371466 0.0223198 0.0136886 0.00687124 -0.000242804 -0.0066773 -0.0111421 -0.0136813 -0.0147576 -0.0145208 -0.0130541 -0.0103992 -0.00634775 -0.000201035 0.00926735 0.0218998 0.0330451 0.0351391 0.0265395 0.0182935 0.0257781 0.0499162 
0.0779768 0.0872604 0.0837658 0.0798793 0.0830494 0.0867926 0.079893 0.0613203 0.0399852 0.0233544 0.0124359 0.00446383 -0.00262207 -0.00830987 -0.0117769 -0.0135073 -0.014081 -0.0134017 -0.011261 -0.00766345 -0.00271252 0.0038361 0.0127451 0.0234952 0.0320391 0.0330856 0.0268892 0.0226786 0.031827 0.0548651 
0.071129 0.0820258 0.0793427 0.0716879 0.0680156 0.0669272 0.0607098 0.0468694 0.0301583 0.0159909 0.00616952 -0.000893548 -0.00684779 -0.0112145 -0.013417 -0.0142632 -0.0144129 -0.0135094 -0.0110747 -0.00718117 -0.00233005 0.00333452 0.0104908 0.0188729 0.0252666 0.0260128 0.0222548 0.0209757 0.0298338 0.0496502 
0.0556831 0.0685584 0.0680166 0.0583149 0.0490479 0.0434802 0.0376554 0.0283943 0.0171269 0.00715662 7.55479e-05 -0.00516867 -0.00964135 -0.0126506 -0.0138075 -0.0141515 -0.0143348 -0.0137403 -0.0115944 -0.00784518 -0.00310571 0.00213347 0.00819913 0.0149332 0.0199263 0.0205175 0.0176982 0.0163122 0.0218228 0.0365214 
0.0406765 0.0544622 0.055406 0.0448427 0.0326385 0.0248409 0.0198603 0.0141949 0.00746724 0.001648 -0.00246702 -0.00601894 -0.00940164 -0.0114561 -0.0118945 -0.0119194 -0.0121464 -0.0117855 -0.00980993 -0.00588822 -0.000476226 0.00569142 0.0122739 0.0185886 0.0224183 0.0217506 0.0176609 0.0138848 0.0148117 0.0241798 
0.0295526 0.0419941 0.0423865 0.0312415 0.0182129 0.0101625 0.00650938 0.00362844 0.000475914 -0.00161753 -0.00284328 -0.00480673 -0.00732154 -0.00868007 -0.00857302 -0.00823156 -0.00820225 -0.00764514 -0.00542595 -0.00101147 0.00534044 0.0128556 0.0206122 0.02701 0.0293488 0.0259879 0.0188583 0.0121358 0.00985829 0.0157649 
0.0162394 0.0263076 0.0254179 0.0144038 0.00222561 -0.00443731 -0.00590766 -0.00598123 -0.00601232 -0.00496562 -0.00358817 -0.00378176 -0.00515767 -0.00582569 -0.00537841 -0.00481998 -0.00454368 -0.00376718 -0.00141603 0.00308127 0.00957076 0.0173321 0.0251315 0.0307578 0.0311164 0.024553 0.0136169 0.00381823 -0.000126928 0.00451232 
-0.00217325 0.00658364 0.00588251 -0.0033849 -0.0134334 -0.0179016 -0.0168121 -0.0140163 -0.0113603 -0.00821788 -0.0051931 -0.00383394 -0.00387738 -0.00383895 -0.00327492 -0.00275843 -0.00247532 -0.00179028 0.000200648 0.00403701 0.00961464 0.0161935 0.0223787 0.0260056 0.0242855 0.0153099 0.00115548 -0.0117293 -0.0171204 -0.0128606 
-0.0176923 -0.00914027 -0.008245 -0.0146247 -0.0222598 -0.0252383 -0.0227692 -0.0181762 -0.0139145 -0.0101162 -0.0068964 -0.00483423 -0.00376814 -0.00300671 -0.00230987 -0.00186777 -0.00167309 -0.00124798 0.000142171 0.00303619 0.00739035 0.0123886 0.0165413 0.0180438 0.0147894 0.00480307 -0.0107388 -0.0254253 -0.0318858 -0.0278839 
-0.0229117 -0.0153023 -0.0134283 -0.017274 -0.0229509 -0.0256054 -0.0235165 -0.0188144 -0.014223 -0.0107648 -0.00823956 -0.00619689 -0.00439856 -0.00292291 -0.00193124 -0.00145929 -0.00136885 -0.00125582 -0.000462425 0.00158897 0.00492334 0.00872783 0.0115434 0.0118024 0.00788896 -0.00174577 -0.0161992 -0.0298732 -0.0358 -0.0319796 
-0.0203269 -0.0156753 -0.0146637 -0.0171283 -0.0212198 -0.0238279 -0.0228247 -0.0188866 -0.0144296 -0.0112022 -0.00912434 -0.00716558 -0.00491368 -0.00285677 -0.00150968 -0.000972141 -0.00107092 -0.00138072 -0.00122861 -2.34425e-05 0.00228147 0.00501853 0.00700237 0.00683215 0.00313398 -0.00489211 -0.0159865 -0.0258904 -0.0297321 -0.0265627 
-0.0171347 -0.0165083 -0.0174499 -0.0194557 -0.0221611 -0.0242398 -0.0238062 -0.0204206 -0.0158413 -0.0121969 -0.00983066 -0.00766034 -0.00509854 -0.00263945 -0.000969598 -0.000368623 -0.000715756 -0.00152922 -0.00210018 -0.00189872 -0.000936864 0.000347847 0.00130876 0.000922228 -0.00197119 -0.00756074 -0.0142901 -0.019488 -0.0210535 -0.019355 
-0.0173486 -0.019648 -0.0221543 -0.0241372 -0.0258008 -0.0269359 -0.0263238 -0.0231245 -0.0183749 -0.0140838 -0.0109889 -0.008312 -0.0054133 -0.00262659 -0.000679278 -1.65929e-05 -0.000583755 -0.00186743 -0.00317108 -0.00407505 -0.00467488 -0.00516984 -0.00556707 -0.00630022 -0.00827406 -0.0115158 -0.0146606 -0.0163696 -0.0165625 -0.0163956 
-0.019532 -0.0227664 -0.0258179 -0.0278829 -0.028971 -0.0292521 -0.0282843 -0.0253867 -0.0209205 -0.0163177 -0.0124824 -0.00911352 -0.00574379 -0.00263013 -0.00048733 0.00019126 -0.000545841 -0.00219267 -0.00411052 -0.00596942 -0.0079084 -0.00994358 -0.0115668 -0.0126238 -0.0137712 -0.0152858 -0.0164375 -0.0166747 -0.0165771 -0.0173087 
-0.0203738 -0.0234845 -0.0264587 -0.0285367 -0.0293534 -0.0291071 -0.0279679 -0.025599 -0.021852 -0.0174196 -0.0131263 -0.00913316 -0.00532163 -0.00200227 0.000163045 0.000747921 -0.000160922 -0.00209046 -0.00445544 -0.00694228 -0.00966497 -0.0125435 -0.0148148 -0.0159197 -0.0162828 -0.0165216 -0.0166435 -0.0165484 -0.0167285 -0.0179414 
-0.0188209 -0.0218085 -0.0246275 -0.0266297 -0.0272487 -0.0266431 -0.0253558 -0.0234085 -0.0204241 -0.0164658 -0.0120993 -0.00779969 -0.00382996 -0.000591869 0.00136345 0.00172138 0.000587099 -0.00162289 -0.0043577 -0.00723378 -0.0102211 -0.0131787 -0.0153962 -0.0162474 -0.0159703 -0.0152519 -0.014529 -0.0141121 -0.0145338 -0.0161914 
-0.0156741 -0.0187243 -0.0214834 -0.0234267 -0.0239573 -0.0231635 -0.0217159 -0.019915 -0.0174105 -0.01391 -0.00970624 -0.00541727 -0.00159345 0.00131042 0.00289289 0.00294617 0.00155645 -0.000935753 -0.00400916 -0.00715079 -0.0100725 -0.0125603 -0.0141934 -0.0146359 -0.0140576 -0.0128761 -0.0114532 -0.01044 -0.0107746 -0.0127532 
-0.0116584 -0.0147022 -0.0174522 -0.0194321 -0.0200931 -0.019445 -0.0180448 -0.0162571 -0.0138803 -0.0106072 -0.00661478 -0.00253713 0.000955779 0.00341335 0.0045718 0.00430529 0.00267246 -4.88875e-05 -0.00335302 -0.00659875 -0.0092586 -0.0110652 -0.0119191 -0.0118935 -0.0112545 -0.0101201 -0.00845609 -0.00693184 -0.00688095 -0.00874615 
-0.00765739 -0.0104814 -0.013189 -0.0152409 -0.0161303 -0.0158368 -0.0147059 -0.012956 -0.0105063 -0.0072659 -0.0034822 0.000258867 0.00332167 0.00530168 0.00602535 0.0054194 0.00354143 0.000665624 -0.00268853 -0.0058236 -0.00811834 -0.00929454 -0.00942027 -0.00883849 -0.00803319 -0.00711125 -0.00571016 -0.00415463 -0.00376561 -0.00516214 
-0.00489248 -0.00748819 -0.0101242 -0.0122104 -0.0132573 -0.0132535 -0.0123894 -0.0106802 -0.0080861 -0.00477796 -0.00117 0.00221377 0.00485864 0.00641483 0.00673517 0.00577276 0.00363216 0.000660272 -0.00259005 -0.00545508 -0.00734859 -0.00799693 -0.00748621 -0.00625644 -0.00500277 -0.00405527 -0.00301711 -0.00185472 -0.0015646 -0.00273739 
-0.00337711 -0.00618533 -0.00896222 -0.0111642 -0.012328 -0.0124605 -0.0117034 -0.00995155 -0.00717903 -0.00375767 -0.000260193 0.00284384 0.00518199 0.00644765 0.00646344 0.00518632 0.00280219 -0.000224609 -0.00329795 -0.00581377 -0.00724878 -0.00733975 -0.00617677 -0.0042505 -0.00235284 -0.000978672 9.09746e-05 0.00091442 0.000716569 -0.000898324 
-0.00203685 -0.00558628 -0.00881959 -0.0113344 -0.012715 -0.0129553 -0.0122083 -0.0103653 -0.00744526 -0.00393679 -0.000506355 0.00240581 0.00453746 0.00562178 0.00544022 0.00394006 0.00137862 -0.00166966 -0.00454351 -0.00664658 -0.00749319 -0.00687122 -0.00495626 -0.00232761 0.000249082 0.00231455 0.00387314 0.00469912 0.00396148 0.00142634 
-0.000522725 -0.00476167 -0.00833034 -0.0111401 -0.0128425 -0.0133006 -0.0126309 -0.0107876 -0.00786355 -0.00438543 -0.00104462 0.00170485 0.00364032 0.00454139 0.00419438 0.0025485 -0.000108657 -0.00314028 -0.00580277 -0.0074417 -0.00759474 -0.0061708 -0.00350142 -0.000243149 0.00294943 0.00573202 0.00788568 0.00882372 0.00756893 0.00401647 
0.00108042 -0.00327693 -0.00666939 -0.00949818 -0.0114706 -0.0121939 -0.0116911 -0.010023 -0.0073445 -0.0041171 -0.00099217 0.00151693 0.00314826 0.00373055 0.00312753 0.00133321 -0.00136558 -0.00433044 -0.00675745 -0.00791933 -0.00739543 -0.00528367 -0.00207221 0.00164506 0.00541763 0.00891803 0.0115933 0.0125361 0.0107293 0.00630014 
0.00267486 -0.00144131 -0.00432089 -0.0068836 -0.00889565 -0.00971429 -0.00930055 -0.00788392 -0.00566141 -0.00291621 -0.000191652 0.0019201 0.003077 0.00315661 0.00214731 0.000131525 -0.0026071 -0.00547513 -0.00766344 -0.00840642 -0.00735054 -0.00481989 -0.00143507 0.00243952 0.0066889 0.0109408 0.0142467 0.0153971 0.0132952 0.00825824 
0.00357254 -0.000293789 -0.00259861 -0.00469302 -0.00648087 -0.00715974 -0.00663396 -0.00532897 -0.00354398 -0.00137738 0.000792244 0.00234779 0.00290272 0.00238161 0.000882809 -0.00141489 -0.00422246 -0.00703056 -0.0090965 -0.00964174 -0.0083375 -0.00570718 -0.00253927 0.00103293 0.00532394 0.0100808 0.0141798 0.0161471 0.0144914 0.00934873 
0.00326885 -0.000120816 -0.0017643 -0.00327648 -0.00471186 -0.00514359 -0.00435967 -0.00296278 -0.001468 0.000109082 0.0015888 0.0024405 0.00231909 0.00119589 -0.000774891 -0.00334417 -0.00621716 -0.00901078 -0.0111215 -0.0117546 -0.0105133 -0.00806456 -0.00543055 -0.00262817 0.00107313 0.00574946 0.010447 0.0135847 0.0131235 0.00868451 
0.00175396 -0.000590523 -0.00130237 -0.00211367 -0.00310798 -0.00320043 -0.00207167 -0.000517093 0.000712241 0.00165783 0.00234744 0.00238195 0.00151391 -0.000215047 -0.00262232 -0.00541731 -0.00829961 -0.0110174 -0.0131443 -0.0139062 -0.0128395 -0.0107321 -0.00882269 -0.00705013 -0.00436636 -0.000375964 0.00430208 0.00824267 0.009113 0.00601815 
-0.00133004 -0.00209283 -0.00136448 -0.0010674 -0.00130604 -0.00085049 0.000671434 0.00227897 0.00312551 0.00342211 0.00336291 0.00258328 0.000912894 -0.00148998 -0.00438183 -0.00742642 -0.0102902 -0.0127807 -0.0146287 -0.015203 -0.0141246 -0.0123116 -0.0111358 -0.0104489 -0.00899182 -0.00618592 -0.00232152 0.00158242 0.0032491 0.0014362 
-0.00610183 -0.0048661 -0.00203257 0.000143356 0.00129925 0.00256448 0.0043339 0.0056668 0.00590995 0.00554856 0.00484257 0.00332794 0.00084628 -0.00231495 -0.00579734 -0.00918283 -0.012061 -0.0141892 -0.0153845 -0.0152836 -0.0137996 -0.0120299 -0.0114433 -0.0118511 -0.0118335 -0.010681 -0.00840683 -0.00548499 -0.00385359 -0.00485069 
-0.0113146 -0.0077003 -0.00241455 0.00220163 0.00538926 0.00770562 0.00944377 0.0100761 0.00945663 0.00830471 0.0068418 0.00451824 0.00118304 -0.0027807 -0.00688794 -0.0106296 -0.0135218 -0.0152203 -0.0155536 -0.0144377 -0.0121632 -0.0100541 -0.00973448 -0.011109 -0.0126672 -0.0135851 -0.0136396 -0.0126259 -0.0117136 -0.0119607 
-0.015314 -0.00916113 -0.00177327 0.00504069 0.0103536 0.0138374 0.0154966 0.0153803 0.0138982 0.0118099 0.00926569 0.00582387 0.00146771 -0.00332503 -0.00798219 -0.0119675 -0.0147983 -0.0160734 -0.0156052 -0.013463 -0.0101371 -0.00710591 -0.0063003 -0.00800324 -0.010858 -0.0140811 -0.0172433 -0.0191453 -0.0194577 -0.0185555 
-0.0177706 -0.00961289 -0.000913713 0.00742335 0.0144773 0.0190813 0.0209401 0.0205425 0.0185652 0.0155859 0.0117434 0.00692686 0.00142329 -0.00414485 -0.00917416 -0.0131969 -0.0158145 -0.0166482 -0.0155208 -0.0124891 -0.00789882 -0.00317699 -0.000715274 -0.00154577 -0.004876 -0.0103138 -0.0173091 -0.0232409 -0.0254975 -0.0235339 
-0.0198098 -0.0112234 -0.00201939 0.00757058 0.0162355 0.0220516 0.024538 0.0244225 0.0223592 0.0186565 0.0135667 0.00746582 0.00101738 -0.00503567 -0.0101286 -0.0138939 -0.0160217 -0.0162154 -0.0143892 -0.0105025 -0.00445377 0.00263623 0.00784987 0.00902894 0.00593618 -0.00166513 -0.0129396 -0.0234959 -0.0283542 -0.0264175 
-0.0225113 -0.0156965 -0.00667161 0.004459 0.0152126 0.0227049 0.0262154 0.0266315 0.0246236 0.0203274 0.0141972 0.00717526 0.000269621 -0.0058013 -0.0105999 -0.0138091 -0.0151344 -0.0143851 -0.0116566 -0.00682278 0.000779763 0.0104532 0.0187169 0.0220252 0.0188989 0.00880771 -0.00643851 -0.0206981 -0.0278132 -0.0272884 
-0.0236606 -0.020897 -0.0131215 -0.000429059 0.0129219 0.0224988 0.0270334 0.0277082 0.0255752 0.0207506 0.0137912 0.00614767 -0.000849552 -0.00660148 -0.0108724 -0.0133745 -0.0137579 -0.0118864 -0.00804918 -0.00214918 0.00678738 0.01828 0.0284618 0.0328375 0.0291128 0.0170814 7.39098e-06 -0.0150043 -0.0226118 -0.0242006 
-0.0178228 -0.021125 -0.0166137 -0.00371281 0.0115619 0.0226313 0.0274354 0.0277675 0.0253447 0.0201927 0.0126768 0.00457564 -0.00244143 -0.00784111 -0.0115919 -0.0134639 -0.013013 -0.010041 -0.0049732 0.00201163 0.0115978 0.0232169 0.0333401 0.0377611 0.0340622 0.0224768 0.00738704 -0.00432082 -0.00973862 -0.0129243 
-0.00322188 -0.0128098 -0.0132842 -0.00283768 0.0116599 0.0220198 0.0257706 0.0254689 0.0231475 0.018285 0.010802 0.00263413 -0.00431827 -0.00952284 -0.0129843 -0.0144361 -0.01333 -0.00937932 -0.00312783 0.00472476 0.0140979 0.0243429 0.0331075 0.0373803 0.0348805 0.0260041 0.0156823 0.0100005 0.00910387 0.00610488 
0.0157319 0.00289574 -0.00211356 0.00334179 0.0131544 0.0197015 0.0211811 0.0205651 0.0192075 0.0154588 0.00878191 0.0011558 -0.00556882 -0.0108258 -0.014299 -0.0154397 -0.013676 -0.00883714 -0.00168226 0.00655248 0.0151146 0.0235422 0.0307661 0.034791 0.0334776 0.0273862 0.0216529 0.0217528 0.026132 0.0258134 
0.033981 0.0226685 0.0149752 0.0139814 0.0162088 0.0169069 0.0157327 0.0153625 0.0156161 0.0134812 0.00805936 0.00124941 -0.00532936 -0.0109253 -0.014578 -0.0153356 -0.0127802 -0.00711912 0.000577102 0.00875452 0.0164367 0.0234669 0.0294822 0.0328939 0.0317329 0.0267554 0.0230642 0.0262537 0.0350161 0.0397935 
0.0476582 0.040769 0.0310814 0.0232251 0.017937 0.0137187 0.0109442 0.0113108 0.0132417 0.0127898 0.00870546 0.00260195 -0.00404539 -0.0100393 -0.013748 -0.0140029 -0.0106721 -0.00434209 0.00367615 0.0117234 0.0188946 0.0252384 0.0305547 0.0332298 0.0311616 0.0248846 0.0195925 0.0223307 0.0339733 0.0455096 
0.0514233 0.0481088 0.0358034 0.0223404 0.0128044 0.00728904 0.00515127 0.00676725 0.0101637 0.0114107 0.00887611 0.00356329 -0.00305883 -0.0091352 -0.0125483 -0.0122259 -0.00832507 -0.00157241 0.00663754 0.0146268 0.0217221 0.0281711 0.033546 0.0356477 0.0316916 0.0217375 0.0115879 0.0108813 0.0236686 0.0415242 
0.0408856 0.0384695 0.0240935 0.00849673 -0.00102927 -0.00456514 -0.00430745 -0.000967169 0.00384408 0.00698172 0.00648937 0.00245589 -0.00367414 -0.00930232 -0.0119682 -0.0108926 -0.00648542 0.000572872 0.0088963 0.0168597 0.0242651 0.0316751 0.0379501 0.0396248 0.0331443 0.0183994 0.00179611 -0.00457669 0.00656764 0.0272258 
0.019043 0.0155232 0.0012431 -0.0125976 -0.0195695 -0.0204543 -0.0178176 -0.0127618 -0.00656563 -0.00153187 0.000257873 -0.00196868 -0.00687684 -0.0112962 -0.0125945 -0.0103453 -0.00518821 0.00227625 0.0107143 0.0186362 0.0264337 0.0350271 0.0424591 0.0440161 0.0357097 0.0172159 -0.00538045 -0.0184985 -0.0120185 0.00659894 
-0.00132652 -0.00801488 -0.0217318 -0.0327205 -0.0371776 -0.0365112 -0.0326599 -0.0264495 -0.0190532 -0.0124598 -0.0087554 -0.00905933 -0.0120847 -0.0145441 -0.0139854 -0.0103131 -0.00431595 0.00344826 0.0116979 0.0190755 0.0264026 0.0351005 0.0432598 0.0457706 0.0381328 0.0189699 -0.00673068 -0.0245599 -0.0227002 -0.00876966 
-0.0026024 -0.0161179 -0.0332582 -0.0449716 -0.0496701 -0.0493536 -0.0454958 -0.0383805 -0.0292847 -0.020962 -0.0159515 -0.0150741 -0.0165847 -0.0172963 -0.0152466 -0.0106398 -0.00432089 0.00311932 0.0104084 0.0162951 0.0218211 0.0291494 0.0375592 0.0424064 0.038411 0.0227846 -0.000395013 -0.0165245 -0.0142356 -0.00328803 
0.0227993 -0.00086226 -0.0272712 -0.0458243 -0.0552903 -0.0578195 -0.0547509 -0.0459619 -0.0334397 -0.0222124 -0.0163022 -0.015845 -0.017684 -0.0182266 -0.0159738 -0.0114903 -0.00572109 0.000629837 0.00630829 0.0102131 0.013446 0.0187626 0.0268029 0.0338683 0.0347451 0.0264639 0.0126592 0.00646658 0.0162219 0.0283798 
0.0587566 0.0263393 -0.0102354 -0.0380033 -0.0545568 -0.061349 -0.059151 -0.0475445 -0.0300291 -0.01498 -0.00862809 -0.0103136 -0.014698 -0.0170427 -0.0160441 -0.0127069 -0.00820705 -0.00341305 0.000489417 0.00259565 0.00397667 0.00747223 0.0142161 0.021492 0.0258088 0.0258867 0.0249558 0.0326465 0.0526396 0.068206 
0.0790659 0.0442229 0.00405255 -0.02785 -0.0483329 -0.0578921 -0.0557439 -0.0408966 -0.0188174 -0.00116206 0.00417788 -0.000991539 -0.00910591 -0.0142649 -0.0152846 -0.013577 -0.0106056 -0.00745182 -0.00521374 -0.00452258 -0.0042161 -0.00173297 0.0034454 0.00896918 0.0136569 0.0186351 0.0269989 0.044927 0.071758 0.0894141 
0.0750883 0.043377 0.00752907 -0.0203743 -0.0382039 -0.0464234 -0.0425741 -0.0250311 -0.00115106 0.0153775 0.0169344 0.00737552 -0.00411789 -0.0114767 -0.0140462 -0.0135932 -0.0118181 -0.0100156 -0.00912405 -0.00930098 -0.00903176 -0.006182 -0.00161763 0.00177329 0.0041629 0.00833458 0.0183089 0.0393488 0.067814 0.0849541 
0.0586601 0.0322887 0.00397356 -0.0161233 -0.0272948 -0.0308094 -0.0238467 -0.00498124 0.0170787 0.0285418 0.0241573 0.0104486 -0.00281836 -0.0106898 -0.0135375 -0.0134167 -0.0121292 -0.0110799 -0.0109526 -0.0112804 -0.0100418 -0.00559189 -0.000387165 0.00168908 0.000986352 0.000872929 0.00703841 0.0258819 0.0522644 0.0673902 
0.0475397 0.0286345 0.00685891 -0.00843867 -0.0158533 -0.0163653 -0.00762562 0.0105619 0.0285908 0.0339626 0.0244529 0.00849665 -0.00475866 -0.011989 -0.0143953 -0.0140244 -0.0125948 -0.0115363 -0.0113908 -0.0112275 -0.00860771 -0.00238011 0.00377032 0.00533447 0.00252454 -0.00141166 2.90275e-05 0.0142109 0.0367529 0.0514539 
0.0599574 0.0494017 0.029493 0.0113615 0.000165986 -0.00284834 0.00430804 0.0198853 0.0334442 0.0342353 0.02235 0.00640243 -0.0060835 -0.0129808 -0.0154524 -0.01508 -0.0133419 -0.0116947 -0.0107764 -0.00956596 -0.00562812 0.00156834 0.00786484 0.00919482 0.00605694 0.00117852 0.000379958 0.0113442 0.0329511 0.0532758 
0.116391 0.107127 0.0769162 0.0449834 0.0230069 0.0138666 0.0173545 0.028658 0.0370217 0.0341961 0.0219041 0.00732795 -0.00440398 -0.0118263 -0.0152882 -0.0155447 -0.0137451 -0.0114066 -0.00932151 -0.00657183 -0.0012795 0.00612077 0.0116294 0.0126235 0.0105331 0.00806398 0.0106986 0.0271114 0.0595212 0.0961991 
0.225641 0.202551 0.14284 0.0839635 0.046602 0.0313543 0.0312376 0.0369279 0.0387529 0.032446 0.0211166 0.00921511 -0.00129365 -0.00940532 -0.0141562 -0.0151916 -0.0133306 -0.0102461 -0.00684147 -0.00231145 0.00438224 0.011688 0.0159408 0.0161952 0.0154665 0.0181085 0.0316293 0.0671399 0.127626 0.193169 
0.348702 0.3014 0.201767 0.110489 0.0575399 0.0380803 0.0356576 0.0362143 0.0322414 0.0241108 0.0158771 0.00840133 0.00016644 -0.00803876 -0.013587 -0.0148679 -0.0124262 -0.00815176 -0.00320137 0.00278616 0.0100743 0.0167828 0.0199627 0.019739 0.0203991 0.0287873 0.0559005 0.115959 0.210939 0.308312 
