0.333639 0.328361 0.260918 0.170344 0.0991954 0.0609829 0.0397581 0.0194565 0.0011599 -0.00916172 -0.0117174 -0.00979713 -0.00689979 -0.00592452 -0.00733002 -0.00961499 -0.0114471 -0.0121345 -0.0109446 -0.00794803 -0.00584799 -0.00783216 -0.0117376 -0.00923905 0.00584763 0.0308202 0.0625329 0.110359 0.185662 0.274115 
0.31596 0.31914 0.263416 0.181123 0.112426 0.073134 0.0500794 0.0278296 0.00712563 -0.0060049 -0.0114741 -0.0120604 -0.0105488 -0.00965204 -0.0103443 -0.0115952 -0.012211 -0.0116967 -0.009726 -0.00667017 -0.00519241 -0.00815947 -0.0131098 -0.0118742 0.00152475 0.0250051 0.0558437 0.10177 0.172389 0.255866 
0.228874 0.236733 0.201698 0.146278 0.101256 0.0785909 0.0651834 0.0461525 0.023425 0.00550423 -0.00544282 -0.0110388 -0.0129762 -0.0135061 -0.0143009 -0.0151202 -0.0148498 -0.0128522 -0.00913275 -0.00481319 -0.00308717 -0.00664887 -0.0125217 -0.0128089 -0.00264092 0.015417 0.0382702 0.0710743 0.121285 0.182075 
0.129309 0.134918 0.116641 0.0898808 0.0745407 0.0752521 0.0764651 0.0632124 0.0394379 0.0173312 0.00165506 -0.00826139 -0.0133026 -0.0153324 -0.0166726 -0.0177697 -0.0173602 -0.0143198 -0.00877962 -0.00267825 0.000163195 -0.00282977 -0.00844314 -0.00959952 -0.00307159 0.00798459 0.0206436 0.0382919 0.0663042 0.101447 
0.0551069 0.0563816 0.0481465 0.0410506 0.0466817 0.0639869 0.075894 0.0678651 0.045344 0.0226262 0.00564121 -0.0059841 -0.01253 -0.0153514 -0.0170265 -0.0184366 -0.0182319 -0.0148205 -0.0081393 -0.000472609 0.00395191 0.00237573 -0.00233119 -0.00393733 -0.000123079 0.00586793 0.0111109 0.0173662 0.0283654 0.0433405 
0.0115969 0.0115007 0.0105505 0.013947 0.0276643 0.0490566 0.0633772 0.0585906 0.0403319 0.0215838 0.00703832 -0.00395843 -0.0108817 -0.0140671 -0.0157537 -0.017083 -0.0169529 -0.0135976 -0.00650934 0.00225326 0.0082376 0.00801195 0.00360565 0.00104977 0.00352056 0.00851983 0.0117392 0.011642 0.0103793 0.0104918 
-0.00767717 -0.00542605 0.000391326 0.00837149 0.0206125 0.0362295 0.0461074 0.042419 0.0299813 0.0179204 0.00795492 -0.00125083 -0.0081859 -0.0117204 -0.0133006 -0.0142393 -0.0139216 -0.0106489 -0.00342649 0.00621369 0.0137553 0.0148577 0.0103741 0.00644359 0.00829084 0.0149114 0.0197798 0.0169232 0.00704364 -0.003228 
-0.00867352 -0.00260129 0.00762302 0.0153763 0.0211048 0.0272761 0.0304522 0.0264047 0.0189043 0.013234 0.00804948 0.00108383 -0.00549602 -0.00923469 -0.0106748 -0.0111453 -0.0104487 -0.0070414 0.000423343 0.0110265 0.0204863 0.0237505 0.020299 0.0158303 0.0171007 0.0245101 0.0301679 0.025505 0.0110436 -0.00361646 
0.00180717 0.01038 0.0200352 0.0228863 0.020711 0.0191749 0.0176567 0.0130915 0.00842504 0.00690967 0.00548135 0.00103031 -0.00437494 -0.00772519 -0.00889818 -0.00896304 -0.00779113 -0.00402315 0.00370724 0.0149914 0.0262029 0.0322155 0.0313124 0.0279414 0.0287964 0.0347232 0.0380218 0.0310867 0.0161887 0.00355849 
0.0146181 0.0232107 0.0278835 0.0234743 0.0150429 0.00986263 0.00690599 0.00228966 -0.00144071 -0.00121713 -0.000216912 -0.00201796 -0.00533317 -0.00751838 -0.0082098 -0.00796871 -0.0063327 -0.00218816 0.0053409 0.0160195 0.0272754 0.0349014 0.0367056 0.0354856 0.0364699 0.0400088 0.0395749 0.0307023 0.0183224 0.0115586 
0.0229628 0.0298786 0.0285288 0.0180431 0.00650428 0.00098667 -0.0014573 -0.00594882 -0.00990507 -0.00952064 -0.0072047 -0.00665286 -0.00759377 -0.00825911 -0.00836402 -0.00790635 -0.00597078 -0.00180894 0.00462198 0.0129778 0.021927 0.0289359 0.0321312 0.032746 0.0340627 0.035908 0.0333139 0.0246109 0.0163757 0.0159402 
0.0266259 0.0313415 0.0256752 0.011975 -0.000253725 -0.00484398 -0.00629158 -0.0104921 -0.0148098 -0.0148234 -0.0121069 -0.0101643 -0.00944737 -0.00901391 -0.00873266 -0.00820844 -0.00634308 -0.00284008 0.00166596 0.00681729 0.0124213 0.0175028 0.0206279 0.0217808 0.0228382 0.0239877 0.0220179 0.0164286 0.0132715 0.0177097 
0.0297904 0.0323491 0.02451 0.0100206 -0.00182652 -0.00573808 -0.00649826 -0.00992959 -0.0137932 -0.0140326 -0.0117832 -0.00995256 -0.00907313 -0.00859899 -0.0084565 -0.00816716 -0.00684336 -0.00455167 -0.00210735 0.000412068 0.00361552 0.00725371 0.00980609 0.0104492 0.0107047 0.0118955 0.0123892 0.0115774 0.0134757 0.0209226 
0.0356814 0.0361775 0.0273899 0.0135407 0.00255479 -0.00143986 -0.00236761 -0.0048086 -0.00727488 -0.00725062 -0.00601278 -0.00563847 -0.00614405 -0.00680141 -0.00740466 -0.00764883 -0.00705499 -0.00583299 -0.00458116 -0.00296065 -6.82101e-06 0.00385036 0.00652181 0.00699254 0.00723799 0.00939392 0.0123843 0.015064 0.0198444 0.0281298 
0.0430921 0.0415392 0.0325499 0.0202754 0.0105767 0.00593199 0.00376139 0.00163687 0.000568808 0.00118165 0.00157289 0.000204968 -0.00228554 -0.00461766 -0.00628906 -0.00716604 -0.00705493 -0.00612673 -0.00466905 -0.00199194 0.00286558 0.00880109 0.0131386 0.0152724 0.0177868 0.0223575 0.0267944 0.0293249 0.0324987 0.0382835 
0.0471674 0.0435905 0.0354519 0.025681 0.0177561 0.0125884 0.00874824 0.00586436 0.00511275 0.00605447 0.00620629 0.00402834 0.00038384 -0.00311651 -0.00572107 -0.0071992 -0.00728436 -0.00599885 -0.00341248 0.00133525 0.00901691 0.0179504 0.0252748 0.0309998 0.0378579 0.0459769 0.0509739 0.0502875 0.0476254 0.0471149 
0.0436721 0.0383339 0.0318175 0.024846 0.0188345 0.0139551 0.00948967 0.00598526 0.00485276 0.00570053 0.00613314 0.00444694 0.00113433 -0.00248992 -0.00561748 -0.00762706 -0.00787164 -0.00617889 -0.00255225 0.00375854 0.0132394 0.024117 0.0339428 0.043159 0.0540063 0.0650519 0.0702665 0.0663054 0.0572926 0.0492759 
0.0332955 0.0267952 0.0214199 0.0161253 0.0113824 0.00769457 0.00473556 0.00253765 0.00191028 0.00284231 0.00376464 0.00317863 0.000996029 -0.00212144 -0.00540144 -0.00777967 -0.00823876 -0.00648145 -0.00259718 0.0037839 0.0127775 0.0229417 0.0326806 0.0426621 0.0543931 0.0658551 0.0711508 0.0666035 0.0551138 0.0427445 
0.0208395 0.01355 0.00790373 0.00262241 -0.00155868 -0.00335182 -0.00305121 -0.00202015 -0.000848303 0.00057714 0.00183122 0.00205626 0.000804072 -0.0017838 -0.00494665 -0.00738922 -0.00799749 -0.00650327 -0.00315695 0.00196602 0.0086097 0.0157495 0.0226268 0.0300073 0.0389759 0.0482115 0.0536238 0.0517275 0.0429216 0.0311569 
0.0093423 0.000909114 -0.00614115 -0.012034 -0.0154013 -0.0147505 -0.0108912 -0.0065207 -0.00343307 -0.00148461 -9.54809e-05 0.000569243 -6.28846e-05 -0.00212373 -0.00487221 -0.00703068 -0.00761954 -0.00649279 -0.00402463 -0.000584771 0.00333553 0.0069995 0.0100938 0.0133287 0.0178576 0.0238485 0.0295014 0.0316053 0.0278356 0.0191855 
-0.00193531 -0.0117945 -0.0202529 -0.0262229 -0.0281126 -0.0251177 -0.0188072 -0.0123806 -0.00797191 -0.00538724 -0.00354434 -0.00223075 -0.00207685 -0.00336426 -0.00541799 -0.00708085 -0.00753789 -0.00672523 -0.00503439 -0.00290672 -0.000859135 0.000505729 0.000870478 0.000745874 0.00158853 0.0048806 0.0103362 0.0148387 0.0143604 0.00784457 
-0.012465 -0.0227884 -0.0314878 -0.0367946 -0.0373896 -0.0333763 -0.0265597 -0.0195955 -0.0143054 -0.0106648 -0.00774958 -0.00537376 -0.00421083 -0.00459475 -0.0059063 -0.00708772 -0.00741461 -0.00681522 -0.00559772 -0.00409888 -0.00268852 -0.00193169 -0.00243054 -0.00397766 -0.00494082 -0.00333245 0.000880262 0.00463741 0.00390363 -0.00256837 
-0.0183307 -0.0272118 -0.0345032 -0.0387269 -0.0391076 -0.0361367 -0.0308859 -0.0247396 -0.0190726 -0.014367 -0.0103195 -0.00699963 -0.00507234 -0.00482228 -0.00564913 -0.00655694 -0.00684847 -0.00638916 -0.00535754 -0.00391661 -0.00222637 -0.000810954 -0.000583319 -0.00172695 -0.00276215 -0.00190418 0.000461231 0.00143152 -0.00179747 -0.00917755 
-0.0170668 -0.0232331 -0.0281383 -0.0312422 -0.0324067 -0.0319171 -0.0294735 -0.0250226 -0.0196521 -0.0145381 -0.0100697 -0.0065071 -0.00439985 -0.00395315 -0.00462402 -0.00550952 -0.00595068 -0.00575641 -0.00496204 -0.00354356 -0.0014449 0.000963999 0.00265666 0.00303849 0.00309708 0.00406979 0.00509029 0.00356506 -0.001879 -0.00963796 
-0.0110446 -0.0148291 -0.0177913 -0.0201344 -0.0222442 -0.0241149 -0.0242916 -0.0216232 -0.0170189 -0.0122205 -0.00810372 -0.0049384 -0.00307092 -0.00264953 -0.00326602 -0.00420272 -0.00494318 -0.00531589 -0.00521161 -0.0043766 -0.00249359 0.000362205 0.00330544 0.0054422 0.00707808 0.00878011 0.00948028 0.00710658 0.00128108 -0.00562067 
-0.00520116 -0.00769033 -0.00995294 -0.0121055 -0.0146257 -0.0175342 -0.0191238 -0.0177803 -0.0141323 -0.0100148 -0.00648086 -0.0037816 -0.00212799 -0.00164481 -0.00206943 -0.002923 -0.00392686 -0.00500529 -0.00593162 -0.00621542 -0.00527982 -0.0028896 0.000363381 0.0035212 0.00629914 0.00864843 0.00956766 0.00768506 0.00319295 -0.0016996 
-0.00274498 -0.00434511 -0.00653581 -0.00878213 -0.0111033 -0.0136982 -0.0154534 -0.0149426 -0.0123759 -0.00911072 -0.00605921 -0.00354698 -0.00184303 -0.00110562 -0.0011744 -0.00177875 -0.00286088 -0.00442831 -0.00618568 -0.00752765 -0.00778839 -0.00657761 -0.00416085 -0.00127471 0.00153931 0.00382471 0.00474638 0.0036451 0.00110572 -0.00124623 
-0.00314153 -0.00352229 -0.00519958 -0.00722154 -0.00899978 -0.0107219 -0.0120407 -0.0120795 -0.0106857 -0.00845536 -0.00592647 -0.00350774 -0.0016462 -0.000595803 -0.000276332 -0.000561084 -0.00151933 -0.00317916 -0.00523228 -0.00712876 -0.00833043 -0.00847823 -0.00756098 -0.00590893 -0.00396444 -0.00234006 -0.00176146 -0.00239333 -0.00337768 -0.00356977 
-0.00374766 -0.00271406 -0.00319048 -0.00442095 -0.00557851 -0.00662244 -0.00757164 -0.00805436 -0.00777089 -0.00668068 -0.00489263 -0.00278738 -0.000944948 0.000266113 0.000835946 0.000799877 4.75528e-05 -0.00143966 -0.00338697 -0.00537242 -0.00706023 -0.00822264 -0.00869943 -0.00844496 -0.00760709 -0.00669832 -0.00636479 -0.00663291 -0.00665755 -0.00556506 
-0.00270718 -0.00052462 0.000379939 0.000223104 -0.000373457 -0.00112891 -0.00201386 -0.00292176 -0.00357557 -0.00358916 -0.00273565 -0.00125602 0.000263157 0.00136795 0.00194365 0.00196276 0.00131881 -2.16613e-06 -0.0017753 -0.00366515 -0.00546329 -0.0070741 -0.00834253 -0.00906034 -0.00912094 -0.00873119 -0.00830119 -0.00792038 -0.00711171 -0.00529559 
-0.00058418 0.00233834 0.00437664 0.00528218 0.00528124 0.00473236 0.00382098 0.00256045 0.00115436 0.000137028 -2.54656e-05 0.000627309 0.00159933 0.00238438 0.0027578 0.00264387 0.00195198 0.000653189 -0.00109 -0.00297028 -0.00476744 -0.00640798 -0.00781123 -0.00886077 -0.00943529 -0.00943682 -0.00884691 -0.00771179 -0.00601522 -0.00360527 
0.00039552 0.0038252 0.00677286 0.00875073 0.00958755 0.00952585 0.00883583 0.00749914 0.00561489 0.00376339 0.0026328 0.00243956 0.00281385 0.00320117 0.00327919 0.00294634 0.00212363 0.000738454 -0.00113482 -0.00320735 -0.00515197 -0.00677238 -0.00800707 -0.00893913 -0.00965299 -0.0099633 -0.00947936 -0.00802529 -0.00578213 -0.00293504 
-0.00114923 0.00274962 0.00656992 0.00970885 0.0116466 0.0124076 0.0122853 0.011263 0.00929631 0.00691076 0.00500095 0.00408075 0.00391563 0.00390483 0.003663 0.00309326 0.00211947 0.000609557 -0.00145251 -0.00382501 -0.00611476 -0.00797445 -0.00924875 -0.0100885 -0.0107732 -0.0112643 -0.0111026 -0.00989414 -0.00768568 -0.00471198 
-0.00459739 -0.000253891 0.00439716 0.00866721 0.0117831 0.0135422 0.0141767 0.0136937 0.0119669 0.00941207 0.00702023 0.00555264 0.00492 0.00451828 0.00394651 0.00312756 0.00198126 0.000332143 -0.0018918 -0.0045283 -0.00724598 -0.00963809 -0.011373 -0.0124412 -0.013147 -0.0136959 -0.0138334 -0.0130736 -0.0111991 -0.00831131 
-0.00843301 -0.00378572 0.00149983 0.00668741 0.0108716 0.0136209 0.0149514 0.014896 0.0134578 0.011018 0.00848729 0.00669854 0.00569345 0.00493515 0.00404883 0.00296857 0.00160591 -0.000222174 -0.00259684 -0.0054334 -0.0085299 -0.0115033 -0.0138564 -0.0153438 -0.0161988 -0.0168138 -0.0171435 -0.0166724 -0.0150163 -0.0122091 
-0.0114924 -0.00681738 -0.00119594 0.00463514 0.00968111 0.0132306 0.0149592 0.0149599 0.0136179 0.011441 0.00911305 0.0072967 0.0060867 0.00506581 0.00392593 0.00260567 0.000999069 -0.00106633 -0.00363999 -0.00665545 -0.00998951 -0.0132988 -0.0160175 -0.0177972 -0.0188593 -0.0196522 -0.0201155 -0.0196641 -0.0179527 -0.0151637 
-0.0132767 -0.00898819 -0.00340262 0.00280179 0.00849473 0.0126 0.0144272 0.0141812 0.0127478 0.0108841 0.00901345 0.00744275 0.00619568 0.00499232 0.00365033 0.0021334 0.000296802 -0.00204634 -0.00489214 -0.00810209 -0.0115272 -0.0148468 -0.0175294 -0.0192751 -0.0203824 -0.0212913 -0.0217796 -0.0211536 -0.0192386 -0.0165351 
-0.0135524 -0.0102031 -0.00519139 0.00102785 0.00717533 0.0117307 0.0136473 0.0132172 0.0117196 0.0101743 0.00884619 0.00764775 0.00641035 0.00497991 0.00338012 0.00165006 -0.000413285 -0.00305855 -0.00623722 -0.00967599 -0.0131168 -0.0162448 -0.0186076 -0.019977 -0.0207174 -0.0213199 -0.0215305 -0.0205975 -0.0184803 -0.0160193 
-0.0122216 -0.0105465 -0.00688072 -0.00115614 0.00526555 0.0103296 0.0125887 0.0123058 0.0109382 0.00973691 0.00897435 0.00821129 0.00697231 0.0051963 0.00319981 0.00117038 -0.0011432 -0.00407968 -0.00758333 -0.0112522 -0.0146814 -0.0175159 -0.0193541 -0.0199971 -0.0198438 -0.0195451 -0.0190464 -0.0176542 -0.0154003 -0.0134195 
-0.00952009 -0.0104503 -0.00898498 -0.0043308 0.00211582 0.00770588 0.0105184 0.01065 0.00960112 0.00886411 0.00881448 0.00866461 0.00754113 0.00544042 0.00302834 0.000706555 -0.00178766 -0.00487678 -0.00854552 -0.0123452 -0.015735 -0.0181977 -0.0192357 -0.0186708 -0.0170612 -0.0153389 -0.0137294 -0.0117203 -0.00954621 -0.00862739 
-0.00545162 -0.00981566 -0.0112063 -0.00829731 -0.00248408 0.00320931 0.00646226 0.00710064 0.00659049 0.00661022 0.0075535 0.00826524 0.00751075 0.00534517 0.00276335 0.000381767 -0.00204993 -0.00500087 -0.00850725 -0.0121764 -0.0154004 -0.0173814 -0.0173256 -0.0150737 -0.0115506 -0.00805242 -0.00499355 -0.00217666 -0.000403483 -0.00143048 
-7.19855e-05 -0.00807861 -0.0126327 -0.012285 -0.00821705 -0.00326166 0.000108744 0.00136583 0.00180679 0.00307045 0.00531244 0.00702171 0.0068148 0.00489248 0.00249777 0.000374168 -0.00172817 -0.00426511 -0.00726268 -0.0104017 -0.013084 -0.0142898 -0.0129622 -0.00903018 -0.00383301 0.00115907 0.0056607 0.0095007 0.0108728 0.00750989 
0.00422898 -0.00672612 -0.014116 -0.0165156 -0.0146327 -0.0107167 -0.00724256 -0.00512227 -0.0032955 -0.000366813 0.00331619 0.00589516 0.006119 0.00451332 0.00249063 0.000773949 -0.000927059 -0.00299497 -0.00534599 -0.00763588 -0.00928481 -0.00929062 -0.00672942 -0.00189734 0.00356275 0.00853967 0.0134986 0.0181716 0.0195721 0.014587 
0.00298984 -0.00951797 -0.0183105 -0.0218815 -0.0207162 -0.0168319 -0.0128022 -0.0097176 -0.00651754 -0.0020171 0.0028289 0.00582772 0.00607249 0.0045791 0.00285632 0.00145427 2.65638e-06 -0.00177056 -0.00361252 -0.00506436 -0.00556549 -0.00437938 -0.00111384 0.00333777 0.00719225 0.010127 0.0138097 0.018368 0.0200286 0.0146293 
-0.0049261 -0.0176516 -0.025864 -0.0279355 -0.0249447 -0.0195559 -0.0145988 -0.0108953 -0.00695719 -0.00160781 0.00373524 0.00664537 0.00658267 0.00500157 0.00338915 0.0020531 0.000580222 -0.00115641 -0.00275926 -0.00370665 -0.00355652 -0.00195762 0.000964662 0.00395073 0.0053195 0.00543148 0.00683439 0.0102628 0.0119333 0.00685468 
-0.0146945 -0.0271845 -0.033798 -0.0328045 -0.0265689 -0.0190475 -0.0133315 -0.00965063 -0.00594217 -0.000843753 0.00423597 0.00689972 0.00672348 0.0051927 0.00358695 0.00204378 0.000267895 -0.00164736 -0.00321333 -0.00396899 -0.00369949 -0.00241196 -0.000476704 0.000908484 0.000338142 -0.00157791 -0.00209391 3.05261e-05 0.00154368 -0.00305997 
-0.0216715 -0.0339819 -0.0389629 -0.0349334 -0.0257913 -0.0167952 -0.0110172 -0.00803052 -0.00545145 -0.00163376 0.00261799 0.00522415 0.00548347 0.0043853 0.0028388 0.000943678 -0.00130262 -0.0034842 -0.00500582 -0.00549183 -0.00493311 -0.00361109 -0.0020553 -0.00138878 -0.00291087 -0.00606578 -0.00804957 -0.00703886 -0.00570623 -0.0100147 
-0.0265725 -0.0380742 -0.0409249 -0.0340074 -0.0228397 -0.013628 -0.00892085 -0.00743414 -0.00651109 -0.00421775 -0.00072965 0.00206941 0.00299836 0.00245323 0.00101084 -0.00122185 -0.00393519 -0.00632722 -0.00761351 -0.00745301 -0.0059813 -0.00370536 -0.00142595 -0.000518547 -0.00253666 -0.00701868 -0.010754 -0.0111516 -0.0104872 -0.0149875 
-0.031222 -0.0408571 -0.0408145 -0.0309023 -0.0181474 -0.0095574 -0.00702717 -0.00799645 -0.00890934 -0.00750527 -0.00407513 -0.000908904 0.0004339 0.000149154 -0.00130588 -0.00384399 -0.00693487 -0.00939729 -0.0102266 -0.00915039 -0.00648027 -0.00289351 0.00051747 0.00190145 -0.000702012 -0.00673081 -0.0123477 -0.0144293 -0.0150758 -0.0201943 
-0.0328867 -0.0405575 -0.0382485 -0.0261606 -0.012075 -0.00391177 -0.00365644 -0.00756303 -0.0105208 -0.0097333 -0.00612196 -0.00274036 -0.00136807 -0.00174743 -0.00342184 -0.00629621 -0.0096558 -0.0120239 -0.0122612 -0.0102238 -0.00637554 -0.00144521 0.00318629 0.00502116 0.00173625 -0.00567208 -0.0126675 -0.0159524 -0.017607 -0.0229363 
-0.0265593 -0.0328073 -0.0299852 -0.017821 -0.00349152 0.00461416 0.00358256 -0.00261888 -0.00775359 -0.00844411 -0.00577944 -0.00306933 -0.00218797 -0.00295788 -0.00500969 -0.00821043 -0.0116948 -0.0138662 -0.0135589 -0.0106127 -0.00539303 0.00139085 0.00787976 0.0107072 0.00718586 -0.00115239 -0.00900044 -0.0126933 -0.0141319 -0.018355 
-0.0119953 -0.0164625 -0.0140938 -0.00410099 0.00814566 0.015256 0.0138306 0.00705511 0.000608159 -0.00232834 -0.00222874 -0.00154262 -0.00192327 -0.00346151 -0.00600973 -0.00944968 -0.0129001 -0.0148713 -0.0142241 -0.010495 -0.00365412 0.00554876 0.0145964 0.0193026 0.0166219 0.00825 -3.71322e-05 -0.0038889 -0.00448948 -0.00656308 
0.00467877 0.0030735 0.00516816 0.0115473 0.0190462 0.0229985 0.0212699 0.0160757 0.0105815 0.00628157 0.00350305 0.00155043 -0.00060309 -0.00331239 -0.00659433 -0.0102899 -0.0136097 -0.0153667 -0.0145229 -0.0101904 -0.00184598 0.00964774 0.0211722 0.0280751 0.0271143 0.0197222 0.0114386 0.00700909 0.00651742 0.00649415 
0.0167804 0.0181855 0.0199804 0.0219529 0.0229176 0.0219143 0.0196298 0.0176176 0.0155221 0.0121903 0.00834742 0.00490227 0.00139262 -0.00264286 -0.0069927 -0.0111393 -0.0143347 -0.0158043 -0.0147745 -0.010088 -0.000772915 0.0123016 0.0256302 0.0343207 0.0350476 0.0288989 0.0207647 0.0152798 0.0139192 0.01517 
0.0215273 0.0247172 0.0254747 0.0226357 0.0168027 0.0107346 0.00793611 0.00923922 0.0112399 0.0108425 0.00883497 0.00648504 0.00309545 -0.00178745 -0.00723633 -0.0119984 -0.0151733 -0.0163378 -0.0151245 -0.0104114 -0.000912333 0.0127433 0.0270649 0.0371007 0.0393304 0.0343509 0.0263072 0.0195338 0.0166406 0.0179619 
0.0198409 0.0238231 0.0231318 0.0156097 0.00392235 -0.00587319 -0.00881842 -0.00545616 -0.00088917 0.00176637 0.00354663 0.00473053 0.00332279 -0.00131843 -0.00741838 -0.0128051 -0.0161531 -0.0171027 -0.0156132 -0.0108815 -0.00173485 0.0113701 0.0254969 0.0363939 0.0405925 0.0376871 0.0303124 0.0220026 0.0163852 0.0159799 
0.0157704 0.0213146 0.0198864 0.00812838 -0.00858526 -0.020965 -0.0238756 -0.0199393 -0.0149281 -0.0105126 -0.00500389 0.000446667 0.00203258 -0.00147187 -0.00772687 -0.0136871 -0.0173938 -0.0181854 -0.0160281 -0.0105649 -0.00143659 0.0104113 0.0228213 0.0334628 0.0400326 0.040777 0.0352441 0.0250347 0.0151727 0.011734 
0.0153723 0.0241811 0.023137 0.00759486 -0.0139612 -0.0289254 -0.0323522 -0.0289337 -0.0247179 -0.0199024 -0.0122057 -0.00375317 0.000305937 -0.00195986 -0.00808319 -0.0144472 -0.018505 -0.0190642 -0.0157159 -0.00843577 0.00183452 0.0128368 0.0227826 0.0318921 0.0402112 0.0449188 0.0416358 0.0294924 0.0153644 0.00960892 
0.0229285 0.0351196 0.0346386 0.0163364 -0.00877498 -0.0260378 -0.0310905 -0.029791 -0.0276879 -0.0239197 -0.0161397 -0.00688839 -0.00167493 -0.00288951 -0.00843194 -0.0146954 -0.0188196 -0.0190175 -0.014233 -0.00446458 0.00813591 0.0195818 0.0276293 0.0345182 0.0429721 0.0500298 0.0484471 0.0356088 0.0198123 0.0142213 
0.037181 0.0503884 0.0500314 0.0321359 0.00824744 -0.00855979 -0.0162197 -0.0204283 -0.0240169 -0.0241889 -0.0187419 -0.0105738 -0.00504329 -0.004895 -0.00897216 -0.0143168 -0.0180127 -0.017705 -0.0116565 0.000383669 0.0155523 0.0282911 0.0352379 0.0395558 0.0462965 0.0536415 0.0536544 0.0429103 0.0294904 0.0263891 
0.0530351 0.0647277 0.0654612 0.0535977 0.0381462 0.0259908 0.0147529 0.000477278 -0.0139759 -0.0221172 -0.0215771 -0.0157952 -0.0101688 -0.00810592 -0.00986549 -0.0135021 -0.0161961 -0.0151852 -0.00829924 0.00494521 0.0214427 0.0347177 0.0404458 0.042047 0.0462784 0.0532055 0.0557961 0.0501223 0.0421977 0.0423465 
0.066504 0.0762549 0.0802004 0.0785003 0.0753368 0.0695051 0.0541424 0.0281832 0.000950102 -0.0171857 -0.0233322 -0.0210764 -0.0159065 -0.0121404 -0.0115111 -0.0130885 -0.0143286 -0.012406 -0.00514923 0.00782457 0.0233419 0.0349624 0.0385746 0.0381049 0.0411807 0.0490216 0.0554895 0.0561591 0.0544373 0.0573089 
0.0745197 0.0831334 0.0903116 0.0966402 0.1023 0.10109 0.0840757 0.0518976 0.0168207 -0.00902825 -0.0218288 -0.024094 -0.0207082 -0.0165366 -0.0144017 -0.0142346 -0.0139859 -0.0111268 -0.00387247 0.00764869 0.0201445 0.0280486 0.0289065 0.0278911 0.0326174 0.0436025 0.0542539 0.0597863 0.0623251 0.0667585 
0.0746953 0.0825324 0.0895408 0.0965303 0.103659 0.105265 0.0923708 0.0638121 0.029617 0.00127519 -0.016138 -0.0230498 -0.0228027 -0.019915 -0.0176581 -0.0166608 -0.0155121 -0.0121274 -0.00518204 0.00455096 0.0135073 0.0171753 0.0153956 0.0150919 0.0233565 0.0383769 0.0516346 0.0584371 0.0620291 0.067219 
0.0747667 0.0810226 0.0818728 0.0809625 0.083387 0.0871485 0.0824548 0.0635527 0.0362123 0.0104701 -0.00791084 -0.0177396 -0.0206635 -0.0200873 -0.0189752 -0.018315 -0.0172989 -0.0142449 -0.00801348 0.000277893 0.00664321 0.00705005 0.00317592 0.00366685 0.0150976 0.0328513 0.0462424 0.0519286 0.0563747 0.0648211 
0.0985643 0.100581 0.0866224 0.0685759 0.0605973 0.0638248 0.0651291 0.0540057 0.0337686 0.013518 -0.00169214 -0.0108223 -0.0148842 -0.0162235 -0.0168656 -0.0174878 -0.0175695 -0.0157457 -0.0107897 -0.0036736 0.00133582 9.78271e-05 -0.00486856 -0.00386475 0.0093148 0.0281551 0.0414494 0.0491794 0.0615114 0.0815024 
0.167902 0.163179 0.126058 0.0813014 0.0545224 0.0493889 0.0487978 0.0388675 0.0223905 0.0078588 -0.00151072 -0.00638302 -0.00858445 -0.0102125 -0.0122274 -0.0143535 -0.015869 -0.0156382 -0.01238 -0.00664634 -0.00246876 -0.00401039 -0.00873039 -0.00696798 0.00723548 0.0274307 0.0444847 0.0629341 0.0951977 0.138068 
0.266879 0.258001 0.198363 0.124158 0.0719388 0.0496847 0.0391412 0.0246104 0.0082824 -0.00250652 -0.00661974 -0.00657409 -0.0054619 -0.00582379 -0.00803441 -0.0108664 -0.0131675 -0.0139956 -0.0122513 -0.00811988 -0.00493369 -0.0064294 -0.0103428 -0.00775532 0.0073137 0.0302324 0.0553548 0.0909499 0.149575 0.220469 
