0.286768 0.203022 0.105265 0.0324288 -0.00326549 -0.00782167 0.00163751 0.00781848 0.00611242 0.00214335 -1.95096e-05 -0.00115407 -0.0028389 -0.00588918 -0.0107637 -0.0164097 -0.0203272 -0.021132 -0.019663 -0.0172238 -0.0133656 -0.0049626 0.012804 0.0423276 0.07826 0.111246 0.14396 0.194221 0.263002 0.30895 
0.285919 0.22034 0.137094 0.0708974 0.0321829 0.0164314 0.0121679 0.00851297 0.00315561 -0.000589418 -0.0014736 -0.00121971 -0.00197165 -0.0052057 -0.0108417 -0.0167637 -0.0206396 -0.0221575 -0.0222481 -0.0205591 -0.0149377 -0.00286688 0.0179381 0.0481962 0.0824974 0.111083 0.136005 0.177367 0.24188 0.293263 
0.219561 0.181668 0.126951 0.0805859 0.0497983 0.0319906 0.0213382 0.0126951 0.00589048 0.00261425 0.00164459 0.000585273 -0.00184511 -0.00624817 -0.0121712 -0.0176964 -0.0213029 -0.0234336 -0.024596 -0.0226616 -0.0142563 0.00139005 0.0225067 0.047122 0.0706781 0.0859066 0.0955936 0.119166 0.166932 0.21304 
0.140096 0.122472 0.0918411 0.0641494 0.0439475 0.0303387 0.0208684 0.0129286 0.00696528 0.00424787 0.00292509 0.000499084 -0.00336448 -0.00822471 -0.0136582 -0.0185348 -0.0218071 -0.0235416 -0.0234277 -0.0190749 -0.00819831 0.00772557 0.0248499 0.040866 0.0531834 0.0571889 0.0555712 0.0643541 0.0940222 0.12842 
0.0843935 0.0718365 0.0512693 0.0333919 0.0210733 0.0138888 0.0101802 0.00712304 0.00403059 0.00200382 0.000225526 -0.00287537 -0.0069838 -0.0112415 -0.0155551 -0.0195336 -0.0221158 -0.0222602 -0.018832 -0.0106846 0.00167129 0.0152476 0.0273298 0.0376896 0.0451122 0.0454011 0.0398421 0.0407989 0.0570335 0.0778887 
0.0565688 0.0384691 0.0171852 0.00224184 -0.00447013 -0.00469293 -0.00129589 0.00166185 0.00185133 -3.55244e-05 -0.00320298 -0.00743698 -0.0117194 -0.0151869 -0.0181638 -0.0209115 -0.0224592 -0.0208985 -0.0144772 -0.00338472 0.00951454 0.0212143 0.031753 0.0426443 0.0515227 0.0525744 0.0464346 0.0439526 0.05177 0.0605997 
0.0472266 0.0218265 -0.00306769 -0.0165794 -0.0172961 -0.0101234 -0.00113884 0.00443022 0.00437328 0.000360378 -0.00509171 -0.0106491 -0.0152937 -0.0183213 -0.020179 -0.0216857 -0.0224065 -0.0202659 -0.0130948 -0.00140783 0.0113792 0.0232948 0.0362729 0.0511507 0.0623972 0.063199 0.0564613 0.0536841 0.0585825 0.0602111 
0.0435409 0.0157762 -0.00880873 -0.01783 -0.0104211 0.0043461 0.0159574 0.0184097 0.0122204 0.00277735 -0.00523977 -0.0111294 -0.0156094 -0.0184376 -0.0196663 -0.0203797 -0.0208544 -0.019295 -0.0133108 -0.00289003 0.00941314 0.0226236 0.0385326 0.0554882 0.0653682 0.0628354 0.0550592 0.0542741 0.0603628 0.0599747 
0.0332978 0.0096431 -0.00836379 -0.00860157 0.00856087 0.030321 0.0424525 0.0388453 0.0237946 0.00753177 -0.00295184 -0.00851849 -0.012532 -0.0153961 -0.0165137 -0.0169481 -0.0175192 -0.0167641 -0.0123014 -0.00359836 0.00783246 0.0214199 0.0376083 0.0525877 0.0579811 0.0512791 0.042488 0.0428793 0.0493853 0.0485377 
0.0168626 -0.000496131 -0.0103746 -0.00185783 0.0233843 0.0501927 0.0625139 0.0548548 0.0342366 0.0137968 0.0017076 -0.00392439 -0.00802798 -0.0113443 -0.0127929 -0.0133088 -0.0139795 -0.0135902 -0.0100435 -0.00293763 0.00662545 0.0182863 0.0317197 0.0428039 0.0447901 0.0369503 0.0284173 0.0277817 0.0316066 0.0294375 
0.00891325 -0.00596231 -0.014125 -0.00390864 0.0234022 0.0518953 0.0651492 0.0583109 0.038818 0.0192869 0.00730391 0.00108331 -0.00392376 -0.00822352 -0.0104982 -0.011487 -0.0123261 -0.0120511 -0.00910092 -0.00381237 0.00253457 0.0100949 0.0192501 0.0274526 0.0301792 0.0264976 0.021582 0.0206232 0.0219801 0.0193377 
0.0215993 0.00350843 -0.0126835 -0.011132 0.0103923 0.0370949 0.0525813 0.0512912 0.0384375 0.0236373 0.0130672 0.0060232 -0.000412557 -0.00616922 -0.00978772 -0.0117131 -0.0130271 -0.0130772 -0.0108772 -0.00752635 -0.00461763 -0.00138573 0.00393152 0.0110126 0.0173985 0.0212884 0.0236006 0.0263812 0.0297601 0.0301278 
0.0512386 0.0275106 -0.00212108 -0.0162056 -0.00630366 0.016213 0.0349596 0.0416005 0.0371257 0.027571 0.0182259 0.0101477 0.0022834 -0.00488673 -0.00994607 -0.0130178 -0.0149848 -0.0154037 -0.0136832 -0.0113529 -0.0102459 -0.00937913 -0.00625819 0.000113056 0.00889192 0.0188069 0.0291361 0.0396877 0.0502345 0.0571473 
0.0815644 0.0543977 0.0141746 -0.0146003 -0.0176661 -0.00118742 0.0195784 0.0331132 0.0356591 0.0299067 0.0208894 0.0116989 0.00290968 -0.00497755 -0.0109273 -0.014836 -0.0171295 -0.0172709 -0.0149082 -0.0118921 -0.0104228 -0.00985638 -0.00786693 -0.00322765 0.00450044 0.0162381 0.0324181 0.0514944 0.0706921 0.0844644 
0.0970764 0.0714502 0.0294182 -0.00642339 -0.0197632 -0.0114627 0.00707354 0.0237925 0.0312038 0.0284544 0.0198794 0.0101522 0.00115814 -0.0066382 -0.0126693 -0.016723 -0.0186517 -0.0176363 -0.0135639 -0.00876643 -0.00612389 -0.00572739 -0.00550839 -0.00371633 0.00145371 0.0128036 0.0318577 0.0560379 0.0801444 0.0973881 
0.0933474 0.0743871 0.0391707 0.00462947 -0.0146486 -0.0155604 -0.0035899 0.0121294 0.0223075 0.0225132 0.0154925 0.00652995 -0.00167895 -0.00862521 -0.0140239 -0.0175653 -0.0186432 -0.0162393 -0.0105145 -0.00430079 -0.00122823 -0.00217673 -0.00489372 -0.00611845 -0.00258511 0.00848923 0.0275229 0.0511173 0.0741026 0.0909292 
0.0748882 0.0653035 0.0410605 0.0128507 -0.00752187 -0.0149359 -0.0101046 0.00186616 0.0121298 0.0141413 0.00907728 0.00201513 -0.00428582 -0.00957799 -0.013835 -0.0166091 -0.0169823 -0.0138963 -0.00771304 -0.00141913 0.00110484 -0.00150799 -0.00690639 -0.0105458 -0.00815943 0.00192349 0.0180108 0.0365369 0.0544767 0.0690957 
0.049297 0.0484081 0.0350321 0.0151482 -0.00157912 -0.00992333 -0.00913438 -0.00156809 0.00617876 0.00783014 0.00378612 -0.00151254 -0.00578806 -0.00933286 -0.0124428 -0.0145895 -0.0147374 -0.0119489 -0.00667341 -0.00155071 7.98841e-05 -0.00322491 -0.00975164 -0.0151419 -0.0149128 -0.00791606 0.00325579 0.0156105 0.028186 0.0405085 
0.0254597 0.0303294 0.0258646 0.0147177 0.0044467 -0.000747068 -0.000637208 0.00367052 0.00819576 0.00815868 0.00364952 -0.00159524 -0.00555216 -0.00858664 -0.0111219 -0.0127978 -0.0128738 -0.0107601 -0.00689686 -0.00323103 -0.002179 -0.00518258 -0.0117007 -0.0184637 -0.0210806 -0.0179579 -0.0112107 -0.00321239 0.00564203 0.0156641 
0.0107801 0.0177356 0.0199122 0.0169662 0.0131893 0.011476 0.0121081 0.0148898 0.0174273 0.0158209 0.00972036 0.00243255 -0.0035112 -0.00767786 -0.0102964 -0.011501 -0.0112777 -0.00951096 -0.00649516 -0.00344428 -0.00219178 -0.00456479 -0.0110627 -0.0189789 -0.023585 -0.0225231 -0.0173438 -0.0106467 -0.00386025 0.00304011 
0.00763695 0.013528 0.0196771 0.0229362 0.0234806 0.0229375 0.0230264 0.0250117 0.0270029 0.0248667 0.0175415 0.00803857 -0.000364024 -0.00613578 -0.00913584 -0.0100062 -0.00943064 -0.00757944 -0.00447597 -0.000891241 0.00121434 -0.000751616 -0.0077142 -0.0164692 -0.0214467 -0.0197036 -0.0128052 -0.00459921 0.00136582 0.00439061 
0.0124142 0.0156434 0.0225479 0.0281526 0.0294111 0.027065 0.0247003 0.0253555 0.0274184 0.0262583 0.0199779 0.0108637 0.00222482 -0.00386982 -0.00696509 -0.00779601 -0.0071915 -0.00523819 -0.00169776 0.00268592 0.00536768 0.00308441 -0.00487353 -0.0142964 -0.0187294 -0.0148197 -0.00441303 0.00701289 0.0135339 0.0136242 
0.0184625 0.0184338 0.0226863 0.0262792 0.0251488 0.0197432 0.0145863 0.0136771 0.0158689 0.0166906 0.013702 0.0080834 0.0022991 -0.00195663 -0.0042516 -0.00502631 -0.00469806 -0.00303965 0.000344519 0.00458364 0.00671737 0.00329667 -0.00596644 -0.0162186 -0.0205045 -0.015002 -0.00143967 0.0136417 0.0224093 0.0221785 
0.0211742 0.017289 0.0160987 0.0149174 0.0109361 0.00448613 -0.000913773 -0.00217106 -0.00011034 0.00197671 0.00215908 0.000966897 -0.000352281 -0.00127645 -0.00187876 -0.00225917 -0.0022562 -0.00132882 0.00103538 0.00405771 0.00494086 0.000511286 -0.00940285 -0.0202454 -0.025281 -0.0201332 -0.00554551 0.01214 0.0240053 0.0256782 
0.0203052 0.0132581 0.00618959 -0.000110152 -0.00552773 -0.00980674 -0.0122052 -0.0123049 -0.0110009 -0.00959438 -0.00825098 -0.00624228 -0.0035394 -0.00119596 -4.2896e-05 7.20849e-05 -0.000201523 -0.000106556 0.000993589 0.00267769 0.00276546 -0.00145779 -0.0104757 -0.0208903 -0.0270119 -0.0241648 -0.0114541 0.00626484 0.0201167 0.0242618 
0.0186954 0.0115764 0.0012971 -0.00864422 -0.0147426 -0.0162464 -0.0152346 -0.0141842 -0.0141656 -0.0144975 -0.0134472 -0.00988595 -0.00478724 -0.000494793 0.00161462 0.00191895 0.00140674 0.000922965 0.00114685 0.00203135 0.00207791 -0.00101468 -0.00815899 -0.0172847 -0.0241788 -0.0244362 -0.0156409 -0.000458936 0.013534 0.0201151 
0.0177133 0.0136739 0.00407623 -0.00700091 -0.0139736 -0.015045 -0.0132925 -0.0124155 -0.0133334 -0.0144235 -0.0133968 -0.00927932 -0.00355562 0.00104858 0.0031373 0.00328793 0.00261084 0.00187046 0.00164119 0.00208145 0.00220831 8.48015e-05 -0.00539793 -0.0130756 -0.0200608 -0.022691 -0.0178127 -0.00613488 0.00676259 0.0153452 
0.0142838 0.0135425 0.00691824 -0.0027462 -0.0101404 -0.0127675 -0.0126853 -0.0126138 -0.0129714 -0.0126412 -0.0104631 -0.00617857 -0.00111457 0.00260917 0.00405174 0.00389336 0.00311961 0.00227648 0.00174269 0.00172698 0.001657 9.41008e-05 -0.0039827 -0.0100169 -0.0161587 -0.0195974 -0.0173277 -0.00910567 0.00131216 0.0097663 
0.00576226 0.00581924 0.00147238 -0.0058476 -0.0124414 -0.0159736 -0.0169944 -0.0164798 -0.0144372 -0.0110553 -0.00700771 -0.00278586 0.00098803 0.00335692 0.00398631 0.00350414 0.00262758 0.00167154 0.00082586 0.000281228 -0.000120072 -0.00111646 -0.00351455 -0.00743788 -0.0119807 -0.0150441 -0.0142759 -0.00948155 -0.0031115 0.00236803 
-0.00573074 -0.00721396 -0.011405 -0.0172285 -0.0221535 -0.0244896 -0.0242555 -0.0216065 -0.0165153 -0.0101895 -0.00460562 -0.000636491 0.0019246 0.00320974 0.00330943 0.00266035 0.00170743 0.000622307 -0.000525031 -0.00159587 -0.00243646 -0.00311778 -0.00415287 -0.00620357 -0.00910339 -0.0113351 -0.0114219 -0.00971285 -0.00769467 -0.00622156 
-0.0166904 -0.019703 -0.0241648 -0.028902 -0.031902 -0.0320947 -0.0297737 -0.0251401 -0.0182155 -0.0104562 -0.00421679 -0.000407777 0.00166808 0.00268848 0.00286597 0.00242206 0.00160088 0.000505764 -0.000849736 -0.00243326 -0.00404612 -0.00535908 -0.00644373 -0.00791572 -0.00984683 -0.0112265 -0.0115831 -0.0119583 -0.0131564 -0.0147745 
-0.0258401 -0.0286616 -0.0315412 -0.0340474 -0.0350324 -0.0339002 -0.0309779 -0.026291 -0.0195983 -0.0120743 -0.00589654 -0.00192338 0.000533374 0.0021159 0.00295411 0.00313868 0.00279043 0.00195022 0.000574574 -0.00146254 -0.00408464 -0.00674257 -0.00899893 -0.0110474 -0.0128667 -0.0138324 -0.0142834 -0.0158383 -0.0190415 -0.0226935 
-0.0333779 -0.0347386 -0.0344888 -0.0337485 -0.0327452 -0.0312742 -0.0292105 -0.0259556 -0.0208015 -0.0144656 -0.00873507 -0.00443184 -0.00118178 0.00132465 0.00306679 0.0040818 0.00441993 0.00404363 0.00281652 0.000475745 -0.0029226 -0.0065827 -0.00971443 -0.0123074 -0.0144221 -0.0157556 -0.0169114 -0.0195874 -0.0243483 -0.0296354 
-0.0389697 -0.0389264 -0.0359768 -0.0325523 -0.0299797 -0.0283016 -0.0269435 -0.0248748 -0.0211875 -0.0162043 -0.0111787 -0.00678894 -0.00296258 0.000273674 0.00274399 0.00443406 0.00534608 0.00536321 0.00424025 0.00168254 -0.00205748 -0.00589513 -0.0089477 -0.0113791 -0.0136704 -0.0158996 -0.0184345 -0.022422 -0.0284267 -0.0349147 
-0.0417927 -0.0410802 -0.0368097 -0.0319757 -0.0284111 -0.0262123 -0.0245582 -0.0225084 -0.0195167 -0.0157498 -0.0117937 -0.00792737 -0.0041628 -0.000732877 0.00204335 0.00406406 0.00528144 0.00548174 0.00428199 0.00142966 -0.00254432 -0.00635185 -0.00913098 -0.0112126 -0.0135032 -0.0164665 -0.02005 -0.0246248 -0.0308511 -0.0376507 
-0.0422388 -0.0418001 -0.0373476 -0.0319003 -0.0275999 -0.0246017 -0.0219063 -0.0189269 -0.0159372 -0.0132737 -0.0107771 -0.0080055 -0.00481545 -0.00159185 0.00117123 0.00327966 0.00467076 0.00501761 0.00371518 0.000461755 -0.00408314 -0.00856344 -0.0119508 -0.0142365 -0.0163395 -0.0190698 -0.0222608 -0.0259483 -0.0312392 -0.0377792 
-0.0416486 -0.0425084 -0.0388319 -0.0332351 -0.0281489 -0.0241315 -0.0202282 -0.0161166 -0.0128447 -0.0110946 -0.0100323 -0.00832306 -0.0055861 -0.00249086 0.00019878 0.00226963 0.00376976 0.00431893 0.00304754 -0.000566358 -0.00599562 -0.0119187 -0.0168231 -0.0197118 -0.0210093 -0.0220465 -0.0233755 -0.0253877 -0.0296204 -0.0361853 
-0.0403557 -0.0430157 -0.0408711 -0.0355741 -0.0295801 -0.0243681 -0.0196362 -0.0151289 -0.0119899 -0.0109599 -0.0107385 -0.0093883 -0.00653638 -0.00332207 -0.000759953 0.00108299 0.00248175 0.00310356 0.00195909 -0.00167045 -0.00755733 -0.0145857 -0.0207613 -0.0238732 -0.0236423 -0.0222721 -0.0217728 -0.0229377 -0.0269033 -0.0337538 
-0.0370625 -0.0409304 -0.0402818 -0.0354193 -0.0285776 -0.0224299 -0.0177264 -0.0140855 -0.0119817 -0.0116763 -0.0116289 -0.00995388 -0.00672443 -0.00352304 -0.00132602 0.000121572 0.00125431 0.00177568 0.000823804 -0.00224396 -0.0074456 -0.0140826 -0.0201181 -0.0225901 -0.0208297 -0.0181136 -0.0177155 -0.0198336 -0.0240586 -0.0304135 
-0.029094 -0.0329017 -0.0331196 -0.0287958 -0.0219631 -0.0161308 -0.0126616 -0.0108305 -0.010314 -0.0108447 -0.0108863 -0.00900771 -0.005824 -0.00304816 -0.00130414 -4.19443e-05 0.00105896 0.00156459 0.00085052 -0.00134925 -0.0050055 -0.00979787 -0.0140995 -0.0151019 -0.0125145 -0.0105102 -0.0124212 -0.016481 -0.0202149 -0.0242356 
-0.0145199 -0.0171388 -0.0179809 -0.0151866 -0.0103156 -0.00669999 -0.0055543 -0.00582957 -0.00683802 -0.0082795 -0.00892843 -0.00768852 -0.00523221 -0.00299336 -0.00128654 0.000377897 0.0019085 0.00258188 0.00196863 0.000342451 -0.00184869 -0.0043315 -0.00603642 -0.00518033 -0.00260991 -0.00276138 -0.00750833 -0.0124632 -0.013665 -0.0131964 
0.00359322 0.00264098 0.000764617 0.000553549 0.00183355 0.0024351 0.00120547 -0.00106738 -0.00351379 -0.0058776 -0.0074919 -0.00751079 -0.00612069 -0.00416969 -0.0019871 0.000417685 0.00247224 0.00323708 0.00242062 0.000802272 -0.000594771 -0.00125652 -0.000572755 0.00185468 0.00388697 0.00164182 -0.00452119 -0.00822493 -0.0052331 0.000665302 
0.0183322 0.0185434 0.015093 0.0115049 0.00979149 0.00895062 0.00673925 0.00278331 -0.00141436 -0.00476668 -0.00710309 -0.00817722 -0.0076973 -0.00588693 -0.00331819 -0.00058252 0.00154077 0.0021312 0.000981095 -0.000821684 -0.00185855 -0.00142862 0.000788863 0.00424823 0.00612005 0.00332813 -0.00228231 -0.00383214 0.00249957 0.0122186 
0.0262239 0.0264255 0.0212847 0.015493 0.0130088 0.0131233 0.011571 0.00633144 -6.13064e-05 -0.00472307 -0.0074988 -0.00902481 -0.00902388 -0.00741596 -0.00500695 -0.00262762 -0.0008915 -0.000559955 -0.00177883 -0.0032884 -0.00361405 -0.00227493 0.000831847 0.0051628 0.00809907 0.00679815 0.00283666 0.00230163 0.00893943 0.0191986 
0.029861 0.0292927 0.0229705 0.0164702 0.0146571 0.016498 0.0161052 0.0100677 0.00150849 -0.00498597 -0.00862582 -0.0105061 -0.010728 -0.00937226 -0.00736969 -0.0054359 -0.00395661 -0.00363538 -0.00450421 -0.00509389 -0.00411638 -0.00170553 0.00198898 0.0070985 0.0118077 0.012994 0.0108666 0.0102024 0.0150482 0.0236237 
0.0335212 0.0325223 0.0255862 0.0185811 0.0168334 0.0194897 0.0201695 0.0143469 0.00452967 -0.00408161 -0.00959894 -0.0125664 -0.0132904 -0.0122697 -0.0105071 -0.00853038 -0.00672887 -0.00598191 -0.00626178 -0.00592765 -0.00388604 -0.000771287 0.00309998 0.00843083 0.0140869 0.0169327 0.0164537 0.0163781 0.0204437 0.0278975 
0.0376986 0.0369453 0.0291166 0.0200359 0.0163685 0.0189283 0.0214925 0.0178151 0.00850691 -0.00154484 -0.00920297 -0.0137716 -0.0154134 -0.0149803 -0.0134599 -0.0112058 -0.00876268 -0.0073575 -0.00715065 -0.00652188 -0.00434857 -0.00119727 0.00264077 0.00768995 0.0126665 0.0150584 0.0154458 0.0173835 0.0231629 0.0314831 
0.0374353 0.0366213 0.0274523 0.0153179 0.00879951 0.0114754 0.0173654 0.017662 0.0105767 0.000698833 -0.007739 -0.0131559 -0.0156298 -0.0160587 -0.0151159 -0.0129127 -0.0101742 -0.00848154 -0.0082127 -0.00771381 -0.00561857 -0.00220855 0.00212034 0.00690081 0.00986011 0.00955735 0.00923906 0.013187 0.0214446 0.0309136 
0.0294054 0.027167 0.0178543 0.00536749 -0.00163051 0.00229084 0.0114969 0.0152547 0.0103038 0.00151503 -0.00626562 -0.0115362 -0.0145672 -0.0159016 -0.0156188 -0.0136981 -0.0111904 -0.00985307 -0.00977651 -0.00884391 -0.00559638 -0.000674716 0.00492054 0.00959706 0.0100938 0.00614703 0.00391411 0.00853051 0.0174815 0.0254632 
0.02036 0.0150548 0.00733503 -0.00122484 -0.00482087 0.00119473 0.0114413 0.0154576 0.0105383 0.00211165 -0.00519893 -0.0105694 -0.0143283 -0.0163515 -0.0162269 -0.0141832 -0.011807 -0.0107999 -0.0104118 -0.00778061 -0.00181704 0.0056565 0.0128303 0.0177695 0.0170182 0.0110855 0.00771614 0.0120837 0.0193291 0.0224536 
0.0217956 0.0122055 0.00492962 0.000149297 0.000528532 0.00815835 0.0171089 0.0186574 0.0121117 0.00312539 -0.0046839 -0.0110167 -0.0157707 -0.0181975 -0.0177614 -0.0150784 -0.0121564 -0.0105499 -0.00876567 -0.00355059 0.00539982 0.0150435 0.0233913 0.0293413 0.0300025 0.0257317 0.0237493 0.0282903 0.0331438 0.0307141 
0.0361875 0.0230312 0.0129054 0.00651831 0.00654195 0.0138266 0.0212207 0.020728 0.0129717 0.00338126 -0.00524616 -0.012474 -0.0177021 -0.0202081 -0.0196261 -0.0164641 -0.0125583 -0.00934154 -0.00531202 0.00224863 0.0126247 0.0223816 0.0305604 0.0377453 0.041775 0.0418594 0.0431291 0.0488186 0.0530439 0.048465 
0.0534355 0.0402613 0.0266349 0.0143419 0.00909827 0.0136416 0.0202496 0.0196465 0.0117449 0.00171259 -0.00731685 -0.0142158 -0.0185655 -0.0206432 -0.020376 -0.0174723 -0.012881 -0.0078361 -0.0016098 0.00697645 0.0162061 0.0234312 0.0296316 0.0370424 0.0439546 0.048058 0.0520903 0.0591337 0.0651884 0.0634075 
0.0619692 0.0524019 0.0383212 0.0218447 0.0115984 0.0131128 0.0190675 0.0186728 0.0104879 -0.000298597 -0.00949497 -0.0152317 -0.01783 -0.019042 -0.0192501 -0.0172951 -0.0129069 -0.00682109 0.000619984 0.00854478 0.0146442 0.0180295 0.0215198 0.0279789 0.0358214 0.0417209 0.0466554 0.0542626 0.0629463 0.0662894 
0.0610223 0.0555499 0.0439954 0.0288634 0.0192847 0.0208139 0.0261439 0.0247007 0.0150898 0.00250974 -0.00825304 -0.0144891 -0.0165805 -0.0172811 -0.0178187 -0.017003 -0.0136702 -0.00775074 -0.000366251 0.00582062 0.008516 0.00885472 0.0105968 0.016046 0.0235272 0.0294112 0.0338212 0.0412978 0.0522474 0.0602124 
0.058296 0.0551632 0.0466601 0.0369106 0.033607 0.0390139 0.0446419 0.0414918 0.0294372 0.0134257 -0.0017308 -0.0120645 -0.0166671 -0.0182474 -0.0190995 -0.0190478 -0.0168422 -0.0116925 -0.00499488 -0.000413243 0.000188324 -0.000603557 0.000957451 0.00617454 0.0131433 0.0180687 0.021037 0.0282227 0.0417036 0.0539357 
0.0563257 0.0533682 0.0469069 0.04369 0.049134 0.0607391 0.0679863 0.0631561 0.0476587 0.0270639 0.00655711 -0.009164 -0.0179827 -0.0217849 -0.0233211 -0.0235892 -0.0219149 -0.0172922 -0.0110793 -0.00708451 -0.00661701 -0.0065444 -0.00376006 0.00204771 0.00850032 0.0115308 0.011938 0.0182625 0.0341006 0.0500332 
0.0480518 0.0424271 0.0376392 0.0427155 0.0591604 0.0785643 0.087896 0.0803959 0.0600649 0.0353423 0.0122778 -0.00577481 -0.0174296 -0.0237002 -0.0265728 -0.0273096 -0.0258573 -0.0214801 -0.0154001 -0.011013 -0.00915706 -0.00675561 -0.00164612 0.00513002 0.0104043 0.0106297 0.00815388 0.012892 0.0285207 0.0440422 
0.0286833 0.0178503 0.0166365 0.0345158 0.0658896 0.0945175 0.105116 0.093354 0.0676583 0.0404395 0.0180355 0.000750275 -0.0121469 -0.0209294 -0.0259323 -0.0277587 -0.0267434 -0.0226493 -0.0165282 -0.0111914 -0.00725675 -0.00199492 0.0056346 0.0126403 0.0152257 0.0124395 0.00908322 0.0132266 0.0251021 0.0332468 
0.00477431 -0.0101986 -0.00453692 0.0291268 0.0761847 0.112728 0.123285 0.10785 0.0789845 0.051013 0.0293356 0.0118204 -0.00341506 -0.0155511 -0.023221 -0.0263737 -0.025837 -0.0219941 -0.0156471 -0.00887907 -0.0023481 0.00574074 0.0149203 0.0202761 0.0182654 0.0124763 0.0108315 0.0166237 0.0233658 0.0202825 
-0.0147572 -0.0278738 -0.0131193 0.0325266 0.0877514 0.126 0.135277 0.119658 0.0922033 0.0654001 0.0431052 0.0229269 0.00388183 -0.0117244 -0.0215171 -0.0255057 -0.0252184 -0.0215329 -0.0147712 -0.0059862 0.00389328 0.0146513 0.0238806 0.0258029 0.0178887 0.00791189 0.00691504 0.014106 0.0169236 0.00597512 
-0.0288492 -0.0334039 -0.0101461 0.0386819 0.090096 0.12192 0.128607 0.116096 0.0939071 0.0703767 0.0481758 0.0261943 0.00524503 -0.0113291 -0.0212899 -0.0253024 -0.0252053 -0.0217748 -0.0146524 -0.00374646 0.00963419 0.0225585 0.0306725 0.0286231 0.0148056 -0.00132333 -0.00641098 -0.00155496 -0.000921035 -0.0123473 
-0.0389524 -0.034857 -0.00795156 0.0360827 0.0765829 0.0988011 0.103138 0.0949725 0.0789206 0.0596071 0.0394799 0.0189871 0.000165819 -0.0137171 -0.0215721 -0.0248103 -0.0248523 -0.0218912 -0.0151225 -0.00343938 0.012087 0.0265045 0.0336699 0.028644 0.0102566 -0.0121701 -0.0240978 -0.0241656 -0.0241628 -0.030958 
-0.0410166 -0.0375441 -0.016881 0.016955 0.0476264 0.0652355 0.0715496 0.0691213 0.0586921 0.0431556 0.0256898 0.00810628 -0.00696922 -0.016865 -0.021811 -0.0238312 -0.0238134 -0.0216192 -0.0165609 -0.00663736 0.0086254 0.0241708 0.0321703 0.026664 0.00650178 -0.0190596 -0.0351319 -0.0378588 -0.0359573 -0.0372776 
-0.025322 -0.036123 -0.0342847 -0.0161129 0.00794695 0.0287722 0.0435829 0.0495941 0.0451674 0.0333764 0.018288 0.0025013 -0.0106977 -0.0184577 -0.0216046 -0.0227449 -0.0227536 -0.0215927 -0.0190177 -0.0125622 0.000297431 0.0162686 0.0268927 0.0244925 0.00736228 -0.015493 -0.0294636 -0.028834 -0.0207563 -0.0174462 
0.0209376 -0.0145827 -0.042022 -0.0464032 -0.0307386 -0.0047706 0.0208184 0.035901 0.0373098 0.0296428 0.017489 0.00311863 -0.00970717 -0.0172363 -0.0201586 -0.0214538 -0.0220562 -0.0218026 -0.0208155 -0.0172534 -0.00785581 0.00663571 0.019842 0.0242137 0.0167716 0.00406911 -0.000640425 0.010497 0.0304512 0.0390496 
0.105611 0.043097 -0.0176898 -0.0502842 -0.0499579 -0.025881 0.00447585 0.0240088 0.0282008 0.0235071 0.0150496 0.00401173 -0.00669591 -0.0134947 -0.0169372 -0.0195224 -0.0213796 -0.0216075 -0.0205312 -0.0179711 -0.0118715 -0.000800615 0.0136611 0.0272816 0.0357086 0.0401156 0.0506222 0.0779747 0.115552 0.133381 
0.211353 0.129579 0.0412811 -0.0180664 -0.038034 -0.0261468 -0.00218671 0.0137364 0.0162439 0.0123647 0.00747506 0.00172979 -0.0042514 -0.00896892 -0.0130679 -0.0174406 -0.0206596 -0.0211082 -0.0193273 -0.0166405 -0.0126118 -0.00452506 0.0108737 0.0338978 0.0594709 0.0824357 0.108626 0.152274 0.209324 0.241386 
