0.376196 0.366941 0.290585 0.190386 0.108174 0.0575854 0.0308517 0.0171426 0.0121929 0.0141833 0.0178498 0.0172434 0.0108166 0.00101453 -0.00872878 -0.0153954 -0.0173106 -0.0151647 -0.0115505 -0.00838158 -0.00412757 0.00441702 0.0158824 0.0233685 0.024041 0.0286311 0.0570209 0.121593 0.21578 0.314111 
0.410476 0.400388 0.316694 0.207138 0.11755 0.0624125 0.0338412 0.0206078 0.0168684 0.0192047 0.0219382 0.0193526 0.0105329 -0.00109153 -0.0115311 -0.01817 -0.020053 -0.0181294 -0.0149893 -0.0122763 -0.00748531 0.00343753 0.0187773 0.0307214 0.035829 0.0443048 0.075481 0.142143 0.239606 0.343494 
0.345293 0.339269 0.269044 0.174392 0.0962093 0.0497253 0.029308 0.0231146 0.022346 0.0226635 0.020918 0.0144951 0.00413611 -0.00659521 -0.0148994 -0.0199222 -0.0217979 -0.0213457 -0.0201488 -0.0183501 -0.012087 0.00262126 0.0223856 0.0377398 0.0441372 0.0498034 0.07155 0.12205 0.200069 0.286803 
0.2318 0.232244 0.185013 0.115886 0.0574143 0.0262818 0.0196044 0.0236287 0.0260147 0.022851 0.0154964 0.00561329 -0.00458151 -0.012515 -0.0175169 -0.0205258 -0.0223507 -0.0234021 -0.023896 -0.0222139 -0.0137905 0.00416857 0.0265155 0.0430271 0.0483704 0.0479269 0.054866 0.0811903 0.129345 0.188143 
0.132473 0.136511 0.108414 0.0620661 0.0216348 0.00393633 0.00830596 0.0200261 0.0246197 0.0189287 0.00800473 -0.00322848 -0.0119592 -0.0170462 -0.0194515 -0.0208835 -0.022265 -0.023686 -0.0242292 -0.0209589 -0.00964483 0.0104404 0.0328813 0.0481403 0.0511625 0.0450909 0.039861 0.0463902 0.0693952 0.103475 
0.0736441 0.0759511 0.0583363 0.0275439 -0.000429048 -0.011367 -0.00376474 0.0103534 0.017187 0.0128861 0.00251739 -0.0080307 -0.0155477 -0.0193889 -0.0208465 -0.0214201 -0.0218626 -0.0222135 -0.0210384 -0.0148282 -0.000151316 0.0217398 0.0434723 0.0564237 0.0566816 0.0471509 0.0360086 0.032247 0.0403617 0.057521 
0.0469159 0.0451848 0.0322783 0.0104795 -0.0110036 -0.0212868 -0.0165302 -0.00346004 0.0068282 0.00818402 0.00204665 -0.00679247 -0.0142897 -0.0188315 -0.0209 -0.0213631 -0.0207773 -0.0193799 -0.0159667 -0.00719007 0.0099634 0.0334673 0.0551958 0.0664934 0.0648469 0.0549231 0.0439644 0.0372195 0.0368611 0.0417847 
0.0321164 0.0289883 0.0195438 0.00232772 -0.0166954 -0.0280037 -0.0263693 -0.0143852 -0.000227728 0.00791607 0.00706677 -4.31935e-06 -0.00840384 -0.0148594 -0.0185531 -0.0197053 -0.0187542 -0.0162172 -0.0115507 -0.00201822 0.0154781 0.0393674 0.0611938 0.0717038 0.0696285 0.0617228 0.0538492 0.0464186 0.0392089 0.0342795 
0.0180076 0.0166152 0.0105508 -0.00398369 -0.0209663 -0.0306933 -0.0286479 -0.0164694 4.10597e-05 0.012699 0.0157566 0.0099048 0.000255289 -0.00849159 -0.014273 -0.0168168 -0.0165091 -0.0140125 -0.00937713 -0.0006719 0.0151246 0.03716 0.0573761 0.066639 0.0646362 0.0588496 0.0532786 0.044991 0.0330152 0.0225484 
0.00766921 0.00671698 0.00190435 -0.0100801 -0.0230253 -0.0282449 -0.0234164 -0.0108696 0.00565629 0.0197014 0.0245729 0.0192074 0.00832976 -0.00250435 -0.0103181 -0.0144935 -0.015336 -0.0134404 -0.00923737 -0.00184138 0.0109003 0.0284064 0.0440068 0.0503155 0.0479303 0.0435289 0.039513 0.0323531 0.0214142 0.011808 
0.00761559 0.00318331 -0.00342119 -0.0125872 -0.0201276 -0.0209171 -0.0145229 -0.00297013 0.011872 0.0251382 0.0299681 0.0242872 0.012411 0.000202311 -0.00893568 -0.0142063 -0.0158302 -0.0142359 -0.0101032 -0.00381064 0.00513103 0.0159117 0.0242343 0.0260958 0.0232518 0.0208305 0.0201463 0.0185737 0.0152431 0.011437 
0.0183901 0.00913225 -0.000516385 -0.00750081 -0.0107196 -0.00962898 -0.00465816 0.00401567 0.0159637 0.026711 0.0295512 0.0226177 0.0102514 -0.00192024 -0.0107974 -0.0158343 -0.0173298 -0.015494 -0.0109847 -0.00524564 0.000251654 0.00405439 0.0045806 0.00195252 -0.000720174 0.000124318 0.0049825 0.0119665 0.0189127 0.0222081 
0.0345239 0.0227268 0.0109273 0.00463759 0.00324072 0.00386573 0.00551139 0.00988983 0.0174615 0.0236178 0.0225459 0.0138186 0.00208926 -0.00796667 -0.0145126 -0.0178468 -0.0184458 -0.0161024 -0.011011 -0.00504799 -0.00127854 -0.00210073 -0.00719014 -0.0130305 -0.0151654 -0.0109903 -0.000688879 0.0138108 0.0288131 0.0375396 
0.0476501 0.0368049 0.0248885 0.0183163 0.0166202 0.0155503 0.0135063 0.0131623 0.0155264 0.0162553 0.0110999 0.0014266 -0.00806586 -0.0143248 -0.0173924 -0.0185668 -0.0182322 -0.0155065 -0.00991034 -0.00315472 0.000998669 -0.000722531 -0.00770868 -0.0150883 -0.0174099 -0.012002 0.000734523 0.018583 0.0370617 0.0486336 
0.0510447 0.0445772 0.0351474 0.0281548 0.0240679 0.0195837 0.0136585 0.00949018 0.00826881 0.0060177 -0.000357492 -0.00864506 -0.0147557 -0.0172617 -0.0176477 -0.0176405 -0.0171085 -0.0144586 -0.00872841 -0.00120246 0.00463425 0.00508547 -0.0004119 -0.00797088 -0.0120713 -0.00920212 0.00113498 0.0173796 0.0354533 0.0484203 
0.0452009 0.0458058 0.0409159 0.0330802 0.0237784 0.0131507 0.00294712 -0.0030429 -0.00426854 -0.00502217 -0.0084413 -0.0129703 -0.0156741 -0.0159797 -0.0155731 -0.0158504 -0.0161046 -0.0142813 -0.00911763 -0.00131365 0.00649712 0.010537 0.00838181 0.00148274 -0.00565396 -0.00853547 -0.00453612 0.00682756 0.0227636 0.0372249 
0.0373147 0.0452749 0.0448717 0.0353212 0.0190922 0.00107103 -0.0129012 -0.0186306 -0.0170812 -0.0135306 -0.0119643 -0.0122611 -0.0126038 -0.0123704 -0.0124851 -0.0137566 -0.015301 -0.0149452 -0.011031 -0.00344246 0.00606794 0.0136037 0.01497 0.00908211 -0.00101384 -0.00998202 -0.0126879 -0.00639452 0.0073884 0.0235939 
0.0326127 0.0451337 0.0474285 0.0365881 0.0156239 -0.00709882 -0.0226243 -0.0268096 -0.0222503 -0.0152318 -0.0104717 -0.00874383 -0.00857342 -0.00881759 -0.00963869 -0.0115823 -0.0140227 -0.0149448 -0.0123029 -0.00522315 0.0051049 0.0146727 0.018304 0.0132318 0.00130036 -0.011389 -0.0177615 -0.0141486 -0.00177203 0.0153183 
0.0294697 0.042371 0.045741 0.0362476 0.0163207 -0.00537783 -0.0193109 -0.0216536 -0.0157768 -0.00841687 -0.00440518 -0.00419564 -0.00559676 -0.00689106 -0.0081127 -0.0100229 -0.0123831 -0.0135245 -0.0114862 -0.0052429 0.00421435 0.0132023 0.0168316 0.0118727 -0.000535908 -0.013751 -0.0197781 -0.01566 -0.00371707 0.0125165 
0.0251159 0.0352747 0.0390902 0.0338092 0.0201912 0.00435784 -0.00586691 -0.00695301 -0.00179646 0.00325646 0.00373624 0.000113709 -0.00420066 -0.00692803 -0.00836652 -0.00973555 -0.0111607 -0.0114771 -0.00938738 -0.00437677 0.00253474 0.00846218 0.00984547 0.00416889 -0.00750388 -0.0184872 -0.021122 -0.0142042 -0.00196667 0.0118617 
0.0212384 0.0275331 0.0314201 0.0306948 0.0242121 0.014905 0.00822753 0.00744749 0.0108089 0.0130482 0.0101924 0.00317002 -0.00383013 -0.00794278 -0.00950589 -0.0101215 -0.0103518 -0.00963403 -0.00742039 -0.00379635 0.000112788 0.00218254 0.00038922 -0.00628881 -0.0160921 -0.022782 -0.0203622 -0.00990613 0.00258623 0.0131161 
0.0206925 0.023086 0.0260882 0.027459 0.0248001 0.019241 0.0146513 0.013774 0.015631 0.0162402 0.0122001 0.00418911 -0.00374541 -0.00842255 -0.00989538 -0.00985838 -0.00927246 -0.0080569 -0.00603515 -0.00354016 -0.00177933 -0.00247161 -0.00652359 -0.0133693 -0.0201806 -0.0215446 -0.0139858 -0.000815069 0.0110237 0.0177591 
0.0221999 0.0209564 0.0219184 0.0225449 0.0201458 0.0156708 0.0122277 0.0115906 0.0128426 0.0131265 0.00980671 0.00317522 -0.00355265 -0.00756325 -0.00871026 -0.00839962 -0.00759657 -0.00639202 -0.00466074 -0.00272493 -0.00179788 -0.00341834 -0.00792141 -0.0136973 -0.0171846 -0.0140579 -0.00325342 0.0105782 0.0206563 0.0237311 
0.0213084 0.0171235 0.0156735 0.0145703 0.0114994 0.00768482 0.00551164 0.00559388 0.00683528 0.00734637 0.00542395 0.00123672 -0.00305892 -0.0056269 -0.00638808 -0.00614832 -0.00541917 -0.00423576 -0.0025132 -0.000561883 0.00045923 -0.000917853 -0.0049312 -0.00957788 -0.0110325 -0.00599891 0.00500598 0.0173045 0.0252143 0.0257961 
0.0153088 0.00924455 0.0058863 0.00373104 0.00106937 -0.00108418 -0.00141063 -0.000264737 0.00125182 0.00210832 0.00151549 -0.000312572 -0.00220377 -0.00336653 -0.00382462 -0.00372144 -0.00302077 -0.00169858 0.000179776 0.00225959 0.00346817 0.00230746 -0.0016366 -0.00624491 -0.00756778 -0.00306816 0.0059223 0.0155001 0.0214904 0.0210381 
0.00623612 -0.000650211 -0.00527757 -0.00779885 -0.00916629 -0.00899387 -0.00716014 -0.00465707 -0.00248022 -0.00107432 -0.000563806 -0.000684483 -0.000971863 -0.00128652 -0.00160812 -0.00161882 -0.000981269 0.000284255 0.00194072 0.00363184 0.0044487 0.00290718 -0.00152419 -0.00661285 -0.0084117 -0.00507354 0.00153281 0.00832834 0.0126433 0.0119549 
-0.00131237 -0.00823537 -0.0138455 -0.0168173 -0.017091 -0.0149 -0.0111711 -0.00723702 -0.00399736 -0.00173983 -0.000377368 0.000360103 0.000642717 0.00045151 -1.98126e-05 -0.000249494 0.000109609 0.000901336 0.00177455 0.00246108 0.00233013 0.000149169 -0.00446022 -0.00924724 -0.0107074 -0.00786123 -0.00299644 0.00149884 0.00430572 0.00364915 
-0.00516178 -0.011776 -0.0181953 -0.0218407 -0.0216308 -0.0182309 -0.0133085 -0.00827955 -0.00389826 -0.000602812 0.00143106 0.00235894 0.00238708 0.00171175 0.00081208 0.000293065 0.0003422 0.000598973 0.000621259 0.000240444 -0.000834576 -0.00333283 -0.00729129 -0.0107423 -0.0111596 -0.00847427 -0.00496197 -0.002218 -0.000581497 -0.00113621 
-0.00695173 -0.013245 -0.0199354 -0.0239112 -0.0235774 -0.0198033 -0.0145028 -0.00893345 -0.00366146 0.000652765 0.00334709 0.00429921 0.00381949 0.00247532 0.00112007 0.000451441 0.000461208 0.000546698 0.000140166 -0.000886913 -0.00249857 -0.00483873 -0.00764423 -0.00954258 -0.00921266 -0.00716579 -0.00501725 -0.00348585 -0.00263289 -0.00335914 
-0.00920298 -0.0151963 -0.021291 -0.0248138 -0.0244098 -0.0209075 -0.0158732 -0.0102416 -0.00451503 0.00049489 0.00380918 0.00500586 0.00437055 0.00273409 0.00124573 0.000687017 0.000918172 0.0011523 0.000696022 -0.000588422 -0.00242131 -0.00448498 -0.00636145 -0.00732057 -0.00701893 -0.00605882 -0.00505237 -0.0041222 -0.00381094 -0.00525746 
-0.0129025 -0.0185473 -0.0233496 -0.0256896 -0.0250104 -0.0219946 -0.0174931 -0.0121059 -0.0064966 -0.00150573 0.00201485 0.00359622 0.00340304 0.00222246 0.00116433 0.000960853 0.00147056 0.00191055 0.00152235 9.84351e-05 -0.00197448 -0.00408795 -0.00570669 -0.00649325 -0.00665314 -0.00663838 -0.00625499 -0.00545833 -0.0056013 -0.00813512 
-0.0172931 -0.0225351 -0.02583 -0.026611 -0.0252941 -0.0225293 -0.0184852 -0.0135271 -0.00860662 -0.00448691 -0.00147954 0.000300449 0.00094232 0.000863542 0.000726508 0.00104624 0.00180235 0.00239826 0.0020476 0.000393754 -0.00215668 -0.0047431 -0.00661925 -0.00756105 -0.00803738 -0.00844958 -0.00828728 -0.00756989 -0.00819911 -0.0117585 
-0.0209115 -0.0258168 -0.0279908 -0.0274651 -0.0253608 -0.0224619 -0.0186232 -0.0141424 -0.0101901 -0.00735621 -0.00526747 -0.00349092 -0.00198365 -0.000848682 1.42246e-05 0.000893342 0.00189365 0.00258903 0.00216185 0.000126711 -0.00305919 -0.00624597 -0.00842579 -0.00939031 -0.00976324 -0.0100464 -0.00987405 -0.00944529 -0.0106805 -0.0149594 
-0.0233682 -0.028154 -0.0300848 -0.029127 -0.0264624 -0.0230769 -0.0190409 -0.0148208 -0.0116292 -0.00977554 -0.00831511 -0.00643248 -0.00424277 -0.00228873 -0.000755373 0.00059047 0.00185981 0.00260399 0.00197555 -0.000494181 -0.00421491 -0.00778704 -0.0100323 -0.0108001 -0.0108129 -0.0106835 -0.0104381 -0.0105738 -0.0126159 -0.0173576 
-0.0259714 -0.0306026 -0.0328323 -0.0321152 -0.0291029 -0.0249455 -0.0203163 -0.0160396 -0.0132198 -0.0118035 -0.0104521 -0.00824112 -0.0055748 -0.0032605 -0.00142905 0.000260135 0.0018117 0.00258868 0.00171067 -0.00115798 -0.00524681 -0.00899157 -0.0111565 -0.0117012 -0.0114575 -0.0111266 -0.0110923 -0.0121229 -0.0151895 -0.020259 
-0.0302152 -0.0339908 -0.0359198 -0.0351289 -0.031603 -0.0265378 -0.0212576 -0.0169358 -0.0144341 -0.0132924 -0.0119057 -0.00938422 -0.00642338 -0.00396811 -0.00199925 -7.03851e-05 0.00169973 0.00249196 0.00138566 -0.0018532 -0.0063068 -0.0102673 -0.01244 -0.0129253 -0.0128069 -0.012915 -0.0136792 -0.0158591 -0.0199773 -0.0252466 
-0.0357794 -0.0376159 -0.0380129 -0.0364106 -0.0322432 -0.0264995 -0.0209545 -0.0169511 -0.0149499 -0.0141225 -0.012792 -0.0101732 -0.00710748 -0.00457404 -0.0025059 -0.000483169 0.00130087 0.00201672 0.000764985 -0.00271329 -0.00749363 -0.0117362 -0.0140357 -0.0146734 -0.015166 -0.0164907 -0.0186623 -0.0220104 -0.0268781 -0.032078 
-0.0406104 -0.0398039 -0.0380218 -0.0355389 -0.0312536 -0.0255804 -0.0204135 -0.0170324 -0.0154199 -0.014597 -0.0131626 -0.0105249 -0.00747453 -0.00491565 -0.00284397 -0.000974347 0.00050384 0.00097732 -0.000272222 -0.00360795 -0.00833543 -0.0126612 -0.0150947 -0.0160304 -0.0173812 -0.0202648 -0.0240973 -0.0285145 -0.0337824 -0.038591 
-0.0432497 -0.0400334 -0.0363709 -0.0334383 -0.0297472 -0.0249962 -0.0207734 -0.0180206 -0.0163607 -0.0150062 -0.0131137 -0.0103291 -0.00728933 -0.00479574 -0.00294799 -0.00156491 -0.000716806 -0.000639854 -0.00170294 -0.00434715 -0.00837105 -0.0123989 -0.0149187 -0.0161125 -0.0180026 -0.0220081 -0.0273205 -0.0328684 -0.0385297 -0.0428561 
-0.0439998 -0.0395864 -0.0347549 -0.0313546 -0.0281916 -0.0245783 -0.0213977 -0.0190658 -0.0171323 -0.0151608 -0.0127636 -0.00977558 -0.00676272 -0.00450114 -0.00316746 -0.00256015 -0.00252165 -0.00287103 -0.00355281 -0.00498443 -0.00758576 -0.0107528 -0.0130565 -0.0141678 -0.01602 -0.0206052 -0.0272734 -0.0341539 -0.040351 -0.0444137 
-0.0438585 -0.0397392 -0.0342123 -0.0297529 -0.0263748 -0.0233847 -0.0207565 -0.0185824 -0.0166905 -0.0147176 -0.0122196 -0.0091925 -0.00638731 -0.00460594 -0.00396937 -0.00416838 -0.00485337 -0.00554123 -0.00577981 -0.00577172 -0.00636886 -0.00787493 -0.00925835 -0.00982278 -0.0114041 -0.0165228 -0.0245568 -0.0326999 -0.0394096 -0.0437231 
-0.0431247 -0.0396817 -0.0332951 -0.0273653 -0.0234027 -0.0205939 -0.0180407 -0.0159967 -0.0147785 -0.0135991 -0.0114621 -0.00863549 -0.00633231 -0.00528541 -0.00531557 -0.00602037 -0.00711857 -0.00810101 -0.00820571 -0.00716109 -0.00578713 -0.00517037 -0.00512453 -0.00501094 -0.00639174 -0.0118225 -0.0205874 -0.0294092 -0.0366072 -0.0417211 
-0.0404619 -0.0365339 -0.0289589 -0.0220471 -0.0180403 -0.0156265 -0.013328 -0.0118252 -0.0118024 -0.0118277 -0.0103257 -0.00797096 -0.00646297 -0.00626754 -0.00673374 -0.00747931 -0.00861687 -0.00990738 -0.0104119 -0.00926489 -0.00682943 -0.00461958 -0.00347823 -0.00307438 -0.00424413 -0.00900926 -0.0170339 -0.025658 -0.0332282 -0.0388448 
-0.0330714 -0.0276612 -0.0195911 -0.0130858 -0.00988769 -0.00822767 -0.0066677 -0.00627756 -0.00774803 -0.00913614 -0.00862011 -0.00719726 -0.0067261 -0.00728677 -0.00788037 -0.00830885 -0.009192 -0.0106503 -0.0117357 -0.011212 -0.00891566 -0.0063216 -0.00495022 -0.00468401 -0.00532535 -0.00816604 -0.0139477 -0.0214423 -0.0286215 -0.0332233 
-0.0188293 -0.0127977 -0.00605252 -0.00139641 0.000542026 0.00140469 0.00193335 0.0007888 -0.00239272 -0.0053512 -0.00630407 -0.00631503 -0.00701736 -0.00818273 -0.00879248 -0.00893344 -0.0095475 -0.0109226 -0.0122011 -0.0122092 -0.0105811 -0.00842952 -0.00723676 -0.00681039 -0.00614848 -0.00606938 -0.00857287 -0.0138557 -0.0192724 -0.0213936 
0.000200522 0.00488249 0.00895543 0.0113759 0.0121169 0.0120251 0.0110931 0.00811867 0.00325911 -0.00115095 -0.00359824 -0.00509504 -0.00691861 -0.00869193 -0.00958273 -0.009906 -0.0106309 -0.0119212 -0.0129208 -0.0127361 -0.0112215 -0.00920592 -0.0076561 -0.00614992 -0.00348167 -0.000249806 0.000986654 -0.000917303 -0.00346318 -0.00324033 
0.0174342 0.0198656 0.0217256 0.0229081 0.0229926 0.0216036 0.0185303 0.013554 0.00751634 0.0024144 -0.000824884 -0.00325606 -0.0059142 -0.00838724 -0.00997121 -0.0110295 -0.012409 -0.0140198 -0.0147375 -0.0136759 -0.0111016 -0.0080913 -0.00533825 -0.00230407 0.00202763 0.00741357 0.0118754 0.0137573 0.0140569 0.015109 
0.0280403 0.0291306 0.0302261 0.0313634 0.0315057 0.0290251 0.023779 0.0170705 0.0105231 0.0054698 0.00211274 -0.000644462 -0.00375952 -0.00691319 -0.0093966 -0.0114478 -0.0138213 -0.0162329 -0.0170069 -0.0147592 -0.010148 -0.00517263 -0.000863767 0.00336121 0.00837261 0.0143689 0.0204635 0.0248438 0.0266675 0.0272304 
0.0334626 0.0344379 0.0354326 0.0366533 0.0372023 0.034605 0.0283281 0.0206692 0.0139458 0.00896977 0.00546657 0.00248972 -0.000911877 -0.00467085 -0.00804948 -0.0110299 -0.0142356 -0.0172482 -0.0178726 -0.0141887 -0.00731445 -0.000419631 0.0050688 0.0100874 0.0154582 0.0212565 0.0271303 0.0315852 0.0332376 0.0331508 
0.0381612 0.0391161 0.0394411 0.0400798 0.0409389 0.0391215 0.0329735 0.0247516 0.0175548 0.0123033 0.00842788 0.00505902 0.00125303 -0.00316649 -0.00741029 -0.0110491 -0.0143365 -0.0167127 -0.0159962 -0.0104949 -0.00206279 0.0053946 0.0108111 0.016036 0.0218528 0.0275465 0.0324858 0.0358185 0.0370307 0.0373197 
0.0460396 0.0461757 0.0446238 0.0437465 0.0443593 0.0431667 0.0369727 0.0276133 0.0194755 0.0140293 0.0099522 0.00599117 0.00142341 -0.00379803 -0.00875212 -0.0126043 -0.0151091 -0.0155807 -0.0124337 -0.00503778 0.00383811 0.0101456 0.0137624 0.0177645 0.0233776 0.0295089 0.0349269 0.0388738 0.0416179 0.0440782 
0.0587742 0.057386 0.0529828 0.0496238 0.0489262 0.0471486 0.0397858 0.0286949 0.0197919 0.0146839 0.010529 0.00549511 -0.00032744 -0.00629742 -0.0114618 -0.0150387 -0.0165341 -0.0151166 -0.00977785 -0.000944157 0.00791547 0.0126998 0.0137255 0.0150901 0.0196003 0.0271471 0.0357186 0.043265 0.049775 0.0555851 
0.0737644 0.0707676 0.0637062 0.0575629 0.0545583 0.0510246 0.0419022 0.0292947 0.0200509 0.0153651 0.0108981 0.00451003 -0.00258293 -0.00890263 -0.0137473 -0.0168937 -0.0178639 -0.015544 -0.00904527 0.000748686 0.0101087 0.0146186 0.0139662 0.0127096 0.0160828 0.0258608 0.0389475 0.0511099 0.061507 0.0700206 
0.0855078 0.0814345 0.0728684 0.0643474 0.0586153 0.0531259 0.0429361 0.0297224 0.0202428 0.015576 0.0109 0.00389033 -0.00372202 -0.0100304 -0.0146077 -0.0176377 -0.0185301 -0.0158532 -0.00870081 0.00195244 0.01249 0.018134 0.0173269 0.0144225 0.0167488 0.0278508 0.0439223 0.059258 0.0722466 0.0820516 
0.0894107 0.0853161 0.0763536 0.0658844 0.0573878 0.0502483 0.0401617 0.0278016 0.0189489 0.0147695 0.0106824 0.00408019 -0.00346979 -0.00989744 -0.0146832 -0.017871 -0.0185672 -0.0152799 -0.00739243 0.00401175 0.0156455 0.0226155 0.0221876 0.0179983 0.0183432 0.0280732 0.0440146 0.060622 0.075404 0.0860553 
0.0838917 0.0811729 0.0728099 0.0611775 0.0503045 0.0413536 0.0315481 0.0214128 0.015223 0.0130729 0.0102289 0.00412367 -0.00354272 -0.0103632 -0.0154809 -0.0186471 -0.0188099 -0.0146874 -0.00610909 0.005648 0.0175417 0.0247737 0.0240034 0.0181304 0.0153405 0.0212318 0.0343973 0.0507672 0.0670715 0.0792517 
0.0718032 0.0712893 0.0644564 0.0533203 0.0412519 0.0300705 0.0195316 0.0116775 0.00923308 0.00982344 0.00800703 0.00197484 -0.00583593 -0.0127375 -0.0177627 -0.020573 -0.0201333 -0.0153109 -0.00617321 0.0056881 0.017033 0.0232511 0.0213218 0.0138768 0.00815471 0.00949082 0.0182236 0.0326303 0.0498524 0.0644921 
0.0592568 0.0599095 0.0545089 0.0453648 0.0337804 0.0207802 0.00865706 0.00169829 0.00163379 0.00392735 0.00274925 -0.00279593 -0.00988652 -0.0161058 -0.0206182 -0.0229601 -0.0220026 -0.0165797 -0.0068698 0.00505492 0.0155007 0.0203589 0.0177987 0.0105334 0.00410441 0.00229616 0.00623693 0.0169135 0.0334716 0.0499252 
0.050779 0.0498802 0.0445098 0.0376351 0.0282314 0.0153191 0.00214153 -0.00542875 -0.00557106 -0.00311005 -0.00348689 -0.0074847 -0.0130221 -0.0183116 -0.0223567 -0.0242413 -0.0226832 -0.0166462 -0.00658304 0.00510444 0.0148131 0.0194792 0.0185105 0.014316 0.0103682 0.00836343 0.0090878 0.0152984 0.0284134 0.0429772 
0.0466536 0.0421641 0.0356792 0.0307676 0.0250556 0.0149558 0.00246345 -0.00617794 -0.00807986 -0.00661929 -0.00638245 -0.00884546 -0.0132382 -0.0181616 -0.0220276 -0.0233855 -0.0210787 -0.0146078 -0.00478173 0.00633654 0.0162266 0.0229616 0.0260499 0.0266207 0.0265451 0.0264735 0.0264443 0.028922 0.0361076 0.0442304 
0.043592 0.0367537 0.0300593 0.0271739 0.0255958 0.0197708 0.00953624 0.000425707 -0.00364989 -0.00408668 -0.0044175 -0.00670601 -0.0110522 -0.0161149 -0.019873 -0.020694 -0.0177948 -0.0113293 -0.00227698 0.00826698 0.0193299 0.0294964 0.0369701 0.0410083 0.042933 0.0440419 0.0441726 0.0442061 0.0455571 0.0464668 
0.0356048 0.0309479 0.0271571 0.026917 0.0283279 0.0259239 0.0183767 0.00974352 0.00386557 0.000965248 -0.00103914 -0.00403606 -0.00855044 -0.0135384 -0.0171048 -0.0177047 -0.0147586 -0.00876676 -0.00071166 0.00913636 0.0208359 0.0328031 0.0417077 0.0456315 0.0463 0.046058 0.0449408 0.0430166 0.0411909 0.0390439 
0.0173083 0.0193465 0.0221925 0.0260113 0.0292686 0.0286995 0.0234695 0.0159111 0.00872809 0.00325155 -0.000566406 -0.00374677 -0.0075207 -0.0118629 -0.0152792 -0.0161481 -0.0137777 -0.00867842 -0.00181918 0.00666751 0.0169983 0.0273778 0.0339121 0.0347393 0.032214 0.0286353 0.0238973 0.0191557 0.0166463 0.0163112 
-0.0072913 0.00180856 0.0123613 0.0212589 0.0262258 0.0266872 0.0232913 0.0170399 0.00917186 0.00162372 -0.00351729 -0.00614092 -0.00846638 -0.0118298 -0.0150334 -0.016225 -0.0146849 -0.0109508 -0.00592729 0.000174197 0.0076375 0.0150782 0.0187253 0.0165358 0.0106091 0.00264694 -0.00715276 -0.0151767 -0.017035 -0.013617 
-0.0169932 -0.00558958 0.00717754 0.0171463 0.0215661 0.021749 0.019494 0.0147334 0.00726164 -0.00102633 -0.00677885 -0.009005 -0.0103129 -0.0127406 -0.015306 -0.0162864 -0.015373 -0.0133595 -0.0109189 -0.00779046 -0.0028822 0.0033996 0.00700942 0.00400353 -0.00497595 -0.0174672 -0.0306274 -0.0382086 -0.0356882 -0.0269064 
0.0191804 0.0268567 0.0296861 0.0282228 0.023612 0.0190454 0.015809 0.0119463 0.00580945 -0.00131454 -0.00647136 -0.00872546 -0.0101099 -0.0121885 -0.0142079 -0.0149744 -0.0145896 -0.0140296 -0.0137197 -0.0126804 -0.00878431 -0.00155421 0.00435244 0.00237345 -0.00856299 -0.0233625 -0.0339746 -0.0320363 -0.0161488 0.00430185 
0.117457 0.118568 0.0981311 0.0684626 0.0419345 0.0250959 0.0166334 0.0113355 0.00635777 0.00215785 -0.00053967 -0.00243275 -0.00483474 -0.00806985 -0.0112505 -0.0132436 -0.013745 -0.0135253 -0.0132628 -0.0122269 -0.00815334 7.38644e-05 0.00814278 0.00827663 -0.00170456 -0.013742 -0.0139991 0.00758112 0.0479363 0.0907938 
0.256588 0.25161 0.200696 0.132575 0.0756977 0.0408589 0.0230541 0.0135305 0.00871854 0.00812641 0.0091831 0.00829336 0.00416573 -0.00209976 -0.00858232 -0.0132205 -0.0147133 -0.013587 -0.0114848 -0.00911496 -0.00483543 0.00336328 0.0127783 0.0160854 0.0106606 0.00649527 0.0216639 0.0676262 0.138276 0.211326 
