0.488257 0.42419 0.307417 0.193596 0.116375 0.0779111 0.0645469 0.062878 0.0634791 0.0589402 0.0453995 0.0248618 0.00310262 -0.0144543 -0.0247012 -0.026723 -0.0214521 -0.01113 0.00191468 0.0160586 0.0300429 0.0425666 0.0526618 0.060631 0.0701386 0.0920065 0.144146 0.238735 0.360932 0.462192 
0.445863 0.378749 0.264034 0.154883 0.0826249 0.0490046 0.0413383 0.0466681 0.0542109 0.0543757 0.0425004 0.0218087 -0.000183113 -0.0173613 -0.0271179 -0.0292077 -0.0243993 -0.0140353 0.000194677 0.0163985 0.0322939 0.0452669 0.0534855 0.0579443 0.0644931 0.0850828 0.135589 0.224985 0.337779 0.428144 
0.325488 0.268992 0.177633 0.092785 0.0385591 0.0163721 0.0164888 0.0282547 0.0411364 0.0446834 0.0340168 0.013603 -0.00730047 -0.0220953 -0.0293871 -0.0303769 -0.0260424 -0.0169072 -0.00389409 0.0113778 0.0264254 0.0377737 0.0424192 0.0412071 0.0411934 0.0544905 0.093778 0.163888 0.250391 0.316857 
0.196644 0.156178 0.0941662 0.0382841 0.00472979 -0.00535057 0.00125566 0.0163271 0.0306266 0.0345039 0.0237434 0.00365501 -0.0155686 -0.0272972 -0.0314416 -0.0306877 -0.0264875 -0.019006 -0.00863221 0.0036326 0.0158338 0.0242499 0.0249012 0.0181127 0.0113231 0.016303 0.0428615 0.0921985 0.15132 0.194172 
0.108924 0.0807408 0.0410229 0.00741649 -0.0101301 -0.0113114 -0.00124066 0.0136244 0.0257911 0.0274925 0.0157281 -0.00395703 -0.0215661 -0.0309164 -0.0327191 -0.030478 -0.0261033 -0.0198817 -0.0120253 -0.00290915 0.00631905 0.0121765 0.0101502 -9.15522e-05 -0.0113407 -0.0120351 0.00624071 0.0422779 0.0833707 0.110273 
0.0708466 0.0476066 0.0190274 -0.00252821 -0.0112682 -0.00824272 0.0021138 0.0147085 0.0237653 0.0233367 0.0113047 -0.00728944 -0.0234915 -0.0317281 -0.0327458 -0.0299801 -0.0255042 -0.0198619 -0.0133061 -0.00590011 0.00176928 0.00671243 0.00440189 -0.00618582 -0.0185632 -0.0211663 -0.00568042 0.0252423 0.0578761 0.0758217 
0.0649809 0.0416987 0.0159841 -0.00182131 -0.00810471 -0.00505947 0.00326394 0.0130295 0.0199442 0.0192477 0.00888719 -0.00732362 -0.0219186 -0.0298639 -0.0313606 -0.0291096 -0.0249348 -0.0194399 -0.0129399 -0.00557042 0.00217414 0.00783747 0.00731994 -0.000981482 -0.0116476 -0.0133521 0.00236958 0.0319809 0.0607491 0.0734943 
0.0678386 0.0437597 0.0179744 0.000283176 -0.00645914 -0.00513614 0.000433921 0.00754907 0.0133069 0.0138185 0.00664185 -0.00599906 -0.0183199 -0.0258784 -0.0282238 -0.0270595 -0.0236359 -0.0183451 -0.0114801 -0.00346991 0.00488959 0.0114972 0.0129025 0.00729453 -0.000866092 -0.000890661 0.0153135 0.0435838 0.0692114 0.0785204 
0.0639637 0.0399462 0.014727 -0.00225835 -0.00870301 -0.00820712 -0.0045895 0.000447495 0.00542128 0.00739896 0.00369619 -0.00488644 -0.0142184 -0.0206414 -0.0233397 -0.023156 -0.0206665 -0.0158596 -0.00889769 -0.000573129 0.00772283 0.0138793 0.0151147 0.0100789 0.00303915 0.00407203 0.0203378 0.0468568 0.0693381 0.0758483 
0.0527627 0.0281788 0.00420303 -0.0105817 -0.015154 -0.0140135 -0.0109489 -0.00689848 -0.00228003 0.000900795 0.000115146 -0.00477508 -0.0110247 -0.0157775 -0.0181215 -0.0183573 -0.01652 -0.0121713 -0.00530711 0.00291809 0.0103897 0.0146814 0.0136022 0.0068508 -0.000650779 0.000927033 0.0177005 0.0435042 0.0636274 0.0670073 
0.0425698 0.0158994 -0.00747084 -0.0202967 -0.023219 -0.0211503 -0.0174785 -0.0129509 -0.00787802 -0.00373659 -0.0026015 -0.00503537 -0.00924859 -0.0128679 -0.0147977 -0.0150068 -0.0133112 -0.00909976 -0.00229411 0.00574694 0.0124622 0.0151778 0.0121325 0.00396112 -0.0038081 -0.00157018 0.0161045 0.0421848 0.0608807 0.0607866 
0.0386906 0.0105976 -0.0125609 -0.0248787 -0.0277633 -0.0254165 -0.0205826 -0.0145376 -0.00841718 -0.00370224 -0.00199349 -0.00390174 -0.00809866 -0.0121738 -0.014486 -0.0147259 -0.0129237 -0.00875781 -0.00219829 0.00554817 0.0121026 0.0149518 0.0125475 0.00562636 -0.000752885 0.00215376 0.0195343 0.0448174 0.0621564 0.0596539 
0.0402792 0.0142611 -0.00779452 -0.0205913 -0.0245732 -0.0223869 -0.0164245 -0.00891527 -0.0020346 0.00245127 0.00322215 -0.000179998 -0.0064211 -0.0126041 -0.0162786 -0.0169147 -0.0151234 -0.0112519 -0.00537956 0.00175824 0.00847351 0.0127791 0.0131895 0.00975519 0.00597615 0.00894265 0.02374 0.0457787 0.06145 0.0594192 
0.0448615 0.0242627 0.00421826 -0.00934494 -0.0144943 -0.0122765 -0.00535578 0.00295592 0.00973091 0.0130048 0.011635 0.00543915 -0.00391126 -0.012882 -0.0183229 -0.0196283 -0.0180765 -0.0147439 -0.00983998 -0.00359303 0.00306447 0.00872673 0.0119665 0.0120465 0.010697 0.0130023 0.0237439 0.0411098 0.0555927 0.0574305 
0.0502307 0.0355164 0.0172403 0.00276308 -0.00334092 -0.000849282 0.00701404 0.0158458 0.0221248 0.0238329 0.0200334 0.0109223 -0.00130808 -0.012616 -0.0195626 -0.0216309 -0.0205399 -0.0178514 -0.0139162 -0.00865176 -0.00245421 0.0037249 0.00861694 0.0110892 0.0115524 0.0131743 0.0201481 0.0333205 0.0475866 0.0548352 
0.0528124 0.0421317 0.0251762 0.0100922 0.00306413 0.00537296 0.0137393 0.0230635 0.0293079 0.0302921 0.0250615 0.0140905 0.000139107 -0.0124216 -0.0202428 -0.0229758 -0.0224447 -0.0203609 -0.0171999 -0.0127783 -0.00717354 -0.000998509 0.00471024 0.00878313 0.0108423 0.0124909 0.0171345 0.0273524 0.0412588 0.0520511 
0.0483463 0.0399657 0.0251849 0.0109713 0.0032677 0.0042148 0.0115411 0.0205965 0.027334 0.0291584 0.0244684 0.0135431 -0.000475873 -0.0129897 -0.0208238 -0.0237355 -0.0234344 -0.0215798 -0.0187327 -0.0147267 -0.00951051 -0.00354837 0.00227472 0.00698616 0.0100887 0.0123607 0.0162609 0.0244398 0.0362921 0.0464252 
0.0365404 0.0299867 0.0191659 0.00799863 0.000406648 -0.00111789 0.00307881 0.0103112 0.0174218 0.0212643 0.0189653 0.0100106 -0.00248116 -0.0137899 -0.0207746 -0.0231349 -0.0223965 -0.0201436 -0.0170107 -0.0129266 -0.00795167 -0.00271694 0.00187118 0.00530621 0.00789761 0.0106968 0.0151425 0.0221243 0.0304253 0.0364321 
0.023212 0.0184578 0.0123704 0.00545957 -0.00116061 -0.00536662 -0.00542409 -0.00116507 0.00575762 0.011705 0.0124331 0.00641064 -0.00364567 -0.013109 -0.0187974 -0.0202326 -0.0187412 -0.0158481 -0.0122616 -0.00807856 -0.00365353 4.51577e-05 0.00205869 0.00254044 0.00319761 0.00616258 0.0120237 0.0190033 0.0241761 0.0255604 
0.0157919 0.0122735 0.00949705 0.00587278 0.000326124 -0.00583574 -0.00951479 -0.00809749 -0.00185683 0.00532582 0.00839583 0.00512526 -0.00234718 -0.00980674 -0.0141898 -0.0148783 -0.0129959 -0.00996377 -0.00652086 -0.00293242 0.000196966 0.00177322 0.00102807 -0.00126653 -0.00231007 0.000958561 0.00857005 0.0166365 0.0206761 0.0195618 
0.0170883 0.0137295 0.0115549 0.00880085 0.0036593 -0.00333754 -0.00888099 -0.00928866 -0.00407477 0.00306951 0.00718433 0.0059201 0.000823899 -0.00461832 -0.00775949 -0.00799965 -0.00627142 -0.0038242 -0.00137357 0.000708766 0.00178334 0.00105329 -0.00167513 -0.00513752 -0.00626752 -0.00198834 0.00728537 0.0168878 0.021799 0.0209 
0.0228091 0.018813 0.0154151 0.0119184 0.00687257 0.000240623 -0.00539755 -0.00662302 -0.00273373 0.00324851 0.00722524 0.0071796 0.00412643 0.000633218 -0.00131902 -0.00128687 1.014e-05 0.00155789 0.00266699 0.00287745 0.0016589 -0.001246 -0.00524077 -0.00860633 -0.00856803 -0.00283555 0.00766049 0.0185117 0.0251171 0.0259202 
0.0252257 0.0208608 0.0166544 0.012998 0.00887587 0.00372052 -0.000943746 -0.00247719 -7.07438e-05 0.00423451 0.00748274 0.00811527 0.00668198 0.00482182 0.00377521 0.0038237 0.00456568 0.00530483 0.00535696 0.00412698 0.00115072 -0.00341738 -0.00835635 -0.0115472 -0.0105524 -0.00401693 0.00663152 0.0176248 0.0252193 0.0275244 
0.020639 0.0172273 0.0141393 0.0120752 0.0100067 0.00687716 0.00339316 0.00162308 0.00265993 0.0054711 0.00805637 0.00914591 0.00885945 0.00805961 0.00739231 0.00710042 0.00719924 0.00736383 0.0069292 0.00515285 0.001516 -0.00376675 -0.009309 -0.0128109 -0.0120276 -0.00622941 0.00289732 0.0123002 0.0192405 0.0220023 
0.0121801 0.0112081 0.0107589 0.0110332 0.0109292 0.00939967 0.00685442 0.00502305 0.00521433 0.00712243 0.00936127 0.0107469 0.0110324 0.0106023 0.00983861 0.00907237 0.008641 0.00849389 0.00803732 0.00650029 0.00329369 -0.0016016 -0.00710889 -0.011085 -0.0114457 -0.00775288 -0.00162036 0.00471177 0.00962548 0.0121174 
0.00478759 0.00686544 0.00894288 0.0104362 0.0107599 0.00977764 0.00808272 0.00690152 0.00721827 0.00894934 0.0110656 0.0124346 0.0126221 0.0119294 0.0108509 0.00982389 0.00918624 0.00889702 0.00848285 0.00738304 0.00510988 0.00135748 -0.00338393 -0.00745403 -0.00905122 -0.00786003 -0.00515625 -0.0022457 0.000419736 0.00274136 
-0.000330216 0.00407904 0.00723344 0.00816034 0.00742537 0.00629099 0.00562822 0.00587238 0.00720325 0.00937063 0.0115487 0.0126984 0.0123964 0.0111657 0.00983635 0.00888013 0.00831833 0.00786447 0.00718303 0.00613785 0.00457794 0.00206259 -0.00151878 -0.00517142 -0.00752968 -0.00836429 -0.00849697 -0.00827167 -0.00708816 -0.00438797 
-0.00548087 -0.000314824 0.00238218 0.00198756 0.000196387 -0.000879896 -0.00046238 0.00115979 0.00356391 0.00637937 0.00889285 0.0101009 0.00961432 0.00818961 0.00694198 0.00630622 0.00592689 0.00523021 0.00400791 0.0025619 0.00113723 -0.000671818 -0.00335997 -0.00649387 -0.00915054 -0.0112296 -0.0132091 -0.0146375 -0.0140932 -0.0107804 
-0.0125781 -0.00789998 -0.00611694 -0.00710256 -0.00875339 -0.00922101 -0.00820227 -0.0061737 -0.00341736 -0.000115858 0.00303301 0.00491026 0.00503779 0.00418113 0.00349095 0.00332608 0.00314533 0.00227245 0.000604857 -0.00133568 -0.00311601 -0.00504898 -0.00766179 -0.0106891 -0.0134646 -0.016123 -0.0191344 -0.0216045 -0.0215165 -0.018025 
-0.0211821 -0.0169961 -0.0152756 -0.0154993 -0.0160039 -0.0158502 -0.0150973 -0.0137236 -0.011272 -0.00762728 -0.00365592 -0.000708265 0.000606455 0.000897141 0.00110987 0.00147705 0.00148709 0.000603146 -0.00117736 -0.00339662 -0.00575098 -0.00849289 -0.0118425 -0.0152554 -0.0181245 -0.0209859 -0.024676 -0.0281989 -0.0290549 -0.0261524 
-0.0296602 -0.0251349 -0.0222203 -0.0207919 -0.0200455 -0.0197342 -0.0197839 -0.0193409 -0.0171955 -0.0131378 -0.00838154 -0.00449285 -0.00207495 -0.000622344 0.000516528 0.00136568 0.00150329 0.000667371 -0.00101384 -0.00329859 -0.00622145 -0.0100192 -0.0144113 -0.018338 -0.0212279 -0.0241859 -0.0285811 -0.0334455 -0.0358381 -0.0341267 
-0.0361528 -0.0309574 -0.0264589 -0.0234407 -0.0218535 -0.0215535 -0.0220386 -0.0219103 -0.0196684 -0.0152199 -0.0100508 -0.00575754 -0.00275846 -0.000534085 0.00129226 0.00247783 0.00263168 0.00176588 0.000176251 -0.0020975 -0.00545017 -0.0101164 -0.015309 -0.019495 -0.0222413 -0.0252388 -0.0302634 -0.0363516 -0.0403194 -0.0400356 
-0.0386805 -0.0336744 -0.0285025 -0.0246921 -0.0225941 -0.021856 -0.0217771 -0.0211136 -0.0186117 -0.0142493 -0.00937672 -0.00530813 -0.00221742 0.000392314 0.00262567 0.0039903 0.00409329 0.00315754 0.00163012 -0.000585026 -0.00414605 -0.00926509 -0.0147814 -0.0188982 -0.02136 -0.0241789 -0.0292219 -0.035595 -0.0403781 -0.0414228 
-0.0366519 -0.0332543 -0.0288366 -0.025064 -0.0224073 -0.0204818 -0.0189523 -0.0173539 -0.0149386 -0.0114851 -0.00769948 -0.00432821 -0.00137261 0.00145624 0.00393551 0.00539384 0.00548104 0.00457121 0.00318529 0.00112881 -0.00238398 -0.00750528 -0.0129108 -0.0168098 -0.0190376 -0.0214292 -0.0255779 -0.0308936 -0.0353867 -0.0374988 
-0.0324553 -0.0316813 -0.0288867 -0.0253363 -0.0216193 -0.0178033 -0.0144193 -0.0119807 -0.0101482 -0.00823366 -0.00601819 -0.00357061 -0.000820682 0.00216616 0.00481073 0.00633936 0.00649373 0.00573618 0.00456702 0.00272565 -0.000545533 -0.00529223 -0.0102571 -0.0139428 -0.0161845 -0.0181589 -0.0208706 -0.0242617 -0.0277793 -0.0308393 
-0.0295182 -0.0315523 -0.0303359 -0.0265602 -0.0211755 -0.0151303 -0.00993162 -0.00682922 -0.00567079 -0.00528785 -0.00462581 -0.00314831 -0.00073938 0.00221737 0.00487149 0.00641669 0.00667665 0.00611139 0.00511987 0.00341762 0.000411563 -0.0037988 -0.0081845 -0.0117355 -0.0142673 -0.0160682 -0.017389 -0.0187688 -0.0212437 -0.0252858 
-0.0287665 -0.0328094 -0.0324452 -0.0279974 -0.0209849 -0.0132144 -0.00674282 -0.00308984 -0.00223778 -0.00286231 -0.00342546 -0.00293061 -0.00113589 0.0014505 0.00387027 0.00533393 0.00569929 0.00534516 0.0045191 0.00291691 0.000123287 -0.00365717 -0.00767588 -0.0113845 -0.0145086 -0.0164394 -0.016699 -0.0163518 -0.0178468 -0.0225665 
-0.0284934 -0.0328719 -0.0322649 -0.02711 -0.0194628 -0.0114211 -0.00479765 -0.000925672 -6.96639e-05 -0.00122257 -0.00274908 -0.00329854 -0.00237154 -0.000399005 0.00166753 0.00305266 0.0036105 0.00363033 0.00321043 0.00198127 -0.000420873 -0.00384096 -0.00785735 -0.0122428 -0.016442 -0.0189274 -0.0185735 -0.0168589 -0.0172896 -0.0218492 
-0.0268621 -0.0300469 -0.0283353 -0.0227805 -0.0157924 -0.00908685 -0.00356752 -9.09761e-05 0.000675172 -0.000895882 -0.00331613 -0.00492764 -0.00488698 -0.00346641 -0.00160556 -0.000103456 0.000880697 0.00158217 0.00198047 0.00161438 8.42698e-05 -0.00263516 -0.00658189 -0.0118696 -0.0175256 -0.020987 -0.0204946 -0.017875 -0.0173562 -0.021135 
-0.0231739 -0.0250514 -0.0223596 -0.0169269 -0.0113268 -0.00665039 -0.0028219 -0.000189205 0.000246151 -0.0017781 -0.00499096 -0.00747577 -0.0080733 -0.0069403 -0.00503999 -0.00319348 -0.00156017 3.20564e-05 0.00143315 0.0021409 0.00184697 0.000421396 -0.00275157 -0.00833376 -0.0150283 -0.0192671 -0.0187614 -0.0157332 -0.0149098 -0.0183261 
-0.017926 -0.0195386 -0.0167672 -0.0120086 -0.00780078 -0.00476066 -0.00226034 -0.000356437 -0.000240559 -0.00259775 -0.00631061 -0.00928381 -0.0101789 -0.00913478 -0.00713199 -0.00493669 -0.00267723 -0.000307694 0.00184027 0.00331895 0.00414873 0.00431999 0.00272429 -0.00192306 -0.00827833 -0.012256 -0.0114769 -0.00861442 -0.00856912 -0.0128252 
-0.0128739 -0.0147648 -0.0123546 -0.00847532 -0.00540776 -0.00330677 -0.00132997 0.000428902 0.000565011 -0.00183505 -0.00567611 -0.00875773 -0.00973342 -0.00880682 -0.0069176 -0.0046761 -0.00214125 0.000593067 0.00303213 0.00484349 0.00642489 0.00800701 0.00832114 0.00574435 0.00132321 -0.00129022 -0.000306225 0.00135683 -0.00066449 -0.00679979 
-0.00946482 -0.0107011 -0.00796055 -0.0047522 -0.00288446 -0.00160861 0.000284846 0.00242965 0.00300504 0.000915062 -0.00270828 -0.00566413 -0.00672466 -0.00613843 -0.00470185 -0.00283504 -0.000539627 0.00203265 0.00438839 0.00632673 0.00839493 0.0109635 0.0130033 0.0130115 0.0114171 0.0104745 0.0108892 0.0100314 0.00500226 -0.00308459 
-0.00597434 -0.00470551 -0.000564039 0.00197766 0.00183897 0.00133323 0.00253291 0.00485025 0.00595798 0.00451016 0.00146951 -0.00123106 -0.0025234 -0.00250176 -0.00166944 -0.000338118 0.00139717 0.00337487 0.0053223 0.00723058 0.00955619 0.0126319 0.0158875 0.0182242 0.0192863 0.0195223 0.0185849 0.0147524 0.00721416 -0.00131432 
0.00138555 0.00665754 0.0124525 0.0135482 0.00997483 0.00601576 0.00498847 0.00642929 0.00773569 0.00719785 0.00512171 0.00276731 0.00109898 0.000495551 0.000908265 0.00198792 0.00327206 0.00446549 0.00562956 0.00710666 0.00927568 0.0123581 0.0162141 0.0201584 0.0231069 0.0239155 0.0216041 0.0158168 0.00794742 0.00179511 
0.0128345 0.0221946 0.0287438 0.0272387 0.0192295 0.0108385 0.0065198 0.00624728 0.00750345 0.00812684 0.00734088 0.00545452 0.00338891 0.00218818 0.00236853 0.00350425 0.00458505 0.00498008 0.00503866 0.00559672 0.00712859 0.00977324 0.0137134 0.0186602 0.0230446 0.0244812 0.021563 0.0153436 0.00926039 0.0076353 
0.0233754 0.0353493 0.0412432 0.0365347 0.0245096 0.0125852 0.0057249 0.0042012 0.00570882 0.00772432 0.00847556 0.00735289 0.00509218 0.00323421 0.00289995 0.00380286 0.00454274 0.00412402 0.00304845 0.00255647 0.00320446 0.00500612 0.0084453 0.0138866 0.0197734 0.0226897 0.0204084 0.0147685 0.0108902 0.0135264 
0.0285844 0.0411658 0.0452519 0.0374865 0.0229124 0.0096989 0.00248694 0.00118764 0.00348703 0.00683079 0.00908744 0.00900906 0.00682576 0.0041604 0.00270883 0.00266196 0.00266173 0.00157596 -8.03356e-05 -0.00103848 -0.00102437 -0.000412148 0.00154825 0.00632926 0.0131845 0.0180868 0.0175295 0.0131456 0.0110061 0.0162819 
0.0295195 0.0413536 0.0429822 0.0325062 0.0166834 0.00415697 -0.00135292 -0.00106612 0.00226988 0.00634586 0.00934771 0.00983044 0.00751016 0.00389205 0.00111204 -8.16375e-05 -0.000686421 -0.00169044 -0.00267029 -0.00277849 -0.00251105 -0.00302734 -0.00355506 -0.00132756 0.00447641 0.0101341 0.0112435 0.00876128 0.00874343 0.0161034 
0.0309138 0.0413738 0.0400749 0.0269187 0.0102533 -0.000888704 -0.00376781 -0.00110233 0.00340744 0.00742489 0.00962914 0.00900405 0.00549844 0.000815447 -0.00273067 -0.00421973 -0.00438567 -0.00400707 -0.0028432 -0.000723937 0.000860541 -0.000221087 -0.00348153 -0.00517262 -0.00273841 0.00132507 0.00288749 0.00266946 0.00601972 0.0164015 
0.0365404 0.0451372 0.0401555 0.0237163 0.00566444 -0.004576 -0.0048752 0.00066794 0.00685476 0.0104749 0.0103672 0.006641 0.000649782 -0.00512936 -0.00850035 -0.00896659 -0.00740159 -0.00457269 -0.000545097 0.00414917 0.00721694 0.0059046 0.00051434 -0.0046858 -0.00598466 -0.00454152 -0.00338411 -0.00131534 0.00625285 0.0206213 
0.0462334 0.0527075 0.0432198 0.02248 0.00202641 -0.00827155 -0.00659278 0.00187199 0.0102008 0.0136624 0.0108552 0.00331451 -0.00557989 -0.0122802 -0.0148491 -0.0135325 -0.00966149 -0.00423948 0.00222362 0.0085194 0.0119284 0.00987922 0.00317559 -0.00360498 -0.00659844 -0.00649592 -0.00540246 -0.00128868 0.0102436 0.028701 
0.0559534 0.0610899 0.0473433 0.0220402 -0.00124918 -0.0122318 -0.00954331 0.000758269 0.0105611 0.0140137 0.00942579 -0.000696355 -0.0114827 -0.018589 -0.0202731 -0.017363 -0.0116166 -0.00432238 0.00352733 0.0100424 0.012343 0.00880517 0.00151842 -0.00470682 -0.00690327 -0.00651048 -0.00531306 -0.00017088 0.0141032 0.0362358 
0.0612184 0.0667724 0.0505219 0.0219867 -0.00320506 -0.0146028 -0.011846 -0.00176229 0.00747499 0.0102578 0.00504655 -0.00547509 -0.0161879 -0.0227115 -0.0235175 -0.0196563 -0.0130055 -0.00496143 0.0031549 0.00890938 0.00943498 0.00434862 -0.00275189 -0.00707783 -0.00736339 -0.0066315 -0.00655366 -0.00229288 0.0131065 0.0384242 
0.0611218 0.0677966 0.0505273 0.020647 -0.00459416 -0.0152342 -0.0126517 -0.00447698 0.00207589 0.00300557 -0.00237734 -0.0115532 -0.0201489 -0.0247015 -0.0242763 -0.0199337 -0.0132998 -0.00563214 0.00168178 0.00607175 0.00495433 -0.00101651 -0.00723734 -0.00932754 -0.00791645 -0.00766095 -0.00992281 -0.00780751 0.00764891 0.0354088 
0.0584093 0.0639506 0.0448017 0.0143925 -0.0091311 -0.0173887 -0.0142638 -0.00824273 -0.00510119 -0.00665452 -0.0122312 -0.019228 -0.0243641 -0.0258525 -0.023844 -0.0193273 -0.0133661 -0.00689623 -0.00113579 0.0017443 -0.000221049 -0.00589359 -0.0106775 -0.0109309 -0.00853879 -0.00894383 -0.0129452 -0.0121672 0.0033726 0.032202 
0.0557708 0.0562796 0.032804 0.00167001 -0.0187683 -0.0228994 -0.0177138 -0.0125859 -0.0119221 -0.0155554 -0.0213658 -0.0263384 -0.0281965 -0.0269566 -0.0238596 -0.0196864 -0.014825 -0.00983834 -0.00559012 -0.00341345 -0.00448408 -0.00796186 -0.010546 -0.00969961 -0.00743479 -0.00848785 -0.0127688 -0.0115739 0.00448573 0.032633 
0.0535987 0.0473548 0.0185446 -0.0132499 -0.0296856 -0.0282481 -0.0190693 -0.0125682 -0.0124169 -0.0171605 -0.0235187 -0.0279862 -0.028875 -0.0272044 -0.0245688 -0.0213911 -0.0176379 -0.013669 -0.00993906 -0.00681976 -0.00481076 -0.00406619 -0.00368237 -0.0027075 -0.00237377 -0.00521748 -0.00970982 -0.0075823 0.00889554 0.0352665 
0.0519766 0.04167 0.00985785 -0.0216662 -0.0343274 -0.0274695 -0.0133123 -0.00344062 -0.00187131 -0.00691719 -0.0147307 -0.021382 -0.0249772 -0.0260812 -0.0256089 -0.0236437 -0.0202651 -0.0160066 -0.0111688 -0.00554828 0.000662472 0.00613641 0.00917389 0.00895175 0.00536672 -0.00109602 -0.00699251 -0.00466721 0.0117991 0.0367429 
0.052039 0.0428585 0.0127522 -0.0168505 -0.0272887 -0.017665 -0.000174602 0.0129302 0.016407 0.0110574 0.000608242 -0.0105732 -0.0195359 -0.0252664 -0.0274947 -0.0262011 -0.0220129 -0.0159726 -0.00868478 -8.76288e-05 0.00948663 0.0179649 0.0219906 0.019522 0.0115375 0.00131205 -0.00604966 -0.00377574 0.0124165 0.0367433 
0.052378 0.0477688 0.0237805 -0.00157119 -0.0109228 -0.00196515 0.0152283 0.0290142 0.0329519 0.0263929 0.0126075 -0.00340893 -0.0173194 -0.02664 -0.0304144 -0.0288816 -0.0232722 -0.0151496 -0.00564945 0.00472443 0.0153592 0.0242015 0.0277152 0.0236069 0.0135328 0.00230237 -0.00447032 -0.00159002 0.0135747 0.0362747 
0.0480738 0.047424 0.0314284 0.0128612 0.00563946 0.0127278 0.0268914 0.0383972 0.0405839 0.0317592 0.0149784 -0.00393699 -0.0196552 -0.0293895 -0.0326341 -0.0302329 -0.0237778 -0.0150497 -0.00546949 0.00417554 0.0134041 0.0209208 0.0240322 0.0206669 0.0122635 0.00350891 -0.000584682 0.00324539 0.0158547 0.0339506 
0.0393699 0.0395138 0.030191 0.0194512 0.0164464 0.0229591 0.033618 0.0410754 0.0398206 0.028266 0.00967421 -0.00951497 -0.0237481 -0.0310388 -0.0321554 -0.0287271 -0.0224941 -0.0151502 -0.00791852 -0.00113401 0.00553213 0.0118638 0.0160079 0.0156661 0.0109534 0.00543047 0.00375446 0.00826474 0.0180825 0.0302091 
0.0398444 0.0378586 0.0309818 0.0253196 0.0260887 0.0327057 0.0399948 0.0425688 0.0371201 0.0231996 0.00414861 -0.0138458 -0.0256484 -0.0301305 -0.0291148 -0.0248705 -0.019294 -0.0140053 -0.0097908 -0.00600824 -0.00114313 0.00543829 0.0119942 0.0151544 0.0130773 0.00846836 0.00742435 0.013608 0.0245804 0.0348026 
0.0725636 0.0663014 0.0543239 0.0452893 0.0438452 0.0476352 0.0505006 0.0479948 0.0389246 0.0239161 0.00550013 -0.0115133 -0.0226061 -0.0265988 -0.025245 -0.0209002 -0.0156646 -0.0114045 -0.00877968 -0.00637461 -0.00173291 0.00619026 0.0152648 0.0208302 0.0194416 0.0140985 0.0143273 0.0270989 0.0483506 0.0664507 
0.156674 0.142496 0.113671 0.0872287 0.0724746 0.067296 0.0640061 0.0574716 0.0468895 0.0326105 0.0154263 -0.00171723 -0.0147109 -0.0213737 -0.0222227 -0.0189444 -0.013675 -0.00880253 -0.00547804 -0.00236191 0.00316354 0.0122275 0.0226441 0.0294406 0.0289314 0.0255678 0.0329284 0.0616136 0.105388 0.143358 
0.288136 0.259571 0.200741 0.142682 0.104047 0.0846713 0.0747948 0.0666756 0.0574062 0.0453701 0.0294114 0.0111424 -0.00532713 -0.0165054 -0.0211952 -0.0199133 -0.0145133 -0.00781417 -0.00177064 0.00403276 0.011399 0.0211764 0.0317875 0.0395483 0.0423397 0.0467362 0.0694137 0.123351 0.199381 0.265326 
0.422302 0.374231 0.280361 0.187192 0.123331 0.0904582 0.0763709 0.0698476 0.0644626 0.0556906 0.040812 0.0211591 0.00135216 -0.0140167 -0.0223608 -0.0231229 -0.0176723 -0.00881026 0.00100398 0.0109977 0.0214704 0.0324286 0.042959 0.0515793 0.0590063 0.0741042 0.115033 0.195332 0.302602 0.393964 
