0.261472 0.283594 0.253111 0.192965 0.13557 0.0959237 0.0709236 0.0515307 0.0328591 0.0154953 0.000882083 -0.0107734 -0.0195193 -0.0248957 -0.0260778 -0.0227642 -0.0151098 -0.00293169 0.0130748 0.0293118 0.0412277 0.0489122 0.0568013 0.0661598 0.0749002 0.0838391 0.0949476 0.111424 0.144714 0.201987 
0.256442 0.271413 0.234564 0.168394 0.108664 0.0721048 0.0529579 0.0388248 0.0241514 0.0102763 -0.00112684 -0.00998011 -0.0166185 -0.0210866 -0.0227544 -0.0210363 -0.0159178 -0.00742449 0.00398266 0.0162228 0.0266802 0.035912 0.0471799 0.060667 0.0745411 0.0905811 0.109825 0.130784 0.160235 0.207155 
0.202573 0.205343 0.169147 0.113415 0.0696113 0.0492144 0.0414632 0.0328779 0.020609 0.00852602 -0.000890144 -0.00751121 -0.012194 -0.0158578 -0.0181696 -0.0182108 -0.015866 -0.0114831 -0.00535734 0.00175084 0.00892983 0.0174587 0.0302738 0.0471148 0.0658515 0.0877544 0.112093 0.132678 0.150613 0.175618 
0.134187 0.123897 0.0910645 0.0532039 0.0336648 0.0345375 0.039458 0.0355329 0.0237158 0.0106521 0.000246082 -0.00635207 -0.0100188 -0.0127382 -0.0150014 -0.0159536 -0.0153845 -0.0137039 -0.0110152 -0.00746473 -0.00324801 0.00363827 0.0168275 0.0359753 0.05756 0.0812658 0.105329 0.121314 0.126485 0.130067 
0.0756951 0.0587361 0.0320567 0.0120251 0.0142353 0.0324905 0.0465856 0.0447455 0.0309955 0.014441 0.00083235 -0.00735566 -0.0109374 -0.0129016 -0.0146882 -0.0156947 -0.0155913 -0.0147552 -0.0133207 -0.0115336 -0.00960506 -0.00482173 0.00762955 0.0274417 0.0493973 0.0713911 0.0911526 0.100179 0.0951007 0.0851509 
0.0350039 0.020844 0.00402247 -0.00135923 0.0149429 0.0425462 0.0600773 0.0568148 0.0389022 0.0178628 0.00120626 -0.00836282 -0.0124198 -0.0145617 -0.016402 -0.0172485 -0.0166755 -0.0151991 -0.013337 -0.0119815 -0.0118751 -0.0100098 -0.000753778 0.01598 0.0347541 0.0529279 0.0678509 0.0713696 0.0609895 0.046664 
0.0131762 0.00805812 0.00218471 0.00609808 0.0272874 0.0555502 0.0710438 0.0640681 0.0418582 0.0177802 0.000254721 -0.00925793 -0.0137967 -0.0168596 -0.0192302 -0.019811 -0.0182619 -0.0153667 -0.0120668 -0.0100787 -0.0110537 -0.0123564 -0.00829964 0.00174493 0.0136796 0.0261672 0.0372038 0.039175 0.0298575 0.0189262 
0.00599694 0.0108437 0.0133318 0.0198421 0.036948 0.058177 0.0678572 0.0575231 0.0339404 0.0103229 -0.00544345 -0.0134804 -0.0177189 -0.0209221 -0.0229109 -0.0224604 -0.0195611 -0.0151608 -0.0102481 -0.00699682 -0.00792114 -0.0111678 -0.0115903 -0.0084804 -0.00469301 0.000547223 0.00758734 0.0104076 0.00624374 0.00282477 
0.00411654 0.0161444 0.0231618 0.027249 0.0351175 0.045747 0.0487592 0.0370646 0.0158896 -0.00384314 -0.0161492 -0.0219716 -0.0247191 -0.026219 -0.0261111 -0.0236913 -0.0193904 -0.0140769 -0.00830471 -0.00400368 -0.00403593 -0.00735606 -0.00957809 -0.0103038 -0.0121439 -0.0130817 -0.0102446 -0.00752058 -0.00799431 -0.00576203 
0.000959003 0.0161324 0.0247791 0.0253969 0.0252967 0.0277222 0.0258554 0.0139053 -0.00357276 -0.0181606 -0.0264553 -0.0298567 -0.0305238 -0.0294388 -0.0266711 -0.0223931 -0.0174225 -0.0123561 -0.00704634 -0.00263687 -0.00175598 -0.00401395 -0.00573825 -0.00658603 -0.00930232 -0.0122433 -0.0120116 -0.0113515 -0.0128737 -0.0106012 
-0.00123552 0.013625 0.0218607 0.0205139 0.0174089 0.0169401 0.0127897 0.00020525 -0.015073 -0.0255106 -0.0300709 -0.0312706 -0.0305637 -0.0280744 -0.0239793 -0.0190927 -0.0145592 -0.0107775 -0.0070129 -0.00350278 -0.00225325 -0.00327651 -0.00359239 -0.00272451 -0.00334034 -0.00485209 -0.00493415 -0.00624368 -0.0106133 -0.011126 
0.00357348 0.0165936 0.022771 0.0203462 0.0175936 0.0179699 0.0139357 0.000948879 -0.0138252 -0.022293 -0.0246447 -0.0248875 -0.02459 -0.0229381 -0.0194862 -0.0151966 -0.0115759 -0.00919635 -0.00715182 -0.0049182 -0.00361639 -0.00332508 -0.00195243 0.000459319 0.00114649 0.000284468 3.8971e-05 -0.00143393 -0.00537828 -0.00557427 
0.0166619 0.0283665 0.031776 0.0275881 0.0249626 0.0269118 0.025022 0.0136168 -0.000780798 -0.00963858 -0.0127307 -0.014418 -0.0163839 -0.0170809 -0.0152961 -0.0118863 -0.0087428 -0.00694354 -0.00580706 -0.00428065 -0.00254676 -0.000546921 0.00274366 0.00597842 0.00574504 0.00252907 0.00027038 -0.000217531 0.000374184 0.00528985 
0.0330227 0.0440853 0.0450384 0.0382383 0.0339573 0.0364023 0.0376206 0.0299043 0.0167129 0.00591803 -0.000576238 -0.00567335 -0.0105728 -0.0135151 -0.0131026 -0.0101736 -0.00683831 -0.0046116 -0.00318299 -0.00131144 0.00143202 0.00515333 0.00994023 0.01332 0.0113352 0.00494864 0.000325122 0.00135786 0.00764618 0.0187153 
0.0453502 0.0549967 0.053989 0.0447845 0.0379742 0.0396224 0.043334 0.0396097 0.0281062 0.0153986 0.00534838 -0.00276746 -0.00947671 -0.0133611 -0.0134571 -0.0106716 -0.00694707 -0.00380105 -0.00122316 0.00180778 0.00575572 0.0104646 0.0153457 0.0177237 0.014209 0.00653678 0.00196539 0.00558701 0.0162671 0.0306111 
0.047986 0.0550433 0.0527434 0.0425989 0.0341227 0.0344858 0.0391415 0.0379468 0.0279747 0.0147754 0.00348477 -0.00522436 -0.0117066 -0.015195 -0.0152577 -0.0127005 -0.00892063 -0.00502795 -0.00116077 0.00322315 0.00815853 0.0129219 0.0163905 0.0164599 0.0114851 0.004448 0.00234209 0.00908889 0.021892 0.0358324 
0.0406071 0.0453908 0.0432576 0.0342945 0.025989 0.025486 0.029769 0.0293688 0.0206611 0.00860567 -0.00148141 -0.00869257 -0.0137102 -0.0163706 -0.0164468 -0.0143876 -0.0109842 -0.006898 -0.00231277 0.00288346 0.00823257 0.0123916 0.0138202 0.011313 0.00529606 -0.000222398 0.000425928 0.00891567 0.0211112 0.0321568 
0.0288155 0.032759 0.0322091 0.0257739 0.018878 0.0180151 0.021362 0.0209725 0.0136002 0.00358644 -0.00435856 -0.00962467 -0.0132585 -0.0154172 -0.0157272 -0.0141912 -0.0112447 -0.00738145 -0.00283646 0.00231879 0.00741349 0.0107086 0.010447 0.00639709 0.000645205 -0.00278013 -0.000433729 0.00728852 0.0163269 0.0234139 
0.0179156 0.0217417 0.0227022 0.0184416 0.0128256 0.0115312 0.013838 0.0136091 0.00804883 0.000575357 -0.0050163 -0.0084932 -0.0110948 -0.012994 -0.0134795 -0.0121786 -0.00943614 -0.00583844 -0.00171212 0.00288583 0.00734041 0.00978745 0.00849937 0.0041905 4.01586e-06 -0.000990257 0.00192631 0.00694048 0.0114451 0.0145988 
0.00697221 0.0102887 0.0116563 0.00860065 0.00377423 0.00184479 0.00319321 0.00359024 0.000568446 -0.00358658 -0.00620931 -0.00758755 -0.00902994 -0.0104711 -0.0108184 -0.00947011 -0.00679302 -0.00348809 6.75775e-05 0.00388935 0.00746941 0.0089674 0.00688352 0.00272757 0.000120195 0.000803805 0.00316384 0.00482693 0.00509726 0.0051801 
-0.00703688 -0.00463504 -0.00329774 -0.00502281 -0.00854412 -0.0105877 -0.00977315 -0.00833657 -0.00833955 -0.00870158 -0.00807041 -0.00729365 -0.00753964 -0.0083344 -0.00831794 -0.00686353 -0.00438897 -0.00159564 0.00117824 0.00399193 0.00637239 0.00657484 0.00342776 -0.00110981 -0.00355161 -0.00323453 -0.0027271 -0.00394993 -0.00625099 -0.0077611 
-0.0214171 -0.0197119 -0.017865 -0.0171739 -0.0180412 -0.0189554 -0.0179323 -0.0153967 -0.0129067 -0.0104863 -0.00789452 -0.00612947 -0.00590493 -0.00636896 -0.00614308 -0.00474524 -0.00263361 -0.000439519 0.00154175 0.00331008 0.00434793 0.00312244 -0.0011406 -0.00650751 -0.0102664 -0.0123357 -0.0145699 -0.0175712 -0.0203189 -0.0217556 
-0.0296095 -0.0282487 -0.0256009 -0.0221372 -0.0196639 -0.0184876 -0.0167306 -0.0136107 -0.0101752 -0.00716388 -0.00482719 -0.00372575 -0.00398668 -0.00466083 -0.00461857 -0.00355271 -0.001882 -0.000144635 0.00133922 0.00239339 0.00243308 0.000296427 -0.00434116 -0.00997082 -0.0151183 -0.0199768 -0.0247551 -0.0283697 -0.0300254 -0.0302031 
-0.0292338 -0.0282368 -0.0253668 -0.0203402 -0.015549 -0.0125713 -0.0101921 -0.00722893 -0.0043227 -0.00240019 -0.00159711 -0.00177208 -0.00265067 -0.00356327 -0.00381831 -0.00322731 -0.0020723 -0.000767393 0.000350532 0.000978115 0.000569188 -0.00159098 -0.00546721 -0.0101534 -0.0154305 -0.0217166 -0.0277765 -0.0311574 -0.031345 -0.0301551 
-0.0242192 -0.0237444 -0.0214197 -0.0167015 -0.0117533 -0.00833856 -0.0058398 -0.00332732 -0.00131493 -0.00059668 -0.000949944 -0.00168704 -0.00244128 -0.00304455 -0.00329623 -0.00308384 -0.00252667 -0.00189142 -0.00141981 -0.00132401 -0.00193462 -0.00358692 -0.00611828 -0.00917726 -0.0133571 -0.0192264 -0.0249375 -0.0275504 -0.0267787 -0.025027 
-0.019515 -0.0194904 -0.018018 -0.0148952 -0.0116098 -0.00909316 -0.00684593 -0.00450301 -0.00278806 -0.00234987 -0.00270824 -0.00298283 -0.00292088 -0.0027865 -0.00275651 -0.00278572 -0.00287009 -0.00311408 -0.00355991 -0.00418209 -0.005043 -0.00624575 -0.00767907 -0.00935098 -0.0120896 -0.0164316 -0.0206715 -0.0222971 -0.0212725 -0.0198396 
-0.0161603 -0.0164132 -0.0157616 -0.0145432 -0.0134687 -0.0123119 -0.0104095 -0.00796792 -0.00602252 -0.00512066 -0.004732 -0.00411867 -0.00320991 -0.00244816 -0.00217158 -0.00239738 -0.00304992 -0.00406296 -0.00526381 -0.00643439 -0.00748836 -0.00844503 -0.00927233 -0.0100923 -0.0115739 -0.014126 -0.0166008 -0.0173744 -0.016611 -0.0159399 
-0.0123951 -0.0129645 -0.0130919 -0.0133883 -0.0139167 -0.0137136 -0.0121267 -0.00977839 -0.00777447 -0.00644513 -0.00531655 -0.00399739 -0.00262903 -0.00163173 -0.00130818 -0.00169631 -0.00268339 -0.0040686 -0.00553267 -0.00678282 -0.00773176 -0.00843528 -0.00890435 -0.00917069 -0.00959358 -0.0105096 -0.0114465 -0.0116678 -0.0114262 -0.0116266 
-0.00718686 -0.00832344 -0.00925456 -0.0104981 -0.0117084 -0.0118139 -0.0105105 -0.00867795 -0.00716803 -0.00589987 -0.00441495 -0.00271034 -0.00119025 -0.000224189 2.359e-05 -0.000429655 -0.0014421 -0.00275042 -0.00397783 -0.00482735 -0.00528653 -0.00553604 -0.00563131 -0.00543999 -0.00503307 -0.00473018 -0.0045845 -0.00449683 -0.00477329 -0.00578009 
-0.00128106 -0.00320648 -0.00494008 -0.00675858 -0.00816478 -0.00829438 -0.00728132 -0.00617056 -0.00546057 -0.0046039 -0.00306897 -0.00115108 0.000466268 0.00139171 0.00159692 0.00120461 0.00039447 -0.000560486 -0.00128157 -0.00147579 -0.00119816 -0.000782681 -0.00038008 0.000225938 0.00113837 0.00207882 0.00276885 0.00300222 0.00241018 0.000819172 
0.00370197 0.000994063 -0.00140131 -0.00356197 -0.00507833 -0.00531205 -0.00463362 -0.00413825 -0.00407079 -0.00357983 -0.00207067 4.45731e-06 0.00177334 0.00277617 0.00304727 0.00279396 0.00222958 0.00161331 0.00130638 0.00162495 0.00251823 0.00355619 0.00446556 0.00542419 0.00658465 0.00772983 0.00857089 0.00885969 0.00821112 0.00636961 
0.0068151 0.00361666 0.000848511 -0.00140308 -0.00297886 -0.00347058 -0.00323646 -0.00320799 -0.0034492 -0.00306241 -0.00152741 0.00065162 0.00257372 0.00373051 0.00413831 0.00402404 0.00360395 0.003107 0.00287709 0.00328643 0.00436868 0.00569922 0.00692779 0.00814687 0.00946904 0.0106839 0.011535 0.0118686 0.0113882 0.00968282 
0.00831064 0.00507882 0.00226924 0.000157516 -0.00138067 -0.00224048 -0.00265442 -0.0031631 -0.00359719 -0.00316778 -0.00156353 0.000690516 0.00276502 0.00412189 0.00470397 0.00470942 0.00433395 0.00376873 0.00334703 0.00351058 0.00441602 0.00572498 0.0070823 0.00849624 0.00997168 0.0112273 0.0120214 0.0123593 0.0121477 0.0108994 
0.00890879 0.00599056 0.00337217 0.00152198 8.80381e-05 -0.00120669 -0.00249975 -0.00381757 -0.00464169 -0.0042676 -0.00260918 -0.000230661 0.00209176 0.00375578 0.00459087 0.00475604 0.00444105 0.00381368 0.00319964 0.00308845 0.00374262 0.00494616 0.00638629 0.00797809 0.00958143 0.0108299 0.0114941 0.0117329 0.0116982 0.0109536 
0.00908772 0.0065142 0.0041249 0.00252417 0.0012039 -0.000524072 -0.0027943 -0.00512265 -0.00657075 -0.00642104 -0.00474691 -0.00217972 0.000491838 0.0025701 0.00375786 0.00417818 0.00404582 0.00353092 0.00293839 0.0027469 0.00326981 0.00442194 0.00596634 0.00772938 0.00944555 0.0107087 0.0112818 0.0113639 0.0112728 0.0107342 
0.00840855 0.00600058 0.00379731 0.00241278 0.00121127 -0.000828838 -0.00386979 -0.00702359 -0.0090029 -0.00904978 -0.00734124 -0.00458753 -0.00160273 0.000871552 0.00244426 0.00319088 0.00335962 0.00313779 0.00277397 0.0026655 0.00313429 0.00423672 0.00584104 0.007716 0.00952362 0.0108574 0.011421 0.0113039 0.0108629 0.0100582 
0.00586026 0.00355189 0.00166858 0.000639531 -0.000357369 -0.00248568 -0.00581978 -0.0092192 -0.0112689 -0.0112626 -0.00946762 -0.00663381 -0.00352425 -0.0008131 0.00106894 0.0021207 0.00259583 0.00269733 0.00259478 0.00256574 0.00291826 0.00383064 0.00526993 0.00700386 0.0087152 0.0100333 0.0105535 0.0101606 0.00916929 0.0077878 
0.00100634 -0.000923861 -0.00206166 -0.00235923 -0.00292532 -0.00484443 -0.007915 -0.0108864 -0.0124868 -0.0122179 -0.0104266 -0.00776865 -0.00481729 -0.00210339 -7.17821e-05 0.00117399 0.00184421 0.00215102 0.00221686 0.00220299 0.00233295 0.00278943 0.00359597 0.00464119 0.0058075 0.00683095 0.00716495 0.00644901 0.00493983 0.00306981 
-0.00569481 -0.00670374 -0.00650638 -0.00555789 -0.00530876 -0.00660786 -0.00887681 -0.010906 -0.0117926 -0.0113583 -0.0099514 -0.00790817 -0.00545277 -0.0029704 -0.000953262 0.000370107 0.00112638 0.00153279 0.00171509 0.00171286 0.00153562 0.00121899 0.000841651 0.000586351 0.000711147 0.00110274 0.00104236 -6.42088e-05 -0.00195462 -0.00396609 
-0.012946 -0.0125527 -0.0105954 -0.00802115 -0.006577 -0.00680215 -0.0077997 -0.00861521 -0.00887508 -0.00870059 -0.00827527 -0.00740023 -0.00581696 -0.00377023 -0.00185816 -0.000471559 0.000408086 0.000989169 0.00138621 0.00145415 0.000895203 -0.000418863 -0.00225302 -0.00403095 -0.00513884 -0.00561361 -0.00634415 -0.00803549 -0.0102497 -0.01205 
-0.0190564 -0.0170348 -0.0133059 -0.00920117 -0.00654545 -0.00545461 -0.00486579 -0.00436427 -0.004237 -0.00479023 -0.00585979 -0.00660781 -0.00623485 -0.00480783 -0.00303742 -0.00150383 -0.000318368 0.000675043 0.00149002 0.00170919 0.000740954 -0.00156083 -0.00466983 -0.00769441 -0.00989915 -0.0113544 -0.0130165 -0.0155055 -0.0180302 -0.0193498 
-0.0225517 -0.0189067 -0.0138185 -0.00889614 -0.00560895 -0.0033997 -0.00120573 0.000587716 0.00094991 -0.00052644 -0.00322519 -0.00567173 -0.00658273 -0.00584289 -0.00422437 -0.00246896 -0.000832005 0.000733554 0.00206395 0.0024529 0.0011149 -0.00195945 -0.00592491 -0.00978525 -0.0129159 -0.0153708 -0.0179459 -0.021076 -0.0236674 -0.0242444 
-0.0221132 -0.0172789 -0.0118667 -0.00753296 -0.00477946 -0.002116 0.00130715 0.00417049 0.00476057 0.00258547 -0.00134329 -0.00502052 -0.00683406 -0.00657014 -0.00502109 -0.00302632 -0.000973177 0.00105665 0.00273112 0.00314618 0.00145821 -0.00214213 -0.00658167 -0.0109553 -0.0148424 -0.0180995 -0.0210742 -0.0240056 -0.0258478 -0.0252314 
-0.017562 -0.0127118 -0.00870725 -0.00685312 -0.00611758 -0.00392319 0.000218164 0.00405444 0.00527079 0.00317101 -0.00110621 -0.00522483 -0.0073331 -0.00715407 -0.00549542 -0.00326542 -0.000953782 0.00126693 0.00297825 0.00321193 0.00116492 -0.00279516 -0.00745645 -0.0120532 -0.0163582 -0.0199273 -0.0224431 -0.0239195 -0.0238553 -0.0216332 
-0.0112441 -0.0078395 -0.00663162 -0.00852225 -0.0109499 -0.0101143 -0.00555916 -0.000288225 0.00257674 0.00171631 -0.00199311 -0.00601494 -0.00811672 -0.00781945 -0.00593577 -0.00347046 -0.00101257 0.00122933 0.00286049 0.00293695 0.000648357 -0.00360074 -0.00848798 -0.0132349 -0.0176551 -0.0209671 -0.0221786 -0.0211969 -0.0185926 -0.015086 
-0.00643327 -0.00517676 -0.00651651 -0.0116277 -0.0173012 -0.0184416 -0.0137321 -0.00643275 -0.000842135 0.000458179 -0.00228291 -0.00628908 -0.00865256 -0.00845369 -0.00645289 -0.00379323 -0.00121578 0.001053 0.0027389 0.00293796 0.000650158 -0.00389086 -0.00922866 -0.0143182 -0.0187555 -0.021388 -0.0207909 -0.017131 -0.0123908 -0.00871299 
-0.00452153 -0.0048511 -0.00692097 -0.0131019 -0.0208758 -0.0241561 -0.0199128 -0.010822 -0.00231925 0.00128185 -0.00070108 -0.0051804 -0.00835251 -0.00870421 -0.00690367 -0.00425826 -0.00170568 0.000511945 0.00230764 0.00282607 0.000760023 -0.00391556 -0.00954033 -0.0146671 -0.0186509 -0.0202356 -0.0180562 -0.0127454 -0.00729718 -0.0046728 
-0.00504238 -0.00527694 -0.00563546 -0.0102004 -0.0181862 -0.0232392 -0.0203429 -0.0107484 -0.000455655 0.00456711 0.0026823 -0.00269287 -0.00694815 -0.00813365 -0.00691741 -0.00474737 -0.00267603 -0.000900645 0.000733918 0.00149478 -0.000151567 -0.00439763 -0.00931325 -0.0131013 -0.0152309 -0.0151714 -0.0124555 -0.00797063 -0.00424956 -0.00367037 
-0.00699048 -0.00520084 -0.00205026 -0.00318527 -0.00977264 -0.0158314 -0.0145968 -0.00569622 0.00465947 0.00943158 0.00666161 0.000243814 -0.00483734 -0.00671745 -0.00629677 -0.00509059 -0.00407171 -0.00328077 -0.00228935 -0.00159374 -0.00271874 -0.00584614 -0.00879997 -0.00958852 -0.00817207 -0.00565801 -0.00347875 -0.00258387 -0.00324619 -0.00540229 
-0.00851414 -0.00434064 0.00173814 0.00349473 -0.00140775 -0.00757839 -0.0071737 0.00107591 0.0104294 0.0134264 0.00885816 0.00148279 -0.00377894 -0.00573585 -0.00579053 -0.00549335 -0.00560627 -0.00596385 -0.00589611 -0.00557227 -0.0062199 -0.00781831 -0.00811793 -0.00523829 0.000260912 0.00553991 0.00692164 0.00325477 -0.00275228 -0.00758245 
-0.00687348 -0.00228303 0.0037339 0.00591487 0.00203942 -0.00331203 -0.00256451 0.00537093 0.0131377 0.0135443 0.0068628 -0.00111386 -0.00582649 -0.00705609 -0.00678451 -0.00658714 -0.0070718 -0.00798403 -0.00851401 -0.00846332 -0.00853661 -0.00837464 -0.00594633 -1.39366e-05 0.00827195 0.0152979 0.0161921 0.00956525 9.29246e-05 -0.00629179 
-0.000304007 0.0024361 0.00582748 0.00662279 0.00349785 -0.000247767 0.00111305 0.00781795 0.0127832 0.0100654 0.0014665 -0.00669612 -0.0105576 -0.0107693 -0.0096209 -0.00863804 -0.00845356 -0.00895324 -0.00932821 -0.00905422 -0.00827313 -0.00627785 -0.00152463 0.00602359 0.014586 0.0212235 0.0219859 0.0156181 0.0065778 0.000604758 
0.00982389 0.0109411 0.0118865 0.0112529 0.00871558 0.00647964 0.00794927 0.0123047 0.0135029 0.00743647 -0.00298401 -0.0115771 -0.015207 -0.0149478 -0.0130657 -0.0110435 -0.00969943 -0.00919904 -0.00883952 -0.00791155 -0.00621605 -0.00294615 0.00273951 0.00954575 0.0154268 0.019524 0.0205796 0.0176788 0.013085 0.0101586 
0.0181671 0.0206532 0.0215372 0.0201163 0.0171353 0.0151951 0.0165248 0.0192688 0.0179458 0.00953584 -0.00270923 -0.012768 -0.0175004 -0.0177531 -0.0156667 -0.0128689 -0.0104856 -0.00896997 -0.00772378 -0.00598349 -0.00364815 -0.000478406 0.0033617 0.00591221 0.00623003 0.00655254 0.00834949 0.0104746 0.0124788 0.0151086 
0.0180233 0.0249856 0.0286669 0.0274969 0.0232448 0.0205667 0.0221487 0.0253885 0.0243997 0.0157765 0.00223093 -0.0100271 -0.0169455 -0.0185913 -0.01687 -0.0136294 -0.0104362 -0.00811405 -0.00612725 -0.00367195 -0.00117954 0.000259966 -0.000644356 -0.0052258 -0.0116942 -0.0147874 -0.0120463 -0.00588088 0.00148871 0.00971228 
0.00852458 0.021256 0.0299173 0.0306158 0.0256237 0.022165 0.0243259 0.0292439 0.0302464 0.0228071 0.00878272 -0.00531546 -0.014468 -0.0179364 -0.01711 -0.013746 -0.00986698 -0.00688563 -0.00445074 -0.00175769 0.000112239 -0.00124397 -0.00761671 -0.0187119 -0.0299018 -0.0344208 -0.0308251 -0.0233865 -0.014715 -0.00410574 
-0.00148513 0.0177127 0.0325189 0.0360874 0.0307672 0.0260999 0.0279901 0.0337551 0.0359244 0.0290384 0.0146042 -0.000591693 -0.0113185 -0.0166337 -0.0172489 -0.0143053 -0.0100098 -0.00648391 -0.00390826 -0.00174933 -0.00143659 -0.00556876 -0.0152883 -0.028928 -0.0408769 -0.0446539 -0.0403777 -0.0339669 -0.0275301 -0.0174879 
-0.00203461 0.0242921 0.0450303 0.0508807 0.0442537 0.0366223 0.03609 0.040629 0.0420208 0.0342176 0.0189627 0.00322773 -0.0083508 -0.015324 -0.0178183 -0.0160048 -0.0118672 -0.00809992 -0.00571081 -0.00475813 -0.00646879 -0.0121849 -0.0217089 -0.0334833 -0.0432164 -0.0452585 -0.0402504 -0.0352342 -0.0316893 -0.0222802 
0.00717276 0.03815 0.0624499 0.0693759 0.060745 0.0487899 0.0438303 0.0452582 0.0446805 0.0357323 0.0202715 0.0049334 -0.00666407 -0.0147328 -0.0189639 -0.0185891 -0.0151421 -0.0116499 -0.00993856 -0.0105848 -0.0139217 -0.0191026 -0.0247873 -0.0311359 -0.0364659 -0.0356875 -0.029168 -0.0249689 -0.0241826 -0.0158732 
0.0197389 0.0477231 0.0708067 0.0778592 0.0685484 0.0535064 0.0441611 0.0419765 0.0396061 0.0308111 0.0169207 0.00339787 -0.0072017 -0.0153915 -0.0205236 -0.0211893 -0.0184738 -0.0155859 -0.0149602 -0.0171994 -0.021043 -0.0231813 -0.0216059 -0.0187393 -0.0156995 -0.00861007 0.00117141 0.00402301 -0.000606676 0.00143703 
0.0317899 0.048097 0.0643508 0.0700019 0.0620938 0.0474651 0.0362119 0.0314286 0.027988 0.0205909 0.00977378 -0.000715486 -0.00936649 -0.0166792 -0.0217248 -0.0227296 -0.0203814 -0.0179197 -0.0180851 -0.0210616 -0.0238069 -0.0208529 -0.00960086 0.00599909 0.022293 0.0401292 0.0546163 0.0540231 0.039158 0.0275321 
0.0429603 0.0450617 0.0514816 0.0532901 0.046997 0.0357943 0.026004 0.0203827 0.0161242 0.00986049 0.00200707 -0.00525831 -0.0115618 -0.0174554 -0.0218228 -0.022718 -0.0204806 -0.0180847 -0.0181361 -0.0203379 -0.0205777 -0.0121409 0.00836856 0.0367562 0.0672398 0.0963368 0.114581 0.108789 0.0819919 0.0548984 
0.052764 0.0463705 0.0447248 0.0411305 0.0346741 0.0275308 0.0215511 0.0165901 0.0109712 0.0040175 -0.00277256 -0.0081658 -0.0128852 -0.0176878 -0.021408 -0.0221514 -0.0200524 -0.0175614 -0.0168009 -0.0172963 -0.0150287 -0.00313013 0.0227596 0.0592662 0.0989951 0.134323 0.152764 0.142044 0.108017 0.0729919 
0.0603582 0.0547211 0.0502675 0.042769 0.0351994 0.0309423 0.0284058 0.0235515 0.014978 0.00510716 -0.00288533 -0.00847745 -0.0133121 -0.0181674 -0.0217627 -0.0224081 -0.0202673 -0.0173474 -0.0154126 -0.0143676 -0.0111512 0.000689838 0.0265964 0.0645231 0.106011 0.140455 0.154895 0.140811 0.107564 0.076681 
0.0691406 0.0716126 0.0695072 0.0614961 0.053508 0.0497881 0.046861 0.038679 0.0248869 0.0107372 0.000371168 -0.00681474 -0.0132092 -0.0191887 -0.0230473 -0.0232711 -0.0202575 -0.0158693 -0.0119708 -0.00950327 -0.00687681 0.0018185 0.0230833 0.0562567 0.0926473 0.120538 0.128563 0.113427 0.0882068 0.0717074 
0.0914121 0.104532 0.105131 0.0962066 0.086117 0.0787318 0.0701117 0.0551291 0.0352243 0.0168762 0.00386828 -0.00545724 -0.0137621 -0.0208649 -0.024621 -0.023696 -0.0187353 -0.0114509 -0.00393903 0.00135252 0.00389229 0.00850977 0.0223319 0.046078 0.0722574 0.090688 0.0932149 0.081258 0.070272 0.074882 
0.141112 0.162366 0.158847 0.140331 0.120249 0.103307 0.0861274 0.0649621 0.0413837 0.0205506 0.00514933 -0.00637349 -0.0160236 -0.0232766 -0.0261106 -0.0235688 -0.016318 -0.00546162 0.00711844 0.0175712 0.0227331 0.025421 0.0325528 0.0460502 0.0608057 0.0704908 0.0713055 0.0677402 0.0754029 0.104226 
0.210892 0.235125 0.218656 0.179308 0.139906 0.109597 0.0857033 0.0630913 0.0404266 0.0200584 0.00375807 -0.00895923 -0.0188536 -0.0253144 -0.0269653 -0.0233301 -0.0148406 -0.00173478 0.0147481 0.0302453 0.0398075 0.0442348 0.0493998 0.0574854 0.0654759 0.0713328 0.075295 0.0826874 0.107694 0.157276 
