0.428809 0.373366 0.262174 0.146812 0.0639038 0.0218551 0.0105097 0.013517 0.01846 0.0200011 0.0165192 0.00874239 6.2871e-05 -0.00608092 -0.00855737 -0.00791824 -0.00449045 0.00351854 0.0182666 0.0361079 0.0475379 0.0479109 0.0444106 0.0489866 0.0687835 0.106015 0.161723 0.236583 0.325659 0.404355 
0.342261 0.285357 0.186432 0.091459 0.0286256 0.00183281 0.00189528 0.0142637 0.0259709 0.0312685 0.0297066 0.0224366 0.0124468 0.00372881 -0.00175269 -0.00462877 -0.00537413 -0.00138609 0.0108238 0.0281869 0.0402701 0.041527 0.040938 0.0532037 0.0833046 0.125091 0.171285 0.221868 0.280386 0.333013 
0.197692 0.152399 0.0850959 0.0288452 -0.00130703 -0.00804562 0.000991309 0.0167952 0.0302282 0.0369273 0.0370673 0.0312883 0.0216762 0.0124324 0.00579182 0.000603662 -0.00378741 -0.00414192 0.00392358 0.0183053 0.029354 0.0318399 0.0346429 0.0508025 0.0810165 0.114094 0.139692 0.158439 0.179866 0.201362 
0.0701175 0.0428367 0.00853847 -0.0142296 -0.0204283 -0.0145667 -0.00090459 0.0161759 0.0302348 0.037444 0.0379276 0.0322621 0.0230143 0.0151132 0.0101627 0.00552088 -8.45313e-05 -0.0033412 0.000450615 0.0105656 0.0195903 0.0233417 0.0286801 0.0436313 0.0642151 0.0792539 0.0825645 0.0778768 0.0755612 0.0777579 
-0.00483968 -0.0138799 -0.0245995 -0.030599 -0.0305616 -0.0239689 -0.00926719 0.0106961 0.0276409 0.0358711 0.0353072 0.0276355 0.0173435 0.0107689 0.00878114 0.00682595 0.00245461 -0.00156412 -0.000702505 0.00551492 0.0120899 0.0161241 0.0223737 0.0338293 0.0426691 0.0398632 0.0263669 0.0103647 0.00035057 -0.00207297 
-0.0313206 -0.0277545 -0.0262805 -0.0281994 -0.0326387 -0.0328091 -0.0208483 0.00139651 0.0221538 0.0324014 0.0313357 0.0216857 0.0095632 0.00276324 0.0024686 0.00314785 0.00113547 -0.00176036 -0.0017601 0.00182816 0.00556183 0.0079677 0.0132304 0.0218849 0.0242324 0.0128146 -0.0069611 -0.0246994 -0.0342232 -0.0350174 
-0.0219874 -0.0161013 -0.0137825 -0.0175675 -0.0264769 -0.0329429 -0.0268229 -0.00750411 0.0133852 0.0251106 0.0252949 0.0158995 0.00286992 -0.00522295 -0.00575702 -0.00366818 -0.00327995 -0.00397087 -0.00327739 -0.00118572 -0.000424252 -0.00125785 0.000907132 0.00690665 0.00850648 1.46071e-05 -0.0132929 -0.0238471 -0.0287127 -0.0275127 
0.0129929 0.0121211 0.00486426 -0.00591251 -0.0170275 -0.0251521 -0.0241909 -0.0118791 0.00429278 0.0151643 0.0169783 0.00962959 -0.00249802 -0.0111899 -0.0125665 -0.0100968 -0.00791484 -0.00640726 -0.00454615 -0.00313741 -0.00459955 -0.00889638 -0.0117495 -0.0107679 -0.00923313 -0.00889077 -0.00671235 -0.00179128 0.00367763 0.00897458 
0.0564804 0.0453802 0.0233961 0.00155639 -0.0122815 -0.0189738 -0.0193721 -0.0124731 -0.00193015 0.00619336 0.00828245 0.00310677 -0.00650826 -0.0139637 -0.0156023 -0.0136422 -0.0111447 -0.00860612 -0.00587617 -0.00430228 -0.00625523 -0.0124577 -0.0203157 -0.0264089 -0.0280933 -0.0213231 -0.00364578 0.0198746 0.0406519 0.0538263 
0.0838906 0.0636981 0.0308265 0.00130431 -0.0146308 -0.0198548 -0.0192568 -0.0139432 -0.00663134 -0.00126126 0.00018031 -0.00280578 -0.00845612 -0.0128454 -0.0140371 -0.0135753 -0.0127699 -0.0110643 -0.00832057 -0.0060272 -0.00656111 -0.0118431 -0.0216233 -0.0328588 -0.0393333 -0.0321886 -0.00681836 0.0298585 0.0637605 0.0836275 
0.0804349 0.0558013 0.0227562 -0.00430018 -0.0186073 -0.0236576 -0.0231368 -0.0183211 -0.0126051 -0.0090911 -0.00782166 -0.00787603 -0.00845152 -0.00876341 -0.0091614 -0.0107144 -0.0127381 -0.0132194 -0.0115822 -0.00889933 -0.00708915 -0.00887846 -0.0159206 -0.0264194 -0.0341492 -0.0293255 -0.00547558 0.031944 0.0672305 0.0854052 
0.0539039 0.0328964 0.00992771 -0.00735467 -0.0177732 -0.0234923 -0.0241949 -0.0203474 -0.016179 -0.0142752 -0.0131768 -0.0108759 -0.00734321 -0.00439578 -0.0042481 -0.00742108 -0.0116949 -0.0143317 -0.0145011 -0.0123465 -0.00864681 -0.00604227 -0.00692745 -0.0106273 -0.0133432 -0.00871715 0.00801382 0.0332403 0.0553859 0.0632952 
0.025902 0.0160914 0.00607757 -0.00328653 -0.0119746 -0.0175661 -0.0165408 -0.0109449 -0.00715904 -0.00754666 -0.00910573 -0.00837678 -0.00504239 -0.00198407 -0.00228866 -0.0061819 -0.0111607 -0.0149386 -0.016714 -0.0155477 -0.010916 -0.00471625 0.00087532 0.00572006 0.0105219 0.0164492 0.0241048 0.0313637 0.0349398 0.0329868 
0.0143927 0.0173464 0.0152178 0.00656005 -0.00391753 -0.00740491 0.000417116 0.0127844 0.0189559 0.0157894 0.00817795 0.0020939 -0.000368328 -0.00126655 -0.00344213 -0.0074428 -0.0119062 -0.0156971 -0.0180354 -0.0172427 -0.0121222 -0.00390191 0.00565123 0.0155719 0.024004 0.028375 0.0268762 0.0202293 0.0133666 0.0114752 
0.0229163 0.0347629 0.0336225 0.0207034 0.00717204 0.006215 0.0211294 0.04096 0.0510093 0.0462787 0.0324736 0.0178513 0.00691252 -0.000260464 -0.0053529 -0.0095162 -0.0131064 -0.016119 -0.0178076 -0.016463 -0.0110055 -0.00227241 0.00822389 0.0185451 0.0250028 0.0237515 0.0143633 0.00246015 -0.0019398 0.00671779 
0.0379461 0.0548544 0.0523708 0.0359792 0.0207699 0.0200561 0.0358041 0.0574132 0.0701801 0.0668628 0.0511726 0.0315709 0.014353 0.00190392 -0.00596711 -0.0106377 -0.013631 -0.0156644 -0.0162622 -0.0142259 -0.00873197 -0.000102735 0.0101982 0.0188337 0.0205279 0.0119118 -0.00363845 -0.0153701 -0.0114298 0.0102783 
0.0389453 0.0586957 0.0577991 0.0437455 0.0309086 0.0289014 0.0388278 0.0550756 0.0676469 0.0680457 0.0557004 0.0368371 0.0182522 0.00384984 -0.00538359 -0.0105412 -0.0133939 -0.0149104 -0.014941 -0.0127056 -0.00727237 0.00161639 0.0120956 0.0189962 0.0158623 0.000927473 -0.0187805 -0.0300073 -0.021547 0.00619531 
0.017888 0.0369334 0.0413074 0.0369008 0.0327547 0.0322483 0.0352427 0.042244 0.0507488 0.053791 0.046938 0.0327146 0.016871 0.00375677 -0.00501063 -0.0100947 -0.0130157 -0.0146259 -0.0147708 -0.012657 -0.00716376 0.00206234 0.0124514 0.0176635 0.0114512 -0.00586018 -0.0259538 -0.037428 -0.0319558 -0.00986441 
-0.0120261 0.00108466 0.0103371 0.0184177 0.0272542 0.0334003 0.0338794 0.032441 0.0336507 0.0352086 0.0318153 0.0225903 0.0110668 0.00104646 -0.0057932 -0.00992733 -0.0125931 -0.0143365 -0.0147076 -0.0127208 -0.00737227 0.00126836 0.0102961 0.0138612 0.00749534 -0.00683276 -0.022332 -0.032804 -0.0343778 -0.026103 
-0.0291035 -0.0251142 -0.015536 0.000193987 0.0191809 0.0333936 0.0362263 0.0305063 0.0244236 0.0210012 0.0171774 0.0106922 0.00295059 -0.00348212 -0.00752946 -0.00986565 -0.0115414 -0.0128276 -0.0131056 -0.0113629 -0.0068639 -3.60549e-05 0.00662684 0.00900271 0.00488985 -0.00297934 -0.0104947 -0.0170475 -0.0234413 -0.0282142 
-0.0230377 -0.026 -0.0199547 -0.00514501 0.0146073 0.0309879 0.0358791 0.0295162 0.0196758 0.0120867 0.00642478 0.000842757 -0.00436682 -0.00783329 -0.00928154 -0.00963457 -0.00978312 -0.00996929 -0.00983109 -0.00860162 -0.00570884 -0.00151748 0.00243201 0.00398438 0.0027011 0.00140581 0.00215194 0.00193175 -0.00358421 -0.0137303 
-0.000934252 -0.00428356 -0.00152057 0.0062973 0.0169978 0.0258979 0.0273588 0.0207347 0.0114198 0.00429728 -0.000406812 -0.00437606 -0.00778011 -0.00968306 -0.00990449 -0.00911848 -0.00798412 -0.00695904 -0.0062291 -0.00545416 -0.00422267 -0.00270314 -0.00143254 -0.000861712 -0.000302783 0.0027089 0.00909643 0.0147557 0.0141427 0.00704465 
0.0225004 0.024597 0.0263492 0.0257785 0.0232106 0.0190158 0.0124531 0.00435065 -0.00200007 -0.00444803 -0.00448148 -0.00488854 -0.00639489 -0.00786098 -0.00838675 -0.00784583 -0.0064734 -0.00484705 -0.00357302 -0.00273593 -0.00226181 -0.00241438 -0.00313597 -0.00366481 -0.00268959 0.00154777 0.00929034 0.0172851 0.0215253 0.0220618 
0.0364617 0.0444411 0.0459337 0.0389414 0.0261059 0.0114308 -0.00205386 -0.0116595 -0.0150463 -0.012256 -0.00668782 -0.0026425 -0.00177579 -0.00294535 -0.00451486 -0.00539327 -0.00508138 -0.00384111 -0.00233391 -0.000968131 -0.000112936 -0.000360892 -0.00159555 -0.00265244 -0.00215432 0.00093695 0.0065337 0.0131142 0.0196448 0.0271773 
0.0381374 0.0475028 0.0477553 0.0378888 0.0218267 0.0043889 -0.0108399 -0.0207176 -0.0228063 -0.0173592 -0.00819771 -0.000512406 0.0028788 0.00243299 -3.23763e-05 -0.0026467 -0.00403256 -0.00383283 -0.0025183 -0.000689147 0.00100973 0.00181833 0.001566 0.000896275 0.00071838 0.00182685 0.00446484 0.00862638 0.0152226 0.0255293 
0.0305768 0.0363769 0.0346792 0.0255932 0.0126683 -0.000806359 -0.0131449 -0.0221252 -0.0247173 -0.0198534 -0.0103388 -0.0012685 0.0037444 0.00424323 0.00176364 -0.00154085 -0.00386749 -0.00448499 -0.00363355 -0.0018395 0.000378114 0.00240991 0.0036582 0.00370228 0.00275028 0.00195948 0.00270366 0.00589951 0.0120831 0.0210386 
0.0189826 0.019206 0.0158513 0.00992007 0.00320754 -0.00363372 -0.0112939 -0.0186913 -0.0223767 -0.0200035 -0.0129707 -0.0053568 -0.000576042 0.000535599 -0.000865646 -0.00300744 -0.00456412 -0.00505268 -0.00453774 -0.00311896 -0.000832585 0.00195718 0.00417177 0.0043549 0.00213054 -0.000675969 -0.00108733 0.00251872 0.00892367 0.0152111 
0.00765043 0.00362165 -0.000604592 -0.00307559 -0.00392547 -0.00496743 -0.00842514 -0.0138397 -0.0179111 -0.0180309 -0.0145937 -0.0102 -0.00722534 -0.00620095 -0.00615894 -0.00603932 -0.00557029 -0.00498369 -0.00430068 -0.00306537 -0.000764545 0.00235379 0.00472936 0.00417162 -2.22251e-05 -0.00536882 -0.0073985 -0.00369596 0.00320785 0.00800811 
-0.00209694 -0.00701226 -0.0109594 -0.0111939 -0.00869108 -0.00638221 -0.00692952 -0.0102232 -0.0136569 -0.01509 -0.0144418 -0.0130604 -0.0121818 -0.0117714 -0.0108228 -0.00878542 -0.00627695 -0.00427199 -0.00296755 -0.00157802 0.000815206 0.00401091 0.00605879 0.00429212 -0.00210701 -0.0101868 -0.0146548 -0.0124404 -0.00596062 -0.00117997 
-0.0110592 -0.0138558 -0.0163189 -0.0156425 -0.0123176 -0.00879778 -0.00757244 -0.00901594 -0.0113258 -0.012834 -0.013356 -0.0135998 -0.0140201 -0.0141344 -0.0128852 -0.00991028 -0.00617236 -0.00307629 -0.00114139 0.000419843 0.00278173 0.00585548 0.00746665 0.00468866 -0.00328177 -0.0133937 -0.0204748 -0.0212319 -0.0168159 -0.0119645 
-0.0189572 -0.0189614 -0.0194676 -0.0183597 -0.0152348 -0.0114926 -0.00938286 -0.00968042 -0.0110219 -0.0120016 -0.0125592 -0.0131771 -0.013833 -0.0138654 -0.0124148 -0.00923478 -0.00517793 -0.001646 0.000597565 0.00219058 0.00445801 0.00742934 0.00883742 0.00575836 -0.00251489 -0.0133122 -0.0223464 -0.0264602 -0.0252588 -0.0214628 
-0.0230584 -0.0214393 -0.020395 -0.0187882 -0.0158491 -0.0123194 -0.010181 -0.0101864 -0.0111081 -0.0118002 -0.0123193 -0.0128801 -0.0131015 -0.0124501 -0.0106057 -0.00755257 -0.00381397 -0.000442031 0.00178708 0.00342556 0.00585853 0.00907383 0.0107179 0.00810972 0.000740247 -0.00937568 -0.019118 -0.0256369 -0.0274508 -0.0256349 
-0.0205816 -0.0184906 -0.0166167 -0.0147804 -0.0124401 -0.0099269 -0.00860637 -0.00897382 -0.0101113 -0.0112277 -0.0122668 -0.0129552 -0.0125997 -0.0109992 -0.00857922 -0.00569497 -0.00255065 0.000293239 0.00228039 0.00402464 0.00688549 0.0106225 0.0127352 0.010859 0.00481015 -0.0038236 -0.0128017 -0.0196968 -0.0228005 -0.022473 
-0.0122959 -0.0100309 -0.00805642 -0.00692273 -0.00633332 -0.00588477 -0.00594583 -0.00693291 -0.00860643 -0.0105122 -0.0122852 -0.0131717 -0.0122896 -0.00976043 -0.00665927 -0.00376231 -0.00115262 0.00101572 0.00253368 0.00418205 0.00724835 0.0112454 0.0135352 0.0119401 0.00662046 -0.000704847 -0.00796555 -0.0130988 -0.0149474 -0.0142011 
-0.0029884 -0.000377048 0.00102966 0.000508074 -0.00141068 -0.00330908 -0.00464266 -0.00606274 -0.00809737 -0.0104421 -0.0123835 -0.0130021 -0.0115398 -0.00830662 -0.00459835 -0.00145625 0.000883347 0.00238763 0.00318834 0.00432073 0.00702784 0.0106539 0.0124884 0.0103983 0.00478618 -0.00215819 -0.00793505 -0.0104828 -0.00933453 -0.00619783 
0.00262904 0.00579325 0.00651128 0.00429179 0.00021043 -0.0034632 -0.00560716 -0.00711692 -0.00903011 -0.0110453 -0.012236 -0.0119021 -0.00975562 -0.00618323 -0.00220297 0.00118428 0.0034177 0.00428637 0.00420798 0.00456955 0.00657869 0.0093676 0.0102256 0.00718158 0.000826781 -0.00637037 -0.0115079 -0.0122115 -0.00828886 -0.00240255 
0.00424996 0.00806881 0.0088579 0.00591909 0.000498883 -0.00459857 -0.00763352 -0.00923321 -0.0105579 -0.0114649 -0.0111982 -0.00952992 -0.00673341 -0.0032113 0.000520797 0.00373966 0.00563285 0.00576814 0.00481501 0.0044548 0.00572401 0.00746896 0.00717657 0.00338073 -0.00311864 -0.0100228 -0.0145321 -0.0141787 -0.00890456 -0.00176283 
0.00475916 0.00924627 0.0111497 0.00860925 0.00240881 -0.00425233 -0.00872462 -0.0107862 -0.0113861 -0.0107792 -0.00880807 -0.00584945 -0.00261598 0.000517426 0.00347186 0.00585801 0.00685611 0.00604962 0.00434028 0.00343287 0.00398387 0.00462508 0.00326932 -0.000851341 -0.00664475 -0.0120549 -0.0147494 -0.0129319 -0.00730917 -0.000831726 
0.00540208 0.0104244 0.013751 0.0120071 0.0054601 -0.00235457 -0.00812207 -0.010823 -0.010941 -0.00897287 -0.00546931 -0.00149307 0.00191514 0.00447454 0.00640718 0.007548 0.00721936 0.00527741 0.00289374 0.00162447 0.00166891 0.00148225 -0.000719484 -0.0051774 -0.010274 -0.0136654 -0.0134531 -0.00935325 -0.00365972 0.00108092 
0.00486393 0.00970741 0.0136161 0.0125157 0.00658529 -0.000752103 -0.00649974 -0.00944172 -0.00937456 -0.00654049 -0.0019886 0.00256983 0.00589374 0.00790258 0.00900482 0.00904907 0.00742417 0.00430969 0.00123719 -0.000233333 -0.000221951 -0.000568008 -0.00318215 -0.00814682 -0.0131687 -0.0151011 -0.0122831 -0.0061799 -0.000727721 0.00208845 
0.00276575 0.00598502 0.00921451 0.00893203 0.00520006 0.000397781 -0.00368913 -0.00608995 -0.00588575 -0.00279354 0.00192758 0.00623068 0.00898022 0.0104003 0.0109545 0.0103259 0.00781965 0.00377508 4.98883e-05 -0.00157413 -0.00130552 -0.00126074 -0.00359597 -0.00846943 -0.0133011 -0.0144743 -0.0104717 -0.00375141 0.000962902 0.00199287 
0.00092224 0.00121982 0.00324679 0.00444081 0.00408919 0.0029591 0.00161489 0.000644688 0.00120685 0.00387251 0.00746964 0.0101942 0.0114519 0.01184 0.0117712 0.0107347 0.00789653 0.00349184 -0.000600419 -0.00245403 -0.00220441 -0.00185373 -0.00323433 -0.00642566 -0.00943687 -0.00949244 -0.00544662 0.000512962 0.00397199 0.00303377 
0.000509716 -0.00215916 -0.000909772 0.00196305 0.0046793 0.00700699 0.00889017 0.0102068 0.0114831 0.0131544 0.0144485 0.0143773 0.0132151 0.0119481 0.0109277 0.00957429 0.00698375 0.00304009 -0.000861869 -0.003019 -0.00339239 -0.00328158 -0.00337033 -0.00324103 -0.00222619 0.000123003 0.0039847 0.00825799 0.00965647 0.00606668 
-3.60588e-05 -0.00427157 -0.00302874 0.000884814 0.0053214 0.0103043 0.0154502 0.0193637 0.0214498 0.021919 0.0205731 0.0174336 0.0136749 0.010619 0.00858999 0.00707896 0.00522074 0.00241214 -0.00086009 -0.00342961 -0.00492105 -0.00551728 -0.00442072 -0.000501754 0.00543403 0.0108501 0.0144303 0.0162572 0.0147079 0.00818343 
-0.00339742 -0.00729213 -0.00542373 -0.00104984 0.00436101 0.0116425 0.0196198 0.0253576 0.0276674 0.0270225 0.0237028 0.01836 0.0127737 0.00850801 0.00587091 0.00441613 0.00331887 0.00152435 -0.00135987 -0.00461355 -0.00734764 -0.00865997 -0.00665239 0.000251368 0.00996985 0.0173591 0.0197736 0.0184807 0.0138586 0.00542941 
-0.0108974 -0.0133124 -0.0105374 -0.00565317 0.000995435 0.0106401 0.0207412 0.02707 0.0288071 0.0273987 0.02346 0.0175818 0.0115529 0.00699768 0.00423482 0.00278751 0.00175777 -0.000113494 -0.0034765 -0.00757803 -0.0110641 -0.0124608 -0.00952219 -0.000816262 0.0104509 0.0175078 0.0173206 0.0125636 0.00553556 -0.00325389 
-0.0221156 -0.0230972 -0.0193861 -0.0136787 -0.00560223 0.00593558 0.0172749 0.0234706 0.0244281 0.0229057 0.0199931 0.0157134 0.011018 0.00717256 0.00459431 0.0028331 0.000873762 -0.00237165 -0.00699767 -0.0117434 -0.0150555 -0.0155304 -0.0113126 -0.00174468 0.00901598 0.013808 0.0102695 0.00226931 -0.00677465 -0.0157183 
-0.0335284 -0.0337946 -0.0294702 -0.0231175 -0.0143174 -0.00239816 0.00875435 0.0142803 0.0146109 0.0135917 0.0130181 0.0122167 0.0105717 0.00844087 0.00638247 0.00421524 0.000979424 -0.0039949 -0.00997492 -0.0151359 -0.0178241 -0.0168704 -0.01124 -0.00151374 0.00761193 0.00984921 0.00399831 -0.00602306 -0.0170393 -0.0272121 
-0.0373439 -0.0376736 -0.0339498 -0.0284831 -0.020846 -0.0108363 -0.00187859 0.00204809 0.00172206 0.00137805 0.00330419 0.00634024 0.00836735 0.00860519 0.0075256 0.00532637 0.00145212 -0.0043133 -0.0109296 -0.0165061 -0.0191696 -0.0175209 -0.0111764 -0.0019248 0.00564157 0.00701259 0.00189852 -0.00733971 -0.019087 -0.0305813 
-0.0286383 -0.0300957 -0.0288578 -0.0264696 -0.0220284 -0.0156586 -0.0102597 -0.00864047 -0.00974306 -0.00975013 -0.0065108 -0.00124943 0.00338395 0.00582347 0.00602141 0.0042862 0.000732966 -0.00438742 -0.0104447 -0.016303 -0.0200412 -0.0194705 -0.0139944 -0.00582069 0.00118344 0.00445316 0.00396383 -0.000633172 -0.0102315 -0.0215471 
-0.0136489 -0.0191431 -0.0220173 -0.022859 -0.0209009 -0.0170014 -0.0141062 -0.0143046 -0.0162436 -0.0166303 -0.0137345 -0.00852165 -0.00321945 0.000448396 0.00177134 0.000822341 -0.00167382 -0.00496689 -0.00912647 -0.0145151 -0.0198966 -0.0221805 -0.0194359 -0.0131084 -0.00604152 0.000798277 0.00749022 0.01085 0.00634874 -0.00412164 
-0.00334952 -0.0181955 -0.0262506 -0.0274847 -0.023697 -0.0178939 -0.013917 -0.0140498 -0.0167293 -0.0184238 -0.0172007 -0.0135562 -0.00910575 -0.005382 -0.00340655 -0.00331678 -0.00408093 -0.00457486 -0.0054587 -0.00891318 -0.0152659 -0.0210615 -0.0224677 -0.0191885 -0.0129315 -0.0032976 0.0106516 0.0236012 0.0257155 0.0142443 
0.00104194 -0.0275981 -0.0417386 -0.040893 -0.0314612 -0.0197435 -0.0110065 -0.00866456 -0.0115522 -0.0153475 -0.0168842 -0.0156957 -0.0128808 -0.00981312 -0.00746822 -0.00598227 -0.00436393 -0.00143609 0.00183307 0.00185491 -0.00365232 -0.0119948 -0.0179322 -0.01885 -0.0149514 -0.00446721 0.0151505 0.0373535 0.0460875 0.0315007 
0.0102408 -0.0318871 -0.0535612 -0.0525909 -0.0385916 -0.020767 -0.00621523 -0.000164515 -0.00257442 -0.00862984 -0.0135578 -0.0153976 -0.0145398 -0.0122676 -0.009562 -0.00663123 -0.00281581 0.00288445 0.00971501 0.0138463 0.0113822 0.00291006 -0.00644643 -0.0118224 -0.0111102 -0.000877408 0.0228595 0.0528449 0.0680416 0.0518165 
0.0326255 -0.0184971 -0.0496522 -0.0540958 -0.0402242 -0.0190788 -0.000597001 0.00799005 0.00590306 -0.0018315 -0.00940208 -0.0136777 -0.0143817 -0.012744 -0.010012 -0.00671713 -0.00250774 0.00372636 0.0121863 0.0200171 0.0224027 0.0169372 0.00668227 -0.00230089 -0.0048132 0.005006 0.0319607 0.0682251 0.0904157 0.0776295 
0.0618939 0.00743324 -0.0335746 -0.0473503 -0.0370241 -0.0150584 0.0045135 0.0128656 0.00979892 0.00106107 -0.00720353 -0.0118921 -0.0128623 -0.011503 -0.00947431 -0.00769201 -0.00561219 -0.00118943 0.0072613 0.018104 0.0259888 0.0257054 0.0172194 0.00617887 0.000573937 0.00922267 0.0377385 0.0782154 0.107278 0.102416 
0.0843918 0.0323679 -0.0151514 -0.0376462 -0.0314672 -0.0099662 0.00866994 0.0146969 0.00948711 -4.76837e-05 -0.00771679 -0.0112344 -0.0113188 -0.00975808 -0.00865344 -0.00924774 -0.0102987 -0.00820105 3.28978e-05 0.0130807 0.0249288 0.0289314 0.0229724 0.0112517 0.00269374 0.00836243 0.0353231 0.0767939 0.110946 0.115457 
0.0934544 0.0496453 0.00239549 -0.0247762 -0.0224501 -0.0030031 0.0133029 0.016651 0.00958325 -0.000814716 -0.00865019 -0.0118283 -0.0113559 -0.00938316 -0.00855 -0.010432 -0.0131248 -0.0118431 -0.00325697 0.0104579 0.0225339 0.026855 0.0217043 0.00993084 -0.000871502 0.000904328 0.0238749 0.0632696 0.0998861 0.112842 
0.0905866 0.0587616 0.0193966 -0.00645213 -0.00690755 0.00861588 0.021093 0.0219029 0.013943 0.00272057 -0.00696214 -0.0121125 -0.0126645 -0.0108249 -0.00979693 -0.0113507 -0.0133314 -0.0109636 -0.00175467 0.0107712 0.0194583 0.0200798 0.0132289 0.00135395 -0.0100748 -0.0105195 0.00875027 0.0445036 0.0808369 0.0993151 
0.0798498 0.0598338 0.032929 0.0139378 0.0130571 0.0242106 0.0320286 0.0299261 0.0210136 0.00911909 -0.00246449 -0.0102241 -0.0128684 -0.0122975 -0.0117602 -0.0127265 -0.0130813 -0.0090347 0.000505235 0.0109793 0.0152226 0.0106962 0.000488373 -0.011933 -0.0221168 -0.021681 -0.00405342 0.0278834 0.0616109 0.0816709 
0.0627616 0.0518551 0.0368522 0.0266356 0.0278183 0.036778 0.0418707 0.0374024 0.0265091 0.0135816 0.00161441 -0.00689389 -0.0110283 -0.0123523 -0.0133866 -0.0148048 -0.0145418 -0.00990867 -0.000867848 0.0077416 0.00887845 0.000434813 -0.0131354 -0.0264887 -0.0349286 -0.0326782 -0.0162362 0.0115923 0.0413993 0.0606854 
0.0352162 0.0312792 0.0248966 0.0228206 0.029324 0.0415792 0.0492883 0.0450358 0.0313152 0.0156878 0.00332654 -0.00467379 -0.0092123 -0.0119668 -0.0146614 -0.0172805 -0.0177863 -0.0141446 -0.00663734 0.000440629 0.000537099 -0.00890042 -0.0236857 -0.0377009 -0.0464631 -0.046407 -0.0353161 -0.0143332 0.0104289 0.029137 
-0.00212039 -0.000176175 -0.000553388 0.00573422 0.0224876 0.0447507 0.0599605 0.0576394 0.0400009 0.0190159 0.00370497 -0.00511485 -0.0100558 -0.013347 -0.0165706 -0.0197246 -0.0210078 -0.018647 -0.0127817 -0.00678477 -0.00617189 -0.0136303 -0.0261941 -0.0393754 -0.0510079 -0.0591791 -0.0600758 -0.0506255 -0.032592 -0.0135098 
-0.0264213 -0.0209215 -0.0186296 -0.00556357 0.0224225 0.0554197 0.0763305 0.0731315 0.0497536 0.0221092 0.00227152 -0.0086389 -0.0142303 -0.017234 -0.0194369 -0.0214046 -0.0219329 -0.0194049 -0.0137721 -0.00785535 -0.00609703 -0.0102764 -0.0181252 -0.0282411 -0.0424212 -0.0599849 -0.0739957 -0.0761861 -0.0638122 -0.0430426 
0.00304975 0.00713655 0.00331164 0.0119284 0.0393001 0.0716335 0.0885801 0.0792326 0.0503784 0.0192778 -0.00222473 -0.0136602 -0.0191152 -0.0212368 -0.0215476 -0.0210137 -0.0191979 -0.0147195 -0.00741922 -0.000199218 0.00292986 0.00155769 -0.0017925 -0.00823578 -0.0223487 -0.0429525 -0.059992 -0.0623732 -0.0460853 -0.0185468 
0.110771 0.106456 0.0815366 0.0642983 0.0679691 0.081008 0.0837863 0.0671286 0.0381839 0.01096 -0.00680913 -0.0161825 -0.0206805 -0.0219743 -0.0207733 -0.017893 -0.0134194 -0.00624642 0.00387552 0.0136291 0.0185144 0.0186038 0.0169018 0.0120539 0.000659966 -0.0126916 -0.0156427 0.00148246 0.0385848 0.0828267 
0.268836 0.248561 0.188847 0.127871 0.090353 0.0732851 0.0608307 0.0430684 0.0223063 0.00522625 -0.00602708 -0.0131925 -0.0175185 -0.0189352 -0.0174326 -0.0135032 -0.00734478 0.0020312 0.0150497 0.0279839 0.0350228 0.0352522 0.0322738 0.0275465 0.0222994 0.0250623 0.0483768 0.0979446 0.167133 0.234805 
0.399843 0.35945 0.264556 0.162879 0.0893184 0.0496539 0.0317796 0.0221743 0.0148423 0.00877887 0.00261704 -0.00438009 -0.0104633 -0.0136141 -0.0133604 -0.0101487 -0.00417413 0.00576538 0.0206673 0.0366524 0.0460639 0.0460912 0.0417184 0.03955 0.0453453 0.0674295 0.114642 0.189328 0.282092 0.365878 
