0.359474 0.297829 0.209142 0.12436 0.0595199 0.0233815 0.0108552 0.00960463 0.0136264 0.0191566 0.0186661 0.0092243 -0.00375924 -0.014151 -0.0194681 -0.0196766 -0.0156889 -0.0090186 -0.00178791 0.00446523 0.00964845 0.0146728 0.0215717 0.0311375 0.0411312 0.0547993 0.0896012 0.16521 0.270744 0.352277 
0.268086 0.232892 0.173959 0.109478 0.055681 0.0265203 0.0187369 0.0194586 0.0223255 0.0239921 0.0189028 0.00668237 -0.0065591 -0.0159399 -0.0203348 -0.0200655 -0.0155334 -0.00759209 0.00187132 0.0109771 0.0186713 0.0241699 0.0273602 0.0282639 0.027099 0.0298116 0.0515659 0.107158 0.188176 0.254201 
0.162784 0.154301 0.124951 0.0836237 0.0465954 0.0292511 0.0281751 0.0311222 0.0326382 0.0299901 0.0199234 0.00482401 -0.00878721 -0.0173565 -0.0208937 -0.0200239 -0.014883 -0.00593624 0.00499227 0.0153562 0.0228354 0.0256895 0.0241484 0.0199742 0.0144683 0.0104462 0.0162759 0.043709 0.092907 0.141162 
0.0894656 0.0931813 0.0808581 0.0562994 0.0331737 0.0245882 0.0272305 0.0318899 0.0343503 0.0307641 0.0187591 0.00286189 -0.0101178 -0.0176155 -0.0203806 -0.0191902 -0.0139412 -0.00488511 0.00588945 0.0149955 0.0194395 0.0182106 0.0140489 0.0113913 0.0108011 0.00886093 0.0061371 0.0125774 0.0364842 0.0682714 
0.0551177 0.0600395 0.0553104 0.0410701 0.0257888 0.0185195 0.0181669 0.0215298 0.0257792 0.0241766 0.013526 -0.000553071 -0.0113267 -0.0171291 -0.0191961 -0.0181427 -0.013358 -0.00489512 0.00472121 0.0115855 0.0130791 0.00968158 0.00592965 0.00724962 0.0128523 0.0152412 0.0109252 0.00898906 0.0204486 0.0404042 
0.0497038 0.0548756 0.0551699 0.0481199 0.035981 0.0234464 0.0136922 0.0113062 0.015142 0.0153625 0.00699994 -0.00451102 -0.0129193 -0.0171585 -0.0186658 -0.0178141 -0.0135556 -0.00582556 0.00261396 0.00802649 0.00889119 0.00660968 0.00495198 0.00760933 0.0127377 0.0132089 0.00759664 0.00669773 0.019496 0.0378844 
0.0578441 0.0650828 0.0694592 0.0675493 0.05614 0.0370275 0.017895 0.00878889 0.00945979 0.00903932 0.00179984 -0.00797998 -0.0150571 -0.0185158 -0.0196288 -0.0186989 -0.0146607 -0.00744303 0.000388421 0.00591288 0.0087666 0.0100728 0.0108025 0.011481 0.0096335 0.00112392 -0.00922403 -0.00591767 0.0166607 0.0427595 
0.0625895 0.0712061 0.0772438 0.0776866 0.0665603 0.0452936 0.0236909 0.0116418 0.00835652 0.00513515 -0.00224253 -0.0109282 -0.0172552 -0.0203604 -0.0211689 -0.0200155 -0.0160263 -0.00911537 -0.00132139 0.00565669 0.0123761 0.0185061 0.0212335 0.0181992 0.00735455 -0.0117245 -0.0281008 -0.0220962 0.00913112 0.0433422 
0.0579734 0.067359 0.0729123 0.0730738 0.0626148 0.0438655 0.0254874 0.0137496 0.00740113 0.00160553 -0.00560673 -0.0128591 -0.0182068 -0.0209233 -0.0215473 -0.0203562 -0.016629 -0.0102683 -0.00272764 0.00560715 0.0161061 0.0267946 0.0312767 0.0250776 0.00757415 -0.0182391 -0.0387064 -0.0336358 -0.00102464 0.0360546 
0.0542373 0.0658537 0.0701773 0.0679403 0.0572281 0.0410813 0.0254781 0.013773 0.00560056 -0.000733631 -0.00643111 -0.0118478 -0.0163522 -0.0191202 -0.0201019 -0.0193601 -0.0163881 -0.0112247 -0.00492087 0.00298621 0.0145148 0.0274216 0.0337937 0.0276556 0.00914552 -0.0168929 -0.0378333 -0.0360404 -0.00766688 0.0289968 
0.0601159 0.0753551 0.0788817 0.0730182 0.0599179 0.0438064 0.0285367 0.0158409 0.00671223 0.00129197 -0.00235353 -0.00646736 -0.0111638 -0.0151184 -0.0173864 -0.0176792 -0.0158549 -0.01226 -0.00783303 -0.00210808 0.00713938 0.0190751 0.0269355 0.0239701 0.00985414 -0.0103604 -0.0271649 -0.0271216 -0.00394762 0.0311523 
0.0715697 0.0898219 0.0935403 0.0843366 0.0674584 0.0496906 0.0342238 0.0210979 0.0117027 0.00717246 0.00472338 0.000826752 -0.0048726 -0.0105556 -0.0144792 -0.0159842 -0.015266 -0.0129448 -0.00991176 -0.00604054 0.000686422 0.0108029 0.0192163 0.0191565 0.0102659 -0.00207758 -0.011446 -0.00962551 0.00966794 0.0414059 
0.0801552 0.0981848 0.102294 0.0915675 0.0717193 0.0521747 0.0370577 0.0249073 0.0160628 0.0116359 0.00879098 0.00427423 -0.00193565 -0.00818154 -0.0127768 -0.0148858 -0.0147465 -0.0130107 -0.0102546 -0.00612831 0.00115873 0.0118329 0.0207197 0.0214021 0.0148653 0.00793109 0.0055165 0.0108725 0.0273921 0.053445 
0.0788538 0.0928475 0.0974964 0.0885997 0.0689433 0.0488758 0.034614 0.0243275 0.0164731 0.0112166 0.00661379 0.00127734 -0.00411776 -0.00900587 -0.0127832 -0.0145983 -0.0143513 -0.012534 -0.00924421 -0.00336563 0.00682781 0.0201193 0.0299975 0.0304059 0.0239003 0.0189073 0.020351 0.0281622 0.0418131 0.0601539 
0.0634686 0.0732522 0.0803305 0.076992 0.0614305 0.0430091 0.0299478 0.0213554 0.014343 0.00795185 0.00146303 -0.00421429 -0.00791086 -0.0106479 -0.0131317 -0.0143829 -0.0137822 -0.0116283 -0.00775213 -0.000653138 0.0112082 0.0257351 0.0359155 0.0361209 0.0293978 0.0245281 0.0266672 0.0343294 0.0440504 0.0538998 
0.0357033 0.0444394 0.0566978 0.0615245 0.0529518 0.0379133 0.025675 0.0177505 0.0115022 0.00484136 -0.0024188 -0.00770717 -0.00969842 -0.0107202 -0.0122997 -0.0132802 -0.0126453 -0.0104433 -0.006502 0.00022712 0.0108215 0.0236423 0.0328716 0.0333382 0.0269675 0.0211947 0.0213339 0.0262736 0.0310163 0.032985 
0.00382675 0.0129167 0.0306185 0.0438316 0.0430588 0.0317096 0.0195078 0.0116178 0.00674845 0.00135767 -0.00516035 -0.00936054 -0.00982197 -0.00947628 -0.0102257 -0.0110254 -0.0106889 -0.00883451 -0.00529606 0.000140543 0.00804637 0.0180355 0.0263289 0.027869 0.022034 0.0139577 0.00984119 0.0105346 0.0103292 0.0058758 
-0.0212509 -0.0140676 0.00493034 0.0228968 0.0278481 0.0197023 0.00832987 0.00180676 -0.000436642 -0.00332353 -0.0079145 -0.0104367 -0.00940985 -0.0077568 -0.00750786 -0.00797089 -0.00791425 -0.0064617 -0.00336166 0.000935933 0.00656267 0.0141295 0.0216093 0.0239957 0.0182705 0.00755299 -0.000962989 -0.00417975 -0.00757091 -0.0155986 
-0.0337374 -0.0301757 -0.0148391 0.00220598 0.00880283 0.00302552 -0.00562904 -0.00870624 -0.00743128 -0.00734566 -0.00946302 -0.0101865 -0.00808835 -0.00563718 -0.00469605 -0.00482863 -0.00482971 -0.00357615 -0.000776227 0.00276669 0.00674877 0.0119561 0.0173667 0.0187244 0.0125855 0.00102637 -0.00937886 -0.0147893 -0.0190585 -0.0268804 
-0.0346783 -0.0333375 -0.0232665 -0.0107658 -0.00597506 -0.0108707 -0.0167937 -0.0165798 -0.0123886 -0.00963393 -0.00932196 -0.00859986 -0.00615918 -0.00369175 -0.00259619 -0.00250834 -0.00234802 -0.00107039 0.0015568 0.00462043 0.0074385 0.0104042 0.0129628 0.0123086 0.00620789 -0.00393097 -0.0139395 -0.0206002 -0.0248628 -0.029905 
-0.0276321 -0.0271206 -0.0217831 -0.0141659 -0.0116673 -0.0161465 -0.020633 -0.0194798 -0.0146854 -0.0106865 -0.00866371 -0.00699334 -0.00473347 -0.00277415 -0.00189936 -0.00173192 -0.00137672 3.60807e-05 0.00273176 0.00587116 0.008447 0.0102718 0.0111777 0.0100283 0.00564052 -0.0020334 -0.0115691 -0.0198907 -0.024434 -0.0262626 
-0.0180878 -0.019022 -0.0176679 -0.0130552 -0.0103748 -0.012569 -0.0157561 -0.0158178 -0.0132119 -0.0101911 -0.00775681 -0.00572687 -0.00396891 -0.00285854 -0.00255887 -0.00262795 -0.00235036 -0.000962182 0.00189999 0.00557149 0.00866832 0.0103485 0.0109498 0.0109708 0.00949402 0.00436779 -0.00490108 -0.0144786 -0.0190908 -0.018661 
-0.0115963 -0.014735 -0.0160543 -0.0120945 -0.00687853 -0.00516796 -0.00658125 -0.00839611 -0.00908946 -0.00832704 -0.0065572 -0.00475552 -0.00368017 -0.00349963 -0.00390911 -0.00440996 -0.00447122 -0.00343923 -0.000814815 0.00292889 0.00615048 0.00753588 0.00786509 0.00885213 0.00966936 0.00684427 -0.000922572 -0.00950098 -0.0131279 -0.0118321 
-0.0099369 -0.014705 -0.0169206 -0.0125415 -0.0052031 -0.00063226 -0.000509576 -0.00303793 -0.00566946 -0.00662895 -0.00584759 -0.00463693 -0.00412907 -0.004457 -0.00517944 -0.00586528 -0.00618669 -0.00569823 -0.00394363 -0.00120279 0.00108083 0.00166881 0.00151387 0.0026352 0.00438813 0.00342571 -0.00151956 -0.00716488 -0.00929358 -0.00851473 
-0.0122701 -0.0174553 -0.0193476 -0.0149658 -0.00758744 -0.00221529 -0.000790887 -0.0022973 -0.00465469 -0.00608273 -0.00606637 -0.00540757 -0.00507244 -0.00529495 -0.0058157 -0.00637253 -0.00679519 -0.00687078 -0.00631257 -0.00518727 -0.00433857 -0.00450335 -0.00483624 -0.00376451 -0.00175757 -0.00131369 -0.00351792 -0.00651992 -0.00809022 -0.00900252 
-0.0170277 -0.0218722 -0.0233756 -0.0199412 -0.0139323 -0.00857839 -0.00546898 -0.00470577 -0.00543274 -0.00633465 -0.00646697 -0.00591156 -0.00536604 -0.00523919 -0.0055029 -0.00600134 -0.00661636 -0.00726775 -0.00777856 -0.00799774 -0.00819878 -0.00872619 -0.00903865 -0.00811415 -0.00616885 -0.00489284 -0.00545106 -0.00731021 -0.00954031 -0.0124731 
-0.0213572 -0.0255347 -0.0270599 -0.0251196 -0.0208081 -0.0156267 -0.0109337 -0.00792005 -0.00674864 -0.00647672 -0.00601423 -0.00508578 -0.00424174 -0.00398898 -0.00435875 -0.00514675 -0.00619131 -0.00742165 -0.00864529 -0.00954049 -0.0100949 -0.0105963 -0.0108954 -0.0103559 -0.00890692 -0.00762225 -0.00772857 -0.00947545 -0.0125036 -0.0165773 
-0.0225389 -0.0256904 -0.0271182 -0.0264167 -0.0237376 -0.0193842 -0.0143539 -0.010221 -0.00765797 -0.006128 -0.0047951 -0.00337754 -0.00234262 -0.00220285 -0.0029461 -0.00424839 -0.0058458 -0.00758412 -0.00919815 -0.0102944 -0.0107717 -0.0109446 -0.0109621 -0.0105539 -0.00964589 -0.00893023 -0.00936645 -0.0113072 -0.0145398 -0.0185367 
-0.0205169 -0.0225153 -0.0234049 -0.0232197 -0.0218127 -0.0188461 -0.0147391 -0.0107405 -0.0076516 -0.0053965 -0.00352633 -0.00182117 -0.000662889 -0.00057569 -0.00158007 -0.0033025 -0.00536671 -0.00748286 -0.00932571 -0.0105321 -0.0109583 -0.0107866 -0.0102245 -0.00937207 -0.00850999 -0.00826474 -0.00915665 -0.011201 -0.0141709 -0.0175499 
-0.0170209 -0.0183618 -0.0187964 -0.0186852 -0.0179381 -0.0160489 -0.0130432 -0.00969147 -0.00669827 -0.00428558 -0.00229003 -0.000537842 0.000677503 0.000829901 -0.000202538 -0.00209519 -0.00440597 -0.00674301 -0.00877292 -0.0102016 -0.0108362 -0.0106316 -0.00965753 -0.00820994 -0.00694873 -0.00663831 -0.00752479 -0.00931465 -0.0118038 -0.0146461 
-0.0134145 -0.0148491 -0.0154883 -0.0156518 -0.015205 -0.0137061 -0.0112102 -0.00830145 -0.00552111 -0.00313094 -0.00112854 0.000551756 0.00167944 0.00182158 0.00082544 -0.00104951 -0.00336403 -0.00572929 -0.00786577 -0.00952495 -0.0104767 -0.0105247 -0.00954227 -0.00776098 -0.00598193 -0.00513548 -0.00548759 -0.00670258 -0.00864271 -0.0111297 
-0.010488 -0.0124824 -0.0138948 -0.0147274 -0.014589 -0.0130994 -0.0105781 -0.00772904 -0.00501915 -0.00261554 -0.000573162 0.00102454 0.0019616 0.00196184 0.00095549 -0.000808932 -0.00293552 -0.00511992 -0.00716453 -0.00883809 -0.00990566 -0.0101382 -0.00925765 -0.0073207 -0.0051022 -0.00366447 -0.00345593 -0.00421085 -0.00576629 -0.00804438 
-0.00840921 -0.0110712 -0.0133415 -0.0148878 -0.0151123 -0.0136546 -0.0110068 -0.00804127 -0.00528145 -0.00283294 -0.000739245 0.000805174 0.00155746 0.00137882 0.000336442 -0.00128218 -0.00312552 -0.00497721 -0.00670526 -0.00809112 -0.00891856 -0.00898842 -0.00798509 -0.00588994 -0.00343904 -0.0017571 -0.00142081 -0.00212234 -0.00354663 -0.00572535 
-0.00680823 -0.00996005 -0.0127844 -0.0147772 -0.015395 -0.014273 -0.0117759 -0.00877551 -0.00593281 -0.00342094 -0.00128328 0.000232637 0.000853018 0.000536896 -0.000519749 -0.00198834 -0.00354701 -0.00502267 -0.00632163 -0.00724971 -0.0076029 -0.00721585 -0.00585509 -0.00357397 -0.00107669 0.00053422 0.000635583 -0.000329917 -0.00181431 -0.00394472 
-0.00562627 -0.00894946 -0.0119397 -0.0141102 -0.0151355 -0.0146091 -0.0125514 -0.00966809 -0.00677234 -0.00422506 -0.00210631 -0.000627255 -5.04121e-05 -0.000388075 -0.00139187 -0.00271399 -0.00403428 -0.0051737 -0.00606401 -0.00656343 -0.00646523 -0.00559576 -0.00383195 -0.00132026 0.00130948 0.00294367 0.00277598 0.00132855 -0.000486741 -0.00269778 
-0.00483969 -0.00819719 -0.0111601 -0.0133442 -0.0146102 -0.0145448 -0.0129153 -0.0102393 -0.00741149 -0.00498591 -0.00306211 -0.00170078 -0.00109822 -0.00134077 -0.00223789 -0.00343186 -0.00457199 -0.0054444 -0.00600188 -0.00618881 -0.0058051 -0.00463083 -0.00259701 0.000166053 0.00318359 0.00520483 0.00498822 0.00302677 0.000686597 -0.00180077 
-0.00403986 -0.00748564 -0.0103427 -0.0123689 -0.0135541 -0.0135845 -0.012228 -0.00987886 -0.00737617 -0.00533396 -0.00380843 -0.00268548 -0.00210926 -0.00228908 -0.00311215 -0.0042017 -0.00518934 -0.00584856 -0.00616539 -0.0061727 -0.00567564 -0.00441993 -0.0023644 0.000491697 0.00394507 0.00662815 0.00679429 0.00475651 0.00211997 -0.000712499 
-0.0031747 -0.0065513 -0.00907244 -0.0107274 -0.0116417 -0.0116366 -0.0105834 -0.00876878 -0.00686311 -0.00540053 -0.00435019 -0.0035176 -0.00309491 -0.00337475 -0.00421263 -0.00518937 -0.00598401 -0.00643822 -0.00661382 -0.00659014 -0.00612381 -0.00496651 -0.00315363 -0.000512763 0.00313817 0.00649678 0.00741866 0.00586579 0.00336592 0.000366601 
-0.0029037 -0.00569092 -0.00752521 -0.00867243 -0.00936727 -0.00948445 -0.00887791 -0.00765157 -0.00632064 -0.00539225 -0.00479454 -0.00430702 -0.0041862 -0.00472079 -0.00563581 -0.00646491 -0.00699538 -0.00721208 -0.0072823 -0.00727573 -0.00685972 -0.00586216 -0.00448646 -0.00240607 0.00100437 0.00466392 0.00618646 0.00518155 0.0030546 0.000305951 
-0.0042126 -0.00576766 -0.00647734 -0.00698089 -0.00757337 -0.00798094 -0.00778132 -0.00683643 -0.00569036 -0.00506203 -0.00494312 -0.00499037 -0.00534296 -0.00619626 -0.00717849 -0.0078301 -0.00806992 -0.00803157 -0.00795336 -0.00785462 -0.00736259 -0.0064881 -0.00567305 -0.00449985 -0.0019535 0.00124876 0.00279677 0.00207426 0.000305012 -0.00191404 
-0.00748878 -0.00729245 -0.00620479 -0.00565916 -0.00610511 -0.00682471 -0.00682995 -0.00580015 -0.00453222 -0.00407959 -0.00451753 -0.00528785 -0.00624115 -0.00741322 -0.00842112 -0.00889643 -0.00890097 -0.00867976 -0.00846621 -0.00820234 -0.00755199 -0.0067477 -0.00647068 -0.00639786 -0.00532675 -0.00332436 -0.00208286 -0.00251726 -0.00410501 -0.00612235 
-0.0113868 -0.00934842 -0.0059604 -0.00385741 -0.0038589 -0.00473645 -0.00486277 -0.00380016 -0.00256784 -0.00237344 -0.00334006 -0.00482427 -0.00642603 -0.00795911 -0.00902601 -0.00938943 -0.00925854 -0.00895069 -0.00864228 -0.00819683 -0.00733484 -0.0064693 -0.00657506 -0.00769722 -0.00850672 -0.00793045 -0.00666439 -0.00637891 -0.00795462 -0.0104537 
-0.0135905 -0.0100236 -0.00461891 -0.000959104 -0.000247583 -0.00110938 -0.00157663 -0.00101829 -0.000289254 -0.000425972 -0.00168375 -0.00367002 -0.0058922 -0.00786078 -0.00907331 -0.00939473 -0.00914683 -0.00865952 -0.00802306 -0.00706585 -0.005627 -0.00440739 -0.00490527 -0.0076032 -0.010585 -0.0111232 -0.00918565 -0.00787379 -0.00958935 -0.01284 
-0.0131316 -0.00802791 -0.00123976 0.0034378 0.00476585 0.00390029 0.00271488 0.0021039 0.0017847 0.00117042 -0.000216731 -0.00250754 -0.00524902 -0.00760788 -0.00891564 -0.00910933 -0.00857865 -0.00756416 -0.00598662 -0.00373798 -0.00106984 0.000686227 -0.000633216 -0.00558419 -0.0109803 -0.0123332 -0.00963692 -0.00778626 -0.00989732 -0.0133106 
-0.0108148 -0.00364289 0.00441877 0.00981749 0.0116065 0.0106741 0.00854335 0.00630657 0.00436145 0.00270435 0.000803946 -0.00188554 -0.00501192 -0.00753368 -0.00868846 -0.00849949 -0.00740314 -0.00544966 -0.00231834 0.00182914 0.00590938 0.00777717 0.00496372 -0.00252089 -0.0100514 -0.0120153 -0.00910158 -0.00768986 -0.010463 -0.0131163 
-0.00773705 0.00180141 0.0115156 0.0179569 0.020499 0.0197974 0.0168491 0.0128217 0.00874863 0.00522095 0.0019806 -0.00150846 -0.0049777 -0.00744903 -0.0082363 -0.00748637 -0.00567968 -0.00268248 0.00196375 0.00765592 0.0124559 0.0137648 0.00947616 0.000526545 -0.00761983 -0.00935227 -0.00644612 -0.00621644 -0.0102382 -0.0122943 
-0.00422238 0.00708193 0.0183766 0.0260766 0.0299126 0.0302165 0.0270648 0.0214629 0.015121 0.00928417 0.00412106 -0.000609209 -0.00459562 -0.00702522 -0.00743207 -0.0061798 -0.00385642 -0.00027571 0.00503372 0.0112176 0.0159981 0.0168861 0.0124643 0.00431576 -0.00218553 -0.00236314 0.000764288 -0.000649152 -0.00691256 -0.00978428 
0.000682646 0.0118531 0.0232484 0.0315262 0.0368668 0.0389362 0.0364287 0.0299627 0.0219128 0.0141312 0.00707356 0.000832453 -0.00395467 -0.0064536 -0.00651521 -0.00489899 -0.00242462 0.00104989 0.0061036 0.012029 0.0166264 0.0177582 0.0146806 0.00914377 0.00570123 0.00768899 0.0111353 0.00832982 8.92202e-05 -0.00423179 
0.00832146 0.0168382 0.0259202 0.0333896 0.0397653 0.0435487 0.0420783 0.0357952 0.0273588 0.0185645 0.00988379 0.00197368 -0.00379752 -0.00639843 -0.00611819 -0.00425445 -0.00186614 0.00119869 0.00571749 0.0112129 0.0155887 0.01714 0.0158895 0.0135313 0.0133045 0.0170913 0.020747 0.0177852 0.00976131 0.00513782 
0.0177852 0.0226351 0.0278962 0.0331167 0.0392668 0.043792 0.0432548 0.0382208 0.0308223 0.0217989 0.0116267 0.00205762 -0.00459754 -0.00723949 -0.00672446 -0.0048246 -0.00259887 0.000252346 0.0045302 0.00976022 0.0139906 0.0160706 0.0167323 0.0174281 0.0198703 0.0246061 0.0280751 0.0257907 0.0197267 0.0161875 
0.0252983 0.0267956 0.0280717 0.0302405 0.0351226 0.0398596 0.0406159 0.037654 0.031832 0.0226939 0.0112763 0.000691682 -0.00620832 -0.00867432 -0.00811705 -0.00645032 -0.00436825 -0.00134759 0.00318051 0.00861506 0.0132912 0.0163886 0.0186444 0.0210108 0.024285 0.0286269 0.0316615 0.0306159 0.0270788 0.0249378 
0.0271168 0.0238825 0.0208821 0.0207151 0.0254807 0.0317551 0.0348772 0.0341385 0.029321 0.0198584 0.00802339 -0.00217433 -0.00825379 -0.0102027 -0.00970587 -0.00835407 -0.00627023 -0.00277164 0.00238921 0.00847624 0.013985 0.017865 0.0200427 0.0208998 0.0216904 0.0241442 0.0278741 0.0304705 0.0308683 0.0296102 
0.0204376 0.010303 0.00310149 0.00306945 0.0108862 0.0208974 0.0269178 0.0276004 0.0229801 0.0135251 0.00256827 -0.00594848 -0.0105158 -0.011753 -0.0111938 -0.00989191 -0.00754923 -0.00343661 0.00246034 0.00910934 0.0147156 0.0178001 0.0175462 0.0140296 0.0100293 0.0103576 0.0167916 0.0254068 0.0303683 0.0284669 
0.00174972 -0.0133135 -0.0215208 -0.0179245 -0.00461586 0.00957348 0.0173495 0.0182342 0.0138558 0.00566653 -0.00314991 -0.00950665 -0.0126015 -0.0131354 -0.0122689 -0.0106756 -0.00793312 -0.00329348 0.00317508 0.00990593 0.0144359 0.0151899 0.011436 0.00340618 -0.0045803 -0.00519482 0.00391858 0.0159196 0.0211687 0.0155602 
-0.0279079 -0.0420004 -0.0456759 -0.0355683 -0.017028 -0.00101465 0.006144 0.00649164 0.00334789 -0.00203377 -0.00785367 -0.0120415 -0.0138593 -0.0137028 -0.0124605 -0.0106356 -0.00779881 -0.00311844 0.00347923 0.0100243 0.0133501 0.0119034 0.00555922 -0.00485277 -0.0141309 -0.0145279 -0.00544751 0.00328125 0.00162802 -0.0108633 
-0.0557506 -0.0657651 -0.0627403 -0.0466908 -0.025819 -0.0111076 -0.00597973 -0.00572151 -0.0065206 -0.00841787 -0.0112411 -0.0135596 -0.0143097 -0.0135165 -0.0119628 -0.0101661 -0.00780297 -0.00394719 0.0019444 0.00818368 0.0112792 0.009339 0.00262091 -0.0072723 -0.0149342 -0.0137825 -0.00596848 -0.00376246 -0.0158041 -0.0368047 
-0.0651532 -0.0746465 -0.0695668 -0.0527863 -0.0333976 -0.0206515 -0.0157993 -0.013853 -0.0120372 -0.0115306 -0.0127864 -0.0143187 -0.0146514 -0.0134993 -0.0116203 -0.00979541 -0.00810106 -0.00571972 -0.00153224 0.00376539 0.0071107 0.00632684 0.00185726 -0.00428219 -0.0075436 -0.00290712 0.00610917 0.00559492 -0.013459 -0.0422683 
-0.0509474 -0.0659841 -0.0664945 -0.0556614 -0.040482 -0.0274843 -0.018656 -0.0125622 -0.00879262 -0.00854095 -0.0110862 -0.0138362 -0.0148841 -0.0139456 -0.0119187 -0.00995035 -0.00867747 -0.00769118 -0.00562339 -0.00214264 0.000628893 0.000982524 0.000150275 0.000105258 0.00282836 0.011339 0.0235701 0.0266604 0.00905381 -0.022618 
-0.0243826 -0.0464609 -0.0560179 -0.0544886 -0.044495 -0.0290069 -0.012726 -0.000565513 0.00435993 0.00167286 -0.00511194 -0.0111723 -0.0141254 -0.0142014 -0.0126633 -0.0108677 -0.00986088 -0.00969604 -0.00906818 -0.00720922 -0.00579791 -0.00584807 -0.00440648 0.00111485 0.00941624 0.020248 0.034133 0.0429926 0.0338282 0.00657168 
-0.0030238 -0.027224 -0.0422684 -0.0482937 -0.0428041 -0.0243276 -0.000156994 0.0177953 0.0225975 0.0153745 0.00315801 -0.00692168 -0.0123389 -0.0140891 -0.0137241 -0.0125669 -0.011821 -0.0117426 -0.0110929 -0.00933154 -0.00882241 -0.0107363 -0.010161 -0.00220512 0.0101634 0.0224865 0.0356819 0.0472003 0.0457711 0.02574 
0.00755087 -0.0129003 -0.0275985 -0.0370165 -0.034481 -0.0141629 0.0150724 0.0355232 0.037831 0.0257831 0.00942798 -0.00340117 -0.0108537 -0.0144006 -0.015414 -0.0149523 -0.0141799 -0.0133872 -0.0115213 -0.00862898 -0.00815096 -0.0120947 -0.0143914 -0.00723968 0.00711602 0.0210271 0.0332302 0.0440882 0.0456971 0.0310945 
0.0171034 0.00185083 -0.0105349 -0.0209333 -0.0207853 -0.00172334 0.0270982 0.0453675 0.0436577 0.028529 0.0111031 -0.00218052 -0.0106505 -0.0156464 -0.0178352 -0.0177685 -0.0164894 -0.0145134 -0.0113377 -0.00749383 -0.00666497 -0.0113222 -0.01554 -0.0102367 0.00375269 0.0178124 0.0287578 0.0384033 0.0424164 0.033901 
0.0343258 0.0226099 0.00977148 -0.00294648 -0.00649849 0.00740384 0.0303482 0.0434778 0.0389622 0.0241164 0.00867007 -0.00319845 -0.0116801 -0.0175634 -0.020567 -0.0205475 -0.0184875 -0.0154121 -0.0114805 -0.00725885 -0.00564276 -0.00889176 -0.0121438 -0.00732058 0.00459827 0.0148623 0.0208914 0.0286187 0.0386068 0.0417171 
0.0602442 0.0502776 0.0322528 0.013219 0.00376205 0.0105429 0.0257982 0.0340425 0.0291149 0.0169292 0.00459374 -0.0054167 -0.0134301 -0.0196561 -0.0230098 -0.0226779 -0.0197293 -0.0158103 -0.0115062 -0.00699909 -0.00404038 -0.00442157 -0.00435492 0.00231511 0.0123045 0.0153761 0.0116747 0.0155501 0.0346213 0.0550178 
0.101639 0.0891895 0.0603764 0.0304146 0.012577 0.0118516 0.0204541 0.0253069 0.0211315 0.0119801 0.0023564 -0.00644442 -0.0143714 -0.0209472 -0.0244723 -0.0236881 -0.0198506 -0.0152026 -0.0106646 -0.00607654 -0.00222352 -0.00021011 0.00358274 0.0141512 0.025198 0.0235625 0.0122706 0.0151385 0.0461946 0.0851663 
0.178124 0.152789 0.104056 0.0567727 0.0264657 0.0165283 0.0185273 0.0202714 0.0170681 0.0114448 0.00482642 -0.00325403 -0.0120918 -0.0198478 -0.0240699 -0.0233127 -0.0189699 -0.0137066 -0.00898502 -0.00484316 -0.00146832 0.00113893 0.00747296 0.0225155 0.0383905 0.0404914 0.0344869 0.0498583 0.101013 0.157994 
0.287764 0.239079 0.162075 0.0915132 0.0441958 0.0222996 0.0167153 0.0155024 0.0144297 0.0139882 0.0113452 0.00372709 -0.00689684 -0.0165053 -0.0218564 -0.0217038 -0.0174764 -0.0118646 -0.00690314 -0.00327209 -0.000881194 0.00146352 0.00901291 0.0265591 0.0469682 0.0589384 0.0721622 0.116117 0.197323 0.27213 
0.370069 0.303142 0.206569 0.118826 0.0566733 0.0237707 0.0121185 0.00979828 0.0120551 0.0166892 0.0170306 0.00911872 -0.00317724 -0.0139295 -0.0197734 -0.0200774 -0.0161603 -0.0102604 -0.00463399 -0.000521064 0.00226318 0.00542607 0.0134139 0.0293524 0.0483283 0.0664511 0.0984731 0.169731 0.27561 0.361337 
