0.329919 0.320432 0.267149 0.203585 0.154278 0.121652 0.0967551 0.0718471 0.0453238 0.0202778 -0.000203923 -0.0153983 -0.0249921 -0.0281665 -0.0256826 -0.0203047 -0.0144322 -0.00859516 -0.00234758 0.00442723 0.0121245 0.0230008 0.0399475 0.0625626 0.0863139 0.107472 0.1294 0.163733 0.220074 0.287101 
0.316405 0.30755 0.258745 0.201109 0.156639 0.126111 0.100743 0.0745364 0.047453 0.0227953 0.00302955 -0.011646 -0.0210665 -0.0242854 -0.0218775 -0.0166438 -0.0113376 -0.00685497 -0.00265796 0.00205121 0.00854508 0.0195469 0.0376771 0.0617365 0.0865266 0.108315 0.130527 0.163698 0.216051 0.277382 
0.237611 0.232223 0.196603 0.155272 0.125477 0.106481 0.0894236 0.0687175 0.0449535 0.0219777 0.00301609 -0.0108072 -0.0191723 -0.0217773 -0.0195793 -0.0152083 -0.0112692 -0.00868326 -0.00674929 -0.00418808 0.000753274 0.0107758 0.0277402 0.0493523 0.0697649 0.0854008 0.0998694 0.122654 0.160838 0.207089 
0.139318 0.139102 0.117833 0.0935157 0.0797837 0.0752624 0.070209 0.0576686 0.0380557 0.0166077 -0.0012909 -0.0130469 -0.018841 -0.0199352 -0.0178674 -0.0146666 -0.0123355 -0.0115762 -0.0114901 -0.0105131 -0.0067662 0.00202571 0.0165814 0.0333459 0.0459644 0.0512401 0.0534111 0.0620414 0.0842892 0.115782 
0.0687621 0.0717372 0.0591089 0.0454926 0.042716 0.0486899 0.0521734 0.0448506 0.0275667 0.00745818 -0.00816944 -0.0161731 -0.0180548 -0.0168286 -0.0143865 -0.0119398 -0.0107868 -0.0113599 -0.0125997 -0.0128219 -0.0102092 -0.00298333 0.00855343 0.0199348 0.0247774 0.0206619 0.0129123 0.0119458 0.0251071 0.0488066 
0.0446032 0.0474645 0.036821 0.0264005 0.0268785 0.0351711 0.039414 0.0318789 0.0149371 -0.00314357 -0.015004 -0.0183766 -0.0161396 -0.0123468 -0.00892299 -0.00648593 -0.00586261 -0.00729444 -0.00965758 -0.0112745 -0.0104146 -0.00556008 0.00259 0.0095084 0.00945957 0.00109857 -0.00920726 -0.0106714 0.00286104 0.0259871 
0.0565538 0.0578613 0.0459214 0.0337964 0.0309119 0.0338741 0.0321776 0.0205784 0.00311659 -0.0123516 -0.0202044 -0.0197215 -0.0144707 -0.00863001 -0.00407103 -0.00126736 -0.000846517 -0.0029463 -0.00649928 -0.00989343 -0.0113794 -0.0093863 -0.0043533 -1.49667e-05 -0.000917933 -0.00739928 -0.0127958 -0.00737034 0.0123616 0.0383753 
0.0828369 0.0829027 0.0696548 0.0548038 0.046475 0.0417065 0.0322626 0.0155637 -0.00323865 -0.0173032 -0.0229503 -0.0207132 -0.0142366 -0.00745791 -0.00236563 0.000442636 0.000501384 -0.00224592 -0.00689701 -0.0118882 -0.0152742 -0.0152364 -0.011718 -0.00739335 -0.00559041 -0.0060976 -0.00298951 0.0112093 0.0371008 0.0652784 
0.105311 0.104551 0.0912776 0.0758898 0.065198 0.056117 0.0415176 0.0203086 -0.00140146 -0.0167854 -0.0229275 -0.021021 -0.0147705 -0.00813865 -0.00343978 -0.0013255 -0.00191836 -0.00517086 -0.0104039 -0.0160417 -0.0198242 -0.0197012 -0.0153337 -0.00870579 -0.00242951 0.00361862 0.0139658 0.0337336 0.0618355 0.0893284 
0.11262 0.111333 0.099428 0.0865893 0.0782072 0.0699164 0.0540707 0.0299571 0.00483684 -0.0132761 -0.0211289 -0.0202338 -0.0146036 -0.00852364 -0.00462226 -0.0033857 -0.00448113 -0.00780004 -0.0128993 -0.0181449 -0.0209949 -0.0193339 -0.012842 -0.00331367 0.00668577 0.0165982 0.029503 0.0491927 0.074749 0.0989539 
0.0997311 0.0987597 0.0892069 0.080353 0.0764444 0.0717956 0.0579038 0.033922 0.00787825 -0.0111269 -0.0194206 -0.018735 -0.0132952 -0.00747948 -0.00391332 -0.00282078 -0.00360841 -0.00629823 -0.0106992 -0.0151292 -0.0169131 -0.0140316 -0.00626932 0.00455955 0.0154696 0.0248441 0.0346886 0.0488761 0.0682992 0.0880138 
0.0697223 0.0702018 0.0632671 0.0576947 0.0574808 0.0568638 0.0471918 0.0271525 0.00439574 -0.0120788 -0.0187253 -0.0173188 -0.0117234 -0.00575795 -0.00167154 0.000412494 0.00091355 -0.000549706 -0.00401652 -0.00777327 -0.0091658 -0.00639088 0.000676946 0.0102165 0.0187486 0.0236731 0.0264676 0.0319966 0.0436659 0.0588858 
0.031729 0.03429 0.0301989 0.0272207 0.0295773 0.032546 0.0281718 0.0145712 -0.00204049 -0.0139579 -0.0181986 -0.0161965 -0.0107815 -0.00468814 0.000319735 0.00388462 0.00587863 0.00553247 0.00275112 -0.000660327 -0.00215408 -0.000276438 0.004856 0.0113725 0.015583 0.014484 0.00950122 0.00640063 0.0105388 0.021408 
-0.00445481 0.000198471 0.000100192 0.000841186 0.0058589 0.0115735 0.0116384 0.00424236 -0.0061291 -0.0137376 -0.0163176 -0.0146165 -0.0101379 -0.00448592 0.000923564 0.00527689 0.00783797 0.0076735 0.0048883 0.00144621 -0.000220257 0.000954286 0.00440963 0.00807379 0.00837408 0.00253973 -0.00790743 -0.01718 -0.0193456 -0.0132814 
-0.0301923 -0.0237582 -0.0187836 -0.0130837 -0.0055714 0.00100182 0.00290006 -0.000524704 -0.00625675 -0.0107404 -0.012479 -0.0115648 -0.0084689 -0.00398328 0.000756775 0.00462384 0.00651849 0.0055813 0.00217997 -0.00164771 -0.00352944 -0.0025447 0.000412994 0.00299365 0.0017785 -0.00566583 -0.0180045 -0.0303281 -0.0372397 -0.036338 
-0.0388708 -0.0315261 -0.0227733 -0.0137738 -0.00596363 -0.00123387 -0.000296022 -0.00210887 -0.00479035 -0.00680969 -0.00751135 -0.00682384 -0.00486922 -0.00196113 0.00125406 0.00380301 0.00456462 0.00277172 -0.00118414 -0.0054183 -0.00754632 -0.00640346 -0.00281871 0.000704449 0.00072367 -0.00524944 -0.0165127 -0.0293315 -0.0390497 -0.0422831 
-0.0309482 -0.0245375 -0.0158363 -0.00760798 -0.002404 -0.0012274 -0.00260265 -0.00423113 -0.00493221 -0.00456602 -0.00333235 -0.00170523 -0.000166317 0.0012837 0.00283254 0.00415314 0.00434202 0.00255905 -0.00112153 -0.00518489 -0.00725766 -0.00579066 -0.00126402 0.00393151 0.00633889 0.00318017 -0.00559175 -0.0171307 -0.0272798 -0.0323494 
-0.0165663 -0.012937 -0.00771378 -0.0030407 -0.00110368 -0.00262436 -0.00576709 -0.00791592 -0.0078516 -0.00563732 -0.00204314 0.00138607 0.00330907 0.0039248 0.00439916 0.00525824 0.00589301 0.00525116 0.00289337 -0.000164117 -0.00173547 -0.000105619 0.00458089 0.0102872 0.0138352 0.0124534 0.00579462 -0.00362371 -0.0120771 -0.0166649 
-0.00761785 -0.00667178 -0.00526568 -0.0036786 -0.00306936 -0.00466803 -0.00799985 -0.0110887 -0.0119578 -0.00950698 -0.00438774 0.000768369 0.00357206 0.00419344 0.004508 0.00572427 0.00749784 0.00858673 0.00806342 0.00640749 0.00540868 0.00665337 0.0101814 0.0143649 0.0165465 0.0144654 0.00820334 0.000566891 -0.00512914 -0.00756287 
-0.0067746 -0.00640874 -0.00676582 -0.00631575 -0.00505125 -0.00479039 -0.00704822 -0.011192 -0.0144347 -0.0137695 -0.00893988 -0.00310408 0.000505129 0.00172968 0.00258634 0.00457484 0.00754618 0.0101948 0.0112672 0.0107766 0.0100593 0.0104611 0.0120819 0.0135601 0.0127324 0.00811611 0.000683184 -0.00608443 -0.00904028 -0.00834144 
-0.00731622 -0.00566091 -0.00602329 -0.00568971 -0.0035356 -0.00141869 -0.00233785 -0.00720302 -0.0130955 -0.0154757 -0.0127959 -0.00787046 -0.00418108 -0.00234789 -0.000736832 0.00205551 0.00595234 0.00964582 0.0117239 0.0119164 0.0112514 0.0109081 0.0109844 0.0102078 0.00676094 -0.000125801 -0.00870502 -0.0149552 -0.0156436 -0.0116842 
-0.0026168 0.000438257 0.000279771 0.000299217 0.0024336 0.00518386 0.00503992 1.43493e-05 -0.00759269 -0.0128948 -0.0133822 -0.0108343 -0.0081934 -0.00631997 -0.00416032 -0.000683908 0.00388141 0.00814275 0.0106439 0.0110716 0.0103906 0.00975006 0.00924526 0.00764917 0.00341902 -0.00376274 -0.0119273 -0.0170893 -0.015934 -0.00943766 
0.00728095 0.0106666 0.0101848 0.00947044 0.0106634 0.0125937 0.0121607 0.00730334 -0.000494861 -0.00727395 -0.0105204 -0.0108916 -0.010166 -0.0089483 -0.00661223 -0.00264016 0.0023431 0.0067384 0.00912794 0.00935264 0.00850489 0.00781731 0.00745718 0.00636038 0.00328855 -0.00192839 -0.00774133 -0.0108812 -0.00823847 -0.000500997 
0.0174049 0.0199971 0.018898 0.0173784 0.0170949 0.0170487 0.0152162 0.0105194 0.00398353 -0.00211724 -0.00635785 -0.00882652 -0.0100108 -0.00981098 -0.00769259 -0.00360693 0.00135075 0.005385 0.00719667 0.00684202 0.00557556 0.00477267 0.00480538 0.00493415 0.00423101 0.00240446 0.000150645 -0.000454684 0.00309338 0.0104741 
0.0231524 0.0242471 0.0225194 0.0203971 0.018689 0.0164573 0.0129006 0.0083786 0.00395396 0.000270481 -0.00288404 -0.00581235 -0.00814226 -0.00895773 -0.0074977 -0.00394466 0.000332454 0.0035334 0.0045527 0.00357678 0.0018913 0.000988128 0.00154063 0.00318417 0.00514866 0.00678881 0.00788677 0.00933908 0.0128692 0.018467 
0.0231013 0.0224698 0.0201802 0.0178863 0.0156335 0.0123532 0.00795026 0.00386187 0.00149184 0.000577653 -0.000436996 -0.00254577 -0.0051767 -0.00684497 -0.00641902 -0.00401489 -0.00094052 0.00124883 0.00168129 0.00052382 -0.00111123 -0.00174592 -0.000449359 0.00267712 0.00675186 0.0106172 0.013447 0.0155279 0.0180438 0.0211551 
0.0180464 0.0158821 0.013329 0.0116592 0.0103376 0.00785142 0.00407547 0.000838506 -0.000106063 0.000836433 0.00152949 0.000403762 -0.00215251 -0.00445532 -0.00509335 -0.00396163 -0.00207819 -0.000627102 -0.0002716 -0.000967217 -0.00190863 -0.00180164 0.000354479 0.00452308 0.00952793 0.0137357 0.0161868 0.0172674 0.0180212 0.0186134 
0.00959593 0.00639565 0.0041502 0.00393582 0.00468412 0.00430955 0.00233433 0.000484343 0.000538288 0.00217026 0.00331816 0.00240776 -0.000229361 -0.00293149 -0.00424344 -0.00391437 -0.00268381 -0.00143502 -0.000704142 -0.00056803 -0.000500405 0.0005204 0.00334486 0.00780843 0.0124563 0.0154515 0.0160982 0.0152204 0.0138894 0.0121934 
4.87478e-05 -0.00351637 -0.00502793 -0.00368839 -0.000948653 0.000881104 0.00116771 0.00125601 0.00238983 0.00405462 0.0045868 0.00301984 8.35583e-06 -0.00283911 -0.00425183 -0.00403929 -0.00283565 -0.00139084 -0.000190219 0.000650569 0.00152525 0.00321815 0.00629554 0.0103383 0.0137541 0.0148654 0.0134377 0.0106326 0.00746133 0.00397855 
-0.00841861 -0.0116569 -0.0124475 -0.0103026 -0.00664554 -0.00342229 -0.00110208 0.0011066 0.00347913 0.00505092 0.00465655 0.00222026 -0.0010935 -0.00375009 -0.00480949 -0.00430134 -0.00289204 -0.00129403 6.09885e-05 0.00113151 0.00231864 0.00423517 0.00712455 0.0102868 0.0121595 0.0114852 0.00849325 0.00443602 0.000174547 -0.00416684 
-0.0151139 -0.0175089 -0.0178077 -0.0156716 -0.0120856 -0.00831624 -0.00459186 -0.000703824 0.00268406 0.00423985 0.00329835 0.000540235 -0.00254603 -0.0046392 -0.00519227 -0.00446085 -0.0031242 -0.00181275 -0.000818778 -1.06643e-05 0.00107294 0.00286815 0.00528304 0.00739346 0.00780722 0.00576145 0.00182256 -0.00281092 -0.00735866 -0.011539 
-0.0205124 -0.0218551 -0.0217991 -0.019964 -0.016729 -0.012761 -0.00822993 -0.00342824 0.000442781 0.00203722 0.0011533 -0.00113885 -0.00340942 -0.00473193 -0.00492554 -0.0043459 -0.00355639 -0.00299894 -0.00274169 -0.0024405 -0.00159762 -5.93383e-06 0.00190071 0.00304549 0.00226437 -0.000791309 -0.0053612 -0.0102852 -0.0146996 -0.0181365 
-0.0250871 -0.0255188 -0.0251637 -0.0235454 -0.0204931 -0.0162795 -0.0112322 -0.00606673 -0.00212353 -0.000437315 -0.000816881 -0.00215197 -0.00336799 -0.00399684 -0.00410584 -0.00399889 -0.00402615 -0.0043951 -0.00494064 -0.00513334 -0.00447692 -0.00300228 -0.00145174 -0.00101907 -0.00268931 -0.00653433 -0.0116654 -0.0168672 -0.0211097 -0.0238035 
-0.029257 -0.0292793 -0.0287804 -0.0272375 -0.0241329 -0.0195247 -0.0139724 -0.00853196 -0.0044995 -0.00252119 -0.00215178 -0.00244596 -0.00274928 -0.00293698 -0.00315598 -0.00357627 -0.00435855 -0.0055379 -0.0067719 -0.00738434 -0.00687795 -0.00546479 -0.0041241 -0.00415876 -0.00646362 -0.0109271 -0.0165217 -0.0219436 -0.0261056 -0.0284523 
-0.0335335 -0.0337634 -0.0333602 -0.0317903 -0.0284678 -0.0234072 -0.0173125 -0.0114148 -0.00694259 -0.00431629 -0.00303952 -0.00239861 -0.00204579 -0.00200412 -0.00236681 -0.00317413 -0.00449539 -0.00629822 -0.00812898 -0.00918132 -0.00892457 -0.00768008 -0.00658676 -0.00703317 -0.00985935 -0.0147817 -0.0206103 -0.0260269 -0.0301103 -0.0325141 
-0.0374338 -0.0380432 -0.0377998 -0.0361481 -0.0326475 -0.0273738 -0.0209774 -0.0146163 -0.00946101 -0.00593958 -0.00369412 -0.00223183 -0.00137594 -0.00118056 -0.00165545 -0.00274692 -0.00448292 -0.00681008 -0.00921101 -0.0107834 -0.0109589 -0.0101194 -0.00948741 -0.0104748 -0.0138392 -0.0191101 -0.0249345 -0.0300335 -0.0337653 -0.0361128 
-0.0385368 -0.0390967 -0.0388405 -0.0371515 -0.0337932 -0.0288974 -0.0228546 -0.0165047 -0.010908 -0.0066283 -0.00355993 -0.00143174 -0.000196795 6.03298e-05 -0.000616149 -0.00207869 -0.00427189 -0.00709255 -0.00999931 -0.0120782 -0.0127708 -0.0124871 -0.0124493 -0.0140083 -0.0178078 -0.0232378 -0.028825 -0.0332581 -0.0360621 -0.0376015 
-0.0339342 -0.0341188 -0.0338361 -0.032328 -0.029535 -0.025651 -0.0207416 -0.0151775 -0.00977174 -0.00518912 -0.00162826 0.000885901 0.002227 0.00227718 0.00115686 -0.000850696 -0.00355301 -0.0067714 -0.00998742 -0.0123743 -0.0134416 -0.0135891 -0.0139457 -0.0157168 -0.0194325 -0.0244752 -0.029376 -0.0327135 -0.0340058 -0.0340127 
-0.0234984 -0.0237738 -0.0239239 -0.0229393 -0.0209551 -0.0183759 -0.0150844 -0.0109477 -0.00635245 -0.00192945 0.001799 0.00441368 0.00557982 0.00520384 0.00354522 0.00103471 -0.00201701 -0.00538112 -0.00860196 -0.0109915 -0.0121442 -0.012399 -0.0127067 -0.0140668 -0.0169103 -0.0207433 -0.0242802 -0.0260927 -0.0257058 -0.0242682 
-0.0111196 -0.0123666 -0.0134909 -0.0132267 -0.0120207 -0.0107089 -0.00919305 -0.00683837 -0.00343404 0.000565295 0.00433571 0.00704306 0.00815467 0.00761631 0.00579228 0.00318593 0.000164274 -0.00301682 -0.00596298 -0.00811658 -0.0091356 -0.00925496 -0.00920622 -0.00976626 -0.0112669 -0.013361 -0.0150667 -0.0152064 -0.0135347 -0.0115325 
-0.00116933 -0.00359966 -0.0055929 -0.00587437 -0.00536227 -0.00538365 -0.00584812 -0.00554255 -0.00356121 -0.00010493 0.00377832 0.00691637 0.00857097 0.0085904 0.00726383 0.0050558 0.00237752 -0.000439479 -0.00301008 -0.00488303 -0.00576924 -0.00578192 -0.0054272 -0.00528214 -0.00557644 -0.00603747 -0.00598239 -0.00468629 -0.00233129 -0.000586932 
0.00632709 0.0037106 0.00171951 0.00124618 0.000875636 -0.000947897 -0.00384305 -0.00591397 -0.00563113 -0.00294938 0.00100801 0.00486223 0.00759785 0.00872946 0.00826572 0.00657243 0.00416169 0.00154087 -0.000836749 -0.0026059 -0.00354045 -0.00363115 -0.003167 -0.002584 -0.00205669 -0.00131257 0.000160123 0.0026631 0.00559257 0.00725313 
0.0152564 0.0140514 0.0129818 0.0123521 0.0105606 0.00634101 0.000676251 -0.00395905 -0.00568994 -0.00426364 -0.000659726 0.00368729 0.0074089 0.00952133 0.00966421 0.00810773 0.00550465 0.00259456 -3.22978e-05 -0.00203687 -0.00322443 -0.0034656 -0.00288467 -0.00189248 -0.000707324 0.000998061 0.00377497 0.00772753 0.0119734 0.0148395 
0.0275711 0.0286821 0.0286726 0.0273761 0.0235631 0.0167804 0.00865723 0.00183881 -0.00185234 -0.00199967 0.000740461 0.0049948 0.00906418 0.0115155 0.0117003 0.00981571 0.00659634 0.00294638 -0.000395877 -0.00300951 -0.00460895 -0.004914 -0.00396553 -0.00228125 -0.000220832 0.0026083 0.00692804 0.0128204 0.0192406 0.0245163 
0.0392865 0.0420895 0.042385 0.0397521 0.0337199 0.0249029 0.0154093 0.00759907 0.00288294 0.00170666 0.00370249 0.00758045 0.0114617 0.0137221 0.0136342 0.0113576 0.00757751 0.00317712 -0.00104953 -0.00451938 -0.0066859 -0.00701524 -0.00547103 -0.00272672 0.000639633 0.00495485 0.0109658 0.0186564 0.0268778 0.0340989 
0.0431806 0.0461051 0.0458631 0.041829 0.0341811 0.0244572 0.0150746 0.00792963 0.00383888 0.00302026 0.00514147 0.00895895 0.0126374 0.01467 0.0144658 0.0121973 0.00838655 0.00369178 -0.00118798 -0.00551085 -0.00836626 -0.00885806 -0.0067898 -0.00293334 0.00185902 0.00760016 0.0147146 0.0228756 0.0309459 0.0379122 
0.0344455 0.0363967 0.0356872 0.0313455 0.0236492 0.0145841 0.00676204 0.00173427 -0.000266997 0.000507786 0.00353206 0.0076662 0.0113725 0.0134672 0.0135723 0.0118578 0.00860193 0.00413344 -0.00101569 -0.00598967 -0.00956609 -0.0105148 -0.0084263 -0.00407366 0.00142842 0.00762529 0.0143936 0.0210284 0.0266178 0.031019 
0.0133661 0.0142846 0.0141684 0.0115349 0.00607386 -0.000430665 -0.00536571 -0.0073856 -0.00674328 -0.00419432 -0.000402678 0.00385528 0.00760896 0.0100684 0.0109402 0.0102034 0.00778014 0.00369352 -0.00159567 -0.00711283 -0.0114845 -0.0133334 -0.0120793 -0.00839786 -0.00353845 0.00165021 0.00653403 0.010129 0.0118839 0.0125815 
-0.0143925 -0.0141835 -0.0125706 -0.0115685 -0.01262 -0.0148682 -0.0161089 -0.0151726 -0.0125638 -0.00924305 -0.00564412 -0.00184124 0.0019165 0.00513543 0.00731324 0.00792082 0.00637268 0.00246548 -0.00321375 -0.00946537 -0.0148642 -0.018079 -0.0184495 -0.0164667 -0.0133029 -0.00998864 -0.00754657 -0.00722672 -0.0093604 -0.0124529 
-0.0382142 -0.0385799 -0.0348435 -0.0294568 -0.0253374 -0.0232276 -0.0217395 -0.01966 -0.0171587 -0.0148181 -0.0124412 -0.00928978 -0.00507023 -0.000311929 0.00394383 0.00643548 0.00598873 0.00221591 -0.00404262 -0.0112154 -0.0177568 -0.0224382 -0.0246099 -0.0245338 -0.0230902 -0.0212801 -0.0204749 -0.0223668 -0.0274236 -0.033743 
-0.0471029 -0.0479032 -0.0424391 -0.0336489 -0.0260626 -0.0221771 -0.0212352 -0.0213466 -0.0216337 -0.0218494 -0.0210836 -0.0180703 -0.0124723 -0.00527339 0.00180312 0.00683182 0.00812132 0.00505969 -0.00133774 -0.00910084 -0.0164292 -0.0221185 -0.0255506 -0.0267054 -0.0260069 -0.0243494 -0.0235455 -0.0259228 -0.0323482 -0.0407485 
-0.0374954 -0.038107 -0.0316294 -0.0218788 -0.0146626 -0.0132623 -0.0165122 -0.021318 -0.0257661 -0.0289675 -0.0295586 -0.0261657 -0.0188304 -0.00912041 0.000779597 0.0086055 0.0123072 0.0109433 0.00543282 -0.00206507 -0.00949047 -0.0155163 -0.0193755 -0.0205869 -0.0190877 -0.0158934 -0.0135229 -0.0149819 -0.0214172 -0.0305143 
-0.0156159 -0.0148416 -0.00794857 -7.52161e-05 0.00282196 -0.00135521 -0.00984426 -0.0187732 -0.0263945 -0.0319502 -0.0338398 -0.0306461 -0.0227262 -0.0119049 -0.000373361 0.00960641 0.01576 0.0167368 0.0130656 0.00672499 -0.000155274 -0.00599315 -0.00952232 -0.00956908 -0.00578137 0.000215119 0.00490297 0.00477664 -0.00108659 -0.0096888 
0.00875705 0.0118302 0.0184765 0.0224887 0.0193892 0.00997195 -0.00121771 -0.0110112 -0.0195206 -0.026818 -0.0308877 -0.029789 -0.0236558 -0.0140657 -0.00287991 0.00779354 0.0155474 0.0186717 0.0171922 0.0126052 0.0068126 0.00161043 -0.0010383 0.000799929 0.00748376 0.0164481 0.0231977 0.0241341 0.0191094 0.012096 
0.0287874 0.0334256 0.0385511 0.0381439 0.0303652 0.0190848 0.00953882 0.00257748 -0.00483992 -0.0137981 -0.0214187 -0.0245006 -0.0222958 -0.0158284 -0.00663025 0.0032952 0.0114817 0.0160216 0.0165362 0.0139485 0.00966625 0.00542875 0.00372789 0.00713779 0.0159923 0.0269971 0.0351099 0.0370728 0.0336219 0.0291875 
0.0413803 0.0452055 0.0471812 0.0428748 0.0330545 0.0235015 0.0188242 0.0168998 0.0117304 0.00132262 -0.0103358 -0.0182595 -0.0204031 -0.0172748 -0.0103409 -0.00162416 0.00640299 0.0117419 0.0137177 0.0127452 0.00969095 0.00606278 0.00462668 0.0084371 0.0180108 0.0298971 0.0390497 0.042662 0.041794 0.0401918 
0.0463027 0.0472471 0.0453084 0.0380082 0.0277569 0.0209953 0.0213191 0.0242925 0.0217167 0.0107498 -0.00377692 -0.0151576 -0.0200958 -0.0188535 -0.0131031 -0.00494369 0.00316062 0.00904296 0.0116686 0.0110669 0.00787843 0.00369462 0.00162248 0.00502048 0.0145362 0.0268622 0.0372508 0.0431314 0.0451196 0.0455078 
0.0465292 0.0443885 0.0392305 0.0298889 0.0193039 0.0138544 0.0165882 0.0222172 0.021566 0.0110394 -0.00437251 -0.0169561 -0.0226056 -0.0215443 -0.0156913 -0.00718404 0.00148647 0.00782476 0.0103262 0.00880658 0.00416416 -0.00135366 -0.00401503 -0.000420794 0.00963342 0.0226608 0.0342485 0.0420264 0.0459917 0.0471358 
0.0482478 0.0439045 0.036714 0.0263492 0.015489 0.00967839 0.011621 0.0166101 0.0160302 0.00594278 -0.00926606 -0.0218933 -0.0274878 -0.0261291 -0.019799 -0.0106756 -0.0013519 0.00535147 0.00758633 0.00515798 -0.000599056 -0.00667997 -0.00872771 -0.00354309 0.00811671 0.022159 0.0345242 0.0433743 0.0484916 0.0499826 
0.0582453 0.0520937 0.0434223 0.0332107 0.0233508 0.017103 0.0160139 0.0168913 0.0134479 0.00227462 -0.0133546 -0.0266166 -0.0329356 -0.0319462 -0.0255583 -0.0161647 -0.00652814 0.000481043 0.00306402 0.00113524 -0.00388636 -0.00888208 -0.00933805 -0.00221289 0.0111598 0.0263857 0.0398614 0.0503686 0.0575369 0.0603798 
0.0769205 0.0687138 0.0586547 0.0500303 0.0434519 0.0381112 0.0330454 0.0270108 0.0176573 0.0032028 -0.0142577 -0.0292178 -0.0370425 -0.0368155 -0.0305373 -0.0211269 -0.0115053 -0.00415458 -0.000400291 -0.000283893 -0.0029272 -0.00599786 -0.00545459 0.00188469 0.0153258 0.0312823 0.0468243 0.0609829 0.0726317 0.0787644 
0.0940964 0.0836115 0.0722368 0.066397 0.0651146 0.0625189 0.0543382 0.0411592 0.0250522 0.00646453 -0.0133293 -0.0299838 -0.0388076 -0.0385805 -0.0318048 -0.0222032 -0.012734 -0.00507402 0.000177054 0.00282599 0.00272745 0.000887211 0.000456297 0.00492325 0.0152288 0.0297334 0.0467272 0.0655013 0.0836495 0.094948 
0.0980064 0.0850648 0.0718211 0.0683014 0.072476 0.0741321 0.0659116 0.0492766 0.0293634 0.00839613 -0.0126112 -0.0297935 -0.0382746 -0.0368634 -0.0288966 -0.018957 -0.00984883 -0.00222959 0.00403051 0.0084168 0.00967928 0.00756025 0.00429456 0.00350969 0.00775456 0.0176654 0.0334371 0.0554037 0.0801025 0.0973623 
0.090336 0.0748753 0.0581728 0.0539475 0.0608527 0.0667078 0.0619591 0.0472835 0.0283304 0.00798547 -0.0125009 -0.0290344 -0.0364238 -0.0336386 -0.0247622 -0.0149372 -0.00662071 0.000448112 0.00688623 0.011807 0.0131684 0.0099872 0.00393342 -0.00153739 -0.00320379 0.00106262 0.013423 0.0360384 0.0653675 0.0879229 
0.0895944 0.0726777 0.0506658 0.0407611 0.0448069 0.0518052 0.0511391 0.0410968 0.0255516 0.00722247 -0.0120306 -0.0277057 -0.0345471 -0.0316544 -0.0232908 -0.0145423 -0.00739383 -0.00102532 0.00531426 0.0104181 0.0119238 0.00881758 0.00272682 -0.00335896 -0.00685786 -0.00567126 0.00353639 0.0250494 0.0568004 0.0840491 
0.1189 0.103073 0.0739993 0.0525001 0.0462352 0.0481975 0.0477996 0.0401431 0.0262172 0.00847151 -0.0103446 -0.0257542 -0.0331773 -0.0318457 -0.025464 -0.018451 -0.0123829 -0.0063289 0.000351767 0.00629737 0.00927509 0.0088212 0.00692566 0.00581956 0.00627272 0.00888307 0.0172053 0.0378838 0.07217 0.106272 
0.187169 0.174525 0.136339 0.0980724 0.0749717 0.0651912 0.0588239 0.0482046 0.0317473 0.0119461 -0.00760454 -0.0232014 -0.0317392 -0.0326096 -0.0284641 -0.0228469 -0.0172528 -0.0110482 -0.00373945 0.00348527 0.00896809 0.0131474 0.0184918 0.0262697 0.0349346 0.0429612 0.0537059 0.076421 0.116758 0.162591 
0.273409 0.263376 0.215401 0.160163 0.119659 0.0957602 0.0792024 0.0612442 0.0393329 0.016266 -0.00418345 -0.0197732 -0.0290997 -0.031577 -0.0287441 -0.0235378 -0.0178006 -0.0114667 -0.0041092 0.00363879 0.0110825 0.0196503 0.0321508 0.048933 0.0665512 0.0818743 0.0981834 0.126757 0.176595 0.236323 
