0.250356 0.278301 0.257806 0.193332 0.115145 0.0560758 0.0280596 0.0199949 0.0140722 0.00188078 -0.0122875 -0.020731 -0.0224954 -0.0228337 -0.0254442 -0.0284701 -0.0273597 -0.0201911 -0.00994617 -0.00170964 0.00199373 0.00340523 0.0074781 0.0171839 0.0314994 0.0488123 0.0703166 0.0996051 0.141195 0.195732 
0.178137 0.198442 0.183556 0.135013 0.0741612 0.0267777 0.00464869 0.0006037 -0.000824094 -0.00867637 -0.0198719 -0.0264935 -0.0263381 -0.0243324 -0.0253633 -0.0286166 -0.0292202 -0.0242769 -0.0162783 -0.0104347 -0.00919332 -0.0095871 -0.00611502 0.00383596 0.0183792 0.0347423 0.0524384 0.0734632 0.101808 0.139465 
0.0947624 0.108366 0.103128 0.0783315 0.0437406 0.0136629 -0.00292549 -0.00804987 -0.0109382 -0.0180402 -0.027156 -0.0318794 -0.0301453 -0.026376 -0.0257635 -0.0284349 -0.0300142 -0.0271567 -0.0213836 -0.0171524 -0.0166612 -0.0172209 -0.014142 -0.00552882 0.00649923 0.0184093 0.0282842 0.0377009 0.0513306 0.0719843 
0.0410096 0.0494241 0.0498267 0.0415434 0.0271757 0.0117814 -0.000106978 -0.00786719 -0.0147274 -0.0231551 -0.0311518 -0.0345535 -0.0323496 -0.0281951 -0.0264522 -0.0277188 -0.0288 -0.0267223 -0.0220856 -0.0180745 -0.0164413 -0.0153605 -0.0116746 -0.00432924 0.00457989 0.0112376 0.0134563 0.013844 0.0180869 0.0284912 
0.0280144 0.0342841 0.0342861 0.0288617 0.0207354 0.0120592 0.00347236 -0.00521537 -0.01425 -0.0229631 -0.0293318 -0.031421 -0.0295103 -0.0261866 -0.0240512 -0.023528 -0.0228704 -0.0203128 -0.0161509 -0.012242 -0.00943412 -0.00636673 -0.00114701 0.00650619 0.0142647 0.0178972 0.015344 0.0107022 0.0109711 0.0182675 
0.0368714 0.0438769 0.040667 0.0292582 0.016888 0.00811344 0.00172816 -0.0051734 -0.0130845 -0.0200161 -0.0238245 -0.0240743 -0.0220897 -0.0195521 -0.0172505 -0.0150297 -0.0123714 -0.00914184 -0.00604129 -0.00382331 -0.00186953 0.00176684 0.00860257 0.0182481 0.0275583 0.031256 0.0269015 0.0196207 0.0180151 0.0253711 
0.0439826 0.0527402 0.0472903 0.0297609 0.0116657 0.00139174 -0.00247612 -0.00579809 -0.0111665 -0.0164503 -0.0186625 -0.017388 -0.0145221 -0.0116819 -0.00881998 -0.00526248 -0.00114892 0.00226052 0.00347866 0.0023556 0.00098326 0.00268293 0.00963624 0.0211178 0.0327502 0.0378383 0.033346 0.0249328 0.0223378 0.0301745 
0.0442067 0.0552154 0.0503672 0.0311274 0.0107454 0.000259266 -0.00112022 -0.00131271 -0.00528081 -0.0112188 -0.0145605 -0.0134018 -0.00961343 -0.00567523 -0.00201009 0.00222468 0.00690586 0.0101628 0.00985469 0.00585005 0.000967129 -0.000258596 0.00551579 0.0175577 0.0300916 0.0351992 0.0300593 0.0212565 0.0190362 0.0281789 
0.0470479 0.0616993 0.0604648 0.0434323 0.0230911 0.0117931 0.0104401 0.0109208 0.00651034 -0.00201855 -0.00887884 -0.00997638 -0.00645545 -0.00189405 0.00205615 0.00607732 0.0105112 0.0137111 0.0134264 0.00934684 0.00415927 0.00261589 0.00858694 0.0210569 0.0328237 0.0353812 0.0274045 0.017379 0.0161224 0.0277859 
0.0578692 0.0774006 0.0817738 0.0688238 0.0485959 0.0341102 0.0293547 0.0280682 0.0223751 0.0109486 -0.000408185 -0.00554558 -0.00416737 -0.000321702 0.00316562 0.00655104 0.0105401 0.0140157 0.0151471 0.0137652 0.0121362 0.0141739 0.0229241 0.0364254 0.0465507 0.0452601 0.0333622 0.0213085 0.0205542 0.0347895 
0.0704045 0.094242 0.104239 0.0956547 0.0753589 0.0565866 0.0470265 0.0433174 0.0367465 0.0232585 0.00767795 -0.00228949 -0.00438666 -0.00213271 0.000932626 0.00429285 0.00840354 0.0123806 0.0149908 0.016662 0.0195423 0.0263313 0.038339 0.0524029 0.0605313 0.0562018 0.041955 0.0289788 0.0286852 0.0445594 
0.0738368 0.0991505 0.112434 0.107353 0.0878974 0.0667101 0.0541689 0.0494141 0.0431654 0.0289896 0.0104644 -0.0036927 -0.00913694 -0.00813301 -0.00456888 -0.000121818 0.00477039 0.00907389 0.0121249 0.0152057 0.0207709 0.0306244 0.0444335 0.0581152 0.0644538 0.05859 0.0439325 0.031342 0.0315591 0.0476849 
0.063925 0.0866478 0.0991488 0.0955747 0.078319 0.0584932 0.046812 0.0433832 0.0387851 0.0254389 0.00597825 -0.0104924 -0.0179456 -0.0171948 -0.0122535 -0.00610576 -0.000323896 0.00387731 0.00646861 0.00957582 0.0160286 0.0271534 0.0416362 0.0548676 0.0601164 0.0533773 0.0383633 0.0256962 0.025575 0.040341 
0.0482113 0.064766 0.0719721 0.066753 0.051872 0.0364413 0.0289314 0.0285286 0.0262435 0.0149953 -0.00306535 -0.0193853 -0.0272471 -0.0261934 -0.0199741 -0.0124953 -0.00622058 -0.00234013 -0.000234813 0.00270775 0.0092895 0.0204939 0.0346811 0.0471437 0.0513605 0.0437302 0.0283303 0.0158343 0.0157331 0.028903 
0.0374865 0.0462222 0.045009 0.0351294 0.0214823 0.0112736 0.00900395 0.0116479 0.0113037 0.00283758 -0.0117626 -0.0256177 -0.0326602 -0.0315607 -0.0252084 -0.0175638 -0.0114267 -0.00787085 -0.00599336 -0.00332494 0.00246085 0.0120451 0.023837 0.0334992 0.0353633 0.0270892 0.0135872 0.00489913 0.00832714 0.0221044 
0.0340258 0.0361742 0.0270171 0.012041 -0.00123942 -0.0071118 -0.00519974 -0.000805755 -0.000272238 -0.00617716 -0.0165414 -0.0267538 -0.0323779 -0.0317334 -0.0264964 -0.019898 -0.0145592 -0.0115348 -0.0101665 -0.00855682 -0.00486589 0.00140423 0.00866669 0.0131799 0.0111464 0.0027675 -0.00592958 -0.00671712 0.00390447 0.0208339 
0.0337247 0.0329924 0.0202849 0.00307482 -0.00964638 -0.0130028 -0.0091518 -0.00454256 -0.00408 -0.008466 -0.0157544 -0.0231022 -0.027623 -0.0276897 -0.0240121 -0.0189618 -0.0148196 -0.0126996 -0.0123384 -0.0123111 -0.0110103 -0.00816368 -0.00567075 -0.00666448 -0.0126174 -0.0205671 -0.0237882 -0.0164797 0.000998962 0.0210799 
0.0340388 0.0344314 0.023695 0.00826973 -0.00333618 -0.00637124 -0.00296644 0.000978151 0.00126132 -0.00264033 -0.00910844 -0.0158419 -0.0204435 -0.0213697 -0.0189645 -0.0151853 -0.0121283 -0.0109145 -0.0114019 -0.0123051 -0.0122194 -0.0113988 -0.0122123 -0.0170664 -0.0253682 -0.0323776 -0.0316198 -0.0196387 0.000678378 0.0213348 
0.0332419 0.0372262 0.0319893 0.021022 0.0108549 0.00652689 0.00799577 0.0112587 0.0120477 0.00842143 0.00123039 -0.00679295 -0.0126242 -0.0145477 -0.0129727 -0.00989373 -0.00740222 -0.00654783 -0.0070668 -0.00769559 -0.00742724 -0.00719084 -0.00960471 -0.0162852 -0.0253553 -0.031561 -0.0293299 -0.0169453 0.00182941 0.0204113 
0.0283851 0.0364009 0.0369188 0.0306616 0.0220503 0.016359 0.0160458 0.0192831 0.0214741 0.0187944 0.0110798 0.00162258 -0.00558214 -0.00844188 -0.00746508 -0.00475066 -0.00238368 -0.00132751 -0.00122711 -0.000979285 -7.17858e-05 0.000169689 -0.0027125 -0.00983313 -0.0191354 -0.0257919 -0.0250117 -0.0156209 -0.000766588 0.0150519 
0.0202757 0.0307775 0.0343099 0.0306844 0.023368 0.0175207 0.0169086 0.0210784 0.0253231 0.0245719 0.0177123 0.00807076 0.000208589 -0.0033766 -0.0030579 -0.000820894 0.00138351 0.00267973 0.0033878 0.00429084 0.00546209 0.00559252 0.00272591 -0.00410594 -0.0135668 -0.0218274 -0.024422 -0.0193885 -0.00824327 0.00602821 
0.0159391 0.0261934 0.0288439 0.0248106 0.017946 0.0128814 0.0130745 0.0184024 0.0245084 0.0260979 0.0213012 0.0127725 0.00499669 0.000836334 0.000332931 0.00182354 0.00357622 0.00481933 0.00579166 0.00692143 0.00793747 0.00774625 0.00502724 -0.0010813 -0.010138 -0.0194604 -0.0247398 -0.0227168 -0.0132251 0.00112567 
0.0205064 0.0280235 0.0273084 0.0211126 0.013963 0.00953585 0.0100483 0.0152561 0.0217375 0.0248948 0.0223488 0.0155658 0.00838258 0.00389026 0.00267959 0.00349767 0.00483209 0.00599583 0.00713662 0.00841097 0.00935688 0.0090948 0.00678594 0.00176331 -0.0059435 -0.0143922 -0.0196054 -0.017765 -0.00800602 0.00664683 
0.0287291 0.0322143 0.0281974 0.0204697 0.0134006 0.00936724 0.00923931 0.0126741 0.0175659 0.0206929 0.0196759 0.0147858 0.00881425 0.00469824 0.00342176 0.0041359 0.00556131 0.00706466 0.00867678 0.0104037 0.0117952 0.0121184 0.0106396 0.00680206 0.000857715 -0.00524063 -0.00808124 -0.0046784 0.00520401 0.01819 
0.0296721 0.0292366 0.0235097 0.016049 0.0102048 0.00711955 0.00660594 0.00808536 0.0105255 0.0123604 0.0119728 0.00899987 0.00507876 0.0024519 0.00206641 0.00338162 0.00544038 0.00773257 0.0101959 0.0127413 0.0149665 0.0161367 0.0153458 0.0121136 0.00733769 0.00345851 0.00312246 0.00751287 0.015564 0.0242289 
0.018658 0.0153952 0.00923144 0.00290945 -0.00121066 -0.00263873 -0.00224509 -0.001238 -0.000331704 0.000310918 0.000345541 -0.000538142 -0.00168615 -0.00192297 -0.00076597 0.00143447 0.00419119 0.00730565 0.0107097 0.0141278 0.0169376 0.0181888 0.0169332 0.013123 0.00842577 0.00555616 0.00621052 0.00986589 0.0145377 0.0180615 
0.000143346 -0.00476 -0.0112432 -0.0170298 -0.0200466 -0.019764 -0.0173818 -0.0149599 -0.0135804 -0.0126549 -0.0114135 -0.00983539 -0.00798058 -0.00573311 -0.0031735 -0.000443212 0.00258174 0.00614818 0.0101888 0.0140372 0.0165373 0.0164954 0.0133849 0.00802865 0.00259188 -0.000589123 -0.000708132 0.00100379 0.00254199 0.00249844 
-0.0188142 -0.0245731 -0.0316805 -0.0377486 -0.0404389 -0.0388046 -0.0340708 -0.0289982 -0.025322 -0.0224016 -0.0189744 -0.0148248 -0.0104722 -0.00652184 -0.00334386 -0.000717219 0.0020864 0.00563661 0.00971417 0.0131472 0.0142915 0.0120228 0.00660529 -0.000346502 -0.0068013 -0.0112682 -0.0133457 -0.0138214 -0.0141001 -0.0154473 
-0.0331082 -0.0390709 -0.0465928 -0.0530104 -0.0556115 -0.0529388 -0.0460348 -0.0380834 -0.0314579 -0.0258983 -0.0201983 -0.0141428 -0.00845688 -0.00399905 -0.00104416 0.00106781 0.00342214 0.0065763 0.0100038 0.012188 0.0114241 0.00704043 5.64059e-06 -0.00786049 -0.015176 -0.0212094 -0.0254146 -0.0276447 -0.0286332 -0.0298869 
-0.0398171 -0.0451218 -0.0523304 -0.0587307 -0.0612754 -0.0579901 -0.0496522 -0.0396295 -0.0307472 -0.0232194 -0.0161406 -0.00938194 -0.00365625 0.000302929 0.00254854 0.00406646 0.00595268 0.0084735 0.0107999 0.0114008 0.00896026 0.00337737 -0.00412256 -0.0120747 -0.0197352 -0.0266751 -0.0321024 -0.035331 -0.0366163 -0.0374007 
-0.03859 -0.0422604 -0.0482695 -0.0542169 -0.0568383 -0.053741 -0.0453506 -0.0348457 -0.0251616 -0.0169153 -0.00958559 -0.00317116 0.00173004 0.00468205 0.00608603 0.00705542 0.00848349 0.0103013 0.0115048 0.0107716 0.00733973 0.00156378 -0.00544447 -0.0127552 -0.0199427 -0.026536 -0.031838 -0.0353666 -0.0370232 -0.0374655 
-0.0319831 -0.0334052 -0.0373957 -0.0422124 -0.0447933 -0.0426593 -0.0357362 -0.0264676 -0.0174737 -0.00966791 -0.00294255 0.00254281 0.00629534 0.00815782 0.00875949 0.00917054 0.0100435 0.0111111 0.0113714 0.0097712 0.00598151 0.000614312 -0.00539844 -0.0115058 -0.0173801 -0.0225197 -0.0266754 -0.0299807 -0.0320359 -0.0323123 
-0.0234842 -0.0229543 -0.0245768 -0.0274179 -0.0292475 -0.0280647 -0.0233429 -0.0164307 -0.00926716 -0.00285493 0.00260665 0.00683091 0.00937844 0.0102391 0.0100929 0.00984264 0.00992171 0.010032 0.00939502 0.00730371 0.0036574 -0.000948034 -0.00574969 -0.0103297 -0.0143749 -0.0175098 -0.0199908 -0.0225045 -0.0245536 -0.0247691 
-0.0150521 -0.0137775 -0.013473 -0.0138722 -0.0140086 -0.0129392 -0.0100949 -0.00583432 -0.00122716 0.00295876 0.00649438 0.00910656 0.0103837 0.0103091 0.00945121 0.00846482 0.00756938 0.00653324 0.0049908 0.00271347 -0.000277873 -0.00366944 -0.00699321 -0.009864 -0.0119026 -0.0128524 -0.0132858 -0.014288 -0.0157243 -0.016139 
-0.0074917 -0.00676071 -0.00541994 -0.00365286 -0.0017441 -3.41413e-05 0.00163768 0.00350461 0.00531012 0.00676076 0.00788294 0.00859534 0.00854429 0.00762317 0.00619968 0.00464564 0.00295857 0.000973483 -0.00125222 -0.0034474 -0.00544521 -0.00724638 -0.00879314 -0.00981808 -0.00982506 -0.00849352 -0.00651138 -0.0054427 -0.00602464 -0.00718127 
-0.00250178 -0.00277623 -0.00108736 0.00198055 0.00526114 0.0074781 0.00836529 0.00842305 0.00792233 0.00698099 0.00593403 0.00495152 0.00379691 0.00231653 0.000694798 -0.000964155 -0.00288303 -0.00524259 -0.00776039 -0.00982804 -0.0110483 -0.0114821 -0.011371 -0.0106733 -0.0088458 -0.00539875 -0.00106047 0.00198487 0.00196013 -0.000373936 
-0.00189717 -0.00268944 -0.000993754 0.00223614 0.00550054 0.00730887 0.0073904 0.00643544 0.00490053 0.00299064 0.00107798 -0.000602354 -0.00216377 -0.00367313 -0.00501775 -0.00629194 -0.00791039 -0.0101691 -0.0128072 -0.0150872 -0.0163241 -0.0163326 -0.0153777 -0.0136373 -0.0107052 -0.00603304 -0.000301857 0.00395186 0.00426528 0.00122898 
-0.00467576 -0.00515555 -0.00381734 -0.00162472 0.000272338 0.000819811 7.54282e-05 -0.00108925 -0.00219747 -0.00322263 -0.00416802 -0.00512192 -0.00618464 -0.00720819 -0.00799595 -0.0087371 -0.00998554 -0.012186 -0.0152109 -0.0182911 -0.0204528 -0.021121 -0.0203696 -0.0185591 -0.0156717 -0.0112977 -0.00577113 -0.00120843 -0.00011437 -0.0022645 
-0.00751857 -0.00731997 -0.0068724 -0.00654507 -0.00643923 -0.00692444 -0.00786752 -0.00848524 -0.008244 -0.00722407 -0.00600539 -0.00533417 -0.00546549 -0.00596763 -0.00640122 -0.00693307 -0.00819467 -0.0107434 -0.0145625 -0.0188537 -0.0223782 -0.0241471 -0.0239675 -0.022447 -0.0202439 -0.0172672 -0.0132146 -0.00910522 -0.00693409 -0.00701178 
-0.00815478 -0.00786777 -0.00869241 -0.0100511 -0.010716 -0.0106337 -0.0103204 -0.00961963 -0.00789845 -0.00500558 -0.00186649 0.00012845 0.000478815 -0.000115311 -0.000869897 -0.00180985 -0.00355442 -0.00669814 -0.0112965 -0.0165626 -0.0210708 -0.0234366 -0.0231631 -0.0211451 -0.0189019 -0.0169305 -0.0145519 -0.011753 -0.00970683 -0.0087845 
-0.00647955 -0.00726337 -0.00920535 -0.010944 -0.0104681 -0.00794279 -0.00506474 -0.00264876 -3.09728e-05 0.0034588 0.00708627 0.00923325 0.00919629 0.00778795 0.00606573 0.00421689 0.00177293 -0.00176904 -0.00650591 -0.0117879 -0.0162232 -0.0181837 -0.0168213 -0.0130875 -0.00924317 -0.00678606 -0.00552152 -0.00499029 -0.00530363 -0.00603973 
-0.00405249 -0.00636384 -0.00846116 -0.00871799 -0.00556046 -2.61351e-05 0.00522771 0.00871431 0.0110741 0.0135343 0.0160266 0.0172479 0.0164116 0.0141698 0.0115692 0.00894184 0.00606788 0.00265998 -0.00137987 -0.00565612 -0.00908148 -0.0100622 -0.00740163 -0.00168928 0.00446473 0.00825991 0.0086661 0.00633243 0.00252541 -0.00124871 
-0.00385271 -0.00662499 -0.00729994 -0.00452473 0.00174973 0.00934984 0.0154053 0.0184675 0.0192402 0.01942 0.0197931 0.019702 0.0183989 0.0161545 0.013651 0.0111371 0.00855611 0.00581543 0.00283421 -0.000224445 -0.00264555 -0.0030708 -8.48244e-05 0.00632 0.0136226 0.0178996 0.0169464 0.0119458 0.00572019 0.000267842 
-0.00807304 -0.00968675 -0.00793108 -0.00195514 0.00674062 0.015214 0.0208946 0.0226573 0.0212682 0.0188322 0.0169816 0.0157624 0.01456 0.0132451 0.0119483 0.0105719 0.00896132 0.00706269 0.00486911 0.00251759 0.000474265 -0.000289577 0.00155856 0.00658968 0.0128345 0.0159723 0.0132263 0.00653908 -3.09457e-05 -0.00475033 
-0.0149804 -0.0150457 -0.0116172 -0.00426768 0.0050165 0.0135179 0.0191116 0.0205401 0.018149 0.0141629 0.010877 0.00895288 0.00801579 0.00777273 0.0079549 0.00803985 0.00753328 0.00629929 0.00457058 0.00269494 0.0008862 -0.000576443 -0.000809824 0.00130168 0.00493602 0.00629895 0.00243891 -0.00455194 -0.0102354 -0.0132924 
-0.0196349 -0.0194743 -0.0164956 -0.010596 -0.00322261 0.00418895 0.0102997 0.0133271 0.0124537 0.00925815 0.00609774 0.00397602 0.00290391 0.0028871 0.00373547 0.00471026 0.00494308 0.00421761 0.00311233 0.00216837 0.00113384 -0.000627738 -0.00281627 -0.00374439 -0.00266792 -0.00219119 -0.00545467 -0.011357 -0.0161034 -0.0184585 
-0.0183401 -0.0199197 -0.0194804 -0.0170213 -0.0133399 -0.00838772 -0.00222229 0.00325891 0.00589687 0.0058162 0.00446597 0.00264902 0.000859498 -9.74988e-05 0.000191063 0.00109383 0.00153431 0.00130007 0.0012076 0.00167934 0.00184918 0.000421522 -0.00267192 -0.00541447 -0.00572638 -0.00480002 -0.00589282 -0.00954732 -0.0133261 -0.0160261 
-0.0112257 -0.0157458 -0.019227 -0.0210075 -0.0213793 -0.0194885 -0.0142015 -0.00687112 -0.000464059 0.00343505 0.0046298 0.00325897 0.000368674 -0.00215319 -0.0031079 -0.00291905 -0.00271364 -0.0025876 -0.00162343 0.000236416 0.00159495 0.000974951 -0.00186191 -0.0051224 -0.00604443 -0.00435114 -0.00285379 -0.00339723 -0.00513307 -0.0075042 
0.000164034 -0.00697358 -0.0151965 -0.0219082 -0.0260921 -0.0266208 -0.0221118 -0.0135502 -0.00431619 0.00252581 0.00520645 0.00343422 -0.000920667 -0.00489811 -0.00682899 -0.00722773 -0.00733017 -0.00707424 -0.00541889 -0.00255536 -0.000176715 0.000220109 -0.00193307 -0.00556839 -0.00764075 -0.00616397 -0.00262474 0.000679323 0.00303676 0.0034977 
0.0160996 0.00743878 -0.00598412 -0.0184788 -0.0262916 -0.027971 -0.0230687 -0.0132261 -0.00249981 0.00491123 0.00652344 0.00258536 -0.00376236 -0.00872467 -0.0107455 -0.0109268 -0.0108622 -0.0104469 -0.00847234 -0.005095 -0.00205545 -0.000929983 -0.00280018 -0.0074225 -0.0115013 -0.0111312 -0.00585245 0.00218005 0.010687 0.0166516 
0.0371871 0.0269126 0.00813258 -0.0102145 -0.0213793 -0.023538 -0.0176263 -0.0066504 0.00425439 0.0100961 0.00863274 0.00145297 -0.00692751 -0.0122331 -0.0133983 -0.0123636 -0.0112758 -0.0102078 -0.00794035 -0.0045595 -0.00171814 -0.000879631 -0.0031801 -0.00869412 -0.0139625 -0.0137067 -0.00579671 0.00777733 0.023081 0.0348911 
0.0597936 0.0459774 0.0223262 -0.000435588 -0.0143883 -0.017659 -0.0118832 -0.000978373 0.00907814 0.0129578 0.00898725 -0.000200384 -0.00936447 -0.0140996 -0.0136826 -0.0105901 -0.00744368 -0.00474481 -0.0017005 0.00133947 0.00282061 0.00193272 -0.001345 -0.0063173 -0.00967392 -0.00644799 0.00566116 0.024381 0.0442642 0.0583345 
0.0747246 0.055811 0.0293371 0.00518756 -0.0101735 -0.0152842 -0.0114799 -0.00251876 0.00573378 0.00835573 0.0041065 -0.00440549 -0.0123275 -0.0154896 -0.0130776 -0.00741867 -0.00127819 0.00417728 0.00876293 0.0114954 0.0109924 0.00760808 0.00347544 0.00112147 0.00333423 0.0126158 0.0292997 0.050262 0.0693087 0.0792213 
0.0725367 0.0503587 0.0253796 0.00405189 -0.010131 -0.016252 -0.0149384 -0.00914215 -0.0036536 -0.00217131 -0.00548887 -0.0117467 -0.0173075 -0.0186169 -0.0145248 -0.00665131 0.00241184 0.0107115 0.016899 0.0195302 0.0177337 0.0130377 0.00955901 0.0116519 0.0211753 0.0368633 0.0557612 0.0737519 0.0852626 0.0852981 
0.0523212 0.0326804 0.0151944 0.00105243 -0.00929091 -0.014933 -0.0155258 -0.0130161 -0.0107643 -0.0109472 -0.0138334 -0.018394 -0.022372 -0.0229548 -0.0186157 -0.0101511 4.2673e-05 0.00929902 0.0156029 0.0179302 0.0164518 0.0132976 0.0130434 0.0204494 0.0360015 0.055057 0.0719164 0.0820399 0.0817766 0.0705392 
0.0256078 0.0152965 0.0104527 0.00626079 0.000569111 -0.00470979 -0.00734625 -0.00807128 -0.00914334 -0.0115613 -0.0151873 -0.0197327 -0.02408 -0.0258883 -0.0231986 -0.0162311 -0.00740242 0.000179195 0.00461807 0.00609834 0.00606074 0.00656463 0.0109797 0.0227107 0.0407882 0.0590335 0.0708571 0.0720298 0.0612492 0.0428457 
0.00945313 0.01183 0.0204694 0.0252677 0.0221486 0.015157 0.00947944 0.00544822 0.000951024 -0.00439744 -0.0100671 -0.0162972 -0.0227106 -0.0270585 -0.0270068 -0.0225896 -0.0163203 -0.011264 -0.00878391 -0.00777053 -0.00610347 -0.00212354 0.00582557 0.019129 0.0360686 0.0511634 0.0585024 0.0541598 0.0385764 0.0198279 
0.0126173 0.0258132 0.0435335 0.0522014 0.0472303 0.0358481 0.0265571 0.019918 0.0126173 0.00414989 -0.00444894 -0.0133357 -0.0222116 -0.0287616 -0.0307156 -0.0282927 -0.0238224 -0.0197065 -0.0167997 -0.0141359 -0.0100585 -0.00348996 0.00593409 0.0181106 0.0317618 0.0436824 0.049136 0.0437926 0.0287901 0.014327 
0.0270554 0.0467292 0.0675032 0.0740127 0.0628128 0.0449773 0.0321281 0.0245136 0.0166112 0.00661849 -0.00421165 -0.015121 -0.0250732 -0.0318643 -0.0340111 -0.0321601 -0.028043 -0.0229265 -0.0171623 -0.0104767 -0.00238283 0.00721932 0.0175166 0.0274705 0.0369241 0.0453895 0.0494778 0.0444458 0.0315741 0.0218916 
0.0348036 0.0583922 0.0794405 0.0815093 0.0628446 0.0380902 0.02183 0.0146962 0.00904732 0.000630917 -0.00985702 -0.0203985 -0.028883 -0.0335865 -0.034273 -0.0320078 -0.0277449 -0.0215782 -0.0131481 -0.00231147 0.0105673 0.0242297 0.0361945 0.0442958 0.0489193 0.051536 0.05074 0.0431645 0.0308705 0.0246892 
0.0261016 0.0537349 0.0763255 0.0764212 0.0532437 0.0237116 0.00481357 -0.00141192 -0.00345568 -0.00784455 -0.0150254 -0.0224684 -0.0276477 -0.0295112 -0.0287214 -0.0264088 -0.0228874 -0.0174875 -0.00905382 0.00327181 0.0191163 0.036063 0.0499017 0.0570512 0.0571074 0.0518794 0.0423164 0.028644 0.0150161 0.0115062 
0.0110634 0.0426277 0.0680847 0.069613 0.0468383 0.0170515 -0.00242385 -0.00849051 -0.00861072 -0.00937262 -0.0120572 -0.0151791 -0.017198 -0.0176211 -0.01701 -0.0159767 -0.014433 -0.0115469 -0.00577316 0.00449726 0.0193245 0.035984 0.049741 0.0564186 0.0542871 0.0439235 0.0274378 0.00848399 -0.00634752 -0.0074894 
0.0105856 0.0440536 0.0706249 0.0741364 0.0551372 0.0292267 0.0108147 0.00253479 -0.000225325 -0.000996934 -0.000807874 -0.000455276 -0.000674689 -0.0015032 -0.00262045 -0.00362919 -0.00414161 -0.00365637 -0.0010203 0.00526445 0.0153918 0.0272108 0.0373567 0.0430294 0.0422195 0.0336259 0.0180868 -0.00010321 -0.0130393 -0.0110506 
0.0367685 0.0708574 0.0954158 0.0983885 0.0825066 0.0604966 0.0417675 0.0275408 0.016956 0.0112271 0.0106251 0.012177 0.0124874 0.01061 0.00769805 0.00534102 0.00431789 0.00455859 0.00610766 0.0093567 0.014022 0.0188367 0.0229462 0.0265281 0.0288577 0.0271769 0.0195009 0.0084419 0.0021785 0.0106182 
0.0882372 0.124497 0.144472 0.141551 0.122671 0.099266 0.0766326 0.054353 0.0339227 0.0200857 0.0149012 0.0148382 0.0146299 0.0119196 0.00803366 0.00561516 0.00599109 0.00856773 0.0120114 0.015158 0.0169188 0.016675 0.0157081 0.0169628 0.0215662 0.0264625 0.0277552 0.0267631 0.0319516 0.0526884 
0.158076 0.197841 0.209439 0.191694 0.158898 0.126038 0.0974465 0.0700863 0.0436591 0.0228898 0.0115455 0.00783299 0.00624862 0.00295267 -0.00130458 -0.00326665 -0.000955906 0.00489371 0.011884 0.0174872 0.0199185 0.0188897 0.0166527 0.0172814 0.0229847 0.0316104 0.0399229 0.0499232 0.07041 0.10867 
0.22973 0.270185 0.268431 0.227719 0.171929 0.124416 0.091631 0.0664208 0.0421291 0.0197121 0.00403656 -0.00324983 -0.00613725 -0.00949211 -0.0137544 -0.0156649 -0.0124744 -0.00443695 0.00555966 0.0140092 0.0187067 0.0197654 0.0198739 0.0228285 0.0305018 0.0418837 0.0562405 0.0773472 0.113412 0.168374 
0.270061 0.305811 0.290501 0.229547 0.153919 0.0950225 0.062575 0.0457128 0.0303011 0.0119066 -0.00443605 -0.0133905 -0.0163966 -0.0187457 -0.0224867 -0.0248896 -0.0222672 -0.0138703 -0.00273119 0.00679679 0.0122836 0.0147505 0.0178272 0.0247638 0.0360266 0.0508353 0.0704784 0.0995599 0.144464 0.20631 
