0.622552 0.526991 0.394185 0.268981 0.177279 0.120267 0.0832266 0.0497371 0.0127783 -0.0230596 -0.0481056 -0.0563037 -0.0490495 -0.032811 -0.014564 0.000729223 0.0101812 0.0128103 0.0100307 0.00533549 0.00246498 0.00410304 0.0133335 0.0366753 0.0849014 0.169093 0.292039 0.438019 0.569403 0.640088 
0.640284 0.539324 0.40167 0.273494 0.179981 0.121072 0.0816254 0.04596 0.00829709 -0.0260969 -0.0480099 -0.0526038 -0.0424065 -0.0243737 -0.00535848 0.00996417 0.0187457 0.019811 0.0145246 0.00673515 0.000770831 -0.000258126 0.00684832 0.0287641 0.0770258 0.164088 0.293555 0.448346 0.587205 0.660532 
0.569531 0.47915 0.357277 0.244772 0.162657 0.109661 0.0721782 0.0373706 0.00185221 -0.0284778 -0.0455949 -0.0464904 -0.034816 -0.0174465 -0.000342186 0.012833 0.0198682 0.0197585 0.0137867 0.00568988 -0.000378446 -0.00180923 0.00358284 0.0211774 0.0616125 0.137439 0.253356 0.39409 0.520985 0.587837 
0.442655 0.373485 0.28097 0.196438 0.134717 0.0933327 0.0611911 0.0293409 -0.00258346 -0.027944 -0.0401528 -0.0382852 -0.0270622 -0.0128592 -0.000125964 0.00912133 0.013841 0.0134667 0.00905134 0.0036767 0.000592649 0.00118578 0.00589747 0.0179072 0.0458086 0.101212 0.189919 0.300671 0.401959 0.455929 
0.30546 0.260212 0.200185 0.146537 0.107864 0.0804395 0.0553547 0.0271565 -0.00160071 -0.0232733 -0.0322915 -0.0294957 -0.0205176 -0.0111318 -0.00412608 0.000372843 0.00277419 0.00311801 0.0021078 0.00175296 0.003888 0.00830386 0.0135167 0.0203606 0.0350754 0.0678837 0.125549 0.201579 0.273264 0.312687 
0.190096 0.165435 0.132942 0.105782 0.0878319 0.07412 0.0567048 0.0321883 0.00528015 -0.0151435 -0.0236626 -0.0220364 -0.01645 -0.0122231 -0.0108498 -0.010863 -0.0104872 -0.00900944 -0.00603446 -0.000709562 0.00726844 0.0161274 0.0227026 0.0258087 0.0295359 0.0427286 0.0730044 0.1184 0.16435 0.191627 
0.106711 0.0967022 0.0834334 0.075341 0.0736354 0.0721741 0.0626391 0.0420129 0.0160855 -0.00507687 -0.0153933 -0.0165376 -0.0147101 -0.0149239 -0.0179836 -0.0215075 -0.0228124 -0.020631 -0.0147154 -0.00506102 0.00748693 0.0200491 0.0282725 0.0293619 0.0254932 0.0242317 0.0339906 0.0567152 0.0842718 0.103554 
0.0519105 0.050426 0.0482147 0.0518817 0.0616695 0.0704236 0.0686104 0.0524245 0.0277417 0.0053954 -0.00757583 -0.0120484 -0.0136765 -0.0171267 -0.0229883 -0.0287075 -0.0313814 -0.029533 -0.0229152 -0.0118097 0.00255449 0.0169571 0.0264829 0.0271091 0.0192257 0.00909486 0.00571045 0.0140773 0.0305495 0.0455684 
0.0190685 0.020917 0.0231954 0.0325361 0.0492385 0.0654518 0.0703717 0.059029 0.0366827 0.0142112 -0.000690455 -0.0078849 -0.0120726 -0.0173829 -0.0244119 -0.0310096 -0.0347343 -0.0343288 -0.0294628 -0.0201268 -0.0071249 0.00676384 0.0167083 0.0179279 0.00925519 -0.00444135 -0.0141181 -0.0128865 -0.00174983 0.0113795 
0.00196695 0.00366058 0.00604609 0.016545 0.0359601 0.056229 0.0658491 0.0589509 0.0398338 0.0187075 0.00335791 -0.00519802 -0.0105407 -0.0161247 -0.0226814 -0.0288722 -0.0332071 -0.0349358 -0.0335399 -0.0282873 -0.0190368 -0.0076591 0.00157893 0.00370744 -0.00351317 -0.0165828 -0.0271034 -0.0276203 -0.017992 -0.00554171 
-0.00578668 -0.0055417 -0.00489808 0.0042849 0.0233585 0.0445141 0.0562899 0.0524492 0.0363636 0.0172365 0.00257274 -0.00593236 -0.0107996 -0.0148924 -0.0193014 -0.0238187 -0.0281503 -0.032072 -0.0346763 -0.0342561 -0.0296058 -0.0216884 -0.0140779 -0.0114666 -0.0165434 -0.0269287 -0.0353552 -0.0347923 -0.0248353 -0.0125409 
-0.0103523 -0.0111346 -0.0119803 -0.00450892 0.0129839 0.0331655 0.0450771 0.0425587 0.0283527 0.0108111 -0.00282726 -0.0103084 -0.0133204 -0.0144268 -0.0153706 -0.017261 -0.0209799 -0.0266213 -0.0326556 -0.0363495 -0.0356547 -0.030998 -0.0254713 -0.0232726 -0.0269889 -0.0349331 -0.041033 -0.0390924 -0.0287143 -0.0165635 
-0.0155278 -0.0165817 -0.0179534 -0.011459 0.00471993 0.0236833 0.0350216 0.032799 0.0194413 0.00282996 -0.00984544 -0.01586 -0.0163767 -0.0139761 -0.0111905 -0.0103212 -0.0131119 -0.0196741 -0.0277888 -0.0339497 -0.0357478 -0.0335761 -0.0303286 -0.029606 -0.0334524 -0.0403908 -0.0453274 -0.0429606 -0.0329466 -0.0213713 
-0.0216619 -0.0229769 -0.0245058 -0.018383 -0.00278334 0.0156983 0.0270128 0.0253263 0.0128359 -0.00283957 -0.0144792 -0.019048 -0.0174531 -0.0124096 -0.00701612 -0.00423857 -0.00612595 -0.0125753 -0.0209454 -0.0275859 -0.0303852 -0.0301085 -0.0295091 -0.0313487 -0.0367041 -0.0438764 -0.0485254 -0.0463317 -0.0372302 -0.0267782 
-0.0267208 -0.0288917 -0.0309904 -0.025351 -0.0100753 0.00855743 0.0207605 0.0206369 0.00999998 -0.00395954 -0.0142269 -0.017725 -0.0152392 -0.00943876 -0.00342581 -5.7895e-05 -0.00109978 -0.00619977 -0.0128637 -0.0181364 -0.0208523 -0.0223448 -0.0250173 -0.0303937 -0.0381685 -0.0460865 -0.0504386 -0.048097 -0.039701 -0.0305712 
-0.0278207 -0.0311635 -0.0343701 -0.0299272 -0.0157103 0.00259871 0.0157367 0.0178128 0.0100581 -0.00119151 -0.00962239 -0.0124573 -0.0103839 -0.00567443 -0.000786494 0.00222673 0.00226395 -0.000247341 -0.00357305 -0.00612091 -0.00804615 -0.011251 -0.0175647 -0.0269967 -0.0375981 -0.0463314 -0.0500184 -0.0468614 -0.0385271 -0.0303781 
-0.0221403 -0.0262757 -0.0308205 -0.0286576 -0.0173159 -0.00135913 0.0111379 0.0147319 0.0100528 0.00214622 -0.00393493 -0.00608201 -0.0049222 -0.00207117 0.00107877 0.00364109 0.00525946 0.0061958 0.00707592 0.0079512 0.00739927 0.00305305 -0.0063664 -0.0194732 -0.0327154 -0.0421598 -0.044995 -0.0406628 -0.0318588 -0.0240432 
-0.00801673 -0.0124085 -0.0184674 -0.0199068 -0.0139006 -0.00334488 0.00571341 0.00896658 0.00663973 0.00219997 -0.0010175 -0.00188915 -0.00108404 0.000456829 0.00243639 0.00509807 0.00870142 0.0132158 0.018218 0.02254 0.0238897 0.0195763 0.00860063 -0.00674235 -0.0216449 -0.0313143 -0.0331228 -0.0275077 -0.0179773 -0.00997208 
0.0135872 0.00889724 0.000837727 -0.00545805 -0.00691495 -0.00444673 -0.00142699 -0.000415085 -0.00135582 -0.00251973 -0.00255929 -0.00147828 -3.54221e-05 0.00137074 0.00324234 0.00659292 0.0120656 0.019394 0.0274909 0.0345553 0.0379514 0.0348573 0.0242894 0.00887677 -0.00586821 -0.0145491 -0.0146565 -0.00740412 0.00307632 0.0114505 
0.0385786 0.0330815 0.0225086 0.0108208 0.00117543 -0.00541521 -0.00947229 -0.0115561 -0.0116889 -0.00995149 -0.00702309 -0.003913 -0.00131824 0.000819124 0.00337273 0.00756886 0.0141198 0.02267 0.0319821 0.0402411 0.0449875 0.0435721 0.0349874 0.0217491 0.00940989 0.00347673 0.00625129 0.0159047 0.027774 0.0365766 
0.0610074 0.0546465 0.0418337 0.0255748 0.00894006 -0.00551512 -0.0157967 -0.0206516 -0.0202222 -0.0163021 -0.0113454 -0.00700366 -0.00359618 -0.000582103 0.00289665 0.00767631 0.0141416 0.0219265 0.0300927 0.0373536 0.041921 0.041722 0.0358661 0.0264174 0.0182644 0.0164471 0.0229848 0.0356962 0.0495255 0.0591076 
0.0754642 0.0692143 0.0555949 0.0369399 0.0161083 -0.00337416 -0.0177393 -0.0244492 -0.0238234 -0.0189707 -0.0135348 -0.00930818 -0.00594076 -0.00237765 0.00195442 0.00703047 0.0125174 0.0179725 0.023004 0.0272449 0.0299935 0.0301039 0.0268991 0.0216663 0.018042 0.0202272 0.0301249 0.0456904 0.0617788 0.0728335 
0.0792938 0.0746363 0.0621703 0.043842 0.0222581 0.00128633 -0.0145064 -0.0220376 -0.0218277 -0.0176387 -0.0134593 -0.0106914 -0.00818555 -0.00445152 0.000654222 0.00604438 0.0104406 0.0131721 0.0143928 0.0147871 0.0149135 0.0146464 0.0134306 0.0115114 0.0110214 0.0153506 0.026704 0.0437768 0.0617379 0.0748042 
0.0733171 0.0712178 0.0613867 0.0456699 0.0264488 0.00733922 -0.0073053 -0.014645 -0.0154188 -0.013325 -0.0118249 -0.0114685 -0.010333 -0.00667227 -0.000816731 0.00516048 0.00906144 0.00988401 0.00815733 0.00544571 0.00337387 0.00259011 0.00244834 0.00211282 0.00238876 0.00617904 0.0163972 0.0329218 0.0515893 0.0664598 
0.0605469 0.0610761 0.0545492 0.0429173 0.0283076 0.0135577 0.00197983 -0.00442035 -0.00655344 -0.00746219 -0.00943337 -0.0118963 -0.012287 -0.00881274 -0.00227049 0.00450545 0.00862477 0.00880075 0.00576634 0.00160761 -0.00147679 -0.00252736 -0.00244232 -0.00287383 -0.00387843 -0.00272353 0.00430295 0.0183451 0.0361274 0.0517694 
0.0440032 0.0469045 0.0440975 0.037584 0.0289909 0.0199177 0.012163 0.00673058 0.00279277 -0.00158019 -0.00718874 -0.0123509 -0.0140942 -0.0107941 -0.00372263 0.00374106 0.00831498 0.00862653 0.0055683 0.00140314 -0.00164814 -0.00276769 -0.00311216 -0.00468854 -0.00790198 -0.0100753 -0.00698486 0.00349727 0.0190424 0.0341723 
0.0255176 0.0309935 0.0327342 0.0324078 0.0306638 0.0275154 0.0231822 0.0179418 0.011522 0.00346144 -0.00552981 -0.0129088 -0.015611 -0.0124002 -0.00506886 0.00260481 0.00722342 0.00758635 0.0048147 0.00114054 -0.00158075 -0.00295376 -0.00429239 -0.00751162 -0.0129571 -0.0180211 -0.0184051 -0.011475 0.00127324 0.0151047 
0.00625807 0.0150216 0.0223829 0.0291364 0.0344973 0.0368061 0.0349839 0.029066 0.0197688 0.00823856 -0.00351156 -0.0124422 -0.0156975 -0.0125805 -0.00540834 0.00177633 0.0056839 0.00548151 0.00258419 -0.000885634 -0.0035901 -0.0056576 -0.00849139 -0.0136657 -0.0211988 -0.0285097 -0.0315113 -0.027499 -0.0173664 -0.00490235 
-0.0120596 0.000267181 0.0134359 0.0270168 0.0387172 0.0455274 0.0455709 0.0390142 0.0276168 0.013848 0.00056913 -0.00906491 -0.012571 -0.00975175 -0.00327881 0.00276604 0.00538282 0.00416218 0.000772976 -0.0027993 -0.00571444 -0.00862998 -0.013098 -0.0203671 -0.030018 -0.0393593 -0.0445428 -0.0430127 -0.0352617 -0.0240953 
-0.0267348 -0.0121749 0.00496006 0.0231353 0.0390165 0.0489239 0.0507273 0.044812 0.03354 0.0199597 0.00709594 -0.00214579 -0.0056545 -0.00346219 0.00180246 0.00637356 0.00768745 0.00566265 0.00205073 -0.00133643 -0.00404845 -0.00721565 -0.0126693 -0.0215436 -0.0330768 -0.0444097 -0.0518517 -0.0529951 -0.0479936 -0.0387323 
-0.0348472 -0.0211457 -0.00384698 0.0150163 0.0318863 0.0431698 0.0468829 0.0434522 0.0351129 0.0245498 0.0142198 0.00647409 0.00315313 0.00438601 0.00810042 0.0112472 0.0117878 0.00976127 0.00674319 0.0043181 0.00271747 0.000513409 -0.00444517 -0.0134429 -0.0256929 -0.0383677 -0.0479576 -0.0521251 -0.0506559 -0.0446487 
-0.03458 -0.0252646 -0.0120376 0.00342079 0.018142 0.0291481 0.0347417 0.0350801 0.031597 0.0258825 0.0193443 0.0136377 0.0104621 0.0104296 0.012425 0.0143923 0.0148099 0.0135886 0.0118722 0.0109844 0.011178 0.0110652 0.00832867 0.00134075 -0.00952641 -0.0218838 -0.0325711 -0.0393047 -0.0415497 -0.0398809 
-0.0262051 -0.0233595 -0.0169217 -0.00748393 0.00310962 0.0126801 0.0197091 0.0237834 0.0251798 0.0241705 0.0211032 0.0170406 0.0136481 0.0121225 0.0123952 0.0134125 0.0140452 0.0138744 0.0134613 0.0138991 0.0157366 0.018047 0.0186462 0.0155051 0.00821513 -0.00164832 -0.0114502 -0.0190371 -0.0237685 -0.0261024 
-0.0122677 -0.0155875 -0.0161454 -0.0131171 -0.00705625 0.000575624 0.00821609 0.0147052 0.0192068 0.0209884 0.0197654 0.016304 0.0122784 0.00930813 0.00811526 0.00838328 0.00917776 0.0096675 0.00985046 0.0106902 0.0132468 0.0173876 0.0213634 0.0228213 0.0204284 0.01478 0.00790739 0.00173015 -0.00327253 -0.00782263 
0.00293522 -0.00446626 -0.0101866 -0.0121731 -0.00985114 -0.00414604 0.00317736 0.0102359 0.0154182 0.0175785 0.0163842 0.0126196 0.00791956 0.00399831 0.00191705 0.00170523 0.00244535 0.00295683 0.00284865 0.00308372 0.00530072 0.0102662 0.0168441 0.0225191 0.0251064 0.0242292 0.021296 0.0179387 0.0143964 0.00960566 
0.0144038 0.00535944 -0.0029408 -0.00781476 -0.00794214 -0.00385202 0.00253263 0.00883084 0.0130621 0.014149 0.0120955 0.00786406 0.00295702 -0.00112059 -0.00337049 -0.00373878 -0.003205 -0.00312742 -0.0040428 -0.00489241 -0.00356309 0.00146225 0.00965714 0.0185078 0.0251596 0.0283278 0.0287666 0.0278521 0.025808 0.0215708 
0.0180969 0.00913552 0.000467188 -0.00533734 -0.0066714 -0.00370955 0.00171873 0.00707815 0.0102888 0.0104566 0.00791487 0.00376295 -0.000677598 -0.00421768 -0.0060982 -0.00638136 -0.00608276 -0.00654142 -0.00822987 -0.00997193 -0.00941329 -0.00461708 0.00433577 0.0150467 0.024222 0.0297802 0.0318039 0.0315 0.0294505 0.0251418 
0.0128658 0.00475596 -0.00295568 -0.00838185 -0.0100022 -0.00760382 -0.00259996 0.0026377 0.0059951 0.00653846 0.00461796 0.00131292 -0.00218297 -0.00487817 -0.00619977 -0.00631352 -0.00620022 -0.00703402 -0.00910777 -0.0111863 -0.0109626 -0.00647402 0.00240643 0.0134824 0.0233216 0.0292943 0.0308972 0.0292317 0.0254538 0.0199649 
0.00133405 -0.00587141 -0.0122807 -0.0168768 -0.0183652 -0.0160702 -0.0107608 -0.00448703 0.000502574 0.00288394 0.00265141 0.000726184 -0.00169066 -0.00357817 -0.00440263 -0.00437345 -0.00438352 -0.00537191 -0.00742758 -0.00936128 -0.0091761 -0.00521422 0.0026597 0.0125555 0.0212723 0.0260357 0.0259743 0.0220694 0.0159188 0.00875975 
-0.0113892 -0.0180534 -0.0236701 -0.0278758 -0.0294521 -0.0271435 -0.0210021 -0.0127909 -0.00508422 9.96425e-05 0.00214374 0.00176314 0.000319034 -0.000943876 -0.00142263 -0.00133848 -0.0014757 -0.0025179 -0.00437317 -0.00599696 -0.00586737 -0.00281063 0.00322493 0.0107631 0.0171676 0.0199413 0.0181133 0.0124743 0.00467723 -0.00366063 
-0.0204219 -0.0270264 -0.0328177 -0.0376591 -0.0400848 -0.0381276 -0.0311451 -0.0207269 -0.00993688 -0.001661 0.00275847 0.00383291 0.0031732 0.00233446 0.00202343 0.00201399 0.0016407 0.000475806 -0.00124039 -0.00265763 -0.00275953 -0.000861199 0.00301427 0.00785606 0.0117473 0.0127136 0.00987441 0.00377377 -0.00424337 -0.0126987 
-0.0231558 -0.0299 -0.0365957 -0.0429893 -0.0471232 -0.0462709 -0.0391403 -0.0271629 -0.0138586 -0.00294291 0.00352526 0.00582763 0.00577733 0.00519588 0.00487904 0.00461012 0.00385311 0.00241464 0.000650643 -0.000765595 -0.00122226 -0.00039153 0.0016912 0.00443794 0.00657512 0.00662894 0.00384145 -0.00148456 -0.00843178 -0.0159419 
-0.0194639 -0.0258651 -0.0332984 -0.0413445 -0.04759 -0.0486814 -0.0427262 -0.0308323 -0.0166461 -0.00438731 0.00332693 0.00648141 0.00688832 0.00646076 0.00602987 0.00540976 0.0041888 0.00235015 0.000331355 -0.00129171 -0.00211784 -0.00197707 -0.000853434 0.000962057 0.00260028 0.00287246 0.00105684 -0.00271151 -0.00779603 -0.0135153 
-0.0108581 -0.0157091 -0.0227107 -0.0315233 -0.0395801 -0.0431814 -0.039902 -0.0302631 -0.0175166 -0.0058389 0.00190274 0.00534676 0.00602426 0.00568445 0.00510329 0.00413132 0.00245124 0.000142623 -0.0023015 -0.00429121 -0.00542222 -0.0054992 -0.00443459 -0.00239905 -0.000139815 0.00119786 0.000850003 -0.00107808 -0.00394283 -0.00719661 
0.000104089 -0.00185524 -0.00690017 -0.0151192 -0.0241662 -0.0302978 -0.0306594 -0.0249975 -0.0157197 -0.00643111 0.000100448 0.00318949 0.00387375 0.00352083 0.00276162 0.00146984 -0.000615647 -0.00338499 -0.00630356 -0.00868092 -0.00996566 -0.00983773 -0.00817521 -0.00520904 -0.00178866 0.000847158 0.00191087 0.00164862 0.000979131 0.00057325 
0.0100467 0.0115042 0.00932226 0.00277543 -0.00627457 -0.0142874 -0.0181461 -0.0168439 -0.0117887 -0.00574434 -0.00113978 0.0011143 0.00153122 0.00103282 7.23494e-05 -0.0014673 -0.00381852 -0.00687806 -0.0100919 -0.0126664 -0.013886 -0.0133037 -0.0108132 -0.00680921 -0.00233632 0.00126125 0.00324097 0.00408826 0.00511032 0.00725284 
0.0154558 0.0195081 0.0199518 0.0154728 0.00733549 -0.00133134 -0.00739907 -0.00934449 -0.00773855 -0.00455341 -0.00181194 -0.000508266 -0.000501243 -0.00120812 -0.00231086 -0.00391835 -0.00624712 -0.00922242 -0.0123281 -0.0147685 -0.0157702 -0.0148172 -0.0118076 -0.00723676 -0.00226091 0.00173405 0.0040429 0.00528905 0.00704991 0.010565 
0.0140767 0.0190031 0.0210336 0.0184944 0.0120266 0.00415708 -0.00225343 -0.00549533 -0.00563754 -0.0041092 -0.00258946 -0.00201479 -0.00237867 -0.00324596 -0.00434997 -0.00577645 -0.00772507 -0.0101684 -0.0127154 -0.0147348 -0.0155722 -0.0147203 -0.0119886 -0.0077372 -0.00299107 0.000918113 0.00319498 0.00429554 0.00575392 0.00901854 
0.00618218 0.010455 0.0130883 0.0122662 0.00800294 0.00210177 -0.00302873 -0.00575103 -0.00595474 -0.00481196 -0.00376923 -0.00360276 -0.00423178 -0.00519863 -0.00621018 -0.00730414 -0.00864922 -0.0102753 -0.0119924 -0.013484 -0.0143834 -0.0142682 -0.0127465 -0.00976619 -0.00594113 -0.00244958 -0.000326378 0.000388419 0.000849173 0.00258935 
-0.00533816 -0.00226214 0.000640883 0.00147014 -0.000382358 -0.00382141 -0.00688797 -0.00810643 -0.00738611 -0.00585522 -0.00482913 -0.00487758 -0.00572951 -0.00681406 -0.00777174 -0.0085738 -0.00934096 -0.0101537 -0.0110444 -0.0120707 -0.0132336 -0.0142412 -0.0144521 -0.0132687 -0.010764 -0.00791696 -0.00605378 -0.00583302 -0.0066218 -0.00686984 
-0.0162844 -0.0140547 -0.0106678 -0.00820838 -0.00786956 -0.00910958 -0.0102608 -0.00995545 -0.00818107 -0.00611873 -0.00501398 -0.00523953 -0.00632117 -0.0075699 -0.00856546 -0.00921608 -0.00958813 -0.00979187 -0.0100406 -0.0107096 -0.0121187 -0.0140911 -0.0157755 -0.0161339 -0.0148333 -0.0127273 -0.0113732 -0.0118848 -0.013995 -0.0160775 
-0.023084 -0.0211416 -0.0170604 -0.0132282 -0.0113192 -0.0111308 -0.011104 -0.00988617 -0.0075085 -0.00519088 -0.00412269 -0.00453208 -0.00581063 -0.00720574 -0.00826866 -0.0088622 -0.00900217 -0.00880203 -0.00857732 -0.00888813 -0.0102279 -0.012467 -0.0146492 -0.0155842 -0.0148714 -0.0134164 -0.0128987 -0.0145512 -0.0181155 -0.0217335 
-0.0242019 -0.0223534 -0.0177958 -0.0132065 -0.0105604 -0.00981651 -0.00943998 -0.00806037 -0.00569379 -0.00352115 -0.00265688 -0.00325711 -0.00468409 -0.00618894 -0.00731587 -0.00788726 -0.00786724 -0.0073446 -0.00665399 -0.00639743 -0.00708999 -0.00859839 -0.0100124 -0.0103219 -0.00940275 -0.00836961 -0.00890256 -0.0120256 -0.0171548 -0.0220837 
-0.0203751 -0.0188926 -0.0145048 -0.00997285 -0.0073432 -0.00665082 -0.00644078 -0.00538916 -0.00347474 -0.00176668 -0.00128086 -0.0021608 -0.00381874 -0.00553958 -0.00684198 -0.00748284 -0.00735954 -0.00650806 -0.00521355 -0.00401774 -0.00338223 -0.00320887 -0.00281698 -0.00161976 6.88314e-05 0.000924253 -0.000596437 -0.00511817 -0.011613 -0.0175894 
-0.0140271 -0.0134411 -0.0100075 -0.00622395 -0.00398587 -0.00342634 -0.00334578 -0.00262001 -0.00123455 -0.000122001 -0.000182744 -0.00156122 -0.00372872 -0.00597521 -0.00773971 -0.00867065 -0.0085778 -0.00742208 -0.00539507 -0.00293578 -0.000476058 0.00191952 0.00453438 0.0074564 0.0100174 0.0108578 0.00870714 0.00334569 -0.00390379 -0.0105268 
-0.00843014 -0.00931427 -0.00743854 -0.00467149 -0.00261576 -0.00163232 -0.00103471 -0.000106362 0.0010712 0.00169634 0.00101284 -0.00108138 -0.00406168 -0.00716295 -0.00969345 -0.0111637 -0.0112867 -0.00994372 -0.00722407 -0.00347593 0.000822421 0.00531376 0.00980822 0.0139884 0.017079 0.0179287 0.0156141 0.0101667 0.00288272 -0.00403642 
-0.00650796 -0.00932469 -0.00922285 -0.00720764 -0.00459498 -0.00218443 -6.72658e-05 0.00188187 0.00341714 0.00387828 0.00270543 -8.85993e-05 -0.00391627 -0.00792054 -0.0112736 -0.0133568 -0.0137984 -0.0124209 -0.00924574 -0.00457912 0.000996958 0.00680394 0.0122467 0.0167984 0.0198272 0.0205548 0.0183719 0.0133261 0.00636297 -0.000859524 
-0.00930065 -0.0142473 -0.0157156 -0.013855 -0.00985237 -0.00514045 -0.000719402 0.00290318 0.00532877 0.00606522 0.00478362 0.00165345 -0.00264934 -0.00719273 -0.0110612 -0.0135493 -0.0142268 -0.0128956 -0.00958046 -0.00461502 0.00131607 0.00732889 0.0126267 0.0166764 0.019107 0.0195047 0.0174451 0.0127871 0.0059497 -0.00197234 
-0.0152158 -0.0221365 -0.0247425 -0.0225554 -0.0168401 -0.00970281 -0.00292912 0.0025014 0.00611757 0.00757799 0.00673096 0.00386323 -0.000292391 -0.00478143 -0.00866736 -0.011202 -0.0119118 -0.0106102 -0.00740421 -0.00272715 0.00268223 0.00794631 0.0123274 0.0154164 0.017037 0.0169714 0.0148315 0.0102148 0.00304212 -0.00601051 
-0.02105 -0.0295419 -0.0329412 -0.0304231 -0.0234389 -0.0146 -0.00614338 0.000752013 0.00561302 0.00815119 0.00824786 0.00619949 0.0027284 -0.00124283 -0.00480033 -0.00716516 -0.00780242 -0.00653118 -0.00358138 0.000473538 0.00490331 0.00902801 0.0123536 0.0145964 0.0155834 0.0150835 0.0126836 0.00781346 5.5864e-05 -0.0101819 
-0.0240357 -0.03366 -0.0377398 -0.0352696 -0.0278436 -0.018314 -0.00904022 -0.0012029 0.0047262 0.00840452 0.00962957 0.0086146 0.00599672 0.00261449 -0.000655187 -0.00297529 -0.00369687 -0.00259407 1.24681e-05 0.00343648 0.00700649 0.0102988 0.0130535 0.0149787 0.0157133 0.0149169 0.0122363 0.00712576 -0.00101777 -0.0120291 
-0.0232987 -0.0336249 -0.038281 -0.0361157 -0.0287713 -0.0191676 -0.00965858 -0.00141144 0.00507127 0.00940866 0.0113688 0.0110899 0.0090605 0.00596738 0.00264163 2.04921e-05 -0.00107801 -0.000322384 0.001956 0.00503864 0.0083297 0.0115609 0.0145109 0.0166905 0.0174712 0.0164743 0.0135838 0.00845979 0.000389347 -0.0107729 
-0.0199787 -0.0303935 -0.0351662 -0.0330334 -0.0256602 -0.0160279 -0.0065591 0.00148999 0.00759879 0.0115372 0.0132868 0.0130325 0.0110819 0.00789448 0.00423176 0.00114564 -0.000371284 0.000125359 0.00233919 0.00557325 0.00927133 0.01315 0.0168175 0.0194891 0.0203256 0.0190426 0.0158922 0.0108537 0.00318213 -0.00758714 
-0.0163046 -0.0258517 -0.0298572 -0.0270795 -0.0192493 -0.00946254 -0.000317881 0.00676956 0.0113574 0.0136315 0.0140744 0.0130776 0.0107839 0.00738481 0.003534 0.00034794 -0.00108786 -0.000300447 0.00239592 0.00628051 0.0107506 0.0154034 0.019655 0.0225309 0.0231161 0.021259 0.0175571 0.0123722 0.0051146 -0.00484115 
-0.0142904 -0.0217999 -0.0240559 -0.0200549 -0.0116091 -0.00188311 0.00637677 0.0116611 0.0137574 0.0134576 0.011893 0.00974732 0.00704713 0.00373208 0.000306109 -0.00216053 -0.00263483 -0.00075013 0.0030425 0.00787396 0.0129897 0.0178781 0.0219526 0.0243232 0.0241474 0.0213306 0.0166688 0.0109428 0.00398723 -0.00471993 
-0.0147501 -0.0191849 -0.0189814 -0.013609 -0.00491539 0.0040555 0.0106173 0.0133669 0.0124772 0.00938495 0.00580366 0.00265155 -0.000141273 -0.00284878 -0.00515151 -0.00613474 -0.00493044 -0.00135311 0.00393657 0.00980993 0.0152594 0.0196904 0.0227151 0.0237918 0.0222926 0.0181303 0.0121798 0.00564704 -0.00101224 -0.00799859 
-0.0171205 -0.0178357 -0.0148187 -0.00823796 7.02024e-05 0.00743366 0.0115367 0.0113386 0.00750313 0.0020144 -0.00304981 -0.00670832 -0.00917178 -0.0109123 -0.0118058 -0.0111201 -0.00813463 -0.00277856 0.00412435 0.0111494 0.0169333 0.0207115 0.0222903 0.0215604 0.0182386 0.0123533 0.00489006 -0.00253943 -0.00883291 -0.0137764 
-0.0201373 -0.0169069 -0.0109567 -0.00334692 0.00410006 0.00930755 0.0106338 0.00760105 0.00134993 -0.00579514 -0.0116576 -0.015372 -0.0173425 -0.0182213 -0.018036 -0.0161541 -0.0118654 -0.00505965 0.00338294 0.0117563 0.018252 0.0217589 0.0220804 0.0194379 0.0139751 0.0060448 -0.00311042 -0.0114976 -0.0174536 -0.0203382 
-0.0229276 -0.0159271 -0.00716216 0.00134136 0.00778001 0.0108313 0.00973969 0.00465617 -0.00298087 -0.0108306 -0.0168878 -0.0205043 -0.022234 -0.0228019 -0.0222585 -0.0199298 -0.0149888 -0.00720842 0.0025063 0.0121867 0.0195791 0.023156 0.022565 0.0182123 0.0106455 0.000637887 -0.0102282 -0.0196085 -0.0253611 -0.0264246 
-0.0256667 -0.0156317 -0.00465118 0.00444858 0.00995412 0.011356 0.0088417 0.00311388 -0.00439721 -0.0117507 -0.0174011 -0.0209461 -0.0229161 -0.0238669 -0.023665 -0.0214817 -0.016384 -0.00813568 0.00223762 0.0125372 0.020235 0.0235804 0.02215 0.0164714 0.00734041 -0.00421531 -0.0163958 -0.0265791 -0.0322009 -0.0318194 
-0.029042 -0.017438 -0.00552034 0.00354149 0.00826276 0.00885012 0.00628535 0.00163661 -0.00399081 -0.00946108 -0.0139772 -0.0173962 -0.019994 -0.0218493 -0.022427 -0.020711 -0.01581 -0.0076976 0.0023578 0.0120284 0.0188232 0.021142 0.0187386 0.0122613 0.00251054 -0.00957518 -0.0222385 -0.0327034 -0.0380898 -0.0367397 
-0.0327698 -0.0215394 -0.010437 -0.00232026 0.00173086 0.0024041 0.00114664 -0.000861642 -0.00307629 -0.00543893 -0.00811209 -0.0112266 -0.0146184 -0.0176436 -0.0192259 -0.0182005 -0.0138796 -0.00659302 0.00214714 0.0100672 0.0150107 0.0158092 0.012532 0.00588255 -0.00356504 -0.0152168 -0.0275062 -0.037588 -0.0424727 -0.04063 
-0.0346115 -0.0253747 -0.016661 -0.0104111 -0.00711105 -0.00580706 -0.00492896 -0.00343689 -0.0014909 -0.000206999 -0.00075936 -0.00352038 -0.00778277 -0.0120872 -0.014807 -0.0146983 -0.0113421 -0.00539282 0.00154275 0.00744241 0.0106176 0.0103192 0.00677771 0.000542474 -0.00816814 -0.0190595 -0.0305896 -0.0397802 -0.0437724 -0.0416156 
-0.031268 -0.0244433 -0.0187546 -0.0149749 -0.0128556 -0.0111907 -0.00840414 -0.00372977 0.00190105 0.00624648 0.0072628 0.00448055 -0.000798136 -0.00636698 -0.0101797 -0.0110074 -0.00867967 -0.00403694 0.00140339 0.00598426 0.00843106 0.00816945 0.00524308 -0.000216682 -0.00833745 -0.0188103 -0.0297086 -0.0377265 -0.0402977 -0.0374195 
-0.0207549 -0.0153067 -0.0119934 -0.010684 -0.0104199 -0.00954782 -0.0062798 -5.19335e-05 0.00746252 0.0130703 0.0141878 0.0105314 0.0040398 -0.00252809 -0.00696968 -0.00823354 -0.00640039 -0.00239724 0.00243642 0.00679467 0.0096709 0.0104211 0.00865356 0.00397475 -0.00393909 -0.0144062 -0.0247733 -0.0312801 -0.031722 -0.0271582 
-0.00412287 0.00178376 0.00427911 0.00377714 0.00168847 0.000309207 0.00198866 0.00731747 0.0140496 0.0183626 0.0176043 0.0120344 0.00424932 -0.00272095 -0.00688221 -0.00761299 -0.00533218 -0.00105002 0.00404757 0.00889706 0.0126168 0.0144193 0.013543 0.00927711 0.00138153 -0.00888246 -0.0181379 -0.0223398 -0.0197433 -0.012342 
0.0150368 0.0229234 0.026177 0.0248993 0.0205399 0.0159909 0.0143406 0.0164447 0.0198105 0.0204618 0.0161743 0.00801909 -0.000837008 -0.0074307 -0.0103493 -0.0096496 -0.00617978 -0.00104978 0.00464647 0.00994372 0.0139705 0.0158808 0.0148855 0.0104287 0.00271081 -0.00640763 -0.0131866 -0.0137961 -0.00719553 0.00388574 
0.0323902 0.0426888 0.0475229 0.0464006 0.0404232 0.0327559 0.0270789 0.0246424 0.0231316 0.0189545 0.0106706 0.00016144 -0.00911953 -0.014627 -0.01577 -0.0133549 -0.00861189 -0.00269595 0.00334895 0.00851806 0.0118588 0.0125994 0.0103169 0.00509381 -0.00212982 -0.00898987 -0.0118656 -0.00773951 0.00340053 0.018238 
0.0440117 0.0560372 0.0623304 0.0618233 0.0550705 0.0451319 0.0359314 0.0290905 0.0228262 0.0143504 0.00311159 -0.00848648 -0.0171414 -0.0210154 -0.0203573 -0.0165436 -0.0109725 -0.00473044 0.00116597 0.00558169 0.00744636 0.00616534 0.00190356 -0.00439696 -0.0109789 -0.0151248 -0.0136793 -0.00481134 0.0102926 0.0278895 
0.0467063 0.0591763 0.0662345 0.0663462 0.0595587 0.0486426 0.0374291 0.0277155 0.018336 0.00745206 -0.00470112 -0.0155743 -0.0224087 -0.0242177 -0.0219327 -0.0171989 -0.0113397 -0.00528021 -7.71085e-06 0.00323288 0.00332437 -9.076e-05 -0.00628769 -0.0136046 -0.0196798 -0.021654 -0.0169745 -0.00499902 0.0120664 0.0303772 
0.0389122 0.0505681 0.0577302 0.0584469 0.0524168 0.0421297 0.0310657 0.0208574 0.0107427 -0.000282484 -0.0113614 -0.0200328 -0.0242402 -0.0238069 -0.0201357 -0.0149072 -0.00924453 -0.00387817 0.000299723 0.002102 0.000543604 -0.00447097 -0.0118696 -0.0196703 -0.0253547 -0.0262401 -0.0204143 -0.00812989 0.00791649 0.0243217 
0.0222574 0.0322646 0.0393752 0.0412218 0.0372074 0.0294582 0.0208174 0.0123987 0.00357329 -0.00600143 -0.0149762 -0.0210421 -0.0227769 -0.0206144 -0.0162007 -0.01112 -0.0062833 -0.00222678 0.000375882 0.000643832 -0.00206618 -0.0075987 -0.0148244 -0.0219474 -0.0268745 -0.0275347 -0.0226906 -0.0130346 -0.00101834 0.0110284 
0.00173561 0.00975537 0.0172391 0.0214629 0.0213275 0.0181393 0.0136718 0.00832945 0.00162373 -0.00612595 -0.0131692 -0.0174138 -0.0179528 -0.015533 -0.0117339 -0.00788353 -0.00468441 -0.00251021 -0.0017362 -0.00274696 -0.00568774 -0.0101856 -0.0153394 -0.0200466 -0.0232543 -0.0239758 -0.0216606 -0.016899 -0.0111362 -0.00512366 
-0.0168001 -0.0107263 -0.00214255 0.00603426 0.0117906 0.0148251 0.0153045 0.0129789 0.00788903 0.00126221 -0.00482757 -0.00868404 -0.00988539 -0.00917679 -0.00766888 -0.00618754 -0.00521624 -0.0050815 -0.00593496 -0.00762447 -0.00970945 -0.0116014 -0.0128182 -0.0133441 -0.0136741 -0.0142957 -0.0153134 -0.0166982 -0.0182721 -0.0189593 
-0.0301035 -0.0256427 -0.015263 -0.00191499 0.0110641 0.0210303 0.0261437 0.0257435 0.0209518 0.0142442 0.00797103 0.00323179 -7.14645e-05 -0.00245683 -0.00424363 -0.00556355 -0.00672294 -0.00821084 -0.0101719 -0.0120097 -0.0126545 -0.0112182 -0.00761742 -0.00302334 0.000305304 0.000183574 -0.00416941 -0.0118378 -0.0207081 -0.0278454 
-0.0387773 -0.0354493 -0.0228998 -0.00410006 0.0160707 0.0323589 0.0409176 0.0409878 0.0351435 0.0272989 0.020091 0.0139898 0.00838897 0.00303096 -0.00161408 -0.00504801 -0.00752889 -0.00989438 -0.0124904 -0.0144324 -0.0140478 -0.0100091 -0.00235315 0.00688622 0.0139033 0.0148137 0.00798697 -0.0049626 -0.0201155 -0.0327953 
-0.0451506 -0.0427618 -0.0283903 -0.00510461 0.020732 0.0415639 0.0519571 0.0513123 0.0436413 0.0341997 0.0259737 0.0190163 0.0123187 0.00568843 -2.58913e-05 -0.00405928 -0.00676728 -0.00933312 -0.0123421 -0.0147821 -0.0145323 -0.00975558 -0.000202057 0.0118827 0.0217825 0.0242195 0.0165025 0.000324542 -0.0192476 -0.0361613 
-0.0499849 -0.0490813 -0.034284 -0.00867321 0.0202357 0.043236 0.0539032 0.0519083 0.0423583 0.0315298 0.0228393 0.0162653 0.0105269 0.00513752 0.000672062 -0.00233141 -0.00439002 -0.00679784 -0.0102101 -0.0135971 -0.0146466 -0.0111071 -0.00217315 0.0103398 0.0216556 0.0257948 0.0190614 0.00247207 -0.018898 -0.03843 
-0.0511126 -0.0528016 -0.0397484 -0.0146682 0.014304 0.0370185 0.0465871 0.0429406 0.0318417 0.0202181 0.0119519 0.00720968 0.00448154 0.00259966 0.00126895 0.000408906 -0.000618268 -0.00288654 -0.00684926 -0.0114615 -0.0144257 -0.0132892 -0.00673999 0.00412651 0.0152264 0.0208514 0.0168026 0.00288573 -0.0171432 -0.0373253 
-0.044918 -0.0500151 -0.0407305 -0.0189556 0.00716053 0.0272002 0.0342721 0.0285752 0.0161881 0.00435664 -0.00266648 -0.00448447 -0.00290178 -2.86202e-05 0.00265509 0.00429086 0.00420043 0.00175472 -0.0030875 -0.00915476 -0.0141722 -0.015644 -0.0120197 -0.00377937 0.00609682 0.0130498 0.0130767 0.0045953 -0.011003 -0.0296103 
-0.0291219 -0.037318 -0.0327694 -0.0163461 0.00436266 0.0194144 0.022473 0.0141371 0.000550565 -0.0110954 -0.0164545 -0.0150381 -0.00900164 -0.00140767 0.00511184 0.00897478 0.0094906 0.00646371 0.000283759 -0.00762383 -0.0148271 -0.0187363 -0.0177262 -0.0118697 -0.00301067 0.0057834 0.0110859 0.00998718 0.00115629 -0.0137221 
-0.00479065 -0.014377 -0.0141044 -0.0040137 0.00938343 0.0174982 0.0152601 0.00386311 -0.0107809 -0.0220384 -0.0258759 -0.0218717 -0.0124289 -0.00127492 0.00812815 0.0136511 0.0145193 0.0107221 0.00287297 -0.00733723 -0.0171096 -0.0235128 -0.0247032 -0.0203744 -0.0114469 0.000205627 0.0115878 0.0186626 0.0178057 0.00851439 
0.023579 0.015357 0.0130765 0.017093 0.022383 0.0225492 0.0144539 1.86235e-05 -0.0154302 -0.0263368 -0.0293536 -0.0241856 -0.0132107 -0.000326508 0.010655 0.0172716 0.0185155 0.0141921 0.00480891 -0.00779863 -0.020374 -0.029417 -0.0326128 -0.0291976 -0.0194601 -0.00462344 0.012471 0.0271019 0.0343191 0.0321228 
0.0496344 0.0456106 0.043212 0.0427057 0.0406721 0.0333109 0.019722 0.00257292 -0.0135997 -0.0245693 -0.0278304 -0.0231791 -0.0126782 9.55194e-05 0.0114502 0.0187809 0.0206961 0.0165083 0.00637746 -0.00783145 -0.0224692 -0.0335362 -0.0383252 -0.0357582 -0.025763 -0.00917762 0.0114318 0.0314211 0.0456085 0.0511851 
0.0672642 0.0690119 0.0687734 0.0662471 0.0592482 0.0462763 0.0284457 0.00908785 -0.00795918 -0.0196321 -0.0241533 -0.0213397 -0.012778 -0.0014099 0.00951912 0.0173997 0.0203891 0.0172132 0.00769522 -0.00625495 -0.020785 -0.0318662 -0.0370038 -0.0353051 -0.0265606 -0.0110905 0.00933597 0.030997 0.0493858 0.0614824 
0.072537 0.0794959 0.082648 0.0806542 0.0718112 0.0561112 0.0360772 0.0155154 -0.00221462 -0.014843 -0.0210788 -0.0206939 -0.0147574 -0.00544467 0.00461964 0.0129404 0.0173085 0.0160229 0.00879383 -0.00235069 -0.0136712 -0.021819 -0.0253357 -0.0240943 -0.0179033 -0.00635902 0.00997509 0.0288134 0.046932 0.0617926 
0.0654855 0.0754313 0.0818182 0.0819274 0.0738345 0.0582351 0.0384121 0.0183309 0.000927164 -0.0120879 -0.0197303 -0.0216737 -0.0184677 -0.0114896 -0.00265194 0.00583199 0.0116534 0.0130139 0.00973785 0.00388256 -0.00139475 -0.00407994 -0.00427446 -0.00284213 0.000367914 0.00646129 0.0159882 0.0280835 0.0411147 0.0537958 
0.0511695 0.0617846 0.0702877 0.0726027 0.0663788 0.0526272 0.0348951 0.0168997 0.000997911 -0.0115925 -0.0200648 -0.0239272 -0.0232442 -0.0186799 -0.0114395 -0.00325169 0.00386506 0.00837889 0.010294 0.0113556 0.0135902 0.0173036 0.0208694 0.0227266 0.0231516 0.0237563 0.0257638 0.0293691 0.0345386 0.0417 
0.0389963 0.0490344 0.0580547 0.0612754 0.0563886 0.0446964 0.0295649 0.0139874 -0.000424362 -0.0127718 -0.0221306 -0.0276836 -0.0291208 -0.0266963 -0.0211381 -0.0136184 -0.00553682 0.00212146 0.00948815 0.0176228 0.0270478 0.0363596 0.0428496 0.0448255 0.042968 0.0392601 0.0352374 0.0317875 0.030158 0.0322021 
0.0405891 0.0492758 0.0562854 0.0576028 0.0520391 0.0412828 0.027902 0.0135513 -0.00100218 -0.0147564 -0.0260854 -0.0335179 -0.0365112 -0.0354151 -0.0310059 -0.0241447 -0.0155661 -0.00559189 0.00604514 0.0196705 0.0344041 0.0475122 0.0557524 0.0577603 0.054825 0.0493129 0.0430004 0.037208 0.0337459 0.0346672 
0.0678387 0.0727973 0.0729581 0.067407 0.0575789 0.045621 0.0324633 0.0175934 0.00072454 -0.0165977 -0.0313603 -0.0410013 -0.0448236 -0.0437934 -0.0394054 -0.0327498 -0.0241975 -0.0134857 -6.77208e-05 0.0160568 0.0332519 0.048158 0.057518 0.0605214 0.0591298 0.0561893 0.0537851 0.0532653 0.0556505 0.0610628 
0.131463 0.126992 0.112161 0.0921676 0.0727317 0.056473 0.0417751 0.0250137 0.00441429 -0.0177772 -0.0367179 -0.0484404 -0.0521332 -0.0497387 -0.0439943 -0.0367756 -0.0285718 -0.0187917 -0.00646196 0.00871516 0.0252792 0.0401316 0.0505495 0.0564915 0.0607272 0.0667865 0.0770299 0.0918699 0.109236 0.124371 
0.237263 0.214898 0.174744 0.131252 0.0958299 0.0714358 0.0531228 0.0333998 0.00857066 -0.0185261 -0.0411906 -0.0540896 -0.0564477 -0.0513633 -0.0430028 -0.0343068 -0.0262924 -0.0184115 -0.00929687 0.00211357 0.0153611 0.028452 0.0398196 0.0506477 0.0649997 0.0875393 0.120721 0.162387 0.204155 0.232929 
0.377374 0.329414 0.255482 0.181496 0.125106 0.0892174 0.0650977 0.0412149 0.0119409 -0.019388 -0.044519 -0.0571833 -0.056974 -0.0482163 -0.0363769 -0.0253986 -0.0170273 -0.0111241 -0.0061458 -0.000111429 0.00799079 0.0178293 0.0295178 0.0460544 0.073557 0.118501 0.18328 0.261405 0.334982 0.379576 
0.521614 0.44621 0.337649 0.233116 0.155636 0.107488 0.0763559 0.0474051 0.0137228 -0.0207837 -0.0468115 -0.0578246 -0.0541807 -0.0413928 -0.0259127 -0.0124028 -0.00330966 0.000900475 0.0017334 0.00201896 0.00429411 0.00996623 0.0209191 0.0421982 0.0824553 0.150515 0.248794 0.365665 0.472354 0.532235 
