0.357582 0.330921 0.250834 0.154518 0.0746409 0.0237295 -0.000622535 -0.0069145 -0.00394246 0.00235375 0.00832819 0.0107818 0.00769583 0.000184007 -0.00828754 -0.0150181 -0.0194519 -0.0217574 -0.0216341 -0.0188387 -0.0132671 -0.00345964 0.0131633 0.0363913 0.0618264 0.0874158 0.120313 0.172542 0.246168 0.320498 
0.362157 0.343281 0.268834 0.173978 0.0922422 0.0385641 0.0124044 0.0054413 0.00776626 0.0124877 0.0161045 0.0162306 0.0114481 0.00294417 -0.00602918 -0.0129866 -0.0175367 -0.02003 -0.0203916 -0.0185967 -0.0145618 -0.00649008 0.0087152 0.0312778 0.0569889 0.0834006 0.116678 0.168378 0.241854 0.318794 
0.305204 0.300389 0.245571 0.167131 0.0945979 0.0443867 0.0194087 0.0134759 0.0164794 0.020406 0.0216982 0.0191864 0.0126333 0.00348624 -0.00540645 -0.011962 -0.0159773 -0.0180376 -0.0184438 -0.0173251 -0.0142372 -0.00697574 0.00719384 0.0276005 0.0496357 0.0706658 0.0956298 0.134787 0.193549 0.260322 
0.224835 0.23303 0.200297 0.14304 0.0847847 0.0417939 0.0200107 0.0160776 0.0205012 0.0243483 0.023851 0.0190494 0.0110526 0.00167884 -0.00663488 -0.0122282 -0.0150566 -0.0159174 -0.015485 -0.0140413 -0.0109165 -0.00392815 0.00872054 0.0251128 0.0404743 0.0528347 0.0666006 0.0903483 0.130551 0.182386 
0.158678 0.174564 0.157556 0.116925 0.0708817 0.0344327 0.0154346 0.0131337 0.0189316 0.0231624 0.0217315 0.0156081 0.00702982 -0.00188847 -0.00910426 -0.0133174 -0.0145543 -0.0137044 -0.0116786 -0.00893843 -0.00500152 0.00171638 0.011963 0.0231319 0.0310695 0.0352502 0.0403327 0.0533186 0.0801982 0.120074 
0.119026 0.137277 0.128212 0.0971914 0.0584845 0.0256247 0.00776492 0.00623601 0.013084 0.01795 0.016378 0.00995663 0.00172803 -0.00603489 -0.0117054 -0.0143502 -0.0140594 -0.0116946 -0.00814575 -0.00387727 0.00127289 0.00801134 0.0160679 0.0226139 0.0245593 0.0229905 0.0231941 0.0311184 0.0514642 0.0843123 
0.0987785 0.11551 0.10934 0.0836319 0.049346 0.0183849 0.000722318 -0.000755574 0.00654592 0.0118826 0.0105037 0.00429678 -0.00316481 -0.00949395 -0.0134775 -0.0146543 -0.013323 -0.0103016 -0.00619682 -0.00108198 0.00526638 0.0129345 0.0206506 0.0251078 0.0238118 0.0190081 0.0167412 0.0226698 0.0402126 0.0686181 
0.0879933 0.100385 0.0948396 0.0735191 0.0438937 0.015496 -0.00181866 -0.00402759 0.00260407 0.00777401 0.00651816 0.000552779 -0.00631108 -0.0115129 -0.0141388 -0.014264 -0.0125671 -0.00988965 -0.00642962 -0.00153618 0.00563286 0.0151294 0.0248304 0.0304042 0.0290014 0.0232759 0.0199784 0.0249844 0.0405419 0.0642784 
0.0811679 0.0876417 0.0820565 0.065579 0.0419848 0.017675 0.00130623 -0.00233368 0.00241827 0.00664502 0.00529403 -0.000555938 -0.00721636 -0.0119392 -0.0139246 -0.0137013 -0.0123605 -0.0107827 -0.00871803 -0.00468929 0.00297324 0.0145827 0.0274234 0.0361446 0.037152 0.0328812 0.0302499 0.0350287 0.0481589 0.0657898 
0.0750802 0.0758214 0.0703567 0.0589059 0.041973 0.0227819 0.00818062 0.00325555 0.00571734 0.00846997 0.00667172 0.00071999 -0.00607497 -0.0109123 -0.0130018 -0.0131648 -0.012809 -0.0127724 -0.0122757 -0.00905907 -0.00092638 0.0123412 0.0275867 0.0392279 0.0435964 0.0426951 0.042563 0.0477734 0.05782 0.0683742 
0.0661928 0.0631566 0.0586355 0.0520776 0.041635 0.0279171 0.0159677 0.0107683 0.0115056 0.0126807 0.0100098 0.00361342 -0.00357168 -0.0088616 -0.0114732 -0.012381 -0.0132032 -0.0146805 -0.0154803 -0.0127265 -0.00423253 0.00951937 0.0250007 0.0373939 0.0440698 0.046786 0.0498166 0.0555587 0.0622474 0.066298 
0.05231 0.0487216 0.0465755 0.0448116 0.0402433 0.0316457 0.0226126 0.0178864 0.0175741 0.01737 0.0136887 0.00670512 -0.000918792 -0.00668447 -0.00980947 -0.0112956 -0.0128594 -0.0151722 -0.0165654 -0.0139532 -0.00563012 0.006974 0.0201564 0.0304259 0.0368229 0.0412296 0.0461325 0.0517369 0.055584 0.0555154 
0.0348982 0.0340935 0.0356864 0.0382374 0.0381988 0.0334709 0.0266342 0.0221427 0.0208128 0.0194274 0.0150834 0.00796569 0.000389346 -0.00539595 -0.00862809 -0.010224 -0.0117915 -0.0138937 -0.0148769 -0.0120239 -0.00442648 0.00571402 0.0148089 0.0206801 0.0239639 0.0270307 0.031361 0.0358406 0.0379896 0.0370382 
0.0176674 0.0215375 0.0272117 0.0328156 0.0352523 0.0326049 0.0268633 0.0219876 0.0193199 0.0168119 0.0123049 0.00588257 -0.000656617 -0.00550377 -0.00809814 -0.00925938 -0.0102356 -0.0113036 -0.0110346 -0.00748835 -0.00064263 0.00682829 0.0115699 0.0122958 0.0107549 0.01002 0.0115533 0.0140395 0.0154837 0.016045 
0.00343863 0.0116967 0.0206175 0.0278149 0.0309806 0.0290642 0.023772 0.0182919 0.0141395 0.0104034 0.00585801 0.000643302 -0.00399278 -0.00692184 -0.00806439 -0.00824655 -0.00825277 -0.00795265 -0.00615361 -0.00168809 0.00481602 0.0105054 0.012164 0.00878202 0.00252898 -0.00293364 -0.00547846 -0.00568957 -0.00476676 -0.00216304 
-0.00619799 0.00468106 0.0154629 0.0233605 0.0266886 0.025207 0.0203209 0.0142686 0.00849529 0.00317351 -0.00176725 -0.00586448 -0.00838879 -0.00905522 -0.0083948 -0.00729722 -0.00617222 -0.00458038 -0.00151979 0.00369221 0.0102062 0.0152898 0.0157935 0.010487 0.00123937 -0.00818522 -0.0148416 -0.018038 -0.0180111 -0.0142259 
-0.00924123 0.00225039 0.0133629 0.0214139 0.0251306 0.024453 0.020056 0.0131957 0.00538212 -0.00199007 -0.00771408 -0.0109941 -0.011763 -0.0106566 -0.00867419 -0.00663852 -0.00469723 -0.00228909 0.00143326 0.00693859 0.0134632 0.0186296 0.0194855 0.0144748 0.0046981 -0.00660487 -0.0159942 -0.0214437 -0.0222256 -0.0180372 
-0.00438499 0.00625086 0.0161799 0.0236496 0.0278565 0.0281924 0.0240682 0.0159173 0.00572206 -0.00374488 -0.0101682 -0.0127456 -0.0123147 -0.0103795 -0.00811949 -0.00608032 -0.00417581 -0.00180313 0.00179461 0.00699876 0.0131958 0.0184666 0.0203061 0.0170618 0.00897215 -0.00170148 -0.0115319 -0.0174757 -0.0180184 -0.0132249 
0.00582253 0.0148727 0.022612 0.0287729 0.0331234 0.0341434 0.0298815 0.0203236 0.00820987 -0.00253191 -0.00903053 -0.0108899 -0.00983722 -0.00794454 -0.0063242 -0.00518082 -0.0042075 -0.00272796 2.18699e-06 0.00430447 0.00967536 0.0146751 0.0174176 0.0164091 0.0111993 0.00298403 -0.00521294 -0.00983956 -0.0089253 -0.00296465 
0.0153614 0.0225887 0.0279838 0.0325524 0.036509 0.0376411 0.0331654 0.0230078 0.0104871 1.44641e-06 -0.00573007 -0.0069104 -0.00575195 -0.00440304 -0.00378088 -0.00386398 -0.00417793 -0.00393899 -0.00240892 0.000629733 0.00475325 0.00901961 0.0121863 0.0130006 0.0105967 0.00538682 -0.000159447 -0.00257704 9.0008e-05 0.00698885 
0.0191639 0.0244153 0.0278835 0.0310573 0.0342681 0.0351754 0.0309504 0.021622 0.0105358 0.00178952 -0.00250783 -0.00304285 -0.00201173 -0.00125252 -0.00146629 -0.00253017 -0.0038482 -0.00455504 -0.00401005 -0.00219833 0.000511255 0.00369699 0.0067161 0.00850987 0.0080274 0.00532473 0.00236145 0.00197837 0.00560511 0.0121881 
0.0165116 0.0196682 0.0218088 0.0240963 0.0265982 0.0272772 0.0238105 0.0163205 0.00770785 0.00135333 -0.00128007 -0.00109202 2.92013e-06 0.000538276 -3.75877e-05 -0.00154309 -0.00327867 -0.00436431 -0.00434375 -0.00344589 -0.00200642 2.74767e-05 0.00253956 0.00461445 0.00513262 0.00407327 0.00299388 0.00384488 0.00721893 0.0120098 
0.0102001 0.0114587 0.012872 0.0148293 0.0168881 0.0174325 0.0148238 0.00925697 0.00303421 -0.00121922 -0.00246636 -0.00153505 -8.09431e-06 0.000851826 0.000498249 -0.000873556 -0.00250818 -0.00357526 -0.00377061 -0.00344151 -0.00287651 -0.00172631 0.000260541 0.00230807 0.00326979 0.00307916 0.00297119 0.00411155 0.00632395 0.00855494 
0.00304451 0.00297866 0.00413011 0.00609393 0.00791915 0.00837877 0.00649617 0.00253978 -0.00180774 -0.00463394 -0.00508961 -0.00364663 -0.00150785 9.65521e-05 0.000453677 -0.000335819 -0.00155894 -0.00247113 -0.00278667 -0.00274012 -0.00253789 -0.00181719 -0.000226253 0.00161695 0.00260748 0.00256804 0.00248223 0.00309742 0.00382952 0.00372261 
-0.00432165 -0.00505985 -0.00390095 -0.00176784 3.39082e-05 0.000551087 -0.000639311 -0.00317921 -0.0059947 -0.00787373 -0.00801811 -0.0063559 -0.00365161 -0.00117503 0.000102717 0.000102916 -0.000579378 -0.00128508 -0.0016285 -0.00157497 -0.00125899 -0.000591932 0.000582714 0.00182451 0.00223682 0.00156583 0.000627629 0.00011393 -0.000568928 -0.00227307 
-0.0123001 -0.0133267 -0.012063 -0.00957106 -0.00736472 -0.00638927 -0.00677373 -0.00803873 -0.00952628 -0.0105825 -0.0104554 -0.00862353 -0.00548623 -0.00232353 -0.00028544 0.000408351 0.000239559 -0.000199212 -0.000406338 -9.14748e-05 0.000621863 0.00138511 0.00197041 0.00212632 0.00136945 -0.00049288 -0.00278992 -0.0047721 -0.00680251 -0.00956116 
-0.0200872 -0.0213771 -0.0200716 -0.0170839 -0.0140223 -0.0121039 -0.0115188 -0.0116845 -0.0120352 -0.0121941 -0.0115426 -0.00944136 -0.00610655 -0.00271403 -0.000376525 0.000677242 0.000865237 0.000709371 0.000738904 0.00137486 0.002471 0.00328937 0.00321756 0.00217806 0.000196071 -0.00276599 -0.00627982 -0.00969238 -0.0130855 -0.0168089 
-0.0257079 -0.0273458 -0.0261648 -0.0228363 -0.0189216 -0.0159191 -0.0142733 -0.0134206 -0.0127493 -0.0119717 -0.0106772 -0.00836999 -0.00519739 -0.00209757 4.78536e-05 0.00111187 0.00148352 0.0015799 0.00183514 0.00267101 0.00394937 0.00474076 0.004174 0.00227835 -0.000482423 -0.00397932 -0.00812221 -0.0125643 -0.0171775 -0.0218609 
-0.0279306 -0.0298183 -0.0289081 -0.0256784 -0.0214516 -0.0177154 -0.0151038 -0.0132539 -0.0116523 -0.0100954 -0.00835418 -0.00608958 -0.0033662 -0.000828369 0.000918846 0.00186619 0.00237422 0.00272977 0.0032003 0.00413399 0.00544747 0.00621201 0.00541424 0.00306111 -0.000113513 -0.00377794 -0.00807783 -0.0130255 -0.0184154 -0.0237389 
-0.0271252 -0.0289843 -0.0284008 -0.0257239 -0.0218572 -0.017951 -0.0146925 -0.012063 -0.00981802 -0.00783858 -0.00596179 -0.003905 -0.00163202 0.0004544 0.00195406 0.00292111 0.00366072 0.00433202 0.00504319 0.00604919 0.00732981 0.00806486 0.00718265 0.0045474 0.00098227 -0.00290096 -0.00720288 -0.0121817 -0.0177115 -0.0230698 
-0.0243855 -0.0259398 -0.0256459 -0.0237463 -0.0206551 -0.0170669 -0.013669 -0.0107939 -0.00842862 -0.00642726 -0.00458437 -0.0026577 -0.000593893 0.00133655 0.00286087 0.00404434 0.00510575 0.00609479 0.00700621 0.00799619 0.00906752 0.00956452 0.00849659 0.00560274 0.00166348 -0.00244653 -0.00658789 -0.0111326 -0.0161557 -0.0209337 
-0.0206875 -0.0217389 -0.0215784 -0.0203735 -0.0181432 -0.0152224 -0.0122725 -0.00980082 -0.00782493 -0.00606079 -0.0042517 -0.00227386 -0.000182198 0.00178891 0.00345734 0.00488575 0.00620391 0.00738263 0.00834161 0.00911557 0.0096657 0.00954532 0.00805809 0.00499531 0.0010285 -0.00290359 -0.00650145 -0.0102031 -0.0142862 -0.0181095 
-0.016864 -0.0172688 -0.0169572 -0.0161275 -0.0146251 -0.0125833 -0.0105393 -0.00889857 -0.00754299 -0.00608625 -0.00430759 -0.00224465 -9.21158e-05 0.00191102 0.00364492 0.00516872 0.00655099 0.00772634 0.00856404 0.00895614 0.00877612 0.00781136 0.00583056 0.0028678 -0.000552694 -0.00371768 -0.00642197 -0.00917211 -0.0123116 -0.0151903 
-0.0135049 -0.0131932 -0.0124464 -0.0116391 -0.0106623 -0.00954326 -0.00855329 -0.00779134 -0.00699457 -0.00583548 -0.00421906 -0.00227118 -0.000223347 0.00169249 0.00336779 0.00483159 0.00611532 0.00715535 0.00779729 0.00781247 0.00699209 0.00533804 0.00309232 0.000577974 -0.00187029 -0.0039622 -0.00576587 -0.00782317 -0.0103655 -0.0125897 
-0.010542 -0.00959027 -0.00833584 -0.00739228 -0.0067998 -0.00650131 -0.00643203 -0.00635339 -0.00595995 -0.00512651 -0.00389849 -0.00235276 -0.000615101 0.00111452 0.00267616 0.00402108 0.00514676 0.00601496 0.00648638 0.00628023 0.00514691 0.00322674 0.00107771 -0.000790567 -0.00224217 -0.00339108 -0.00454302 -0.0061964 -0.00840265 -0.0102 
-0.00742611 -0.00608674 -0.00454392 -0.00355079 -0.00327736 -0.00360961 -0.00421784 -0.00463061 -0.00458256 -0.00416055 -0.00349021 -0.00251223 -0.00118528 0.000324178 0.0017642 0.00297704 0.00392562 0.00461524 0.0049675 0.00472595 0.00362915 0.00183603 -4.46836e-06 -0.00132932 -0.00211637 -0.00266486 -0.00333239 -0.00452575 -0.00623156 -0.0075296 
-0.00405213 -0.00263639 -0.00114614 -0.000257511 -0.000199106 -0.000893988 -0.00193785 -0.00277107 -0.00315071 -0.00324339 -0.0031647 -0.00273175 -0.00178318 -0.000474912 0.000846433 0.00191693 0.00266825 0.0031595 0.00340814 0.00323281 0.00236281 0.000864391 -0.000705446 -0.00181017 -0.00239374 -0.00266601 -0.00284712 -0.00326278 -0.004032 -0.00455217 
-0.00133723 1.18813e-05 0.00129839 0.0020949 0.00216601 0.00143863 0.000194626 -0.00103212 -0.00194253 -0.00261101 -0.00306909 -0.0030679 -0.00240047 -0.00123138 1.36796e-05 0.000976483 0.00155227 0.00184473 0.00197182 0.0018447 0.00119085 -5.42189e-05 -0.00151042 -0.00271148 -0.00348062 -0.00377408 -0.00356208 -0.00308538 -0.002691 -0.00224955 
-0.000565469 0.000886305 0.00221344 0.00319 0.0035679 0.00310408 0.00189136 0.00038595 -0.00102053 -0.00223102 -0.00316654 -0.0035337 -0.00308701 -0.00198521 -0.000726116 0.000228137 0.000718749 0.000870039 0.00086884 0.000703327 0.00013162 -0.000988013 -0.00244797 -0.00390148 -0.00508975 -0.00571119 -0.00545437 -0.00443087 -0.00315828 -0.00191046 
-0.00207054 -0.000108717 0.00183139 0.00344123 0.00439111 0.00436449 0.00335838 0.00176425 2.65891e-05 -0.00163269 -0.00304424 -0.00383929 -0.00366533 -0.00262254 -0.0012785 -0.000227129 0.000292839 0.000392207 0.000267394 -5.10206e-05 -0.000718949 -0.00184835 -0.00335547 -0.00506554 -0.0067358 -0.00788306 -0.00795349 -0.00693185 -0.00541015 -0.00381675 
-0.00484626 -0.00194616 0.00122795 0.00394744 0.00569065 0.00616714 0.00541969 0.00383904 0.00188254 -0.000183162 -0.00213384 -0.00349382 -0.00373467 -0.00283579 -0.00141546 -0.000222343 0.000386942 0.00046045 0.000147608 -0.000489223 -0.0014491 -0.0027205 -0.00430529 -0.00622235 -0.00829011 -0.00990687 -0.0103803 -0.00967714 -0.00842988 -0.00694626 
-0.00768692 -0.0036127 0.00117551 0.00536373 0.00812867 0.00918131 0.00865619 0.00702316 0.00479743 0.00228315 -0.000260962 -0.0022679 -0.0030326 -0.00238231 -0.000953056 0.000344061 0.000989956 0.000925307 0.000243768 -0.000920763 -0.0023605 -0.00392949 -0.00571743 -0.00788865 -0.0102491 -0.0120875 -0.0127105 -0.0122318 -0.01136 -0.0101391 
-0.0106244 -0.00546582 0.000926332 0.00677207 0.0108937 0.0128163 0.0126196 0.0108736 0.00827827 0.00527381 0.00216851 -0.00043146 -0.00170649 -0.00134567 2.18953e-05 0.00133032 0.00187563 0.00148401 0.000233577 -0.00162626 -0.00370993 -0.00582523 -0.00816705 -0.0109087 -0.0136574 -0.0155378 -0.0159646 -0.0153434 -0.0145507 -0.0134288 
-0.01494 -0.00913795 -0.00151157 0.00605069 0.0120449 0.0155109 0.0161366 0.0144901 0.0115843 0.00815392 0.00460803 0.00154684 -0.000162518 -9.86397e-05 0.0011358 0.00235266 0.00268271 0.00185615 -4.11918e-05 -0.00266422 -0.00555116 -0.00857594 -0.0120265 -0.0159097 -0.0194159 -0.0214021 -0.0214331 -0.0203074 -0.0191976 -0.0179524 
-0.0214576 -0.0157273 -0.0074276 0.00182505 0.0102276 0.0160394 0.0182125 0.0171563 0.0142498 0.0106281 0.00683673 0.00344176 0.00132451 0.00101795 0.0019948 0.00302005 0.00311072 0.00189722 -0.000576198 -0.00394415 -0.00774314 -0.0119417 -0.0168801 -0.0223059 -0.0268812 -0.0291204 -0.0287474 -0.0270161 -0.0254948 -0.0242215 
-0.0287782 -0.0239936 -0.0156517 -0.00494188 0.00597569 0.0144437 0.0185781 0.0185618 0.0160872 0.0126467 0.00888419 0.00529855 0.0027625 0.00193614 0.00245524 0.00316921 0.00306012 0.00162436 -0.00123637 -0.00520108 -0.00976772 -0.0149017 -0.0209615 -0.027528 -0.032869 -0.0352371 -0.0345467 -0.0325082 -0.0310649 -0.030442 
-0.0331774 -0.03027 -0.0227771 -0.011495 0.0011166 0.0116668 0.0175944 0.0188141 0.0171322 0.0142234 0.0107619 0.00715563 0.00422352 0.00273022 0.00255848 0.00280759 0.00254343 0.00111977 -0.00178441 -0.00591265 -0.0106109 -0.0156844 -0.0215156 -0.0277945 -0.0327958 -0.0347782 -0.0338747 -0.0321274 -0.0316753 -0.0327362 
-0.0304916 -0.0303395 -0.0251947 -0.0153381 -0.00295639 0.00841583 0.0157258 0.0183447 0.0177672 0.0156083 0.0125604 0.00898499 0.00562727 0.00332205 0.00224447 0.00186815 0.00146576 0.000308296 -0.00214286 -0.00568122 -0.00942241 -0.0129178 -0.0166369 -0.0207296 -0.0239732 -0.0249176 -0.0238332 -0.0228353 -0.0240088 -0.0273624 
-0.0192103 -0.0225369 -0.0216738 -0.0159407 -0.00621954 0.00462535 0.0131269 0.0175885 0.0185807 0.0173539 0.0146333 0.0108614 0.00681501 0.00346299 0.00130338 0.000195922 -0.000346721 -0.0010588 -0.00261221 -0.00481463 -0.0065601 -0.00716497 -0.00728053 -0.00779585 -0.00832266 -0.00775953 -0.00626105 -0.00577107 -0.00824243 -0.0135157 
-0.00271435 -0.00997702 -0.0147565 -0.0149593 -0.00944741 0.000112365 0.00989785 0.0167836 0.0199244 0.0198813 0.0173464 0.0129719 0.0077851 0.00307654 -0.000280847 -0.00212048 -0.00278274 -0.00300738 -0.00352629 -0.00412696 -0.00353192 -0.000884202 0.00292872 0.00617734 0.00838418 0.0105384 0.0129521 0.0139185 0.0113296 0.00512367 
0.0117751 0.000694159 -0.00937247 -0.0149118 -0.0131093 -0.00463135 0.00649689 0.015951 0.0214964 0.0228445 0.0204989 0.0153191 0.00873051 0.00251082 -0.00203296 -0.00449819 -0.00520461 -0.00498209 -0.00464164 -0.00397254 -0.00158906 0.00350504 0.0102458 0.0161993 0.0202335 0.023521 0.0270865 0.0294099 0.0278039 0.0214586 
0.017915 0.0040279 -0.00916408 -0.0172105 -0.0168547 -0.00860194 0.0035071 0.0147577 0.0222078 0.0249092 0.023012 0.0173719 0.0097065 0.00225633 -0.00323357 -0.00612851 -0.00676348 -0.006122 -0.00518333 -0.00386259 -0.000785828 0.00517749 0.0130029 0.0199369 0.0244838 0.0280153 0.0321921 0.0357175 0.0352832 0.0290808 
0.015472 0.000400623 -0.0133574 -0.0209156 -0.0196762 -0.0108998 0.00134336 0.0128082 0.020891 0.0245284 0.0234446 0.0181418 0.0102935 0.00236908 -0.00355349 -0.00659138 -0.00702375 -0.00595014 -0.00459271 -0.00317837 -0.000516203 0.00467886 0.0117556 0.0181642 0.0222848 0.0253588 0.0292635 0.0330441 0.0332506 0.0273205 
0.0109214 -0.00392588 -0.0171507 -0.0233974 -0.0206506 -0.0112493 0.000309426 0.0104366 0.0176315 0.0214001 0.021196 0.0169148 0.00982287 0.00230766 -0.00340556 -0.00621737 -0.00627252 -0.00470712 -0.00300946 -0.00183592 -0.000272684 0.00316956 0.00848679 0.0137369 0.017316 0.0199591 0.0232745 0.0267017 0.0272642 0.0221678 
0.012019 -0.00188936 -0.0156167 -0.0226636 -0.0201211 -0.0107481 -2.78751e-05 0.00833647 0.0138273 0.0169427 0.0172584 0.0141091 0.00816384 0.00152729 -0.00355244 -0.00581475 -0.00527973 -0.00312116 -0.00108961 -0.000215401 0.000228895 0.00198408 0.00572288 0.0101804 0.0137629 0.0164954 0.0194844 0.0226581 0.0240376 0.0210368 
0.0214992 0.00878114 -0.00760095 -0.0191911 -0.0201131 -0.0120858 -0.00174805 0.0058906 0.0102897 0.0127595 0.0133527 0.0111098 0.00611993 0.000200897 -0.00431982 -0.00600335 -0.0048084 -0.00202683 0.000346061 0.0010758 0.000888135 0.00179043 0.00500275 0.00978013 0.0143318 0.0177191 0.0204778 0.0233843 0.0261235 0.0266565 
0.0357786 0.0242875 0.00360596 -0.0156016 -0.0230597 -0.0179153 -0.00748168 0.0011424 0.00616143 0.00900992 0.0102677 0.0089417 0.00465881 -0.000969739 -0.00539552 -0.00688615 -0.00531306 -0.00209309 0.000575567 0.00134261 0.000988467 0.00179508 0.00555446 0.0120236 0.0189233 0.0237783 0.0261969 0.0281545 0.0318397 0.0362913 
0.0490596 0.0384399 0.0132423 -0.0142747 -0.0294859 -0.0281928 -0.017526 -0.00663868 0.000649848 0.00512488 0.00768556 0.00750436 0.00391945 -0.0016493 -0.00642686 -0.00828645 -0.00684533 -0.00349046 -0.00057501 0.000322549 -0.000111452 0.000718542 0.00542889 0.0145098 0.0251114 0.0326982 0.035255 0.03565 0.0389196 0.0458652 
0.0580869 0.0477958 0.019486 -0.0143345 -0.0362633 -0.0390228 -0.0286061 -0.0153679 -0.00521298 0.00140565 0.00538899 0.00626048 0.00333675 -0.00216941 -0.00743189 -0.00996894 -0.00897909 -0.00561653 -0.00236201 -0.00121518 -0.00176714 -0.00108205 0.00438742 0.0159526 0.0304531 0.0415828 0.0453928 0.0446401 0.0463748 0.0534241 
0.0628997 0.0533191 0.0248494 -0.0115233 -0.0379734 -0.0449614 -0.0362923 -0.0220629 -0.00973584 -0.00137192 0.00353217 0.00492975 0.00240792 -0.00297419 -0.00854672 -0.0116499 -0.0110505 -0.00755652 -0.00371865 -0.00198604 -0.00227002 -0.00142862 0.00459603 0.0175261 0.0342959 0.0480531 0.0536104 0.0527469 0.0529062 0.0584502 
0.0640901 0.057278 0.0324092 -0.00268274 -0.0316983 -0.0434914 -0.0387198 -0.0257246 -0.012715 -0.00346134 0.0017506 0.0031871 0.000850695 -0.0042828 -0.00984862 -0.0132195 -0.0128314 -0.00910611 -0.00449611 -0.00165956 -0.000738863 0.00122816 0.00792916 0.0207519 0.0370108 0.0507075 0.0567728 0.0560499 0.0552276 0.0594185 
0.0615471 0.0601932 0.0418173 0.0104312 -0.0199234 -0.0368394 -0.0375013 -0.0276592 -0.0154944 -0.00621452 -0.0010538 0.000343894 -0.00168974 -0.00629833 -0.0115304 -0.014944 -0.0147496 -0.0109636 -0.00570996 -0.00146643 0.00156928 0.00574974 0.0135085 0.0251988 0.0385126 0.0490677 0.0531014 0.0514421 0.0501139 0.0544766 
0.0571365 0.062235 0.0506043 0.0232319 -0.00776187 -0.0291931 -0.0354222 -0.029639 -0.0193802 -0.0106784 -0.00559147 -0.0039217 -0.00527301 -0.00902558 -0.013675 -0.0170199 -0.0171412 -0.0137021 -0.00836412 -0.00308239 0.00218554 0.00912716 0.0185439 0.0292883 0.0390085 0.0448019 0.0447753 0.040922 0.0394865 0.0457874 
0.0574408 0.0666182 0.0584177 0.0329653 0.00132194 -0.0234398 -0.0342628 -0.0324012 -0.0243439 -0.0162768 -0.010899 -0.00847399 -0.00885194 -0.0116742 -0.0157342 -0.0190161 -0.0195987 -0.0169579 -0.0123204 -0.00694442 -0.000208139 0.00934551 0.0212174 0.0326043 0.0403565 0.0422977 0.0384365 0.0327577 0.0323701 0.0419375 
0.0734685 0.0812688 0.0696667 0.0411914 0.00724737 -0.0201078 -0.0341167 -0.0351657 -0.0287222 -0.0207271 -0.0144521 -0.0109413 -0.0105109 -0.012877 -0.0167592 -0.0201792 -0.0213746 -0.0198413 -0.0164444 -0.0117514 -0.00446102 0.00714092 0.0220446 0.0361011 0.0447687 0.0458414 0.0411313 0.0369069 0.0408518 0.0554782 
0.117813 0.117687 0.0934075 0.0540448 0.0136919 -0.0169148 -0.0330074 -0.0356378 -0.0298798 -0.0213698 -0.0138814 -0.00942366 -0.00887601 -0.0117417 -0.0162101 -0.0201604 -0.0221411 -0.0218076 -0.0196544 -0.0156908 -0.00828278 0.00457314 0.0221735 0.0399283 0.0520661 0.0561382 0.0558257 0.0595845 0.0744654 0.0983006 
0.195664 0.183125 0.137748 0.0790181 0.026638 -0.00939804 -0.0275034 -0.0310367 -0.0256899 -0.0169058 -0.00870318 -0.00396526 -0.00416161 -0.00845008 -0.0142286 -0.0191077 -0.0220137 -0.022798 -0.0215414 -0.0179099 -0.0105515 0.00244258 0.0212776 0.0422199 0.0592379 0.0699545 0.0799552 0.0995263 0.133725 0.173138 
0.289584 0.265885 0.19802 0.116688 0.0488953 0.00520814 -0.0158004 -0.0205519 -0.0161982 -0.00821572 -0.000514597 0.00354849 0.00202412 -0.00402335 -0.0113384 -0.0172796 -0.0210886 -0.0227858 -0.0221286 -0.0187122 -0.0118775 -6.27747e-05 0.0181697 0.0409193 0.0629013 0.082046 0.105323 0.144278 0.201734 0.260763 
