0.428942 0.385636 0.31448 0.239612 0.178347 0.133385 0.0972966 0.0636902 0.0340427 0.0147276 0.00891605 0.0122276 0.0158205 0.0129452 0.00290063 -0.00987988 -0.0195758 -0.0223811 -0.0177954 -0.00776243 0.00526773 0.0200178 0.0373864 0.0611134 0.0973909 0.151903 0.224909 0.307554 0.382207 0.427747 
0.367896 0.329569 0.26892 0.20858 0.162865 0.130857 0.102647 0.071735 0.0415113 0.0207422 0.014074 0.0173305 0.0211351 0.0181834 0.00760405 -0.00597742 -0.0164349 -0.0197071 -0.01506 -0.00422807 0.0102873 0.0265778 0.0442634 0.0654692 0.0950475 0.138415 0.19725 0.265546 0.328702 0.367617 
0.285861 0.255536 0.209207 0.166241 0.137135 0.117962 0.0977049 0.070634 0.0417698 0.0213317 0.0148295 0.0184277 0.022715 0.0201259 0.0095232 -0.00455022 -0.0158549 -0.0200824 -0.0161191 -0.00526598 0.0101116 0.0274998 0.0450524 0.0629553 0.0844188 0.11443 0.156101 0.206569 0.255063 0.285705 
0.206017 0.184994 0.153082 0.125583 0.109489 0.0993919 0.084911 0.0617537 0.0357884 0.0172781 0.0117121 0.0156622 0.0202571 0.0180996 0.00780394 -0.00640877 -0.0184223 -0.0238044 -0.0210967 -0.011143 0.00394465 0.0213066 0.0380073 0.0526503 0.0669488 0.0852607 0.111632 0.14586 0.18092 0.204511 
0.140125 0.127374 0.107151 0.0906562 0.0822647 0.0767139 0.0656484 0.0464325 0.0247959 0.00970005 0.00581772 0.010152 0.0148563 0.0131389 0.00349562 -0.0103074 -0.0225177 -0.0288376 -0.0277241 -0.0197375 -0.00661086 0.00904137 0.0241162 0.0364359 0.0464224 0.0572548 0.0728736 0.0947312 0.11902 0.136986 
0.0907871 0.0831881 0.0704827 0.06026 0.0550777 0.0508068 0.0417312 0.0267081 0.0105609 0.000106287 -0.00130099 0.00371603 0.00858608 0.00744899 -0.00112453 -0.0138557 -0.0255703 -0.0324171 -0.0331061 -0.0281342 -0.0186918 -0.00643099 0.00643749 0.0178115 0.0269803 0.0352893 0.0453889 0.0591386 0.0750645 0.0876675 
0.0571229 0.0506066 0.0410964 0.0334085 0.0287515 0.0242494 0.0166367 0.00592628 -0.00424594 -0.00940092 -0.00770329 -0.00159659 0.00358818 0.00309922 -0.00420258 -0.0154788 -0.0262716 -0.0333784 -0.0359418 -0.0344935 -0.029576 -0.021473 -0.0108926 0.000693018 0.0116964 0.0214363 0.0305557 0.0401575 0.0498655 0.0567237 
0.0367442 0.0278598 0.0182218 0.0108545 0.00582114 0.000990525 -0.00517293 -0.0118535 -0.0164261 -0.0164211 -0.0114929 -0.00418538 0.00118282 0.00102564 -0.00530283 -0.0153024 -0.0252518 -0.0325873 -0.0367907 -0.0383588 -0.0372455 -0.0325359 -0.0235835 -0.0111604 0.00265664 0.0156479 0.0265255 0.0349317 0.0403385 0.041319 
0.0249411 0.0118792 0.00055534 -0.00699755 -0.0117956 -0.015953 -0.0201869 -0.0232357 -0.0231278 -0.0188335 -0.0112715 -0.00325698 0.00168658 0.00113536 -0.00492388 -0.0142212 -0.0236966 -0.0312577 -0.0364631 -0.0396145 -0.0402585 -0.0368558 -0.0281139 -0.0144826 0.00175155 0.0175995 0.0304878 0.0385764 0.0405135 0.0356165 
0.0157656 -0.0017132 -0.0146277 -0.0215337 -0.0244989 -0.0262264 -0.0274578 -0.0269099 -0.023037 -0.0157046 -0.006691 0.00102568 0.00466943 0.00294526 -0.00350376 -0.0125835 -0.0218011 -0.0293649 -0.0346824 -0.0377181 -0.0377611 -0.0331944 -0.0228549 -0.00747445 0.0103733 0.0273955 0.0404215 0.0466673 0.0441644 0.032868 
0.0056043 -0.0155138 -0.0290679 -0.0341415 -0.0337529 -0.031469 -0.0286303 -0.0243543 -0.017488 -0.00838242 0.000817363 0.00729242 0.00908093 0.00590906 -0.00104513 -0.00988996 -0.0186438 -0.0257425 -0.0303757 -0.0321148 -0.0300192 -0.0226153 -0.00930277 0.00840274 0.0272876 0.0437319 0.0543508 0.0561378 0.0472958 0.028861 
-0.00469203 -0.0277721 -0.0407739 -0.0434075 -0.039402 -0.0330508 -0.0263961 -0.0190892 -0.0102957 -0.000535835 0.00808036 0.0131428 0.0134535 0.00948121 0.00266952 -0.00538647 -0.0131882 -0.019397 -0.023044 -0.0233445 -0.0190827 -0.00884176 0.0074438 0.0273519 0.0467699 0.0615391 0.0681767 0.0640166 0.048183 0.0231956 
-0.011102 -0.0334128 -0.0445735 -0.045049 -0.0389237 -0.0307001 -0.0226515 -0.0145716 -0.00561233 0.00381207 0.0117925 0.0162814 0.0165203 0.0132332 0.00773609 0.00119424 -0.00533396 -0.0107072 -0.0138584 -0.0137161 -0.00875161 0.00260523 0.0202212 0.0410654 0.0602367 0.0730215 0.0759264 0.0669184 0.0463109 0.0179625 
-0.00885567 -0.0271438 -0.0353952 -0.0348476 -0.0294669 -0.0231882 -0.0176585 -0.0120896 -0.00515937 0.00301076 0.0106707 0.0158676 0.0177925 0.0168388 0.0137536 0.00912572 0.00364606 -0.0016359 -0.00552038 -0.00666278 -0.00319118 0.00680291 0.0233718 0.0433534 0.0614579 0.0726939 0.073778 0.0634165 0.0428619 0.0165436 
0.00560321 -0.00626514 -0.0115321 -0.0119097 -0.010579 -0.0100684 -0.010626 -0.0103788 -0.00732748 -0.00127796 0.00610563 0.0127626 0.017455 0.0197768 0.0195438 0.0166468 0.0114901 0.00517817 -0.000837432 -0.00486295 -0.00462255 0.00223483 0.0161598 0.0341836 0.0510087 0.0617649 0.0637287 0.0564142 0.0414971 0.0228686 
0.0318623 0.0268289 0.023247 0.0196177 0.0143405 0.00690648 -0.00129389 -0.00743514 -0.00909994 -0.00589621 0.000658665 0.00846082 0.0157664 0.0211817 0.0234296 0.0216634 0.0160725 0.00793203 -0.000941373 -0.00840857 -0.011733 -0.00813047 0.00319732 0.0194723 0.0355332 0.0469586 0.0519811 0.0510641 0.0458477 0.0386523 
0.062713 0.0631067 0.0593547 0.0509674 0.0384897 0.0235112 0.00865601 -0.00294519 -0.00896676 -0.00893865 -0.00402886 0.00389022 0.012753 0.0202797 0.0241834 0.0229665 0.016674 0.00679134 -0.00448367 -0.0145682 -0.0203156 -0.0186677 -0.00874522 0.00661452 0.0223241 0.0346134 0.0430318 0.0492311 0.054642 0.0594293 
0.0855508 0.089308 0.0844084 0.0718054 0.0540949 0.0343832 0.0157502 0.000968989 -0.0080747 -0.0108405 -0.00794916 -0.000790095 0.00850807 0.0170636 0.0218658 0.020975 0.0143698 0.00370694 -0.00854589 -0.0195202 -0.0258764 -0.0245806 -0.015018 -0.000360151 0.0143 0.0259768 0.0357918 0.0468341 0.0604589 0.0747041 
0.0895518 0.0949836 0.0894577 0.0752024 0.0560482 0.0355998 0.0166624 0.00137235 -0.00880783 -0.0131894 -0.0118169 -0.00555852 0.00356811 0.0124227 0.0176691 0.0172102 0.0110412 0.000901693 -0.0106625 -0.0207604 -0.0261894 -0.0243027 -0.0150498 -0.00205595 0.00965713 0.0180307 0.025844 0.0377025 0.0551264 0.0745406 
0.0731937 0.0792705 0.0744323 0.0615943 0.0447352 0.0270093 0.0105616 -0.00299663 -0.0123997 -0.0167803 -0.0157878 -0.00994429 -0.00110696 0.00763312 0.013019 0.0130927 0.00795777 -0.000643719 -0.0102684 -0.0182564 -0.0218695 -0.0191968 -0.0109706 -0.0012072 0.00542526 0.00799717 0.0108426 0.0198481 0.0367806 0.0571253 
0.0450161 0.0512687 0.048123 0.0385624 0.0259686 0.0126259 4.15052e-05 -0.010455 -0.0176492 -0.0206085 -0.0188757 -0.0128702 -0.0043121 0.00396712 0.0090975 0.00950263 0.00549521 -0.00119815 -0.00832409 -0.0136006 -0.014984 -0.0115796 -0.00506516 0.000297709 0.000586821 -0.00375138 -0.00705569 -0.00266206 0.0112733 0.0298372 
0.0169881 0.0234474 0.0222823 0.0161528 0.00770867 -0.00145373 -0.0101803 -0.0172624 -0.0215907 -0.0223818 -0.0193202 -0.0128897 -0.00470393 0.00275403 0.00714308 0.00739128 0.00409745 -0.000982482 -0.00575851 -0.00833342 -0.00743407 -0.00332052 0.00129798 0.00203899 -0.00396584 -0.0147245 -0.0235197 -0.0234602 -0.0128994 0.00316905 
-0.00310623 0.00396408 0.00469333 0.00125991 -0.0041713 -0.0102465 -0.0158566 -0.0198726 -0.0214277 -0.0200554 -0.0156884 -0.008914 -0.00125016 0.0051523 0.00844909 0.00803974 0.00480624 0.000582155 -0.00261728 -0.003178 -0.000494925 0.00412097 0.00703062 0.00382033 -0.00728605 -0.0228613 -0.0354618 -0.038371 -0.030297 -0.0161188 
-0.0141762 -0.00600157 -0.00335696 -0.00462935 -0.00792736 -0.0118386 -0.0151389 -0.0167837 -0.0161971 -0.0132301 -0.00801102 -0.00117447 0.00585711 0.0111843 0.013318 0.0119801 0.00824002 0.00399444 0.00123851 0.0014292 0.00475375 0.00924258 0.0107107 0.00482278 -0.00939215 -0.0275996 -0.0421125 -0.0466187 -0.0401009 -0.0270723 
-0.0191809 -0.00948207 -0.00458566 -0.00361207 -0.00498083 -0.00718055 -0.00883601 -0.00894623 -0.00713131 -0.00341571 0.00200786 0.00852273 0.0147872 0.0190665 0.0200919 0.0177642 0.0132193 0.00832549 0.00500366 0.00460913 0.00721122 0.0107584 0.011109 0.00415008 -0.0107965 -0.0293411 -0.0441845 -0.0495245 -0.0443071 -0.032267 
-0.0212989 -0.00963864 -0.00198618 0.00152868 0.00201204 0.001064 0.00030778 0.000850285 0.00303727 0.00679133 0.0118945 0.0177214 0.0229668 0.0260266 0.0258305 0.022435 0.0169939 0.0112404 0.00688164 0.0051328 0.00618011 0.0084156 0.00826707 0.00191729 -0.0115865 -0.028658 -0.0429368 -0.0490758 -0.0455107 -0.0346985 
-0.0218545 -0.00772415 0.00294221 0.00875381 0.0103256 0.00955283 0.00862102 0.00901188 0.011144 0.014802 0.0195447 0.0245651 0.0285354 0.0300285 0.028268 0.0235656 0.0171472 0.0105799 0.00526336 0.00222953 0.00190544 0.00338774 0.00385555 -0.000360638 -0.010988 -0.0257859 -0.03951 -0.0469529 -0.0454978 -0.0359511 
-0.0204378 -0.00347035 0.00987543 0.0168745 0.0178923 0.0155631 0.0131159 0.0127269 0.0148878 0.0189397 0.0238188 0.0282829 0.0309485 0.0306631 0.0270629 0.020814 0.0132986 0.00598728 3.14544e-05 -0.00365611 -0.00435307 -0.0022918 0.000246361 -0.00063625 -0.00781536 -0.0205284 -0.0343927 -0.0438049 -0.0446184 -0.0359029 
-0.0164911 0.00316163 0.0183174 0.0250675 0.0238361 0.0183608 0.013273 0.0116732 0.0140787 0.0190784 0.0246367 0.0289077 0.0304845 0.0285816 0.0232863 0.0156016 0.00706689 -0.000860498 -0.00711949 -0.0107647 -0.0107509 -0.00682056 -0.0010713 0.00201038 -0.00176001 -0.0129483 -0.0276245 -0.0393351 -0.042197 -0.0337485 
-0.0109524 0.0103724 0.0262393 0.0319087 0.0279379 0.0190356 0.0111083 0.00815157 0.0107099 0.0165942 0.022789 0.0269075 0.0276167 0.0245412 0.018156 0.00966482 0.000648293 -0.00746277 -0.0136129 -0.0167446 -0.0155303 -0.00939256 -0.00041463 0.00632373 0.00553114 -0.00439808 -0.019786 -0.0333535 -0.0377755 -0.0294833 
-0.00608846 0.0149444 0.030319 0.0350119 0.0294856 0.0186751 0.00901494 0.00502027 0.00733122 0.0133356 0.0194484 0.0230308 0.0229342 0.0191618 0.0124592 0.00407365 -0.00452324 -0.0120349 -0.0174946 -0.0198537 -0.0176772 -0.0101844 0.000689969 0.00973792 0.0111672 0.00271385 -0.0123161 -0.0264463 -0.0317684 -0.0242043 
-0.00328594 0.0149824 0.0285064 0.0326691 0.0275414 0.0172901 0.00780273 0.00350671 0.00520453 0.0104106 0.015586 0.0181926 0.0173109 0.0132104 0.0067841 -0.000762609 -0.00813333 -0.0142567 -0.0184205 -0.0198438 -0.0172577 -0.00977519 0.00109301 0.0106713 0.0134364 0.00689732 -0.00625104 -0.0192332 -0.0246915 -0.0187335 
-0.00142808 0.0120455 0.0224037 0.0260662 0.0226201 0.0147742 0.00701052 0.00311651 0.00406704 0.00794893 0.0117617 0.0132939 0.0117928 0.00762772 0.00173554 -0.00471739 -0.0105568 -0.0149226 -0.0174495 -0.0178244 -0.0151629 -0.00855921 0.00106661 0.00999387 0.0134904 0.00918769 -0.00092651 -0.0113956 -0.0162879 -0.0124984 
0.00169733 0.00964806 0.0161003 0.0188211 0.017062 0.0119702 0.00634035 0.00307211 0.00328463 0.00581081 0.00836733 0.00908775 0.00725582 0.00318926 -0.00219091 -0.00770845 -0.0122103 -0.0149613 -0.0159031 -0.0151946 -0.0123704 -0.00655511 0.00186918 0.0101069 0.0142588 0.0122053 0.00534413 -0.00222426 -0.00621618 -0.0045787 
0.00626537 0.00936559 0.0121506 0.0136249 0.0129109 0.00991337 0.00596172 0.00314037 0.00269652 0.00415268 0.00584716 0.00613237 0.00421224 0.000292211 -0.00471501 -0.00957468 -0.0131046 -0.0146397 -0.0143239 -0.0126255 -0.00935825 -0.00367827 0.00437315 0.0125902 0.0175981 0.0174302 0.0130862 0.00770316 0.00431132 0.00408469 
0.00922735 0.00891057 0.00912927 0.00972014 0.00976383 0.0083147 0.0056296 0.00318763 0.00236354 0.00321842 0.00451313 0.00467655 0.00279616 -0.000990911 -0.00571926 -0.010077 -0.0128914 -0.0135978 -0.0124606 -0.0100513 -0.00626794 -0.000279718 0.0080095 0.016649 0.0224648 0.0234706 0.0203731 0.0157803 0.0120977 0.0100978 
0.00669015 0.00443237 0.00353781 0.00419459 0.00539241 0.00561194 0.00436155 0.00268164 0.0020378 0.00286525 0.00418639 0.00445224 0.00269249 -0.000928681 -0.00534366 -0.00919651 -0.0114166 -0.0116113 -0.0101247 -0.00747995 -0.00352441 0.00255504 0.0108677 0.0195836 0.0256319 0.026924 0.0238545 0.0186991 0.0137095 0.00976965 
-0.00231251 -0.00529279 -0.00600734 -0.00431385 -0.00139331 0.000869348 0.00148745 0.00114943 0.00130288 0.00258194 0.0041851 0.00464432 0.00305972 -0.000297252 -0.00427757 -0.00756785 -0.00928448 -0.00924172 -0.00783634 -0.00548572 -0.00196386 0.00348354 0.0109458 0.0187849 0.0241794 0.0250098 0.0212945 0.014925 0.0081499 0.00228017 
-0.0142118 -0.0169659 -0.0166625 -0.013461 -0.00874482 -0.00454429 -0.00207441 -0.000914599 0.000232943 0.00202506 0.00379752 0.00427905 0.00277918 -0.000289403 -0.00377566 -0.00650634 -0.00781487 -0.00769353 -0.00657546 -0.0048121 -0.00218069 0.00195812 0.00770592 0.0137799 0.0178502 0.01794 0.0136776 0.00641979 -0.00169865 -0.00891029 
-0.0229268 -0.0248747 -0.0232645 -0.0186778 -0.0127195 -0.0073916 -0.00387443 -0.00187051 -0.000278398 0.00147394 0.00284717 0.00285516 0.00109445 -0.00189366 -0.00502987 -0.00732383 -0.00828804 -0.00802947 -0.00702891 -0.00567787 -0.00387249 -0.00112653 0.00272542 0.00687229 0.00963909 0.00935226 0.00530654 -0.00179044 -0.0101421 -0.0177096 
-0.0238179 -0.0249327 -0.0222127 -0.0166771 -0.0102367 -0.00486067 -0.00154715 5.81697e-05 0.000959112 0.00167403 0.00181367 0.000694046 -0.00182726 -0.00513646 -0.00825549 -0.0103394 -0.0109929 -0.0103735 -0.00903434 -0.00750487 -0.0058803 -0.00383758 -0.00113557 0.00186329 0.00411997 0.00431731 0.00149651 -0.0043153 -0.0118523 -0.0190327 
-0.0165295 -0.017252 -0.0138863 -0.00783352 -0.00143857 0.00320438 0.00526382 0.00528888 0.00437325 0.00312815 0.001374 -0.00131588 -0.00493677 -0.0088955 -0.0123173 -0.0144236 -0.0148156 -0.0136443 -0.0115297 -0.00915479 -0.00681306 -0.00434061 -0.00148711 0.00165951 0.00450488 0.00602148 0.00507268 0.00108442 -0.00525347 -0.0119454 
-0.00485584 -0.00563751 -0.0020624 0.00418989 0.0103057 0.0139303 0.0143103 0.0122372 0.00904047 0.00556242 0.00187185 -0.00228533 -0.00690156 -0.0115031 -0.0153173 -0.0175667 -0.017784 -0.0160687 -0.0130551 -0.00950144 -0.00582229 -0.00200204 0.00209514 0.00639782 0.0104822 0.0134942 0.0142343 0.0117627 0.00634817 -0.000120055 
0.00597049 0.00507886 0.00862613 0.0148009 0.0204965 0.0231657 0.0221004 0.0182916 0.0133008 0.00820192 0.00326238 -0.00170405 -0.00679311 -0.0117005 -0.015744 -0.0181169 -0.0182707 -0.0162375 -0.0126037 -0.00808841 -0.00311269 0.00222454 0.00783958 0.0134433 0.018533 0.0223451 0.0238137 0.0220099 0.0170726 0.0107768 
0.0124531 0.0117337 0.0151249 0.020874 0.025944 0.0278706 0.0260453 0.0215378 0.015959 0.010441 0.00531014 0.000367891 -0.00459257 -0.00939555 -0.0134113 -0.0158082 -0.0159946 -0.0139637 -0.0102309 -0.00539708 0.00021088 0.00645057 0.0130067 0.0192593 0.0244827 0.0279847 0.0290524 0.0271435 0.0225285 0.0167897 
0.0141837 0.0138194 0.0167969 0.0216443 0.0258083 0.0272446 0.0255105 0.0215618 0.0167499 0.0119867 0.0075076 0.00311041 -0.00140148 -0.00585319 -0.009621 -0.0118924 -0.0121137 -0.0103017 -0.00692636 -0.00246197 0.00290699 0.00908437 0.0156205 0.0216127 0.0261034 0.0284868 0.0285276 0.0262599 0.0221766 0.0175276 
0.0127818 0.0125587 0.0146366 0.018044 0.0210366 0.0222262 0.0213314 0.018958 0.0158702 0.0125048 0.00893318 0.00507277 0.000954713 -0.00308643 -0.0064157 -0.00833121 -0.00842329 -0.00679936 -0.00392948 -0.000208158 0.00430569 0.00963114 0.0153411 0.0204179 0.023766 0.0248735 0.0239484 0.0215535 0.0183229 0.0150449 
0.0100154 0.00943822 0.0100984 0.0116861 0.0134112 0.0145849 0.0149843 0.0146573 0.0135722 0.0115785 0.00862728 0.00493383 0.00096495 -0.00267321 -0.00536566 -0.00663305 -0.00630409 -0.00461843 -0.00207708 0.000942451 0.00444307 0.00857738 0.0130796 0.0170112 0.0192649 0.019404 0.0179386 0.0157778 0.0135556 0.0115414 
0.00693061 0.00555585 0.0045644 0.00435734 0.00502145 0.00640186 0.00816219 0.0097006 0.0102081 0.00905273 0.00620443 0.00230202 -0.00168176 -0.00487735 -0.00675865 -0.00714437 -0.00613599 -0.00409894 -0.00156352 0.00106468 0.00377307 0.0068083 0.0101247 0.0129982 0.0144154 0.0139909 0.0123817 0.0106564 0.00934326 0.00822122 
0.00411172 0.00175702 -0.000704354 -0.00225363 -0.00220072 -0.000478168 0.00229632 0.00494447 0.00614535 0.00508263 0.00192003 -0.00228522 -0.00618377 -0.008791 -0.00975494 -0.00919327 -0.00742657 -0.00488242 -0.00208208 0.000530749 0.00286448 0.0051749 0.00759472 0.00965349 0.0105046 0.00981674 0.0082841 0.00698969 0.00630107 0.00560395 
0.00208193 -0.00116734 -0.00463785 -0.00692209 -0.00709216 -0.00516101 -0.00208605 0.000609086 0.00148906 -0.000100153 -0.00368375 -0.00792635 -0.011374 -0.0131534 -0.013161 -0.0117466 -0.00932636 -0.00628477 -0.00307159 -0.000149312 0.00227402 0.00436292 0.00631346 0.0078623 0.0083698 0.00759599 0.0062155 0.0052163 0.00478399 0.00405947 
0.00127125 -0.00256145 -0.0065123 -0.00910635 -0.00948511 -0.00785553 -0.00537056 -0.00357659 -0.00368624 -0.005998 -0.00975704 -0.0135681 -0.0161437 -0.0168999 -0.0159976 -0.0139113 -0.011014 -0.00754988 -0.00385121 -0.000383107 0.00251468 0.00484188 0.00673834 0.00806011 0.00837769 0.00758439 0.00631692 0.00540262 0.00486686 0.00378905 
0.00164795 -0.00226794 -0.006219 -0.00898879 -0.00992642 -0.00928725 -0.00809169 -0.00760566 -0.00869677 -0.0113878 -0.0148452 -0.0178282 -0.0193548 -0.0191481 -0.017546 -0.0150173 -0.0117928 -0.00794662 -0.00371725 0.000399416 0.00392483 0.00668476 0.00871978 0.00994601 0.0101159 0.00925851 0.00796316 0.0068905 0.00599015 0.00447025 
0.00242822 -0.00104343 -0.00462977 -0.00758538 -0.00942832 -0.0101798 -0.0103906 -0.0108836 -0.0122879 -0.0146334 -0.0172868 -0.0193046 -0.0199849 -0.0192105 -0.01731 -0.014609 -0.0111602 -0.00692972 -0.00217155 0.002502 0.00646376 0.00942883 0.0114172 0.0124361 0.0123863 0.0113658 0.00986813 0.00841535 0.00701177 0.00515665 
0.00233602 -0.000442625 -0.00350984 -0.00660636 -0.00929636 -0.0111818 -0.0122226 -0.0128382 -0.0136235 -0.0148858 -0.016393 -0.0175441 -0.0178041 -0.0170063 -0.0152612 -0.0126345 -0.009017 -0.00438678 0.000836103 0.00581302 0.00975376 0.0123638 0.0138117 0.0143224 0.0139387 0.0127042 0.0108971 0.00890007 0.00688586 0.00475448 
0.000430964 -0.00187145 -0.00451225 -0.00755817 -0.0105442 -0.0127314 -0.0136703 -0.0135573 -0.013074 -0.0128705 -0.0131407 -0.0136012 -0.0137927 -0.0133546 -0.0120401 -0.00959137 -0.00577983 -0.000708043 0.00491806 0.00995175 0.0134229 0.0151024 0.0154679 0.015123 0.0142954 0.0128701 0.0107594 0.0081341 0.00535598 0.00275928 
-0.00316715 -0.00549301 -0.0079082 -0.0105921 -0.0131089 -0.0146949 -0.0148402 -0.0136735 -0.0118899 -0.0103205 -0.00947496 -0.00935472 -0.00956948 -0.00954318 -0.00864327 -0.00628815 -0.00217074 0.00342362 0.00946101 0.0144645 0.0172687 0.0177123 0.0166363 0.0151286 0.0136963 0.0120809 0.00975612 0.00656369 0.00293778 -0.000430134 
-0.00734677 -0.0100442 -0.0123145 -0.0143115 -0.0158013 -0.0163601 -0.0156871 -0.013826 -0.0112456 -0.00870935 -0.00693036 -0.0062147 -0.00631266 -0.00650233 -0.00582141 -0.00340511 0.00111324 0.00727472 0.013752 0.018775 0.0209819 0.0202194 0.0176099 0.0147084 0.0124034 0.0104636 0.00802837 0.00453925 0.000283467 -0.00389455 
-0.0107989 -0.0137609 -0.0157377 -0.0168406 -0.0172156 -0.0169881 -0.0160984 -0.0143133 -0.011606 -0.00850229 -0.00590244 -0.00449395 -0.00426711 -0.00445094 -0.00383769 -0.00132492 0.00352784 0.0101512 0.0170083 0.022114 0.023941 0.0222699 0.0183264 0.0139682 0.010488 0.00793069 0.00539185 0.0019913 -0.00233072 -0.00686165 
-0.0128161 -0.0155467 -0.0169404 -0.0171284 -0.0167056 -0.0163215 -0.0159979 -0.0150119 -0.0126958 -0.00930677 -0.00597654 -0.0038364 -0.00318234 -0.00327449 -0.0027413 -0.000279493 0.00466373 0.0115015 0.0185939 0.0238388 0.0256013 0.0235416 0.0187738 0.0131796 0.00833976 0.00477202 0.00191435 -0.00117156 -0.00494028 -0.00906585 
-0.0134163 -0.0153897 -0.015985 -0.0154131 -0.0146318 -0.0146217 -0.0153199 -0.0154788 -0.0138534 -0.0104813 -0.00669874 -0.00401821 -0.00302108 -0.00305361 -0.00267255 -0.000429862 0.00436472 0.0111985 0.0184409 0.0239712 0.0261041 0.0243369 0.0194762 0.01313 0.00695728 0.00201539 -0.001586 -0.0044896 -0.0074104 -0.0105284 
-0.0127476 -0.0138308 -0.0137438 -0.0127531 -0.011961 -0.0124493 -0.0140675 -0.015287 -0.0145417 -0.0116818 -0.00805098 -0.00529713 -0.00416283 -0.00411825 -0.00377873 -0.00167392 0.00298132 0.00979895 0.0172595 0.0233179 0.0262785 0.0254385 0.0211738 0.0146348 0.00738684 0.000972935 -0.00370217 -0.00674931 -0.00894829 -0.010947 
-0.0105875 -0.0113007 -0.0111448 -0.0102928 -0.00971707 -0.0104575 -0.0124835 -0.0144357 -0.0147528 -0.0130528 -0.0103531 -0.00808016 -0.00695635 -0.00660273 -0.0058566 -0.0034243 0.00143312 0.00842557 0.0162174 0.0229352 0.0269235 0.0272794 0.0239494 0.0176453 0.00981761 0.00237472 -0.0031466 -0.00640057 -0.00816584 -0.00943607 
-0.00689622 -0.00832042 -0.00906831 -0.00898428 -0.00871443 -0.00929127 -0.0111427 -0.0135129 -0.0150573 -0.0150331 -0.0138132 -0.0123191 -0.0111184 -0.0100024 -0.00817111 -0.0047208 0.000838151 0.00820946 0.0162663 0.0234072 0.0281145 0.0293704 0.0268275 0.0209591 0.013223 0.00575295 0.000321743 -0.00267277 -0.00417068 -0.0054033 
-0.00299067 -0.00626597 -0.00875024 -0.00976739 -0.00964759 -0.00963476 -0.0109167 -0.0135253 -0.0163014 -0.0179842 -0.0181736 -0.0172439 -0.0156092 -0.0132406 -0.0097497 -0.00474436 0.00185002 0.00960366 0.0175749 0.0245144 0.0291789 0.0306004 0.0283454 0.0228883 0.0158378 0.00942152 0.00521891 0.00317413 0.00189643 -3.256e-05 
-0.00153346 -0.00714416 -0.0114936 -0.01338 -0.013026 -0.0121327 -0.012713 -0.0154243 -0.0190772 -0.0218352 -0.0226738 -0.0216389 -0.0191148 -0.0152396 -0.0099621 -0.00336241 0.00418808 0.0120551 0.0194322 0.0254441 0.0292317 0.0300424 0.0275227 0.0222636 0.01605 0.0111065 0.00860347 0.00777392 0.0066063 0.00351219 
-0.00471367 -0.0119629 -0.0173814 -0.0194742 -0.0185792 -0.0168523 -0.0168245 -0.0193763 -0.0231132 -0.0258042 -0.026183 -0.0242965 -0.0206306 -0.01543 -0.00881569 -0.00116206 0.00683564 0.0143681 0.0207161 0.0253237 0.0277271 0.0274653 0.0243097 0.0188959 0.0130489 0.00894274 0.00746013 0.00732982 0.00607061 0.00195992 
-0.0124959 -0.0195515 -0.0245853 -0.0261935 -0.0248515 -0.0227605 -0.0223417 -0.0242779 -0.0270355 -0.0284283 -0.0274122 -0.0242812 -0.0196401 -0.0137268 -0.00665278 0.00113574 0.0088249 0.0155372 0.0206119 0.0236982 0.0246294 0.023196 0.0192331 0.0132421 0.00686782 0.0022226 0.000261064 -0.000203666 -0.00165048 -0.00584571 
-0.0227706 -0.027392 -0.0305299 -0.0312228 -0.0298672 -0.0280538 -0.0274155 -0.0281874 -0.0289871 -0.0281992 -0.0253672 -0.0210978 -0.0160104 -0.0102111 -0.00367252 0.00326318 0.00986071 0.0153025 0.0189797 0.0206235 0.0202088 0.0176655 0.0128025 0.00584055 -0.00193013 -0.00845756 -0.012352 -0.0140696 -0.0155136 -0.0183685 
-0.0327572 -0.0333808 -0.0336918 -0.0333109 -0.0322814 -0.0310946 -0.0302197 -0.0294183 -0.0277491 -0.0245038 -0.0199544 -0.0149573 -0.0100325 -0.00509209 7.69774e-05 0.00533835 0.0101804 0.013956 0.0161247 0.0164139 0.0147976 0.0112175 0.00539033 -0.00277116 -0.012358 -0.0213625 -0.0277897 -0.0310153 -0.0320108 -0.0322937 
-0.0399906 -0.0365255 -0.0340156 -0.0325386 -0.0316937 -0.0309047 -0.0296073 -0.0272208 -0.0232972 -0.0179881 -0.0121885 -0.00691987 -0.00259694 0.00101492 0.00429237 0.00735294 0.00999946 0.0118343 0.0124185 0.0114505 0.00881472 0.00435317 -0.00235213 -0.0116135 -0.0227638 -0.0337844 -0.0421589 -0.0463168 -0.0463757 -0.0437089 
-0.042723 -0.0365263 -0.0320102 -0.0294294 -0.0281333 -0.0270437 -0.0251188 -0.0216218 -0.0163689 -0.00997607 -0.00367676 0.00140658 0.00487578 0.00699664 0.00824604 0.00898689 0.00935259 0.0092197 0.00828757 0.00626146 0.00292796 -0.00203543 -0.00921314 -0.0190245 -0.0308251 -0.0425145 -0.051339 -0.0553269 -0.0542069 -0.0492979 
-0.0406169 -0.0337087 -0.0282773 -0.0245191 -0.0219171 -0.0196769 -0.0169706 -0.0130845 -0.00776914 -0.00160935 0.00416453 0.00844445 0.0108308 0.0115555 0.0110989 0.00993929 0.00841323 0.00660363 0.00437293 0.00153383 -0.00211879 -0.00702944 -0.0139438 -0.0233185 -0.0344022 -0.0450355 -0.0526196 -0.0554584 -0.0534379 -0.0478293 
-0.0355578 -0.0296295 -0.024029 -0.018856 -0.0141276 -0.00996524 -0.0062759 -0.00252108 0.00180276 0.00645063 0.0104808 0.0130613 0.01402 0.0136455 0.0122798 0.0101978 0.00761752 0.00464931 0.00132515 -0.00227442 -0.00610582 -0.0105229 -0.0163333 -0.0240513 -0.0329352 -0.0410101 -0.0462469 -0.0477104 -0.0457102 -0.0412594 
-0.0311757 -0.0268834 -0.0210855 -0.0139805 -0.00643589 0.000225986 0.00518689 0.00872708 0.0115583 0.0137797 0.0149049 0.0147706 0.0138935 0.0128429 0.0116409 0.00990299 0.00728649 0.00369189 -0.000691961 -0.00534536 -0.00965985 -0.0135377 -0.0176337 -0.0226146 -0.0281325 -0.0328663 -0.0356868 -0.0364978 -0.0358479 -0.0340944 
-0.030426 -0.0271352 -0.0202546 -0.0104428 0.000364301 0.00969845 0.0160263 0.0194375 0.0206957 0.0200529 0.0175227 0.0139609 0.0110059 0.0097004 0.00956827 0.0091767 0.00728056 0.00340061 -0.0021418 -0.00829791 -0.0136601 -0.0173309 -0.0195631 -0.0212902 -0.0230399 -0.0246381 -0.0259529 -0.0273688 -0.029157 -0.0306552 
-0.0327797 -0.0288314 -0.0195196 -0.00634963 0.00758353 0.0189903 0.0261185 0.0291311 0.0287592 0.0252161 0.0189668 0.0119842 0.00711649 0.00584918 0.00709145 0.00826398 0.00720228 0.00307633 -0.00366669 -0.0115067 -0.0182527 -0.0221027 -0.0227786 -0.0215448 -0.020095 -0.0196058 -0.0207089 -0.0236632 -0.0279489 -0.0318188 
-0.0338134 -0.0273093 -0.0145682 0.00180545 0.0176931 0.0295433 0.0360551 0.0378434 0.0356297 0.029479 0.0201846 0.0106116 0.00446482 0.00337762 0.00561479 0.00769468 0.00688049 0.00225101 -0.00556631 -0.0147517 -0.0226332 -0.0267632 -0.0264344 -0.0232058 -0.0198074 -0.0184871 -0.0201577 -0.0244516 -0.0298947 -0.0339904 
-0.0284389 -0.0181796 -0.00209447 0.0160883 0.0316503 0.0415305 0.0455695 0.0451554 0.0409993 0.0329049 0.0217878 0.0109785 0.00445995 0.00361756 0.0061232 0.0080179 0.00650641 0.000948277 -0.00772394 -0.0175591 -0.0258379 -0.0299841 -0.0291667 -0.0251159 -0.0210713 -0.0196741 -0.0216139 -0.0257909 -0.0301002 -0.0318885 
-0.0153859 -0.00133341 0.0169154 0.0346819 0.0472517 0.0528271 0.0529259 0.0498391 0.0441363 0.0351508 0.0236341 0.012949 0.00688183 0.0063218 0.00847641 0.00929167 0.00631176 -0.000544191 -0.00990645 -0.0197541 -0.0276405 -0.0313625 -0.0303391 -0.0263659 -0.0225575 -0.0211825 -0.0223557 -0.0245124 -0.025535 -0.023193 
0.0013635 0.0183713 0.0372596 0.0526826 0.0604608 0.0605428 0.0563111 0.0508824 0.0445042 0.0358169 0.025119 0.0154907 0.0103189 0.0100178 0.0115353 0.0109493 0.00626654 -0.0019992 -0.0120039 -0.0216081 -0.028691 -0.0316599 -0.0304651 -0.0269866 -0.0238286 -0.0223692 -0.0219701 -0.0209315 -0.0176504 -0.0106697 
0.0156119 0.0345217 0.0530286 0.0654635 0.0684302 0.063552 0.0557739 0.0488134 0.0425685 0.034983 0.0257664 0.0175408 0.0132796 0.0131143 0.0139777 0.0121849 0.00610806 -0.00334354 -0.0139746 -0.023473 -0.029886 -0.0321397 -0.0307711 -0.027847 -0.0254659 -0.0240296 -0.0221224 -0.0180204 -0.0107785 0.000225763 
0.0232105 0.0432462 0.0611733 0.0713972 0.0712471 0.063381 0.0535465 0.04576 0.0398077 0.0333064 0.0255151 0.0185374 0.0149238 0.0146823 0.0149427 0.012339 0.00547584 -0.00462706 -0.0156962 -0.0253413 -0.0316355 -0.0337349 -0.0325175 -0.030204 -0.0286024 -0.0274527 -0.0247346 -0.0186024 -0.00852332 0.00544607 
0.0237715 0.0445654 0.0623137 0.0719096 0.071162 0.0628304 0.0525043 0.0441911 0.0379729 0.0317708 0.0247613 0.0185515 0.0151813 0.0145507 0.0141214 0.0109759 0.00393907 -0.0060726 -0.0170661 -0.0269061 -0.0337792 -0.0367925 -0.0366497 -0.0353559 -0.0345356 -0.0337658 -0.0308232 -0.0236659 -0.0117912 0.00429599 
0.0195433 0.0410122 0.0591309 0.069621 0.0705092 0.0638453 0.0542703 0.0455295 0.0383329 0.0314644 0.0244031 0.018336 0.0146927 0.0132004 0.0117296 0.00798642 0.00114067 -0.00807847 -0.0183074 -0.0281543 -0.0362459 -0.0415025 -0.0438491 -0.0444225 -0.0444878 -0.0438561 -0.0406111 -0.0326492 -0.0193008 -0.0013815 
0.0134592 0.0355619 0.0542923 0.0664129 0.070053 0.0662078 0.0582266 0.0494089 0.0411121 0.0331479 0.0254904 0.0190186 0.0145628 0.0116542 0.00861396 0.003912 -0.00278692 -0.0109285 -0.0199957 -0.0297321 -0.0395454 -0.0481785 -0.0543645 -0.0577811 -0.058977 -0.0580791 -0.0538226 -0.0443462 -0.0289773 -0.00893784 
0.00783081 0.0303223 0.0493271 0.0627169 0.0688105 0.0677493 0.0617462 0.0535559 0.0448661 0.036231 0.0280533 0.0210309 0.0155411 0.0109623 0.0060372 -7.23998e-06 -0.00696004 -0.0143728 -0.0225411 -0.032373 -0.0441456 -0.0565237 -0.0670738 -0.0738928 -0.0765499 -0.0752128 -0.0691918 -0.0571136 -0.0387497 -0.0160724 
0.00412596 0.0264179 0.0448713 0.0583403 0.0654485 0.0659765 0.0615205 0.0543987 0.0462724 0.0379518 0.030015 0.0230295 0.0170658 0.0113596 0.00491471 -0.00247775 -0.0101309 -0.0175684 -0.0255702 -0.0358105 -0.0492013 -0.0644842 -0.0785803 -0.0885155 -0.0929137 -0.0914834 -0.0835784 -0.0683084 -0.0463808 -0.0209478 
0.00351851 0.0246779 0.0416266 0.0538093 0.0599963 0.0599833 0.0554217 0.0486759 0.0413996 0.0343334 0.027885 0.0223271 0.0173704 0.0119818 0.00515888 -0.00302715 -0.0115094 -0.0195587 -0.0279176 -0.038405 -0.0522 -0.0683468 -0.0839494 -0.0958763 -0.102095 -0.101322 -0.0922057 -0.0741265 -0.0490879 -0.0217138 
0.00717852 0.0260505 0.040709 0.0505983 0.0541044 0.0510511 0.0437488 0.0354207 0.0282375 0.0228791 0.0192316 0.0168616 0.0148111 0.0115363 0.00578076 -0.00231088 -0.0113007 -0.0199166 -0.028348 -0.0380419 -0.0502205 -0.0645432 -0.0791174 -0.0915302 -0.0994056 -0.100043 -0.0907446 -0.0709575 -0.0441885 -0.016578 
0.0156531 0.0310892 0.0428916 0.0499649 0.0496681 0.0415853 0.02903 0.0168494 0.00843025 0.00463349 0.00458531 0.00669602 0.00895594 0.00909218 0.00548169 -0.00170068 -0.0105591 -0.0190214 -0.0263943 -0.0335374 -0.0417589 -0.0516816 -0.0629856 -0.0745059 -0.083695 -0.0861964 -0.0776398 -0.0574492 -0.0306884 -0.004843 
0.0280846 0.0391569 0.047672 0.0517716 0.0474275 0.0336756 0.0147776 -0.00255784 -0.0133614 -0.0163233 -0.0130352 -0.0063851 0.000398081 0.00424006 0.00316762 -0.00256627 -0.0105353 -0.017765 -0.0226089 -0.0253864 -0.0276674 -0.0312764 -0.0376933 -0.0471728 -0.0571007 -0.0615223 -0.0544192 -0.0351317 -0.0100683 0.0122805 
0.0423693 0.0483527 0.0531495 0.0543461 0.0466489 0.0283333 0.0040891 -0.0180576 -0.0317906 -0.0351549 -0.0300188 -0.0201805 -0.00988612 -0.00293363 -0.00160608 -0.00556402 -0.0119069 -0.0168848 -0.0180652 -0.0153742 -0.010703 -0.00701607 -0.00746532 -0.0136968 -0.0232806 -0.0291539 -0.0240141 -0.006979 0.0147691 0.0322524 
0.0562628 0.0563677 0.0567868 0.0551605 0.045502 0.0252048 -0.00155058 -0.0266434 -0.0431504 -0.0483287 -0.0435465 -0.0326894 -0.0205474 -0.0115056 -0.00816432 -0.0101627 -0.0143068 -0.016398 -0.0135596 -0.0054603 0.0058852 0.0168303 0.0230115 0.0214958 0.0140221 0.00783251 0.0108491 0.024361 0.0412389 0.0526685 
0.0685065 0.0617714 0.0567597 0.0520508 0.0418683 0.0227069 -0.00289017 -0.028223 -0.0466842 -0.0546293 -0.0520908 -0.0421634 -0.0297047 -0.0195857 -0.0147459 -0.0148463 -0.0165785 -0.0156847 -0.00926394 0.00315392 0.0198025 0.0370775 0.0500754 0.0547174 0.0514192 0.0465002 0.0477123 0.0568728 0.0677041 0.0721712 
0.079025 0.0648151 0.0532497 0.044741 0.0347717 0.019117 -0.00223483 -0.0252763 -0.0444595 -0.0551705 -0.0555667 -0.047447 -0.0355179 -0.025105 -0.0194397 -0.0181194 -0.0177631 -0.0143271 -0.00524496 0.00996427 0.0300954 0.0522464 0.0716049 0.0831236 0.0854487 0.0831702 0.083257 0.0880521 0.0926136 0.0900548 
0.088076 0.0669184 0.0484264 0.0353733 0.025383 0.01394 -0.00181137 -0.0211076 -0.0397819 -0.0522985 -0.0549393 -0.048292 -0.037018 -0.0268923 -0.0212786 -0.0194956 -0.0179724 -0.0129324 -0.00230753 0.0142697 0.0362178 0.0616129 0.0860872 0.103867 0.11187 0.112812 0.11265 0.114087 0.113533 0.10527 
0.0959058 0.0696926 0.0451027 0.0272013 0.0161925 0.00790635 -0.00282528 -0.0181574 -0.0352498 -0.0479467 -0.0512332 -0.0450418 -0.0342406 -0.0249641 -0.0204532 -0.0195129 -0.0182156 -0.0129261 -0.00201131 0.01471 0.0370828 0.0639931 0.0915731 0.113705 0.12618 0.130344 0.131176 0.131345 0.128152 0.116787 
0.104926 0.0759521 0.0465098 0.0234792 0.00968131 0.00207632 -0.00561668 -0.0175365 -0.0320344 -0.04301 -0.0451426 -0.0384101 -0.0280202 -0.0202114 -0.0178181 -0.0189975 -0.0193915 -0.0153487 -0.00548403 0.0101922 0.0316477 0.0582036 0.0864764 0.110597 0.126211 0.134028 0.138045 0.140195 0.137844 0.126624 
0.123089 0.092639 0.0584239 0.028797 0.0091857 -0.00147124 -0.00913767 -0.0188711 -0.0302131 -0.0380266 -0.0377477 -0.0299512 -0.0201125 -0.0142349 -0.0145374 -0.0185526 -0.0215658 -0.0198507 -0.0121212 0.00143228 0.0206552 0.0450369 0.0718443 0.0962491 0.11479 0.128142 0.139071 0.14784 0.150786 0.143232 
0.162835 0.130585 0.0896998 0.0502791 0.0205834 0.00220707 -0.00940823 -0.0194233 -0.0285735 -0.0333489 -0.0306502 -0.0219436 -0.0128594 -0.00896147 -0.0118235 -0.0185026 -0.0240936 -0.0248541 -0.0195815 -0.00868391 0.00742583 0.028363 0.0524068 0.0765942 0.0992494 0.121439 0.144397 0.165786 0.179618 0.179689 
0.231831 0.196538 0.146114 0.0933211 0.0496192 0.0193796 -0.000291431 -0.0142735 -0.024213 -0.0281509 -0.0245094 -0.0157199 -0.00762345 -0.00543343 -0.0102321 -0.0187803 -0.0261246 -0.0286021 -0.0251741 -0.0165611 -0.00351679 0.0137371 0.0347899 0.0591116 0.0874481 0.121691 0.161574 0.201596 0.232185 0.244024 
0.321009 0.281759 0.220236 0.152858 0.0943773 0.0512269 0.0214333 0.000304747 -0.0140797 -0.0204181 -0.0180624 -0.0103248 -0.0035138 -0.00281387 -0.00903648 -0.0187363 -0.0269314 -0.0300662 -0.0273356 -0.0198635 -0.00883447 0.00560756 0.0242994 0.0491672 0.0835813 0.130691 0.189255 0.250788 0.301519 0.327736 
0.402444 0.35957 0.288687 0.210147 0.141338 0.0892514 0.0513669 0.0227249 0.0019049 -0.00912647 -0.00968932 -0.00376471 0.00157407 0.000810909 -0.00674942 -0.0174047 -0.0260266 -0.029094 -0.0260214 -0.0183522 -0.00777446 0.00540811 0.0227904 0.0481105 0.0868976 0.14367 0.217012 0.29655 0.365005 0.404258 
0.443713 0.399066 0.324267 0.24261 0.172526 0.119671 0.0794675 0.0462348 0.0197454 0.00383894 0.000164591 0.00438059 0.00849215 0.0064063 -0.00253307 -0.0142601 -0.0233374 -0.0261548 -0.0222492 -0.0134792 -0.00200277 0.0114662 0.0285451 0.0536204 0.0932407 0.152861 0.23164 0.319064 0.396402 0.442755 
