0.518276 0.45588 0.331836 0.212449 0.124688 0.0673369 0.031271 0.00679484 -0.0103639 -0.0196024 -0.0215274 -0.019735 -0.0179742 -0.0175987 -0.017399 -0.0154196 -0.0114013 -0.00660893 -0.000172345 0.0102263 0.0202124 0.0195703 0.00900121 0.00450881 0.0165274 0.042385 0.0898238 0.183715 0.327396 0.466291 
0.519286 0.455354 0.325982 0.198411 0.103426 0.0450114 0.0133086 -0.00696006 -0.0220017 -0.0283854 -0.0253631 -0.0190277 -0.0159151 -0.017174 -0.0190717 -0.0175812 -0.0124323 -0.00643292 -0.000178115 0.00833243 0.0157914 0.0139015 0.003782 -0.00122002 0.00677522 0.0264728 0.0699491 0.165802 0.31698 0.463815 
0.386544 0.347106 0.252872 0.151876 0.0725831 0.0242782 -0.000869603 -0.0176032 -0.0298829 -0.032478 -0.0254543 -0.0169514 -0.0143907 -0.0178262 -0.0215567 -0.0204199 -0.0143564 -0.00715595 -0.000674383 0.00625341 0.0115722 0.00972592 0.00120423 -0.0059811 -0.00716667 -0.000972617 0.0265529 0.0997167 0.218793 0.336202 
0.206902 0.198093 0.151818 0.0910124 0.0399366 0.0114471 -0.00160538 -0.0127833 -0.0232463 -0.0259281 -0.0201179 -0.0132536 -0.0122444 -0.0168009 -0.0209421 -0.0196089 -0.0129907 -0.00507485 0.00143721 0.00680647 0.0105827 0.0104052 0.00564719 -0.0021148 -0.0122552 -0.0212168 -0.0142599 0.0261714 0.0968628 0.168369 
0.0596403 0.0707164 0.0607168 0.034005 0.0110441 0.00565122 0.00951675 0.00823601 0.000266105 -0.00663602 -0.00790312 -0.00622388 -0.00708735 -0.011784 -0.0159044 -0.0149194 -0.00875854 -0.000957631 0.00523548 0.00924734 0.0123239 0.0153289 0.0167281 0.0121447 -0.00212505 -0.0219102 -0.0326267 -0.0218613 0.00562091 0.0356488 
-0.0272797 -0.00779394 0.00187562 -0.00320211 -0.00575809 0.00688579 0.0256799 0.0356748 0.0323767 0.0213163 0.0109654 0.00540887 0.00152695 -0.00426857 -0.00976857 -0.0106481 -0.00606085 0.00106376 0.00694709 0.0101527 0.0133157 0.0202944 0.0292494 0.0309182 0.0175271 -0.00720784 -0.0296881 -0.0404203 -0.042653 -0.0399205 
-0.0607077 -0.0369285 -0.0186923 -0.0136486 -0.00624758 0.0146095 0.0403564 0.0576194 0.0595455 0.0473019 0.030032 0.017093 0.00876697 0.000718924 -0.00665057 -0.00954091 -0.00664315 -0.000398586 0.00515148 0.00796878 0.0115025 0.0217557 0.036969 0.04451 0.0337291 0.00801352 -0.0202616 -0.0433068 -0.0611104 -0.07003 
-0.0575534 -0.0306282 -0.0111212 -0.00600403 0.000898855 0.020475 0.0453022 0.0642779 0.0697322 0.0587991 0.0385666 0.0206541 0.00898438 0.000340719 -0.00651369 -0.00946974 -0.00747018 -0.002313 0.00253059 0.00517424 0.00918523 0.0208491 0.0380576 0.0472208 0.0378895 0.014196 -0.0133482 -0.0392794 -0.0609484 -0.0701023 
-0.032268 -0.00624035 0.00752161 0.00461292 0.00292687 0.0144816 0.0337712 0.0511701 0.0583175 0.0500464 0.0313803 0.0138346 0.00333397 -0.00226427 -0.00587445 -0.00739722 -0.00597741 -0.00232466 0.0014304 0.00425805 0.00925476 0.0208824 0.0356537 0.0415674 0.0322715 0.0137959 -0.00656802 -0.0272439 -0.0447631 -0.0487683 
0.00676943 0.025417 0.0268822 0.0115086 -0.0018806 -0.00110086 0.0103271 0.023909 0.0310689 0.0264906 0.0140158 0.00294552 -0.00178428 -0.00243096 -0.00280718 -0.00361608 -0.00348911 -0.00177867 0.000821948 0.00413218 0.010382 0.0213573 0.0319761 0.0332569 0.024543 0.0137292 0.00443898 -0.00571537 -0.0139628 -0.0108014 
0.0507893 0.0576645 0.0438105 0.0157762 -0.00738976 -0.0153144 -0.0114803 -0.00359818 0.00167284 0.00123228 -0.00235031 -0.00415396 -0.00235114 0.000454999 0.00105666 -0.000691784 -0.00258717 -0.00286588 -0.00128646 0.00216569 0.00865581 0.0181711 0.0255009 0.0248806 0.0194264 0.0172973 0.0196528 0.0219254 0.0250955 0.0352736 
0.084064 0.0809129 0.0552477 0.0179062 -0.0115467 -0.0237934 -0.0237285 -0.0199163 -0.0165798 -0.0135802 -0.00971023 -0.00477401 0.000242182 0.00329447 0.00274519 -0.000636487 -0.00415016 -0.00560821 -0.00469837 -0.00196416 0.00286152 0.00968176 0.0152123 0.0163721 0.0166413 0.0223093 0.0335407 0.045594 0.0575228 0.0718672 
0.0929337 0.0863068 0.0571582 0.0164365 -0.0163809 -0.0301416 -0.0291763 -0.0241618 -0.0198326 -0.0146018 -0.00784583 -0.001693 0.00217868 0.00310347 0.000775804 -0.00361887 -0.00733851 -0.0084648 -0.00746713 -0.0058393 -0.00370264 -7.09604e-05 0.00443372 0.00848739 0.0139061 0.0239743 0.038215 0.0530066 0.0673813 0.0825151 
0.079956 0.0751868 0.0497249 0.0121731 -0.0207473 -0.0355546 -0.0324799 -0.0226122 -0.0139834 -0.00697219 -0.00127302 0.00169521 0.00188033 0.000170393 -0.00334296 -0.00777359 -0.0105756 -0.0103156 -0.00845295 -0.00721023 -0.00666754 -0.00504664 -0.00160323 0.00311779 0.00986229 0.0197808 0.0313457 0.0423091 0.0541726 0.0688661 
0.0603896 0.0587109 0.0395454 0.00951345 -0.0198598 -0.0355091 -0.0324953 -0.0190115 -0.00574307 0.00296823 0.00630117 0.00484193 0.00123409 -0.00242303 -0.00640827 -0.010535 -0.012503 -0.0110955 -0.0082081 -0.00618805 -0.00501889 -0.0033159 -0.000999212 0.00136156 0.00515963 0.011609 0.018407 0.0240906 0.0328898 0.0476714 
0.0448146 0.0451232 0.0317625 0.0106559 -0.0118033 -0.0257742 -0.0237686 -0.0101131 0.00459436 0.0133728 0.014115 0.00892601 0.00253218 -0.00240133 -0.00673656 -0.0109275 -0.0128943 -0.0113077 -0.00784117 -0.0045329 -0.00139769 0.00188616 0.00378745 0.00312451 0.00230356 0.00388823 0.00617101 0.00845953 0.0160398 0.0312974 
0.0314315 0.0321904 0.0237221 0.0116461 -0.00114188 -0.0088366 -0.00526949 0.00698003 0.0194083 0.0255378 0.0230938 0.0147548 0.00603881 -0.000300841 -0.00543962 -0.0101691 -0.0126799 -0.0115535 -0.00801134 -0.00367631 0.0013173 0.0064093 0.00893429 0.0070452 0.00311717 0.000347005 -0.001514 -0.00165484 0.00506274 0.0193492 
0.0153564 0.0157348 0.0119989 0.00822979 0.0053496 0.00635757 0.0142114 0.0257671 0.0349292 0.0375325 0.0319943 0.0209456 0.00990446 0.0017499 -0.00450391 -0.00972887 -0.0126185 -0.0120404 -0.00883128 -0.00412997 0.00182198 0.00799486 0.0115514 0.0105573 0.00665261 0.0022667 -0.00232815 -0.00528956 -0.00190909 0.00763129 
-0.000686568 1.85182e-05 0.00108785 0.00315021 0.00636005 0.01315 0.0240391 0.0349797 0.0418232 0.0423489 0.035418 0.0232295 0.0109804 0.00182769 -0.00474622 -0.00968999 -0.0124564 -0.0124834 -0.0102451 -0.00621419 -0.000494536 0.00589493 0.0105964 0.0119524 0.0107789 0.00820237 0.00365528 -0.0017886 -0.004246 -0.00271443 
-0.00835889 -0.00528292 4.00985e-05 0.00402357 0.0071551 0.0131732 0.0220155 0.0298878 0.0344371 0.0345204 0.0287739 0.0183656 0.00757123 -0.000440087 -0.00579925 -0.00959111 -0.0119322 -0.0126754 -0.0119264 -0.00951002 -0.00507787 0.000964823 0.00699395 0.0112342 0.0133643 0.0135888 0.0107991 0.00468403 -0.00225136 -0.00714024 
-0.00333196 0.00356077 0.0112473 0.0130865 0.0108204 0.0104301 0.0126943 0.0149203 0.0164386 0.0169795 0.014691 0.00889342 0.00193879 -0.00345547 -0.00694233 -0.00943245 -0.0112623 -0.0123822 -0.0127229 -0.0118953 -0.00915496 -0.00402225 0.002645 0.00864753 0.0123871 0.0137402 0.0124673 0.00812218 0.00172298 -0.00355698 
0.00947409 0.0187913 0.0255824 0.0224775 0.0129843 0.00529501 0.00134857 -0.000969506 -0.00163282 -0.000115054 0.00161903 0.00096555 -0.00205722 -0.00531042 -0.00758336 -0.00912266 -0.0102225 -0.0109424 -0.0113444 -0.0112529 -0.0099109 -0.00636856 -0.000911078 0.00439896 0.00764795 0.00888995 0.00912493 0.00851687 0.00673104 0.00559474 
0.0198802 0.0277981 0.0310149 0.0233376 0.00934409 -0.00182373 -0.00749497 -0.0100779 -0.0103779 -0.00785424 -0.00404325 -0.00211965 -0.00328271 -0.00571752 -0.0074902 -0.00827486 -0.00844857 -0.0083348 -0.0081906 -0.00810492 -0.00761665 -0.00593078 -0.00310185 -0.000366211 0.00136818 0.00284616 0.00557125 0.00945139 0.0125056 0.0148089 
0.0214687 0.0243567 0.0236405 0.0151602 0.00238036 -0.00711871 -0.0104574 -0.0100273 -0.00812881 -0.00530888 -0.00251303 -0.00166554 -0.00328658 -0.00558503 -0.00684037 -0.00693734 -0.00648552 -0.00587895 -0.00531441 -0.00502831 -0.00496547 -0.00468798 -0.00421721 -0.00410383 -0.00409163 -0.00243121 0.00271964 0.0104184 0.0166132 0.0193611 
0.0154696 0.0122496 0.00878116 0.00347355 -0.00319743 -0.00773322 -0.00769083 -0.00429899 -0.00054032 0.00169269 0.0018556 -9.75403e-05 -0.00314477 -0.00540148 -0.00603113 -0.00570802 -0.00525952 -0.00483013 -0.00429705 -0.00392889 -0.00402173 -0.00438054 -0.00502654 -0.00641538 -0.00799595 -0.00734597 -0.0018275 0.00766603 0.0156573 0.0177906 
0.00648959 -0.000397089 -0.00495119 -0.00611182 -0.00609341 -0.0058632 -0.00382064 0.000594356 0.00493097 0.00657286 0.00503438 0.00129928 -0.00270447 -0.00500882 -0.00534431 -0.00498159 -0.00492527 -0.00507768 -0.00497332 -0.00474031 -0.00479599 -0.00513056 -0.00589042 -0.00773986 -0.0104513 -0.011673 -0.00815685 0.00028774 0.00858558 0.0109041 
-0.00235169 -0.00859455 -0.0122458 -0.0108807 -0.0076765 -0.00582367 -0.00393985 8.1557e-05 0.0045918 0.00666742 0.00546934 0.00189246 -0.00212027 -0.00449162 -0.00486314 -0.00461876 -0.00490262 -0.00556645 -0.00597699 -0.00603129 -0.00595692 -0.00582639 -0.00610601 -0.00778814 -0.0110036 -0.0138953 -0.0134084 -0.00836402 -0.00191251 0.000836974 
-0.00986324 -0.0128731 -0.0141931 -0.0120955 -0.00958982 -0.00934085 -0.00900312 -0.00556003 -0.000459685 0.00300689 0.00343362 0.00116257 -0.00217867 -0.00439906 -0.00478185 -0.004529 -0.00480327 -0.0055199 -0.00614157 -0.00645473 -0.00626732 -0.0054314 -0.00474192 -0.00569334 -0.00875357 -0.0125708 -0.0147987 -0.0139266 -0.0109815 -0.00889831 
-0.0147922 -0.0154028 -0.0147402 -0.012837 -0.0124961 -0.0147035 -0.0158122 -0.0126792 -0.00705596 -0.00241332 -0.000433084 -0.00121162 -0.00349709 -0.00519384 -0.00535341 -0.00485787 -0.00472353 -0.0049987 -0.00545161 -0.00588484 -0.00560857 -0.00401492 -0.00205766 -0.00177009 -0.00400538 -0.00785225 -0.0117088 -0.0141264 -0.0147127 -0.0145016 
-0.0157369 -0.016339 -0.0155145 -0.0143213 -0.0153352 -0.0184316 -0.0197852 -0.0170186 -0.0120367 -0.00768617 -0.00524014 -0.00493126 -0.00596443 -0.00672308 -0.00636375 -0.00545288 -0.00475578 -0.00447877 -0.0047138 -0.00524606 -0.00493261 -0.00273007 0.000387775 0.00200467 0.00094498 -0.00218962 -0.00633223 -0.0102293 -0.0128864 -0.0144914 
-0.0131421 -0.0149494 -0.0155022 -0.0153334 -0.0162049 -0.0179914 -0.0184012 -0.0164692 -0.0136013 -0.011093 -0.00930021 -0.00846567 -0.00833175 -0.0080057 -0.00703336 -0.0057892 -0.00475762 -0.00422057 -0.00447274 -0.00523487 -0.00504335 -0.0025606 0.00127936 0.00382258 0.00365179 0.00130582 -0.00227093 -0.00602449 -0.00892557 -0.0110465 
-0.00987335 -0.0122744 -0.0141789 -0.0148183 -0.0146511 -0.0141275 -0.0132947 -0.0125509 -0.0122228 -0.0117819 -0.0108219 -0.00980847 -0.00901124 -0.00807118 -0.0068204 -0.00552706 -0.00448451 -0.00399295 -0.0044303 -0.00547023 -0.00551454 -0.0031051 0.000874134 0.00363392 0.00354154 0.00127708 -0.00185518 -0.0048301 -0.00685896 -0.00815482 
-0.0092538 -0.0110299 -0.0129954 -0.013531 -0.0120876 -0.00958931 -0.00786891 -0.00810405 -0.00952328 -0.0102743 -0.00969788 -0.00871803 -0.00800796 -0.00726315 -0.00615338 -0.00485379 -0.00376705 -0.00334413 -0.00393683 -0.00510173 -0.00526464 -0.0031032 0.000472064 0.00268314 0.00179817 -0.00132061 -0.00482006 -0.00745782 -0.00863655 -0.00873509 
-0.0116168 -0.0121058 -0.0128089 -0.0120943 -0.00931254 -0.0056724 -0.00366709 -0.00456631 -0.00688467 -0.00815391 -0.00773432 -0.0069492 -0.00675567 -0.00661439 -0.00568349 -0.00406494 -0.00261007 -0.00210152 -0.00274209 -0.00382975 -0.00389385 -0.00195622 0.000959554 0.00223988 0.000236809 -0.00414079 -0.00873655 -0.0119258 -0.0129487 -0.0122628 
-0.0132102 -0.0128271 -0.0120973 -0.00969399 -0.00574136 -0.00188964 -0.000463797 -0.00221688 -0.00519351 -0.00677699 -0.00643819 -0.00574909 -0.00589377 -0.00614321 -0.00517394 -0.00304956 -0.0011018 -0.000410712 -0.000996391 -0.00194178 -0.00192479 -0.000262351 0.00202427 0.00264079 0.000104338 -0.00492707 -0.0104532 -0.0144249 -0.0155761 -0.0144635 
-0.0106541 -0.0108618 -0.0100531 -0.00688274 -0.0024797 0.000893758 0.00131385 -0.00130578 -0.00469251 -0.00627125 -0.00570758 -0.00479085 -0.00487346 -0.00516561 -0.00410667 -0.00170998 0.000527244 0.00144472 0.0010354 0.000109419 -0.00019543 0.000818267 0.00250076 0.00309799 0.00126607 -0.00293589 -0.00811313 -0.0119938 -0.0128603 -0.0115394 
-0.00564123 -0.00779999 -0.00871018 -0.00661121 -0.00299334 -0.000283907 -7.03614e-05 -0.00236635 -0.00517373 -0.00610479 -0.00491333 -0.00350126 -0.0033225 -0.00360869 -0.00272047 -0.000504725 0.00175462 0.00296926 0.00283156 0.00166952 0.000479772 0.000362293 0.00140488 0.00254259 0.00250958 0.000568916 -0.00283698 -0.00570132 -0.0061697 -0.00520179 
-0.00295463 -0.00675219 -0.00972965 -0.00981848 -0.00794887 -0.00580176 -0.00456399 -0.00490103 -0.00590709 -0.0056251 -0.00362667 -0.00166918 -0.00129037 -0.00181653 -0.00151942 8.85896e-05 0.00214795 0.00364556 0.00374316 0.00212171 -0.000254567 -0.00167719 -0.00127262 0.000487119 0.00236348 0.00286243 0.00136632 -0.000695974 -0.00138582 -0.0012806 
-0.00435389 -0.00787961 -0.0113478 -0.0128643 -0.0124877 -0.010683 -0.00809181 -0.00610283 -0.00513403 -0.00381605 -0.00138168 0.000786094 0.00111121 0.000116222 -0.000410238 0.000365326 0.00200429 0.00354247 0.00365967 0.00151675 -0.00190347 -0.00442451 -0.00467952 -0.0027959 -2.26344e-05 0.00155526 0.000591582 -0.0016287 -0.00276188 -0.00289494 
-0.0065622 -0.00821067 -0.0106073 -0.0121036 -0.0121174 -0.0102271 -0.0066921 -0.00334172 -0.00155353 -0.000379305 0.00144275 0.00313416 0.00322873 0.00198083 0.000933613 0.00101011 0.00205986 0.00320978 0.00297063 0.000331292 -0.00370056 -0.00680351 -0.00753016 -0.00598436 -0.0035576 -0.00273834 -0.0048826 -0.0078459 -0.00850033 -0.00709962 
-0.00539662 -0.00527581 -0.00681613 -0.00804746 -0.00786227 -0.00547389 -0.00122615 0.00248754 0.00358629 0.00306832 0.00312678 0.0038629 0.00396249 0.00312093 0.00219921 0.00191701 0.00229254 0.00263753 0.00168923 -0.00133083 -0.00535146 -0.0081497 -0.00855667 -0.0070617 -0.0053885 -0.00615469 -0.0101131 -0.0136847 -0.0128425 -0.0086119 
-8.93471e-05 0.000646288 -0.00101148 -0.00256228 -0.00251831 8.08734e-05 0.00467952 0.00814363 0.00772374 0.00480303 0.00280241 0.00273798 0.00325246 0.00322994 0.00272228 0.00220706 0.00180755 0.00106072 -0.000778558 -0.00395121 -0.00729559 -0.008831 -0.00787272 -0.00553976 -0.00381959 -0.00508827 -0.00959633 -0.0130792 -0.0110374 -0.00488857 
0.00684215 0.00741128 0.00585183 0.00429427 0.00384984 0.00555228 0.00925147 0.0118217 0.0101245 0.00557231 0.00225028 0.00175144 0.00259605 0.00301407 0.00253437 0.00154089 0.000193637 -0.00181541 -0.00462278 -0.0077979 -0.010117 -0.00997534 -0.00717142 -0.00319118 0.000207601 0.00105671 -0.00136951 -0.00388804 -0.00233471 0.00273996 
0.0129817 0.0130243 0.0124723 0.0121358 0.0117624 0.0119491 0.0135217 0.0146987 0.0125725 0.00776335 0.00385971 0.00268714 0.00305696 0.0031033 0.00212205 0.000414306 -0.001899 -0.00503116 -0.00860383 -0.0116083 -0.0128536 -0.011293 -0.00711566 -0.00144139 0.00493786 0.010196 0.0118606 0.0107055 0.0101648 0.0115378 
0.0171904 0.0161293 0.0162829 0.0176775 0.01861 0.0184376 0.0183887 0.0184545 0.0165101 0.0120214 0.00735864 0.00456476 0.0034557 0.00265027 0.00118933 -0.000967188 -0.00377351 -0.00724821 -0.0106537 -0.0127421 -0.0126221 -0.0101254 -0.00584415 0.000231271 0.00891702 0.0182318 0.0235051 0.0233155 0.0207425 0.0186264 
0.0169253 0.0146708 0.0144482 0.0168838 0.0198553 0.0212676 0.0215626 0.0216251 0.0201589 0.0158294 0.00991296 0.00485501 0.00190535 0.000425625 -0.000975406 -0.00296094 -0.00550067 -0.00814796 -0.00986758 -0.00963014 -0.00735003 -0.00417659 -0.00127284 0.00270045 0.0103484 0.0199611 0.0258764 0.0258024 0.0227097 0.0196309 
0.00892713 0.00661816 0.00634915 0.00945535 0.014183 0.0177189 0.0195134 0.0205015 0.0198898 0.0159796 0.00935044 0.00279096 -0.00127184 -0.00285021 -0.00379113 -0.00539891 -0.00746366 -0.00871716 -0.00773065 -0.00404677 0.00110741 0.00498278 0.00562137 0.00507553 0.0073766 0.0123555 0.0157047 0.0153548 0.0132624 0.0112076 
-0.005582 -0.00708793 -0.00585725 -0.00114461 0.00506762 0.00979828 0.0123533 0.0140241 0.0145051 0.0118958 0.00614331 -0.000113823 -0.00400653 -0.00517407 -0.00570901 -0.00734589 -0.00952468 -0.0099379 -0.00661178 0.000299996 0.008205 0.0129055 0.0114315 0.0055432 0.000217268 -0.00191594 -0.00203606 -0.00190644 -0.00224038 -0.00348567 
-0.0210426 -0.0230177 -0.0202369 -0.0130173 -0.00462052 0.00110244 0.0036075 0.00531538 0.0068322 0.00607399 0.00218502 -0.00270747 -0.00570811 -0.006221 -0.00641143 -0.00829459 -0.011039 -0.0114573 -0.00699636 0.0019018 0.0118333 0.017629 0.0150881 0.00495884 -0.00704572 -0.0151934 -0.017488 -0.015947 -0.0148469 -0.017016 
-0.0332647 -0.038284 -0.0362333 -0.0271532 -0.0155675 -0.0073945 -0.0039027 -0.00162983 0.00103375 0.00178592 -0.000969241 -0.00522329 -0.00766057 -0.00746661 -0.00705275 -0.00879785 -0.0118221 -0.0124271 -0.00755875 0.00246945 0.0140564 0.0213977 0.0189899 0.0065486 -0.00944228 -0.0208906 -0.0239577 -0.0214475 -0.0204562 -0.0252959 
-0.0400457 -0.0496722 -0.0505455 -0.041019 -0.0262082 -0.0143975 -0.00834305 -0.00442296 -0.000577452 0.00069815 -0.00248193 -0.00754699 -0.0102692 -0.00964039 -0.00851901 -0.00972829 -0.01251 -0.012948 -0.00756563 0.00362908 0.0169061 0.0257783 0.0237944 0.0103789 -0.00705836 -0.0191913 -0.0220007 -0.0194047 -0.0197697 -0.0277074 
-0.0372627 -0.0514231 -0.0555857 -0.0462498 -0.0292074 -0.0146899 -0.00660812 -0.00163688 0.0022598 0.00272905 -0.00181724 -0.00832307 -0.0121181 -0.0119853 -0.0107325 -0.0113666 -0.0135199 -0.0134678 -0.00745873 0.00480277 0.0192629 0.0287026 0.0264912 0.0127688 -0.00408434 -0.0144746 -0.0153026 -0.0116492 -0.0121587 -0.021579 
-0.0211024 -0.0388223 -0.0459858 -0.0371629 -0.0190947 -0.00378774 0.00409848 0.0076378 0.00904229 0.0070269 0.000892402 -0.00677377 -0.0121764 -0.0137567 -0.0131817 -0.0131752 -0.0142421 -0.0135408 -0.00737004 0.00493187 0.0192333 0.0280883 0.0254479 0.0124439 -0.00211669 -0.00894562 -0.00591742 0.00112235 0.00353679 -0.00422158 
0.00498375 -0.0146021 -0.0253504 -0.0187694 -0.000909108 0.0146068 0.0212605 0.0211326 0.0172829 0.0110121 0.0031957 -0.00492112 -0.0115535 -0.0149179 -0.0150294 -0.0140856 -0.0136707 -0.0122547 -0.00657706 0.00440874 0.0171743 0.0250699 0.0229485 0.0119653 0.000280986 -0.00292143 0.0043907 0.0159739 0.0232488 0.0199801 
0.030689 0.0108807 -0.00481006 -0.00375715 0.012171 0.028807 0.0356549 0.0320239 0.0221792 0.0110865 0.00174192 -0.00577883 -0.0118394 -0.0151729 -0.0150205 -0.0131906 -0.0117207 -0.00989816 -0.00507319 0.00393851 0.0146564 0.0219893 0.0214279 0.0127411 0.00281761 0.00189637 0.0130048 0.0288715 0.0403485 0.0417916 
0.0497302 0.0301516 0.00837605 0.000622758 0.0119596 0.0299633 0.0394298 0.0352662 0.0220263 0.00764681 -0.00274585 -0.0089942 -0.0126881 -0.0139231 -0.0127099 -0.0108265 -0.00970759 -0.00833402 -0.00449413 0.00277254 0.0118989 0.0192516 0.0203927 0.0130875 0.00318945 0.00317102 0.0178911 0.0381478 0.052772 0.0573185 
0.0661411 0.0469263 0.0191423 0.00094981 0.00438654 0.0214586 0.0344138 0.0333847 0.0209743 0.00584178 -0.00522107 -0.0107299 -0.0123585 -0.0116036 -0.00981701 -0.00887387 -0.00913518 -0.00875233 -0.00586892 5.52237e-05 0.00811344 0.0156399 0.0179906 0.0113659 0.000733974 0.000339043 0.0174434 0.0422848 0.0614547 0.0701083 
0.0822372 0.0651343 0.0338361 0.00699641 0.000901885 0.0133209 0.0279321 0.0315709 0.0229689 0.00919461 -0.00211392 -0.00797046 -0.00966892 -0.0093189 -0.00858207 -0.00887815 -0.00988332 -0.00969054 -0.00723846 -0.00243044 0.00451203 0.0116803 0.0144474 0.0084056 -0.00266321 -0.00502573 0.0105665 0.0374288 0.0628891 0.0797242 
0.0882138 0.0769134 0.0478305 0.0186556 0.00590695 0.0118797 0.0247358 0.0311535 0.0265406 0.0152695 0.00451904 -0.00205128 -0.00540481 -0.00747202 -0.00891987 -0.00994706 -0.0101385 -0.008652 -0.00562912 -0.00127665 0.00476793 0.0109541 0.0127526 0.00621053 -0.00557775 -0.0113172 -0.00176333 0.0214686 0.0504993 0.0765444 
0.0735898 0.0714871 0.051907 0.0292471 0.0167091 0.0179535 0.025982 0.0308798 0.0279844 0.0193112 0.00983594 0.00275777 -0.00223732 -0.00641795 -0.0094432 -0.0103933 -0.00898723 -0.00560749 -0.00118842 0.00417439 0.0108535 0.0163614 0.015529 0.00583548 -0.00832256 -0.0178389 -0.0158142 -0.000782113 0.0250628 0.0544926 
0.0391119 0.0465901 0.0420164 0.0336238 0.0287576 0.0293029 0.0316287 0.0314314 0.027528 0.0207869 0.0126107 0.0047433 -0.00174494 -0.00688368 -0.0102179 -0.0107136 -0.00816358 -0.00347586 0.00251449 0.0104244 0.0200616 0.0263348 0.0221509 0.00702915 -0.0111159 -0.0237923 -0.0275519 -0.0214348 -0.00476284 0.0188567 
-0.00652104 0.00760215 0.0196042 0.0298514 0.0380797 0.0425629 0.0414864 0.035797 0.0289237 0.0222975 0.0144671 0.00530012 -0.00295921 -0.0088317 -0.0121269 -0.0124873 -0.00982707 -0.00501989 0.00187763 0.0128617 0.0271549 0.0360233 0.0294336 0.00898869 -0.0129573 -0.0275583 -0.0348613 -0.0365036 -0.0318677 -0.0209774 
-0.050523 -0.0335837 -0.00779648 0.020423 0.0429897 0.0540544 0.0528161 0.0434902 0.0324165 0.0228539 0.0135673 0.00345938 -0.00566157 -0.0118849 -0.0151405 -0.0157535 -0.0139485 -0.0103609 -0.00378732 0.00959278 0.0285471 0.0406646 0.0331907 0.00981952 -0.0132644 -0.027441 -0.0365362 -0.0450836 -0.0527383 -0.0561188 
-0.0752047 -0.0570768 -0.0236698 0.0152373 0.0462693 0.0604245 0.0583515 0.0466858 0.0320767 0.0183258 0.00645135 -0.00359471 -0.0113328 -0.0161865 -0.0186015 -0.0193636 -0.0189167 -0.0172589 -0.0116219 0.00309107 0.0246636 0.0380447 0.0298298 0.00637666 -0.013819 -0.0238974 -0.0320626 -0.0454367 -0.0623523 -0.0753109 
-0.0588552 -0.0399124 -0.00799558 0.0282819 0.0551054 0.0625105 0.0536506 0.0386801 0.023412 0.0086318 -0.00445265 -0.0138092 -0.0189473 -0.0209664 -0.0215941 -0.0221179 -0.0227915 -0.0224662 -0.017077 -0.00176951 0.0194663 0.0308168 0.0210194 -0.000485711 -0.0147066 -0.0174074 -0.0202414 -0.0319846 -0.049204 -0.0612146 
0.0219859 0.0363329 0.0517441 0.0677031 0.0756756 0.0665922 0.0452194 0.0248218 0.0107406 -0.000945448 -0.0123276 -0.0206686 -0.0239871 -0.0237157 -0.0226847 -0.0226015 -0.0233537 -0.0228947 -0.016785 -0.0014931 0.017376 0.0250079 0.0138406 -0.00403351 -0.0107842 -0.00452032 0.00319081 0.00510265 0.00492692 0.0100879 
0.178855 0.174864 0.151661 0.127394 0.104305 0.0750258 0.0419443 0.0161171 0.00176786 -0.00697324 -0.0151612 -0.0215905 -0.023874 -0.0228598 -0.0211572 -0.020194 -0.0197103 -0.0179025 -0.0110323 0.00334678 0.019177 0.0233527 0.0119905 -0.000703708 0.000846507 0.016489 0.03927 0.0694635 0.109939 0.15299 
0.375977 0.340568 0.26185 0.184806 0.125395 0.0786371 0.0407515 0.0133081 -0.00312629 -0.012009 -0.0173085 -0.0202707 -0.02087 -0.0199298 -0.0185112 -0.0167271 -0.0143441 -0.0108941 -0.00399454 0.00856382 0.0213633 0.0228084 0.0118922 0.00447551 0.0135089 0.0369867 0.0754826 0.142112 0.239567 0.335195 
