0.656235 0.607494 0.48654 0.339102 0.208531 0.116846 0.0635752 0.0361803 0.0215484 0.0121223 0.0057902 0.00279163 0.00336563 0.007013 0.0122324 0.0164848 0.0171203 0.0130509 0.00575493 -0.00147564 -0.00554459 -0.00483853 0.00183167 0.0178875 0.0508707 0.111753 0.210229 0.345013 0.493446 0.612102 
0.63478 0.583796 0.465532 0.32487 0.202012 0.11584 0.0647836 0.0374295 0.0226341 0.0140622 0.00948194 0.00822494 0.0097954 0.0136612 0.0188621 0.0235104 0.0252888 0.0229173 0.0172566 0.0109163 0.00659587 0.00585343 0.0100053 0.0227408 0.0521219 0.109784 0.205683 0.337884 0.482542 0.595884 
0.535014 0.489248 0.39046 0.276964 0.180309 0.112963 0.0712459 0.0454935 0.0282635 0.016664 0.0101592 0.00791295 0.00841487 0.0104873 0.0135073 0.0166962 0.0188434 0.0189936 0.0173222 0.0151739 0.0140176 0.0144953 0.0172714 0.0256166 0.0474344 0.0942191 0.175427 0.288724 0.411772 0.50581 
0.398173 0.361886 0.290866 0.213931 0.151746 0.109353 0.0806625 0.0577427 0.0372094 0.0204569 0.00965994 0.00448258 0.00248282 0.00154575 0.00112383 0.00157091 0.00306977 0.00535026 0.00813495 0.0114716 0.015301 0.0189227 0.0219196 0.0266745 0.0402931 0.0733243 0.134091 0.220112 0.312377 0.380286 
0.264988 0.238892 0.19498 0.152622 0.122637 0.103851 0.0883007 0.0693776 0.0468292 0.0255775 0.0103487 0.00167674 -0.00331896 -0.00745478 -0.0113391 -0.0138423 -0.0136721 -0.0103726 -0.00428831 0.00383504 0.0127759 0.0206237 0.0257564 0.0292198 0.0365745 0.0567071 0.0966276 0.154312 0.215126 0.2573 
0.156549 0.138711 0.115618 0.0992419 0.09341 0.0929443 0.0888445 0.075294 0.0537072 0.0308883 0.0131021 0.00173568 -0.00588075 -0.0126459 -0.0191437 -0.0239295 -0.0252068 -0.0220536 -0.0145692 -0.00355827 0.0094002 0.021731 0.0306696 0.0354345 0.0392312 0.0487366 0.0699266 0.10219 0.135787 0.156724 
0.0764119 0.0634094 0.0529127 0.0523599 0.0616859 0.0736406 0.0787719 0.0716329 0.0541379 0.0334291 0.0160567 0.00386912 -0.00518005 -0.0134611 -0.0213229 -0.0273453 -0.029814 -0.0277098 -0.0207405 -0.00913581 0.00599726 0.0220728 0.0354022 0.043125 0.0455988 0.0470373 0.0527864 0.064409 0.0769781 0.0823492 
0.0215567 0.00966198 0.00411396 0.0105211 0.0273365 0.0464191 0.0580943 0.0571129 0.045407 0.0295833 0.0154904 0.00484006 -0.00381008 -0.0120353 -0.0198248 -0.0259775 -0.0292344 -0.0287573 -0.0238445 -0.0138172 0.00119646 0.0191111 0.0357613 0.0465743 0.0492916 0.0457682 0.04081 0.0380801 0.0365653 0.031825 
-0.0115699 -0.0250858 -0.0311645 -0.024174 -0.00566027 0.0159936 0.0310226 0.0344277 0.0281658 0.0180774 0.00884521 0.00158454 -0.00481668 -0.0112631 -0.0174976 -0.0227042 -0.0262524 -0.0276077 -0.0257164 -0.018992 -0.00650163 0.0104668 0.0279533 0.0406953 0.044771 0.0400549 0.0304238 0.0205971 0.0119279 0.00185964 
-0.0272769 -0.0431217 -0.0521246 -0.0479183 -0.0313544 -0.0105596 0.00487155 0.0102859 0.00770281 0.00225412 -0.00247089 -0.00595843 -0.00915402 -0.0125935 -0.0160997 -0.0194667 -0.0227747 -0.0258114 -0.0272633 -0.0248517 -0.0167792 -0.00341878 0.0121579 0.0251764 0.031229 0.0287136 0.0200247 0.00954111 -0.00059344 -0.0121763 
-0.0315524 -0.0483585 -0.0597666 -0.0589029 -0.0457326 -0.0275934 -0.013504 -0.00779106 -0.00859998 -0.0114874 -0.0135624 -0.0144712 -0.0148714 -0.0151585 -0.0155736 -0.0167366 -0.0194714 -0.0238561 -0.0283917 -0.030339 -0.0272908 -0.0187653 -0.0066604 0.00537405 0.0132407 0.0144015 0.00961443 0.0020713 -0.00623109 -0.0167401 
-0.0306805 -0.0460685 -0.0577971 -0.0591383 -0.0492046 -0.0340207 -0.0215927 -0.0160441 -0.0161133 -0.0181624 -0.0196123 -0.0197632 -0.0187565 -0.0169007 -0.0149559 -0.0143619 -0.0165972 -0.0219601 -0.0287981 -0.0340557 -0.034938 -0.0303982 -0.0214889 -0.0109192 -0.00226681 0.00155845 0.000187759 -0.00424756 -0.0099945 -0.0181266 
-0.0289461 -0.0409701 -0.0510107 -0.0530692 -0.0455393 -0.0328064 -0.0215537 -0.0157969 -0.0151925 -0.0170347 -0.0189052 -0.0195975 -0.0187095 -0.0164056 -0.0137071 -0.0124902 -0.0145861 -0.0204083 -0.0282078 -0.0347695 -0.0371958 -0.0343935 -0.0272971 -0.0182844 -0.0104705 -0.00653517 -0.00707854 -0.0103166 -0.0143918 -0.0199139 
-0.0275892 -0.0355376 -0.0428249 -0.0444609 -0.038379 -0.0273917 -0.016809 -0.0105113 -0.00904682 -0.0105833 -0.0129038 -0.0145426 -0.014826 -0.0137313 -0.0120638 -0.0114693 -0.0136496 -0.0190204 -0.025924 -0.0313329 -0.0327111 -0.0295222 -0.0232261 -0.0162566 -0.0111235 -0.00963349 -0.0118175 -0.0156714 -0.0190772 -0.0223065 
-0.0252938 -0.0294115 -0.0336968 -0.0341677 -0.0286814 -0.0189182 -0.00901323 -0.00256829 -0.000651307 -0.00199108 -0.00459728 -0.00710584 -0.00896095 -0.0100155 -0.0104797 -0.0111559 -0.0131383 -0.0167654 -0.0207968 -0.022936 -0.0215667 -0.0171512 -0.0118976 -0.00818956 -0.00747004 -0.0100321 -0.0148441 -0.0196174 -0.0223421 -0.0234042 
-0.0193756 -0.0200672 -0.0214772 -0.0204844 -0.0152274 -0.00677945 0.00164081 0.0069218 0.00799238 0.00600224 0.00282504 -0.000455875 -0.00367152 -0.00672617 -0.00920295 -0.0108271 -0.0118307 -0.0124586 -0.0122082 -0.0100051 -0.00552743 -0.000329135 0.00280021 0.0018657 -0.00304131 -0.0101907 -0.0171967 -0.0217037 -0.0224992 -0.0207623 
-0.0073442 -0.00488427 -0.0039174 -0.00194667 0.00248901 0.008621 0.0140134 0.0162838 0.0148131 0.0109866 0.00670041 0.00276744 -0.0011039 -0.00507463 -0.00839416 -0.00992588 -0.00910019 -0.0060908 -0.00124915 0.00513156 0.0120931 0.0172284 0.0174662 0.0113816 0.000706298 -0.0106202 -0.0186678 -0.0211359 -0.0181656 -0.0123829 
0.0112539 0.0161772 0.0182251 0.0196523 0.0217292 0.0239658 0.0246896 0.0224427 0.0173411 0.0111254 0.00567351 0.0015182 -0.00204894 -0.00555213 -0.0082753 -0.00867681 -0.00566169 0.000664547 0.00927603 0.0187784 0.0272729 0.0318782 0.0294953 0.0192121 0.00407975 -0.0100341 -0.0176953 -0.0166143 -0.00843832 0.00237929 
0.0335889 0.039367 0.040358 0.0391042 0.0371088 0.0342485 0.0295542 0.0225343 0.014101 0.00620583 0.000412943 -0.00318354 -0.00562726 -0.00772085 -0.00896349 -0.0078132 -0.00296816 0.00555796 0.0164148 0.0275778 0.0366397 0.0406126 0.0366211 0.0241912 0.0071574 -0.00743644 -0.0131363 -0.00766815 0.00602557 0.0217097 
0.053963 0.058628 0.0565899 0.0511202 0.044315 0.0364498 0.0270797 0.0165166 0.00630894 -0.00167988 -0.00657792 -0.00892569 -0.00997864 -0.0105555 -0.0102821 -0.00780779 -0.00188854 0.00751081 0.0189753 0.0302444 0.0387704 0.0418254 0.0371263 0.0247277 0.00870503 -0.00377968 -0.00616402 0.00362174 0.0217872 0.0408334 
0.0660027 0.0686538 0.0633605 0.0540818 0.0435041 0.0322171 0.020097 0.00799135 -0.00219861 -0.00896166 -0.0122963 -0.0133816 -0.0134816 -0.0131181 -0.0118229 -0.00846216 -0.00206721 0.00725976 0.0180534 0.0280122 0.0347442 0.0361778 0.0310566 0.0201222 0.00720807 -0.00145855 -0.000186382 0.0126702 0.0330997 0.0532689 
0.0657794 0.0674881 0.061164 0.0507497 0.0390406 0.0267679 0.0140513 0.00208538 -0.00712296 -0.0125009 -0.0147515 -0.0153992 -0.0154466 -0.0149132 -0.013107 -0.00912256 -0.00245262 0.00641494 0.0158373 0.0235527 0.0275667 0.0267601 0.0211215 0.0120504 0.00273771 -0.0022004 0.00148345 0.0150084 0.0348763 0.0540362 
0.054254 0.0573737 0.0535493 0.0456576 0.0358671 0.0248586 0.0130696 0.00201588 -0.00630486 -0.0111714 -0.0136009 -0.0150075 -0.0158826 -0.0157228 -0.0136817 -0.009164 -0.00223948 0.00609309 0.013983 0.0193249 0.0206689 0.017829 0.0117817 0.00423619 -0.00248895 -0.00544332 -0.00175164 0.00963968 0.0263641 0.043068 
0.0369638 0.0433238 0.04453 0.0416666 0.0357438 0.0272593 0.0170538 0.00699529 -0.000949532 -0.00626853 -0.00993152 -0.0128885 -0.0150094 -0.0153976 -0.0132375 -0.00833985 -0.00133667 0.00636062 0.0128716 0.0164444 0.0161872 0.0124688 0.00657953 1.37508e-05 -0.0057593 -0.00894803 -0.00748922 -0.000166564 0.0120047 0.0256978 
0.0203045 0.0298978 0.0361065 0.0383114 0.0363836 0.0306022 0.0221302 0.0130826 0.00535716 -0.000634666 -0.00562885 -0.0100206 -0.0131557 -0.0139486 -0.0117677 -0.00682979 -0.000175554 0.00662233 0.0119324 0.0145434 0.0140167 0.010763 0.00567861 -0.000358176 -0.00647941 -0.0113318 -0.0130123 -0.00996736 -0.00212824 0.0088303 
0.0071711 0.0184489 0.0275559 0.0329807 0.0339681 0.0306048 0.0240704 0.0164036 0.00932143 0.00321706 -0.00234432 -0.00731829 -0.0107787 -0.0116635 -0.00957257 -0.00500967 0.000796785 0.00635652 0.010477 0.0125427 0.0124118 0.0101791 0.0059892 3.7698e-05 -0.00706868 -0.0138591 -0.0181779 -0.0181645 -0.0132095 -0.00414605 
-0.00382938 0.00740616 0.0170778 0.023737 0.0266167 0.0256272 0.0215589 0.0159535 0.0102071 0.0047877 -0.000390424 -0.00500787 -0.00812842 -0.00885442 -0.00696444 -0.00308211 0.0015508 0.00563748 0.00843165 0.00982055 0.00982431 0.00813968 0.00421691 -0.00221996 -0.0105455 -0.0189391 -0.0248904 -0.0263581 -0.0226701 -0.0145824 
-0.0148767 -0.00470724 0.00424053 0.0111433 0.0155717 0.0172358 0.016244 0.0133527 0.00955852 0.00547566 0.00136566 -0.0023317 -0.00482758 -0.00538987 -0.00384001 -0.000776762 0.00261268 0.00519361 0.00654731 0.00692184 0.00644571 0.00452687 0.000153725 -0.00719277 -0.0167597 -0.0264023 -0.0333409 -0.0354613 -0.0322448 -0.0247377 
-0.0251632 -0.0167692 -0.00913976 -0.00237988 0.00344414 0.00781244 0.0100966 0.0102459 0.00887657 0.00671679 0.00422037 0.00175607 -9.48943e-05 -0.00065107 0.000397896 0.00258795 0.00479678 0.00598156 0.00593749 0.00519235 0.00402043 0.00169457 -0.00310202 -0.0110865 -0.0214648 -0.0319286 -0.0395861 -0.0423463 -0.039866 -0.0334527 
-0.0309415 -0.0255436 -0.0202253 -0.0144399 -0.00798023 -0.00158308 0.00351772 0.00662921 0.00804042 0.00843841 0.00818108 0.00734502 0.00627165 0.00569321 0.00616738 0.0074431 0.00850864 0.0084222 0.00716847 0.0055514 0.00406654 0.00196994 -0.0023172 -0.00980656 -0.0198509 -0.0301904 -0.0380353 -0.0414962 -0.0404533 -0.0363145 
-0.0290756 -0.0283501 -0.0269831 -0.0237222 -0.0180727 -0.0109048 -0.00388917 0.00178798 0.00607488 0.00941927 0.0118504 0.0130348 0.0130559 0.0126787 0.0126784 0.0130446 0.0129767 0.011731 0.00951347 0.00740401 0.00616296 0.00512107 0.00249619 -0.00305993 -0.0111838 -0.0198682 -0.0266925 -0.0302646 -0.0308863 -0.0300259 
-0.0201648 -0.0251498 -0.0290351 -0.0297028 -0.0262261 -0.019469 -0.01143 -0.00377757 0.00298098 0.00892044 0.0137392 0.0168092 0.0180124 0.0180456 0.0177517 0.0173198 0.016236 0.0140276 0.0111028 0.00874305 0.00795457 0.00824675 0.00781177 0.00509661 0.000178845 -0.00532959 -0.00961945 -0.0120829 -0.0136939 -0.0160985 
-0.00806522 -0.0181612 -0.0271178 -0.0318949 -0.0310098 -0.0251957 -0.0167262 -0.00781953 0.000432562 0.00772072 0.0136318 0.017564 0.0193729 0.0196318 0.0191003 0.0180689 0.0162753 0.0134613 0.0101091 0.00754544 0.00695501 0.00813993 0.0095298 0.00961972 0.00830014 0.00673221 0.00600631 0.00585079 0.00451879 4.92732e-05 
0.00338801 -0.00970724 -0.0219435 -0.0295469 -0.0305544 -0.0255592 -0.0170607 -0.00779954 0.000562173 0.00744137 0.0125874 0.0157649 0.0170377 0.016915 0.0160088 0.0145929 0.01251 0.0095501 0.00608949 0.00332802 0.00252994 0.00385448 0.00619506 0.0083436 0.0101318 0.0122954 0.0152601 0.0180166 0.0181746 0.0134271 
0.0127343 -0.000838779 -0.0138833 -0.0223025 -0.023991 -0.0195504 -0.011603 -0.00314333 0.00387043 0.00877758 0.0116302 0.0126953 0.0123888 0.0112699 0.00982831 0.00822855 0.00625041 0.00357093 0.00034135 -0.00248157 -0.00367502 -0.00276653 -0.000301721 0.00297847 0.00697438 0.0120759 0.0181785 0.0237734 0.026077 0.0225328 
0.0199829 0.00773444 -0.00409407 -0.0115945 -0.013026 -0.00923758 -0.00277918 0.003619 0.00821467 0.0104863 0.0106884 0.00938985 0.00727611 0.00502074 0.0030746 0.0014808 -0.000130684 -0.0022545 -0.00496519 -0.00757762 -0.00903289 -0.00869056 -0.00658132 -0.00290556 0.00242107 0.00954594 0.0179482 0.0257914 0.0301177 0.0283062 
0.0241324 0.0138367 0.00424047 -0.00140728 -0.00220926 0.0005432 0.00462583 0.00815947 0.0101667 0.0104104 0.00903701 0.00644426 0.00329255 0.000352985 -0.001843 -0.00328492 -0.00446136 -0.00598779 -0.00806716 -0.0102291 -0.0116542 -0.0117148 -0.0100896 -0.00649015 -0.000591551 0.00760586 0.017245 0.0262486 0.0316428 0.0309792 
0.0226055 0.0139644 0.00670947 0.00313886 0.00306666 0.0047149 0.00637665 0.00736894 0.00776429 0.00759889 0.00656201 0.00441212 0.00148078 -0.00140213 -0.00350709 -0.00473242 -0.00559965 -0.00674821 -0.00836875 -0.0100729 -0.0112548 -0.0114342 -0.0101805 -0.00693079 -0.00119777 0.00692448 0.016349 0.0248827 0.0297199 0.028841 
0.0137006 0.00609884 0.00079591 -0.000880824 -7.39025e-05 0.00109822 0.00146769 0.00143442 0.00195242 0.00315511 0.00409418 0.00373244 0.00199312 -0.00022451 -0.00194038 -0.0029191 -0.00368373 -0.00483724 -0.00643165 -0.00797885 -0.00894118 -0.00901291 -0.00790326 -0.00511979 -0.000245586 0.00651884 0.0140272 0.0202333 0.0227781 0.0202917 
-0.000508191 -0.0074314 -0.0113077 -0.0115539 -0.00981621 -0.00824529 -0.00758725 -0.00683787 -0.00466977 -0.00109389 0.00237409 0.0041189 0.00383285 0.00253924 0.00142293 0.000771422 -5.16127e-06 -0.00149351 -0.00354884 -0.00541918 -0.00642251 -0.00633245 -0.00514975 -0.00278483 0.000816042 0.0052773 0.00958043 0.0121645 0.0114292 0.00676118 
-0.0142778 -0.0203979 -0.0233038 -0.0228393 -0.0205983 -0.0183968 -0.0166673 -0.0142937 -0.0100714 -0.0043099 0.00113609 0.00444054 0.00530067 0.00488005 0.00445377 0.00423777 0.00348647 0.00155915 -0.00123777 -0.00382227 -0.00519177 -0.00503389 -0.00363295 -0.00146311 0.000972748 0.00305338 0.00400148 0.00297346 -0.000692216 -0.00690963 
-0.0218594 -0.0267206 -0.0288946 -0.0284355 -0.0265251 -0.024389 -0.0221524 -0.0187983 -0.0134361 -0.00664097 -0.000356722 0.00364389 0.00515002 0.00537112 0.00553906 0.00574039 0.00507033 0.0027944 -0.000713442 -0.00410205 -0.00599584 -0.00585745 -0.0041266 -0.0017859 0.000101811 0.000653889 -0.000668939 -0.00400086 -0.00913373 -0.0154747 
-0.0215048 -0.0246321 -0.0259468 -0.0256903 -0.0246511 -0.0234763 -0.0219563 -0.0191053 -0.0142172 -0.00792542 -0.00203716 0.0018395 0.00350713 0.0040326 0.00447699 0.00482378 0.00411862 0.00158108 -0.00242523 -0.00641842 -0.00873526 -0.00857938 -0.00640458 -0.00351832 -0.00139329 -0.00111897 -0.00308014 -0.00692181 -0.011849 -0.0169887 
-0.0160815 -0.0172251 -0.0172133 -0.0165832 -0.0160593 -0.0159971 -0.0159256 -0.0147587 -0.0117307 -0.00725961 -0.00280188 0.000262054 0.00163799 0.00206464 0.00232529 0.00235151 0.00129002 -0.00156866 -0.00588275 -0.0101768 -0.0126721 -0.0123972 -0.00974433 -0.00614722 -0.00327831 -0.00233216 -0.00363403 -0.00663612 -0.0103112 -0.0136782 
-0.0100468 -0.00932825 -0.00756711 -0.00567321 -0.00467153 -0.00500334 -0.00612786 -0.00684503 -0.00618614 -0.00416373 -0.00172096 6.21751e-05 0.000765278 0.000719613 0.000382504 -0.000333061 -0.00207533 -0.00537052 -0.00986328 -0.0141828 -0.0166288 -0.0162076 -0.01324 -0.00911915 -0.00551031 -0.00359839 -0.00371443 -0.00536524 -0.00758354 -0.00937983 
-0.00610063 -0.00407792 -0.000713193 0.00278689 0.00497616 0.00511179 0.00361209 0.00167774 0.000438665 0.000284555 0.00079726 0.00122681 0.00108225 0.000356911 -0.000762358 -0.00235043 -0.00482235 -0.00847812 -0.0129286 -0.0169798 -0.0191761 -0.0186553 -0.0156838 -0.0114822 -0.0075346 -0.00491953 -0.00400542 -0.00448896 -0.00561828 -0.00645136 
-0.00447815 -0.00202092 0.00210033 0.00659856 0.00979443 0.0107008 0.00953884 0.00736751 0.00530694 0.00395445 0.00323984 0.00267299 0.00177818 0.000391419 -0.00141829 -0.00366191 -0.00654597 -0.0101815 -0.0141762 -0.0175699 -0.0192557 -0.0186074 -0.0158651 -0.0120049 -0.00822175 -0.00542759 -0.00402519 -0.00390999 -0.00455023 -0.00507968 
-0.00445856 -0.00237912 0.00144625 0.00587539 0.00930824 0.010726 0.0101976 0.00855897 0.00674502 0.0053021 0.0042439 0.00321121 0.00181875 -5.80363e-05 -0.00230196 -0.00481176 -0.00763528 -0.0107733 -0.0138852 -0.016265 -0.0171666 -0.0162343 -0.0137285 -0.0104018 -0.00714661 -0.00468144 -0.00340107 -0.00331547 -0.00402313 -0.00474051 
-0.00556595 -0.00424567 -0.00128294 0.00243163 0.00554974 0.00715715 0.00723601 0.00640525 0.0053493 0.00441287 0.00352112 0.00236347 0.000693966 -0.00146423 -0.00387721 -0.00634025 -0.00880348 -0.0112256 -0.0133466 -0.0146756 -0.0147465 -0.0134301 -0.0110504 -0.00822717 -0.00561154 -0.00372693 -0.00290258 -0.00317615 -0.00420728 -0.00530304 
-0.00726521 -0.00662177 -0.00438648 -0.00122229 0.00169534 0.00347874 0.00400824 0.00374416 0.0032013 0.00257852 0.00174433 0.000462805 -0.00136528 -0.00360696 -0.00598863 -0.00828047 -0.0103888 -0.0122583 -0.0137016 -0.0143701 -0.0139476 -0.0124195 -0.0101561 -0.00771465 -0.00558298 -0.004113 -0.00355558 -0.00398399 -0.00516326 -0.00652551 
-0.00837089 -0.00817886 -0.00624876 -0.00308155 0.000114797 0.00226461 0.00304385 0.00280064 0.00203919 0.00102407 -0.000238377 -0.0018123 -0.00369843 -0.00581166 -0.00800494 -0.0101168 -0.0120268 -0.0136531 -0.0148651 -0.0154118 -0.015023 -0.01366 -0.0116391 -0.00944266 -0.00744505 -0.00588424 -0.00499662 -0.00499984 -0.00589611 -0.00729183 
-0.00756001 -0.00776213 -0.00597218 -0.00256631 0.00109929 0.00362821 0.00440491 0.00366825 0.0020254 6.72266e-06 -0.00204777 -0.00395562 -0.00570938 -0.00745209 -0.00930871 -0.0112287 -0.0130294 -0.0145598 -0.0157374 -0.0164177 -0.0163479 -0.01537 -0.013631 -0.0114847 -0.00922942 -0.00707595 -0.00534053 -0.00448335 -0.00482589 -0.00615689 
-0.0044824 -0.00520895 -0.00378112 -0.000487099 0.00322895 0.00574928 0.00622118 0.00476773 0.00208892 -0.000987754 -0.00374677 -0.00577218 -0.00712976 -0.00828558 -0.00968295 -0.0113633 -0.0130236 -0.0143846 -0.0153856 -0.0160033 -0.0160296 -0.0151873 -0.0134312 -0.0109976 -0.00818541 -0.00527441 -0.00270621 -0.001151 -0.00116252 -0.00262206 
-7.26541e-05 -0.00146282 -0.000714264 0.00186447 0.00487555 0.0067585 0.00664497 0.00458521 0.00126313 -0.00236334 -0.00535555 -0.00716015 -0.00793293 -0.00841438 -0.00930329 -0.0106965 -0.0121502 -0.0132153 -0.013788 -0.0139212 -0.013468 -0.0121051 -0.00970215 -0.00650782 -0.00295584 0.000517673 0.00337062 0.00488225 0.0045045 0.00245453 
0.00412838 0.00205547 0.00202106 0.00351882 0.00526218 0.00601776 0.00517917 0.00282704 -0.000486704 -0.00393091 -0.00660517 -0.00794845 -0.00814847 -0.00805015 -0.00847282 -0.0095522 -0.0107581 -0.0114891 -0.011527 -0.0108962 -0.00946799 -0.00694399 -0.00326964 0.00111041 0.00548459 0.0091987 0.0116568 0.0122548 0.010699 0.00752326 
0.00676335 0.00409131 0.00341254 0.00389283 0.00432352 0.00389944 0.00243995 0.000159422 -0.00256698 -0.00522618 -0.00718824 -0.0080008 -0.00780197 -0.0073387 -0.0073964 -0.00814558 -0.00907182 -0.00950484 -0.0090963 -0.0077502 -0.00527939 -0.0014248 0.00369435 0.00932901 0.0144293 0.018112 0.0197524 0.0189339 0.015733 0.0111206 
0.00718491 0.00397967 0.00282757 0.00262603 0.00218964 0.00102893 -0.00067548 -0.00255394 -0.00436523 -0.00593885 -0.007012 -0.00731615 -0.00690249 -0.00628513 -0.00609113 -0.00650463 -0.00710778 -0.0072695 -0.00657443 -0.00480472 -0.0016812 0.00304542 0.00911124 0.0155209 0.0209691 0.0244047 0.0251832 0.023038 0.0183463 0.0124314 
0.00591083 0.0020906 0.000441709 -0.000125159 -0.000774565 -0.00193585 -0.0033369 -0.0045444 -0.0053676 -0.00585179 -0.00604307 -0.00587648 -0.00534518 -0.00470814 -0.00437055 -0.00448411 -0.0047423 -0.00462807 -0.00376393 -0.00190861 0.00125469 0.00599467 0.0120389 0.0183585 0.0235948 0.0266435 0.0268471 0.0239902 0.0185322 0.0118614 
0.00461958 -2.9137e-05 -0.0024322 -0.00329437 -0.00368671 -0.00421161 -0.00481297 -0.00515602 -0.00506051 -0.00462763 -0.00406678 -0.00348006 -0.00286257 -0.00228292 -0.00192589 -0.00186136 -0.00185166 -0.0015058 -0.00056604 0.00110441 0.0037553 0.0076847 0.0127773 0.0182252 0.0228332 0.02555 0.0257044 0.0230192 0.0177744 0.0110645 
0.00506248 -0.000509546 -0.00394804 -0.00531987 -0.00545577 -0.00515681 -0.00472925 -0.00409924 -0.0031686 -0.00202438 -0.000895009 3.18766e-05 0.000715238 0.00117603 0.00139582 0.00141192 0.00145708 0.00184072 0.00268941 0.00397039 0.00579791 0.00850122 0.0122231 0.0165213 0.0204716 0.0231174 0.0237688 0.0220225 0.0178183 0.0117196 
0.00753186 0.0013491 -0.00312501 -0.00530761 -0.00559371 -0.00475163 -0.00337137 -0.00175871 -6.57727e-05 0.00159553 0.00308475 0.00423953 0.00496612 0.00527177 0.00521116 0.00491491 0.00466627 0.00477107 0.00528972 0.00605915 0.00707326 0.00868709 0.0112709 0.0146909 0.0182329 0.0210115 0.0223486 0.0217789 0.0189599 0.013928 
0.0104428 0.00437596 -0.000706082 -0.00376921 -0.00461561 -0.00365488 -0.0015687 0.000904009 0.00320313 0.00512736 0.00670586 0.00792348 0.00866614 0.00884562 0.00847625 0.0077275 0.00696144 0.00656389 0.00663579 0.00698545 0.00754122 0.00864044 0.0107216 0.0137426 0.0170348 0.0197503 0.0213256 0.0214438 0.0197499 0.0159678 
0.0114373 0.00633063 0.00139558 -0.00218721 -0.0036292 -0.0027917 -0.00028171 0.0027728 0.00537104 0.00720358 0.00852105 0.00955967 0.0102571 0.0104032 0.0098765 0.00880611 0.00762429 0.0068534 0.00672197 0.00708039 0.00779063 0.00906112 0.0111977 0.0140467 0.0168745 0.0188864 0.0197619 0.0195721 0.0182821 0.0156035 
0.00883912 0.00534527 0.00141416 -0.00197106 -0.00364832 -0.00296312 -0.000331485 0.00290361 0.00542028 0.00681637 0.00754704 0.00814666 0.00869898 0.00892035 0.00851888 0.00751837 0.00638296 0.00577188 0.00604987 0.00707704 0.00854221 0.0103715 0.0126242 0.0150302 0.0168671 0.0174583 0.0167498 0.0152719 0.0135248 0.0115023 
0.00247806 0.000918275 -0.00128873 -0.0036939 -0.00512702 -0.00459689 -0.00222068 0.000728911 0.00283146 0.00361148 0.00362973 0.00367179 0.00402272 0.00440788 0.00440696 0.00393301 0.00344705 0.00368884 0.00507576 0.00734952 0.00985997 0.0121282 0.014009 0.0153437 0.0156748 0.0145088 0.0118976 0.00864122 0.0057827 0.00383852 
-0.00600884 -0.00570693 -0.00586823 -0.00678605 -0.00765279 -0.00738924 -0.00574373 -0.00360801 -0.00221874 -0.00206425 -0.002607 -0.00296712 -0.00272641 -0.0021162 -0.00159579 -0.00128362 -0.000707448 0.000886531 0.00384658 0.00765269 0.0111847 0.0135094 0.0143996 0.0140944 0.0126785 0.00989681 0.00569401 0.000827073 -0.00329848 -0.00556961 
-0.0133831 -0.0117393 -0.0101746 -0.00963277 -0.00990221 -0.0101169 -0.00972038 -0.00899536 -0.00867907 -0.00911433 -0.00987921 -0.0102478 -0.00988854 -0.00905009 -0.00813562 -0.00714782 -0.00551417 -0.00247684 0.00217219 0.00758232 0.0121264 0.0144115 0.0141615 0.0121002 0.00897819 0.00488572 -0.000328739 -0.00610662 -0.010978 -0.0134972 
-0.0162497 -0.0141362 -0.0118183 -0.0104532 -0.0104172 -0.0113375 -0.012565 -0.0137138 -0.0147688 -0.0157289 -0.0163356 -0.0162834 -0.0156036 -0.014667 -0.0137414 -0.0125565 -0.010308 -0.00616705 -3.44068e-05 0.00695864 0.0127466 0.0154786 0.0146837 0.0113342 0.00673289 0.00149396 -0.00426971 -0.0100323 -0.0145679 -0.0167061 
-0.0136421 -0.0119377 -0.0100995 -0.00892373 -0.00909563 -0.010808 -0.0135448 -0.0164028 -0.0186162 -0.0197951 -0.0198974 -0.0191982 -0.0182331 -0.0175207 -0.0171276 -0.0164223 -0.0142879 -0.0097435 -0.00269137 0.00561665 0.0128538 0.0167584 0.0164341 0.012666 0.00700041 0.000703577 -0.00536569 -0.0103541 -0.0134578 -0.0144093 
-0.00853538 -0.00771277 -0.00721719 -0.00711248 -0.00794191 -0.0101917 -0.0135418 -0.0169026 -0.0191464 -0.0197681 -0.0190472 -0.0177918 -0.0168953 -0.0168735 -0.0175276 -0.0178999 -0.0166256 -0.0125818 -0.00557542 0.00324002 0.0115545 0.0168626 0.0177284 0.0143815 0.00825397 0.00117932 -0.00504216 -0.00899131 -0.0102454 -0.00964179 
-0.00600693 -0.00597137 -0.00690346 -0.00817541 -0.0097763 -0.0119557 -0.0144268 -0.0162869 -0.0167082 -0.015615 -0.0137617 -0.0122548 -0.0119421 -0.0130284 -0.0149786 -0.0166477 -0.0166435 -0.0138656 -0.00803367 -2.16191e-05 0.00818895 0.0141448 0.0160046 0.0133719 0.00734472 2.51214e-05 -0.00613732 -0.0092798 -0.00917644 -0.00739631 
-0.00900716 -0.00931811 -0.0111298 -0.013496 -0.0156756 -0.0171742 -0.0174433 -0.0159944 -0.0128961 -0.00904205 -0.00580608 -0.00432022 -0.00494903 -0.00726456 -0.0103194 -0.0129309 -0.0139578 -0.0126065 -0.00867879 -0.00274508 0.00375664 0.00876483 0.0104042 0.00794559 0.00220797 -0.0047677 -0.0105042 -0.0131714 -0.0126203 -0.0104982 
-0.0156204 -0.0159335 -0.017995 -0.0209683 -0.0235044 -0.0241616 -0.021887 -0.0165833 -0.00942164 -0.00249436 0.00215616 0.00352796 0.00196679 -0.00130168 -0.00486508 -0.00756991 -0.00871821 -0.0081119 -0.00593348 -0.00264389 0.000871079 0.00320494 0.00293559 -0.000453614 -0.00611221 -0.0122427 -0.0169654 -0.0191015 -0.0186799 -0.0169397 
-0.020505 -0.0208826 -0.022966 -0.0262461 -0.0290814 -0.0292796 -0.025253 -0.0170936 -0.00683126 0.00243468 0.00810348 0.00932262 0.00709205 0.00336413 -4.96308e-06 -0.00186962 -0.00199606 -0.000930141 0.00048024 0.00155583 0.00176432 0.000448935 -0.00294564 -0.00817457 -0.0139774 -0.0188132 -0.0217791 -0.0228291 -0.0224367 -0.0213442 
-0.019134 -0.0199627 -0.0223302 -0.0259504 -0.0291674 -0.0294753 -0.024971 -0.0157644 -0.00430225 0.00577135 0.0115694 0.01239 0.00968148 0.00587039 0.00311416 0.00257547 0.0041507 0.00663889 0.00845124 0.00843621 0.00612554 0.00149417 -0.00501002 -0.0121116 -0.0179276 -0.0210938 -0.0217061 -0.0209634 -0.0200031 -0.019314 
-0.0109613 -0.0125587 -0.0156951 -0.0199426 -0.0236512 -0.0243743 -0.0202616 -0.0114951 -0.000638429 0.00858391 0.0133678 0.0132619 0.00998843 0.00613999 0.00392171 0.00445888 0.00749022 0.0114679 0.0142965 0.0143496 0.0109937 0.0045329 -0.00382665 -0.0119414 -0.0173672 -0.018787 -0.016954 -0.0139843 -0.011688 -0.0106967 
0.000835976 -0.00139387 -0.00556652 -0.0107007 -0.0149101 -0.0159207 -0.012273 -0.00448837 0.0047749 0.012007 0.0148346 0.0132276 0.00909964 0.00495515 0.00277961 0.00354682 0.0069898 0.0116062 0.0152324 0.0160051 0.0130343 0.00657916 -0.00191243 -0.00992067 -0.0146956 -0.0147877 -0.0110234 -0.00581988 -0.0014834 0.000821683 
0.0117727 0.00965631 0.00485738 -0.000936924 -0.00538428 -0.00629457 -0.00272577 0.00424513 0.0117784 0.0166949 0.0172369 0.0138766 0.00865008 0.0038199 0.00100396 0.000968747 0.0035602 0.00763303 0.01135 0.012891 0.0111199 0.0059595 -0.0014096 -0.00862652 -0.0129234 -0.0125426 -0.00779757 -0.000781541 0.00595252 0.0104784 
0.0178929 0.0171402 0.0130431 0.00765389 0.00362616 0.0031625 0.00687733 0.0132781 0.019408 0.0224255 0.0211233 0.0163366 0.0100711 0.00426912 0.000207785 -0.00145445 -0.000627875 0.00204858 0.00522021 0.00723322 0.00673796 0.00321382 -0.00268262 -0.00908219 -0.0134335 -0.013625 -0.00911722 -0.00124555 0.00748449 0.0144769 
0.016487 0.018519 0.0171109 0.0138891 0.0112449 0.0113758 0.0150139 0.0207831 0.0259037 0.0278426 0.0256957 0.0203515 0.0135463 0.00682959 0.00125539 -0.00241213 -0.00368533 -0.00268429 -0.000357794 0.00175187 0.00210681 -0.000183204 -0.00495086 -0.0109005 -0.0158856 -0.0176144 -0.0147053 -0.00752957 0.00183626 0.0105977 
0.00732611 0.0132165 0.0163669 0.0170927 0.0167952 0.0175354 0.0206146 0.0253983 0.0296626 0.0311926 0.0291701 0.0242638 0.0177105 0.0105562 0.0036942 -0.00183511 -0.00503767 -0.00557396 -0.00414221 -0.00226794 -0.00162887 -0.00332495 -0.00750133 -0.0133635 -0.0193016 -0.0231507 -0.0229699 -0.0181735 -0.0100191 -0.000826464 
-0.00569516 0.00418517 0.0126986 0.0183334 0.0209755 0.0223272 0.0244178 0.0277002 0.0307813 0.0318745 0.0302455 0.0262849 0.0206261 0.0137003 0.00618291 -0.00061441 -0.0052208 -0.00693536 -0.00630836 -0.00486133 -0.00432336 -0.00586877 -0.0098054 -0.0157018 -0.0224604 -0.0282533 -0.0309691 -0.0293456 -0.0237054 -0.0153855 
-0.0156338 -0.00298705 0.0100586 0.0202737 0.0258708 0.0278761 0.0287769 0.0300275 0.0311583 0.0310007 0.0291098 0.0257595 0.0210636 0.0148297 0.00741142 0.000216333 -0.00500372 -0.00733817 -0.00724442 -0.00618791 -0.0058444 -0.00737287 -0.0111442 -0.0168902 -0.0237787 -0.0302955 -0.0345603 -0.035259 -0.0321748 -0.0255876 
-0.0176145 -0.00458592 0.0108155 0.0242573 0.0324107 0.0352415 0.035114 0.0340896 0.0325552 0.0301152 0.0268422 0.023139 0.0188514 0.0133399 0.00661739 -3.93271e-05 -0.00489928 -0.00707679 -0.00704805 -0.00621128 -0.00607978 -0.00764345 -0.0111544 -0.0162387 -0.0220075 -0.027176 -0.0305365 -0.0315618 -0.0302296 -0.0260124 
-0.0134919 -0.00265733 0.0126901 0.0278495 0.038205 0.0423194 0.0418218 0.0389194 0.0346902 0.0295209 0.0240775 0.0190714 0.0144009 0.00931016 0.00359766 -0.00173853 -0.00528761 -0.00649006 -0.00606767 -0.00543245 -0.00579205 -0.00763315 -0.0107275 -0.0143483 -0.0174807 -0.0192505 -0.0196017 -0.019426 -0.0193985 -0.0183792 
-0.0102959 -0.00323525 0.0105283 0.0264667 0.0389652 0.0450384 0.0451898 0.0414313 0.0353341 0.0279355 0.0204043 0.0138084 0.00833701 0.00342576 -0.0011593 -0.00473095 -0.00639062 -0.0061621 -0.00524689 -0.00515608 -0.00659672 -0.00911265 -0.0115924 -0.0129108 -0.0122953 -0.00979358 -0.00680516 -0.00561165 -0.00741911 -0.0104356 
-0.0133149 -0.0101272 0.00159377 0.0178317 0.0323403 0.0407395 0.0423453 0.0388125 0.0320266 0.0235077 0.014804 0.00729799 0.00150096 -0.00290762 -0.00616462 -0.00790062 -0.00776734 -0.00641452 -0.0055248 -0.00661974 -0.00970132 -0.0131094 -0.0147366 -0.0133315 -0.00896924 -0.00307623 0.00169288 0.00243912 -0.00191138 -0.00892795 
-0.0210239 -0.0208504 -0.0112943 0.00447113 0.0200814 0.0302015 0.033186 0.0303211 0.0236626 0.015092 0.00650017 -0.000461922 -0.00514099 -0.00791619 -0.00930236 -0.00936448 -0.0082266 -0.00689997 -0.00714725 -0.010121 -0.0149685 -0.0189921 -0.0195012 -0.0156506 -0.00878303 -0.001613 0.00277594 0.00199031 -0.00438056 -0.0137692 
-0.0268578 -0.0288608 -0.0220556 -0.00835344 0.00638798 0.0164962 0.0197685 0.0172017 0.0108863 0.00295537 -0.00434618 -0.0091215 -0.0108392 -0.0104275 -0.00916303 -0.00778553 -0.00677817 -0.00704398 -0.00973157 -0.0150448 -0.0212092 -0.0250373 -0.0240835 -0.0185068 -0.0109122 -0.00457911 -0.00185331 -0.00371846 -0.00997467 -0.0189358 
-0.025165 -0.0291946 -0.0263333 -0.0168585 -0.00551706 0.00234291 0.00442443 0.00153211 -0.00439249 -0.0111794 -0.0163224 -0.0177311 -0.015178 -0.0104866 -0.00605984 -0.00350317 -0.00355235 -0.00658003 -0.0125141 -0.0201333 -0.0267578 -0.0293102 -0.0264072 -0.0196519 -0.0126024 -0.00817932 -0.0070371 -0.00841893 -0.012038 -0.0181007 
-0.0149695 -0.0214559 -0.0237643 -0.0204438 -0.014685 -0.0108954 -0.011029 -0.0144178 -0.0195334 -0.0245408 -0.0269623 -0.0246534 -0.0177134 -0.00882979 -0.00148104 0.00193808 0.000559729 -0.00530468 -0.0142229 -0.0234938 -0.0296458 -0.0300238 -0.0246772 -0.0167723 -0.0104883 -0.00781434 -0.00740061 -0.00697587 -0.00668688 -0.00901646 
0.00110831 -0.00796324 -0.0157701 -0.0194635 -0.0204748 -0.0217381 -0.0244509 -0.0280256 -0.0316104 -0.0341374 -0.0335881 -0.0280058 -0.0177353 -0.00595231 0.00327598 0.00715808 0.00485021 -0.00280181 -0.0134084 -0.023224 -0.0282023 -0.0260571 -0.0180804 -0.0087838 -0.00276697 -0.00105628 -0.000614917 0.00185168 0.00561869 0.00634979 
0.0197636 0.00926943 -0.0027491 -0.0128011 -0.0206563 -0.0273629 -0.0329076 -0.0365767 -0.0382724 -0.0380064 -0.0346569 -0.0267735 -0.0148764 -0.00212839 0.00749894 0.0113525 0.00876949 0.0008236 -0.00979824 -0.0189731 -0.0223623 -0.0178396 -0.00748173 0.00324173 0.00943024 0.0107644 0.0114056 0.0152431 0.0212353 0.024109 
0.0379551 0.0285017 0.0150536 0.000716235 -0.0130611 -0.0252592 -0.0341872 -0.0385808 -0.0388837 -0.03626 -0.0307973 -0.0218573 -0.010118 0.00169131 0.010277 0.0135486 0.0111139 0.00401097 -0.0052849 -0.0127939 -0.0141623 -0.00736407 0.00502303 0.016887 0.0231755 0.0240964 0.0245027 0.0286526 0.0356459 0.0402627 
0.0522297 0.0462332 0.0345021 0.018763 0.000927851 -0.0161411 -0.0288232 -0.0348489 -0.0348235 -0.0309136 -0.024492 -0.0158575 -0.00580057 0.00363919 0.0101409 0.0123307 0.0100763 0.00428451 -0.00290649 -0.00782987 -0.00635294 0.00320366 0.0176544 0.030372 0.0363696 0.0363953 0.0357512 0.038951 0.0456543 0.0515259 
0.0595245 0.0577592 0.0498186 0.03546 0.0161708 -0.00404356 -0.0198593 -0.0278361 -0.0284273 -0.024514 -0.0185312 -0.0115301 -0.00425462 0.0020385 0.00598029 0.00680544 0.0045683 0.000126867 -0.00451658 -0.00591758 -0.000400077 0.0128942 0.0298349 0.0433422 0.0487702 0.047482 0.0450035 0.0459241 0.0506711 0.0563621 
0.0599272 0.0613168 0.0575223 0.0463524 0.0281892 0.0072368 -0.0101864 -0.0197316 -0.0215685 -0.0189076 -0.0147503 -0.0104592 -0.00651752 -0.00347719 -0.00201603 -0.0025309 -0.00482915 -0.00790637 -0.0095996 -0.00659532 0.00401851 0.0217839 0.0414088 0.0556029 0.0604128 0.0578341 0.0532986 0.0511608 0.0525351 0.0561656 
0.0581334 0.061213 0.0607225 0.0530751 0.0374439 0.0175442 -0.000179983 -0.0110487 -0.0149615 -0.014967 -0.0139469 -0.0130616 -0.0124336 -0.0121954 -0.0127335 -0.0143053 -0.0165391 -0.018069 -0.0163986 -0.00843794 0.00759518 0.0296188 0.051307 0.0656632 0.0698306 0.066419 0.0604793 0.0558374 0.0539995 0.0550325 
0.0617691 0.0661851 0.0677039 0.0622725 0.0485896 0.0298815 0.0120204 -0.000737423 -0.00817184 -0.0126223 -0.0160694 -0.0190107 -0.0213036 -0.0231271 -0.025018 -0.0272509 -0.0291818 -0.0289604 -0.0237961 -0.0110522 0.00968356 0.0347482 0.0572135 0.0709223 0.0743993 0.0708725 0.0649938 0.0600427 0.057588 0.0582566 
0.0793593 0.0854845 0.0868108 0.0802599 0.0657181 0.0466565 0.0278889 0.0123058 -0.000165753 -0.0107562 -0.0198326 -0.0268577 -0.0316086 -0.0347835 -0.0374401 -0.0399806 -0.0414748 -0.0396609 -0.0316548 -0.0154198 0.00823136 0.034534 0.0565141 0.0691383 0.0722908 0.0698541 0.0664266 0.0650599 0.0670265 0.0722556 
0.120756 0.127474 0.123693 0.109671 0.0890091 0.0666331 0.0459049 0.0272184 0.00940004 -0.00775201 -0.0226745 -0.033597 -0.0403166 -0.0442803 -0.0472363 -0.0498281 -0.0510229 -0.0484405 -0.039336 -0.0221499 0.00169484 0.027183 0.0478681 0.0598525 0.0641314 0.065317 0.0684796 0.0767662 0.0904206 0.106704 
0.197032 0.200011 0.182285 0.150812 0.115995 0.0856516 0.0614892 0.0403657 0.0188868 -0.00293983 -0.0220757 -0.0356815 -0.0435246 -0.047636 -0.0503522 -0.0526953 -0.0539128 -0.0519267 -0.0442677 -0.0294662 -0.00868109 0.0138014 0.0326537 0.0451631 0.0533055 0.0625848 0.0789374 0.105485 0.139978 0.174218 
0.313535 0.306266 0.263776 0.203225 0.14465 0.100152 0.0700607 0.0472854 0.025201 0.00261339 -0.0172478 -0.0311089 -0.0385956 -0.0418393 -0.0434466 -0.0449581 -0.0463654 -0.0462817 -0.042503 -0.0331744 -0.0184203 -0.0010128 0.0153996 0.0295866 0.0447161 0.0674571 0.104747 0.159068 0.223717 0.281946 
0.456643 0.434003 0.359467 0.262272 0.173262 0.1095 0.0706825 0.0463646 0.0264275 0.00719816 -0.00945685 -0.0207398 -0.0261068 -0.0272612 -0.0266963 -0.0265375 -0.0278565 -0.030183 -0.0314928 -0.0292289 -0.0221081 -0.0110537 0.0022714 0.0184457 0.0421848 0.0816128 0.144669 0.232567 0.332646 0.417577 
0.587336 0.549037 0.444661 0.314136 0.197177 0.114833 0.0667949 0.0407163 0.0239431 0.0101538 -0.00101542 -0.00796975 -0.0101493 -0.00856717 -0.00529734 -0.00290072 -0.00349955 -0.00753153 -0.013153 -0.017173 -0.017063 -0.0121209 -0.00222379 0.0149373 0.0456957 0.0997332 0.185961 0.304173 0.435781 0.543491 
