0.412922 0.373086 0.271335 0.168947 0.101561 0.0643331 0.0373024 0.00915664 -0.0182787 -0.0363192 -0.0382966 -0.0269755 -0.013694 -0.00827098 -0.0112163 -0.0165027 -0.018837 -0.0170808 -0.0131322 -0.00891873 -0.0041297 0.00229905 0.008519 0.0109203 0.0110091 0.0198358 0.0551174 0.131981 0.246544 0.360233 
0.365849 0.333672 0.240032 0.142081 0.0785496 0.04922 0.0342781 0.0183337 -0.00141427 -0.0183767 -0.0242038 -0.0175508 -0.00658277 -0.00120684 -0.00418917 -0.011042 -0.0160781 -0.0169435 -0.0150311 -0.0128713 -0.0107333 -0.00663361 -0.000497627 0.00452441 0.00766196 0.0164071 0.0457699 0.110515 0.210253 0.313535 
0.281966 0.263856 0.192405 0.112136 0.058923 0.0379259 0.03366 0.0294396 0.0179663 0.00261147 -0.00760401 -0.00735096 -0.000683483 0.0035646 0.000640973 -0.00715672 -0.0144258 -0.0177233 -0.0176447 -0.0170801 -0.0170853 -0.015295 -0.00997812 -0.0035624 0.0012617 0.00828226 0.0288223 0.0756918 0.151313 0.234197 
0.192582 0.190464 0.145402 0.0864512 0.0437014 0.0276797 0.0298227 0.0346336 0.0310242 0.0183566 0.0050435 -0.000455245 0.0019516 0.00518354 0.00307622 -0.0043437 -0.0125099 -0.0173038 -0.018424 -0.0187207 -0.0199965 -0.0201112 -0.0162547 -0.00989475 -0.00484762 -0.000557286 0.0104679 0.0386753 0.0889574 0.149939 
0.116554 0.127337 0.104836 0.0646658 0.0305871 0.0167817 0.0213283 0.0314947 0.0341457 0.025003 0.0108682 0.00197964 0.00178226 0.00506192 0.00489504 -0.000611851 -0.00806663 -0.0132125 -0.0149392 -0.0156671 -0.0177002 -0.0195151 -0.0178015 -0.0129637 -0.00912178 -0.00805866 -0.00543319 0.00718556 0.0364552 0.0789091 
0.0594186 0.0772868 0.0703785 0.0450065 0.0189055 0.00684185 0.0112151 0.022945 0.0293839 0.0239812 0.0112478 0.00154851 0.000452558 0.00453263 0.00688076 0.00428343 -0.00122496 -0.00580161 -0.00775455 -0.00881442 -0.011456 -0.0148802 -0.015725 -0.0134339 -0.0118128 -0.0138857 -0.0173272 -0.015305 -0.000746202 0.0275307 
0.0214616 0.0405274 0.0426387 0.0286401 0.0105775 0.000890392 0.00381903 0.0143268 0.0223685 0.0204699 0.0104009 0.00119366 -0.000533822 0.00367641 0.00783619 0.00808541 0.00500198 0.00151427 -0.000396124 -0.00161938 -0.0044525 -0.0087888 -0.0116372 -0.0117627 -0.0122123 -0.0162289 -0.0225825 -0.0260174 -0.0205435 -0.00316074 
0.00272303 0.0187326 0.02498 0.0193754 0.00871617 0.00162095 0.00268151 0.0106875 0.0189333 0.0197413 0.0121362 0.00311431 -0.000291629 0.00237775 0.0067342 0.00881979 0.0078177 0.00548864 0.00389474 0.00307135 0.0011857 -0.00231684 -0.00527571 -0.0062236 -0.00725089 -0.0111379 -0.0172906 -0.022226 -0.0219878 -0.0134194 
0.00144466 0.0123406 0.0195297 0.0195466 0.0147329 0.00973821 0.00881253 0.0137861 0.0209985 0.023027 0.0167587 0.00717137 0.00128844 0.00131854 0.00457637 0.00729523 0.00756407 0.00612585 0.00509636 0.0054372 0.00594584 0.00548941 0.00502445 0.00558226 0.00571817 0.00340282 -0.000945036 -0.00535172 -0.00799558 -0.00635939 
0.0105539 0.0163976 0.0228533 0.0262454 0.0256477 0.0222313 0.0193412 0.0207448 0.0254277 0.0270012 0.0212288 0.0112676 0.00356351 0.00138819 0.00338405 0.0060793 0.00693415 0.00607529 0.00572595 0.00766453 0.0113895 0.01539 0.0192342 0.0227307 0.0243544 0.0229391 0.0196085 0.0158558 0.0119212 0.00915691 
0.0192687 0.0217168 0.0270783 0.0323088 0.0347079 0.032819 0.0284711 0.026118 0.0271377 0.027212 0.0220387 0.0130196 0.00529056 0.00235085 0.00372595 0.00636521 0.00757036 0.00717954 0.00747071 0.0108268 0.0174282 0.0255813 0.0334809 0.0392711 0.0408411 0.0380104 0.0335036 0.0295129 0.0254513 0.0211725 
0.0197934 0.0208868 0.0254199 0.0312745 0.0355042 0.0352815 0.0306394 0.0254876 0.0230362 0.0216432 0.0177519 0.0111142 0.00500475 0.00252615 0.00385769 0.00659409 0.00821603 0.00835776 0.00914088 0.0132719 0.0214896 0.032022 0.0419629 0.0480838 0.047817 0.0419305 0.0348228 0.0298157 0.0261113 0.0222779 
0.0121353 0.0128929 0.0165561 0.0218114 0.0265697 0.0279326 0.0244106 0.0184737 0.0140949 0.0120221 0.00986932 0.00613291 0.00217979 0.000468127 0.00178368 0.00456528 0.00663837 0.0073652 0.00845568 0.0126555 0.021107 0.0320904 0.0421306 0.047399 0.0452615 0.0369477 0.0275941 0.0212501 0.0174157 0.0141954 
0.0020291 0.00207895 0.00435719 0.00828263 0.0128775 0.0157318 0.014333 0.00945155 0.00478575 0.00264385 0.00191705 0.000485968 -0.00179383 -0.00311574 -0.00216029 0.000400994 0.00279843 0.00408128 0.00538982 0.00929281 0.0172367 0.0277826 0.0374629 0.042454 0.0401151 0.0313162 0.0207722 0.0128114 0.00779986 0.00422229 
-0.0045943 -0.00588776 -0.00507013 -0.0020039 0.00279656 0.00704919 0.00768143 0.00422148 -0.000302463 -0.00276589 -0.00307866 -0.00335332 -0.00472159 -0.00601767 -0.00561111 -0.00341666 -0.000798715 0.00102955 0.00263116 0.00628438 0.0136799 0.0238728 0.0337814 0.039735 0.0387711 0.0307615 0.0195028 0.00968022 0.00297572 -0.00154591 
-0.00438404 -0.00662844 -0.00641655 -0.00324694 0.00193907 0.00663199 0.0078197 0.00462532 -0.000465961 -0.00400729 -0.00494837 -0.00501167 -0.00587613 -0.00703066 -0.0068528 -0.00477819 -0.00184611 0.000566286 0.00255714 0.00608172 0.0129852 0.0228887 0.0332684 0.0405827 0.0413219 0.0342745 0.0225395 0.0114373 0.00390446 -0.000839842 
0.00308702 0.00110968 0.00140153 0.00432461 0.00842081 0.0114428 0.011163 0.00686623 0.000598631 -0.00426109 -0.00609707 -0.00617725 -0.00643207 -0.00695975 -0.00641399 -0.00407104 -0.000763786 0.00210009 0.00433256 0.00756112 0.0136345 0.0226636 0.0327769 0.0407414 0.0427457 0.0368629 0.0257778 0.0152633 0.00892343 0.00568846 
0.0154343 0.0145056 0.014229 0.0148444 0.0153382 0.0146798 0.0117486 0.00595955 -0.0011866 -0.00668271 -0.00877428 -0.00845272 -0.0077647 -0.00729983 -0.00610462 -0.00350935 -0.00018427 0.00261375 0.00460242 0.00708569 0.011756 0.0190482 0.0277594 0.035326 0.0382812 0.0345062 0.0261648 0.0187051 0.0156643 0.0156343 
0.0289143 0.0289188 0.0267938 0.0231366 0.0184419 0.0134122 0.00785266 0.00103548 -0.00621707 -0.0114512 -0.0130494 -0.0119047 -0.0101383 -0.00871164 -0.00706032 -0.00462952 -0.00188079 0.000238493 0.00149172 0.00289938 0.00591671 0.0110949 0.0177283 0.0241511 0.0279319 0.0272957 0.0235821 0.0209695 0.0223369 0.0261893 
0.0400164 0.0407036 0.036574 0.0287073 0.0192333 0.0104076 0.00276925 -0.00456269 -0.0114887 -0.0162283 -0.0173363 -0.0155445 -0.0129507 -0.0108068 -0.00891881 -0.00685097 -0.00483158 -0.00347561 -0.00294583 -0.00243886 -0.000725065 0.00267304 0.00723178 0.012116 0.0163326 0.0189068 0.0202293 0.0225894 0.0278774 0.034871 
0.0458278 0.04749 0.0429022 0.0330116 0.0207366 0.00937727 0.000270008 -0.00735767 -0.0140817 -0.0188394 -0.0202106 -0.0184844 -0.0155288 -0.0128261 -0.0105817 -0.00852113 -0.00670765 -0.00553794 -0.00517006 -0.0049797 -0.00392405 -0.0016878 0.00115792 0.00435279 0.00827305 0.012915 0.0178765 0.023546 0.0308652 0.0392464 
0.0447759 0.0480077 0.0450203 0.0358169 0.0230954 0.0107217 0.00086339 -0.00694868 -0.0137778 -0.0191302 -0.0214653 -0.0204297 -0.0174684 -0.0142236 -0.011337 -0.00876739 -0.00652152 -0.00490892 -0.00415581 -0.00381928 -0.00302428 -0.00156722 -5.82099e-05 0.00154837 0.00449316 0.00950517 0.0157325 0.0222662 0.0294784 0.0375796 
0.0380082 0.0429769 0.0425635 0.035591 0.024084 0.0120923 0.00230971 -0.00544828 -0.0123605 -0.0182051 -0.0214156 -0.0211485 -0.0183533 -0.0146894 -0.0111809 -0.00804537 -0.00529826 -0.00321623 -0.00210579 -0.00171255 -0.00131284 -0.000663445 -0.000221517 0.000178601 0.00195861 0.00608406 0.0116413 0.0173278 0.0233842 0.0305788 
0.0291611 0.0351282 0.036618 0.0317907 0.0221405 0.0115107 0.0025592 -0.00469152 -0.0111095 -0.0165536 -0.0198172 -0.0199915 -0.0175416 -0.0139089 -0.0103163 -0.00717461 -0.00450126 -0.0025308 -0.00163584 -0.00174705 -0.00223627 -0.00262331 -0.00298554 -0.00313829 -0.00204058 0.0010395 0.00539654 0.0100308 0.0152289 0.0217799 
0.0217907 0.0272737 0.0290148 0.0253083 0.0174357 0.00863815 0.00105424 -0.00508741 -0.010108 -0.0140133 -0.0163737 -0.0165853 -0.0146637 -0.011621 -0.00865123 -0.00623172 -0.00433459 -0.00314196 -0.00310425 -0.00432519 -0.00616519 -0.00771379 -0.00851392 -0.0084133 -0.00704237 -0.00417654 -0.000285579 0.00408353 0.00911266 0.0151713 
0.0168254 0.0203245 0.0207509 0.0170862 0.0105941 0.00366689 -0.00225839 -0.00672002 -0.00955842 -0.0111196 -0.0119036 -0.0117315 -0.0102602 -0.00801884 -0.00600901 -0.00465894 -0.00387411 -0.00380175 -0.0049781 -0.00763475 -0.0110106 -0.0136532 -0.0145204 -0.0134993 -0.0109376 -0.00722551 -0.00280017 0.00197075 0.00694531 0.01202 
0.0123131 0.0130977 0.0114665 0.00729146 0.00187997 -0.00326213 -0.00735904 -0.00976986 -0.0100887 -0.00907821 -0.00798617 -0.0069985 -0.00558685 -0.00389816 -0.00266879 -0.00222721 -0.00245709 -0.00350231 -0.00593346 -0.0100176 -0.0148288 -0.0184186 -0.019219 -0.017118 -0.0130758 -0.00811748 -0.00289718 0.00213316 0.00653401 0.00997842 
0.00531827 0.0037354 0.000400719 -0.00393979 -0.00797111 -0.011052 -0.0130457 -0.0133017 -0.0113449 -0.00816808 -0.00536489 -0.00336651 -0.00166291 -0.000171192 0.000646899 0.000552793 -0.000393079 -0.00235592 -0.00585666 -0.0111034 -0.0170483 -0.0214447 -0.022374 -0.0196935 -0.0147925 -0.00924399 -0.00399632 0.000436863 0.00360849 0.00523967 
-0.0053942 -0.00820262 -0.0119665 -0.0152489 -0.0168716 -0.0171094 -0.0165915 -0.0148908 -0.0114604 -0.0071126 -0.00332075 -0.000631167 0.00130869 0.00268827 0.00328372 0.00291014 0.00152373 -0.00106908 -0.00528464 -0.011224 -0.0178099 -0.0227698 -0.0241108 -0.0216977 -0.0171418 -0.0123343 -0.00836262 -0.00557651 -0.00410909 -0.00403924 
-0.0180217 -0.0207234 -0.0233732 -0.0241888 -0.022328 -0.019034 -0.0158523 -0.0127501 -0.00896541 -0.00469753 -0.000940691 0.00175188 0.00353795 0.00464234 0.00500634 0.00445634 0.00284388 -3.6786e-05 -0.00447228 -0.0104476 -0.0169663 -0.0220155 -0.0238398 -0.0223994 -0.0193208 -0.0164868 -0.0148638 -0.0144563 -0.0149372 -0.0161075 
-0.0293273 -0.0309514 -0.0314477 -0.0291281 -0.0236364 -0.0170533 -0.0117493 -0.00806211 -0.00487384 -0.00156207 0.00146643 0.00367848 0.00505183 0.00580918 0.00597665 0.00536287 0.00374944 0.000955627 -0.00315481 -0.00846379 -0.0141784 -0.0187994 -0.0210448 -0.0209897 -0.0200371 -0.0197394 -0.0207714 -0.0228408 -0.0252452 -0.027438 
-0.0372925 -0.0374485 -0.0355988 -0.0305662 -0.0225257 -0.0140083 -0.00776272 -0.00426744 -0.00203612 0.000252879 0.00262467 0.00449428 0.00566031 0.00630831 0.00648782 0.00599255 0.00459512 0.00219107 -0.00119334 -0.00537881 -0.00989121 -0.0138932 -0.0166386 -0.0181992 -0.0194987 -0.0215418 -0.0247281 -0.0287256 -0.0326927 -0.0357006 
-0.0415556 -0.0403106 -0.0366044 -0.0300233 -0.0212001 -0.0126023 -0.00674096 -0.00393226 -0.00245029 -0.00063045 0.00169736 0.00379849 0.00527882 0.00624147 0.00671339 0.00649424 0.005414 0.00349366 0.000915377 -0.00213898 -0.00556667 -0.00916834 -0.0126203 -0.0158324 -0.0191077 -0.0228489 -0.027276 -0.0322508 -0.0370375 -0.0404303 
-0.0418424 -0.0395109 -0.034824 -0.0280916 -0.0201979 -0.0131156 -0.0086467 -0.00673094 -0.00559604 -0.0036388 -0.000807167 0.00198715 0.00418403 0.00576999 0.00671068 0.00682053 0.00601773 0.00446246 0.00246873 0.000188621 -0.00259311 -0.00613466 -0.010344 -0.0149167 -0.0196157 -0.0243227 -0.0290808 -0.0339508 -0.0384651 -0.0414478 
-0.0374905 -0.0345441 -0.0299077 -0.0242975 -0.0185391 -0.0138921 -0.011307 -0.010305 -0.00923795 -0.00687332 -0.00343937 4.41817e-05 0.00295121 0.00516154 0.00655839 0.00695818 0.00634095 0.00496542 0.00324667 0.00132827 -0.00118879 -0.00479408 -0.00947885 -0.014805 -0.0202256 -0.0252321 -0.0295797 -0.0333504 -0.036435 -0.0380963 
-0.0291047 -0.0261222 -0.0224036 -0.0186929 -0.0154951 -0.0133826 -0.0126212 -0.0124245 -0.0113581 -0.00868378 -0.0049444 -0.00115246 0.00212751 0.00471545 0.00641375 0.00701688 0.00650701 0.00517852 0.00353304 0.00176723 -0.000563363 -0.00403003 -0.00867214 -0.0140535 -0.0195233 -0.0242792 -0.0276951 -0.0297405 -0.0307322 -0.0306483 
-0.0196353 -0.0171097 -0.0145631 -0.0126208 -0.0114741 -0.011248 -0.0118327 -0.0122833 -0.0113407 -0.00866347 -0.00501835 -0.00132729 0.00196654 0.00465343 0.00646474 0.0071544 0.00666195 0.00528301 0.00361909 0.00199164 1.08274e-05 -0.00293196 -0.00699349 -0.0118638 -0.0168844 -0.0210228 -0.023323 -0.0236847 -0.0228759 -0.0215445 
-0.0126814 -0.0106939 -0.00871199 -0.00746944 -0.00721247 -0.00797135 -0.00946742 -0.0105871 -0.0100465 -0.00766313 -0.00431248 -0.000851189 0.00233794 0.00499514 0.00678608 0.00742747 0.00682228 0.00527932 0.00352205 0.00205362 0.00061107 -0.00145809 -0.00452958 -0.00850236 -0.0127561 -0.0161587 -0.0176291 -0.0170941 -0.0156308 -0.0142047 
-0.00973495 -0.00782068 -0.00527697 -0.00338875 -0.00299279 -0.00431514 -0.00684458 -0.00901966 -0.00921314 -0.0071974 -0.00396964 -0.000487229 0.00278156 0.00547969 0.00721448 0.00770093 0.00686851 0.00508519 0.00320248 0.00192391 0.00114712 0.000146998 -0.00173674 -0.00462349 -0.00798496 -0.0108214 -0.012165 -0.0119137 -0.0110909 -0.0105449 
-0.00937851 -0.00693664 -0.00308544 5.69047e-05 0.00076727 -0.00144522 -0.00560846 -0.00936033 -0.0104597 -0.00857161 -0.00497225 -0.00095756 0.00276741 0.00571199 0.00744804 0.00775514 0.00668398 0.00471528 0.00281214 0.00184532 0.00183894 0.00194 0.00119037 -0.000694469 -0.00330873 -0.00596867 -0.0079168 -0.00881414 -0.00925846 -0.00975617 
-0.00887727 -0.00591814 -0.00122434 0.00244083 0.00271111 -0.000994929 -0.0071632 -0.0125937 -0.0144066 -0.0121985 -0.00766181 -0.00258919 0.00198517 0.00541431 0.00726742 0.00746655 0.00626053 0.00426378 0.00251476 0.00199226 0.00278313 0.00387016 0.00402599 0.00285459 0.000656602 -0.00216901 -0.00494979 -0.00694385 -0.00826516 -0.00923862 
-0.00657729 -0.00401123 -6.49897e-05 0.00247772 0.00128039 -0.00406408 -0.0117647 -0.0182524 -0.0202937 -0.0174404 -0.0117135 -0.00533484 0.000331142 0.00444289 0.00656669 0.0068073 0.00562055 0.00371363 0.00215812 0.00201743 0.0034387 0.00528741 0.00612492 0.00543631 0.00343754 0.000436682 -0.00274473 -0.00496957 -0.00616695 -0.00691468 
-0.00335387 -0.00236142 -0.000678982 -0.000459133 -0.00339955 -0.00961834 -0.0175671 -0.0240799 -0.0260188 -0.0227863 -0.0163186 -0.00892668 -0.00221861 0.00268713 0.00526328 0.00573688 0.0046939 0.00285834 0.00132032 0.001275 0.00301576 0.00541032 0.00687995 0.00673629 0.00507012 0.00221782 -0.000741334 -0.00240574 -0.00283299 -0.00317075 
-0.00147115 -0.00248244 -0.00320675 -0.00496169 -0.00870128 -0.0143747 -0.0211308 -0.0268534 -0.0288785 -0.02624 -0.0201891 -0.0126403 -0.00530563 0.000321869 0.00345432 0.0042796 0.00339553 0.00150319 -0.00025787 -0.000499308 0.00130615 0.00415016 0.0063967 0.00714436 0.00624579 0.00394379 0.00142148 0.000222162 0.000194005 -0.00024041 
-0.00144271 -0.00366219 -0.00550742 -0.00781441 -0.0110925 -0.0151944 -0.0199838 -0.0246 -0.0270877 -0.026029 -0.021601 -0.0149533 -0.0077364 -0.00181257 0.00166979 0.00271227 0.00184179 -0.000241996 -0.00232015 -0.00284308 -0.00107334 0.00217434 0.00532264 0.00729735 0.00759989 0.00610559 0.00380076 0.00233247 0.00181029 0.000728967 
-0.00104179 -0.00290256 -0.00431476 -0.00620137 -0.00882242 -0.0116051 -0.0146017 -0.0179926 -0.0207388 -0.0212937 -0.0189279 -0.013986 -0.0078588 -0.00253061 0.000637378 0.00146726 0.00038554 -0.00191553 -0.00419983 -0.00492026 -0.00326565 0.000182046 0.00407714 0.00729313 0.0089234 0.00828336 0.00599834 0.00385861 0.0025437 0.00105709 
0.00166642 0.00158306 0.0014909 -4.94346e-05 -0.00295054 -0.00560297 -0.00746464 -0.00932898 -0.0112842 -0.012341 -0.0115633 -0.00876374 -0.00481772 -0.00131504 0.000594813 0.000722827 -0.000650719 -0.00299494 -0.00526567 -0.00614383 -0.00486529 -0.00168391 0.00250274 0.0066229 0.00932915 0.00941483 0.00728116 0.00487472 0.0033686 0.00237723 
0.00591641 0.00834604 0.00993966 0.00841755 0.00425113 0.000534882 -0.000866786 -0.000818088 -0.000647631 -0.000695089 -0.000705307 -0.000311582 0.000454987 0.00101858 0.000929449 0.000163773 -0.00126857 -0.00328668 -0.0053205 -0.00645056 -0.00597082 -0.00365875 0.000212223 0.00467051 0.00796041 0.00861857 0.00709977 0.00530814 0.00441756 0.00454471 
0.0100122 0.0150908 0.0186503 0.0172203 0.0113676 0.005758 0.00413471 0.00614217 0.00921998 0.0110988 0.0107122 0.00847421 0.00554754 0.00278592 0.00065375 -0.00070925 -0.00173222 -0.00302301 -0.00464587 -0.00610599 -0.00672083 -0.00576111 -0.00283343 0.00129919 0.004713 0.00599959 0.00572887 0.00534592 0.00548033 0.00667268 
0.0135628 0.0208423 0.0263441 0.0252414 0.0177837 0.00996534 0.00756397 0.0110703 0.0167892 0.0203554 0.0193284 0.0143841 0.00809165 0.00267986 -0.000726027 -0.00204193 -0.00222612 -0.00256513 -0.00365853 -0.00532211 -0.00694145 -0.00748325 -0.00594411 -0.002571 0.00094017 0.00324533 0.00467083 0.0059204 0.0070067 0.00886423 
0.016469 0.0246387 0.0312836 0.030536 0.0221496 0.0129034 0.00996875 0.0144071 0.021615 0.0256661 0.0233585 0.0160007 0.00744108 0.000753336 -0.00283839 -0.00355878 -0.00278121 -0.00217652 -0.00259804 -0.00405606 -0.00618175 -0.00796952 -0.00784029 -0.00510142 -0.000942858 0.00291024 0.00593179 0.00822611 0.00969219 0.0115476 
0.0175 0.0245799 0.0309119 0.0303697 0.0225032 0.0141489 0.0123259 0.0176456 0.0249737 0.0280646 0.0239754 0.0148196 0.00519614 -0.00166604 -0.00488724 -0.00503823 -0.0035893 -0.00216577 -0.00160555 -0.00215092 -0.00399351 -0.00648475 -0.00745256 -0.00492269 0.000498156 0.00616381 0.0102055 0.012452 0.0132735 0.0140195 
0.0158043 0.0199685 0.0244861 0.0240283 0.0186274 0.0144033 0.0162504 0.0229718 0.0293622 0.0303725 0.0243008 0.0138819 0.00374781 -0.00317756 -0.00640115 -0.00662915 -0.00506884 -0.00292955 -0.000891356 0.000358707 -0.000351903 -0.00304061 -0.00492518 -0.00251249 0.00429662 0.0117614 0.0164074 0.0177712 0.0168956 0.0153121 
0.0129707 0.0132754 0.0150485 0.0147579 0.0134367 0.0157101 0.022921 0.0312692 0.0359339 0.0341495 0.0260015 0.0144983 0.00376057 -0.00371401 -0.00762176 -0.00859189 -0.00737075 -0.00455677 -0.000639957 0.00301997 0.00393266 0.00119468 -0.00180562 0.000143845 0.008174 0.0176547 0.0232681 0.0237413 0.0206688 0.0161261 
0.0122785 0.00893077 0.00801049 0.00813473 0.0110885 0.0194486 0.0310342 0.039922 0.0420633 0.0371411 0.0269568 0.0145305 0.00327919 -0.00470154 -0.0092187 -0.0108538 -0.0099625 -0.00654943 -0.000909841 0.00494877 0.00730643 0.0044216 0.000184058 0.00147897 0.0107669 0.0228947 0.0305049 0.0308577 0.0258926 0.01867 
0.0160715 0.0101535 0.00740302 0.00792273 0.0133868 0.0243922 0.0366893 0.0437556 0.042628 0.0348032 0.023184 0.0106197 -0.000161015 -0.00751483 -0.0115069 -0.0128978 -0.0119337 -0.00823114 -0.00182809 0.00508253 0.00824679 0.0054322 0.000622373 0.00172168 0.0124956 0.0278083 0.0384651 0.0398284 0.0338324 0.0247191 
0.0238665 0.0164216 0.0126224 0.0128518 0.0179646 0.0272657 0.0362169 0.0392429 0.0346908 0.0249725 0.013225 0.00193283 -0.00681435 -0.0119756 -0.0140808 -0.0142363 -0.0128609 -0.00946794 -0.00370558 0.00281366 0.00630553 0.00440742 0.000429805 0.00214109 0.0143434 0.0327187 0.0469973 0.0504875 0.0444431 0.0340678 
0.032749 0.0236609 0.0186233 0.0175195 0.0202068 0.0253879 0.0291929 0.0277089 0.0206228 0.0105113 -2.90858e-06 -0.00889472 -0.0145746 -0.0167128 -0.0164108 -0.0150612 -0.0133119 -0.0107696 -0.00659453 -0.00121229 0.00273124 0.00277208 0.000758021 0.00336532 0.0162511 0.0367771 0.0546585 0.0612439 0.0561514 0.044754 
0.0399 0.0275952 0.0202275 0.0173038 0.017609 0.0192399 0.0189172 0.0142952 0.00623229 -0.00296659 -0.0115864 -0.0179938 -0.0208319 -0.0203985 -0.018306 -0.0159957 -0.0141448 -0.0124745 -0.00972161 -0.00508157 -0.00011741 0.00228494 0.00214838 0.00488023 0.0170901 0.0384237 0.0595483 0.0701647 0.0672365 0.0549241 
0.0444761 0.0270514 0.0165055 0.012579 0.0124299 0.0127417 0.0103446 0.00423331 -0.00365127 -0.0113035 -0.0180089 -0.022599 -0.0237895 -0.0221618 -0.0195133 -0.0170597 -0.015274 -0.0139438 -0.0116227 -0.00673244 -0.000293661 0.00402025 0.00453575 0.00584869 0.0158267 0.0366949 0.0607179 0.0762923 0.0768654 0.0638871 
0.0474377 0.0241691 0.0107899 0.00774407 0.00959198 0.0105081 0.00713787 -5.44806e-05 -0.00775645 -0.0138375 -0.0185884 -0.0218784 -0.0227365 -0.0214831 -0.0194418 -0.0173682 -0.0155371 -0.0138827 -0.0110816 -0.00531288 0.00248605 0.00775681 0.00743997 0.00576552 0.0120882 0.0313632 0.0578939 0.079124 0.0844863 0.0715965 
0.0519295 0.0235266 0.00817428 0.00746477 0.0127781 0.0149778 0.0102955 0.000926129 -0.00778804 -0.0127606 -0.0152283 -0.0170723 -0.0183224 -0.0185545 -0.0178143 -0.0162144 -0.0140876 -0.0117633 -0.00829588 -0.00190843 0.00651692 0.0118495 0.00991023 0.0044956 0.00621968 0.0227995 0.0511405 0.0784655 0.0902636 0.07946 
0.0645815 0.032358 0.0147619 0.0156523 0.0238613 0.0266759 0.0193423 0.00569036 -0.00622972 -0.0113468 -0.0114931 -0.0113457 -0.0128452 -0.0148286 -0.015568 -0.0143803 -0.011863 -0.00894455 -0.0052102 0.000995664 0.0091441 0.0141719 0.0110462 0.00257082 -0.000225632 0.0128867 0.0421892 0.0761096 0.0970105 0.0922367 
0.0949241 0.0602261 0.03802 0.0366045 0.0443317 0.0453388 0.0331786 0.0127708 -0.00499308 -0.012376 -0.0110683 -0.00851852 -0.00937114 -0.012492 -0.0145485 -0.013874 -0.0111519 -0.00783351 -0.00409718 0.00148821 0.0089769 0.0140289 0.0111178 0.00143196 -0.00472671 0.00485727 0.0346395 0.0761803 0.110228 0.117627 
0.15172 0.115706 0.0841403 0.072867 0.0732594 0.0678092 0.0481024 0.0192215 -0.00605757 -0.017629 -0.0162033 -0.0110415 -0.00985599 -0.0128656 -0.0158916 -0.0160139 -0.0133963 -0.0096611 -0.00559134 -0.000221809 0.00699007 0.0127823 0.011542 0.0025792 -0.00536859 0.00137122 0.0319934 0.0830239 0.135441 0.162897 
0.235428 0.198464 0.150658 0.119104 0.103042 0.0858643 0.0571194 0.0204802 -0.0114312 -0.0273782 -0.0265148 -0.0184541 -0.013737 -0.015162 -0.0186623 -0.0198359 -0.0176169 -0.0133729 -0.00845798 -0.00261163 0.00490997 0.0119433 0.0131445 0.0061793 -0.00199146 0.00329799 0.0358909 0.0983522 0.173767 0.228677 
0.329142 0.290439 0.220237 0.159877 0.121141 0.0906894 0.0553251 0.0150832 -0.019821 -0.0383571 -0.0378576 -0.026858 -0.0178232 -0.0166 -0.0200581 -0.0224265 -0.0210078 -0.0165794 -0.010946 -0.00462352 0.00311939 0.0111461 0.0147505 0.0105503 0.00385605 0.00952954 0.0448837 0.118407 0.21699 0.301653 
0.398952 0.358166 0.26633 0.178222 0.119484 0.0810069 0.0458857 0.00861449 -0.02449 -0.0433632 -0.04337 -0.0307146 -0.0182445 -0.0143619 -0.0175114 -0.0212324 -0.0212885 -0.0176155 -0.0122346 -0.00639034 0.000525111 0.00844658 0.0138246 0.012908 0.00928473 0.0166476 0.0536587 0.133322 0.247282 0.354431 
