0.4001 0.345845 0.243157 0.134925 0.0481991 -0.00883742 -0.0364531 -0.0379204 -0.0210498 0.00124232 0.0163509 0.0189929 0.0121607 0.00199159 -0.00705861 -0.0132709 -0.0166954 -0.0182521 -0.0187172 -0.0175141 -0.0128042 -0.00323869 0.0100496 0.0231844 0.0341907 0.0513379 0.0939679 0.176471 0.285434 0.375876 
0.320464 0.265598 0.177564 0.0900439 0.0216373 -0.0234546 -0.0455125 -0.0455735 -0.0286131 -0.00556558 0.0113069 0.0159606 0.0107136 0.00155865 -0.00704828 -0.0134681 -0.0176426 -0.0200682 -0.0211326 -0.0201686 -0.0152779 -0.00487203 0.0100076 0.0253015 0.0387687 0.057417 0.0968038 0.166278 0.25136 0.314412 
0.21257 0.168149 0.108751 0.0548725 0.0135223 -0.0165982 -0.0350349 -0.0381585 -0.0256088 -0.00497807 0.0118775 0.0174952 0.0128626 0.00354328 -0.00598952 -0.0140372 -0.0202377 -0.0244312 -0.0264447 -0.0255371 -0.0199216 -0.00793063 0.00926679 0.0268306 0.0412254 0.057203 0.0862598 0.133817 0.187234 0.220093 
0.127684 0.0996667 0.0701507 0.0477218 0.0293758 0.00933251 -0.0104382 -0.0209743 -0.0162417 -0.000437021 0.0149209 0.020731 0.0162951 0.00644728 -0.00441642 -0.0144526 -0.022872 -0.0287601 -0.0313006 -0.0297348 -0.0227047 -0.00887718 0.0102233 0.0289189 0.0423429 0.0533267 0.0707176 0.0982514 0.126509 0.139085 
0.0865839 0.0717094 0.0616545 0.0577535 0.0513521 0.034539 0.0108263 -0.00717083 -0.00979787 0.00108315 0.0145424 0.0205355 0.016929 0.00756147 -0.00358632 -0.0146558 -0.0244258 -0.0311903 -0.0333913 -0.0302126 -0.0210373 -0.00543305 0.0145385 0.0329473 0.0445464 0.0512748 0.0608109 0.076672 0.09198 0.0961118 
0.0806033 0.0689707 0.0632257 0.0630142 0.0585753 0.0416858 0.016187 -0.00479479 -0.0109969 -0.00316329 0.00901272 0.0157429 0.0140066 0.00646984 -0.00362142 -0.0145167 -0.0245708 -0.0312892 -0.0323072 -0.0266494 -0.0145891 0.00296675 0.0233259 0.0410568 0.0516182 0.0567886 0.0636169 0.0757107 0.0873233 0.0894164 
0.089665 0.0714013 0.0582516 0.0525377 0.0461361 0.0306049 0.0080205 -0.0107817 -0.0168837 -0.0103122 0.0012504 0.0091917 0.00991191 0.00475677 -0.00384449 -0.0141504 -0.0240114 -0.0301794 -0.0295158 -0.0208042 -0.00517465 0.0149244 0.0360394 0.05364 0.0645675 0.0706737 0.0781072 0.0902447 0.101609 0.102381 
0.0974061 0.0688892 0.0454375 0.033855 0.027801 0.0171526 0.000450154 -0.0145835 -0.0201502 -0.015009 -0.00439704 0.00446424 0.00733489 0.00410151 -0.00357001 -0.0137557 -0.0236929 -0.029442 -0.027221 -0.0155707 0.00367082 0.0265227 0.0485534 0.0660545 0.0775086 0.0850421 0.093698 0.106363 0.117675 0.11642 
0.0969663 0.0624818 0.0338779 0.0217642 0.0203417 0.0164738 0.00481024 -0.00890546 -0.016368 -0.0143364 -0.00582085 0.00300778 0.00716834 0.00508585 -0.00234055 -0.0130013 -0.0235281 -0.0293891 -0.0263814 -0.0129406 0.00856705 0.0329076 0.0545998 0.0703873 0.0803172 0.0872831 0.0958341 0.10865 0.120579 0.119154 
0.089868 0.0578653 0.0317367 0.0237426 0.0280172 0.029074 0.0190188 0.00325017 -0.00826879 -0.0103745 -0.00468897 0.0032366 0.00794849 0.00672397 -0.000378624 -0.0113472 -0.0224321 -0.0286925 -0.0257797 -0.0122444 0.00920403 0.0326024 0.051659 0.0632307 0.0686715 0.0722261 0.0789869 0.0919179 0.106143 0.108494 
0.0814234 0.0586998 0.0401176 0.0369932 0.0437875 0.045204 0.0332176 0.0139151 -0.0013792 -0.00672319 -0.00351104 0.00309714 0.00787732 0.00763414 0.00161903 -0.00864257 -0.0194396 -0.0257536 -0.0233644 -0.0110802 0.00825735 0.0285354 0.0431547 0.0490869 0.0487637 0.0478935 0.0524351 0.065602 0.0828334 0.0913306 
0.0742658 0.0631656 0.0534952 0.0535756 0.0586189 0.0561441 0.0403604 0.0183999 0.00172132 -0.00451275 -0.00253387 0.0027699 0.00713215 0.00770837 0.0032579 -0.00536986 -0.0149325 -0.0207588 -0.0189957 -0.0087094 0.00734547 0.023384 0.0331194 0.0339613 0.0291251 0.0251 0.0280792 0.0411721 0.060373 0.0744015 
0.0663631 0.066177 0.0644182 0.0657934 0.0664893 0.0582481 0.0388535 0.0163643 0.00116119 -0.00345643 -0.00112234 0.0033711 0.00696733 0.00774194 0.00445896 -0.00257008 -0.0107824 -0.0161636 -0.0153416 -0.00751599 0.00484086 0.0165424 0.0220406 0.0193942 0.0120673 0.00628789 0.0078208 0.0198302 0.0395086 0.0576989 
0.0557376 0.0643723 0.0682934 0.0695686 0.0657156 0.0525793 0.0312515 0.010183 -0.00187527 -0.00354936 0.000279347 0.00473035 0.00764526 0.00806887 0.00512061 -0.0011429 -0.00877755 -0.0144541 -0.0151891 -0.0100896 -0.00119336 0.0069145 0.00939149 0.00476414 -0.00378984 -0.0109086 -0.011359 -0.00141489 0.0179028 0.0395316 
0.0437538 0.0578384 0.0647409 0.0655252 0.0591799 0.0441435 0.0231495 0.00435414 -0.00478646 -0.00395477 0.00137481 0.00615773 0.00863454 0.00852372 0.00534372 -0.000934456 -0.00880464 -0.0154349 -0.0180325 -0.0154328 -0.00917795 -0.00337742 -0.00244293 -0.00772264 -0.0165841 -0.0245575 -0.0268576 -0.0192104 -0.00097718 0.0225961 
0.0328494 0.0487524 0.0567373 0.057888 0.0521193 0.0384477 0.0194272 0.0025865 -0.00505842 -0.00319405 0.00272082 0.0075195 0.00957024 0.00901199 0.00563504 -0.000693582 -0.00879611 -0.016161 -0.0201002 -0.0192262 -0.014646 -0.00998604 -0.00924868 -0.0138037 -0.0217044 -0.0294101 -0.032782 -0.0275411 -0.0119154 0.0106178 
0.0238564 0.0396408 0.0484504 0.0513056 0.0481181 0.0372583 0.0204143 0.00468424 -0.00274237 -0.00109167 0.00443844 0.00870928 0.0102523 0.00954054 0.00651099 0.000836039 -0.00665594 -0.0137754 -0.0180565 -0.0181283 -0.0147816 -0.0109631 -0.00991437 -0.0128516 -0.0186435 -0.0250217 -0.0289529 -0.0266214 -0.0153514 0.00342072 
0.0161652 0.0316426 0.0420034 0.0475109 0.0472504 0.038814 0.0234566 0.00823646 0.000555371 0.00150699 0.00617762 0.00965529 0.010734 0.0101665 0.00799676 0.00370843 -0.00226883 -0.00821546 -0.0121197 -0.0128762 -0.0110537 -0.00873088 -0.00800249 -0.00955596 -0.0129576 -0.0174586 -0.0215222 -0.0220662 -0.0156376 -0.00156052 
0.00886784 0.0238345 0.0360581 0.0445338 0.0469595 0.0403213 0.0259715 0.0111393 0.00326549 0.003584 0.00749624 0.0103777 0.0111817 0.0108209 0.00951238 0.006713 0.00249581 -0.00201356 -0.00543125 -0.00702989 -0.00717571 -0.00705927 -0.00757278 -0.00865191 -0.0101874 -0.0126859 -0.0160715 -0.0182289 -0.0155342 -0.0058193 
0.0020607 0.0150612 0.028044 0.0388287 0.0435624 0.0385789 0.0253073 0.0110577 0.0032547 0.00333898 0.00709659 0.0100551 0.0110306 0.01092 0.0101902 0.0084621 0.00557875 0.00210722 -0.00114581 -0.00370843 -0.00565994 -0.00744041 -0.00911291 -0.0101169 -0.0104035 -0.0110478 -0.0128684 -0.014861 -0.0142676 -0.00856833 
-0.00242537 0.00624488 0.017498 0.0286559 0.034711 0.0312639 0.0193938 0.00614394 -0.00115292 -0.000754757 0.00357805 0.00742844 0.0092544 0.00974707 0.0095566 0.00851715 0.006364 0.003301 -0.000146609 -0.00344604 -0.0062603 -0.00851698 -0.0100562 -0.0104353 -0.00969011 -0.00875882 -0.00855391 -0.00909306 -0.00934857 -0.00757535 
-0.00303729 -0.000434639 0.00648743 0.0155168 0.0213473 0.0190413 0.00894504 -0.00265438 -0.00883929 -0.00767502 -0.00239606 0.00276669 0.00594534 0.00749831 0.00807344 0.0076248 0.0058514 0.0028304 -0.000856045 -0.00434255 -0.0068606 -0.00811417 -0.0082168 -0.00732569 -0.00568016 -0.00369181 -0.00175326 -0.000497074 -0.000760885 -0.00229324 
-0.000875754 -0.00391157 -0.00239476 0.00273065 0.0068549 0.00509045 -0.00295004 -0.0121853 -0.0166385 -0.0144454 -0.0082544 -0.00189432 0.00260955 0.00529899 0.00672873 0.00689965 0.00550763 0.00263623 -0.000943248 -0.00403001 -0.00560647 -0.00541854 -0.00401634 -0.00217892 -0.000345375 0.00161934 0.00410356 0.00655541 0.0069919 0.00400478 
0.00153279 -0.00428412 -0.00699555 -0.00599725 -0.00442069 -0.00632907 -0.0124763 -0.0191733 -0.0217641 -0.0186416 -0.0118575 -0.00476176 0.000568406 0.00397883 0.00601997 0.00677861 0.00596902 0.00367597 0.000745594 -0.00153699 -0.00219765 -0.00118507 0.000637742 0.00216685 0.00286624 0.00323431 0.00446744 0.00688566 0.00858504 0.00686949 
0.00256365 -0.00219442 -0.00636312 -0.00808213 -0.00877101 -0.0112493 -0.0162526 -0.0212503 -0.0227753 -0.0194306 -0.0127265 -0.00559436 -0.000128592 0.003421 0.00569282 0.00691564 0.00684276 0.0055105 0.00365192 0.00234248 0.00228158 0.00330051 0.00443766 0.00453809 0.00301862 0.000511221 -0.00109648 -7.94378e-05 0.00288693 0.00460355 
0.00136454 0.000228338 -0.00265806 -0.00479932 -0.0063333 -0.00910908 -0.0137481 -0.0183471 -0.0200481 -0.0174718 -0.0117025 -0.00529906 -0.000281211 0.00303433 0.00530035 0.00683537 0.00743901 0.00708942 0.00631208 0.00583972 0.00605267 0.00665528 0.00674117 0.00521752 0.00143988 -0.00403275 -0.00893836 -0.0102228 -0.0068024 -0.0014804 
-0.0028554 -0.000287504 -0.000610437 -0.00132042 -0.00202892 -0.00424869 -0.00863964 -0.0134913 -0.0160284 -0.0147567 -0.010441 -0.00521749 -0.00086288 0.00222666 0.00451858 0.00626889 0.00730936 0.00759398 0.00747193 0.00740831 0.00759428 0.00771332 0.0069522 0.00431107 -0.000875381 -0.008231 -0.0155694 -0.0191746 -0.0165013 -0.00936099 
-0.00995653 -0.00533241 -0.00344835 -0.00222997 -0.00131907 -0.00226238 -0.00588313 -0.0105964 -0.0136447 -0.0134577 -0.010498 -0.00636475 -0.00246105 0.000705105 0.00323916 0.00519279 0.00641192 0.00688176 0.00688147 0.00678438 0.00675384 0.00647821 0.00518318 0.00199373 -0.00365085 -0.011538 -0.0199059 -0.0251786 -0.0241385 -0.0175122 
-0.0181273 -0.0132591 -0.0103089 -0.0078386 -0.00566988 -0.00527149 -0.00754308 -0.0112154 -0.013892 -0.0141101 -0.0119863 -0.00849953 -0.00466817 -0.00114015 0.00178939 0.00393413 0.00515763 0.00553007 0.00536348 0.00506102 0.00481183 0.00426074 0.0026282 -0.00077998 -0.006312 -0.0138569 -0.0221921 -0.0283638 -0.0291992 -0.0245994 
-0.0249049 -0.0207812 -0.0177176 -0.0149271 -0.0123389 -0.0110439 -0.0117906 -0.0137782 -0.0153372 -0.0153108 -0.013476 -0.0102371 -0.00632077 -0.00249123 0.000684807 0.00288208 0.00401643 0.00426183 0.00397728 0.00356473 0.00316639 0.00236172 0.000436836 -0.00305893 -0.00827522 -0.0151884 -0.0230181 -0.0294807 -0.0318201 -0.0294905 
-0.0286691 -0.025287 -0.0223402 -0.0196317 -0.0171771 -0.0155525 -0.0151478 -0.0155481 -0.0158663 -0.0153348 -0.0135155 -0.0104346 -0.00665471 -0.00296746 1.39952e-05 0.00200008 0.00301243 0.00329447 0.00315087 0.00282332 0.00229529 0.00115076 -0.00109294 -0.00461938 -0.00950835 -0.0158466 -0.0230797 -0.0293733 -0.0324716 -0.0317237 
-0.0292989 -0.0260831 -0.0228726 -0.0200442 -0.0178193 -0.0163561 -0.0155747 -0.0151509 -0.0147017 -0.0138029 -0.0120124 -0.00924091 -0.00597802 -0.00293279 -0.000576513 0.000976271 0.0018878 0.00240816 0.00265749 0.002571 0.00192234 0.000408187 -0.00209841 -0.00555265 -0.0101012 -0.0159607 -0.0226238 -0.0284686 -0.0316626 -0.0316235 
-0.0282571 -0.0247906 -0.0209434 -0.0176488 -0.0154849 -0.0144194 -0.0139352 -0.0135108 -0.0128882 -0.011869 -0.0101897 -0.00784293 -0.00527165 -0.00303137 -0.00139799 -0.000294591 0.000565671 0.00139814 0.00209532 0.00227163 0.00152821 -0.000267716 -0.00288401 -0.00610579 -0.0101965 -0.0155188 -0.0216039 -0.0269631 -0.0300534 -0.0303236 
-0.0275989 -0.0240536 -0.0197073 -0.0158652 -0.0134806 -0.0125864 -0.0124478 -0.0122919 -0.0117516 -0.0107221 -0.00916064 -0.00718884 -0.00517414 -0.00351778 -0.00237862 -0.00157757 -0.000747084 0.000299273 0.00127457 0.00155518 0.000646176 -0.00141004 -0.00407749 -0.00698738 -0.0104775 -0.0150772 -0.020493 -0.0254572 -0.0286121 -0.0293053 
-0.0275383 -0.0244038 -0.0201399 -0.0160499 -0.013263 -0.0120216 -0.0116811 -0.0114216 -0.0107917 -0.00971483 -0.00828277 -0.00664752 -0.00503865 -0.00374305 -0.00291355 -0.00235814 -0.00165178 -0.000610347 0.000354239 0.000457124 -0.000826924 -0.00327985 -0.00610133 -0.0087541 -0.0115743 -0.0152445 -0.0197743 -0.0242517 -0.0274847 -0.0286643 
-0.0254441 -0.0230337 -0.0195027 -0.0157756 -0.0128077 -0.0109601 -0.00985059 -0.00890338 -0.00782472 -0.00663654 -0.00546292 -0.00434018 -0.00329503 -0.00251388 -0.00216789 -0.00206099 -0.00171587 -0.000950334 -0.000275363 -0.000583799 -0.00238802 -0.00530165 -0.00830657 -0.0107212 -0.012831 -0.0153833 -0.0186605 -0.0221593 -0.0249318 -0.0261408 
-0.0188399 -0.0172184 -0.0148843 -0.0121973 -0.00964787 -0.0074664 -0.0054818 -0.00353438 -0.00175581 -0.00042486 0.000325711 0.000645683 0.000735259 0.00055387 7.1307e-06 -0.000647984 -0.000906817 -0.000623788 -0.000380324 -0.00111455 -0.0033059 -0.00644385 -0.00938121 -0.0113881 -0.0127144 -0.0140387 -0.0157129 -0.0175549 -0.019005 -0.0194943 
-0.00915319 -0.00838628 -0.00742103 -0.00610577 -0.00443073 -0.00234414 0.00025262 0.00313504 0.00566329 0.00719249 0.00751762 0.00692101 0.00579394 0.00430928 0.00258391 0.000996301 3.89641e-05 -0.000211935 -0.000366333 -0.00134342 -0.00357818 -0.00649036 -0.00892079 -0.0102455 -0.0107553 -0.0109418 -0.0109646 -0.0108037 -0.0104331 -0.00985406 
-0.000901819 -0.00119389 -0.00142943 -0.00115616 -0.000119229 0.00189333 0.00494181 0.00856739 0.0117695 0.0135751 0.0136415 0.0122777 0.00999397 0.00719363 0.00426972 0.00175177 0.000111301 -0.000641801 -0.00111336 -0.00215879 -0.0041356 -0.00642116 -0.00797323 -0.00843484 -0.00819625 -0.00747834 -0.00610971 -0.00418264 -0.00230989 -0.00115199 
0.00302469 0.00138787 0.000360721 0.000476785 0.00183325 0.00443966 0.00817288 0.0124559 0.0161734 0.0182043 0.0181093 0.0161764 0.0129585 0.00901889 0.00498748 0.00154992 -0.000804472 -0.00209481 -0.00290683 -0.00400659 -0.00563117 -0.00713385 -0.00768849 -0.00725213 -0.00625671 -0.0046466 -0.00207262 0.00106786 0.00349164 0.00410801 
0.00418242 0.000965962 -0.000495173 0.000316278 0.00302585 0.00705449 0.0118723 0.0168061 0.0208144 0.0228415 0.0224864 0.0200474 0.0160592 0.0111309 0.00604111 0.00162442 -0.00156241 -0.00352326 -0.00481029 -0.00609099 -0.00747543 -0.00831607 -0.007979 -0.00656968 -0.00442604 -0.00140575 0.00255247 0.00642452 0.00838636 0.00736636 
0.00657182 0.00181248 -2.94256e-05 0.00153947 0.00566985 0.0111325 0.0169494 0.0223597 0.026446 0.0283014 0.0276326 0.0247641 0.0201769 0.0144508 0.00843719 0.00308416 -0.000977748 -0.00371077 -0.00560327 -0.00720884 -0.00853014 -0.00891813 -0.00776829 -0.00504981 -0.000960117 0.00431178 0.00998206 0.0142464 0.0151074 0.0119888 
0.012174 0.00640118 0.00396772 0.00523592 0.00925952 0.0146876 0.0204607 0.0258276 0.0299141 0.0318286 0.0312399 0.0283937 0.023694 0.0176897 0.0112505 0.00535699 0.000665285 -0.00273385 -0.00520663 -0.00714062 -0.00842634 -0.00838353 -0.00627166 -0.00174904 0.00499616 0.0130003 0.0203236 0.024563 0.024066 0.0191295 
0.0179954 0.0120059 0.00870616 0.00807272 0.0096422 0.0128526 0.0171763 0.0220062 0.0263621 0.0291022 0.0295501 0.0276584 0.0237263 0.0183115 0.0122685 0.00652544 0.00171554 -0.00200054 -0.00481104 -0.00689732 -0.00803079 -0.0074624 -0.00423256 0.00228994 0.0117042 0.0220527 0.0303077 0.0338293 0.0317455 0.0254788 
0.0179392 0.0120483 0.00760277 0.00405701 0.00187626 0.00192309 0.00453522 0.00921204 0.0146784 0.0193219 0.0218928 0.0219105 0.0195687 0.0154794 0.0104789 0.00541503 0.000899178 -0.00280778 -0.00570891 -0.00783871 -0.00891693 -0.00808399 -0.00406113 0.0040351 0.0154387 0.0271853 0.0353576 0.0373222 0.0331747 0.0255761 
0.00891571 0.00250628 -0.00343628 -0.00974085 -0.0149254 -0.0167475 -0.0142205 -0.00808645 -0.000215883 0.00719484 0.0123915 0.014604 0.0140317 0.0113804 0.00746535 0.00305002 -0.00125233 -0.00503813 -0.00812966 -0.0105285 -0.0120482 -0.0117216 -0.00780427 0.000961762 0.0134849 0.0258385 0.033281 0.0332124 0.0266346 0.0172868 
-0.00450826 -0.0125588 -0.0204464 -0.0287708 -0.035229 -0.036632 -0.0318025 -0.0222726 -0.0109797 -0.000767383 0.00647988 0.0101746 0.0107755 0.00909816 0.00585528 0.0016555 -0.00289666 -0.00719663 -0.0108195 -0.0137589 -0.0160636 -0.016813 -0.0138317 -0.00535796 0.00742622 0.0198578 0.0265133 0.0248322 0.0164019 0.0053846 
-0.0127261 -0.0232472 -0.0335627 -0.0435801 -0.0503786 -0.0501307 -0.0417704 -0.0281109 -0.0136193 -0.00176672 0.00596151 0.00975392 0.0105973 0.00935565 0.0064617 0.00223624 -0.00275902 -0.0076579 -0.0116741 -0.014717 -0.0171645 -0.0184662 -0.0164132 -0.00889074 0.00313829 0.0149278 0.0209926 0.0189646 0.0104104 -0.00117666 
-0.0103006 -0.0234063 -0.0365101 -0.0485754 -0.0560596 -0.0545726 -0.0433033 -0.0265773 -0.0105055 0.00105559 0.00751994 0.010235 0.0107635 0.00984651 0.0074658 0.00357648 -0.00130986 -0.00603734 -0.00941044 -0.0112194 -0.0122648 -0.0127235 -0.0108997 -0.00468287 0.00544615 0.015553 0.0210162 0.0198748 0.01302 0.00232104 
-0.00202959 -0.017217 -0.0330923 -0.0475484 -0.0562316 -0.0542885 -0.0413801 -0.0233213 -0.00753068 0.00221888 0.00656213 0.0079887 0.00838424 0.00815965 0.00681042 0.00396931 0.000112744 -0.00335172 -0.0048941 -0.00426768 -0.00278568 -0.00150846 0.000503008 0.00516146 0.0125763 0.0201216 0.0245829 0.0245326 0.0199522 0.0108908 
0.00255887 -0.0138429 -0.0318836 -0.0483088 -0.0577323 -0.0550763 -0.0408383 -0.0222249 -0.0074487 0.000262287 0.00282412 0.00355103 0.00430444 0.00508193 0.00501667 0.00352785 0.00104216 -0.000906228 -0.000630269 0.00203857 0.00535965 0.00768761 0.00952497 0.0126704 0.0175899 0.0226131 0.0257051 0.0259737 0.0228521 0.0151975 
0.000839498 -0.0156524 -0.0348226 -0.0522524 -0.0613121 -0.0568992 -0.0406816 -0.0211685 -0.00696534 -0.00056047 0.00102632 0.00155775 0.0026914 0.00411439 0.00479221 0.00403417 0.00217498 0.000689886 0.00118392 0.0036937 0.00643473 0.00795742 0.00905342 0.0115295 0.0155711 0.0194809 0.0216917 0.0217611 0.0191836 0.0125755 
0.00104761 -0.0141493 -0.0334416 -0.0512444 -0.0595348 -0.0532328 -0.0351875 -0.0148971 -0.0010316 0.00454497 0.00544559 0.00559438 0.00646006 0.00756901 0.00785433 0.00660497 0.0040719 0.00154311 0.000351999 0.000425345 0.000408381 -0.000161269 0.000391312 0.0037932 0.00918572 0.013944 0.0164925 0.01693 0.0153085 0.0105583 
0.0133451 0.000976049 -0.0177431 -0.0360302 -0.0446236 -0.03845 -0.0209813 -0.00185444 0.0106255 0.0149166 0.0147308 0.0139405 0.0138628 0.0138801 0.0128995 0.0102722 0.00626958 0.0020341 -0.00136772 -0.00402874 -0.00665716 -0.00855195 -0.00724823 -0.00151862 0.00621792 0.012245 0.0154407 0.0172232 0.0185727 0.0182898 
0.0385222 0.0299666 0.0118998 -0.00763002 -0.018658 -0.0160827 -0.00295088 0.0121585 0.02171 0.0240774 0.0225492 0.0207603 0.0198388 0.0189129 0.0167915 0.0129562 0.00783004 0.00254607 -0.00194515 -0.00564112 -0.0086929 -0.00969086 -0.00611487 0.00212336 0.010921 0.0161141 0.0183974 0.0219288 0.0288701 0.0364687 
0.066296 0.0610168 0.0427168 0.0208405 0.00552553 0.00196183 0.00842629 0.0181882 0.0245339 0.0253335 0.0230937 0.0210994 0.0202565 0.0193624 0.0170894 0.0130953 0.00800845 0.00298557 -0.00107829 -0.00404336 -0.00565229 -0.00425687 0.00204962 0.0117846 0.0193682 0.0210163 0.0203955 0.025402 0.0393666 0.0566096 
0.0835479 0.0799827 0.0604267 0.0356994 0.0159703 0.00657675 0.00723838 0.0129407 0.0174718 0.0179845 0.0161604 0.0149517 0.0150845 0.0150855 0.0135381 0.0102983 0.00616221 0.00219265 -0.000901836 -0.00290851 -0.00317821 0.000115023 0.00815904 0.0179934 0.0230279 0.0203134 0.0164028 0.0224374 0.0425247 0.0679717 
0.0852591 0.0829659 0.0629394 0.0367053 0.0144624 0.00172252 -0.000805357 0.00299424 0.00717692 0.00832272 0.00746589 0.00726349 0.00833598 0.0091115 0.00819217 0.00562828 0.00232466 -0.000881038 -0.00364809 -0.00578326 -0.0061805 -0.00270449 0.00528574 0.0137868 0.0159455 0.00997716 0.00432541 0.0115248 0.035605 0.0660502 
0.0772895 0.0774656 0.0598171 0.0351537 0.0131565 -0.000646865 -0.00484965 -0.00229768 0.00163432 0.00329417 0.00310587 0.00328947 0.00439961 0.0050007 0.00385837 0.00120544 -0.00197636 -0.00511092 -0.00830581 -0.0114588 -0.0130623 -0.010781 -0.00453186 0.00112698 7.84581e-05 -0.00769306 -0.0127669 -0.00335704 0.0232138 0.05587 
0.0681532 0.0707316 0.0572925 0.0366019 0.0166829 0.00264277 -0.00330553 -0.00250188 0.000756836 0.00273372 0.00299934 0.0030738 0.0034802 0.00317141 0.00125577 -0.00182968 -0.00503783 -0.00804277 -0.0114176 -0.015258 -0.017923 -0.0172572 -0.0138358 -0.0121789 -0.0166504 -0.0249516 -0.027303 -0.0142682 0.0141231 0.0466041 
0.062883 0.0637956 0.051939 0.0341237 0.0159893 0.00174628 -0.00559309 -0.00584518 -0.00239524 0.000693681 0.00196639 0.00220761 0.00201713 0.000939565 -0.00140263 -0.00432112 -0.00674166 -0.00864276 -0.0111372 -0.0146738 -0.0177634 -0.0186951 -0.0185217 -0.0209742 -0.0279916 -0.0350386 -0.0326356 -0.0145521 0.0154693 0.0453185 
0.0651367 0.0578507 0.0409895 0.0214311 0.00306819 -0.0111098 -0.0180265 -0.0169886 -0.0113659 -0.00586582 -0.00278509 -0.00179868 -0.00207122 -0.00335972 -0.00544376 -0.00739997 -0.00823681 -0.00833435 -0.00937161 -0.012158 -0.0154019 -0.0177715 -0.0203805 -0.0256335 -0.0330656 -0.0365903 -0.0275504 -0.00288047 0.0296391 0.055743 
0.0792109 0.0593975 0.0312577 0.00478448 -0.0160497 -0.0297422 -0.0345637 -0.0305999 -0.0217504 -0.0133017 -0.00816722 -0.00633486 -0.00665139 -0.00812285 -0.00994982 -0.0111078 -0.0108395 -0.00988782 -0.0102014 -0.012601 -0.0157952 -0.0186589 -0.0221449 -0.0275276 -0.0328647 -0.0314397 -0.0151973 0.0170697 0.0542593 0.0786256 
0.110284 0.0790903 0.0371873 0.000347991 -0.0251567 -0.0392958 -0.0428096 -0.0370186 -0.0259282 -0.0151121 -0.00837937 -0.00636426 -0.00759943 -0.0102173 -0.0128523 -0.0145302 -0.0148161 -0.0145869 -0.0155061 -0.0178857 -0.020219 -0.0215265 -0.0227597 -0.0250283 -0.026558 -0.0208468 0.000771332 0.0403143 0.0852843 0.113603 
0.164822 0.127817 0.072656 0.0225324 -0.0117631 -0.030528 -0.0365853 -0.0319988 -0.020441 -0.00805941 -0.000388615 0.000771904 -0.00273929 -0.00795951 -0.0128561 -0.0164927 -0.018705 -0.020291 -0.0223074 -0.0243647 -0.0247185 -0.0225185 -0.0189638 -0.0160819 -0.0137908 -0.0061856 0.0178125 0.0642231 0.121546 0.162713 
0.24587 0.20797 0.139314 0.0713189 0.0212949 -0.00897411 -0.0225064 -0.0215511 -0.0101555 0.00380029 0.0122661 0.0121026 0.00564723 -0.002908 -0.0107076 -0.0166467 -0.0206869 -0.0235606 -0.0259186 -0.0269736 -0.0248993 -0.0188936 -0.0104239 -0.00282212 0.0019644 0.00969909 0.0353221 0.0907211 0.166517 0.229616 
0.339541 0.299966 0.215583 0.125782 0.0549795 0.00885439 -0.0142274 -0.0168179 -0.00465213 0.0116949 0.0216268 0.0209358 0.0124587 0.00146267 -0.00836296 -0.0155687 -0.0201462 -0.0229355 -0.0246048 -0.0243869 -0.0204963 -0.0120472 -0.000569367 0.0098064 0.0161434 0.0250544 0.0553368 0.123646 0.221368 0.308531 
0.40559 0.359304 0.260261 0.152917 0.0660991 0.00844432 -0.0204874 -0.0239419 -0.00956349 0.00992381 0.0222957 0.0227048 0.0142609 0.00289499 -0.00713034 -0.0141065 -0.0180596 -0.0199865 -0.0207261 -0.0196684 -0.0150413 -0.00575598 0.00682604 0.0185649 0.026855 0.0395871 0.0774277 0.157983 0.270758 0.370502 
