0.34245 0.274361 0.176785 0.097501 0.0541529 0.0367518 0.0293313 0.0233727 0.0188283 0.0176984 0.0180054 0.0154715 0.00843306 -0.00123492 -0.00989387 -0.0144608 -0.0143275 -0.0109745 -0.00668573 -0.00471256 -0.00797365 -0.0154395 -0.021572 -0.018564 0.00229997 0.0467089 0.112797 0.194128 0.279674 0.341696 
0.308999 0.252556 0.170845 0.106963 0.0736343 0.0587642 0.0480995 0.0367616 0.0274903 0.0228632 0.0202636 0.0152027 0.00633243 -0.00428047 -0.0131363 -0.0175239 -0.0171056 -0.0131391 -0.00736615 -0.00295513 -0.00346182 -0.00860662 -0.013624 -0.0121717 0.00253001 0.0357615 0.0887007 0.159736 0.240357 0.302624 
0.224148 0.188489 0.135905 0.098149 0.0804804 0.0699124 0.056391 0.0405965 0.0285962 0.0229413 0.0194827 0.0130645 0.002915 -0.00812766 -0.0165161 -0.0202279 -0.0195156 -0.0153907 -0.00868698 -0.00186198 0.00140274 0.000490126 -0.00138137 -0.000412269 0.0068671 0.0239006 0.0541035 0.101113 0.161632 0.213186 
0.144737 0.12871 0.103168 0.088297 0.0826554 0.073781 0.056716 0.0374533 0.0245048 0.0197499 0.0172667 0.0110185 0.00060312 -0.010407 -0.018296 -0.0214804 -0.0205958 -0.0165633 -0.00962628 -0.00121284 0.00583323 0.0104128 0.0134806 0.0153698 0.0161768 0.0181075 0.026849 0.0504101 0.0902687 0.130095 
0.100843 0.0958106 0.0854501 0.0825552 0.0823814 0.0737569 0.0547666 0.0338685 0.020574 0.0164762 0.0148921 0.00929242 -0.000684385 -0.0112113 -0.0185656 -0.0213073 -0.020123 -0.0160664 -0.0093451 -0.000321289 0.0097916 0.0200679 0.0291207 0.0334986 0.0304345 0.0222927 0.0175357 0.0268478 0.0536507 0.0851617 
0.0852433 0.0813598 0.0744547 0.0744306 0.0764012 0.0701577 0.053448 0.0337491 0.0204217 0.0157832 0.0138709 0.0083142 -0.00135663 -0.0114155 -0.0183169 -0.0206621 -0.0190137 -0.0146527 -0.00807191 0.00117196 0.013419 0.0281836 0.0425149 0.0501895 0.0464759 0.0344112 0.0246242 0.0284065 0.0484402 0.0731284 
0.0781484 0.0688197 0.0588373 0.0578098 0.0618113 0.060748 0.050165 0.0348956 0.0233116 0.0185027 0.0157736 0.00940712 -0.000890247 -0.0112906 -0.018295 -0.0205274 -0.0184709 -0.0136724 -0.00704574 0.00218834 0.015221 0.0318019 0.04857 0.0588301 0.0575212 0.0475799 0.0391602 0.0419264 0.0570552 0.0738545 
0.0676313 0.0518368 0.0381492 0.0359112 0.0415473 0.0449763 0.0405685 0.0314078 0.0243209 0.0216965 0.01919 0.0118687 0.000238053 -0.0112015 -0.01871 -0.0209978 -0.0186609 -0.0135286 -0.00697144 0.00164537 0.0136337 0.0286996 0.0440491 0.0548571 0.0575076 0.0537683 0.0503798 0.0537052 0.0639004 0.0721288 
0.0502369 0.0322139 0.0188078 0.0170725 0.0225632 0.0261979 0.0240139 0.019565 0.0180305 0.0195205 0.0188461 0.0117171 -0.000302434 -0.0119421 -0.0192948 -0.0213428 -0.0188966 -0.0138285 -0.00771775 -0.000355742 0.00918079 0.0205331 0.0320657 0.0416344 0.0474105 0.0495268 0.0507565 0.0542629 0.0596706 0.0605964 
0.0265733 0.0121417 0.00415667 0.00538321 0.00954691 0.00957565 0.00542941 0.00263053 0.00484656 0.00968019 0.0111866 0.00581415 -0.00426165 -0.0138562 -0.0195543 -0.02085 -0.0186378 -0.014355 -0.00931244 -0.00370553 0.00292057 0.0105593 0.0189223 0.027367 0.0342113 0.038032 0.0396973 0.0411696 0.0420421 0.0381806 
0.00216903 -0.00507377 -0.00503916 0.000680926 0.00396432 -1.92424e-05 -0.00719939 -0.0103231 -0.00724389 -0.00201297 -0.00011484 -0.00373413 -0.0105215 -0.0164405 -0.0193691 -0.0195177 -0.0177346 -0.0148059 -0.011559 -0.00837742 -0.00480538 0.000233595 0.00764706 0.0163397 0.0226814 0.0239973 0.0217567 0.0190896 0.0163429 0.0109384 
-0.0143128 -0.0138076 -0.00652248 0.00314779 0.00628154 0.00010769 -0.0086148 -0.012266 -0.0102579 -0.00736145 -0.00768302 -0.0114893 -0.0161155 -0.0188797 -0.0191785 -0.0179911 -0.0162359 -0.0143993 -0.0130933 -0.0126891 -0.0121736 -0.00903094 -0.00157423 0.00760864 0.012382 0.00946946 0.00222009 -0.00399903 -0.0077432 -0.0110412 
-0.0173883 -0.0109113 0.000767496 0.0122276 0.0150761 0.00825457 -0.000627953 -0.00480136 -0.00476985 -0.00521197 -0.00890277 -0.0145795 -0.0191123 -0.0205548 -0.0192703 -0.0168046 -0.0143862 -0.0127533 -0.0126401 -0.0142514 -0.0159542 -0.0143777 -0.0076764 0.000470534 0.00272797 -0.00377232 -0.0137773 -0.0202726 -0.0215043 -0.0200999 
-0.00781659 0.00128284 0.0136449 0.0243576 0.0262878 0.0191422 0.00982827 0.00407984 0.00152687 -0.0015871 -0.00738348 -0.0144088 -0.0195621 -0.0209998 -0.0191867 -0.0158373 -0.0125777 -0.0106307 -0.0108441 -0.0130634 -0.0153649 -0.0146084 -0.0094031 -0.00349605 -0.00364664 -0.0116036 -0.0209828 -0.02447 -0.0210952 -0.0147325 
0.00913655 0.0174995 0.0272283 0.0351845 0.0356382 0.0277485 0.0167758 0.00809033 0.00280243 -0.0014239 -0.00685621 -0.013205 -0.0181883 -0.0198887 -0.0182611 -0.0147499 -0.0111916 -0.00915345 -0.00939001 -0.0112434 -0.012737 -0.0115861 -0.00714418 -0.00259267 -0.00326082 -0.00995746 -0.0164212 -0.0161272 -0.00892117 0.000614532 
0.0261815 0.0318655 0.037128 0.041163 0.0398 0.0310895 0.0183664 0.00701715 -7.21768e-05 -0.0039835 -0.00747182 -0.0117431 -0.0156724 -0.0174825 -0.0165273 -0.0136414 -0.0104874 -0.00871801 -0.00895193 -0.0101228 -0.0102033 -0.00759096 -0.00224049 0.00319777 0.00454452 0.00111516 -0.00213369 0.000112673 0.00818608 0.0181675 
0.0356552 0.0381007 0.0388449 0.0390648 0.0363327 0.0279956 0.0155713 0.00394025 -0.00320195 -0.00623587 -0.00799168 -0.0103462 -0.0130233 -0.014736 -0.0146072 -0.0127854 -0.0104002 -0.00895295 -0.0090266 -0.0094317 -0.00810465 -0.00367046 0.00367279 0.0114849 0.0159848 0.0159028 0.0144727 0.0160046 0.0218564 0.0297001 
0.0325984 0.0321948 0.0299408 0.0281493 0.025787 0.0199146 0.0104804 0.00119368 -0.00456273 -0.00690409 -0.00805914 -0.00948281 -0.0111607 -0.0124921 -0.0128828 -0.0120468 -0.0104599 -0.0092557 -0.00896871 -0.00854885 -0.0061367 -0.00045655 0.00831963 0.0178326 0.0242796 0.0257199 0.024093 0.0231634 0.025295 0.0295817 
0.0186657 0.0165425 0.0136079 0.0123833 0.012412 0.0105385 0.00553073 -0.000195678 -0.00404649 -0.00603535 -0.00747965 -0.0088796 -0.0100052 -0.01081 -0.0112713 -0.011058 -0.010122 -0.0090936 -0.00836509 -0.00720599 -0.00430342 0.0013337 0.00967467 0.0186694 0.0247077 0.025581 0.0225402 0.019019 0.0177444 0.0185012 
0.00167972 -0.00104724 -0.00295353 -0.00212878 0.000916701 0.00307417 0.00248658 0.000368529 -0.00164776 -0.00353823 -0.00572316 -0.00772302 -0.0088617 -0.00933188 -0.00964364 -0.00968528 -0.00912133 -0.00813623 -0.00701988 -0.00547748 -0.0028626 0.00145918 0.0076943 0.0144596 0.018769 0.0184644 0.0143164 0.00930468 0.00584388 0.00381084 
-0.0105333 -0.0135394 -0.0141496 -0.0115257 -0.00646251 -0.00149036 0.00152283 0.00259808 0.00213342 7.8655e-05 -0.00310996 -0.00604513 -0.00759739 -0.00798988 -0.00807983 -0.00805601 -0.00754703 -0.00651868 -0.00528496 -0.00394324 -0.00230139 0.000111585 0.00384094 0.00831392 0.0113088 0.0107255 0.00678317 0.00180816 -0.00250626 -0.00651035 
-0.0163214 -0.0197815 -0.0195435 -0.0158047 -0.00987849 -0.00361872 0.00156574 0.00484383 0.00540929 0.00302921 -0.00109079 -0.00483129 -0.00675408 -0.00704848 -0.00674583 -0.00635214 -0.00570832 -0.00479038 -0.00393158 -0.00338519 -0.00308042 -0.00246753 -0.000671833 0.00232019 0.00484092 0.00486855 0.00221368 -0.00152238 -0.00559523 -0.0107511 
-0.0191204 -0.023104 -0.0222089 -0.0173062 -0.0106642 -0.00412231 0.00150928 0.0054412 0.00637908 0.00390373 -0.00050008 -0.00444252 -0.00637716 -0.00639186 -0.00553584 -0.00461617 -0.00383258 -0.00326052 -0.0031294 -0.00361482 -0.00456553 -0.00525557 -0.00465472 -0.00264739 -0.000674336 -0.000353517 -0.00169166 -0.00371386 -0.00685956 -0.0124421 
-0.0208126 -0.0252989 -0.0240267 -0.0180392 -0.0105946 -0.0041461 0.00087538 0.00439832 0.00545649 0.00351786 -0.000240364 -0.00370953 -0.00538827 -0.00515422 -0.00391485 -0.00265591 -0.00186223 -0.00164888 -0.00207474 -0.00320501 -0.00484068 -0.00618307 -0.00629604 -0.00535396 -0.00471682 -0.00513088 -0.0057661 -0.00612136 -0.00801903 -0.0134903 
-0.0199199 -0.0247948 -0.0240879 -0.0184497 -0.0111841 -0.00505527 -0.000489918 0.00286145 0.00444995 0.00367658 0.00117108 -0.00148452 -0.00288667 -0.00265195 -0.00144902 -0.000260784 0.000363924 0.000409159 -1.33529e-05 -0.00097964 -0.0024718 -0.00388251 -0.00451299 -0.00479638 -0.00589193 -0.00755196 -0.00801955 -0.00713084 -0.00782667 -0.0126776 
-0.0160996 -0.0208893 -0.0216592 -0.0182325 -0.0127021 -0.00728849 -0.00263022 0.00128948 0.00386709 0.00442035 0.00321131 0.00143692 0.000391631 0.000599105 0.00157358 0.00244705 0.00279793 0.00283764 0.00286969 0.0027043 0.00192501 0.000709458 -0.000394688 -0.00170607 -0.00405754 -0.00668146 -0.00744895 -0.00629473 -0.00631773 -0.0100255 
-0.0118802 -0.015912 -0.0180484 -0.0172601 -0.0140808 -0.00982307 -0.00524155 -0.000831252 0.00251759 0.00403854 0.00389517 0.00312121 0.00281723 0.00337801 0.00433968 0.00498468 0.00510416 0.00515927 0.00564203 0.00624354 0.0060657 0.00485539 0.00323351 0.00134158 -0.00137329 -0.00434559 -0.0057889 -0.00544527 -0.00549655 -0.00779958 
-0.00937857 -0.0122442 -0.014832 -0.0156527 -0.0143136 -0.0114954 -0.00780532 -0.00380554 -0.000434288 0.00155049 0.00231768 0.00275097 0.00359656 0.00491396 0.00617119 0.00681976 0.00684413 0.00682835 0.00734109 0.00802503 0.00774394 0.0060516 0.00377578 0.00160434 -0.000793292 -0.00344947 -0.00536392 -0.00603695 -0.00634288 -0.00733386 
-0.00807151 -0.00975783 -0.0120667 -0.0135316 -0.0134679 -0.0121606 -0.00988562 -0.00694873 -0.0040949 -0.00195601 -0.000382019 0.00123302 0.00320106 0.00528175 0.00693654 0.00777174 0.00784321 0.00765379 0.00769171 0.00765802 0.00654962 0.00399916 0.000969523 -0.00145611 -0.0033184 -0.00511733 -0.00669642 -0.00758007 -0.00772874 -0.00760984 
-0.006196 -0.00695049 -0.00889612 -0.0108718 -0.0119999 -0.0120655 -0.0109965 -0.00896581 -0.00661166 -0.00444182 -0.00234203 9.70295e-06 0.00260743 0.00510424 0.00705346 0.00814607 0.00835562 0.00795797 0.00728167 0.00617987 0.00403282 0.000682161 -0.00295355 -0.00564783 -0.00707817 -0.00781312 -0.00829047 -0.00837818 -0.00781515 -0.0067941 
-0.00262312 -0.00280229 -0.00461831 -0.00728805 -0.00964103 -0.0108454 -0.010552 -0.00901244 -0.00695105 -0.00486792 -0.00268769 -0.000215745 0.00245054 0.00499311 0.00705677 0.00834946 0.00870934 0.00817675 0.006933 0.00500405 0.00218241 -0.00149208 -0.0052847 -0.00807752 -0.00925758 -0.00911413 -0.0082644 -0.00703087 -0.00548222 -0.00380714 
0.00278353 0.00293098 0.00117674 -0.0021031 -0.00556315 -0.00786185 -0.00838783 -0.00740229 -0.00568902 -0.00384331 -0.00191475 0.000268538 0.00268936 0.00508308 0.00710698 0.00846923 0.00894886 0.00844781 0.00704127 0.00486496 0.00200751 -0.0013518 -0.00471673 -0.00728468 -0.00835292 -0.00776815 -0.00591011 -0.00339347 -0.0008419 0.00132177 
0.00913505 0.0096007 0.00812415 0.00458943 0.000192021 -0.00341462 -0.00523596 -0.0052576 -0.00413846 -0.0026133 -0.00100609 0.000784706 0.00287713 0.00507097 0.00698824 0.00834124 0.00893864 0.00865087 0.00748482 0.00559923 0.00323626 0.000662271 -0.00184566 -0.00388838 -0.00486811 -0.00424541 -0.00195179 0.00141659 0.00481602 0.0074495 
0.014517 0.015407 0.0144407 0.0109915 0.00586604 0.000896326 -0.00242186 -0.00363599 -0.00321696 -0.00202917 -0.000690541 0.000775671 0.00258866 0.00462805 0.00649294 0.00788519 0.00865188 0.00868381 0.00795031 0.00657666 0.00485343 0.00310574 0.00149258 0.000105627 -0.000661597 -0.000147172 0.00204252 0.00558825 0.00943955 0.0125131 
0.0168982 0.018252 0.0177832 0.0145705 0.00909416 0.0032516 -0.00109713 -0.00320138 -0.00341726 -0.00261406 -0.00149672 -0.000166972 0.00159367 0.00368209 0.00567737 0.00725006 0.0082554 0.00861801 0.00829112 0.00733744 0.00602894 0.0047406 0.00366093 0.00278529 0.0023028 0.00269179 0.00436176 0.00736184 0.0110916 0.0144692 
0.0156108 0.0173304 0.0171162 0.0141471 0.00886071 0.00302583 -0.0015851 -0.0042151 -0.00505981 -0.00471737 -0.00372066 -0.00220551 -0.000100526 0.00236417 0.00470841 0.00658225 0.00785741 0.00850507 0.00847631 0.00776029 0.00656439 0.00528016 0.00419407 0.00336923 0.00289132 0.00297293 0.00385851 0.00590537 0.00914576 0.0127129 
0.0117192 0.0136151 0.0133793 0.0106193 0.00599465 0.000931744 -0.00340018 -0.00645474 -0.00802294 -0.00812944 -0.00705283 -0.00503777 -0.00228203 0.000756898 0.00352725 0.00572084 0.00726546 0.00816368 0.00835758 0.00778345 0.00657829 0.00507792 0.0035697 0.00219171 0.00110451 0.000484175 0.000504876 0.00171683 0.00458983 0.00839284 
0.00630363 0.00835643 0.00810163 0.00559514 0.00179188 -0.00225094 -0.00613738 -0.00957721 -0.0117933 -0.0121473 -0.0107677 -0.00813315 -0.00474134 -0.00123749 0.00183947 0.00431588 0.00618193 0.00738434 0.00780625 0.00737559 0.00620572 0.00451492 0.00241733 2.15354e-05 -0.00229158 -0.00407445 -0.00500036 -0.00437627 -0.00158354 0.00256568 
-0.00103836 0.00159392 0.00189279 -2.0261e-05 -0.00307099 -0.00632446 -0.00977989 -0.0132999 -0.015737 -0.0160227 -0.0142377 -0.0110949 -0.00733021 -0.00365544 -0.000464378 0.00226794 0.00455253 0.0061779 0.00690811 0.00667537 0.00558458 0.00370924 0.000941681 -0.00267477 -0.00653951 -0.00987504 -0.0120868 -0.012267 -0.00969551 -0.00529047 
-0.0110468 -0.00718124 -0.00538626 -0.00601553 -0.00819268 -0.0108204 -0.0137177 -0.016772 -0.0188979 -0.0189561 -0.0169315 -0.01358 -0.00976407 -0.00618734 -0.00304676 -0.000137514 0.00253251 0.00459954 0.00572013 0.00576759 0.00471776 0.00248626 -0.00107078 -0.0058305 -0.0111356 -0.0161689 -0.0201459 -0.021807 -0.0201293 -0.0158913 
-0.023077 -0.0177171 -0.0138607 -0.0125247 -0.0132033 -0.0146857 -0.0165152 -0.0186182 -0.0202043 -0.020198 -0.0183323 -0.0151719 -0.0116019 -0.00832735 -0.00541128 -0.0025525 0.000226213 0.00254511 0.00405122 0.00445327 0.00339784 0.000645975 -0.00369724 -0.00923358 -0.0154802 -0.0220031 -0.0280189 -0.0318192 -0.0318196 -0.0283393 
-0.0355575 -0.0291721 -0.0235757 -0.0200567 -0.0183191 -0.017458 -0.0173521 -0.0182074 -0.0193735 -0.0196113 -0.01826 -0.0156076 -0.0125329 -0.0097754 -0.0073286 -0.00484181 -0.00230617 1.83682e-05 0.00184358 0.00264227 0.00164193 -0.00150694 -0.00632179 -0.0121103 -0.0187322 -0.0263765 -0.0344289 -0.0407313 -0.0429584 -0.0407664 
-0.0474442 -0.0408893 -0.034407 -0.0289704 -0.0241662 -0.0197976 -0.0168476 -0.016181 -0.0170671 -0.0177544 -0.0170815 -0.0150995 -0.0127117 -0.0106904 -0.00893516 -0.00700748 -0.00483123 -0.00255604 -0.000460037 0.000699113 -0.000141152 -0.00333318 -0.00810657 -0.0136733 -0.0203122 -0.0288063 -0.0387626 -0.0476698 -0.0524408 -0.0519854 
-0.0579096 -0.0516899 -0.0448534 -0.037833 -0.0299508 -0.0217637 -0.0155835 -0.0132098 -0.0139009 -0.0152413 -0.0154499 -0.0143329 -0.012799 -0.0115963 -0.0104955 -0.00897141 -0.00693885 -0.00458366 -0.00230457 -0.00101489 -0.0017957 -0.00482405 -0.00915823 -0.0141327 -0.0204792 -0.0294761 -0.0409804 -0.0523241 -0.0597725 -0.0613783 
-0.0647721 -0.0584573 -0.0509548 -0.0424909 -0.0322054 -0.0210517 -0.0122717 -0.00862663 -0.00960766 -0.0121655 -0.0137765 -0.013916 -0.0133934 -0.0128605 -0.0120556 -0.0105414 -0.00836615 -0.00586612 -0.00360317 -0.0025405 -0.00357142 -0.00656347 -0.0104136 -0.0145744 -0.0201279 -0.0288306 -0.0409954 -0.0541141 -0.0639392 -0.0674545 
-0.0652069 -0.0576857 -0.0487044 -0.0388996 -0.0272575 -0.014574 -0.00455788 -0.000870886 -0.00329283 -0.00807741 -0.0118613 -0.0137384 -0.0143509 -0.0142631 -0.0133972 -0.0116646 -0.00934532 -0.00685481 -0.00477424 -0.0040454 -0.00545288 -0.00867023 -0.0123781 -0.0158329 -0.0201159 -0.0274316 -0.0388526 -0.0523894 -0.0634993 -0.0680486 
-0.0584051 -0.0491569 -0.0383718 -0.0274699 -0.0152038 -0.00193178 0.00817535 0.0105513 0.00538276 -0.00263653 -0.00923221 -0.0131547 -0.0149699 -0.0152857 -0.014369 -0.0125973 -0.0104479 -0.0081995 -0.00621402 -0.00544502 -0.00694357 -0.0105197 -0.0145173 -0.0175301 -0.0202519 -0.0252419 -0.0344299 -0.0465985 -0.0573965 -0.0619777 
-0.045689 -0.0358172 -0.0241699 -0.0127096 -1.68492e-05 0.013627 0.0232416 0.023471 0.0148798 0.00331944 -0.0060646 -0.0118366 -0.0147456 -0.015627 -0.0150328 -0.0136311 -0.0119415 -0.00995677 -0.00772839 -0.00635904 -0.00751314 -0.0113344 -0.015634 -0.0180383 -0.0187548 -0.0206509 -0.0263949 -0.0356738 -0.0449386 -0.0492847 
-0.0278646 -0.0197253 -0.00961462 0.000950862 0.0134888 0.0270448 0.035575 0.0333684 0.0217354 0.00758318 -0.00343234 -0.0100952 -0.013681 -0.015317 -0.0155168 -0.0148032 -0.0135473 -0.0115538 -0.00877152 -0.00656755 -0.00715157 -0.0108474 -0.0148701 -0.0159817 -0.0140339 -0.0121612 -0.0136391 -0.0190891 -0.0260804 -0.0302092 
-0.00411177 -0.000213125 0.00466422 0.011196 0.0216368 0.033917 0.0407685 0.036495 0.0232545 0.00856023 -0.00211597 -0.00834755 -0.0121169 -0.0146272 -0.0159098 -0.0159269 -0.0148036 -0.0124458 -0.00906247 -0.00625421 -0.00632095 -0.00947703 -0.0125966 -0.0119539 -0.00703687 -0.00102469 0.00229691 0.00148595 -0.00202965 -0.00486667 
0.0249581 0.0230611 0.0190294 0.017555 0.0232192 0.0332638 0.0388616 0.0338882 0.0209048 0.00750365 -0.00153164 -0.00675865 -0.0106062 -0.0139593 -0.0161848 -0.0166646 -0.0153295 -0.0123723 -0.00845681 -0.00531177 -0.00502094 -0.00769343 -0.0102133 -0.00843188 -0.00103556 0.0090778 0.0175761 0.0223512 0.0241428 0.0248054 
0.0524342 0.0453894 0.0318532 0.0208363 0.0205009 0.0285757 0.0345268 0.030676 0.0190713 0.00715601 -0.00072157 -0.00558865 -0.00977211 -0.0136555 -0.0162575 -0.016784 -0.0150676 -0.0114576 -0.00692938 -0.00331236 -0.00274023 -0.00568529 -0.00913897 -0.00792521 0.000786809 0.0144127 0.0277141 0.0380254 0.0458477 0.0514455 
0.0670945 0.0577829 0.0388449 0.0216997 0.0173578 0.024871 0.0325797 0.0307405 0.0202814 0.00866004 0.00052585 -0.00489871 -0.00955603 -0.0135631 -0.0160804 -0.0164963 -0.0145557 -0.0104861 -0.0052557 -0.000807226 0.000146952 -0.00379286 -0.00962598 -0.0105092 -0.00181048 0.0137708 0.0297302 0.0431833 0.0550422 0.064565 
0.0657925 0.0569191 0.0383063 0.0212876 0.0172398 0.0258872 0.0353089 0.0347075 0.0243889 0.0120282 0.00282395 -0.00353782 -0.00873004 -0.0129399 -0.0156336 -0.0163311 -0.0146147 -0.0104757 -0.00468959 0.000765657 0.002487 -0.00197179 -0.00971438 -0.0125795 -0.00476359 0.0105927 0.0261112 0.0392971 0.0518056 0.0624694 
0.0598349 0.0519236 0.036603 0.0240115 0.0236554 0.034185 0.0437519 0.042418 0.0312642 0.0180208 0.00766988 5.03227e-05 -0.00624594 -0.0114601 -0.0151795 -0.0167988 -0.0156871 -0.0117133 -0.00553841 0.000969658 0.00421957 0.00116965 -0.0058403 -0.00877417 -0.00180662 0.0118732 0.0252347 0.0365406 0.0477238 0.0572435 
0.0617136 0.0543637 0.0421324 0.0341975 0.03774 0.0493298 0.0571251 0.0533391 0.0408484 0.0269466 0.0153424 0.00573794 -0.00267167 -0.00983229 -0.0152237 -0.0180329 -0.0175073 -0.0135774 -0.00695993 0.000691686 0.0062444 0.00672173 0.0034822 0.00291464 0.00988811 0.0218541 0.033178 0.0427911 0.0524269 0.0603132 
0.0700097 0.063889 0.0540428 0.0487792 0.0538971 0.0648684 0.0703019 0.064348 0.0510887 0.0368163 0.0237425 0.0116016 0.000519033 -0.00886724 -0.015832 -0.0195328 -0.0193521 -0.0153861 -0.00840702 0.000182656 0.00795992 0.0124613 0.0141605 0.0172834 0.025317 0.0364784 0.0464672 0.0544458 0.0622266 0.0687734 
0.0744335 0.0705107 0.0633208 0.0594355 0.0637875 0.0726757 0.0764849 0.0704007 0.057967 0.0440022 0.0298216 0.0155818 0.00233427 -0.00866638 -0.0165062 -0.0205752 -0.0206547 -0.0170023 -0.0103054 -0.00173842 0.00688332 0.0138484 0.019349 0.0259185 0.0357055 0.0473113 0.0569656 0.0632878 0.0683309 0.0729266 
0.071363 0.0690051 0.0646375 0.0623217 0.0653684 0.0715468 0.0741058 0.0689691 0.0582348 0.0453765 0.0313995 0.0167101 0.00275013 -0.00878253 -0.0167638 -0.0208522 -0.0212429 -0.0183231 -0.0127044 -0.0054093 0.00232517 0.00978032 0.0174259 0.0266527 0.0384463 0.0515541 0.062192 0.067646 0.0695811 0.0709227 
0.0654795 0.0631537 0.0608476 0.0605835 0.0633216 0.0671643 0.0676972 0.0618845 0.0514284 0.039703 0.0276756 0.0149687 0.00224674 -0.00875148 -0.0165055 -0.020532 -0.0210998 -0.0187362 -0.0142262 -0.00851785 -0.00211883 0.00531583 0.0145268 0.025962 0.0397288 0.0547158 0.066835 0.07169 0.0702777 0.0675099 
0.0588429 0.0561745 0.0554567 0.0575852 0.0614944 0.0641418 0.0616255 0.0522005 0.039284 0.0279297 0.0191875 0.0107015 0.00104887 -0.00856572 -0.0159934 -0.0199593 -0.0203235 -0.0177751 -0.0135301 -0.00852033 -0.0025096 0.00557969 0.0163848 0.0296781 0.0452031 0.0618171 0.074541 0.0772994 0.0711477 0.0635719 
0.0491419 0.0461709 0.0467776 0.0512446 0.0573879 0.0603919 0.0551902 0.0410948 0.0245324 0.0131949 0.00822287 0.00485699 -0.000886651 -0.00864166 -0.0155902 -0.0193845 -0.0192743 -0.01607 -0.0113809 -0.00614495 0.000284803 0.00920042 0.0210727 0.035615 0.0525879 0.0703317 0.0825122 0.0816985 0.0696191 0.0566382 
0.038005 0.0328312 0.0319774 0.0363112 0.0439524 0.0487582 0.0436544 0.027893 0.0100391 -0.000242052 -0.00180329 -0.00108321 -0.00367496 -0.00962693 -0.0156922 -0.0189715 -0.018459 -0.0149965 -0.0101929 -0.0048643 0.00165578 0.0105599 0.0225044 0.037731 0.055964 0.0745181 0.0859155 0.0822365 0.0658313 0.0486217 
0.0342241 0.0228704 0.0140712 0.0122164 0.0181465 0.0254095 0.0244843 0.0127357 -0.00168343 -0.00897259 -0.00808792 -0.0056631 -0.00702566 -0.0117171 -0.0164281 -0.0186804 -0.0179081 -0.0150071 -0.0112024 -0.00695059 -0.00162554 0.00592919 0.0169217 0.0324259 0.0521687 0.0723582 0.0846405 0.081346 0.0652703 0.0476655 
0.0514738 0.0293581 0.00466525 -0.0109674 -0.0114864 -0.00297183 0.00231622 -0.00146872 -0.00884853 -0.0116876 -0.00925458 -0.00717127 -0.00906425 -0.0133352 -0.0167849 -0.0178421 -0.0168053 -0.0148217 -0.0127686 -0.0107632 -0.00819025 -0.0036913 0.00486882 0.0198559 0.0417856 0.0664135 0.0843375 0.0876988 0.0790398 0.0666782 
0.10464 0.0678575 0.0208056 -0.0147991 -0.0269532 -0.0214453 -0.0128254 -0.00986496 -0.0103885 -0.00883187 -0.00517658 -0.00393918 -0.00702485 -0.0118512 -0.0151687 -0.0158243 -0.0146762 -0.0132323 -0.012435 -0.0126063 -0.0135394 -0.0136395 -0.00940551 0.00358049 0.0279526 0.0605088 0.0911634 0.1108 0.119637 0.119893 
0.19609 0.143095 0.0709977 0.0129086 -0.0145739 -0.017641 -0.0119766 -0.00777082 -0.0053186 -0.00144758 0.0028727 0.00353725 -0.000673723 -0.00695046 -0.0117816 -0.0134895 -0.0126767 -0.0110386 -0.0100279 -0.0109248 -0.0145374 -0.0192458 -0.0201715 -0.01065 0.0149841 0.0564627 0.104834 0.149836 0.187007 0.208366 
0.294478 0.228748 0.13626 0.0603374 0.0197209 0.00673769 0.0053287 0.00541128 0.00583696 0.00851452 0.0117651 0.0114041 0.00599258 -0.00212871 -0.00925652 -0.0127616 -0.0124792 -0.0100506 -0.00756069 -0.00752157 -0.0119241 -0.0193337 -0.0241369 -0.0183623 0.00619812 0.0530029 0.116344 0.186668 0.254715 0.300616 
