0.338776 0.305324 0.243028 0.177373 0.125349 0.0910577 0.0699678 0.0547169 0.0396727 0.0233496 0.00755557 -0.00522122 -0.0135287 -0.0174128 -0.0182713 -0.0180124 -0.0177747 -0.0172382 -0.0149741 -0.00918137 0.00144978 0.0160354 0.0304904 0.0412379 0.0519721 0.0744782 0.120205 0.189701 0.267195 0.324905 
0.343451 0.312505 0.252075 0.189337 0.140761 0.108851 0.0883273 0.0718753 0.0540913 0.0341256 0.014937 -0.000106269 -0.00960039 -0.0142119 -0.0157807 -0.0161178 -0.0158659 -0.0143578 -0.0106054 -0.00410419 0.00521735 0.0165358 0.0272251 0.0351965 0.044429 0.0660542 0.111224 0.181417 0.262132 0.325018 
0.30728 0.282927 0.230131 0.174648 0.132296 0.105667 0.0894503 0.0758346 0.059173 0.0391022 0.0193603 0.00380183 -0.00606312 -0.0109264 -0.0126292 -0.0129615 -0.0125195 -0.010617 -0.00648316 -0.000270995 0.00721692 0.014886 0.0209847 0.0246066 0.0297207 0.0461827 0.0843795 0.147128 0.222781 0.285071 
0.2524 0.234931 0.190657 0.142368 0.10539 0.0837222 0.0729003 0.0645913 0.0524627 0.0359725 0.018793 0.00470337 -0.00456986 -0.00920264 -0.0105891 -0.0104522 -0.00968691 -0.00793935 -0.00446292 0.000731516 0.00664325 0.011704 0.0141836 0.0137115 0.0140665 0.023736 0.0522351 0.10382 0.170181 0.228206 
0.196282 0.182901 0.145624 0.103702 0.0711521 0.0532227 0.0469099 0.0440845 0.0378599 0.0269723 0.0142726 0.0029635 -0.00511034 -0.00942195 -0.0106034 -0.0100525 -0.00896063 -0.00749189 -0.00491761 -0.000700283 0.00444292 0.00849524 0.00925074 0.00636008 0.00327142 0.00719033 0.0267182 0.0671365 0.122818 0.173648 
0.144369 0.132587 0.10204 0.0677001 0.0405181 0.0258208 0.0223571 0.0233214 0.0220523 0.0166399 0.0088103 0.000757618 -0.00598929 -0.0103979 -0.0121241 -0.0117665 -0.0104427 -0.00881689 -0.00647003 -0.00261902 0.00229315 0.00605376 0.00615496 0.00223108 -0.0026019 -0.00230889 0.0105874 0.0414365 0.0860246 0.12694 
0.0988553 0.0881359 0.0652528 0.0402522 0.0197333 0.00813417 0.00598662 0.00858255 0.0102443 0.00883535 0.00509855 2.45765e-05 -0.00565234 -0.0107504 -0.0138696 -0.0143941 -0.0129268 -0.0105073 -0.00743559 -0.00337629 0.00117116 0.00411638 0.00318435 -0.00168213 -0.00742974 -0.00888866 7.85172e-05 0.0237546 0.058047 0.0881009 
0.0655154 0.0564882 0.0409786 0.0245871 0.0100269 0.000798205 -0.00108555 0.00163037 0.0043352 0.00497343 0.00379479 0.000873767 -0.00404047 -0.0100138 -0.0148047 -0.0165237 -0.0150286 -0.0115524 -0.00726129 -0.00271428 0.00123706 0.00275638 9.80238e-05 -0.00625244 -0.0128944 -0.0149333 -0.00747318 0.0119809 0.0386369 0.0599362 
0.0498229 0.0433711 0.0330291 0.0216344 0.0100627 0.00155195 -0.000980819 0.000860936 0.00307423 0.00381564 0.00349811 0.00189961 -0.00218057 -0.00852529 -0.0145727 -0.0174342 -0.0161928 -0.0120097 -0.00661544 -0.00134814 0.00249545 0.00314876 -0.0008403 -0.00861495 -0.0162088 -0.0183858 -0.0110349 0.00661985 0.0291162 0.0458881 
0.0508054 0.0476252 0.0397651 0.0291694 0.0170722 0.0071755 0.00280612 0.00280752 0.00336974 0.00286165 0.00227738 0.00160215 -0.0011966 -0.00701193 -0.0135546 -0.0173396 -0.0167164 -0.0124585 -0.00632002 3.29097e-05 0.00492062 0.00632826 0.00260764 -0.00547901 -0.0136079 -0.0159851 -0.00874111 0.00795228 0.0287609 0.0449677 
0.0605372 0.0603922 0.0531076 0.040887 0.0263429 0.0137817 0.00667558 0.00418363 0.00265721 0.000569948 -0.000598722 -0.000515136 -0.00175587 -0.00631047 -0.0125655 -0.0168848 -0.0169927 -0.0130351 -0.00638466 0.00132037 0.00814653 0.0117294 0.00999459 0.0032167 -0.00447453 -0.00708009 -0.000688565 0.0144979 0.0341809 0.0514284 
0.068571 0.0698731 0.0622531 0.0485348 0.0323955 0.0180847 0.00878851 0.00405077 0.00072061 -0.00257041 -0.00423043 -0.00373924 -0.0037545 -0.00685084 -0.0121857 -0.0164373 -0.0169492 -0.0131962 -0.00610078 0.00278254 0.011423 0.0173718 0.0183636 0.0141217 0.00804025 0.00563889 0.0106841 0.0233534 0.0407849 0.0577862 
0.0676524 0.0684414 0.0603736 0.0468625 0.0318937 0.0186976 0.00933936 0.00346195 -0.0011561 -0.00527497 -0.00736059 -0.00697113 -0.00647173 -0.00835972 -0.0123973 -0.0159251 -0.016247 -0.0123465 -0.00489065 0.0045134 0.0139027 0.0211899 0.0244015 0.0229561 0.0192781 0.0177607 0.021452 0.0306988 0.0440329 0.0580981 
0.0565823 0.0560936 0.0480413 0.0362731 0.0247818 0.0153915 0.00833647 0.00272822 -0.00263332 -0.00738682 -0.00987345 -0.00985092 -0.00929995 -0.0102776 -0.0128956 -0.015233 -0.014837 -0.010501 -0.00288757 0.00622881 0.0150722 0.0222214 0.0263721 0.0269925 0.0256315 0.0251957 0.0274588 0.032602 0.0405117 0.0498838 
0.0382973 0.0373463 0.030162 0.0207302 0.0131575 0.00828944 0.00465475 0.000463805 -0.00485956 -0.0098712 -0.0125652 -0.0127478 -0.0120788 -0.012222 -0.0134659 -0.0144645 -0.0131264 -0.00830804 -0.000785737 0.00751454 0.0150183 0.0209505 0.0247257 0.0260823 0.0259562 0.0258251 0.0260851 0.0267325 0.029084 0.0339383 
0.0168194 0.0168587 0.0116874 0.00492399 0.000597257 -0.000845935 -0.00161232 -0.00397406 -0.00838294 -0.0130158 -0.0156123 -0.015725 -0.014675 -0.0139422 -0.0139565 -0.0137524 -0.0116065 -0.00654962 0.000594635 0.00789984 0.0139576 0.0183917 0.0210717 0.0219384 0.0215326 0.020322 0.0177785 0.0140037 0.0116754 0.0133356 
-0.00318779 -0.000948292 -0.00282928 -0.00621937 -0.0079163 -0.00768651 -0.00727743 -0.00842576 -0.0116248 -0.0155185 -0.0179656 -0.0180469 -0.0166124 -0.015083 -0.0140875 -0.0129877 -0.010449 -0.00569373 0.000580978 0.0067012 0.011484 0.0147452 0.0164531 0.0164322 0.0148199 0.0115547 0.00592021 -0.0014872 -0.00698638 -0.0070145 
-0.0158836 -0.0106716 -0.00836086 -0.00787109 -0.00754719 -0.00737828 -0.00783213 -0.0092334 -0.0119431 -0.0154786 -0.0181532 -0.0185983 -0.0171235 -0.0150967 -0.0134119 -0.011838 -0.00949372 -0.00577065 -0.0010551 0.00349494 0.00707196 0.00964167 0.0110626 0.0107149 0.00813534 0.00301646 -0.00490252 -0.0142367 -0.0208388 -0.0209704 
-0.0161094 -0.00775586 -0.00148802 0.00219708 0.00339349 0.00203583 -0.000901156 -0.00414842 -0.00767573 -0.0117036 -0.0151205 -0.0163833 -0.0153734 -0.0133484 -0.0114642 -0.00997056 -0.00845007 -0.00637363 -0.0036825 -0.000908366 0.00154737 0.00379242 0.00558166 0.00579833 0.00328746 -0.00239981 -0.010761 -0.0195767 -0.0247975 -0.0232686 
-0.00344003 0.00715132 0.0156542 0.0205987 0.0212173 0.0175837 0.0116515 0.00579324 0.00056377 -0.00450823 -0.0088458 -0.0111098 -0.0109799 -0.00952209 -0.00805216 -0.00724655 -0.00701254 -0.00673415 -0.00588335 -0.00451505 -0.00283737 -0.000703487 0.00167765 0.00299579 0.00163251 -0.00296317 -0.00963426 -0.015593 -0.0173544 -0.0128703 
0.0157188 0.02646 0.0346209 0.038684 0.037818 0.0322543 0.024175 0.0162927 0.00959096 0.00372107 -0.00112876 -0.00407612 -0.00483189 -0.0042454 -0.00363415 -0.00389288 -0.00500017 -0.00610717 -0.0063422 -0.00560489 -0.00421424 -0.00211531 0.000677941 0.00311165 0.00353322 0.0012904 -0.00225065 -0.00424151 -0.00203946 0.00516246 
0.0311376 0.0395501 0.0452538 0.0473005 0.0450711 0.0387358 0.0301581 0.0218114 0.0148283 0.00909943 0.00463743 0.00185406 0.000817775 0.000807031 0.000637384 -0.000537964 -0.00254455 -0.00428357 -0.00475669 -0.00398115 -0.00254413 -0.000529564 0.00231413 0.00547763 0.00764222 0.00806238 0.00779294 0.00916429 0.0138844 0.0217996 
0.0349307 0.0393116 0.0418043 0.042029 0.0392848 0.0334094 0.0258499 0.0186868 0.0129269 0.00857663 0.00560861 0.00408504 0.00376558 0.00393549 0.00360373 0.0021448 -3.56148e-05 -0.00169139 -0.00187587 -0.000803645 0.000719582 0.00249851 0.00497808 0.00818573 0.0113161 0.013636 0.015593 0.0185532 0.0232933 0.0292061 
0.0258606 0.0258763 0.0255608 0.0247793 0.0224111 0.0178363 0.0122122 0.00734234 0.00401329 0.00217126 0.00169766 0.00235679 0.0036137 0.00473594 0.00495052 0.00389462 0.0021538 0.000986851 0.00120421 0.00245149 0.00384171 0.00512178 0.00680552 0.00927701 0.0122395 0.0151166 0.0177511 0.0203962 0.0229946 0.0249676 
0.00870939 0.00524504 0.00298509 0.00185196 0.000375452 -0.00245552 -0.00575717 -0.00793215 -0.00832277 -0.00706606 -0.00450176 -0.0012504 0.0018775 0.00419929 0.00522607 0.00487455 0.00383272 0.00324799 0.00372803 0.00481457 0.00565125 0.00604128 0.00656963 0.00782013 0.00982159 0.0121194 0.0140753 0.0150546 0.0144971 0.0122028 
-0.00975176 -0.015065 -0.0182595 -0.0193348 -0.019767 -0.0207708 -0.0217908 -0.0214736 -0.0192002 -0.0151168 -0.00980542 -0.00430083 0.000332191 0.00351421 0.00510814 0.00534704 0.00497227 0.00490839 0.00545422 0.00600113 0.00580067 0.00491617 0.00416677 0.00424872 0.00518976 0.00638442 0.00681627 0.00547146 0.00187089 -0.00359333 
-0.0244061 -0.0298215 -0.0328558 -0.0334434 -0.0328524 -0.0322817 -0.0314007 -0.0291214 -0.0249627 -0.0191223 -0.012282 -0.00563293 -0.000331968 0.0031409 0.00492983 0.00552148 0.00565305 0.00596798 0.00639772 0.00614663 0.004637 0.00237095 0.000543409 -0.000119365 0.000104677 0.000195528 -0.00113613 -0.00477775 -0.0106112 -0.0175962 
-0.0330602 -0.0374232 -0.0394219 -0.0390575 -0.037425 -0.0355728 -0.0332188 -0.029546 -0.0244211 -0.0182252 -0.0115213 -0.00520661 -0.000213561 0.00307097 0.00484651 0.00561608 0.00600658 0.00642261 0.00653675 0.0054501 0.00278675 -0.0005269 -0.00297535 -0.00388552 -0.00393029 -0.00457473 -0.0072686 -0.0125664 -0.0196394 -0.0268937 
-0.0358647 -0.038941 -0.039601 -0.0380058 -0.0351825 -0.0320736 -0.0284914 -0.0239574 -0.0187343 -0.0133578 -0.00810322 -0.00328589 0.000634673 0.00339579 0.00504412 0.0058257 0.0061354 0.00624678 0.00582047 0.0040578 0.000779637 -0.00288323 -0.00533207 -0.00599886 -0.00583293 -0.00660519 -0.00986866 -0.0159404 -0.0235097 -0.030583 
-0.0342373 -0.036351 -0.0358685 -0.0330867 -0.0290001 -0.0246001 -0.0200373 -0.0152385 -0.0106411 -0.00668542 -0.00331712 -0.000349174 0.00220888 0.00424454 0.00561522 0.00620721 0.00612442 0.00559207 0.00448038 0.00230587 -0.000919616 -0.00412498 -0.00590998 -0.00586974 -0.00509573 -0.00551607 -0.00873486 -0.0149483 -0.0226261 -0.0295384 
-0.0301261 -0.0315143 -0.0301684 -0.0264904 -0.0214505 -0.0161651 -0.0112075 -0.00681205 -0.00328409 -0.000735879 0.00112901 0.00268846 0.00413265 0.00545838 0.00643696 0.006708 0.00613603 0.00491909 0.00320398 0.000920669 -0.00172766 -0.00388677 -0.00455714 -0.00360501 -0.00223921 -0.00240958 -0.00558278 -0.0117418 -0.0192646 -0.0259033 
-0.0255613 -0.0260683 -0.0239382 -0.019719 -0.0144007 -0.00912877 -0.00463852 -0.00118569 0.00122212 0.0028005 0.00392293 0.0048757 0.00578427 0.00665904 0.00729291 0.00727852 0.00637499 0.00475228 0.00275537 0.000657668 -0.00118379 -0.00216261 -0.00174779 -0.000181477 0.00117835 0.000525245 -0.00314562 -0.00933732 -0.0163507 -0.0222017 
-0.0221764 -0.0214016 -0.0184122 -0.0139421 -0.00901959 -0.00462457 -0.0012575 0.00108597 0.00266839 0.00384405 0.00490041 0.00590818 0.00680969 0.00755978 0.00801718 0.0078678 0.00689392 0.00524668 0.00334303 0.00162737 0.000518155 0.000402796 0.00139559 0.00287002 0.00333819 0.00130123 -0.00351205 -0.00988516 -0.0159943 -0.020348 
-0.0208243 -0.0184054 -0.0144631 -0.00989571 -0.00569553 -0.0025013 -0.000346195 0.00112075 0.00230071 0.00349874 0.00482626 0.00614483 0.00724376 0.00803618 0.00845763 0.00832204 0.00748108 0.00606668 0.00447184 0.00315629 0.00250226 0.0027122 0.00359361 0.00424297 0.00314737 -0.00079072 -0.00706611 -0.013706 -0.0186958 -0.0210679 
-0.0215378 -0.0173592 -0.0123858 -0.00767103 -0.0040925 -0.00187651 -0.000583901 0.000398925 0.00148988 0.00286766 0.00446784 0.00600318 0.00719645 0.00798827 0.00841064 0.00838144 0.00778625 0.00670232 0.00544283 0.00440713 0.00389685 0.00396028 0.00420111 0.00359329 0.000750144 -0.00500567 -0.0125791 -0.0194614 -0.0234479 -0.0239137 
-0.0237255 -0.0180534 -0.0120112 -0.00688988 -0.00353798 -0.0018583 -0.00103118 -0.000254209 0.000868337 0.00238784 0.00409702 0.00562092 0.00669176 0.00734355 0.00773025 0.00784743 0.0075593 0.00683673 0.0058765 0.00500313 0.00445373 0.00415804 0.00357101 0.0016552 -0.00270708 -0.00976277 -0.0180941 -0.025059 -0.0284236 -0.027658 
-0.0263899 -0.0198718 -0.0128423 -0.00696132 -0.00333547 -0.00179753 -0.00123227 -0.000593973 0.000549918 0.00212217 0.00376473 0.0050558 0.00580565 0.00618821 0.00648484 0.00674526 0.00678215 0.00643597 0.00577398 0.00505805 0.00450176 0.00394496 0.00268803 -0.000294786 -0.00575712 -0.01347 -0.0218922 -0.0286708 -0.0318432 -0.0308317 
-0.028365 -0.0217928 -0.0140269 -0.00714195 -0.00281459 -0.00113627 -0.000796898 -0.000391388 0.000667537 0.00217394 0.00357998 0.00444095 0.00471384 0.00474586 0.00491895 0.00529503 0.0056249 0.00564055 0.00531028 0.00486566 0.0045277 0.00404555 0.00251723 -0.00111294 -0.00721217 -0.0150408 -0.0230278 -0.0293779 -0.0326676 -0.032264 
-0.028701 -0.0226597 -0.0145844 -0.00680825 -0.00162225 0.000391613 0.000538631 0.000569895 0.0013244 0.00254201 0.00351436 0.00379856 0.0035242 0.00320401 0.0032689 0.00374248 0.00431254 0.00465045 0.00468788 0.00467166 0.00484263 0.00483892 0.00351474 -0.000272924 -0.00657499 -0.0141986 -0.0215616 -0.0274334 -0.0309685 -0.0315211 
-0.0271484 -0.021841 -0.0140862 -0.00609718 -0.000359979 0.00209752 0.00226684 0.0019488 0.00219367 0.00284701 0.00321135 0.00290284 0.00217415 0.00161968 0.00165477 0.00224183 0.00302502 0.00365843 0.00408001 0.00457698 0.00541961 0.00615087 0.00539576 0.00186572 -0.00434178 -0.0117324 -0.0186602 -0.0242082 -0.0278938 -0.0291001 
-0.024331 -0.0197168 -0.0131076 -0.00611149 -0.000610558 0.00230929 0.00302921 0.00283146 0.00268275 0.00265201 0.00232757 0.00152389 0.000557877 -2.24593e-05 0.000110334 0.000863368 0.00187476 0.00280149 0.00357374 0.00449527 0.00588884 0.00729947 0.00721189 0.00413153 -0.00191027 -0.00927159 -0.0161189 -0.0214991 -0.0250061 -0.0261138 
-0.0211521 -0.0172078 -0.012584 -0.00790116 -0.00361474 -0.000274811 0.00176785 0.0026405 0.00268926 0.00213097 0.00108834 -0.000186781 -0.00125712 -0.00169573 -0.00134 -0.000355465 0.000905659 0.00209951 0.00310153 0.00417786 0.0057315 0.00745185 0.00781863 0.00510987 -0.000846234 -0.00832089 -0.0151885 -0.0202778 -0.0231377 -0.0234078 
-0.0178063 -0.0145955 -0.0124714 -0.0109641 -0.00865609 -0.00505062 -0.00110334 0.00177953 0.00279635 0.00204222 0.000241558 -0.0016846 -0.00298271 -0.00328864 -0.00265729 -0.0014046 7.79718e-05 0.00142613 0.00244459 0.0033395 0.00460695 0.00616802 0.00661005 0.00405253 -0.00183342 -0.00918737 -0.0156293 -0.0199203 -0.0216893 -0.0207639 
-0.0138199 -0.0113531 -0.011628 -0.0133229 -0.0132973 -0.00984627 -0.00419238 0.000889311 0.00329874 0.00270455 0.000217637 -0.00256016 -0.00437078 -0.00473144 -0.00387692 -0.00236494 -0.000740135 0.000572066 0.00135161 0.00180445 0.00252596 0.00364876 0.00390722 0.001403 -0.0041728 -0.0107792 -0.0159888 -0.0188567 -0.0193201 -0.0173135 
-0.00971892 -0.00785493 -0.00971148 -0.013667 -0.0156261 -0.0129706 -0.00673818 -0.000315545 0.00330879 0.00321657 0.000451052 -0.00303826 -0.00549795 -0.00612171 -0.0051561 -0.00341009 -0.00170251 -0.000587414 -0.000244603 -0.000358985 -0.000217275 0.000462178 0.000565519 -0.00169131 -0.006487 -0.0116897 -0.0150947 -0.0163274 -0.0157581 -0.0132733 
-0.00823904 -0.00662868 -0.00852844 -0.0128156 -0.0156691 -0.0142245 -0.00890574 -0.00262728 0.0015659 0.00225261 -7.54116e-05 -0.00368133 -0.00657314 -0.00751924 -0.00654527 -0.00459368 -0.00279153 -0.00187979 -0.00198842 -0.00264566 -0.00300536 -0.00264381 -0.00248602 -0.00416791 -0.00785243 -0.0115581 -0.0134476 -0.0136894 -0.0130289 -0.0111481 
-0.0124429 -0.0102901 -0.0101472 -0.0121993 -0.0141428 -0.0136482 -0.0103148 -0.00563913 -0.00179038 -0.000339816 -0.00160482 -0.0045862 -0.00745283 -0.00862584 -0.0077455 -0.0056842 -0.00376002 -0.00289221 -0.00323207 -0.00423077 -0.00492685 -0.00470566 -0.00426888 -0.00522789 -0.0080478 -0.0111541 -0.0129604 -0.013782 -0.0144481 -0.0142799 
-0.0219406 -0.0178279 -0.0137335 -0.0114483 -0.0107363 -0.0103844 -0.00937577 -0.00740295 -0.00501505 -0.00334277 -0.00340829 -0.00526822 -0.00768385 -0.00898132 -0.00838622 -0.00647729 -0.00452355 -0.00353501 -0.00377915 -0.00476212 -0.00545305 -0.00505029 -0.00411345 -0.00447097 -0.00723721 -0.0114117 -0.0153361 -0.0187351 -0.021858 -0.0234816 
-0.0321593 -0.0244659 -0.0157017 -0.00864923 -0.00459709 -0.00365062 -0.00481639 -0.00627517 -0.00655863 -0.00565715 -0.00488828 -0.00547374 -0.00718688 -0.0086139 -0.00862313 -0.00729467 -0.00558877 -0.0044823 -0.00438124 -0.00490233 -0.00502375 -0.00393547 -0.0022873 -0.00230912 -0.00591976 -0.0127687 -0.020811 -0.0282807 -0.0338554 -0.0356396 
-0.0386804 -0.0264389 -0.0136919 -0.00305205 0.00383169 0.00566315 0.00268231 -0.00247441 -0.00635217 -0.0072738 -0.00632044 -0.005773 -0.00671658 -0.0083393 -0.00924294 -0.00887852 -0.00773429 -0.00663598 -0.00601453 -0.00553704 -0.00435872 -0.00205128 0.000369921 0.000348674 -0.00466056 -0.0149632 -0.0280348 -0.0399649 -0.0469847 -0.0465375 
-0.0413077 -0.0247245 -0.00918274 0.00362156 0.0124998 0.0152755 0.0111012 0.00274266 -0.00487395 -0.00836913 -0.00810625 -0.00698349 -0.00734023 -0.00916728 -0.0109615 -0.0116002 -0.0111101 -0.0100694 -0.00869955 -0.00659864 -0.00337933 0.000501088 0.00348143 0.00304687 -0.00349353 -0.0170126 -0.0347095 -0.0505625 -0.0581591 -0.054341 
-0.0419955 -0.0222338 -0.00468068 0.00966053 0.0200558 0.0238577 0.0193936 0.00910325 -0.00153173 -0.00795905 -0.00950215 -0.00889602 -0.00920356 -0.0111991 -0.0135431 -0.0148304 -0.0148003 -0.0137271 -0.0113793 -0.00717718 -0.00145168 0.00405944 0.00719607 0.00593516 -0.00194494 -0.0176245 -0.0384035 -0.0569904 -0.0650417 -0.0588112 
-0.039441 -0.0180124 0.0011337 0.0168809 0.0283923 0.0329572 0.0287462 0.0177618 0.00511672 -0.00428649 -0.00869976 -0.00993865 -0.0110206 -0.0132682 -0.0157762 -0.0172578 -0.0174057 -0.016212 -0.0128999 -0.00664924 0.00147731 0.00842014 0.0114337 0.00921024 0.000517491 -0.0156644 -0.0370335 -0.0563171 -0.064607 -0.0576901 
-0.0278973 -0.00617179 0.0139264 0.0305472 0.0421028 0.0460457 0.0411836 0.0294865 0.0152995 0.00311753 -0.00465958 -0.00869169 -0.0113403 -0.0140927 -0.0165908 -0.0179917 -0.0181541 -0.0168989 -0.0130138 -0.00541159 0.00444769 0.0125848 0.0157101 0.0130492 0.00454736 -0.0101189 -0.0290353 -0.0460173 -0.0530448 -0.0459551 
-0.00196014 0.0190309 0.0389134 0.0549979 0.0645012 0.0650715 0.0568964 0.0427984 0.0266542 0.0120591 0.0012466 -0.00570823 -0.0102853 -0.0137351 -0.0161672 -0.0173621 -0.017506 -0.0163944 -0.0125801 -0.00468894 0.00597358 0.0152422 0.0194237 0.0177653 0.0110469 -7.37945e-05 -0.0137131 -0.0250932 -0.0281008 -0.0195661 
0.0372286 0.0567787 0.0749716 0.0884711 0.0932901 0.0873899 0.0728456 0.0541406 0.0352713 0.0187776 0.00592554 -0.00322273 -0.00943246 -0.0134601 -0.015678 -0.0165089 -0.016574 -0.0157866 -0.012663 -0.00555506 0.00492161 0.0153035 0.0218725 0.0233004 0.0203054 0.0142989 0.0076576 0.0042063 0.00778069 0.0195895 
0.0795539 0.0970648 0.112208 0.121233 0.119476 0.105599 0.0835808 0.0595896 0.0380031 0.0204629 0.00696834 -0.00302824 -0.0100005 -0.0141902 -0.0159544 -0.0161708 -0.0159042 -0.0153308 -0.0131694 -0.00765029 0.00161285 0.0126809 0.0224164 0.028519 0.0305663 0.0301214 0.0304641 0.0352073 0.0460513 0.0617665 
0.110878 0.125276 0.136046 0.139416 0.130979 0.110539 0.0833542 0.0562641 0.0336231 0.0164725 0.00389465 -0.00538094 -0.0119478 -0.0157055 -0.016752 -0.0160729 -0.0150233 -0.0141347 -0.0126205 -0.00893033 -0.00174437 0.00893453 0.0211037 0.0315466 0.0381766 0.0422357 0.0479582 0.0591335 0.0756545 0.0939863 
0.123304 0.132514 0.13698 0.133792 0.119914 0.0965311 0.069033 0.0432325 0.0225069 0.0075374 -0.0027532 -0.00996177 -0.0149492 -0.0175176 -0.0174673 -0.0156114 -0.0133298 -0.0114412 -0.00981614 -0.00746917 -0.00257552 0.00651047 0.0190514 0.0314579 0.0405049 0.047156 0.0562009 0.0713302 0.0908727 0.109417 
0.120309 0.12189 0.117743 0.107 0.08902 0.0663342 0.0432576 0.0229436 0.0068192 -0.00465578 -0.0119735 -0.0164668 -0.0191199 -0.0197946 -0.0181764 -0.0149212 -0.0112863 -0.00815872 -0.00584575 -0.00390015 -0.000479552 0.00680281 0.0179826 0.0297339 0.038906 0.0466397 0.0576244 0.0747707 0.0950239 0.111586 
0.110394 0.103205 0.0895186 0.0712248 0.0504452 0.0307101 0.0145189 0.00166307 -0.00877231 -0.0165232 -0.0211831 -0.0234222 -0.0240195 -0.022795 -0.019495 -0.0149276 -0.0104146 -0.00670739 -0.00390198 -0.00148854 0.00217601 0.00910373 0.019125 0.0293585 0.0376815 0.0458409 0.0579338 0.0756307 0.0948364 0.107969 
0.0983453 0.0835153 0.0621503 0.0385724 0.0169921 0.00125578 -0.00794614 -0.0135985 -0.0186148 -0.0231543 -0.0262261 -0.0277343 -0.0277953 -0.0257873 -0.0214873 -0.016224 -0.0118283 -0.0088691 -0.00646931 -0.0031722 0.00255491 0.0114774 0.0222013 0.0318885 0.0395473 0.0476474 0.0597345 0.0764421 0.0931285 0.102028 
0.0857963 0.0660185 0.0406384 0.0152853 -0.00494478 -0.0164786 -0.0198536 -0.0195644 -0.0198724 -0.0217999 -0.0244441 -0.0269928 -0.0284368 -0.0272667 -0.0231337 -0.0180667 -0.0147558 -0.0136968 -0.0126483 -0.00862008 2.59995e-05 0.0124779 0.0255336 0.0358129 0.0429871 0.0502276 0.0611174 0.0758925 0.089563 0.0943434 
0.0789729 0.0568315 0.0299786 0.00443771 -0.0142996 -0.0227906 -0.0221976 -0.017722 -0.0144954 -0.0145742 -0.0175671 -0.0220787 -0.0258528 -0.0264046 -0.0232119 -0.0189077 -0.0170038 -0.0180707 -0.0187366 -0.0145428 -0.00354468 0.0121391 0.0275375 0.0384243 0.0448014 0.0507634 0.0607198 0.0749388 0.0875824 0.0902394 
0.0915647 0.0682316 0.038983 0.0106321 -0.00997966 -0.0186713 -0.0170595 -0.011176 -0.00678016 -0.00650175 -0.0103153 -0.0165219 -0.0220911 -0.0240039 -0.0217207 -0.0181827 -0.0172871 -0.0197342 -0.0217009 -0.0178806 -0.00589983 0.0115017 0.0281019 0.0389131 0.044383 0.0500848 0.0619061 0.080127 0.097082 0.102369 
0.135836 0.110907 0.0753501 0.0386528 0.0106411 -0.00305921 -0.00463912 -0.00125988 0.000915317 -0.000630657 -0.0058395 -0.0130585 -0.0192951 -0.0217195 -0.0200228 -0.0170928 -0.0166014 -0.0192809 -0.0215716 -0.0181548 -0.00626746 0.0114868 0.0283696 0.0389365 0.0443854 0.0523228 0.0704973 0.0990578 0.127719 0.142369 
0.208831 0.181015 0.135259 0.0860423 0.0468794 0.0243885 0.0157253 0.0129969 0.00995401 0.00445075 -0.00315962 -0.0113681 -0.017788 -0.0203858 -0.0192992 -0.0170866 -0.016685 -0.0186481 -0.020115 -0.0165131 -0.00499862 0.0124455 0.0293327 0.0402156 0.0472251 0.0601084 0.0884613 0.132315 0.178636 0.208282 
0.28728 0.255797 0.199415 0.138731 0.0899495 0.0590941 0.0425606 0.0325502 0.0230455 0.0121821 0.000844126 -0.00923387 -0.0162873 -0.0193572 -0.0191892 -0.0179503 -0.0176236 -0.0183695 -0.0181119 -0.0135552 -0.00234006 0.0142282 0.0306193 0.0420122 0.0514442 0.070232 0.109316 0.168799 0.23356 0.279321 
