0.345003 0.275027 0.183387 0.105286 0.0546383 0.0264748 0.00847515 -0.00861054 -0.0254027 -0.036257 -0.0365515 -0.0272568 -0.0135146 -0.000543745 0.00863707 0.0128112 0.0113688 0.00390964 -0.00913326 -0.0256858 -0.0419418 -0.0532627 -0.0555017 -0.0450811 -0.0173844 0.033549 0.111142 0.208729 0.302722 0.356854 
0.330715 0.264699 0.181577 0.111937 0.0657164 0.0375279 0.017779 -0.000249712 -0.0170608 -0.0282749 -0.029848 -0.0222198 -0.00989735 0.00197686 0.0101061 0.0130821 0.0104543 0.0022939 -0.0105077 -0.0257283 -0.0397252 -0.0482613 -0.0478549 -0.0355505 -0.00682078 0.0442688 0.120111 0.212579 0.298554 0.345219 
0.287168 0.238454 0.177607 0.123998 0.0827326 0.0512803 0.0264423 0.00592633 -0.0107206 -0.0213861 -0.023409 -0.016878 -0.00546575 0.00590028 0.0135743 0.0158544 0.0124309 0.00382281 -0.00874163 -0.0230946 -0.0360333 -0.043996 -0.0440993 -0.0334432 -0.00699883 0.0411078 0.111247 0.192524 0.2632 0.298865 
0.221226 0.194312 0.160987 0.127211 0.0928105 0.0587351 0.0287183 0.00524257 -0.0115941 -0.0214673 -0.0230922 -0.0165623 -0.00493719 0.00707672 0.0154689 0.018116 0.0147019 0.00610302 -0.00613777 -0.0199411 -0.0327149 -0.0418292 -0.0450298 -0.0391811 -0.0184224 0.023377 0.0848618 0.152283 0.205172 0.228543 
0.144756 0.133494 0.123416 0.109244 0.085251 0.05375 0.0228389 -0.00161562 -0.0184416 -0.0276935 -0.0287038 -0.0217193 -0.00946959 0.00356991 0.0131296 0.0166599 0.0137749 0.00572775 -0.00551173 -0.0179017 -0.0296231 -0.0393152 -0.0456279 -0.0452111 -0.0312119 0.00302616 0.0549174 0.10827 0.143255 0.152464 
0.0825389 0.0745572 0.0759575 0.0755565 0.0631616 0.0396245 0.0133774 -0.00881292 -0.0246966 -0.0334728 -0.0342543 -0.0273488 -0.0152407 -0.00206081 0.007889 0.0118169 0.00940659 0.00243155 -0.00659188 -0.0156517 -0.0238251 -0.0312308 -0.037664 -0.0397495 -0.0298265 -0.000973251 0.0431208 0.0845504 0.103765 0.0978809 
0.058198 0.0430133 0.042172 0.0449855 0.0401283 0.0258597 0.00756853 -0.00977101 -0.0236611 -0.0321019 -0.0334537 -0.027758 -0.0171092 -0.00518596 0.00385917 0.00724205 0.00495317 -0.000578463 -0.0063116 -0.0103798 -0.0127903 -0.0149803 -0.017708 -0.0177443 -0.00732899 0.0199032 0.0593161 0.0927337 0.101398 0.0839927 
0.0691118 0.0444286 0.0334255 0.0301669 0.0262808 0.0186602 0.00838478 -0.00321115 -0.0146005 -0.0229854 -0.0257377 -0.0221753 -0.013787 -0.00384525 0.00363078 0.00598281 0.00362102 -0.000404596 -0.00272143 -0.00182648 0.00133779 0.00443442 0.00640673 0.0105462 0.0240496 0.0519137 0.0888803 0.118118 0.122715 0.101195 
0.088844 0.0601285 0.0406438 0.0292012 0.0222789 0.0175137 0.0127463 0.0056689 -0.00374258 -0.0124209 -0.0168025 -0.0152703 -0.00869622 -0.000153446 0.00632026 0.00813577 0.00600357 0.00334777 0.00357951 0.00759746 0.0134451 0.0182034 0.0213113 0.0269139 0.0419099 0.069895 0.105241 0.133042 0.138608 0.119888 
0.0940613 0.0688259 0.0483812 0.0332776 0.0234952 0.0186293 0.0156837 0.0104313 0.00167834 -0.00754328 -0.0130115 -0.0124025 -0.00629376 0.00218146 0.00889613 0.0112797 0.010112 0.00882396 0.010566 0.0154933 0.0205923 0.0224381 0.0213357 0.023042 0.0351604 0.060775 0.094194 0.121983 0.130987 0.118603 
0.0825572 0.0649638 0.0496169 0.036211 0.0256372 0.0193137 0.0154412 0.00979446 0.000606688 -0.00927212 -0.0151955 -0.0144803 -0.00783731 0.00135746 0.00901373 0.0126872 0.0130406 0.0131366 0.0156523 0.0201465 0.0228771 0.0200024 0.0123653 0.00708098 0.0129631 0.0336552 0.0640036 0.0916691 0.104337 0.0988134 
0.06785 0.0569797 0.0469718 0.0366566 0.026647 0.0193593 0.0144757 0.00829528 -0.00140422 -0.0119774 -0.0183272 -0.0175002 -0.0105174 -0.0010061 0.00719418 0.0119301 0.0136168 0.0146412 0.0171387 0.020543 0.0211904 0.0152097 0.00329456 -0.00739706 -0.00748309 0.00771358 0.0342454 0.0610375 0.0765699 0.076977 
0.0619418 0.0539927 0.0450861 0.0351109 0.0254045 0.018821 0.0151639 0.0101895 0.000909567 -0.0101055 -0.0171755 -0.0169765 -0.0106641 -0.0019115 0.00583685 0.0107596 0.0129398 0.0139502 0.0154397 0.0172207 0.0165576 0.0101274 -0.00196939 -0.0139338 -0.0170704 -0.00592235 0.0172012 0.0429463 0.0608414 0.0661743 
0.064833 0.0573327 0.0456275 0.0322836 0.0213051 0.0163177 0.0159122 0.0140077 0.00653946 -0.00397719 -0.0114841 -0.0123396 -0.00748542 -0.000285017 0.00625664 0.0105573 0.012387 0.0126143 0.0125067 0.0124127 0.0108498 0.00546333 -0.00413686 -0.0141435 -0.0176775 -0.00927143 0.0105891 0.0350333 0.0551176 0.0651343 
0.0676768 0.0615128 0.0468732 0.0287796 0.0148267 0.010274 0.0126705 0.0141193 0.0095463 0.00102533 -0.00575107 -0.00716048 -0.00364741 0.00207304 0.00743547 0.0109884 0.0123039 0.0118025 0.0104368 0.00884016 0.00648726 0.00208318 -0.00474958 -0.0119428 -0.0150454 -0.00954995 0.00574592 0.0273198 0.0486121 0.0632562 
0.0629741 0.060364 0.0456567 0.0247187 0.00765797 0.00156885 0.00428502 0.00758083 0.00594993 0.000500186 -0.00429862 -0.00527233 -0.00231733 0.00264294 0.00748497 0.0108585 0.0122417 0.0117742 0.0100573 0.00762532 0.00438812 -5.65586e-05 -0.00555548 -0.010981 -0.0141408 -0.0121306 -0.0026524 0.0142347 0.0349618 0.0532653 
0.0509593 0.0527758 0.0410487 0.0210325 0.00300766 -0.0052108 -0.00450655 -0.00166275 -0.00166982 -0.00440102 -0.0069484 -0.00691048 -0.00387665 0.000920251 0.00582264 0.00963075 0.0117363 0.0119554 0.0104288 0.00737815 0.00283278 -0.00296984 -0.00911798 -0.014546 -0.018423 -0.0193749 -0.0148581 -0.00253272 0.0166132 0.0369644 
0.0358913 0.0413432 0.0343141 0.018884 0.00338604 -0.00546712 -0.0074518 -0.00695361 -0.00741587 -0.00897794 -0.0100195 -0.00912783 -0.00598395 -0.00132584 0.00368549 0.00803109 0.0109233 0.0117244 0.0100798 0.00597565 -0.000415153 -0.00840645 -0.0164626 -0.0230977 -0.0278113 -0.0301445 -0.0280116 -0.0183749 -0.000870014 0.0197558 
0.0197278 0.0271968 0.0251989 0.0166324 0.00684984 -1.25701e-05 -0.00361962 -0.00600673 -0.00833408 -0.0100984 -0.0105151 -0.0092599 -0.00635308 -0.00214487 0.00267283 0.00718068 0.010305 0.0109561 0.00845984 0.00284558 -0.00536499 -0.0151389 -0.0246976 -0.0322884 -0.0372672 -0.0394885 -0.0376594 -0.0294653 -0.0143417 0.00415354 
0.00377929 0.0114032 0.0134219 0.0117603 0.00886615 0.0058517 0.00230386 -0.00207045 -0.00612902 -0.00836957 -0.00854968 -0.00727706 -0.00483925 -0.00123646 0.00315824 0.00737898 0.0100749 0.0099244 0.00625443 -0.000608732 -0.00968431 -0.0196734 -0.028919 -0.035923 -0.0401646 -0.041692 -0.039954 -0.0337423 -0.0226628 -0.00876939 
-0.0078385 -0.00136652 0.00278898 0.00584384 0.00813009 0.00846751 0.0057179 0.000652876 -0.00410381 -0.00644086 -0.00645578 -0.00524063 -0.00313139 8.83967e-05 0.00412998 0.00791074 0.00996414 0.00903773 0.00471557 -0.00233656 -0.0108163 -0.0192988 -0.0264031 -0.0312611 -0.0340145 -0.0351672 -0.0345529 -0.0313803 -0.0251058 -0.0164842 
-0.0118053 -0.00655811 -0.00169695 0.00330053 0.0075415 0.00896274 0.00648648 0.00142579 -0.00332718 -0.00571011 -0.00585381 -0.00477251 -0.00273627 0.000425586 0.00431347 0.00778876 0.00947451 0.0083808 0.00441635 -0.00155586 -0.00822257 -0.0142917 -0.0187147 -0.0212317 -0.0227132 -0.0241253 -0.0252408 -0.0249233 -0.0222857 -0.0174798 
-0.00965008 -0.00503519 0.000139967 0.00546377 0.00938731 0.010132 0.0073608 0.00249739 -0.00223216 -0.005185 -0.00612147 -0.00551964 -0.00358734 -0.000438253 0.00333094 0.00663042 0.00829876 0.00764477 0.00483127 0.000729016 -0.00365656 -0.00750399 -0.0101968 -0.0117317 -0.0130179 -0.0148871 -0.0168495 -0.0176057 -0.0164599 -0.0136134 
-0.00555769 -0.0015076 0.00364558 0.00861684 0.011653 0.0117057 0.00907649 0.00479533 6.0226e-05 -0.00386203 -0.00606926 -0.0062919 -0.00468053 -0.00170092 0.00186145 0.00501759 0.00683746 0.00686902 0.00540912 0.00318813 0.000717978 -0.00185472 -0.00437489 -0.00666159 -0.00878013 -0.0107003 -0.0117975 -0.0114932 -0.0101298 -0.00824878 
-0.00228032 0.000407079 0.00423592 0.00781987 0.00993207 0.0102487 0.00899217 0.00619238 0.00200655 -0.00246788 -0.00563659 -0.00655116 -0.00527916 -0.00252098 0.000834365 0.00389839 0.00591354 0.00656243 0.00615788 0.00523963 0.00387985 0.00165746 -0.00161597 -0.00541524 -0.00869285 -0.0103239 -0.00967783 -0.00735059 -0.00502043 -0.00364693 
-5.30575e-05 0.000137225 0.000730847 0.00133353 0.00206145 0.00327313 0.00448149 0.00424172 0.00166928 -0.00223644 -0.00538774 -0.00640242 -0.00524286 -0.00263111 0.000586724 0.00362366 0.00581446 0.00686405 0.00702472 0.00672175 0.00585866 0.00377282 5.10845e-05 -0.00469865 -0.00880919 -0.0103652 -0.00858025 -0.00473731 -0.00140394 -9.50869e-05 
0.00170972 -0.00130867 -0.00507906 -0.00842813 -0.00962494 -0.00765751 -0.00379519 -0.000973954 -0.00112029 -0.00344558 -0.00565695 -0.00619855 -0.00492947 -0.00241396 0.000682626 0.00369514 0.00600132 0.00725918 0.00763514 0.00755758 0.00705777 0.00555263 0.00244993 -0.00199281 -0.00624374 -0.00811785 -0.00642947 -0.00227162 0.00161128 0.00301274 
0.00263491 -0.0031373 -0.0104644 -0.0169552 -0.0198082 -0.0175584 -0.0118905 -0.00669879 -0.00469316 -0.00536806 -0.00645287 -0.00639558 -0.0049885 -0.00259854 0.000322694 0.00324597 0.00560332 0.00701235 0.00754923 0.00767369 0.00767044 0.00722143 0.00563364 0.00260688 -0.000985701 -0.00323085 -0.00258398 0.000630263 0.00413269 0.00523178 
0.00165898 -0.00513839 -0.0134598 -0.0206394 -0.0238337 -0.0215772 -0.0155426 -0.00971073 -0.00694826 -0.00690058 -0.00743931 -0.00711722 -0.00572923 -0.00354959 -0.00090498 0.00180755 0.00413661 0.00571695 0.00652052 0.0069552 0.00749448 0.0081297 0.00823267 0.00709178 0.00478737 0.00249436 0.00170666 0.00293882 0.00489811 0.00507622 
-0.00189506 -0.00761005 -0.0140357 -0.0191546 -0.0210293 -0.0187135 -0.0135978 -0.00890389 -0.0069281 -0.00725911 -0.00799372 -0.00784798 -0.00667724 -0.00480495 -0.00255403 -0.000191456 0.00201369 0.0037502 0.00484214 0.00553055 0.006358 0.0076093 0.00890358 0.00942975 0.00862549 0.0066789 0.00452722 0.00322015 0.0027398 0.00156562 
-0.00807155 -0.0112436 -0.0140094 -0.0154881 -0.0150339 -0.0124483 -0.00873386 -0.00591985 -0.00535316 -0.0065035 -0.00776526 -0.0080165 -0.00716685 -0.00565571 -0.00385864 -0.00190255 0.000141019 0.00198136 0.00322624 0.0038779 0.0044905 0.00564061 0.0073144 0.00883435 0.00921593 0.00769349 0.00438661 0.000505774 -0.00270812 -0.00528133 
-0.0158342 -0.0161118 -0.015188 -0.0132324 -0.0105924 -0.00762112 -0.0049513 -0.00353821 -0.0039159 -0.00554656 -0.00714571 -0.00770452 -0.00713798 -0.00596742 -0.00458526 -0.00296747 -0.00103502 0.000865633 0.0020804 0.00236734 0.00229182 0.00272509 0.00405253 0.00579864 0.00669893 0.00525922 0.000899161 -0.0051703 -0.010681 -0.0142001 
-0.0226962 -0.0208311 -0.0175995 -0.0136685 -0.00978259 -0.0065412 -0.00432663 -0.00341042 -0.00387034 -0.00530014 -0.00674122 -0.00730457 -0.00689307 -0.00601551 -0.00498492 -0.0036227 -0.00177014 0.000121574 0.00116148 0.000907417 -6.79103e-05 -0.000631196 -3.1353e-05 0.0014236 0.0022552 0.000532821 -0.00466031 -0.0120501 -0.0187165 -0.022334 
-0.0260546 -0.0233511 -0.0195879 -0.0152752 -0.0111269 -0.00789316 -0.00587004 -0.00493376 -0.00492218 -0.00562044 -0.00644409 -0.00673214 -0.00640244 -0.00584331 -0.00518791 -0.00411138 -0.00242838 -0.000678627 0.000104254 -0.0006605 -0.00243233 -0.00389992 -0.00402438 -0.00299825 -0.00243887 -0.00442859 -0.00987138 -0.0173629 -0.0237854 -0.0266832 
-0.0251654 -0.0226082 -0.0194778 -0.0157845 -0.0120214 -0.00907936 -0.00727722 -0.00623983 -0.00564239 -0.00546123 -0.00553061 -0.00551498 -0.00535982 -0.00524744 -0.00507437 -0.00439171 -0.00301037 -0.00150216 -0.000937363 -0.0019931 -0.00422929 -0.00627261 -0.00689566 -0.00619428 -0.00578906 -0.00768357 -0.0126331 -0.0192147 -0.0244982 -0.0263543 
-0.0217304 -0.0196643 -0.0174317 -0.0146973 -0.0116492 -0.00912443 -0.00745294 -0.00620617 -0.00505959 -0.00416622 -0.00369776 -0.0036016 -0.00382023 -0.00429695 -0.00469123 -0.00445411 -0.00339192 -0.0020673 -0.0015474 -0.00261822 -0.0050001 -0.00732044 -0.00819695 -0.00758864 -0.00698899 -0.008241 -0.0120937 -0.0174117 -0.0216633 -0.022957 
-0.018837 -0.0174045 -0.015831 -0.0139111 -0.0115511 -0.00921389 -0.00718161 -0.00531283 -0.00358021 -0.00226023 -0.00161682 -0.00170939 -0.00244515 -0.00356317 -0.00452418 -0.00469262 -0.00385953 -0.0025761 -0.00193922 -0.00289033 -0.00532162 -0.0078143 -0.00875008 -0.00788203 -0.00656537 -0.00659788 -0.00901113 -0.0132921 -0.0173898 -0.0192833 
-0.0189077 -0.0184321 -0.0173387 -0.0158808 -0.0137663 -0.0109202 -0.00766132 -0.0045418 -0.00209802 -0.000594011 -6.44393e-05 -0.000491994 -0.00176756 -0.00351711 -0.00504956 -0.00563976 -0.00505073 -0.00382806 -0.00311598 -0.00400907 -0.00653983 -0.00919587 -0.0100715 -0.00870158 -0.00637914 -0.00498784 -0.00596739 -0.00954317 -0.0142164 -0.0177111 
-0.0216606 -0.0224084 -0.0219203 -0.0207174 -0.0182249 -0.0139096 -0.00844372 -0.00344264 -0.000135504 0.00139512 0.00161799 0.000766574 -0.00109106 -0.00357653 -0.00587964 -0.00715709 -0.00711094 -0.00625313 -0.00572148 -0.00668555 -0.00930615 -0.0120998 -0.013028 -0.0114493 -0.00853289 -0.0061381 -0.00593986 -0.00875961 -0.0137498 -0.0186914 
-0.0238406 -0.02553 -0.0258443 -0.0249728 -0.0217284 -0.0152763 -0.00699818 0.000215949 0.00442094 0.00579164 0.00543524 0.00390876 0.00123096 -0.00228736 -0.00575075 -0.0081676 -0.00911633 -0.00900722 -0.00888858 -0.00992842 -0.0124882 -0.0154299 -0.0169117 -0.016091 -0.0136396 -0.0109984 -0.00979924 -0.0112693 -0.0152794 -0.0201564 
-0.0215977 -0.0234093 -0.0244803 -0.0241056 -0.0202108 -0.0117835 -0.00101639 0.00803881 0.0128098 0.0136576 0.0122765 0.0096342 0.00580256 0.00101477 -0.00383098 -0.00763348 -0.00980277 -0.0105688 -0.0108176 -0.0116857 -0.0138703 -0.016952 -0.0196415 -0.0208078 -0.0200861 -0.0179644 -0.0157647 -0.0149984 -0.0162914 -0.0189581 
-0.0134714 -0.0147288 -0.0163458 -0.0165176 -0.0124224 -0.00307275 0.00874186 0.0183503 0.0228758 0.0227345 0.0199645 0.0159377 0.0109132 0.00505448 -0.000874752 -0.00578557 -0.00894083 -0.0103364 -0.0106163 -0.0108387 -0.0121226 -0.0150344 -0.019133 -0.0230295 -0.0249729 -0.024008 -0.0208188 -0.0170977 -0.0143238 -0.0131749 
-0.00105136 -0.00180323 -0.00394918 -0.00474697 -0.00115589 0.00747975 0.0181844 0.0265292 0.0298844 0.0286003 0.0246506 0.0196099 0.0139321 0.00768281 0.00138087 -0.003996 -0.00761198 -0.00921402 -0.00912343 -0.00822367 -0.00802018 -0.0101346 -0.0151416 -0.0215821 -0.026337 -0.0267555 -0.0225806 -0.0156245 -0.00839647 -0.00315666 
0.012409 0.0114962 0.00845405 0.00655132 0.00852632 0.0146335 0.0222974 0.0281347 0.0301545 0.0284268 0.0243674 0.0193854 0.0139894 0.00812361 0.00207719 -0.00326379 -0.0069661 -0.00852906 -0.00792073 -0.00578452 -0.00390024 -0.00478955 -0.00996133 -0.0180429 -0.0248581 -0.0262089 -0.0208443 -0.0107354 0.00042732 0.00885434 
0.0229374 0.020903 0.0163215 0.0124389 0.011512 0.0138584 0.0179786 0.0218105 0.023793 0.0233111 0.0208045 0.0171843 0.0128922 0.00784229 0.00223912 -0.00303811 -0.00692722 -0.008672 -0.0079116 -0.00506721 -0.00205556 -0.00191534 -0.00667642 -0.0150511 -0.0223649 -0.0235485 -0.0167 -0.00402656 0.00967404 0.0194871 
0.0270067 0.0226622 0.0157913 0.00919076 0.0048316 0.00372309 0.00574161 0.00974313 0.0139516 0.0166919 0.0172594 0.0159422 0.0131486 0.00897564 0.00371921 -0.00172989 -0.00621817 -0.00874714 -0.00865642 -0.00616986 -0.00315205 -0.00259868 -0.00641165 -0.0132952 -0.0188717 -0.018396 -0.0100825 0.00359818 0.0172635 0.0257306 
0.0243273 0.0165703 0.00677225 -0.00264115 -0.00961154 -0.012384 -0.0102119 -0.00400271 0.00390733 0.0108471 0.0151134 0.016426 0.0152448 0.012012 0.00719229 0.00159743 -0.00367424 -0.00745976 -0.00880279 -0.00766835 -0.00562569 -0.00511136 -0.00736873 -0.0110721 -0.0128995 -0.00962419 -0.000421667 0.0120508 0.0226947 0.0270961 
0.0185941 0.00732949 -0.00533309 -0.016872 -0.0249005 -0.0275516 -0.0241807 -0.0158221 -0.00497341 0.00532478 0.0127568 0.0165451 0.0171191 0.0151748 0.0112627 0.00599259 0.000256726 -0.00471353 -0.00763813 -0.00807559 -0.00708967 -0.00638812 -0.00656155 -0.00646381 -0.00415058 0.00172009 0.010768 0.0203582 0.0263629 0.0257344 
0.0141338 0.000741005 -0.0135311 -0.0259131 -0.0338352 -0.0359635 -0.0323245 -0.0239231 -0.0126404 -0.00107653 0.00827503 0.0141332 0.0166039 0.0163184 0.0137429 0.009237 0.00345821 -0.00231996 -0.00643529 -0.00786824 -0.00706958 -0.00524884 -0.00290219 0.000513446 0.00573014 0.0128207 0.020729 0.0270747 0.0288113 0.0242209 
0.013261 -0.000455085 -0.0145176 -0.0264053 -0.0339067 -0.036335 -0.0341186 -0.0278227 -0.0182709 -0.00722247 0.00290306 0.0102935 0.0144443 0.0156221 0.0141118 0.0101041 0.00412394 -0.0024574 -0.00751819 -0.00932045 -0.00769226 -0.00374154 0.00145422 0.00747471 0.0142497 0.0215211 0.0282645 0.0323616 0.0314022 0.0245734 
0.0171569 0.00400234 -0.00872141 -0.0194275 -0.0268957 -0.0307258 -0.030916 -0.0272587 -0.0197785 -0.00969504 0.00062533 0.00892622 0.0140482 0.0157944 0.014305 0.00976109 0.00270884 -0.00528773 -0.0115754 -0.01364 -0.0107692 -0.00431276 0.00366105 0.0117277 0.019523 0.0271893 0.0340964 0.038048 0.0364758 0.028843 
0.0267304 0.0142915 0.00284818 -0.00719423 -0.0157066 -0.0219091 -0.0245426 -0.0226205 -0.0161534 -0.00654627 0.00377042 0.0123676 0.017647 0.01901 0.0165111 0.0104471 0.00152588 -0.00840757 -0.0161859 -0.0186437 -0.0147032 -0.00611361 0.00402949 0.0135065 0.022096 0.0307637 0.0393773 0.0453167 0.0452057 0.0381817 
0.0414066 0.0300659 0.0186381 0.00696835 -0.0047133 -0.0142281 -0.0187983 -0.017249 -0.0105111 -0.000759045 0.00954065 0.0181508 0.0233368 0.0241861 0.0206495 0.0131764 0.00273184 -0.00856408 -0.0172741 -0.0199596 -0.0153695 -0.00548003 0.00592324 0.0160209 0.024755 0.0339555 0.0441716 0.0526495 0.0553944 0.050948 
0.0586732 0.0490593 0.0350905 0.0176541 -0.000340977 -0.0140543 -0.0197365 -0.0172417 -0.00921647 0.0012553 0.0118776 0.0208774 0.0265968 0.027874 0.0244985 0.0170415 0.00672253 -0.00424521 -0.0126123 -0.0151531 -0.0105181 -0.00041997 0.0112649 0.0211935 0.0289997 0.0369863 0.0467101 0.0564101 0.0626636 0.0634362 
0.0747657 0.0673066 0.0482662 0.0214075 -0.00525153 -0.0234424 -0.0294064 -0.0251696 -0.0154116 -0.00386437 0.00756542 0.0176129 0.0247574 0.0276635 0.025938 0.0201822 0.0117287 0.00260485 -0.00451822 -0.00689723 -0.00296812 0.00634993 0.0176258 0.0269638 0.0330128 0.0378875 0.0444583 0.0534445 0.063521 0.072034 
0.0847085 0.0799254 0.0563331 0.0210161 -0.0129981 -0.0346586 -0.0407494 -0.0353892 -0.0246877 -0.0125094 -0.000341704 0.0108336 0.0195606 0.0244199 0.0248439 0.0213169 0.0150793 0.00780799 0.00155666 -0.00127295 0.00137166 0.00966842 0.0207911 0.0300453 0.0343974 0.035147 0.0367039 0.0433721 0.0568398 0.0736867 
0.0849045 0.0840093 0.0606112 0.023296 -0.0130132 -0.0363862 -0.0437772 -0.0396907 -0.030132 -0.0185585 -0.00633086 0.00540104 0.0150683 0.021193 0.0230256 0.0208228 0.0156336 0.00883366 0.00212169 -0.00205673 -0.00088622 0.00694453 0.0190594 0.0296052 0.0333331 0.0303246 0.026463 0.02966 0.0445353 0.0672182 
0.0782264 0.0830172 0.0657086 0.0335346 -0.000358353 -0.024912 -0.0362196 -0.0367699 -0.0307114 -0.020813 -0.00889104 0.00316187 0.0133783 0.0201142 0.0224181 0.0203658 0.0149026 0.00724423 -0.00103346 -0.00720599 -0.00766102 -0.000101553 0.0135151 0.0263431 0.031025 0.02618 0.018327 0.0177468 0.0313997 0.0561205 
0.071908 0.0835203 0.0751306 0.0507452 0.0200256 -0.00732245 -0.0255636 -0.033504 -0.0323531 -0.0242321 -0.0119977 0.00121065 0.0126922 0.0204324 0.0232727 0.0212734 0.0154335 0.00685108 -0.00307774 -0.0115151 -0.0143456 -0.00847767 0.00495627 0.0192349 0.0259449 0.0221429 0.013428 0.0104903 0.0219329 0.0465372 
0.06697 0.083814 0.0830461 0.0650304 0.0359397 0.00446389 -0.021576 -0.0371887 -0.0406675 -0.0336352 -0.0201077 -0.00454025 0.00949256 0.0194423 0.0239151 0.023042 0.01792 0.00944021 -0.00142914 -0.0121328 -0.0184688 -0.0167092 -0.00661557 0.00669692 0.0153716 0.0151854 0.00935954 0.00692848 0.0168973 0.0402095 
0.0559196 0.0730929 0.0768048 0.0638509 0.036802 0.00329668 -0.0273832 -0.0476682 -0.0538939 -0.0472851 -0.0324399 -0.0144708 0.00248429 0.01533 0.0223175 0.0235239 0.0200508 0.0125476 0.00149661 -0.0110129 -0.0209553 -0.0242181 -0.0191858 -0.00862482 0.00147354 0.00632477 0.00609703 0.00637219 0.0145826 0.0331115 
0.0370851 0.0492805 0.0549778 0.0474238 0.0250409 -0.00608707 -0.0361816 -0.0567319 -0.0634912 -0.0574252 -0.042759 -0.0241256 -0.00558401 0.00933096 0.0183461 0.0212561 0.0190702 0.0123601 0.00143933 -0.011841 -0.0236635 -0.0299628 -0.0285013 -0.0201381 -0.00857037 0.00170038 0.00800403 0.011407 0.0159529 0.0247183 
0.0260855 0.0311651 0.0367232 0.0333311 0.0159737 -0.0106647 -0.0369828 -0.0550127 -0.061325 -0.0568642 -0.0446568 -0.0279166 -0.0101251 0.00487879 0.0142669 0.0174516 0.0153223 0.00856975 -0.00228577 -0.0153099 -0.026856 -0.0333223 -0.0327216 -0.0248821 -0.0113551 0.00440003 0.0177723 0.0253602 0.0269741 0.0256256 
0.045398 0.0437588 0.0445804 0.0388733 0.0214827 -0.00299941 -0.0258098 -0.0410843 -0.047404 -0.0457981 -0.0376214 -0.0244224 -0.00910283 0.0043004 0.0126176 0.0149945 0.0121747 0.00492531 -0.00602246 -0.0186714 -0.0296461 -0.0359212 -0.0358661 -0.0284369 -0.0130006 0.00874165 0.0315026 0.0483359 0.0545542 0.051241 
0.103631 0.0940605 0.0816233 0.063037 0.0376653 0.0111594 -0.0100376 -0.0238224 -0.0312155 -0.0329219 -0.0285132 -0.0183835 -0.00533712 0.00641645 0.0136785 0.015516 0.0124371 0.00499341 -0.00622988 -0.0194974 -0.0318365 -0.0404583 -0.0433186 -0.0378822 -0.0210897 0.00768231 0.0438248 0.078152 0.101063 0.108293 
0.186864 0.164567 0.129693 0.0898175 0.0516927 0.021241 0.000303564 -0.0137095 -0.0233684 -0.0280581 -0.0257515 -0.0166297 -0.00407309 0.00746528 0.0149482 0.0174524 0.0151221 0.00800688 -0.00374305 -0.0187765 -0.0343272 -0.0472183 -0.0542243 -0.0511062 -0.0327891 0.00369472 0.0556451 0.113214 0.161622 0.187653 
0.268043 0.227572 0.166227 0.104613 0.0558529 0.0234497 0.00294131 -0.0124565 -0.0252138 -0.0324568 -0.0308663 -0.0211211 -0.00757527 0.00499369 0.013705 0.0176043 0.0164146 0.0096736 -0.00276987 -0.0196087 -0.0378007 -0.0533813 -0.062042 -0.0587526 -0.0377307 0.0057142 0.071567 0.150945 0.224526 0.268489 
0.324178 0.264919 0.181838 0.106188 0.0535139 0.0227049 0.0036171 -0.0129778 -0.0284797 -0.0378868 -0.0369351 -0.0267476 -0.012429 0.000943299 0.0105051 0.0151924 0.0144309 0.00757492 -0.00539315 -0.0227995 -0.0410918 -0.0556982 -0.0620325 -0.0555376 -0.0309238 0.0174311 0.0919838 0.185497 0.275601 0.329579 
