0.402013 0.363212 0.309493 0.25693 0.209648 0.167437 0.131727 0.10376 0.0821523 0.0644658 0.0498293 0.0391397 0.0331056 0.0305248 0.0282299 0.022582 0.0119811 -0.00126886 -0.0122295 -0.0171284 -0.0155563 -0.00928374 -0.000668468 0.00701637 0.00962174 0.00563462 0.00115523 0.00974296 0.0442554 0.10772 0.192176 0.283026 0.360824 0.404248 
0.385117 0.345062 0.295286 0.250754 0.211757 0.173913 0.136876 0.103603 0.0764608 0.0557943 0.0406829 0.0301514 0.0234463 0.0191169 0.0144671 0.00685714 -0.00396277 -0.0150692 -0.0225447 -0.0245354 -0.0218735 -0.0163092 -0.0094641 -0.00363091 -0.0017733 -0.00436798 -0.00528119 0.00767228 0.0453683 0.109641 0.192658 0.280458 0.353883 0.391994 
0.297994 0.266721 0.233937 0.209118 0.187113 0.160132 0.127415 0.0942984 0.0665885 0.0466424 0.0330819 0.0233831 0.01611 0.0103379 0.00426367 -0.00395108 -0.0139822 -0.0230571 -0.0283599 -0.0293196 -0.0272382 -0.0234274 -0.0187974 -0.0150486 -0.0145786 -0.0174578 -0.01799 -0.00572132 0.0278883 0.08318 0.152505 0.223619 0.280564 0.307063 
0.184562 0.163882 0.150567 0.147567 0.144521 0.131155 0.106713 0.0782992 0.053964 0.0372957 0.0266278 0.0185497 0.0113528 0.00471446 -0.0022182 -0.0104904 -0.019495 -0.0269397 -0.0310081 -0.031902 -0.0309317 -0.0288188 -0.0258877 -0.0236365 -0.0245186 -0.0287751 -0.0313397 -0.0232153 0.00235149 0.0447025 0.0964893 0.147009 0.18372 0.196073 
0.0935459 0.0779488 0.076654 0.0884321 0.0996144 0.0981223 0.0826006 0.0604872 0.0406793 0.0275183 0.0196226 0.0134338 0.00702161 0.000220842 -0.0071204 -0.0151877 -0.0230306 -0.0288167 -0.0315653 -0.0320289 -0.0314918 -0.030219 -0.0280472 -0.0263373 -0.0277921 -0.0330977 -0.037876 -0.0341762 -0.0161936 0.0152804 0.0534752 0.0884511 0.109356 0.109421 
0.0480077 0.0308678 0.0311244 0.0468456 0.0639126 0.0694837 0.0609616 0.0446148 0.0287728 0.0179951 0.0116451 0.00673695 0.00129507 -0.00505598 -0.0121603 -0.0195093 -0.0258041 -0.0295266 -0.030318 -0.029422 -0.0282889 -0.0269396 -0.024666 -0.0224222 -0.0230448 -0.0278767 -0.0334374 -0.0325578 -0.019596 0.00536302 0.0364291 0.0637914 0.0765202 0.0689652 
0.0406917 0.0193753 0.0142824 0.0250943 0.0400143 0.0471854 0.0429559 0.0314326 0.019041 0.00971918 0.00360885 -0.00112424 -0.00602532 -0.0116636 -0.0179106 -0.023953 -0.0283291 -0.0297359 -0.0282282 -0.0254723 -0.0231769 -0.0211696 -0.01804 -0.0140828 -0.0122665 -0.014969 -0.0199617 -0.0206697 -0.0109278 0.0105081 0.0388028 0.0640782 0.0747074 0.0646856 
0.0499919 0.0262507 0.0145835 0.0167297 0.0248376 0.0297807 0.0277452 0.0204488 0.0115387 0.00352801 -0.00294938 -0.00834768 -0.0133648 -0.0185379 -0.023881 -0.0285705 -0.0311838 -0.0306242 -0.0272233 -0.0229073 -0.0194911 -0.0165085 -0.011827 -0.00513612 0.000291883 0.000743561 -0.00304462 -0.00504369 0.00171957 0.0200557 0.0463235 0.0709276 0.0820796 0.0733576 
0.0581051 0.0352853 0.0197289 0.0144594 0.0154923 0.0170968 0.0161781 0.0125698 0.00714535 0.000710012 -0.00596438 -0.0121957 -0.0178452 -0.0232654 -0.0284862 -0.0326551 -0.0344189 -0.0328871 -0.0285699 -0.0234246 -0.0191398 -0.0149679 -0.00834902 0.00136064 0.0106212 0.0146276 0.012696 0.00996819 0.0136541 0.02779 0.0501991 0.0724963 0.0838433 0.0779217 
0.058784 0.0391385 0.0233743 0.014684 0.0114909 0.0107697 0.0105644 0.00981181 0.00746089 0.00288312 -0.00336763 -0.0100968 -0.0167151 -0.0233467 -0.0297628 -0.0348305 -0.0371262 -0.0358901 -0.0316919 -0.0263141 -0.0212203 -0.0156587 -0.0071922 0.00487546 0.0171491 0.024577 0.0254953 0.0235948 0.0250917 0.0343606 0.0508618 0.0684354 0.0781961 0.0743989 
0.0544118 0.0380682 0.0245496 0.0163011 0.0122934 0.010855 0.0111719 0.0123541 0.0126163 0.0103385 0.00538295 -0.00134509 -0.00922836 -0.0180341 -0.0269165 -0.034182 -0.0381901 -0.0382349 -0.0348557 -0.0295411 -0.0235336 -0.0163968 -0.00635092 0.00705447 0.020924 0.0308518 0.0349321 0.0353344 0.0364342 0.041986 0.0526487 0.0645907 0.0711238 0.0674132 
0.0497842 0.0350463 0.0240428 0.018039 0.0152345 0.0141296 0.0148152 0.0173344 0.0201509 0.0209194 0.0181988 0.0118477 0.0023335 -0.00937604 -0.021395 -0.0313137 -0.0373281 -0.0388938 -0.0365808 -0.0315519 -0.0247491 -0.0160535 -0.00455768 0.0095655 0.023704 0.0343836 0.0402329 0.0427789 0.0449994 0.0496581 0.0574933 0.0656374 0.0687008 0.0629286 
0.0483494 0.0326099 0.0225849 0.018515 0.0173368 0.016969 0.0179578 0.0214962 0.0268322 0.0310165 0.0308529 0.0247378 0.0131392 -0.00171532 -0.0165605 -0.0283609 -0.0354887 -0.03789 -0.0363706 -0.031817 -0.0247122 -0.0149185 -0.00218469 0.0124254 0.0259329 0.0353908 0.0404314 0.0433153 0.047121 0.054074 0.0638053 0.0721911 0.0733347 0.0643224 
0.0508614 0.0317172 0.0206394 0.0174376 0.0178201 0.0185921 0.0200409 0.0241538 0.0310839 0.0375445 0.0387702 0.0319296 0.0178795 0.000415961 -0.0158879 -0.0277963 -0.0343244 -0.0361875 -0.0345717 -0.0302357 -0.0232528 -0.0131981 -2.49866e-05 0.0144714 0.0265751 0.0333335 0.0353869 0.0366624 0.0417588 0.0532001 0.068944 0.081824 0.0835793 0.0714133 
0.0549207 0.0312226 0.0179008 0.0150503 0.017394 0.0201975 0.0226175 0.0266579 0.0332047 0.0391954 0.0392697 0.0302608 0.0138294 -0.00486771 -0.0206031 -0.0306135 -0.0348603 -0.0347348 -0.0316937 -0.0266056 -0.0195872 -0.0101029 0.00204576 0.0149556 0.0245658 0.0278278 0.026079 0.0248838 0.0307936 0.0471994 0.0705881 0.0902872 0.094719 0.0803698 
0.0560947 0.028543 0.0131845 0.0109381 0.0159561 0.0218462 0.0259561 0.029461 0.0336609 0.0363637 0.0328818 0.0207546 0.00264907 -0.0155326 -0.028818 -0.0355115 -0.0365106 -0.033471 -0.0278373 -0.0208205 -0.0132023 -0.00482709 0.00475432 0.0142544 0.020132 0.0196015 0.0143309 0.0107959 0.0169578 0.0370772 0.0667692 0.0926875 0.100348 0.0851469 
0.0507701 0.021745 0.00567831 0.00446134 0.0122939 0.0215624 0.0277181 0.0306342 0.0317497 0.0301148 0.0224877 0.00761345 -0.010989 -0.027286 -0.0371352 -0.0400779 -0.0377129 -0.0316067 -0.0230162 -0.0135996 -0.00510379 0.00193578 0.00815947 0.0132713 0.014872 0.0107876 0.00273133 -0.00271808 0.00291799 0.024344 0.0568391 0.0858787 0.0956395 0.0808398 
0.0383394 0.0111528 -0.00372553 -0.00378207 0.00590184 0.0174652 0.0251145 0.0275595 0.026254 0.0214064 0.0111487 -0.00483142 -0.0226119 -0.0363912 -0.0428759 -0.0425471 -0.0373943 -0.0288167 -0.0179388 -0.00678442 0.00218633 0.00791385 0.011167 0.012512 0.0106634 0.00403289 -0.00585696 -0.0128586 -0.00869496 0.0112572 0.0422511 0.0701233 0.0797843 0.0663004 
0.0212392 -0.000732893 -0.0123545 -0.0112723 -0.00143373 0.0102371 0.0179202 0.019816 0.0173399 0.0113659 0.000795943 -0.0143096 -0.0300876 -0.0411666 -0.0449082 -0.0422935 -0.035409 -0.0255405 -0.0138082 -0.00237391 0.00617592 0.010744 0.0122218 0.0116132 0.00824582 0.000753577 -0.00980018 -0.0180186 -0.0162526 -0.000290122 0.0253703 0.0481975 0.0556405 0.0441665 
0.00387365 -0.0103498 -0.0169154 -0.0145448 -0.00613487 0.00324184 0.00911052 0.0100526 0.00733908 0.00178116 -0.00757489 -0.0205787 -0.0335982 -0.0418579 -0.04337 -0.0393967 -0.0319254 -0.0221316 -0.0111516 -0.00102685 0.00607032 0.00948211 0.0102941 0.00958517 0.00675706 0.000210767 -0.00976303 -0.018771 -0.0199971 -0.00964967 0.00841782 0.0241404 0.0284421 0.019687 
-0.00903736 -0.0148587 -0.0156518 -0.0117997 -0.00565697 -0.000187733 0.00244584 0.00197542 -0.000618309 -0.00528303 -0.0132144 -0.0240511 -0.0342403 -0.0396992 -0.0392471 -0.034454 -0.0271659 -0.018425 -0.00933259 -0.00164823 0.00313422 0.00507505 0.00561118 0.00580854 0.00483003 0.000493136 -0.00791928 -0.0171284 -0.0211404 -0.0163999 -0.00582174 0.00315143 0.00479868 -0.000794861 
-0.0149475 -0.0141573 -0.0102648 -0.00520157 -0.00129073 0.000185684 -0.000543262 -0.00235388 -0.00465842 -0.00850929 -0.0154584 -0.0247342 -0.0326668 -0.0358189 -0.0338117 -0.0285189 -0.0216839 -0.0142612 -0.00732053 -0.00234159 -0.000177329 -3.22049e-05 1.82758e-05 0.0011389 0.00218945 0.000287473 -0.00623381 -0.0149839 -0.0205746 -0.0196061 -0.0142371 -0.00988845 -0.00979193 -0.0126576 
-0.0151194 -0.0110906 -0.00508002 0.000238511 0.00253155 0.00147742 -0.00116008 -0.00337051 -0.00501507 -0.00807519 -0.0143108 -0.0225333 -0.0289893 -0.0307605 -0.0279788 -0.022598 -0.0162402 -0.0098521 -0.00453836 -0.00161687 -0.00153645 -0.00300357 -0.00367126 -0.00220053 5.97484e-05 -0.00027054 -0.00535316 -0.0131597 -0.018688 -0.0189294 -0.0158914 -0.0138617 -0.0145331 -0.0159075 
-0.0131095 -0.00882023 -0.00334707 0.000977259 0.00234105 0.00085356 -0.00146772 -0.00272958 -0.00328812 -0.00549623 -0.0109669 -0.0182317 -0.0237017 -0.0249095 -0.0221453 -0.0171343 -0.0112754 -0.00551944 -0.00104478 0.000881121 -3.5271e-05 -0.00233887 -0.00354608 -0.00226753 5.81237e-05 -1.82934e-06 -0.00443181 -0.0110857 -0.0154244 -0.0153178 -0.0131183 -0.0123804 -0.0136823 -0.0146642 
-0.0113896 -0.00800286 -0.00450567 -0.00206704 -0.00125105 -0.00167785 -0.00209391 -0.00161569 -0.00108433 -0.00261917 -0.00730183 -0.0135013 -0.0180476 -0.0189615 -0.0165417 -0.0121379 -0.00683942 -0.00153833 0.00255275 0.00420678 0.00321098 0.000998502 -0.000129991 0.000958287 0.0027412 0.0021763 -0.00199296 -0.00738208 -0.0103361 -0.010049 -0.00918198 -0.0101861 -0.0123389 -0.0131312 
-0.0100701 -0.00713106 -0.00557089 -0.00514407 -0.0047937 -0.00385588 -0.00222538 -0.000318402 0.000705025 -0.000639341 -0.00469775 -0.00975761 -0.013216 -0.0136632 -0.0114644 -0.00765053 -0.00300579 0.00169723 0.00528992 0.00668234 0.00588152 0.00436219 0.00404894 0.00547146 0.00690834 0.0059515 0.00228092 -0.00170452 -0.00368513 -0.0042736 -0.00597771 -0.00953111 -0.0126152 -0.0127027 
-0.00878527 -0.00541161 -0.00492617 -0.00593763 -0.00598892 -0.00418488 -0.00140576 0.00094129 0.00167841 0.000101114 -0.00344966 -0.00730665 -0.0095131 -0.00927314 -0.00710254 -0.00382311 2.45698e-05 0.00379545 0.00642533 0.00709275 0.00622919 0.0054934 0.00635226 0.00852296 0.0100189 0.00913567 0.00638116 0.00383619 0.00234987 0.000222888 -0.00443317 -0.010488 -0.0141663 -0.0130278 
-0.00847842 -0.0043491 -0.004129 -0.00576063 -0.00597367 -0.00378313 -0.000670468 0.0014639 0.00165254 -0.000105855 -0.00298689 -0.00552048 -0.00642133 -0.00546403 -0.0033032 -0.000595637 0.0023048 0.0048525 0.00611508 0.0056229 0.00431299 0.0040251 0.00570362 0.00827794 0.0096532 0.0088842 0.00708057 0.00577986 0.00457684 0.00120277 -0.00546614 -0.0129408 -0.0166151 -0.0142341 
-0.0104435 -0.00604966 -0.00585882 -0.00753146 -0.00754094 -0.00493322 -0.0014636 0.000776974 0.000999001 -0.000355276 -0.0022097 -0.00335583 -0.00308744 -0.00160165 0.000405331 0.00245382 0.00433845 0.00558214 0.00539477 0.00366376 0.00172861 0.00140819 0.00303196 0.00493997 0.00527265 0.00397946 0.00263667 0.00221818 0.00142768 -0.00219788 -0.00924358 -0.0166949 -0.0198788 -0.0167939 
-0.0141269 -0.0104081 -0.010514 -0.0120296 -0.0115284 -0.00814448 -0.00371045 -0.000427492 0.00086867 0.000699111 0.000165212 0.000250146 0.00129877 0.00292351 0.00451998 0.00581015 0.00670661 0.0067782 0.00538017 0.00270571 0.000292111 -0.000338546 0.000441621 0.000606671 -0.00114831 -0.00384129 -0.00542475 -0.00532807 -0.00539053 -0.0081317 -0.014013 -0.0202752 -0.0227846 -0.0198168 
-0.0169607 -0.014714 -0.0154265 -0.0167623 -0.0156481 -0.0113482 -0.00562225 -0.000690999 0.00241095 0.00395591 0.0048223 0.00578529 0.00705912 0.00831594 0.00918172 0.00960845 0.00960686 0.00877382 0.00659057 0.0034679 0.000947791 7.58438e-05 -0.000217167 -0.00216025 -0.00639147 -0.0109213 -0.0132168 -0.0128796 -0.0119809 -0.0130481 -0.0167713 -0.0211807 -0.0230591 -0.0209527 
-0.0169518 -0.0164424 -0.0177343 -0.018777 -0.0171137 -0.0122165 -0.005613 0.000695556 0.00556155 0.00885692 0.0110107 0.0125177 0.0135836 0.01411 0.0140471 0.0135983 0.0128742 0.0114915 0.00900132 0.00590369 0.00361386 0.00270768 0.00159012 -0.00203601 -0.00825388 -0.0143395 -0.0173951 -0.0170149 -0.0152188 -0.0144397 -0.0157325 -0.0181485 -0.0195549 -0.0187522 
-0.0151948 -0.0161538 -0.0176405 -0.0180821 -0.0158614 -0.0107745 -0.00402523 0.00285916 0.00885618 0.0135091 0.0167302 0.0186672 0.0195151 0.0194106 0.018594 0.0174876 0.0163193 0.0147517 0.012346 0.00954062 0.00753995 0.00659886 0.00491243 0.000287199 -0.0070072 -0.0139377 -0.0175137 -0.0172768 -0.0150047 -0.0128899 -0.012254 -0.0130817 -0.014276 -0.0148801 
-0.0152451 -0.0170514 -0.0181923 -0.0176044 -0.0145445 -0.00923077 -0.00262327 0.00426685 0.0107106 0.0161422 0.0201415 0.0225952 0.0236463 0.0235112 0.0225223 0.0211916 0.0198684 0.0183342 0.0161607 0.0136205 0.0116518 0.0103503 0.00802207 0.00277818 -0.0048928 -0.012018 -0.0158245 -0.0159154 -0.0138262 -0.0114248 -0.0100417 -0.0102026 -0.0115524 -0.0133621 
-0.0196225 -0.0214565 -0.0217304 -0.0197409 -0.0153948 -0.00932707 -0.00246981 0.00445025 0.0109563 0.0165907 0.020956 0.0239406 0.0256539 0.0261968 0.0257253 0.0246404 0.0233616 0.0218592 0.0197886 0.0172603 0.0149383 0.0128463 0.00958539 0.00371825 -0.00407108 -0.0110473 -0.014869 -0.0153998 -0.0141157 -0.0126048 -0.0119285 -0.012595 -0.014497 -0.0170649 
-0.0267748 -0.0278139 -0.0268526 -0.0233693 -0.0175472 -0.0102761 -0.00263758 0.00458907 0.0109678 0.0162391 0.020351 0.0235043 0.0258873 0.0274015 0.02785 0.027343 0.0262513 0.0247136 0.0225341 0.019748 0.0168086 0.0137105 0.00939458 0.00291093 -0.00486689 -0.0114918 -0.0151356 -0.0160552 -0.0158479 -0.0159324 -0.0169658 -0.0190123 -0.0217211 -0.0245141 
-0.0316591 -0.0313728 -0.029129 -0.0245479 -0.017751 -0.00958532 -0.00126183 0.00617087 0.0120857 0.0163676 0.0194507 0.0220504 0.0245743 0.0267798 0.0281094 0.0283113 0.0275781 0.0260947 0.0237796 0.0206643 0.0171022 0.0131404 0.0080848 0.00143279 -0.00584781 -0.0116946 -0.0148272 -0.0158624 -0.0164868 -0.0179942 -0.0207209 -0.0242475 -0.0277358 -0.030362 
-0.0299624 -0.028281 -0.0250976 -0.0202913 -0.013719 -0.00584341 0.00221185 0.0091287 0.0139712 0.0166615 0.0180765 0.0194613 0.0214961 0.0238751 0.0257729 0.0266335 0.0264304 0.0252634 0.0230479 0.0198017 0.0158763 0.0115026 0.0064223 0.00052048 -0.00532661 -0.00964202 -0.0117496 -0.0124669 -0.0133267 -0.0154324 -0.0190181 -0.0234657 -0.0274897 -0.0298099 
-0.0222779 -0.019452 -0.0158442 -0.0117392 -0.00667378 -0.000491501 0.0060297 0.0114743 0.0146569 0.0154758 0.0150943 0.0151229 0.0164269 0.0186538 0.0208159 0.0221873 0.0225899 0.0219899 0.0202029 0.0171957 0.0133722 0.00923559 0.00498892 0.000807658 -0.00271278 -0.00484963 -0.00554666 -0.00563927 -0.00625929 -0.00824185 -0.0119016 -0.0167033 -0.0210508 -0.0231154 
-0.0139732 -0.0103369 -0.00663375 -0.00361144 -0.000587957 0.00318559 0.0074061 0.0108183 0.0122101 0.0114601 0.00979013 0.00889502 0.00967187 0.0117336 0.0140428 0.0158308 0.0168414 0.0169185 0.0157806 0.0133784 0.0102036 0.00699026 0.00425374 0.00226949 0.00124268 0.00118075 0.00167082 0.002023 0.00158925 -0.000212316 -0.00383387 -0.00888814 -0.0135506 -0.0155112 
-0.0105945 -0.00654959 -0.00279543 -0.000477488 0.00104552 0.00278929 0.0048592 0.00640292 0.00646129 0.00491573 0.00279804 0.00161105 0.00219875 0.00424342 0.00679461 0.00909048 0.0107702 0.011551 0.0111385 0.00959117 0.00751674 0.00571571 0.00470744 0.00461554 0.00526433 0.00622694 0.00695891 0.00706752 0.00631661 0.00426623 0.000339258 -0.0051638 -0.0102699 -0.0123865 
-0.0133139 -0.00950157 -0.00573898 -0.00339571 -0.00219102 -0.00132416 -0.000512999 -0.00011507 -0.000667885 -0.00227129 -0.00421456 -0.00529307 -0.0046703 -0.00244759 0.00059958 0.00366264 0.00616992 0.00769965 0.0080559 0.0075204 0.00679233 0.00652291 0.00692825 0.00780059 0.00871765 0.00922372 0.00903536 0.00817086 0.00666175 0.00405686 -0.000355988 -0.00635502 -0.0119877 -0.0146467 
-0.0186765 -0.0160013 -0.0126011 -0.00978835 -0.0078395 -0.00659308 -0.00592641 -0.00585869 -0.00654159 -0.00800884 -0.00974956 -0.0107034 -0.00991991 -0.00725087 -0.00337322 0.000725345 0.00419254 0.00652593 0.00773413 0.00834019 0.00901827 0.0100817 0.0112879 0.0120907 0.0120344 0.0109911 0.00920967 0.00713127 0.00488039 0.00185069 -0.00283071 -0.00906386 -0.0151325 -0.0187022 
-0.0223334 -0.0216394 -0.0192448 -0.016043 -0.0128354 -0.0103499 -0.00899281 -0.00877437 -0.00960578 -0.0113362 -0.0133439 -0.0144149 -0.0133859 -0.00998671 -0.00501852 0.000209677 0.00459596 0.00769552 0.00980157 0.0116096 0.0136234 0.0157275 0.0172441 0.0174117 0.0159218 0.013134 0.00986631 0.00686477 0.00418379 0.00100342 -0.00364241 -0.00973271 -0.0159362 -0.0204812 
-0.0229567 -0.0245298 -0.0235522 -0.0201879 -0.0155902 -0.0114685 -0.00905376 -0.00862312 -0.00991108 -0.0124298 -0.0152075 -0.0166976 -0.0155056 -0.0113775 -0.00540609 0.000728108 0.00576543 0.00943294 0.0123208 0.0152177 0.0183968 0.0213487 0.023075 0.0227252 0.0201908 0.0162375 0.0120523 0.00848452 0.0054522 0.00204482 -0.00256226 -0.00825864 -0.0141518 -0.0192904 
-0.0229934 -0.0262976 -0.0264131 -0.0227132 -0.016568 -0.0106363 -0.00707207 -0.0064818 -0.00835255 -0.0117701 -0.0154315 -0.0175526 -0.0165783 -0.0122665 -0.00592518 0.000517892 0.0057501 0.00967656 0.0131044 0.0168565 0.021005 0.0247317 0.0268094 0.0263647 0.0234546 0.0190419 0.0143735 0.0102097 0.00641232 0.00227442 -0.00258565 -0.00782822 -0.0130278 -0.0181652 
-0.0258373 -0.0298064 -0.0300371 -0.0253934 -0.0174446 -0.00961906 -0.0048413 -0.00395474 -0.0061377 -0.0100702 -0.0142884 -0.017026 -0.016722 -0.0130704 -0.00733215 -0.00140048 0.00350518 0.00743253 0.0112759 0.0157938 0.0208241 0.0252398 0.0276246 0.0271639 0.0240972 0.0194264 0.0142179 0.0090597 0.00394487 -0.00133294 -0.00659163 -0.0113766 -0.0158027 -0.0206108 
-0.0321775 -0.0359651 -0.0354207 -0.0293798 -0.0196599 -0.0101491 -0.00422045 -0.00286092 -0.00501263 -0.00901385 -0.0133002 -0.0162963 -0.0166662 -0.014114 -0.00967515 -0.00490531 -0.000697113 0.00320265 0.00767185 0.0131943 0.0191525 0.0240046 0.0262377 0.0253032 0.0217328 0.01649 0.0103586 0.00383248 -0.00271906 -0.00885763 -0.0140612 -0.0182155 -0.0221207 -0.0268471 
-0.0393896 -0.042985 -0.0415802 -0.0343777 -0.0235091 -0.0130347 -0.00644878 -0.00482258 -0.0069981 -0.0109923 -0.0149984 -0.0176072 -0.0179487 -0.0160391 -0.0127803 -0.00923371 -0.00571385 -0.0015999 0.00391104 0.0107537 0.0175724 0.0223862 0.023857 0.0219939 0.0176579 0.011623 0.00434777 -0.00356409 -0.0110997 -0.017175 -0.0213636 -0.0244903 -0.0282306 -0.03355 
-0.0445616 -0.0486583 -0.0470354 -0.0394112 -0.0283332 -0.0179291 -0.0115771 -0.0103132 -0.0129394 -0.0171645 -0.0207714 -0.0223682 -0.0216646 -0.0193112 -0.0163482 -0.0134124 -0.0101626 -0.00553566 0.00114319 0.00910898 0.0162426 0.0203988 0.0208188 0.0182193 0.0135614 0.0071244 -0.00100383 -0.00991096 -0.0177662 -0.0229078 -0.0253143 -0.02709 -0.0309046 -0.0374555 
-0.0470005 -0.0522256 -0.0510129 -0.0435794 -0.0330169 -0.0235475 -0.0182468 -0.0179002 -0.0212548 -0.0258412 -0.029065 -0.0294148 -0.0270613 -0.0233524 -0.0196752 -0.0164823 -0.012988 -0.00784393 -0.000558843 0.0075382 0.0139566 0.0169056 0.0164962 0.0139726 0.00995275 0.00394407 -0.00432336 -0.01357 -0.0212331 -0.0251995 -0.025819 -0.0262982 -0.030228 -0.0381836 
-0.0469376 -0.0532883 -0.0526196 -0.0456136 -0.0359442 -0.0278767 -0.0240059 -0.0246873 -0.0286278 -0.0334323 -0.0363667 -0.0357531 -0.0319361 -0.0267224 -0.0218638 -0.0178973 -0.0139713 -0.00873771 -0.00188509 0.00506354 0.00982794 0.0113981 0.0107064 0.00908413 0.00643452 0.0014894 -0.00623718 -0.0151904 -0.02239 -0.0254194 -0.0247062 -0.0240526 -0.0277882 -0.0366749 
-0.0430774 -0.0501571 -0.0499691 -0.0436126 -0.0351761 -0.028759 -0.0263943 -0.0280348 -0.0324161 -0.0373847 -0.0402857 -0.0393066 -0.0347189 -0.0284829 -0.0226255 -0.0179481 -0.0138227 -0.00908005 -0.00348738 0.00161222 0.00454354 0.00514637 0.00481979 0.00453388 0.00337031 -0.000461556 -0.0074523 -0.0158692 -0.0225449 -0.0247782 -0.022774 -0.0205822 -0.0232605 -0.0321067 
-0.0331518 -0.0408452 -0.0414707 -0.0363792 -0.0297325 -0.0252357 -0.0244906 -0.0273022 -0.0324729 -0.0379945 -0.0413049 -0.0405314 -0.0358216 -0.0291449 -0.0227342 -0.0176998 -0.0137019 -0.00974075 -0.00554048 -0.0020749 -0.000329839 0.000189229 0.000941022 0.00223908 0.00238872 -0.00068272 -0.00730725 -0.0155017 -0.0217711 -0.0229191 -0.0188195 -0.0138971 -0.0142568 -0.0220555 
-0.0164599 -0.0252103 -0.0275207 -0.0247066 -0.0206091 -0.0183963 -0.0195091 -0.0239397 -0.0305485 -0.0372195 -0.0413675 -0.0411656 -0.0367541 -0.0301081 -0.0235832 -0.0184916 -0.0146885 -0.0113076 -0.00803371 -0.00547301 -0.00396594 -0.00253349 8.92264e-05 0.00338315 0.00484816 0.00217087 -0.00472084 -0.0133092 -0.0193222 -0.0187603 -0.0112964 -0.00221726 0.000853084 -0.00530439 
0.00538087 -0.00488183 -0.00977138 -0.0103257 -0.00968897 -0.0102999 -0.0135585 -0.019881 -0.0282542 -0.0363456 -0.0415057 -0.0420913 -0.0383883 -0.0323535 -0.0262454 -0.0213128 -0.0174963 -0.014173 -0.0111682 -0.00880355 -0.00677644 -0.0036645 0.00149397 0.00722631 0.0101273 0.00759955 -5.38686e-05 -0.00944891 -0.0151464 -0.012204 -0.000353575 0.013813 0.0208997 0.0166413 
0.0296544 0.0183723 0.010796 0.00614452 0.00229217 -0.00200994 -0.00779921 -0.0159384 -0.0258076 -0.0350857 -0.0411699 -0.0427116 -0.040239 -0.0355972 -0.0306141 -0.0261347 -0.0221199 -0.0183956 -0.0151496 -0.0124959 -0.00950358 -0.00437308 0.00347859 0.0116257 0.0158238 0.0132858 0.00481378 -0.00523351 -0.0102666 -0.0045814 0.0118237 0.0310568 0.042235 0.0403199 
0.0533017 0.0427833 0.0336676 0.0250356 0.0159204 0.00693418 -0.00182511 -0.0114456 -0.0221296 -0.0320829 -0.0389343 -0.0416101 -0.0408585 -0.038316 -0.0351361 -0.0315341 -0.0274587 -0.023281 -0.019618 -0.0164238 -0.0122883 -0.00525061 0.00482972 0.0147874 0.0198842 0.0173796 0.00858539 -0.00140279 -0.00530053 0.00289134 0.0228302 0.0458911 0.0606166 0.0617311 
0.072992 0.0653894 0.0567447 0.04536 0.0311953 0.0171833 0.00539141 -0.00511648 -0.0157511 -0.0258141 -0.0333304 -0.0373277 -0.0385912 -0.0384707 -0.0374459 -0.0351477 -0.0315151 -0.0273404 -0.0235071 -0.0198109 -0.0145947 -0.0060085 0.00562657 0.0167316 0.0224981 0.020423 0.0121877 0.00321791 0.00086672 0.0108028 0.0322653 0.056737 0.073467 0.0776908 
0.0860718 0.0823812 0.0759086 0.0636948 0.0460449 0.028008 0.0139368 0.00339187 -0.00631254 -0.0158747 -0.0238393 -0.0291761 -0.0324542 -0.0346397 -0.0357112 -0.0349876 -0.0324417 -0.0290271 -0.0256021 -0.0217321 -0.0156484 -0.00578221 0.00705822 0.0190712 0.0256345 0.0245636 0.017752 0.0106192 0.0100476 0.0207718 0.0414854 0.0644978 0.0808717 0.0870221 
0.0922069 0.0915357 0.0874709 0.0759769 0.0571312 0.0371597 0.022157 0.0123283 0.00414965 -0.00427067 -0.0121033 -0.0183646 -0.0233009 -0.0273688 -0.030181 -0.0310211 -0.0299525 -0.027866 -0.0253523 -0.0216446 -0.0148581 -0.00376748 0.0102377 0.0231369 0.0306407 0.0309887 0.0261707 0.021269 0.0222728 0.0327011 0.0508351 0.0703162 0.0844423 0.0908576 
0.0935678 0.0937991 0.090763 0.0803597 0.0622412 0.04247 0.0276441 0.0185597 0.011723 0.00474041 -0.00223166 -0.00863421 -0.0145417 -0.0198346 -0.0237806 -0.0257557 -0.0259378 -0.025049 -0.0233347 -0.0197075 -0.0122175 -5.31814e-05 0.0147676 0.0281214 0.0363462 0.0382816 0.0357539 0.0329396 0.0346087 0.0433967 0.0579223 0.0735631 0.0854305 0.0915272 
0.0926595 0.0917869 0.0878825 0.078133 0.0618673 0.0436796 0.029282 0.0199295 0.0131477 0.00697156 0.00105815 -0.00476446 -0.0106995 -0.0162263 -0.0203762 -0.0226452 -0.0232593 -0.022705 -0.0209499 -0.0168333 -0.0086398 0.00391701 0.0184338 0.031192 0.0396012 0.0431079 0.0428346 0.0413864 0.0422853 0.0481884 0.0591458 0.0724324 0.0839472 0.0906699 
0.0902563 0.0873111 0.0815553 0.0723347 0.0586554 0.0426792 0.0282465 0.0170021 0.00824619 0.00128177 -0.0042459 -0.00913483 -0.0139922 -0.0184287 -0.0216501 -0.0232993 -0.0234394 -0.0221899 -0.0193876 -0.0142276 -0.00567153 0.00604899 0.0187462 0.0298135 0.0379074 0.0426377 0.0438414 0.0424088 0.0411933 0.0438851 0.0525715 0.0659754 0.0795874 0.0883222 
0.0862255 0.0815009 0.0744216 0.0664423 0.0559529 0.0422717 0.0271162 0.0126068 0.000138321 -0.00927664 -0.0154388 -0.0193367 -0.0221424 -0.0242986 -0.0257403 -0.0262384 -0.0253971 -0.0228698 -0.0185855 -0.0124727 -0.00437519 0.00525334 0.0151243 0.024106 0.031634 0.036666 0.0375824 0.0343577 0.0303067 0.0307192 0.0393096 0.0551926 0.0725504 0.0840588 
0.0815477 0.0764978 0.0697107 0.063961 0.0566997 0.044727 0.0281901 0.00995675 -0.00661593 -0.0189879 -0.026242 -0.0292168 -0.0296588 -0.0292266 -0.028803 -0.0281305 -0.0262218 -0.022451 -0.0171276 -0.0109521 -0.00434326 0.00252456 0.0095826 0.0168515 0.0236133 0.0274959 0.0258928 0.0192588 0.0124473 0.0121708 0.0226341 0.0423087 0.0638848 0.0784027 
0.0777934 0.0747849 0.0702718 0.0672669 0.0623014 0.0507525 0.032381 0.0111745 -0.00808916 -0.0222073 -0.0300676 -0.0323694 -0.0311819 -0.0290273 -0.0273402 -0.0256722 -0.0227861 -0.0183472 -0.0132086 -0.00835522 -0.00404703 0.000197814 0.00522341 0.0113426 0.0168579 0.0180149 0.0121653 0.00146094 -0.00735007 -0.00700132 0.00600601 0.0291602 0.0543897 0.072144 
0.0758725 0.077455 0.0768986 0.0764246 0.0721047 0.0595146 0.0394655 0.0172717 -0.00184667 -0.0153939 -0.0229977 -0.0253173 -0.024069 -0.0216078 -0.0192234 -0.0164864 -0.0128351 -0.00891968 -0.00585645 -0.0039074 -0.00233928 -2.23929e-05 0.00398659 0.00931904 0.0129368 0.0102513 -0.000427744 -0.0146693 -0.0242555 -0.0225444 -0.00762961 0.017318 0.0447964 0.0658949 
0.0794711 0.0867188 0.0902088 0.0908005 0.0849233 0.0700552 0.0492189 0.0287315 0.012827 0.00185831 -0.00520185 -0.00868481 -0.00895624 -0.00710842 -0.00394836 0.000158681 0.00394672 0.0054503 0.00413405 0.00167109 0.000366086 0.00162799 0.00559832 0.0105223 0.0120484 0.00541656 -0.00945278 -0.0257777 -0.034453 -0.0303495 -0.0137539 0.0117393 0.0402036 0.0643501 
0.100443 0.110664 0.114505 0.112079 0.101291 0.0827088 0.061863 0.0450462 0.033981 0.026027 0.0188909 0.0132268 0.0107291 0.0119375 0.0161826 0.0214135 0.0239752 0.0210101 0.0135995 0.0060784 0.00229576 0.00342075 0.0082659 0.0134966 0.0136669 0.00421816 -0.0131633 -0.0294324 -0.0346731 -0.0253431 -0.00426128 0.0239808 0.0545659 0.0816245 
0.15466 0.160435 0.156262 0.143798 0.123556 0.099138 0.0775912 0.0638406 0.0563558 0.0498572 0.0416032 0.0335914 0.0292594 0.0300884 0.0348578 0.039667 0.0391927 0.0308085 0.0177225 0.00646341 0.00158992 0.0035769 0.0100092 0.0163782 0.0165429 0.00627383 -0.0111702 -0.0246016 -0.0228531 -0.00319683 0.0291298 0.0672509 0.105104 0.136044 
0.24449 0.236666 0.215107 0.186077 0.153029 0.120861 0.0961446 0.0816701 0.0735459 0.065501 0.0552451 0.0455843 0.0403098 0.0405709 0.0441835 0.0462655 0.0415693 0.0289063 0.0131564 0.00141361 -0.0023921 0.00129028 0.00943221 0.0171976 0.0184073 0.00936735 -0.00538351 -0.0128802 -0.000453332 0.0347769 0.0858238 0.142498 0.194474 0.230923 
0.343028 0.317215 0.275382 0.229792 0.185574 0.146169 0.115812 0.0957039 0.0819536 0.0694697 0.056808 0.0463663 0.0407299 0.0398176 0.0406534 0.0386158 0.0300942 0.0158571 0.00133761 -0.0075912 -0.00867867 -0.00321638 0.00586939 0.0142846 0.0166023 0.0100704 0.000210043 0.000901881 0.0256499 0.0777494 0.149385 0.227326 0.295719 0.337599 
