0.324968 0.282157 0.203386 0.126257 0.0733571 0.0458107 0.0341114 0.0288839 0.0251099 0.0215058 0.0175496 0.0117991 0.00348532 -0.00581995 -0.0134788 -0.0181738 -0.020442 -0.0213441 -0.0212785 -0.0196015 -0.014212 -0.00219573 0.0167467 0.0378558 0.056202 0.0754708 0.108664 0.166674 0.242963 0.307854 
0.244838 0.214609 0.156245 0.0980823 0.0585404 0.0398239 0.0346907 0.0343416 0.0329708 0.0289558 0.022678 0.0141888 0.00392406 -0.00604983 -0.0132552 -0.0168095 -0.0176554 -0.0172075 -0.0162171 -0.0142942 -0.00936364 0.00155474 0.0186908 0.0371977 0.0519441 0.0653022 0.0874776 0.127559 0.18217 0.230424 
0.163607 0.146068 0.107524 0.0670556 0.0392903 0.027859 0.028199 0.0325936 0.0345564 0.0315548 0.0241658 0.0137391 0.00210792 -0.00802991 -0.0143649 -0.0164966 -0.0157986 -0.013953 -0.0118132 -0.00907431 -0.00398393 0.00584059 0.020215 0.0346534 0.0447297 0.0520907 0.0639334 0.0867808 0.119952 0.15164 
0.109996 0.100788 0.0745312 0.0441388 0.0223414 0.0145307 0.0184507 0.0270366 0.0326448 0.0312381 0.0232074 0.0112585 -0.00125526 -0.0111613 -0.0165463 -0.0175135 -0.0157137 -0.0128841 -0.00973134 -0.00588405 -0.000134365 0.00878434 0.0200152 0.029812 0.0353298 0.0386082 0.0448395 0.0579658 0.0781322 0.0993886 
0.0869392 0.0812817 0.0603265 0.0336834 0.0132495 0.00601703 0.0116724 0.0235004 0.0323126 0.0321516 0.0230911 0.00937919 -0.00402333 -0.0137272 -0.018537 -0.0190937 -0.0170977 -0.0140927 -0.0104736 -0.00567469 0.00103836 0.0097478 0.018732 0.0248048 0.0268297 0.028116 0.0333349 0.044422 0.0603829 0.0772617 
0.0822914 0.076426 0.0570533 0.0320661 0.0121574 0.00475716 0.010921 0.0245687 0.0354981 0.0360041 0.025646 0.00999312 -0.00447947 -0.014255 -0.0189958 -0.0199204 -0.0186353 -0.0163189 -0.012995 -0.00781986 -0.000236125 0.00898306 0.0172178 0.0214014 0.0217146 0.0229572 0.0301026 0.0434994 0.059839 0.0747573 
0.0837683 0.0750665 0.0557696 0.0327612 0.0147269 0.00797556 0.0139815 0.0277267 0.0392951 0.0401206 0.0290274 0.0121097 -0.00310969 -0.0129301 -0.0177273 -0.0193029 -0.0191771 -0.0180912 -0.0156603 -0.0107323 -0.00271753 0.00709491 0.0153995 0.0192375 0.0199184 0.0233593 0.0343594 0.0513479 0.0684758 0.0805865 
0.0856161 0.0729541 0.0532561 0.0325723 0.017285 0.0118197 0.0173276 0.0298502 0.0406777 0.0414318 0.0303637 0.0133485 -0.00175192 -0.0111207 -0.0156144 -0.0175782 -0.0185441 -0.018801 -0.0174744 -0.0131254 -0.00520498 0.00460761 0.0127973 0.017086 0.0199957 0.0277866 0.0438512 0.0640762 0.0805794 0.0882523 
0.0862131 0.0702109 0.0504604 0.0320857 0.0194105 0.0152552 0.0203424 0.0313364 0.0406158 0.0405592 0.029478 0.0129477 -0.00138878 -0.00985588 -0.0136392 -0.0155339 -0.017177 -0.018443 -0.0179358 -0.0140714 -0.00664365 0.00228604 0.00962087 0.0144574 0.0204364 0.0332784 0.0541592 0.0765002 0.0912863 0.0942257 
0.0835464 0.0658023 0.0469478 0.0312956 0.0214776 0.0190849 0.0244396 0.0343616 0.0418219 0.0401233 0.0283228 0.0120256 -0.00161518 -0.00929798 -0.0123788 -0.0138863 -0.0155679 -0.0170028 -0.0164219 -0.0123898 -0.00542444 0.0019534 0.00744438 0.0118369 0.0196539 0.0357008 0.059251 0.082266 0.0953918 0.0950155 
0.0747903 0.0567593 0.0397313 0.0277688 0.0220655 0.0227351 0.0293007 0.0385278 0.0440157 0.0402593 0.027409 0.0111788 -0.00199285 -0.00929454 -0.0120067 -0.0130235 -0.0140675 -0.014576 -0.0126765 -0.00735294 -0.000105601 0.00581069 0.00856297 0.0103529 0.0166254 0.0318784 0.0547009 0.0768892 0.0891199 0.0875593 
0.0594083 0.0421889 0.0274588 0.0196284 0.0187781 0.0232696 0.0314165 0.0399388 0.0434558 0.0379886 0.0247641 0.00931469 -0.00294181 -0.00979619 -0.0122728 -0.0127615 -0.0127285 -0.0115603 -0.00747253 0.000135211 0.00886348 0.0143672 0.0142924 0.011404 0.0122997 0.0223805 0.0409711 0.0607433 0.0725956 0.0716472 
0.0411999 0.0259836 0.0136178 0.00886576 0.0113514 0.0184075 0.027479 0.0352472 0.0372919 0.031071 0.0186701 0.00519866 -0.00510383 -0.010772 -0.0126454 -0.0124768 -0.0112937 -0.00842972 -0.00221148 0.00782431 0.0188372 0.0253487 0.0235357 0.0156016 0.00914405 0.0113458 0.0232983 0.039228 0.0505803 0.0513077 
0.0266682 0.0147862 0.00482575 0.0011661 0.00376522 0.0105182 0.0190222 0.0258846 0.0270706 0.0209256 0.0100896 -0.000731878 -0.0083079 -0.0119697 -0.012661 -0.0116874 -0.00961994 -0.0056837 0.00175293 0.0133061 0.0262721 0.0345363 0.0326629 0.0214675 0.00877147 0.00342586 0.00857334 0.0202341 0.0307384 0.0334459 
0.0211333 0.0134573 0.00603642 0.00193972 0.00189752 0.00563871 0.0118243 0.0170905 0.0173866 0.0114219 0.00203997 -0.00639712 -0.011339 -0.0127982 -0.0120946 -0.0104361 -0.00806925 -0.00405314 0.00327852 0.0147976 0.0283141 0.0378887 0.0372913 0.0259279 0.0108306 0.00136749 0.00205861 0.0104315 0.0199209 0.0242326 
0.0253387 0.0217296 0.0167573 0.0118018 0.00828003 0.00787137 0.0105274 0.0131874 0.0119274 0.00568162 -0.00278706 -0.00956881 -0.0126279 -0.0124732 -0.0108472 -0.00908085 -0.00724627 -0.00421867 0.00173525 0.0116795 0.0240303 0.0337364 0.035025 0.0266182 0.0140104 0.00537093 0.00516571 0.0118497 0.0202373 0.0253416 
0.0349074 0.0345254 0.0315973 0.0261664 0.0200129 0.016011 0.0150343 0.0145509 0.0111581 0.00421056 -0.00367939 -0.00926872 -0.0111836 -0.0103631 -0.00878593 -0.00779878 -0.00730723 -0.00604771 -0.00230907 0.00500886 0.0148789 0.0235486 0.0266835 0.0231781 0.0166733 0.0126749 0.0142166 0.0202797 0.0274579 0.0326788 
0.0432774 0.0454652 0.0441639 0.038793 0.0313345 0.0250748 0.0213224 0.0181203 0.0128121 0.00534216 -0.00177056 -0.00608934 -0.00716955 -0.00644975 -0.00587114 -0.00643509 -0.00772237 -0.00841897 -0.00705741 -0.00270985 0.00407563 0.0109429 0.0152886 0.0165658 0.0166508 0.0179812 0.0217243 0.0273905 0.0335687 0.0390545 
0.0452738 0.0498097 0.0498336 0.0448262 0.0370261 0.029704 0.0243257 0.0195459 0.0134682 0.00646092 0.000822357 -0.00183971 -0.00206125 -0.00176202 -0.00260113 -0.00491826 -0.00783527 -0.0100762 -0.0106018 -0.00881258 -0.00489336 -3.50473e-05 0.00447897 0.00845866 0.0124513 0.0166868 0.0211639 0.0261484 0.0319679 0.0386224 
0.0389463 0.0454326 0.0464615 0.0420233 0.034587 0.0270939 0.0210212 0.0158 0.0103544 0.0051346 0.00183367 0.00120131 0.00194603 0.00191947 -6.56446e-05 -0.00363244 -0.00752488 -0.0105774 -0.0121428 -0.0119148 -0.0098791 -0.00657166 -0.00274294 0.00129825 0.00535188 0.00888463 0.0118978 0.0155893 0.0214382 0.0298017 
0.0261682 0.0335872 0.035233 0.0316566 0.0253006 0.0184681 0.0124498 0.00749522 0.00346683 0.000774277 0.000233222 0.00169758 0.00341166 0.00333652 0.00086205 -0.00308577 -0.00712601 -0.0102699 -0.0120602 -0.0122816 -0.0108658 -0.00822912 -0.00524985 -0.00268088 -0.00101895 -0.000533187 -0.000491161 0.00115665 0.00647884 0.0157007 
0.0115881 0.0186626 0.0206026 0.0181264 0.0133288 0.00782621 0.00257572 -0.00166752 -0.00425245 -0.00470946 -0.00295438 0.000130336 0.00258138 0.00267499 0.000328912 -0.00323271 -0.00674281 -0.00944775 -0.0109321 -0.0109028 -0.00929785 -0.00667237 -0.00421118 -0.00306088 -0.00380019 -0.0062612 -0.00911124 -0.00988396 -0.00630002 0.00182144 
-0.000453928 0.00540083 0.00742249 0.0059838 0.0026422 -0.00141142 -0.00545391 -0.00863324 -0.00998398 -0.00900096 -0.00598155 -0.00213902 0.000651334 0.00104137 -0.000731257 -0.00340972 -0.00596591 -0.00790138 -0.00884491 -0.00842394 -0.00658469 -0.0039637 -0.00180837 -0.00132866 -0.0031095 -0.00690267 -0.0114024 -0.0142965 -0.0133018 -0.00792102 
-0.00843955 -0.00411456 -0.00233871 -0.00317757 -0.0055749 -0.0085437 -0.0114057 -0.0133609 -0.0135361 -0.0116213 -0.00813347 -0.00423826 -0.00141548 -0.000607681 -0.00149076 -0.00300688 -0.00440685 -0.00541558 -0.00576627 -0.00510679 -0.00340232 -0.00123252 0.000396732 0.000549799 -0.00129793 -0.0051365 -0.0101332 -0.0144187 -0.0157802 -0.0132935 
-0.013258 -0.0105482 -0.0095863 -0.0104217 -0.0122825 -0.014445 -0.0163141 -0.0171067 -0.0161103 -0.0133556 -0.00961295 -0.00588399 -0.0031163 -0.00182142 -0.00169304 -0.00198465 -0.00223344 -0.00234358 -0.00216965 -0.00144383 -0.000177396 0.00113846 0.00183394 0.00139074 -0.000571724 -0.00429167 -0.00936583 -0.0142499 -0.0168412 -0.0161318 
-0.0160388 -0.014985 -0.0153197 -0.0165492 -0.0179504 -0.0192244 -0.0201042 -0.019886 -0.0179195 -0.0144514 -0.0104544 -0.00683124 -0.00411247 -0.00242645 -0.00144849 -0.000703097 -1.53234e-06 0.000590773 0.00112681 0.00180706 0.00257128 0.00297499 0.00259819 0.0012734 -0.00120635 -0.00515589 -0.0102944 -0.015146 -0.0178007 -0.0176422 
-0.0169793 -0.017414 -0.0190497 -0.0207071 -0.0215799 -0.0218013 -0.0216192 -0.0206082 -0.0181504 -0.0144354 -0.0104027 -0.00690217 -0.00427939 -0.00241685 -0.000915862 0.00053432 0.00188902 0.00293897 0.00368712 0.00430872 0.00471729 0.00449532 0.00335803 0.00132023 -0.00171357 -0.00599991 -0.0111544 -0.0156519 -0.0178499 -0.0177036 
-0.0159747 -0.0174464 -0.0199121 -0.0217385 -0.0220468 -0.0212883 -0.0202301 -0.0188528 -0.0165693 -0.013275 -0.00962684 -0.0064021 -0.00393408 -0.00201923 -0.000216128 0.0016716 0.00342823 0.00476493 0.00568602 0.006359 0.00668271 0.00627152 0.0048919 0.0025733 -0.000750717 -0.00520032 -0.0102171 -0.0142921 -0.016099 -0.0160138 
-0.0136047 -0.0155243 -0.018115 -0.0196759 -0.019423 -0.0180505 -0.0166909 -0.0156128 -0.0141564 -0.0118062 -0.00885495 -0.00599976 -0.00363378 -0.001591 0.000503667 0.00270563 0.00469307 0.00619486 0.00727294 0.00808975 0.00852681 0.00822943 0.00695211 0.00462647 0.00119549 -0.00322338 -0.00787858 -0.01144 -0.0129963 -0.0131318 
-0.0111784 -0.012965 -0.0149526 -0.0157724 -0.0149938 -0.0135201 -0.012583 -0.0124319 -0.0121726 -0.0109048 -0.00865228 -0.006084 -0.00368242 -0.00139361 0.00100352 0.00340775 0.0054514 0.00694347 0.00802813 0.008872 0.00935425 0.00915719 0.00799916 0.00568658 0.00221143 -0.00198144 -0.00596108 -0.00875736 -0.0100167 -0.0104014 
-0.0099975 -0.0111759 -0.0120025 -0.0117403 -0.0104923 -0.00929333 -0.0091973 -0.0101743 -0.0110425 -0.0106515 -0.00890141 -0.00648921 -0.00400442 -0.00153268 0.000993729 0.00337586 0.00525749 0.00652024 0.00735554 0.00793927 0.00818474 0.00783881 0.00661338 0.00424659 0.00083267 -0.00286887 -0.00585385 -0.00765834 -0.00854488 -0.00913551 
-0.0107023 -0.0110032 -0.0104353 -0.00898041 -0.00725673 -0.0063124 -0.00688943 -0.00864747 -0.0102381 -0.0104248 -0.0090519 -0.00681918 -0.00439506 -0.00199243 0.000353167 0.00243584 0.00396112 0.00484366 0.00525267 0.00535258 0.005112 0.00436574 0.00287027 0.000396074 -0.00281306 -0.00579736 -0.00766691 -0.00852738 -0.00914196 -0.00993072 
-0.0130199 -0.0124196 -0.0105543 -0.00798324 -0.005665 -0.00459306 -0.00525891 -0.00716532 -0.00898545 -0.00952544 -0.00856818 -0.00671378 -0.00461392 -0.0025628 -0.000663705 0.00092242 0.00199634 0.00248539 0.00248121 0.00208947 0.00130876 5.29014e-05 -0.00183855 -0.00446544 -0.00740387 -0.00964445 -0.0105864 -0.0108455 -0.0114366 -0.01244 
-0.0157832 -0.0144285 -0.0115767 -0.00809622 -0.00507467 -0.00345885 -0.00364998 -0.00516206 -0.00681611 -0.00754705 -0.00708572 -0.00584375 -0.00433241 -0.00284827 -0.00153828 -0.000514652 0.000124012 0.000318992 6.15175e-05 -0.000653659 -0.00185849 -0.00359272 -0.00590335 -0.00869485 -0.0113831 -0.0130573 -0.0134781 -0.0135744 -0.0143309 -0.0154721 
-0.0174563 -0.0155251 -0.0120867 -0.00804705 -0.00442046 -0.00210375 -0.00153643 -0.00236342 -0.00362337 -0.00443822 -0.00452177 -0.00406189 -0.00333592 -0.00255274 -0.00186398 -0.00134982 -0.0010411 -0.000993236 -0.00131514 -0.00214836 -0.00360713 -0.00570915 -0.00835163 -0.0112224 -0.0136713 -0.0150237 -0.0153565 -0.0156209 -0.0165284 -0.0175564 
-0.0171265 -0.0147438 -0.0111317 -0.00702579 -0.00315159 -0.000256144 0.00112891 0.00109941 0.000304887 -0.000589605 -0.00126824 -0.00167198 -0.00180746 -0.00173879 -0.00158203 -0.00141106 -0.00125856 -0.00121681 -0.00147972 -0.0023024 -0.00389184 -0.00624807 -0.0090862 -0.0118939 -0.0140792 -0.0153004 -0.0158423 -0.016411 -0.0172886 -0.0178496 
-0.015 -0.0122814 -0.00889006 -0.00524556 -0.00157561 0.0016669 0.00383658 0.0046265 0.00426893 0.0032339 0.00193722 0.000709266 -0.000202099 -0.00071271 -0.000885971 -0.000819091 -0.000624109 -0.000480057 -0.000638173 -0.00140811 -0.00307177 -0.00562499 -0.00860748 -0.0113357 -0.013327 -0.0145537 -0.0153862 -0.0161665 -0.0167418 -0.0165163 
-0.0119745 -0.00911703 -0.00628556 -0.00346053 -0.000260209 0.00319203 0.00608186 0.0076198 0.00761138 0.00640087 0.00456172 0.00267711 0.00119213 0.000308957 1.49738e-05 0.000171174 0.000539655 0.000827985 0.000763883 4.86553e-05 -0.00165581 -0.00439268 -0.00760399 -0.0104682 -0.012533 -0.0139062 -0.0149139 -0.0155877 -0.0155197 -0.0142953 
-0.00914653 -0.0064205 -0.00431481 -0.00227963 0.00060407 0.00437972 0.00795509 0.0100879 0.0102896 0.00889737 0.00665768 0.00433109 0.00247566 0.00137283 0.00105647 0.00134309 0.00185939 0.00220422 0.00212454 0.00139581 -0.000342895 -0.00323974 -0.00677354 -0.0100548 -0.0125342 -0.0142003 -0.0151981 -0.0153798 -0.0143595 -0.0120844 
-0.0077243 -0.00534346 -0.00380664 -0.00204804 0.00111853 0.00560742 0.00993809 0.012521 0.0127735 0.0111691 0.00863867 0.00603576 0.0039401 0.00267133 0.00230561 0.0026156 0.00309583 0.00325541 0.00290074 0.0019496 9.56064e-05 -0.00291492 -0.00672729 -0.0105201 -0.0136185 -0.0157167 -0.0166481 -0.0161559 -0.0141001 -0.0109442 
-0.00880667 -0.0068131 -0.0053953 -0.00310745 0.00115432 0.00690019 0.0121946 0.0151985 0.0153977 0.0135319 0.0107569 0.0079727 0.00570622 0.0042706 0.00377127 0.00393341 0.00412735 0.00379741 0.00284369 0.00138315 -0.000745128 -0.00384849 -0.00781775 -0.0120606 -0.01587 -0.0185983 -0.019649 -0.0186145 -0.0156986 -0.0119757 
-0.0125965 -0.0109679 -0.00931773 -0.00592779 3.88113e-05 0.00756279 0.0141786 0.0177695 0.0179438 0.0158088 0.0128142 0.00990925 0.00752956 0.00593705 0.00523662 0.00510526 0.00482152 0.00380467 0.00206525 -7.43275e-05 -0.00260167 -0.0058504 -0.00998809 -0.0147392 -0.019434 -0.0230649 -0.0245117 -0.0231499 -0.0195668 -0.015511 
-0.0175044 -0.0165584 -0.0150404 -0.0108131 -0.00313067 0.00650092 0.0149077 0.0194575 0.0197966 0.0174673 0.0143003 0.0113388 0.00892674 0.0072361 0.00632886 0.00584716 0.00504799 0.00338234 0.000960636 -0.00175144 -0.00463165 -0.00807074 -0.0125073 -0.0179474 -0.023704 -0.0283532 -0.030226 -0.0285167 -0.0242665 -0.0199612 
-0.0204528 -0.0211405 -0.0210833 -0.0172889 -0.00862033 0.00307457 0.0136595 0.0196152 0.0204241 0.0180633 0.0148161 0.0118781 0.00952597 0.00781609 0.00673574 0.00592913 0.00473035 0.00268972 -1.22202e-05 -0.00287341 -0.0057676 -0.00917591 -0.0137563 -0.0197057 -0.0262548 -0.0315724 -0.0335366 -0.0312803 -0.0263457 -0.021967 
-0.0188327 -0.0222982 -0.0253213 -0.0236743 -0.0153228 -0.00219809 0.0105202 0.0181553 0.0197672 0.0176333 0.0144647 0.0116367 0.00938635 0.00765877 0.00637559 0.00525063 0.00380924 0.00177823 -0.00061904 -0.0029505 -0.00517197 -0.00784534 -0.0117731 -0.0173133 -0.0237118 -0.0289368 -0.0306179 -0.0278875 -0.0226473 -0.0187035 
-0.0122659 -0.0188388 -0.025656 -0.0274124 -0.0209311 -0.00774322 0.00633227 0.0155296 0.0182388 0.0167121 0.0138849 0.0112554 0.009048 0.00714881 0.00548088 0.00392337 0.00230626 0.000602361 -0.00093934 -0.00201446 -0.00268377 -0.00356743 -0.00559996 -0.009384 -0.0144223 -0.0188194 -0.0201921 -0.0176052 -0.0129376 -0.0101238 
-0.00225323 -0.0110343 -0.0209854 -0.0264914 -0.0233424 -0.0120086 0.0019648 0.0122038 0.0162602 0.0158699 0.0137864 0.0114765 0.00918867 0.00686042 0.00452857 0.00233675 0.000492489 -0.00077163 -0.00120469 -0.000605745 0.000930914 0.0027393 0.00367002 0.00273761 -2.46088e-05 -0.003144 -0.00443696 -0.00280421 0.000352262 0.00156264 
0.00949659 -0.000238017 -0.0121756 -0.0212263 -0.0224925 -0.0148813 -0.00264389 0.00796966 0.0136441 0.0150546 0.0142479 0.0124575 0.0100284 0.00709941 0.00393447 0.00099827 -0.00113504 -0.00204294 -0.00151269 0.000635613 0.0044106 0.00913687 0.0133883 0.0157519 0.0157516 0.014273 0.0130881 0.0134478 0.0147089 0.0143031 
0.0214336 0.0112794 -0.00212617 -0.0145087 -0.0206547 -0.0178895 -0.00854798 0.00194366 0.00953721 0.0134243 0.0144646 0.0134893 0.0110395 0.00759864 0.00372946 0.000207038 -0.00212024 -0.00276153 -0.00159144 0.001604 0.00702329 0.014052 0.02109 0.0264685 0.0293291 0.0298829 0.0292522 0.0287076 0.0284096 0.0267706 
0.0306231 0.0201719 0.00544849 -0.00984434 -0.020426 -0.0224755 -0.0163963 -0.00633055 0.00327344 0.0100352 0.0133648 0.013561 0.0113944 0.00777117 0.00359421 -9.09001e-05 -0.00228778 -0.00256778 -0.000956345 0.00275087 0.00889175 0.0169746 0.0254883 0.032868 0.0381047 0.0406819 0.0408442 0.039756 0.0384047 0.036104 
0.0328636 0.0230047 0.00797556 -0.00888852 -0.0223746 -0.0280897 -0.0249592 -0.0156877 -0.00458326 0.00480884 0.0105235 0.0121933 0.0106707 0.0072474 0.00320725 -0.000146863 -0.00178362 -0.00146069 0.00055538 0.00433025 0.0101961 0.0178125 0.0260419 0.033801 0.040189 0.0439906 0.0444322 0.0425003 0.0401387 0.0376778 
0.0266515 0.019075 0.00577616 -0.0104998 -0.0247252 -0.0323532 -0.0314528 -0.0234605 -0.0120028 -0.00101202 0.00660082 0.00973291 0.00904168 0.00605337 0.00244202 -0.000231247 -0.000982173 0.000142119 0.00253333 0.00598335 0.0106995 0.0165049 0.0227927 0.0291894 0.0351622 0.0390235 0.0390121 0.0357776 0.0321745 0.029798 
0.0159406 0.0119996 0.00218855 -0.011791 -0.0251659 -0.0332703 -0.0337389 -0.0271988 -0.0164952 -0.00530381 0.00313499 0.00715429 0.0070572 0.00443497 0.00128471 -0.000610222 -0.00036343 0.00162796 0.00433431 0.00719709 0.0102836 0.0136 0.017051 0.0209763 0.0254144 0.0285944 0.027982 0.0236502 0.0189657 0.0168128 
0.00677732 0.0071977 0.00153208 -0.00999466 -0.0227154 -0.0312417 -0.0325571 -0.0269827 -0.0171922 -0.00664561 0.00153467 0.0055339 0.00541888 0.00276819 -0.000199754 -0.00152767 -0.000418427 0.00239268 0.00542041 0.00773569 0.00932609 0.0104087 0.0112596 0.0127349 0.0154394 0.0177787 0.0167211 0.011743 0.00645485 0.00490047 
0.00225292 0.00788238 0.00650062 -0.00367658 -0.0177881 -0.0285357 -0.0312135 -0.0259335 -0.0161725 -0.00595837 0.00167693 0.00515309 0.00455184 0.00143078 -0.0018474 -0.00313103 -0.00157975 0.00187181 0.00532381 0.00746177 0.00821725 0.00802364 0.00738353 0.0073892 0.00895521 0.0105774 0.00886042 0.002989 -0.00284497 -0.00326756 
0.00224681 0.0136648 0.0165463 0.00653703 -0.0112769 -0.0267561 -0.032276 -0.0272629 -0.0165882 -0.00575805 0.00188342 0.00510091 0.00412095 0.000415717 -0.00359026 -0.00546571 -0.00407505 -0.000280404 0.00372481 0.00618051 0.00685921 0.00638796 0.00548801 0.00532537 0.0067957 0.00818544 0.00567168 -0.00158661 -0.00832634 -0.00748384 
0.00620819 0.0219319 0.0280214 0.0176588 -0.00434068 -0.0254293 -0.0348575 -0.0307928 -0.0192509 -0.00743864 0.00070486 0.00417989 0.00327419 -0.000786205 -0.00563405 -0.00850464 -0.00774767 -0.00388705 0.000735617 0.00383709 0.00485075 0.00458742 0.00417873 0.00494242 0.00755807 0.0098665 0.00751913 -0.000452171 -0.00794567 -0.00643867 
0.0140561 0.0302854 0.0370691 0.026366 0.00205359 -0.0227791 -0.0356296 -0.0333667 -0.0222069 -0.0102517 -0.00184223 0.00204914 0.00151192 -0.00264253 -0.00819315 -0.0120763 -0.0121074 -0.00838569 -0.00327431 0.000464291 0.0018511 0.00189221 0.00233133 0.00479758 0.00972461 0.0144814 0.0142094 0.00746664 0.000245358 0.00149816 
0.0249375 0.0382339 0.0432009 0.0322867 0.00823972 -0.01728 -0.0321094 -0.0323921 -0.0234458 -0.0128489 -0.00484538 -0.000698135 -0.000869284 -0.00502442 -0.0110758 -0.0157718 -0.0165827 -0.0132739 -0.00809426 -0.0040148 -0.00225433 -0.00161845 0.000130097 0.00480578 0.0126207 0.0206963 0.0238486 0.0199485 0.0141292 0.0147813 
0.0366314 0.046557 0.0490213 0.0379607 0.0154609 -0.00891877 -0.0247222 -0.0280938 -0.0227707 -0.0146459 -0.00751144 -0.00330159 -0.00327519 -0.00745048 -0.0137914 -0.019047 -0.0206284 -0.0180974 -0.0134205 -0.00937029 -0.0070463 -0.005098 -0.00130579 0.00574325 0.0159597 0.0266585 0.03278 0.0317191 0.0277905 0.0285567 
0.0472031 0.0557603 0.0567732 0.0456093 0.0243204 0.000954252 -0.0158137 -0.022492 -0.0211745 -0.0157606 -0.00962251 -0.00558652 -0.00562149 -0.00980342 -0.0161017 -0.021541 -0.023767 -0.0222293 -0.0184625 -0.0146904 -0.0115421 -0.00752812 -0.00101024 0.00829032 0.0197199 0.0311757 0.0383928 0.0389406 0.0368609 0.0390553 
0.0576909 0.0664603 0.0668198 0.0553192 0.0343055 0.0109561 -0.00732156 -0.0172644 -0.0195515 -0.0165022 -0.0113799 -0.0078535 -0.00823215 -0.0123275 -0.0181357 -0.0232347 -0.0257607 -0.0251364 -0.0223864 -0.0189971 -0.0149416 -0.0085746 0.000964286 0.0124694 0.0243585 0.0350972 0.0417963 0.0430112 0.0429529 0.0477554 
0.0739554 0.0818915 0.079837 0.0663037 0.0442778 0.0200095 -0.000252649 -0.0132189 -0.01835 -0.0170106 -0.012733 -0.00988548 -0.0107821 -0.0147607 -0.0198138 -0.0241719 -0.0266338 -0.0267154 -0.0249137 -0.0219119 -0.017043 -0.00850701 0.0039753 0.017871 0.0303975 0.0403201 0.0465832 0.0494339 0.053109 0.0619654 
0.107071 0.110027 0.0997614 0.0793369 0.0535185 0.0272006 0.0048198 -0.0105431 -0.017455 -0.0168788 -0.0128981 -0.0105101 -0.0119553 -0.0160475 -0.0205893 -0.0242753 -0.0265931 -0.027275 -0.0262952 -0.0235239 -0.0178005 -0.00728056 0.00794245 0.024322 0.0379168 0.0479504 0.0560056 0.06463 0.0770635 0.0933797 
0.168105 0.159807 0.132115 0.0968064 0.0625749 0.0326878 0.00854876 -0.00803118 -0.015502 -0.0148623 -0.0107198 -0.00854258 -0.0105917 -0.0152868 -0.0200377 -0.0236279 -0.0260675 -0.0273581 -0.0270225 -0.0242044 -0.0174303 -0.00497932 0.0127113 0.0313413 0.0462737 0.058015 0.071958 0.0934484 0.12305 0.152752 
0.253087 0.228294 0.175297 0.118187 0.0716989 0.0375695 0.0129781 -0.00310661 -0.0101794 -0.0094939 -0.00563195 -0.00401106 -0.00693662 -0.0127195 -0.0184036 -0.0225658 -0.0254477 -0.0272967 -0.027419 -0.0245161 -0.016937 -0.0030587 0.0164717 0.0369488 0.0536748 0.0691367 0.0930827 0.133727 0.187695 0.235935 
0.331528 0.290922 0.213848 0.136151 0.0787073 0.0422439 0.0196129 0.00592268 -0.000307592 -0.000487836 0.0017318 0.00177811 -0.0025104 -0.009587 -0.0164008 -0.0213156 -0.0245954 -0.0267119 -0.0271196 -0.024499 -0.0170604 -0.00295804 0.017338 0.039107 0.0578761 0.0777892 0.111966 0.170849 0.247549 0.312958 
0.361495 0.313761 0.226348 0.140456 0.0800764 0.0457452 0.0277274 0.0178893 0.0126636 0.0107138 0.00997932 0.00735987 0.00119452 -0.00710004 -0.014647 -0.0198377 -0.0229791 -0.0248039 -0.0252078 -0.0231733 -0.0167447 -0.00352707 0.016464 0.0385827 0.0583136 0.0802077 0.118522 0.184667 0.27052 0.342785 
