0.289813 0.213826 0.139273 0.0851894 0.0504838 0.0261457 0.005261 -0.0136913 -0.0278178 -0.0333827 -0.0293929 -0.0185831 -0.00553337 0.00573484 0.0127309 0.0143232 0.0102781 0.00090011 -0.0128585 -0.0286731 -0.0423761 -0.049063 -0.0446956 -0.0254686 0.0137214 0.0770669 0.16151 0.251056 0.31739 0.332407 
0.264417 0.206554 0.1479 0.101393 0.0661524 0.0376797 0.0137125 -0.00567791 -0.018995 -0.0245126 -0.0218672 -0.0129695 -0.00143495 0.00887395 0.0150456 0.0156311 0.0105366 0.000532118 -0.0130591 -0.0280005 -0.0407395 -0.047199 -0.0437539 -0.0262107 0.011084 0.071491 0.149402 0.227829 0.283273 0.29626 
0.212543 0.180055 0.143455 0.107173 0.0716118 0.03891 0.0123286 -0.00675742 -0.018533 -0.0231485 -0.0207363 -0.0125099 -0.00131158 0.00906633 0.0152589 0.0154721 0.00975339 -0.000623902 -0.0139402 -0.0281336 -0.0405444 -0.0482964 -0.048418 -0.0363195 -0.0054538 0.0474165 0.114624 0.177992 0.219175 0.229516 
0.141221 0.131173 0.116784 0.0936417 0.0622672 0.0299295 0.00389201 -0.0137863 -0.0242582 -0.0282792 -0.0257838 -0.0174521 -0.00577934 0.00533334 0.0121074 0.0124733 0.00666745 -0.00347834 -0.0157857 -0.0283652 -0.0396216 -0.0482339 -0.0522309 -0.0468312 -0.0246424 0.0178709 0.0719952 0.118793 0.143834 0.147878 
0.0779919 0.0791458 0.0797697 0.0692431 0.0464617 0.0199386 -0.00215308 -0.0178314 -0.028066 -0.0326699 -0.0306835 -0.0224971 -0.0106785 0.000702796 0.00768286 0.00816277 0.00269151 -0.00633798 -0.0163236 -0.0255576 -0.0335255 -0.0405331 -0.0456943 -0.0441936 -0.0282495 0.00558189 0.048084 0.0802343 0.0899333 0.0838522 
0.0509527 0.0500729 0.0534478 0.0494673 0.0352939 0.0169844 0.000373592 -0.0134573 -0.0244757 -0.0306437 -0.0298857 -0.0225769 -0.0115728 -0.00098951 0.00536527 0.00567445 0.000904663 -0.00610106 -0.0125096 -0.0168788 -0.0195948 -0.0221543 -0.0243944 -0.0216522 -0.00660335 0.0232721 0.0584899 0.0808633 0.0796906 0.0636015 
0.0610705 0.0506276 0.0466565 0.0414144 0.0320801 0.0208049 0.00918196 -0.0032478 -0.0153156 -0.0231554 -0.0238089 -0.0177624 -0.00811925 0.00110916 0.00648626 0.00662122 0.00284505 -0.0017664 -0.00438958 -0.00395837 -0.00152827 0.000880069 0.0033555 0.0103935 0.0282732 0.0581226 0.0904183 0.10858 0.103059 0.0816023 
0.0841935 0.0656415 0.0526736 0.0425553 0.0340601 0.0265637 0.0179089 0.00613925 -0.00682021 -0.0158962 -0.0176014 -0.012479 -0.00376667 0.00462159 0.00956284 0.00997009 0.00731094 0.00464801 0.00463304 0.00788074 0.0127425 0.0170657 0.0214721 0.0308298 0.0508804 0.0818353 0.114259 0.13295 0.12901 0.108194 
0.0949323 0.0751821 0.0592053 0.0465259 0.0371812 0.0300736 0.0218222 0.00981507 -0.00387537 -0.0137376 -0.0159545 -0.0109976 -0.00222991 0.00637954 0.0118325 0.0131248 0.011603 0.0101105 0.0110438 0.0145526 0.0183552 0.0201368 0.0212656 0.0277361 0.0460423 0.0766279 0.110254 0.132147 0.133088 0.116889 
0.0857836 0.0706755 0.0586363 0.0480314 0.0385107 0.0301001 0.0207783 0.00825567 -0.00582317 -0.0161321 -0.0185573 -0.0133507 -0.00400948 0.00535429 0.0117905 0.014261 0.0138115 0.0129028 0.0136457 0.0158698 0.0168025 0.0138112 0.00866483 0.0085662 0.0215398 0.0491802 0.08276 0.107526 0.113446 0.102729 
0.0679249 0.0581937 0.0519836 0.045628 0.0374595 0.028604 0.0189461 0.00673289 -0.00708769 -0.0176389 -0.0204951 -0.015515 -0.00615476 0.00346601 0.0105166 0.0138988 0.014234 0.0134634 0.0134439 0.0140372 0.0124853 0.00592112 -0.00414092 -0.0101787 -0.00306997 0.0200985 0.0516222 0.0772977 0.0866056 0.0802645 
0.0564067 0.0484976 0.0442822 0.0401821 0.0341649 0.027357 0.0198132 0.00952664 -0.00317911 -0.0137812 -0.0175784 -0.0138681 -0.00568265 0.00314401 0.00996881 0.0135967 0.0141758 0.0130813 0.0119754 0.0111008 0.00833828 0.0009945 -0.0101201 -0.0184465 -0.0150433 0.0039363 0.0324327 0.057734 0.0693555 0.0662549 
0.0564027 0.0466304 0.0389712 0.0329069 0.0281441 0.0250103 0.0216236 0.014703 0.00407141 -0.00603333 -0.0108426 -0.00902667 -0.0028079 0.00451978 0.0104786 0.0137388 0.0140699 0.0123828 0.0101627 0.00809398 0.00502846 -0.00101123 -0.00980149 -0.0166556 -0.0142797 0.00136735 0.0264337 0.050798 0.0646511 0.0648812 
0.0619118 0.0500864 0.0367379 0.0256573 0.0198243 0.0191682 0.0195323 0.0161874 0.0084015 -0.000220207 -0.00528804 -0.00496253 -0.00049758 0.00545275 0.0105487 0.0133626 0.0134556 0.0114158 0.00848699 0.00556716 0.00241155 -0.00183182 -0.0069572 -0.0102998 -0.00730705 0.005213 0.025682 0.0476712 0.0632866 0.0677619 
0.063799 0.0531373 0.0364704 0.0206361 0.0117031 0.0103548 0.0118136 0.010838 0.00603894 -0.00020536 -0.00441539 -0.00454466 -0.00101321 0.00415111 0.00883501 0.0116412 0.0120214 0.0102563 0.00722371 0.00375889 0.000239343 -0.00302028 -0.00530131 -0.0053995 -0.0016387 0.0074768 0.0219678 0.0394831 0.0554121 0.0645919 
0.0578904 0.0521805 0.0369095 0.019453 0.0073443 0.00279565 0.00248518 0.00198032 -0.000603284 -0.00436016 -0.00703878 -0.00679781 -0.00355219 0.00125223 0.00588945 0.00911942 0.010272 0.00923087 0.0064091 0.00243838 -0.00199208 -0.00578626 -0.0076072 -0.00677835 -0.00344859 0.00226162 0.0109756 0.0234715 0.0386254 0.0520977 
0.0450776 0.0464611 0.0367139 0.0216222 0.0083501 0.000508597 -0.00281122 -0.00441568 -0.00617488 -0.0082343 -0.00950389 -0.00870414 -0.00557741 -0.00104156 0.00362142 0.00731911 0.00920277 0.00874213 0.00593307 0.0012274 -0.00461987 -0.0103207 -0.0142284 -0.0154125 -0.0142613 -0.0115327 -0.00671662 0.00222223 0.0164219 0.0329859 
0.0272827 0.0355739 0.0332639 0.0234986 0.0119846 0.00298757 -0.00246347 -0.00558266 -0.00765369 -0.00908064 -0.00955911 -0.00847876 -0.00558486 -0.00135634 0.00324025 0.00711016 0.00920937 0.00875672 0.00556161 2.3956e-05 -0.00718123 -0.0150418 -0.0220296 -0.0267062 -0.028637 -0.0282354 -0.0254346 -0.0186892 -0.00615303 0.0110659 
0.00834746 0.0210145 0.0252137 0.0214332 0.013656 0.00602325 0.00039034 -0.00348986 -0.00611713 -0.00755831 -0.00781471 -0.00675476 -0.00415219 -0.000202285 0.00423768 0.00794678 0.00976103 0.00890433 0.005264 -0.000712298 -0.0085 -0.0175124 -0.0265437 -0.0338278 -0.0380422 -0.039 -0.0371826 -0.0323876 -0.0230522 -0.00841124 
-0.00468867 0.00849413 0.0160023 0.0163664 0.0120263 0.00663379 0.00212147 -0.0015099 -0.00432752 -0.00594913 -0.00627061 -0.00531128 -0.00288137 0.000902968 0.0051698 0.00861585 0.0101036 0.00902898 0.00544702 -0.000185677 -0.00752232 -0.0162569 -0.0254012 -0.0331588 -0.0378749 -0.0390468 -0.0375261 -0.0343209 -0.0286506 -0.0185756 
-0.00695426 0.00367404 0.0111253 0.0129022 0.0102003 0.00620833 0.00279515 -0.000254615 -0.00312925 -0.0051472 -0.00580455 -0.00501188 -0.00269329 0.000925912 0.00496424 0.00820556 0.00967472 0.00894633 0.00613671 0.00158013 -0.00453882 -0.0119674 -0.0197731 -0.0263566 -0.0302156 -0.0307437 -0.0287438 -0.0258491 -0.022359 -0.0164272 
-0.00086693 0.00630389 0.0120531 0.0136608 0.0114011 0.00797099 0.00510195 0.00221703 -0.00119841 -0.00418352 -0.00564021 -0.00526902 -0.00323159 1.57849e-05 0.00364148 0.00665966 0.00831178 0.00827266 0.00658007 0.00335846 -0.00132192 -0.00714251 -0.0131867 -0.0181137 -0.0206486 -0.0200809 -0.0169442 -0.0130995 -0.00991584 -0.00643505 
0.00685216 0.0112179 0.0150583 0.0162165 0.0145641 0.0119821 0.00956417 0.0063693 0.00184957 -0.00255714 -0.00510671 -0.00533906 -0.00374222 -0.00102817 0.00206522 0.00480461 0.00660121 0.00715006 0.00636608 0.00419515 0.000652741 -0.00387876 -0.00851795 -0.012073 -0.0133345 -0.0115494 -0.00721156 -0.00230664 0.0012518 0.0037088 
0.0115942 0.0137086 0.0152536 0.0156018 0.0150442 0.0142947 0.0129939 0.00969285 0.00420975 -0.00133132 -0.00465314 -0.00526614 -0.0039738 -0.00166091 0.00105331 0.00361805 0.00551004 0.00638741 0.00609243 0.00451991 0.00169471 -0.00200266 -0.00577672 -0.00848181 -0.00885875 -0.00625771 -0.00143636 0.00364355 0.00731511 0.00959609 
0.0125259 0.0118289 0.00991073 0.00847189 0.00894035 0.0108287 0.0117502 0.00938748 0.00396192 -0.00171178 -0.00499993 -0.0054688 -0.00411964 -0.00187116 0.000789675 0.00341974 0.00548495 0.00658143 0.00655185 0.0053798 0.00315894 0.000176595 -0.00299139 -0.00531016 -0.00548009 -0.00296245 0.00128838 0.00565096 0.00913435 0.0115051 
0.010039 0.00547212 -0.000650031 -0.00439542 -0.00324116 0.00140655 0.00531249 0.00508674 0.00101205 -0.00368868 -0.00619839 -0.00610618 -0.0044272 -0.00199207 0.0008376 0.00369574 0.0060426 0.00742544 0.00771287 0.00703739 0.00560726 0.00357823 0.00117205 -0.000876944 -0.0013567 0.000272004 0.00320533 0.00639026 0.0093087 0.0110713 
0.00472563 -0.00356213 -0.0127842 -0.0179189 -0.0161958 -0.00954719 -0.00309263 -0.000902645 -0.00296066 -0.00612325 -0.00762107 -0.00698332 -0.00504948 -0.00248432 0.000448407 0.00345979 0.00606452 0.00779583 0.00851024 0.00844709 0.00796503 0.00717894 0.00597035 0.00458109 0.00384671 0.00428608 0.00553833 0.00717922 0.0087943 0.00875341 
-0.00155303 -0.0114133 -0.0210383 -0.0257498 -0.0234788 -0.0163072 -0.00899172 -0.00539496 -0.00579902 -0.00762955 -0.00846079 -0.00771369 -0.00591472 -0.0035371 -0.000790426 0.00210866 0.00477449 0.0067481 0.00781699 0.00824897 0.00858125 0.0090654 0.00941275 0.00926893 0.00871642 0.00801281 0.007338 0.00700467 0.00675385 0.00465509 
-0.00659121 -0.0150314 -0.0223801 -0.0252029 -0.0225314 -0.0162838 -0.00998171 -0.00648977 -0.00621508 -0.0074243 -0.0082327 -0.00792215 -0.00665658 -0.00476043 -0.00244879 0.000106728 0.00260701 0.00458419 0.00572096 0.00626436 0.00693988 0.00828138 0.0100455 0.0113468 0.0113138 0.00965832 0.0069855 0.004497 0.00253988 -0.000508982 
-0.0101951 -0.0150577 -0.0187202 -0.0191612 -0.0162657 -0.0115495 -0.00712314 -0.00465288 -0.00453206 -0.00582382 -0.00713252 -0.00755672 -0.00694954 -0.00558199 -0.0037242 -0.00153454 0.000716208 0.00250154 0.00338508 0.00357898 0.00397532 0.00542649 0.00788524 0.0101617 0.010573 0.0081703 0.00371003 -0.000745021 -0.0038277 -0.00640088 
-0.0136865 -0.014333 -0.0143661 -0.012869 -0.0099719 -0.00659262 -0.00375505 -0.00227445 -0.00253848 -0.00415788 -0.00601385 -0.00702763 -0.00687943 -0.00586671 -0.00430337 -0.00233535 -0.000261919 0.00128307 0.00174614 0.00130694 0.000973657 0.00184719 0.00410357 0.0064882 0.00686435 0.00375264 -0.00217531 -0.00822856 -0.0119245 -0.0131815 
-0.0173997 -0.0145445 -0.0120216 -0.00956733 -0.00704101 -0.00466364 -0.00277199 -0.00177239 -0.00210628 -0.00370414 -0.00561473 -0.00672637 -0.00670347 -0.00586081 -0.00446541 -0.00260735 -0.000626881 0.000726215 0.0007998 -0.000260037 -0.0014 -0.00139385 8.70576e-05 0.00185392 0.00166136 -0.00220407 -0.00919145 -0.0162833 -0.0201613 -0.019948 
-0.0199223 -0.0151571 -0.0115346 -0.00907153 -0.00726877 -0.00578156 -0.00449822 -0.00358115 -0.00349187 -0.00440809 -0.00568239 -0.00642189 -0.00635545 -0.00569903 -0.00454464 -0.00286472 -0.00100019 0.000229386 9.80208e-05 -0.00131822 -0.0030259 -0.00380055 -0.00322834 -0.00235757 -0.0032948 -0.00768288 -0.0149968 -0.0222033 -0.0257302 -0.0243583 
-0.0196127 -0.0147502 -0.0113733 -0.00952744 -0.00858376 -0.00795106 -0.00720346 -0.00620912 -0.00534769 -0.00508115 -0.00530014 -0.0055319 -0.0055375 -0.00527943 -0.00457954 -0.00325581 -0.00159105 -0.000398719 -0.000462004 -0.00186137 -0.00380697 -0.00517144 -0.00542731 -0.00534288 -0.00670023 -0.0109086 -0.0174642 -0.0236651 -0.0263312 -0.0243868 
-0.0168751 -0.0133029 -0.0110794 -0.0101639 -0.00997199 -0.00990962 -0.00941322 -0.00814671 -0.00641108 -0.00493603 -0.00417558 -0.00407601 -0.00435589 -0.00465593 -0.00452406 -0.0036364 -0.00218527 -0.000920199 -0.000679546 -0.00179291 -0.00378742 -0.00564707 -0.00660576 -0.00696655 -0.00807619 -0.0111573 -0.0159416 -0.0204284 -0.0222363 -0.0205786 
-0.0149384 -0.0132518 -0.0124032 -0.0123205 -0.0124311 -0.0121608 -0.0110974 -0.00912255 -0.0066303 -0.00441298 -0.00314497 -0.00297577 -0.00356534 -0.00433074 -0.00464474 -0.00408986 -0.00277082 -0.00136047 -0.000760306 -0.00157896 -0.00365456 -0.00599787 -0.0074862 -0.00788886 -0.0081599 -0.00952208 -0.0122282 -0.015215 -0.0169257 -0.0166128 
-0.0171669 -0.0171743 -0.0172881 -0.017477 -0.0170304 -0.0153594 -0.0125863 -0.00936584 -0.00637528 -0.00411721 -0.00293984 -0.00290736 -0.00369789 -0.00472064 -0.00531298 -0.00500231 -0.00381082 -0.00234451 -0.00156572 -0.00230936 -0.00461623 -0.00742574 -0.00926907 -0.00952017 -0.00891307 -0.00880035 -0.0100197 -0.0123752 -0.014899 -0.016592 
-0.0228643 -0.0238823 -0.0243811 -0.0242003 -0.0223008 -0.0181656 -0.0128136 -0.00802272 -0.00481899 -0.00312905 -0.00255637 -0.00288004 -0.00390395 -0.00522017 -0.00621809 -0.00636575 -0.00558425 -0.0044023 -0.00380212 -0.00474734 -0.00739118 -0.0106234 -0.01279 -0.0130828 -0.0121257 -0.0113215 -0.0118682 -0.0141404 -0.017518 -0.0207531 
-0.0269167 -0.0281888 -0.0287636 -0.0279771 -0.0242994 -0.0174247 -0.00941457 -0.00316695 -2.32647e-05 0.00070532 0.000259195 -0.000788946 -0.00240395 -0.00441496 -0.00626881 -0.00735387 -0.00746889 -0.00702506 -0.00693762 -0.00820668 -0.0111262 -0.014737 -0.0174318 -0.0182876 -0.0176662 -0.0167358 -0.0167481 -0.018406 -0.0214099 -0.0246117 
-0.0246765 -0.0257506 -0.0263773 -0.0251432 -0.0200686 -0.0111357 -0.00126616 0.00583577 0.00859675 0.00813451 0.00635081 0.00415111 0.00148639 -0.00164358 -0.00472513 -0.0070794 -0.00838691 -0.0088958 -0.009354 -0.0107381 -0.013615 -0.0174935 -0.0210518 -0.0231507 -0.0234933 -0.0225956 -0.0214983 -0.0211892 -0.0219649 -0.0233498 
-0.0162307 -0.0171843 -0.0180129 -0.0166018 -0.0108419 -0.00108415 0.00928415 0.0162959 0.0183346 0.0166754 0.0135346 0.0100704 0.00626268 0.00201439 -0.00221743 -0.00571829 -0.0080499 -0.00925985 -0.00986375 -0.0107914 -0.0130116 -0.0167864 -0.0213174 -0.025179 -0.0270371 -0.0263289 -0.0236302 -0.0202651 -0.0175391 -0.0161929 
-0.00506314 -0.00645743 -0.00790662 -0.00676474 -0.0011713 0.00804983 0.0174663 0.0234752 0.0246838 0.0222506 0.0182887 0.0140495 0.00957902 0.0046919 -0.000245654 -0.00447024 -0.00736665 -0.00873871 -0.00886367 -0.00863967 -0.00948316 -0.0125309 -0.0176803 -0.0232905 -0.0268635 -0.0265329 -0.0222595 -0.0157513 -0.00954314 -0.00576945 
0.00550036 0.00293488 0.000161389 0.000186998 0.00449959 0.0119333 0.0194357 0.0241845 0.0250814 0.0228613 0.0191378 0.0150441 0.0106561 0.00570408 0.000475944 -0.00415947 -0.00732551 -0.00853517 -0.00785037 -0.00616962 -0.00531561 -0.00721888 -0.0124593 -0.0192606 -0.0240691 -0.023827 -0.0180386 -0.00893719 -0.00020671 0.00494193 
0.0130248 0.00855066 0.00365082 0.00149544 0.00341978 0.00843356 0.0142395 0.0187213 0.0207146 0.0201704 0.0179241 0.0148338 0.0110317 0.00629548 0.000920769 -0.00411291 -0.00767854 -0.00899488 -0.00791271 -0.00530998 -0.00327079 -0.0042437 -0.00925477 -0.016399 -0.0213404 -0.0202426 -0.0126046 -0.00147372 0.00850542 0.013646 
0.0157983 0.00848056 0.000610156 -0.00453809 -0.00537579 -0.00223046 0.00337617 0.00952699 0.0144429 0.0170353 0.017262 0.0156679 0.0125864 0.00810208 0.0026352 -0.00282672 -0.00707462 -0.00912437 -0.00861016 -0.00628086 -0.00419486 -0.00486165 -0.00939437 -0.0158432 -0.0196102 -0.0166789 -0.00695939 0.00552482 0.0153577 0.0188962 
0.01418 0.00317347 -0.00827657 -0.0165468 -0.0195252 -0.0169693 -0.0100676 -0.000979307 0.00775284 0.0141016 0.0172271 0.0173628 0.0151353 0.0111095 0.00588668 0.000319554 -0.00452368 -0.0076065 -0.00836322 -0.00727904 -0.00605428 -0.00678354 -0.010378 -0.0151136 -0.0168549 -0.0119911 -0.000888767 0.0117723 0.0201322 0.0208116 
0.0105391 -0.00371695 -0.0181611 -0.0286747 -0.0327813 -0.030206 -0.0222084 -0.0110574 0.000443984 0.0097993 0.0155597 0.0175789 0.0166199 0.0136147 0.00927571 0.0042323 -0.000710496 -0.00455336 -0.00651808 -0.00671176 -0.00629778 -0.00677822 -0.00885373 -0.0113626 -0.011187 -0.00541964 0.00542189 0.0167124 0.0227205 0.020406 
0.00706154 -0.00830307 -0.0235404 -0.0345447 -0.0390446 -0.0370902 -0.0298713 -0.0191313 -0.00717564 0.0035475 0.0111676 0.0150386 0.0157267 0.0142037 0.011146 0.00695321 0.0021839 -0.00216524 -0.00498725 -0.00586656 -0.00543723 -0.00484563 -0.00490357 -0.00523093 -0.00379106 0.00169767 0.0108473 0.0196201 0.0229915 0.0184904 
0.00516584 -0.00920054 -0.0228496 -0.0326367 -0.0371499 -0.0367023 -0.0319212 -0.023488 -0.0128265 -0.00212094 0.00645797 0.011733 0.0138341 0.013508 0.011304 0.00745156 0.00235115 -0.00290167 -0.00668671 -0.00786417 -0.00659212 -0.00408459 -0.00170929 0.000108757 0.0026709 0.00789228 0.015471 0.0218604 0.0228518 0.0168164 
0.00719875 -0.00591133 -0.017307 -0.0253937 -0.0299354 -0.0311973 -0.0288931 -0.0226982 -0.0134484 -0.00323307 0.00556891 0.0114117 0.0140163 0.013856 0.0113748 0.00673094 0.000273128 -0.00670539 -0.0119321 -0.013388 -0.0107905 -0.00575546 -0.000525758 0.00376232 0.00808215 0.0142245 0.0217829 0.027213 0.0266483 0.019197 
0.0162169 0.00343744 -0.00689998 -0.0145418 -0.0200337 -0.0230468 -0.0222896 -0.0170235 -0.00826012 0.00164143 0.0102085 0.0158214 0.0179948 0.0170098 0.0132702 0.00696665 -0.0014877 -0.0105413 -0.0172917 -0.0188932 -0.0146751 -0.00674674 0.00167816 0.00875962 0.015282 0.0231171 0.0318857 0.0378992 0.0371362 0.0288753 
0.0324064 0.0196804 0.00843639 -0.00148674 -0.0101394 -0.015765 -0.0161095 -0.0107213 -0.00151528 0.00855419 0.0169782 0.0222735 0.023918 0.0220722 0.0171388 0.00942239 -0.000511722 -0.0108987 -0.01847 -0.0198673 -0.014084 -0.00349044 0.00788796 0.0173602 0.0253362 0.033969 0.0434932 0.0506396 0.0513223 0.0443455 
0.0515954 0.0395589 0.0252596 0.00960013 -0.00508005 -0.0147725 -0.0165246 -0.0107163 -0.000485559 0.0104993 0.0196217 0.0254995 0.0275964 0.0259867 0.0210934 0.0133598 0.00348184 -0.00676566 -0.0141756 -0.0152859 -0.00873565 0.00331495 0.016403 0.026877 0.0345173 0.041906 0.0505527 0.0585277 0.0623315 0.0598618 
0.0685693 0.0577873 0.0387215 0.0148897 -0.00742974 -0.0217483 -0.0250429 -0.0189326 -0.00764181 0.00470873 0.015391 0.0229314 0.0266664 0.0265977 0.0231778 0.0169293 0.00853191 -0.000491222 -0.00731833 -0.00858747 -0.00245735 0.00953916 0.0228308 0.0327851 0.0383775 0.0426502 0.0488568 0.0572564 0.0656084 0.0705258 
0.0800186 0.0709368 0.0475831 0.0165867 -0.0119088 -0.0296033 -0.0340502 -0.0281814 -0.0167889 -0.0038148 0.00814698 0.0174005 0.0229962 0.024816 0.0232931 0.0189155 0.0121999 0.00428968 -0.00239821 -0.00447243 0.000591065 0.0120518 0.025244 0.0343555 0.0372566 0.0373505 0.040022 0.0483713 0.0616747 0.0748779 
0.08545 0.0794696 0.0554669 0.0219267 -0.00898311 -0.0282693 -0.0340372 -0.0298228 -0.020162 -0.00823917 0.00369402 0.0136722 0.02034 0.0233388 0.0229747 0.019631 0.0136426 0.00583076 -0.00160216 -0.00496747 -0.000894331 0.0106632 0.0248042 0.0342028 0.0351203 0.0309934 0.0294767 0.0367945 0.053758 0.0738245 
0.088106 0.0878086 0.0678363 0.0364633 0.00578944 -0.0151782 -0.0241725 -0.0238628 -0.0176446 -0.00789683 0.0031841 0.0131823 0.0202486 0.0236799 0.0235978 0.020316 0.014058 0.00541404 -0.00349453 -0.00858592 -0.00568077 0.00602932 0.0216052 0.0324098 0.03288 0.0258565 0.0206062 0.0261194 0.0449496 0.0701134 
0.0912625 0.0986403 0.0851218 0.0573539 0.0263823 0.00140118 -0.013654 -0.0191481 -0.0168352 -0.00878014 0.00217328 0.0127941 0.0206558 0.0247167 0.024975 0.0217583 0.0152119 0.00566455 -0.00495355 -0.0124132 -0.0120318 -0.00222367 0.0127819 0.0242509 0.0254612 0.0180372 0.0113485 0.0159896 0.0363721 0.06623 
0.0906209 0.104739 0.0970113 0.071842 0.039036 0.0084788 -0.0134624 -0.0244347 -0.0247656 -0.0167543 -0.00432302 0.00830851 0.0181398 0.0238738 0.0254653 0.0232876 0.0173908 0.00773882 -0.00422283 -0.0145995 -0.0186383 -0.0139519 -0.00314828 0.00663033 0.00884857 0.003661 -0.00123253 0.00452272 0.0265605 0.0599375 
0.0775454 0.0943651 0.0905148 0.067564 0.033709 -0.00038637 -0.0262194 -0.0396141 -0.040299 -0.030975 -0.0162656 -0.000961467 0.0115676 0.0197987 0.0235787 0.0232699 0.0188602 0.00998006 -0.00257203 -0.0155875 -0.0245663 -0.0264078 -0.0217002 -0.0149493 -0.0114178 -0.0124276 -0.0133808 -0.00612944 0.0149812 0.0467964 
0.0545445 0.069613 0.0683478 0.0486789 0.0164886 -0.0171252 -0.0423809 -0.0546972 -0.0541747 -0.0437554 -0.0278273 -0.0108772 0.00370064 0.0140688 0.0197535 0.0210157 0.017902 0.00994817 -0.00250989 -0.0169021 -0.0290744 -0.0355093 -0.0352041 -0.0301775 -0.0241083 -0.0196105 -0.015851 -0.00835308 0.00740261 0.030692 
0.0408644 0.0515985 0.0516086 0.0351605 0.00564183 -0.0256449 -0.0482861 -0.0583502 -0.0570166 -0.0472687 -0.0324455 -0.0160122 -0.00115769 0.0098544 0.0160993 0.0177305 0.0149668 0.00748114 -0.00454472 -0.0189297 -0.031836 -0.0396967 -0.0407255 -0.0352055 -0.0251804 -0.0137987 -0.00365412 0.00521128 0.01495 0.0271546 
0.0574592 0.0616663 0.0585542 0.0410368 0.0113396 -0.0191437 -0.0401732 -0.0491974 -0.0486992 -0.0414521 -0.029448 -0.0150869 -0.00145719 0.00874339 0.0142766 0.0153042 0.0122154 0.00480921 -0.00682099 -0.0208153 -0.0336634 -0.0418962 -0.0433056 -0.0367532 -0.0221963 -0.00195776 0.0190329 0.0357813 0.0462866 0.0523619 
0.107968 0.100958 0.086228 0.0599998 0.0256911 -0.00610411 -0.0271632 -0.0369678 -0.0387556 -0.0345251 -0.0250963 -0.0124414 4.98752e-05 0.00932883 0.0141093 0.0146532 0.011379 0.00400106 -0.00763572 -0.0220846 -0.0361351 -0.046197 -0.0493338 -0.0427155 -0.0236573 0.00758541 0.0450866 0.0789533 0.100939 0.10923 
0.175093 0.150307 0.115801 0.0754466 0.0350278 0.00214726 -0.0194053 -0.0313122 -0.0362032 -0.0344467 -0.0260666 -0.0134413 -0.000676086 0.00889471 0.0140406 0.015025 0.012092 0.00471878 -0.00752353 -0.023475 -0.0399499 -0.0528484 -0.0581961 -0.0515473 -0.0278461 0.0151109 0.0717323 0.128168 0.168574 0.183747 
0.235125 0.188085 0.131602 0.0783501 0.0349841 0.00360509 -0.0177281 -0.0322349 -0.0405568 -0.0408156 -0.0325022 -0.0187976 -0.00463609 0.00636266 0.0128797 0.0149398 0.0124941 0.00488033 -0.0083092 -0.0257747 -0.0439472 -0.0580393 -0.0633365 -0.0547412 -0.0261154 0.0267101 0.0996293 0.176672 0.234633 0.255013 
0.274805 0.206919 0.133544 0.0738189 0.0323786 0.00487206 -0.0154409 -0.0321664 -0.0436232 -0.0459345 -0.0381484 -0.0239359 -0.00873675 0.00354895 0.0112896 0.0140991 0.0116992 0.00356844 -0.0103103 -0.0281665 -0.0458973 -0.0582263 -0.0603628 -0.0476666 -0.0142507 0.0450597 0.127979 0.218243 0.287259 0.308151 
0.292637 0.213125 0.133096 0.0739027 0.0366922 0.0125792 -0.00709048 -0.0252289 -0.0387758 -0.0430969 -0.0369879 -0.0239109 -0.00917686 0.00315062 0.0110093 0.0136024 0.0106017 0.00185915 -0.0121189 -0.0291456 -0.0448503 -0.0539048 -0.0518689 -0.0348057 0.0025248 0.0652044 0.151591 0.245831 0.317455 0.335575 
