0.316072 0.314253 0.264354 0.185465 0.107632 0.055666 0.0383104 0.0466518 0.0612234 0.0635499 0.0461263 0.0154449 -0.0140712 -0.0308695 -0.0331905 -0.027422 -0.0210398 -0.0170318 -0.0139975 -0.0100309 -0.00496236 0.00141687 0.0113268 0.027066 0.048122 0.0730046 0.104293 0.148867 0.209246 0.273413 
0.299067 0.303541 0.2618 0.190647 0.117534 0.0669054 0.0492255 0.0572093 0.0718175 0.0742665 0.0565212 0.0246117 -0.00699655 -0.0261053 -0.0302295 -0.0254585 -0.0194574 -0.0156966 -0.013222 -0.0101597 -0.00592674 -2.34495e-05 0.00916449 0.0224213 0.0382354 0.0562732 0.0819446 0.124189 0.185372 0.252228 
0.253368 0.261782 0.229349 0.169596 0.105982 0.0612677 0.0468292 0.0568951 0.0733271 0.0778325 0.0623888 0.0322024 0.000728758 -0.019864 -0.026011 -0.0225683 -0.0167326 -0.0124328 -0.00951099 -0.00645226 -0.00239948 0.00338954 0.0118441 0.0221768 0.0318101 0.0411985 0.0578227 0.0920509 0.146441 0.208163 
0.199942 0.207959 0.181263 0.130635 0.0759612 0.0380174 0.0283045 0.042051 0.0620749 0.0708993 0.0606385 0.0352666 0.00644312 -0.0142337 -0.0219796 -0.0197985 -0.0138409 -0.00825157 -0.00372022 0.000696103 0.00579094 0.0121358 0.0198247 0.0270269 0.0309214 0.0327206 0.0407335 0.0654269 0.109383 0.16119 
0.154226 0.15899 0.134209 0.0888307 0.0402665 0.00756935 0.0019465 0.0193146 0.0433604 0.0572512 0.0530446 0.0334484 0.00831066 -0.0115018 -0.0201746 -0.0188753 -0.0125191 -0.00521887 0.00163705 0.00840518 0.015596 0.0232106 0.0303245 0.0346425 0.0341206 0.030925 0.0330432 0.0496681 0.0830751 0.123807 
0.119594 0.121319 0.0975788 0.0560768 0.0124151 -0.0161247 -0.0190242 0.000330071 0.0267447 0.0440436 0.0442254 0.0290671 0.00699091 -0.0118852 -0.0211233 -0.0204812 -0.0137904 -0.00501467 0.00394433 0.0129826 0.0223811 0.0315338 0.0384491 0.0405524 0.0369839 0.0309798 0.0297181 0.0405103 0.065182 0.096381 
0.0940054 0.0944871 0.0729483 0.0362978 -0.00144749 -0.025333 -0.0263857 -0.00742311 0.0181916 0.0357471 0.037685 0.0251259 0.00512774 -0.013156 -0.0230675 -0.0233604 -0.0170071 -0.0077758 0.00213145 0.0123706 0.0232142 0.0336876 0.0408321 0.0416059 0.0360357 0.0283567 0.025174 0.0322178 0.0508719 0.0754613 
0.0774495 0.0775072 0.0586444 0.0275446 -0.00323022 -0.021646 -0.021303 -0.00486099 0.0169114 0.0319729 0.0338704 0.0230463 0.00486237 -0.0128707 -0.0236116 -0.0253747 -0.0204071 -0.0121757 -0.00287684 0.00718514 0.0184478 0.0297776 0.037454 0.0378559 0.0314598 0.0232811 0.0197014 0.0253517 0.0410162 0.0617942 
0.0708106 0.0691344 0.0517518 0.0254587 0.00114471 -0.0123248 -0.011383 0.00129096 0.0177943 0.0293062 0.0307438 0.02179 0.00593263 -0.0106305 -0.0218347 -0.0252391 -0.0224375 -0.0164063 -0.00897287 -0.000138203 0.0107143 0.0223388 0.030605 0.0316539 0.026296 0.019925 0.0184703 0.025365 0.0403483 0.0584595 
0.0706448 0.0648396 0.0473643 0.0247384 0.00530843 -0.00508642 -0.00475032 0.00405695 0.015879 0.0245103 0.0259692 0.0193461 0.00656814 -0.00779069 -0.0185253 -0.0231023 -0.02254 -0.019142 -0.0140753 -0.00688607 0.00309027 0.0144408 0.0231243 0.0258023 0.0237856 0.0221693 0.025476 0.0352477 0.0497961 0.0639712 
0.0691398 0.0576218 0.039531 0.0202348 0.00456745 -0.00428392 -0.0051009 0.000898074 0.00990488 0.0171526 0.0192991 0.015229 0.00592792 -0.0054438 -0.0148012 -0.0198286 -0.0210406 -0.0199662 -0.017002 -0.0112721 -0.0022808 0.00831551 0.0170761 0.0220088 0.0250988 0.0302471 0.0393182 0.0512923 0.0632661 0.0706985 
0.0597875 0.0427885 0.0246708 0.0091822 -0.00248583 -0.00944348 -0.0103811 -0.00542003 0.00262443 0.0096706 0.0127868 0.0109997 0.00490058 -0.00344869 -0.011122 -0.0161682 -0.0186253 -0.0192317 -0.0177052 -0.0129408 -0.00481611 0.0047227 0.0131417 0.0202661 0.0287356 0.0404871 0.0539075 0.0654154 0.0718195 0.0703593 
0.0418632 0.0213113 0.00421273 -0.00689805 -0.0135274 -0.0168035 -0.0158404 -0.0103061 -0.00232176 0.00474438 0.00850291 0.00828046 0.00454495 -0.00141585 -0.0076743 -0.0126508 -0.0159373 -0.0175724 -0.0168272 -0.0125982 -0.00519761 0.0031639 0.0108059 0.0192072 0.031423 0.0472601 0.061892 0.0700601 0.0694093 0.0595454 
0.019588 -0.0014353 -0.0163374 -0.0229881 -0.0241457 -0.0224834 -0.0182137 -0.0113404 -0.0034714 0.00305187 0.00668005 0.00708564 0.00467225 0.000236635 -0.00500705 -0.00979506 -0.0134023 -0.0154097 -0.014947 -0.0110819 -0.00444866 0.00259837 0.00889684 0.0168664 0.0296439 0.0455661 0.058029 0.0614963 0.0550676 0.0402369 
-0.00144081 -0.0194912 -0.0309551 -0.0336654 -0.0303922 -0.0244739 -0.0171589 -0.0091555 -0.00186503 0.0034053 0.00612323 0.00634605 0.00439402 0.000779344 -0.00367466 -0.00792864 -0.0111555 -0.0128264 -0.0122437 -0.00876906 -0.00318693 0.00219886 0.00640592 0.0119627 0.0218172 0.0339908 0.0420336 0.0413614 0.0323747 0.0173415 
-0.0164856 -0.0289801 -0.0361178 -0.035866 -0.0303489 -0.0225659 -0.0140451 -0.00597332 0.0002168 0.0039262 0.00549242 0.00527287 0.00341665 0.000254827 -0.00349409 -0.00687503 -0.00912139 -0.00988108 -0.00885649 -0.00579255 -0.00150693 0.00194168 0.00360042 0.00555039 0.0103985 0.0168226 0.019978 0.0168101 0.00842049 -0.00309775 
-0.0223867 -0.0288303 -0.0318376 -0.0299027 -0.0244568 -0.0176236 -0.0104466 -0.00394138 0.000616475 0.00301301 0.00396652 0.00376971 0.00220772 -0.000551529 -0.00368983 -0.00616781 -0.00729417 -0.00698218 -0.00537505 -0.00258748 0.00061174 0.00252673 0.00221255 0.00107847 0.00127947 0.00246954 0.00184573 -0.00219236 -0.00839813 -0.0152229 
-0.0184165 -0.020526 -0.0208845 -0.0186809 -0.0149617 -0.0110979 -0.00735823 -0.00392592 -0.00141051 0.000210891 0.0014461 0.00204281 0.00122208 -0.0010374 -0.00373112 -0.00560907 -0.00596582 -0.00489247 -0.0028271 -8.14796e-05 0.0027424 0.00433341 0.00371804 0.00158028 -0.000504357 -0.00218568 -0.00463385 -0.0084386 -0.0125106 -0.0157677 
-0.00701523 -0.00735201 -0.00702229 -0.00580237 -0.00463031 -0.00448323 -0.00498393 -0.00522402 -0.00480394 -0.00351572 -0.00143772 0.000377662 0.000542549 -0.00118474 -0.00365787 -0.00538888 -0.0055641 -0.00431094 -0.00214354 0.000684459 0.00387384 0.00643914 0.00728539 0.00640278 0.00474532 0.0029227 0.000677658 -0.00212637 -0.00472048 -0.00629311 
0.00689779 0.0065885 0.0063027 0.0058748 0.0044358 0.00122609 -0.0029998 -0.0064484 -0.00776539 -0.00660019 -0.00368455 -0.000805659 0.000191311 -0.00114178 -0.00363885 -0.00564554 -0.00619799 -0.00535249 -0.0035348 -0.000763425 0.00301408 0.00702148 0.00996776 0.0113061 0.0115561 0.0113917 0.0108814 0.00980826 0.0084341 0.00740026 
0.0181711 0.0174796 0.0163631 0.0144582 0.0110602 0.00560535 -0.00102751 -0.00657351 -0.00901506 -0.00790229 -0.00449465 -0.00107246 0.000322742 -0.000877601 -0.00360375 -0.00615962 -0.00744039 -0.00737385 -0.00624831 -0.00385921 9.72047e-05 0.004947 0.00925838 0.012237 0.0143011 0.0162327 0.0181145 0.0192931 0.0193684 0.0187927 
0.0238109 0.0230549 0.0215623 0.0189775 0.0148079 0.00861043 0.00116108 -0.00520094 -0.00813034 -0.00710605 -0.00368518 -0.0003338 0.000975538 -0.000335274 -0.00337055 -0.00651823 -0.00856806 -0.00929931 -0.00891347 -0.00716052 -0.00368249 0.000927457 0.0053134 0.00874452 0.0117375 0.0151751 0.0190538 0.0222966 0.023939 0.024179 
0.0238109 0.0233477 0.0220191 0.0196736 0.0159867 0.0104775 0.00361991 -0.00249016 -0.00547468 -0.00472879 -0.0018057 0.000964001 0.00187088 0.000387583 -0.00282283 -0.00633828 -0.0088989 -0.0101429 -0.0102601 -0.00916081 -0.00662272 -0.00310752 0.000381082 0.00339625 0.00650094 0.0104679 0.0151905 0.0195228 0.0223401 0.0235666 
0.0199969 0.0200466 0.019264 0.0177697 0.0153455 0.0113835 0.00595635 0.000705171 -0.00216748 -0.00192315 0.000169683 0.00215414 0.00265977 0.00120188 -0.00183157 -0.00529479 -0.00796881 -0.00938665 -0.00974684 -0.00920908 -0.00779031 -0.00578492 -0.00366205 -0.00146538 0.00129536 0.00503262 0.00948164 0.0137534 0.017013 0.019032 
0.0142944 0.0150503 0.015046 0.0145414 0.0134312 0.0110977 0.00728629 0.00309463 0.000415679 0.000147339 0.00146151 0.00285693 0.00326025 0.00218968 -0.000241563 -0.00321828 -0.0056841 -0.00713282 -0.0077202 -0.00777246 -0.00752675 -0.00714124 -0.00656374 -0.00540769 -0.00322723 -7.39967e-06 0.00371681 0.00727 0.0102841 0.0126646 
0.00806164 0.00969593 0.01053 0.010757 0.0104933 0.00937172 0.00699078 0.0038952 0.00156435 0.00101978 0.0019032 0.00312965 0.00381058 0.00342789 0.0018783 -0.000349801 -0.00247281 -0.00403039 -0.00506098 -0.00586743 -0.00678282 -0.00790495 -0.00886284 -0.00893161 -0.00754907 -0.00486506 -0.00172794 0.00107401 0.00348699 0.00584079 
0.00225223 0.00474849 0.0062268 0.00677941 0.00688354 0.00656811 0.00538535 0.0033721 0.00156478 0.00105196 0.00189152 0.0033133 0.00448543 0.0048318 0.00413938 0.0026534 0.000847541 -0.000942305 -0.0026172 -0.00429808 -0.00625923 -0.00859523 -0.0108789 -0.012237 -0.011874 -0.00979372 -0.00702342 -0.00468397 -0.0027858 -0.000530298 
-0.0026929 0.000368193 0.00211058 0.00273022 0.00308913 0.00345586 0.00328422 0.00225429 0.00108862 0.000898136 0.00201151 0.0038247 0.00546538 0.00631104 0.00616143 0.00516566 0.0035602 0.00152112 -0.00078702 -0.00328655 -0.00609297 -0.00928662 -0.0125463 -0.0150459 -0.0158089 -0.0145443 -0.0122047 -0.0101135 -0.00837786 -0.00599181 
-0.00694145 -0.0037375 -0.00204863 -0.00135211 -0.000557948 0.000514011 0.00115002 0.00093787 0.000516316 0.000951859 0.00260831 0.00488383 0.00684472 0.00787565 0.00787236 0.0070201 0.00546543 0.0032654 0.000546535 -0.00252624 -0.00591131 -0.00963002 -0.013492 -0.0168422 -0.018689 -0.0184988 -0.0169243 -0.0151444 -0.0133208 -0.0105993 
-0.0106421 -0.00760825 -0.00606047 -0.00515403 -0.0038124 -0.00213702 -0.00094171 -0.000477801 -3.80099e-05 0.0012847 0.00365149 0.0063554 0.00847284 0.00948324 0.00939024 0.00844781 0.00683507 0.00459349 0.00177778 -0.00148631 -0.0050974 -0.00903481 -0.0132158 -0.017177 -0.0200205 -0.0210598 -0.0205421 -0.0192577 -0.0173626 -0.0143777 
-0.0134138 -0.0106626 -0.00916781 -0.00799652 -0.00626861 -0.00429334 -0.00279382 -0.00175078 -0.000409827 0.00185896 0.00489107 0.00786891 0.0099944 0.010928 0.0107453 0.009703 0.00803762 0.00587061 0.00323792 0.000168359 -0.00330893 -0.00722642 -0.0115956 -0.0160739 -0.019823 -0.0220191 -0.0225235 -0.0217556 -0.0199153 -0.0169336 
-0.014892 -0.0123772 -0.0108301 -0.0094742 -0.00767604 -0.00574189 -0.00413157 -0.00260487 -0.000491218 0.0025129 0.00595625 0.00898973 0.0110186 0.0119135 0.0117769 0.0107843 0.00918085 0.00719492 0.00490379 0.00224086 -0.000919284 -0.00473394 -0.00927759 -0.0142245 -0.0187139 -0.0217868 -0.0230194 -0.0226065 -0.020868 -0.018069 
-0.015341 -0.0129919 -0.0114387 -0.0100971 -0.00848362 -0.00674386 -0.00505681 -0.0031175 -0.00046915 0.00290994 0.0064368 0.00934418 0.0112456 0.0121721 0.012213 0.0114252 0.010012 0.00827568 0.00634129 0.00405999 0.00115291 -0.00263628 -0.00737472 -0.0126822 -0.0176588 -0.0212731 -0.0229337 -0.0226947 -0.0209706 -0.0182759 
-0.0151318 -0.0130703 -0.0118412 -0.0108435 -0.00954167 -0.00789447 -0.00596324 -0.00358537 -0.00059401 0.0028495 0.00619981 0.00886533 0.0106341 0.0116209 0.0118771 0.0113502 0.0101807 0.00869973 0.00705458 0.00502261 0.00221326 -0.00165711 -0.00657894 -0.0120904 -0.017279 -0.021116 -0.0229307 -0.02266 -0.0207512 -0.0179433 
-0.0139848 -0.0126166 -0.0122666 -0.012039 -0.0111465 -0.00941502 -0.00701189 -0.00409289 -0.000804188 0.00258536 0.0056481 0.00799648 0.00956799 0.0105351 0.0109272 0.0106111 0.00965635 0.00838873 0.00696629 0.00511437 0.002366 -0.00155749 -0.00655284 -0.0120718 -0.017184 -0.0208754 -0.0224577 -0.0218333 -0.0195284 -0.0165347 
-0.0115315 -0.0113076 -0.0122884 -0.0131591 -0.0127947 -0.0109431 -0.00799726 -0.00447827 -0.000819485 0.00260608 0.0054382 0.00744185 0.00869789 0.00947667 0.00984496 0.00962756 0.00881381 0.00769666 0.0064504 0.00478973 0.00220427 -0.00158531 -0.00641301 -0.0116585 -0.0163491 -0.0194685 -0.020379 -0.019108 -0.016387 -0.0134401 
-0.00855777 -0.00965488 -0.0119777 -0.0138951 -0.0140279 -0.0121034 -0.0087222 -0.00466427 -0.000559232 0.00308741 0.00586156 0.00758028 0.00845455 0.00889989 0.0090797 0.00882173 0.0080486 0.00700471 0.00587577 0.00440054 0.00207254 -0.00137443 -0.00573837 -0.0103634 -0.0142655 -0.0164741 -0.0165008 -0.0146286 -0.0118368 -0.00943003 
-0.006756 -0.00910258 -0.0123892 -0.0148833 -0.0151663 -0.0130655 -0.00935036 -0.00489096 -0.000354655 0.0036501 0.00656711 0.00816199 0.00872551 0.0088113 0.00869751 0.00826204 0.00741177 0.00635432 0.00527089 0.00393365 0.00188431 -0.00109378 -0.0047638 -0.00847626 -0.0113227 -0.0124987 -0.0117746 -0.0097305 -0.00750834 -0.0062606 
-0.00687063 -0.010465 -0.0144006 -0.0169897 -0.0169848 -0.0144771 -0.0104341 -0.00570544 -0.000829347 0.0035865 0.00682952 0.0085272 0.00896433 0.00878107 0.00836239 0.00767513 0.00666762 0.00554065 0.00446945 0.00326032 0.00151455 -0.000931795 -0.00381346 -0.00650321 -0.00821622 -0.00839703 -0.00714776 -0.00535659 -0.00425312 -0.00468714 
-0.00776883 -0.0128039 -0.01749 -0.020174 -0.0198403 -0.0169122 -0.0125936 -0.00769925 -0.00256047 0.00230184 0.00603072 0.00804654 0.00854867 0.00823094 0.00759351 0.00670991 0.00558428 0.00442548 0.00341825 0.00240522 0.00101965 -0.000894127 -0.00305823 -0.00483212 -0.00549899 -0.00472301 -0.00294998 -0.00141069 -0.00146499 -0.00370098 
-0.0077434 -0.0142825 -0.0200343 -0.0232966 -0.0231635 -0.0202418 -0.0158901 -0.0109249 -0.00554509 -0.0002119 0.00407088 0.00649454 0.00715399 0.00681332 0.00611076 0.0052103 0.00413097 0.00307118 0.00223137 0.00148051 0.000443439 -0.00105738 -0.00270675 -0.0037755 -0.00352891 -0.00178937 0.000685206 0.0023267 0.00158724 -0.0020148 
-0.00624248 -0.0136772 -0.0203753 -0.0246251 -0.0254301 -0.0232172 -0.0192346 -0.0143266 -0.00876676 -0.00309768 0.00154493 0.00420988 0.00495855 0.00465556 0.0040585 0.00335438 0.00249971 0.00164198 0.000989925 0.000429677 -0.000429042 -0.0017472 -0.00308878 -0.00357773 -0.00248374 0.000162359 0.00332958 0.0052714 0.00439344 0.000267256 
-0.00406426 -0.0108109 -0.0173649 -0.0223135 -0.0244567 -0.023599 -0.0204726 -0.0158924 -0.0104258 -0.00486809 -0.000428717 0.00199188 0.00256522 0.00226845 0.00189065 0.00152134 0.000957432 0.000253199 -0.000367702 -0.000975442 -0.0019373 -0.0033255 -0.00448944 -0.00439255 -0.00245818 0.000874781 0.00430333 0.00621333 0.00539811 0.00170358 
-0.00234899 -0.00624321 -0.0107249 -0.0152136 -0.0184194 -0.0192432 -0.0175054 -0.0137853 -0.00897983 -0.00422062 -0.00074464 0.000758396 0.00070461 0.000200505 -1.47273e-05 -6e-05 -0.000384781 -0.00106096 -0.00182742 -0.00267247 -0.00392814 -0.00556732 -0.00667005 -0.00600672 -0.00327753 0.000428838 0.00344087 0.00455821 0.00353989 0.000986992 
-0.00190592 -0.00132796 -0.00184905 -0.00424076 -0.00751676 -0.00980691 -0.00986669 -0.00772715 -0.00433495 -0.00102795 0.000927208 0.00100802 -0.000137544 -0.00124711 -0.00159591 -0.0014955 -0.00165253 -0.00228163 -0.00309136 -0.00401658 -0.0054379 -0.00731907 -0.00847001 -0.0073799 -0.00398868 -0.000157085 0.00189527 0.00141913 -0.000467948 -0.00189233 
-0.00361693 0.00158551 0.00598577 0.00718933 0.00531478 0.00241827 0.000564049 0.000514499 0.00179229 0.00325202 0.00363459 0.00233617 -1.88751e-05 -0.00206429 -0.00294766 -0.00298181 -0.00301145 -0.00337676 -0.00381553 -0.0043191 -0.00545042 -0.00728505 -0.00843228 -0.00707516 -0.00327026 0.000447029 0.00122398 -0.00143688 -0.00509912 -0.00635085 
-0.00860377 0.000247832 0.00953924 0.0152535 0.016167 0.0138119 0.0105743 0.00805742 0.00675891 0.00626723 0.0055019 0.00349978 0.000430276 -0.00245459 -0.00407404 -0.00447892 -0.00443045 -0.00431977 -0.00397326 -0.00354546 -0.00386047 -0.00518338 -0.00607854 -0.00458756 -0.000838384 0.00224229 0.00136341 -0.00390283 -0.0101782 -0.0126096 
-0.0164192 -0.0049459 0.00869486 0.0189905 0.0232256 0.0220265 0.0177097 0.0126274 0.00853791 0.00619233 0.00490984 0.00319901 0.000366306 -0.00277268 -0.00495556 -0.0057915 -0.00572727 -0.00507748 -0.00376218 -0.002142 -0.00131022 -0.0017641 -0.00220627 -0.00077658 0.00230451 0.00404145 0.00107865 -0.00695595 -0.0161581 -0.0205623 
-0.0233995 -0.0101127 0.00690878 0.0208557 0.0276872 0.027159 0.0214252 0.0135281 0.00656332 0.00258707 0.00138686 0.000851616 -0.000803427 -0.00344812 -0.0057711 -0.00689204 -0.00678221 -0.00555452 -0.00320717 -0.000335158 0.00169093 0.0021206 0.00205718 0.00323663 0.00542388 0.00573708 0.000931677 -0.00933934 -0.0209654 -0.0272477 
-0.0252709 -0.0114214 0.00735772 0.0233049 0.0312654 0.0302173 0.0222191 0.0110841 0.00125801 -0.00401513 -0.00464231 -0.00344074 -0.00331473 -0.00488529 -0.00688846 -0.00798556 -0.0076141 -0.00563187 -0.00214415 0.00195079 0.00497392 0.00597099 0.00603447 0.00707449 0.00904529 0.00909643 0.00381978 -0.00737757 -0.0204527 -0.028295 
-0.0220789 -0.00960531 0.00897217 0.0254194 0.0334827 0.0311746 0.0204407 0.00598542 -0.00642124 -0.0125964 -0.0123763 -0.00928226 -0.00717692 -0.00734217 -0.00861299 -0.00928737 -0.00832903 -0.00538073 -0.000710603 0.00442734 0.00806235 0.00919573 0.00924357 0.0106743 0.013758 0.0153627 0.0113828 0.000572363 -0.0133292 -0.0230105 
-0.0183872 -0.00925792 0.00753676 0.0238024 0.0320981 0.0291105 0.0164547 -0.000396973 -0.0145994 -0.0213435 -0.0204742 -0.0159293 -0.0121189 -0.0107906 -0.0109704 -0.0108157 -0.00901503 -0.0050997 0.000495907 0.00622286 0.00994042 0.010822 0.0108714 0.0132684 0.0185127 0.0228961 0.0212677 0.0114544 -0.00329749 -0.0156279 
-0.0173943 -0.0128264 0.00121357 0.0170329 0.0261434 0.0238158 0.0110872 -0.00626823 -0.0209395 -0.0279396 -0.0270777 -0.0221498 -0.0174436 -0.0148472 -0.0136984 -0.0123677 -0.00959821 -0.00494853 0.00105388 0.0067415 0.00998374 0.010273 0.0102348 0.0136419 0.0211041 0.0283685 0.0293215 0.0207945 0.00529891 -0.0100315 
-0.0167937 -0.0166663 -0.00574224 0.00898306 0.0184227 0.0169816 0.00533623 -0.0108045 -0.0244244 -0.0310613 -0.0306896 -0.0265341 -0.0220491 -0.0187778 -0.0163478 -0.0136634 -0.00988396 -0.00474928 0.00121773 0.00643254 0.00890265 0.00839157 0.00792621 0.0116766 0.0204817 0.0299844 0.0335205 0.0269848 0.0118397 -0.00546138 
-0.011987 -0.0144286 -0.00587375 0.00696665 0.0147963 0.0122338 0.000618103 -0.0140813 -0.0256038 -0.0308782 -0.0307308 -0.0279248 -0.0246663 -0.021608 -0.0183889 -0.0145334 -0.00984629 -0.00436006 0.00147751 0.00629193 0.00821598 0.00701419 0.00572977 0.00880752 0.0176742 0.0284936 0.0345578 0.0309892 0.0180037 0.000994056 
-0.00110637 -0.00303862 0.0052113 0.01629 0.020657 0.0141038 -4.84024e-05 -0.0146736 -0.0241811 -0.0274747 -0.0270261 -0.0256721 -0.0243948 -0.0225758 -0.0194622 -0.01504 -0.00977988 -0.00403313 0.00185066 0.00671621 0.00868253 0.0071597 0.0048344 0.00638123 0.0141822 0.0254539 0.0338767 0.034005 0.0247944 0.0104883 
0.0146335 0.0157921 0.0260149 0.0366011 0.0374579 0.02575 0.00729873 -0.00903876 -0.0179014 -0.0199841 -0.0195751 -0.0200183 -0.0213963 -0.0217699 -0.0197173 -0.0154546 -0.010028 -0.00412127 0.00195562 0.00720188 0.00961736 0.00806304 0.00465951 0.00425197 0.0103627 0.0216264 0.032444 0.0368905 0.0325787 0.0226149 
0.0322199 0.0372163 0.050355 0.061736 0.0606948 0.0452755 0.0230068 0.00404044 -0.00609374 -0.00892034 -0.00983819 -0.0127325 -0.0172251 -0.0203207 -0.0198645 -0.0161215 -0.0106415 -0.00455007 0.00170784 0.00722534 0.00998779 0.00843594 0.0040861 0.00175266 0.00600474 0.01711 0.0304869 0.0397518 0.0409597 0.0359475 
0.0465902 0.0544314 0.0694268 0.0814022 0.0798799 0.0633659 0.0395914 0.0186801 0.00631581 0.00127795 -0.00182785 -0.00719041 -0.0144211 -0.0199169 -0.0208678 -0.0174268 -0.0115693 -0.00500874 0.00145487 0.00698074 0.00981437 0.00833669 0.00351608 -0.000235832 0.0022427 0.0127343 0.0279025 0.0411974 0.0472845 0.0467052 
0.052923 0.0615519 0.0754877 0.0855844 0.0831769 0.0675559 0.0453673 0.0250093 0.0115868 0.00470837 -6.11395e-05 -0.00677353 -0.0153061 -0.0219565 -0.0234752 -0.0197693 -0.0130552 -0.00560827 0.00133821 0.00700647 0.0100976 0.00924161 0.00497197 0.000929479 0.00209637 0.0110902 0.0257789 0.040176 0.0485924 0.0507735 
0.0521634 0.058971 0.0677668 0.0718713 0.0664761 0.0525857 0.0350639 0.0189496 0.00732747 0.000224735 -0.00522935 -0.0121409 -0.0204395 -0.0267256 -0.0277419 -0.0232172 -0.0153977 -0.00684316 0.000984933 0.00742754 0.011605 0.0124447 0.0101779 0.0075183 0.00848966 0.0155013 0.0272336 0.039074 0.0464954 0.0493345 
0.0522332 0.0550324 0.0550651 0.0493641 0.0386239 0.0264561 0.0157681 0.00712876 3.78807e-05 -0.00610827 -0.0124114 -0.0199472 -0.0278609 -0.0330802 -0.0328718 -0.0272095 -0.0183922 -0.00893088 -9.87341e-05 0.00773296 0.0139628 0.0176593 0.0188271 0.0193071 0.0217317 0.027452 0.0354203 0.0428078 0.0473727 0.0497434 
0.0621338 0.0605107 0.0504025 0.0330872 0.0153968 0.0040622 0.000408013 0.000424387 -0.000886395 -0.00595254 -0.0144901 -0.0247595 -0.0339817 -0.0388849 -0.0375374 -0.0307681 -0.0212986 -0.0114827 -0.00204857 0.00714249 0.0157298 0.0228261 0.028276 0.0332149 0.0388409 0.0450388 0.0505644 0.0543294 0.056763 0.059484 
0.0866758 0.0819989 0.0624985 0.0334359 0.00748407 -0.005235 -0.00400836 0.00354929 0.00796087 0.00394157 -0.00787934 -0.0229859 -0.0358228 -0.0420736 -0.0404228 -0.0329536 -0.0232744 -0.0137521 -0.00450126 0.00522178 0.0153644 0.0252178 0.0347365 0.0446861 0.0550167 0.0639894 0.0698003 0.0728647 0.0761225 0.0818454 
0.12696 0.120655 0.0924979 0.0513431 0.0150987 -0.00253337 -0.000230398 0.012291 0.0217451 0.0193406 0.00474742 -0.0155576 -0.0331009 -0.0419021 -0.0408518 -0.0332795 -0.0238682 -0.0151872 -0.00689257 0.002235 0.012421 0.023351 0.0355824 0.0500936 0.0659824 0.0799504 0.0894816 0.0962122 0.104919 0.117479 
0.181467 0.17391 0.136599 0.082047 0.0329546 0.00664595 0.00593124 0.0202709 0.0335099 0.0333393 0.0175286 -0.0065902 -0.028149 -0.039433 -0.0392829 -0.0320509 -0.0233341 -0.0158638 -0.00895208 -0.00113892 0.00784704 0.0180829 0.031089 0.048651 0.0696513 0.0898229 0.106316 0.121744 0.141478 0.165217 
0.242751 0.234452 0.188097 0.119922 0.0568946 0.0197292 0.0130872 0.0263773 0.0415244 0.0433087 0.0273365 0.000913232 -0.0234311 -0.0364989 -0.0370384 -0.0302584 -0.0224466 -0.0163299 -0.0108568 -0.00445125 0.00297322 0.0116303 0.0238568 0.0423672 0.066431 0.0919265 0.116698 0.144341 0.179517 0.217964 
0.294259 0.287529 0.235814 0.158004 0.083919 0.0369895 0.0238873 0.034538 0.0497824 0.0523445 0.0359661 0.00754613 -0.0192408 -0.0339245 -0.0351092 -0.0287523 -0.0217689 -0.0168926 -0.0127485 -0.00760221 -0.00148692 0.00575197 0.0166814 0.0343299 0.0584054 0.0859459 0.116744 0.155769 0.206415 0.259942 
