0.376326 0.338288 0.251338 0.155184 0.0801612 0.0348399 0.0140281 0.00878193 0.0112058 0.0158319 0.0191619 0.0188175 0.0137495 0.00510104 -0.00421718 -0.0116882 -0.0166254 -0.019308 -0.0198119 -0.0181138 -0.0138253 -0.00510133 0.0103504 0.0322256 0.0580272 0.0885609 0.131292 0.194646 0.275243 0.348338 
0.339036 0.313323 0.240342 0.153329 0.0816197 0.0370552 0.0175563 0.0145718 0.0185109 0.0225286 0.0235986 0.0209029 0.0144361 0.00530545 -0.00408845 -0.0115236 -0.0164194 -0.0193322 -0.0206379 -0.0201228 -0.0166945 -0.00795717 0.00816282 0.030539 0.0556887 0.0831064 0.118785 0.171188 0.240289 0.30727 
0.262906 0.251733 0.199372 0.129149 0.0669116 0.0271957 0.0117696 0.013338 0.020811 0.0256148 0.0249805 0.019962 0.0121613 0.00300301 -0.00564059 -0.0120598 -0.0159604 -0.0182461 -0.0196005 -0.0196301 -0.0166574 -0.00801583 0.00783358 0.0287865 0.0504987 0.0713141 0.0952874 0.129941 0.178718 0.231306 
0.191434 0.19119 0.155759 0.100177 0.0468041 0.0118351 0.000248386 0.00616869 0.0173744 0.0235849 0.0220065 0.0153752 0.00695805 -0.00141451 -0.00846411 -0.0131215 -0.0153798 -0.016318 -0.0167475 -0.0162313 -0.0131427 -0.00525682 0.00842371 0.0256477 0.0422899 0.056432 0.0705745 0.0907156 0.122228 0.161582 
0.144708 0.150403 0.125307 0.0791747 0.0313974 -0.00130471 -0.0115502 -0.00359726 0.00988891 0.0173065 0.0155365 0.00835886 0.00028193 -0.00657819 -0.0115721 -0.0142909 -0.0149152 -0.014435 -0.0135135 -0.0116747 -0.0078057 -0.000756361 0.00981915 0.0222472 0.0336923 0.0429024 0.0515175 0.0639399 0.0857025 0.116799 
0.117647 0.125164 0.106134 0.0669755 0.0237156 -0.00785169 -0.018798 -0.0114127 0.0023387 0.0103722 0.00899467 0.00210027 -0.00521944 -0.0106117 -0.0138403 -0.0150308 -0.0145234 -0.0131458 -0.0112589 -0.00815182 -0.00306198 0.00402732 0.0124899 0.0210005 0.0281804 0.0340101 0.040082 0.0495411 0.066808 0.0927024 
0.0992966 0.105668 0.0909838 0.0591955 0.0221065 -0.00704452 -0.019009 -0.0139543 -0.00172726 0.00629428 0.00567407 -0.000586372 -0.00747402 -0.012274 -0.014675 -0.0150592 -0.0140009 -0.0123589 -0.0102666 -0.00657439 -0.000336659 0.00779424 0.0160014 0.0224942 0.0267523 0.0301634 0.0350063 0.0435664 0.0583384 0.0793454 
0.0854882 0.0892883 0.078263 0.0543784 0.0250365 7.79529e-06 -0.0123677 -0.0104568 -0.0010245 0.00628494 0.00633993 0.000621163 -0.00641119 -0.0116099 -0.0141857 -0.014505 -0.0134342 -0.0120611 -0.0104017 -0.00679207 0.000210613 0.00969515 0.0187576 0.024769 0.0275661 0.0297404 0.0343886 0.0430297 0.055916 0.0717516 
0.0765594 0.0779682 0.070012 0.0531801 0.0313471 0.0110478 -0.000951379 -0.00197967 0.00412397 0.00981576 0.00973247 0.00404099 -0.00348776 -0.00949092 -0.0127427 -0.0135267 -0.0129696 -0.0123527 -0.0115037 -0.00826249 -0.000832512 0.0096037 0.0194192 0.0256374 0.0284726 0.0310934 0.0367145 0.0459521 0.0572388 0.0684054 
0.0706058 0.0705417 0.0649335 0.0535612 0.0380956 0.0225707 0.012022 0.00926458 0.0123451 0.0155824 0.0141616 0.00780478 -0.000261273 -0.00685883 -0.0107054 -0.0121128 -0.0123599 -0.0127103 -0.0126637 -0.00971431 -0.00213646 0.00841817 0.0181129 0.0244603 0.0282083 0.0322914 0.0391848 0.0487164 0.0584955 0.0662232 
0.0631315 0.0624599 0.0585101 0.0512873 0.0414187 0.030966 0.0231277 0.0201303 0.0209007 0.0213329 0.0178567 0.0105208 0.00215393 -0.00456565 -0.00863803 -0.0104953 -0.0113802 -0.0122985 -0.0124493 -0.00939561 -0.00198351 0.00762949 0.0159541 0.021521 0.0255387 0.0302664 0.0373015 0.0462199 0.0546885 0.0605521 
0.0517236 0.0512094 0.0485033 0.0444298 0.0394443 0.0340877 0.0296177 0.0272023 0.02619 0.0240317 0.0187258 0.0108545 0.00280461 -0.00341181 -0.0072463 -0.00924405 -0.0103472 -0.0110555 -0.010425 -0.00663482 0.000464823 0.00830559 0.0140922 0.0174177 0.0198168 0.0231114 0.0286141 0.03619 0.0438368 0.0493216 
0.0378285 0.0383703 0.0368725 0.0348157 0.0330749 0.0314974 0.029775 0.0279115 0.0254901 0.0214316 0.0152113 0.00780787 0.00105016 -0.00382874 -0.00684171 -0.00862318 -0.00960159 -0.0095748 -0.00752497 -0.00250115 0.00452322 0.0106237 0.0135902 0.0137422 0.0128873 0.0129421 0.0155926 0.0212951 0.0283856 0.0344034 
0.0239021 0.0264911 0.0265428 0.025507 0.0248374 0.0246524 0.0240402 0.0222277 0.0188561 0.0138355 0.00769061 0.00166451 -0.00294875 -0.00572267 -0.00728081 -0.00836554 -0.0089304 -0.00812986 -0.00482767 0.00132842 0.00861808 0.013838 0.0149453 0.0124402 0.00818404 0.00429957 0.00308181 0.0059182 0.0119081 0.0186346 
0.0115076 0.0168611 0.0190162 0.018838 0.0180499 0.0174077 0.0162652 0.0137707 0.00965555 0.00427365 -0.00132276 -0.00572438 -0.00804492 -0.00854062 -0.00831783 -0.00822705 -0.0080424 -0.00665516 -0.00282434 0.00372246 0.0111869 0.0163343 0.0170102 0.0134395 0.00706384 -0.000296499 -0.00595683 -0.00715919 -0.00322356 0.00397819 
0.0031329 0.0111858 0.0155322 0.0165444 0.0158458 0.0144037 0.0119204 0.0079611 0.00269508 -0.00318265 -0.00840642 -0.0115848 -0.0122279 -0.0110821 -0.00943795 -0.0081522 -0.00711994 -0.00540886 -0.00179888 0.00422735 0.0112934 0.0164538 0.0175133 0.0143399 0.00763519 -0.00168208 -0.0110029 -0.0161139 -0.0143108 -0.00664604 
0.00249808 0.0121566 0.0176399 0.0195475 0.01942 0.0177431 0.0139545 0.00803956 0.00101214 -0.00580347 -0.0110243 -0.0135771 -0.0134991 -0.0118347 -0.00973551 -0.00790987 -0.00647514 -0.00486375 -0.00197872 0.0029517 0.00907054 0.0138875 0.0153705 0.0132618 0.00768547 -0.00143803 -0.0119853 -0.0188383 -0.0177224 -0.0090917 
0.0102929 0.0199296 0.0248623 0.0266263 0.0269251 0.0253806 0.0206113 0.0128033 0.00398083 -0.00371597 -0.00893657 -0.0112566 -0.0112971 -0.0101533 -0.00861815 -0.00716732 -0.00606503 -0.00501218 -0.00303871 0.000725684 0.00578836 0.0101043 0.011881 0.0108955 0.0071006 -0.000107413 -0.00914002 -0.0148138 -0.0123809 -0.00227269 
0.0215532 0.0298683 0.033197 0.0340153 0.0341649 0.0325317 0.0270354 0.0179899 0.00822899 0.000479012 -0.0042346 -0.00633649 -0.00690382 -0.00681854 -0.00643021 -0.00596736 -0.005676 -0.00532628 -0.00408154 -0.00118484 0.00306073 0.00705065 0.00918673 0.00913113 0.00686191 0.0019342 -0.00421875 -0.00695797 -0.00217801 0.00915708 
0.0291743 0.035552 0.0373514 0.0372861 0.0369355 0.0348753 0.0289632 0.0197076 0.0102896 0.00355916 2.74743e-05 -0.00152147 -0.00244908 -0.00333573 -0.00412933 -0.00477377 -0.00529702 -0.00539955 -0.0044681 -0.00207 0.00158292 0.0054131 0.00800673 0.00862328 0.00716491 0.00381642 0.000310775 0.000451646 0.00699681 0.0182761 
0.0292924 0.0335972 0.0345505 0.034298 0.0337183 0.0313807 0.025565 0.0169881 0.0087751 0.00360785 0.00159961 0.00103142 0.000338409 -0.000929984 -0.00248555 -0.00395456 -0.00501062 -0.0052463 -0.00434589 -0.00228128 0.000797362 0.0043994 0.0073752 0.00849886 0.00743066 0.00499565 0.00329051 0.00512245 0.0117512 0.0211347 
0.0231186 0.0254358 0.0260896 0.0263154 0.0261433 0.0241412 0.0190036 0.0115505 0.0046778 0.000872301 0.000160168 0.000720289 0.000850018 -3.27051e-05 -0.00165788 -0.00343047 -0.00470422 -0.0049843 -0.00417319 -0.00250525 -6.82356e-05 0.00313032 0.00629765 0.00794952 0.00742587 0.00576422 0.00507899 0.00720315 0.0122615 0.0183736 
0.014258 0.0147935 0.0152023 0.015985 0.0165433 0.0154048 0.0114545 0.00541773 -0.000183499 -0.00307339 -0.00303715 -0.00159352 -0.000419029 -0.000360303 -0.00139293 -0.00291816 -0.00415079 -0.00454036 -0.00400425 -0.00277529 -0.000897005 0.00183829 0.00499319 0.00717021 0.00739918 0.00638769 0.00593454 0.00727671 0.010029 0.0127165 
0.00473729 0.00385761 0.00386348 0.00485409 0.00597167 0.00583157 0.0034278 -0.000790994 -0.00491123 -0.00701114 -0.00658046 -0.00457271 -0.00244976 -0.00128529 -0.0013771 -0.00229236 -0.00328039 -0.00375228 -0.00346487 -0.00246234 -0.000818611 0.00155165 0.00441161 0.00669286 0.00725477 0.00623415 0.00507853 0.00496881 0.00553133 0.00557039 
-0.00564344 -0.00739473 -0.00763304 -0.006497 -0.00492973 -0.00412957 -0.00491639 -0.00708863 -0.00942228 -0.010491 -0.00959183 -0.00712473 -0.00425659 -0.00216163 -0.0013713 -0.00162577 -0.00225976 -0.0026484 -0.00234648 -0.00119339 0.000608211 0.00275271 0.00495377 0.00653637 0.00647009 0.00449769 0.00184213 -9.80273e-05 -0.00145756 -0.00328811 
-0.0164495 -0.0185018 -0.0184547 -0.0167038 -0.0143978 -0.0126774 -0.012104 -0.0124665 -0.0130172 -0.0128462 -0.0112925 -0.00842246 -0.00512449 -0.00252678 -0.0012324 -0.00105418 -0.00136916 -0.00153099 -0.00098165 0.000543837 0.00268348 0.00467799 0.00599892 0.00628716 0.0048937 0.00150771 -0.00283033 -0.00663129 -0.00978591 -0.0131188 
-0.02521 -0.0271408 -0.0263658 -0.0235512 -0.0202037 -0.0175959 -0.0160473 -0.0151247 -0.0142816 -0.0130439 -0.0109671 -0.00799071 -0.00475022 -0.00220358 -0.000890496 -0.000609559 -0.000741188 -0.000657895 0.000174087 0.0020086 0.00439044 0.00625245 0.00677611 0.00576937 0.00307292 -0.00142975 -0.00693545 -0.0121486 -0.0167893 -0.0213026 
-0.029747 -0.0313071 -0.0297826 -0.025981 -0.0216734 -0.0182933 -0.016042 -0.0143184 -0.0126597 -0.0108775 -0.00872868 -0.00609704 -0.00338187 -0.00130844 -0.000290649 -9.84093e-05 -0.000133682 0.000162626 0.00120468 0.00316721 0.0055995 0.00734107 0.00733652 0.00539843 0.00179221 -0.00328346 -0.00925242 -0.0151714 -0.0206597 -0.025752 
-0.0302908 -0.0313524 -0.0293628 -0.0250494 -0.0201432 -0.0161397 -0.0133292 -0.0111828 -0.00929753 -0.00755554 -0.00576421 -0.00374941 -0.00172364 -0.000192892 0.000555166 0.000741733 0.000879009 0.00140821 0.00259433 0.00452296 0.0068178 0.00839685 0.00807245 0.00554472 0.00133769 -0.00400778 -0.0100167 -0.0160699 -0.0217336 -0.02672 
-0.0283419 -0.0288609 -0.0267206 -0.0224229 -0.0173832 -0.0130354 -0.00990806 -0.00772391 -0.00609484 -0.00477087 -0.00347722 -0.00200807 -0.00048525 0.000740438 0.0014815 0.0019104 0.00238505 0.00317968 0.00441397 0.00610497 0.00798279 0.00916748 0.0085144 0.0056222 0.00109527 -0.00428015 -0.0100379 -0.0158026 -0.0211363 -0.0255326 
-0.0247636 -0.0247273 -0.0226349 -0.0187989 -0.01421 -0.0100936 -0.00714543 -0.0053197 -0.00420427 -0.00336272 -0.00242767 -0.001225 0.000115585 0.00132413 0.00228356 0.0031061 0.00397056 0.00496267 0.00606812 0.00724526 0.00832408 0.00871997 0.00757416 0.00454664 0.000199493 -0.00466701 -0.00967556 -0.014684 -0.0193006 -0.022853 
-0.019926 -0.0193355 -0.017348 -0.014248 -0.0106505 -0.00742996 -0.0052048 -0.00399687 -0.00339269 -0.00289153 -0.00212116 -0.000974512 0.000375727 0.00168888 0.00288251 0.00401608 0.00512525 0.00614416 0.00694831 0.00742378 0.00745843 0.00680471 0.00509286 0.00223895 -0.00130322 -0.00498623 -0.0087004 -0.0125608 -0.0162372 -0.0188941 
-0.0146501 -0.0135818 -0.0116498 -0.00925661 -0.00679315 -0.00475939 -0.00349157 -0.00291721 -0.00268248 -0.00239752 -0.00176605 -0.000705194 0.000618471 0.00197476 0.00326655 0.00449707 0.00562167 0.00650538 0.00696391 0.00680773 0.00593213 0.0043816 0.00230393 -6.64155e-05 -0.00242612 -0.00463 -0.00691283 -0.00959773 -0.01239 -0.0143101 
-0.00993236 -0.00857136 -0.00664279 -0.00469342 -0.00306296 -0.00200565 -0.00154849 -0.00145989 -0.00148507 -0.00143525 -0.00109336 -0.000308528 0.000836394 0.00211474 0.00336162 0.00450564 0.00547241 0.00614317 0.00634721 0.00585696 0.00454234 0.00260886 0.000552059 -0.00117866 -0.00244377 -0.00345201 -0.00466367 -0.00646849 -0.0085888 -0.0100053 
-0.00614326 -0.00473086 -0.00285539 -0.00110575 0.000122932 0.000627694 0.000562321 0.00029022 -5.97959e-06 -0.00029708 -0.000394016 -2.2599e-05 0.000844395 0.00196549 0.00307833 0.00403575 0.00476773 0.00522546 0.00531453 0.00482626 0.00359095 0.00181524 9.13845e-05 -0.00107728 -0.0016713 -0.00205768 -0.00269297 -0.0038862 -0.00541609 -0.00641511 
-0.0032045 -0.00194051 -0.000241166 0.00141641 0.00256205 0.00287367 0.00249735 0.00186946 0.00119928 0.000485932 -6.55151e-05 -8.58856e-05 0.000521197 0.00147615 0.00242663 0.00317933 0.00369127 0.00398919 0.00406878 0.00377568 0.00290328 0.00155294 0.000228446 -0.00062108 -0.00101524 -0.00126997 -0.00164389 -0.00228488 -0.00310798 -0.00359644 
-0.00147982 -0.000396576 0.00111554 0.0027697 0.00403559 0.00438282 0.00381394 0.00279971 0.00168412 0.000557584 -0.000348888 -0.000635699 -0.000185567 0.000677754 0.00153348 0.00216848 0.00256655 0.00279447 0.00290502 0.00280591 0.00227986 0.00130695 0.000236899 -0.00057161 -0.00111735 -0.00155407 -0.00186636 -0.00202037 -0.00209698 -0.00200902 
-0.00188961 -0.000778665 0.000812145 0.00268614 0.00423795 0.00475692 0.00410783 0.0027946 0.00132537 -8.88344e-05 -0.00120563 -0.00162564 -0.00120948 -0.00030189 0.000618825 0.0013109 0.00175809 0.00202167 0.00216795 0.00216054 0.00180814 0.00100813 -3.78179e-05 -0.00106187 -0.00201632 -0.00288141 -0.00340885 -0.00341004 -0.00306425 -0.00258619 
-0.00485645 -0.00336367 -0.00119603 0.00128365 0.00331931 0.00412175 0.00354214 0.00214416 0.000546649 -0.000971576 -0.00217548 -0.00265606 -0.00221179 -0.00116082 -2.86836e-05 0.000884131 0.00152374 0.0019134 0.00209866 0.00208015 0.00171739 0.000870563 -0.000387597 -0.00186987 -0.00344871 -0.00493717 -0.00596361 -0.00629247 -0.00611994 -0.00568655 
-0.00950394 -0.00729964 -0.00403635 -0.000497683 0.00229681 0.00354178 0.0031851 0.00187754 0.000293625 -0.00126065 -0.00254809 -0.00312881 -0.00270879 -0.00153254 -0.000151113 0.0010495 0.00193856 0.00247465 0.00265293 0.00248816 0.00191335 0.000800585 -0.000884404 -0.0030174 -0.0053375 -0.00747444 -0.00905297 -0.00996242 -0.0104101 -0.0104115 
-0.0142956 -0.0111577 -0.00646637 -0.00150733 0.00236539 0.00429153 0.00429727 0.00310632 0.00144575 -0.00031167 -0.00186067 -0.00269951 -0.00244197 -0.00124581 0.000323664 0.00177002 0.00284567 0.0034204 0.00342312 0.00287823 0.00182589 0.000204757 -0.0020896 -0.00496677 -0.0079959 -0.0106203 -0.0125388 -0.0138848 -0.0149212 -0.0153607 
-0.0184344 -0.0143201 -0.0082037 -0.00170098 0.00355425 0.00652706 0.00713045 0.0060575 0.0041207 0.00187214 -0.000201793 -0.00148964 -0.00153247 -0.000432551 0.00121208 0.00277086 0.00385626 0.00425052 0.00383251 0.00264529 0.000842787 -0.00154689 -0.00464961 -0.00835537 -0.0120463 -0.0149891 -0.0169512 -0.0183072 -0.0194376 -0.0198896 
-0.022326 -0.0175478 -0.0104482 -0.00258233 0.00432195 0.0088827 0.0105493 0.00977955 0.00751399 0.00462965 0.00190256 8.53583e-05 -0.000321823 0.000588098 0.00216528 0.00364966 0.00452938 0.00452997 0.00351167 0.00152587 -0.00121708 -0.00463731 -0.00884178 -0.0136194 -0.0181051 -0.0213274 -0.0230366 -0.0238275 -0.0243497 -0.0242812 
-0.0264437 -0.0218005 -0.0145698 -0.00579827 0.00287817 0.00953515 0.0127954 0.0126807 0.0103061 0.00698157 0.00379228 0.00158482 0.000851856 0.00149603 0.00285124 0.00409111 0.0046269 0.00414527 0.0024876 -0.000316212 -0.0040662 -0.00868692 -0.0142637 -0.0204215 -0.0259215 -0.0293826 -0.0304437 -0.0300303 -0.0293528 -0.0285503 
-0.0299292 -0.0265708 -0.0202473 -0.0112297 -0.00104288 0.00770827 0.0126957 0.01348 0.0113863 0.00813233 0.004982 0.00273076 0.00179775 0.00211299 0.00310017 0.00399033 0.00417861 0.00328272 0.00106959 -0.00246407 -0.0071038 -0.0127699 -0.0195649 -0.0269824 -0.0333346 -0.0366905 -0.0365786 -0.0344767 -0.032453 -0.0312974 
-0.0305163 -0.0295627 -0.0251613 -0.0168074 -0.00597237 0.0041306 0.0104214 0.012118 0.0106884 0.00806843 0.00549165 0.00355032 0.00253334 0.00244232 0.002917 0.00339282 0.00332012 0.00219928 -0.000359728 -0.0043774 -0.00949827 -0.0155327 -0.0226345 -0.0303138 -0.0365842 -0.0390819 -0.0373536 -0.0335606 -0.0306758 -0.0300494 
-0.0257694 -0.0279396 -0.0265219 -0.0202615 -0.0102981 -6.25365e-06 0.00709753 0.00982877 0.00945828 0.00783139 0.00603097 0.00444378 0.00325346 0.00258055 0.00236493 0.00234621 0.00209634 0.000992477 -0.00155764 -0.00557802 -0.0104585 -0.0157684 -0.0216949 -0.0279611 -0.0326861 -0.033482 -0.0300626 -0.0251085 -0.0221654 -0.0228309 
-0.0147954 -0.0203789 -0.0232038 -0.0210193 -0.0138169 -0.00437013 0.00356284 0.00796645 0.00926131 0.00881829 0.0075902 0.0059613 0.00418481 0.00259837 0.00147502 0.000857014 0.000454813 -0.000430577 -0.00256244 -0.00597517 -0.00980685 -0.013329 -0.0166994 -0.0200077 -0.0219532 -0.0205843 -0.0157746 -0.0102679 -0.00766885 -0.00959098 
0.000395372 -0.00876086 -0.0169623 -0.0205343 -0.0174924 -0.00938136 -0.000151164 0.00686758 0.0105964 0.0115492 0.0105785 0.00833465 0.00541956 0.00254882 0.000338429 -0.000946048 -0.00150392 -0.00206844 -0.00351104 -0.00589388 -0.00818336 -0.00936962 -0.00952713 -0.00919937 -0.00797943 -0.00456223 0.00125193 0.00715071 0.00975433 0.00728891 
0.0149099 0.0021596 -0.0115005 -0.0208148 -0.0218243 -0.014863 -0.00402336 0.00605696 0.0126589 0.0152285 0.0144189 0.0112496 0.00688301 0.0025569 -0.000764649 -0.0026682 -0.00332923 -0.00352826 -0.00423426 -0.00556285 -0.00636324 -0.00536605 -0.00256541 0.000988657 0.00476506 0.0095549 0.0159679 0.0224034 0.0256074 0.0232108 
0.0233305 0.0076879 -0.00976873 -0.0226028 -0.0258886 -0.0194492 -0.00737277 0.00510119 0.0142148 0.0184529 0.0180265 0.0141217 0.0084457 0.00280738 -0.00146464 -0.00382122 -0.00444568 -0.00420974 -0.00423376 -0.00475281 -0.0045496 -0.00211991 0.00259753 0.00808487 0.0130765 0.0181333 0.0244629 0.0312095 0.0350935 0.0328812 
0.0237818 0.00689264 -0.0116145 -0.0248195 -0.0280557 -0.0215096 -0.00915223 0.00414076 0.0146304 0.0202695 0.0205845 0.0164958 0.00999479 0.00339671 -0.00156656 -0.00416267 -0.00457699 -0.00379316 -0.00314139 -0.00311239 -0.0025783 0.000135216 0.00523302 0.0110109 0.01584 0.0201964 0.0256979 0.0320594 0.036097 0.0339739 
0.0202137 0.00379782 -0.013765 -0.0254869 -0.0273601 -0.0203591 -0.00852632 0.00403073 0.0144308 0.0207381 0.0218558 0.0180825 0.0113012 0.00414749 -0.00122805 -0.00384975 -0.00388878 -0.00243451 -0.00105594 -0.000658051 -0.000433234 0.00139328 0.00543707 0.0103287 0.0144667 0.0181104 0.0227398 0.028293 0.0319877 0.0300417 
0.0196141 0.00451893 -0.0121093 -0.0230229 -0.0240902 -0.0167374 -0.00554592 0.00557042 0.0146458 0.0204814 0.0219014 0.0185921 0.0119581 0.00463903 -0.000877894 -0.00333644 -0.00286657 -0.000664775 0.00144004 0.00206449 0.00160081 0.00194112 0.00441049 0.00842728 0.0125697 0.0164947 0.0209593 0.0258998 0.0293077 0.02805 
0.0260685 0.0125206 -0.00451609 -0.0170283 -0.0193844 -0.0125277 -0.00185677 0.00790598 0.015083 0.0195051 0.0206196 0.0177903 0.0116802 0.00455753 -0.000914887 -0.00315816 -0.00218101 0.00070072 0.00335716 0.00401572 0.00284437 0.00200992 0.00367731 0.00810197 0.013752 0.0190978 0.0238518 0.0282523 0.0316936 0.0320307 
0.0375107 0.025912 0.00750035 -0.00876686 -0.0147659 -0.00995245 -0.000241767 0.0083651 0.0138321 0.0168389 0.0177168 0.0156907 0.0105356 0.00388015 -0.00155928 -0.00378905 -0.00254404 0.000750923 0.00360866 0.00402293 0.00229683 0.00111395 0.00343082 0.0100376 0.0187405 0.0262008 0.0309353 0.0341025 0.0373824 0.0399719 
0.0483335 0.0391624 0.0195802 -0.000965404 -0.0118549 -0.0105296 -0.00268465 0.00480967 0.00935507 0.0119391 0.0133857 0.0126981 0.00880109 0.00267354 -0.00292982 -0.00550981 -0.00437571 -0.00100402 0.00173277 0.00166845 -0.000537771 -0.00153331 0.00232455 0.012094 0.0246808 0.0347063 0.0392563 0.0404465 0.0427055 0.0471166 
0.0548083 0.0479996 0.0282088 0.00445374 -0.0110933 -0.0139478 -0.00872863 -0.00223755 0.00246001 0.00592242 0.00873501 0.00956492 0.00680039 0.00102479 -0.00493777 -0.00812341 -0.00738829 -0.0041602 -0.00161192 -0.00209188 -0.00469664 -0.00554305 -0.000466198 0.0118538 0.027893 0.0408318 0.046118 0.045794 0.0463346 0.0510943 
0.0571776 0.0524916 0.0339508 0.00890854 -0.0103488 -0.0177158 -0.0158072 -0.0103151 -0.00466805 0.000521108 0.00493205 0.0069183 0.00481056 -0.000845012 -0.00716597 -0.0109472 -0.0107362 -0.00778565 -0.00528992 -0.00572083 -0.00825548 -0.00896073 -0.00350844 0.00975268 0.0277334 0.0433929 0.0507235 0.0503182 0.0491297 0.0526646 
0.0562519 0.0544515 0.0393582 0.0152591 -0.0067891 -0.0191263 -0.0214026 -0.0173401 -0.0106549 -0.00360994 0.00217006 0.00477887 0.00286081 -0.00278743 -0.00927297 -0.0134544 -0.013817 -0.0113298 -0.00880024 -0.00856524 -0.0101186 -0.0100632 -0.0044495 0.00854751 0.0267537 0.043872 0.0530658 0.0530369 0.0501289 0.051615 
0.0504148 0.0533001 0.0440887 0.0230531 -0.000751197 -0.0180377 -0.0249176 -0.0227203 -0.0153509 -0.00678857 -4.5298e-05 0.00273303 0.000665895 -0.00502657 -0.0114523 -0.0157671 -0.0166392 -0.0147464 -0.012232 -0.0110005 -0.0108188 -0.00910821 -0.00275236 0.00979528 0.0269447 0.043238 0.0517991 0.0504263 0.0451667 0.0447701 
0.0393905 0.0478208 0.0453072 0.0285003 0.00436614 -0.0165822 -0.0272718 -0.0267579 -0.0189694 -0.00932283 -0.00204196 0.00054078 -0.00193946 -0.0077597 -0.0139832 -0.0181406 -0.0192411 -0.0178056 -0.0153717 -0.0133099 -0.0113753 -0.00758759 0.000209008 0.0127459 0.028208 0.0414819 0.0463057 0.0411844 0.0329806 0.0315657 
0.0301291 0.0417411 0.0431409 0.0294796 0.00612947 -0.0163714 -0.0292117 -0.0297573 -0.0216735 -0.0112798 -0.00370371 -0.00142351 -0.00436232 -0.0103347 -0.0163069 -0.020111 -0.0211112 -0.0198491 -0.0175367 -0.0150918 -0.0119129 -0.00612684 0.00360357 0.0168355 0.0309099 0.0406972 0.0409583 0.0319021 0.0217098 0.020452 
0.0363318 0.0453055 0.0437211 0.0287859 0.00551097 -0.0170158 -0.0304281 -0.0314764 -0.0233029 -0.012419 -0.00448298 -0.00220215 -0.00532062 -0.0113591 -0.0171468 -0.0206529 -0.0214995 -0.0203327 -0.0182316 -0.0157414 -0.0117188 -0.00405229 0.00799623 0.0227567 0.036643 0.0447445 0.0432527 0.0340756 0.0257805 0.0266889 
0.0730542 0.0721725 0.0578094 0.0336754 0.00672547 -0.0162007 -0.0294382 -0.0307259 -0.0228315 -0.0118085 -0.00342053 -0.000752208 -0.00375223 -0.00986769 -0.0157426 -0.0193102 -0.0203332 -0.0195122 -0.0177408 -0.0152236 -0.0104438 -0.00108836 0.0132591 0.0300485 0.0451692 0.0547331 0.0571633 0.055676 0.0570858 0.0647476 
0.148759 0.132496 0.0955791 0.0526401 0.0156977 -0.0102802 -0.0239096 -0.0256695 -0.0186579 -0.00818828 0.000283499 0.00327537 0.000331438 -0.0061385 -0.0125928 -0.0168045 -0.0185563 -0.0184646 -0.0170694 -0.0143355 -0.00889043 0.00144485 0.0171969 0.0357614 0.0532212 0.06759 0.0805138 0.0964147 0.118142 0.140306 
0.251838 0.219804 0.15598 0.0880753 0.0356233 0.00309356 -0.0125537 -0.0155577 -0.0102326 -0.00133928 0.00627305 0.00896029 0.00569901 -0.00146448 -0.00895238 -0.014335 -0.0172678 -0.0181618 -0.0171701 -0.0142166 -0.00854284 0.00163826 0.0174517 0.0371911 0.0577617 0.0792438 0.106727 0.146069 0.195559 0.239194 
0.342999 0.302114 0.218198 0.12903 0.0613534 0.0209489 0.00213814 -0.00257649 0.000735784 0.00732266 0.0130482 0.0145858 0.0106039 0.00264321 -0.00594678 -0.0126012 -0.0167586 -0.0186588 -0.018269 -0.0155907 -0.0103802 -0.00106501 0.0142528 0.0349964 0.0588108 0.0868849 0.126533 0.185144 0.258448 0.322589 
