0.41493 0.506681 0.489122 0.373085 0.22253 0.100808 0.0327164 0.00691451 0.00108223 0.00137666 0.00334411 0.00438364 0.00194979 -0.00317971 -0.00724923 -0.0082293 -0.00747147 -0.00639279 -0.00439044 2.27054e-05 0.00859093 0.0225675 0.0395756 0.0526701 0.0554205 0.0487175 0.044763 0.0666532 0.139461 0.268297 
0.35155 0.442384 0.438305 0.339538 0.199585 0.0800507 0.0107324 -0.0147087 -0.0170937 -0.0114747 -0.00397297 0.00180091 0.0026615 -0.000908931 -0.00471274 -0.00599744 -0.00611545 -0.0073363 -0.00971647 -0.0111814 -0.00819779 0.00273 0.0209371 0.0391768 0.0483257 0.0460043 0.0417005 0.0559058 0.112526 0.220532 
0.216634 0.289018 0.298038 0.233324 0.129394 0.0360202 -0.0177181 -0.033861 -0.0297276 -0.0190658 -0.00776417 0.000658244 0.00300197 -0.000313822 -0.00487153 -0.00738256 -0.00885573 -0.0118022 -0.0166008 -0.0208178 -0.0200766 -0.0100217 0.00971351 0.0323379 0.0471133 0.0481837 0.0405128 0.0390552 0.06367 0.12713 
0.0897821 0.137932 0.153441 0.120106 0.0552464 -0.00552043 -0.0375265 -0.0410257 -0.0304888 -0.0175532 -0.00640934 0.00101854 0.00263931 -0.00103066 -0.00616794 -0.00966141 -0.0119131 -0.0148186 -0.0186526 -0.0212123 -0.0186352 -0.00712797 0.0140235 0.0391123 0.057172 0.0597304 0.0474684 0.0302077 0.023904 0.0437269 
0.0187587 0.0468411 0.0612931 0.046006 0.00841734 -0.0269449 -0.0408792 -0.0341457 -0.0200574 -0.0086661 -0.00184273 0.00129107 0.000559137 -0.0036281 -0.00879979 -0.0124294 -0.0141046 -0.0148089 -0.0149542 -0.0133987 -0.0075954 0.00543614 0.0269256 0.0527048 0.0723651 0.0756864 0.0603439 0.0333475 0.00862502 0.00176279 
-0.00157779 0.013053 0.0212966 0.0113609 -0.0120465 -0.0312786 -0.0326609 -0.0192823 -0.00472573 0.00217443 0.0023165 -0.000197024 -0.0038414 -0.00875825 -0.0138441 -0.0169116 -0.0168193 -0.0141802 -0.0102169 -0.00528214 0.00195696 0.0143148 0.0342144 0.0593949 0.0802947 0.0853526 0.0701838 0.0409154 0.0110174 -0.00512841 
-0.000116509 0.00506474 0.00459774 -0.00725911 -0.0241112 -0.0322201 -0.023677 -0.00543412 0.00795763 0.00937104 0.00307376 -0.00397871 -0.00953905 -0.014673 -0.0192092 -0.0210274 -0.0187185 -0.0132071 -0.00673681 -0.00080112 0.00532521 0.0148032 0.0313855 0.0546205 0.0759933 0.0832505 0.0707637 0.0444372 0.0172947 0.00133682 
0.00245328 0.000595081 -0.00834705 -0.0246333 -0.038496 -0.0382585 -0.0215623 0.000318831 0.0120841 0.00899095 -0.00131709 -0.0100051 -0.0150138 -0.0184288 -0.0208423 -0.0204644 -0.0161187 -0.00915449 -0.00232624 0.00259739 0.00644916 0.0127339 0.0256223 0.0453559 0.0644337 0.0714573 0.0613435 0.0399714 0.018629 0.00591524 
0.00297533 -0.00116095 -0.0146661 -0.034965 -0.0492222 -0.0459465 -0.026158 -0.00378486 0.0060904 0.000808578 -0.0100889 -0.0172827 -0.0192447 -0.0188499 -0.0175812 -0.0144459 -0.00865965 -0.00163209 0.00398101 0.00680722 0.00833186 0.0122962 0.0221664 0.0373026 0.0507579 0.0536793 0.0438099 0.0274017 0.0128887 0.00515327 
0.00681463 0.00748201 -0.00397175 -0.0260061 -0.0445694 -0.0463979 -0.0317139 -0.0135481 -0.00567113 -0.0103579 -0.0189156 -0.0229739 -0.0213287 -0.0170777 -0.0124327 -0.00722822 -0.000910828 0.00536009 0.0092023 0.00964843 0.00886141 0.0108649 0.01823 0.028833 0.0358524 0.0334964 0.0231313 0.0114089 0.00393991 0.00301397 
0.0152281 0.0251049 0.0211888 0.000877379 -0.0233605 -0.0358902 -0.0324035 -0.0215631 -0.0151765 -0.0171923 -0.0222347 -0.02376 -0.020413 -0.0147331 -0.00896973 -0.00334703 0.00258673 0.00792909 0.010458 0.00919271 0.00642659 0.00639541 0.0114512 0.0188011 0.0218515 0.0169747 0.00771019 0.000270501 -0.00168997 0.0035929 
0.0224756 0.0399853 0.0448493 0.0297754 0.00321588 -0.0184585 -0.0257884 -0.0218295 -0.0162216 -0.0152763 -0.0175862 -0.0185645 -0.016392 -0.0123518 -0.00789172 -0.00323496 0.00180392 0.00639622 0.00847602 0.00680729 0.0032041 0.00176114 0.00518152 0.0111986 0.0138552 0.0102217 0.00364449 -0.0010969 -0.00119009 0.00630273 
0.0235643 0.0433231 0.0543355 0.0465858 0.0236864 -0.000112254 -0.0128449 -0.013233 -0.00849449 -0.00597264 -0.00710996 -0.00916153 -0.0100191 -0.00938625 -0.00740622 -0.00423814 -0.000289684 0.00349382 0.0053892 0.00412552 0.000897951 -0.000736615 0.00219769 0.00850275 0.0131397 0.0128069 0.00903444 0.00484086 0.0030892 0.00833145 
0.020633 0.0370597 0.0495955 0.0486003 0.033842 0.0150349 0.00268575 2.38955e-05 0.00289593 0.00533417 0.00464501 0.0015756 -0.00216231 -0.00494721 -0.00560882 -0.00422709 -0.00185444 0.000396461 0.00133532 9.52204e-05 -0.00243306 -0.00338916 3.23455e-06 0.00738348 0.0146747 0.0180217 0.0169275 0.0129305 0.00899986 0.0102864 
0.0194263 0.0282478 0.0370582 0.0394732 0.0334845 0.0232936 0.0147548 0.010844 0.0110101 0.0126618 0.0130576 0.0106793 0.00592105 0.00089765 -0.00225099 -0.00323623 -0.00328759 -0.00353135 -0.00461457 -0.0067642 -0.00897013 -0.00886754 -0.00427273 0.00456274 0.0142465 0.0209038 0.0229596 0.0209765 0.017219 0.0156003 
0.0211948 0.0205943 0.0221574 0.0241182 0.0244964 0.0226433 0.0188052 0.0143655 0.0119433 0.0128674 0.0151381 0.0152573 0.0117339 0.00615093 0.00106419 -0.0025108 -0.00528718 -0.00814546 -0.0113954 -0.0147616 -0.0168276 -0.0152701 -0.00860518 0.00214702 0.0136445 0.0225705 0.027515 0.0286318 0.0268792 0.0237978 
0.0211209 0.013215 0.00864262 0.00918436 0.0132366 0.0170442 0.0168324 0.012332 0.00791926 0.00782719 0.0112951 0.0139848 0.0128247 0.00820929 0.00243119 -0.00284186 -0.0074527 -0.0118425 -0.0162149 -0.0201026 -0.0216597 -0.0182788 -0.0090496 0.00376239 0.0162538 0.0257242 0.0315114 0.0338461 0.0329029 0.02853 
0.0154113 0.00540299 -0.000145462 0.00139114 0.00792875 0.0144406 0.0158387 0.0110708 0.00479747 0.00253957 0.00498862 0.00841354 0.00913542 0.00630334 0.00132541 -0.00409044 -0.00915593 -0.0138169 -0.0181481 -0.02164 -0.0222765 -0.0172919 -0.00612001 0.00802027 0.0205656 0.0290574 0.0333026 0.0337726 0.0309679 0.0248425 
0.00746463 0.000155032 -0.00172501 0.00316125 0.0116752 0.0188144 0.0201209 0.0145827 0.00626906 0.000750351 6.77367e-05 0.00203039 0.00328866 0.00208518 -0.00135107 -0.00592755 -0.0107476 -0.0153275 -0.0193571 -0.022166 -0.0219268 -0.0161836 -0.00452872 0.00962232 0.0214543 0.0284863 0.0305921 0.0283892 0.0231408 0.0159646 
0.00412196 0.00109481 0.00356677 0.0112761 0.0204281 0.0267235 0.0270375 0.0207898 0.0111044 0.00278868 -0.0013213 -0.00182591 -0.00127154 -0.00182287 -0.00419748 -0.00804047 -0.0126824 -0.0174336 -0.0215125 -0.0239301 -0.0232251 -0.0176379 -0.00687877 0.00601823 0.0164908 0.0222403 0.0234276 0.0208125 0.0157361 0.00977095 
0.00682512 0.00656469 0.0111196 0.0194795 0.0277021 0.0321967 0.0312156 0.024927 0.0155765 0.00664286 0.000811093 -0.00160846 -0.00234899 -0.00343233 -0.00582853 -0.00946469 -0.0139278 -0.0187128 -0.0229208 -0.0253007 -0.0246374 -0.0198518 -0.0108505 -0.000207738 0.00806705 0.0123854 0.0139188 0.0137735 0.0122239 0.00955465 
0.010525 0.0103647 0.0145759 0.0223767 0.0295957 0.0326543 0.0307627 0.0251042 0.017572 0.0103165 0.00508095 0.00213865 0.00025835 -0.00200003 -0.00512083 -0.00877353 -0.0127147 -0.0169525 -0.0209504 -0.0234101 -0.0231201 -0.0193997 -0.0124764 -0.00471189 0.000522127 0.00273331 0.00459299 0.00779588 0.0109699 0.0118369 
0.0108989 0.00882328 0.0112811 0.018569 0.0261777 0.0296215 0.0280771 0.0234904 0.0180592 0.0133148 0.00998307 0.00766636 0.00523421 0.00195202 -0.00188464 -0.00553463 -0.00884966 -0.0122939 -0.0157706 -0.0180692 -0.0179231 -0.0149452 -0.00983536 -0.00491159 -0.00287371 -0.00323262 -0.00209195 0.0029657 0.00941886 0.0124853 
0.00878658 0.00440474 0.00466797 0.0115304 0.020661 0.0263212 0.0265548 0.0232541 0.0191621 0.0160563 0.0142603 0.0127718 0.0103483 0.00670457 0.00260106 -0.00105926 -0.00410916 -0.00703058 -0.0098252 -0.0113755 -0.010565 -0.00751595 -0.0035215 -0.000760968 -0.00120183 -0.00388321 -0.00448989 0.000116869 0.00740337 0.0111984 
0.00805666 0.00262454 0.00113957 0.00707228 0.017186 0.0251852 0.0276151 0.0254485 0.0215808 0.0184105 0.0166662 0.01539 0.0132984 0.0100835 0.0063356 0.00278224 -0.000231873 -0.00277701 -0.00463685 -0.00478733 -0.00248815 0.00141477 0.00500789 0.00639109 0.00435354 -5.67734e-05 -0.00272755 4.20149e-05 0.00653646 0.0104682 
0.0115108 0.00697736 0.00469429 0.00872026 0.0176321 0.0260448 0.0296767 0.0281559 0.0237882 0.019332 0.0163632 0.0146235 0.0129942 0.0108073 0.008048 0.00508894 0.00247688 0.000619648 4.74751e-06 0.00158065 0.00570469 0.010819 0.0143942 0.0147734 0.0115387 0.00593819 0.00173706 0.00279046 0.00824742 0.0125399 
0.0182805 0.0159419 0.0136335 0.0148868 0.0201636 0.0262416 0.029239 0.0277511 0.023013 0.0175051 0.0133665 0.0111346 0.0100147 0.00904892 0.00768959 0.00596123 0.00440192 0.00362245 0.00429842 0.0074145 0.0131248 0.0193157 0.022868 0.0222846 0.018047 0.0119206 0.0072747 0.00752091 0.0122913 0.0171565 
0.024131 0.0237922 0.0216465 0.0200238 0.0205469 0.0223174 0.0229182 0.0209374 0.0167349 0.0118545 0.00806377 0.0061462 0.00566421 0.00576712 0.00581753 0.00563317 0.00549127 0.00588198 0.00756779 0.0116568 0.0182644 0.024963 0.0282836 0.0269582 0.0223161 0.0165694 0.0124446 0.0124807 0.0165313 0.0214403 
0.0237828 0.0239985 0.0217614 0.0180776 0.0145385 0.0117156 0.00912514 0.00652161 0.00407336 0.00202041 0.000731096 0.000429882 0.000930707 0.00189197 0.00305386 0.00423614 0.00538482 0.00671459 0.00895939 0.013276 0.0197973 0.0261443 0.0290063 0.0274556 0.0232184 0.0184396 0.0150361 0.0147197 0.0174911 0.0212488 
0.0136483 0.0128833 0.0104313 0.0061806 0.000652312 -0.00526887 -0.0103612 -0.0131046 -0.0128697 -0.0106256 -0.00787284 -0.00548179 -0.00356814 -0.00180983 0.000142373 0.00226616 0.00425191 0.00603329 0.00821302 0.0118582 0.0171629 0.0222096 0.0243296 0.022854 0.0192369 0.0151016 0.0117896 0.0105888 0.0115301 0.0130316 
-0.00537091 -0.00761127 -0.00981494 -0.0128883 -0.0178112 -0.0242547 -0.030023 -0.0320622 -0.0290272 -0.0226251 -0.0158734 -0.0106717 -0.00718384 -0.00457561 -0.00200402 0.000657624 0.00293547 0.00454374 0.00591245 0.00795831 0.0110295 0.0139539 0.0148883 0.0131857 0.00958774 0.00514259 0.00107314 -0.00137603 -0.00234116 -0.00340004 
-0.0276548 -0.0305654 -0.031578 -0.0321074 -0.034392 -0.0389546 -0.0434405 -0.0440686 -0.0389947 -0.0300876 -0.0209524 -0.0139152 -0.00916529 -0.00571507 -0.00263068 0.000204972 0.00225855 0.00316267 0.00319346 0.00308599 0.00338108 0.00371748 0.00301496 0.000493923 -0.00384005 -0.00931535 -0.0145554 -0.0182343 -0.0207469 -0.0238041 
-0.0465259 -0.0486671 -0.0476264 -0.045149 -0.0440731 -0.045501 -0.0474482 -0.0463468 -0.0403641 -0.0310858 -0.0217109 -0.0142781 -0.00892091 -0.00486118 -0.00150001 0.00111132 0.00252702 0.00248914 0.00114502 -0.00104088 -0.00341817 -0.00562652 -0.00808917 -0.0117041 -0.0170198 -0.0235984 -0.0299278 -0.0346288 -0.0382151 -0.0422801 
-0.0577938 -0.058091 -0.054766 -0.0497434 -0.0458183 -0.044181 -0.0433538 -0.0406188 -0.0346194 -0.0264568 -0.0183337 -0.0116178 -0.00637955 -0.00221766 0.000988569 0.00301241 0.00361721 0.00275596 0.000428108 -0.00326238 -0.00769136 -0.0119628 -0.0159344 -0.0204921 -0.0265572 -0.0339257 -0.0410559 -0.0464797 -0.0505698 -0.0545585 
-0.0607671 -0.0588955 -0.0535868 -0.0468042 -0.0410424 -0.0372819 -0.0343802 -0.0305241 -0.0249865 -0.0184444 -0.0120826 -0.00663338 -0.00215641 0.00145002 0.004006 0.00524266 0.00515028 0.00383027 0.00109752 -0.00329838 -0.00889982 -0.0145958 -0.0198102 -0.0251728 -0.0317256 -0.0395162 -0.047046 -0.0526722 -0.0564802 -0.0593939 
-0.0573382 -0.0533473 -0.0463036 -0.0382484 -0.0314953 -0.0267597 -0.0229287 -0.0187287 -0.0139451 -0.00904953 -0.00452608 -0.000650526 0.00255238 0.00507123 0.00664546 0.00706338 0.00647962 0.00504389 0.00242189 -0.00188264 -0.0077213 -0.0141963 -0.0205097 -0.0267438 -0.0336698 -0.0414926 -0.0488456 -0.0539876 -0.056804 -0.0580797 
-0.0489826 -0.0431595 -0.0347262 -0.0259094 -0.0189248 -0.0141883 -0.010426 -0.00661538 -0.00293006 0.000171079 0.00263623 0.00460345 0.00622827 0.00750659 0.00810692 0.00781441 0.00687906 0.0054973 0.00331134 -0.000267247 -0.00545985 -0.0119072 -0.0188616 -0.0257743 -0.032826 -0.0401637 -0.0466149 -0.0505916 -0.0520232 -0.0516295 
-0.0348113 -0.0279893 -0.0194354 -0.0112668 -0.00528249 -0.00150153 0.00145929 0.00434239 0.0065648 0.00758807 0.00771129 0.00755949 0.0076198 0.00791327 0.00789645 0.00719515 0.00609411 0.00488332 0.0032936 0.000793824 -0.00305389 -0.00841494 -0.0148429 -0.021486 -0.0279873 -0.0342325 -0.0391428 -0.0413998 -0.0411147 -0.0390162 
-0.0155883 -0.00894273 -0.00219841 0.00333647 0.00679746 0.00861107 0.0101379 0.011754 0.0124147 0.0114526 0.00946058 0.00751263 0.00643044 0.0062524 0.00615942 0.00551432 0.00455409 0.00364619 0.00264688 0.00122991 -0.000904578 -0.00412544 -0.00847411 -0.0134284 -0.0185235 -0.023335 -0.0266635 -0.0272354 -0.0251141 -0.0211077 
0.00117743 0.0069142 0.0109896 0.0132098 0.0136876 0.0131547 0.012946 0.0132318 0.0126558 0.0104546 0.0073777 0.00468037 0.00329892 0.00326604 0.00359264 0.00341417 0.00283696 0.00223841 0.00162833 0.00103577 0.000623506 0.000119421 -0.00115791 -0.00359434 -0.00705806 -0.0108679 -0.0135651 -0.0136085 -0.0105678 -0.00518292 
0.00560239 0.0104849 0.0131978 0.0139788 0.013093 0.0111836 0.00964539 0.00880962 0.00743907 0.00491372 0.00205257 -4.89035e-05 -0.000708583 -3.0152e-05 0.000975269 0.00138142 0.00116943 0.000694789 0.000163795 1.28997e-05 0.000907944 0.00273181 0.00414137 0.00369345 0.00106513 -0.00281473 -0.00622702 -0.00739651 -0.00534131 -0.000418425 
-0.00365196 0.000813477 0.0045207 0.00696956 0.00741991 0.00593625 0.00393827 0.002196 0.000116482 -0.00236644 -0.00428545 -0.00488233 -0.00406635 -0.0023558 -0.000763512 -5.39072e-05 -0.000205494 -0.000838835 -0.00159527 -0.0018165 -0.000585013 0.0021155 0.00461968 0.0048204 0.00205586 -0.00254776 -0.0070979 -0.00998804 -0.0102946 -0.0078762 
-0.016541 -0.0120605 -0.00607598 -0.000387706 0.0028596 0.00293146 0.00099332 -0.0017682 -0.00489683 -0.00753034 -0.00846384 -0.00733713 -0.00484151 -0.00216913 -0.000405927 4.63805e-05 -0.000491121 -0.0015348 -0.00274231 -0.00356863 -0.00312898 -0.00116981 0.000935054 0.00102402 -0.00190586 -0.00686621 -0.0118869 -0.0157079 -0.018065 -0.0185588 
-0.0207871 -0.0158462 -0.00828584 -0.000631862 0.00436581 0.0053837 0.0029882 -0.00134686 -0.00585803 -0.00867594 -0.00862232 -0.0059642 -0.00218182 0.000951906 0.00236633 0.00212389 0.000948133 -0.000580407 -0.00226632 -0.00379646 -0.00436883 -0.00341213 -0.00167167 -0.00106395 -0.00322234 -0.0079131 -0.0131083 -0.0172504 -0.0203373 -0.0220193 
-0.0119575 -0.00628168 0.000937091 0.00763325 0.0117424 0.0117351 0.00751819 0.0010193 -0.00456951 -0.00681806 -0.00539167 -0.00165893 0.00238137 0.0050494 0.00571059 0.00482977 0.00325513 0.0014708 -0.000413743 -0.00202441 -0.00246927 -0.00103611 0.00192358 0.00462853 0.0044889 0.000386901 -0.00566599 -0.010769 -0.0138476 -0.014523 
0.0042704 0.0100259 0.014955 0.018267 0.0193752 0.0167576 0.00986371 0.00144631 -0.00396866 -0.00420805 -0.000807823 0.00331218 0.00616666 0.0072005 0.00682487 0.00574179 0.0043994 0.00286403 0.00126905 0.000379902 0.00127788 0.00454638 0.00996474 0.0159252 0.0189616 0.0162942 0.00942014 0.00272792 -0.000730209 -3.89904e-05 
0.0169582 0.0209899 0.0224204 0.0217621 0.0198699 0.0151441 0.00654768 -0.00238706 -0.00609438 -0.00314413 0.00263087 0.00666449 0.00739414 0.00605724 0.00451582 0.00363405 0.00314009 0.00244019 0.00156826 0.00149763 0.00326896 0.00733628 0.0140053 0.0225379 0.0292624 0.029785 0.0241506 0.0169527 0.0126399 0.0130077 
0.0183208 0.0191747 0.017216 0.0138801 0.0109289 0.00641948 -0.00160898 -0.00952252 -0.0110528 -0.00515751 0.00271909 0.00675705 0.00572448 0.00238122 -8.24253e-05 -0.000551862 0.000148677 0.000797187 0.000982646 0.00118614 0.0019214 0.00375847 0.00832447 0.0167161 0.0260147 0.0306809 0.0286378 0.0230782 0.0184005 0.0169973 
0.0104072 0.00872603 0.00502801 0.00129187 -0.000440725 -0.00265392 -0.00853599 -0.0150598 -0.0155428 -0.00857053 8.72691e-05 0.00408609 0.00220144 -0.00215016 -0.0050282 -0.00499013 -0.00294307 -0.000459447 0.00129211 0.00161615 0.000140715 -0.0022548 -0.00239702 0.00279006 0.0117788 0.0189482 0.0205949 0.0179002 0.0141009 0.0115237 
0.00306077 0.00091151 -0.00225441 -0.00426208 -0.00341409 -0.00283668 -0.00669598 -0.0126878 -0.0139473 -0.00834854 -0.00110865 0.00166423 -0.00117865 -0.00617433 -0.00928853 -0.00883065 -0.00537333 -0.000548799 0.00355269 0.0048056 0.00206414 -0.00338042 -0.00756587 -0.00671236 -0.00110912 0.00513069 0.00849245 0.00857792 0.00678213 0.00470795 
0.00479056 0.00304907 0.00147021 0.00220578 0.00597539 0.00873639 0.00580729 -0.000803099 -0.00417036 -0.00172142 0.00200703 0.00170966 -0.00320563 -0.00935483 -0.0130767 -0.0125908 -0.00790666 -0.000512668 0.00661156 0.0100501 0.00827573 0.00310307 -0.00171973 -0.00354198 -0.00228455 0.000696897 0.00409864 0.00663289 0.00722536 0.00623906 
0.0172537 0.0142159 0.0128107 0.0154593 0.0215188 0.0255099 0.0224044 0.014458 0.00868489 0.00762498 0.00714447 0.00297975 -0.00455835 -0.0121604 -0.016784 -0.0167333 -0.0114306 -0.00197785 0.00813607 0.0144786 0.0152129 0.0127159 0.0104235 0.0091739 0.00837208 0.0090662 0.0127674 0.0178506 0.020643 0.0199375 
0.036905 0.0296844 0.025122 0.0269084 0.0333651 0.0373374 0.0333716 0.0242209 0.0169537 0.0136184 0.0100949 0.00302957 -0.00636481 -0.0148134 -0.0199615 -0.020488 -0.0154703 -0.00535661 0.00652609 0.0150392 0.0176964 0.0173661 0.0181901 0.020243 0.0215498 0.0234755 0.0291678 0.0373648 0.0427781 0.0422943 
0.0576958 0.0451307 0.0345047 0.0318778 0.0357226 0.038051 0.0331876 0.0240661 0.0172716 0.0139308 0.00962525 0.00155028 -0.00836229 -0.0167008 -0.021702 -0.0227447 -0.0189755 -0.0101486 0.00112122 0.00948642 0.0117481 0.0111906 0.0136574 0.0199424 0.0264352 0.0324387 0.0411063 0.0527849 0.0624894 0.0646698 
0.0726903 0.0568389 0.0399534 0.0306876 0.0291457 0.0283815 0.0231853 0.015908 0.011685 0.0104783 0.00755521 0.000242775 -0.00918571 -0.0170252 -0.0217761 -0.0234953 -0.0216793 -0.0157001 -0.00737339 -0.00156841 -0.00156377 -0.00373967 -0.000734919 0.00933923 0.0211908 0.0307746 0.0405507 0.0542292 0.0693583 0.0776501 
0.0776727 0.061497 0.0402496 0.0245525 0.01705 0.0132567 0.00881795 0.00476885 0.00419488 0.00609853 0.00573651 0.000261064 -0.00825022 -0.0158424 -0.0207924 -0.0233437 -0.0233061 -0.0201189 -0.0151332 -0.0122606 -0.0140332 -0.0166361 -0.0123664 0.00091926 0.0162085 0.0261215 0.032735 0.0445008 0.0631301 0.0781392 
0.0739055 0.0575403 0.0330907 0.0126361 0.00134809 -0.00314678 -0.00503535 -0.00507337 -0.00213312 0.00234574 0.00416084 0.000499408 -0.00699954 -0.0143854 -0.0195016 -0.0223114 -0.0227305 -0.0204938 -0.0168806 -0.0149136 -0.0160844 -0.0165379 -0.00929824 0.00707009 0.0240302 0.0316643 0.0319122 0.0375471 0.0545802 0.0719233 
0.0652888 0.0466052 0.0188587 -0.00447076 -0.0161856 -0.0179391 -0.0149538 -0.0102292 -0.00456868 0.000504907 0.00221132 -0.00113499 -0.00791954 -0.0145683 -0.018898 -0.0207024 -0.0199444 -0.0165221 -0.0117004 -0.00802338 -0.00633689 -0.00293331 0.00815216 0.0275477 0.045956 0.0518167 0.0460556 0.0432388 0.0527896 0.0656148 
0.0542072 0.0334551 0.00379321 -0.0199687 -0.0290731 -0.0253976 -0.015849 -0.00612783 0.000602905 0.00290078 0.000621297 -0.00519882 -0.0122691 -0.0178261 -0.0204338 -0.0202932 -0.0176062 -0.012158 -0.0049245 0.00169565 0.0068244 0.0137313 0.0276481 0.0491313 0.0693059 0.0756163 0.0663681 0.0549781 0.0537722 0.0584489 
0.0407693 0.022701 -0.00423125 -0.0243757 -0.0281818 -0.018202 -0.0027712 0.0100638 0.0148736 0.0106296 0.000738153 -0.0101012 -0.018688 -0.0235044 -0.0244388 -0.022523 -0.0183727 -0.0115271 -0.00245879 0.00645413 0.0137872 0.0219933 0.0358107 0.0565448 0.0769033 0.0841603 0.0733835 0.0553854 0.0452803 0.0447049 
0.0236906 0.0143258 -0.00388087 -0.0155419 -0.0119241 0.00318587 0.0210828 0.0332753 0.0334888 0.021379 0.00333906 -0.0129471 -0.0236731 -0.0285662 -0.0287873 -0.0261383 -0.0216278 -0.0146213 -0.00511105 0.00456509 0.012198 0.0189819 0.0290052 0.0446441 0.0610489 0.0667766 0.0549482 0.0339151 0.0206041 0.0211676 
0.00274217 0.00462183 -0.00160064 -0.00219397 0.00914708 0.0270395 0.0436738 0.0525764 0.0485648 0.0316238 0.00883739 -0.0111101 -0.023994 -0.0299101 -0.030575 -0.0282264 -0.0242161 -0.0179445 -0.00906747 0.000219471 0.00695119 0.0108138 0.0148749 0.022257 0.0307473 0.031658 0.0183896 -0.00245047 -0.0141305 -0.00862962 
-0.016034 -0.00550622 -0.00189235 0.00623489 0.0228164 0.0413438 0.0552885 0.0611351 0.0558294 0.0390962 0.0163799 -0.00456197 -0.0191153 -0.0266595 -0.0285442 -0.0269801 -0.0235928 -0.0180826 -0.0100531 -0.00152681 0.00415974 0.00562331 0.00483662 0.00482024 0.00509797 9.0153e-05 -0.0148552 -0.0341324 -0.0429814 -0.0335536 
-0.0171634 -0.00283023 0.0039884 0.0131575 0.0287825 0.0450721 0.0562392 0.0603428 0.0559253 0.0423871 0.0229943 0.00364898 -0.0112459 -0.020263 -0.0237942 -0.0233355 -0.0203967 -0.0150814 -0.00732187 0.00090508 0.00644654 0.00777132 0.00601607 0.00312926 -0.00118388 -0.0101862 -0.0259293 -0.0429644 -0.0490256 -0.0374217 
0.0195544 0.0363682 0.038585 0.0363236 0.0389948 0.0458364 0.0520046 0.0543907 0.0509234 0.040676 0.0256574 0.00980864 -0.00380456 -0.013697 -0.0191266 -0.0202671 -0.0179725 -0.0125107 -0.00418454 0.0050557 0.0125266 0.0169263 0.0184727 0.0173472 0.0124773 0.00225338 -0.0124533 -0.0250675 -0.0248119 -0.0066007 
0.107971 0.133687 0.125656 0.0963741 0.0679833 0.0520105 0.046874 0.0456793 0.0423075 0.0344944 0.0236759 0.0119795 0.000486644 -0.00965395 -0.0165845 -0.0192379 -0.0178425 -0.012534 -0.00347337 0.0078252 0.0191861 0.0291188 0.0362836 0.0387288 0.0346512 0.0242523 0.012009 0.00774005 0.0233038 0.0620236 
0.239246 0.285412 0.266538 0.198366 0.122086 0.0687 0.043646 0.0354686 0.0312135 0.0253826 0.0183672 0.0106173 0.00150083 -0.00795565 -0.014962 -0.0178971 -0.0170578 -0.012551 -0.00390598 0.00837321 0.0228632 0.0378121 0.0501715 0.0558243 0.0523 0.0416099 0.0323473 0.03981 0.0801646 0.155547 
0.365537 0.438557 0.415096 0.311469 0.186371 0.091265 0.0415086 0.023513 0.0177941 0.0143137 0.0112877 0.00758058 0.0014499 -0.00609648 -0.0116859 -0.0136059 -0.0127529 -0.00967875 -0.00349131 0.00645124 0.020047 0.0363725 0.0518826 0.0606973 0.058907 0.0490452 0.0428664 0.0612383 0.125977 0.239673 
