0.438183 0.36386 0.22598 0.109506 0.0462982 0.0221181 0.0176563 0.0218313 0.0263412 0.0250251 0.0170499 0.00580291 -0.00462931 -0.0116368 -0.0149265 -0.0153993 -0.0129531 -0.00738473 -0.000879065 0.00355488 0.00583089 0.00776196 0.00807225 0.00364114 -0.00111051 0.00872332 0.0499359 0.135214 0.263554 0.39178 
0.338878 0.27252 0.162777 0.0743285 0.0280198 0.00968924 0.00523184 0.00863384 0.013534 0.013601 0.00793542 -0.000191093 -0.00763409 -0.0127227 -0.0153171 -0.0159851 -0.0141746 -0.00929004 -0.0031468 0.00180982 0.00593347 0.0107891 0.0143582 0.0126426 0.00917714 0.0183133 0.0549675 0.125706 0.223961 0.314652 
0.204253 0.15476 0.0864178 0.0357499 0.00922537 -0.00477127 -0.011552 -0.0102743 -0.00453741 -0.000767676 -0.00137532 -0.00497192 -0.00959709 -0.0135966 -0.0162369 -0.0175937 -0.0168983 -0.0133532 -0.00810838 -0.00238254 0.00498117 0.0150585 0.0248249 0.0290757 0.0287075 0.0344846 0.0581254 0.102167 0.158069 0.202711 
0.103241 0.072783 0.0384982 0.0163111 0.00304494 -0.00973545 -0.0201323 -0.0220778 -0.0166152 -0.00979176 -0.00583868 -0.00607834 -0.00978679 -0.0145059 -0.0181942 -0.0203667 -0.0204281 -0.0177809 -0.0131051 -0.00656014 0.00361689 0.0181844 0.033796 0.0445281 0.0479495 0.0494624 0.0573194 0.0743548 0.0961653 0.110802 
0.0488794 0.0355163 0.0223378 0.0151504 0.00781584 -0.00483653 -0.0171252 -0.020972 -0.0162387 -0.00844606 -0.00279495 -0.00251538 -0.00770475 -0.0148681 -0.0204691 -0.0235057 -0.0237781 -0.0210643 -0.0159423 -0.00836272 0.00339818 0.0200932 0.0387333 0.0532098 0.0585667 0.0555958 0.0497753 0.0466423 0.048895 0.0527099 
0.0260101 0.0240205 0.0210525 0.0194304 0.0141737 0.00306058 -0.00739394 -0.0100112 -0.00515751 0.00188552 0.00612953 0.00427947 -0.00366824 -0.013628 -0.0212659 -0.0252493 -0.0256359 -0.0224412 -0.016362 -0.00789614 0.00403796 0.0203636 0.0388477 0.0536807 0.058776 0.0523024 0.0381856 0.0245184 0.0193164 0.0227303 
0.0217292 0.0238095 0.023244 0.0220312 0.0176106 0.00994065 0.00446899 0.0056557 0.0114889 0.0166479 0.0172868 0.0118389 0.00136822 -0.0102672 -0.0192202 -0.0241184 -0.024915 -0.0216915 -0.0153049 -0.00687423 0.00387596 0.017873 0.0336921 0.0464038 0.0502063 0.0425072 0.0266715 0.0119639 0.00784214 0.0143258 
0.0297259 0.0300767 0.0266921 0.0230381 0.0188679 0.0152164 0.0155703 0.0212458 0.0283407 0.0313181 0.0276837 0.018421 0.00630674 -0.00551249 -0.0147283 -0.0203081 -0.0218421 -0.0193587 -0.0137799 -0.00637997 0.00262557 0.0138214 0.0260808 0.0354582 0.0374957 0.030378 0.0176336 0.0084758 0.0107928 0.0215784 
0.0437577 0.038586 0.0289424 0.021001 0.0165837 0.0166693 0.022344 0.0321443 0.0406981 0.0422864 0.0353602 0.0230725 0.0100036 -0.00118364 -0.00988955 -0.015746 -0.0180243 -0.0166048 -0.0123332 -0.00619336 0.00156597 0.010978 0.0204971 0.0267985 0.0272755 0.021839 0.0144183 0.0132155 0.0232033 0.0375444 
0.0581059 0.0453642 0.0277567 0.0144653 0.00956676 0.0134058 0.0239554 0.0369127 0.0462407 0.0469967 0.0384589 0.0247203 0.0113387 0.000921015 -0.00695116 -0.0125741 -0.0152003 -0.0146127 -0.0114375 -0.00608228 0.00143256 0.0103903 0.0183823 0.0226889 0.0229279 0.0209025 0.0202371 0.0267053 0.041923 0.0565369 
0.0708421 0.0517364 0.0271389 0.00835625 0.00231232 0.0092239 0.0234281 0.0373514 0.0452598 0.0446319 0.0359333 0.022729 0.0100424 0.000489759 -0.00644135 -0.0113935 -0.0139114 -0.0138524 -0.0114624 -0.00632186 0.00185353 0.0113838 0.018871 0.0224135 0.0238952 0.0265794 0.032944 0.0453528 0.0623858 0.074413 
0.079244 0.0585239 0.030944 0.00806685 -0.000322516 0.00715331 0.0222466 0.0346806 0.0396165 0.0374459 0.0297145 0.018568 0.00749908 -0.000992319 -0.00693857 -0.0110078 -0.0131574 -0.0134036 -0.0115708 -0.0064451 0.00257703 0.0131035 0.0209817 0.0248025 0.0277345 0.0337336 0.0443392 0.0593637 0.0756544 0.0849695 
0.0780015 0.0612522 0.0362846 0.0127476 0.00189647 0.00711692 0.0200348 0.0296862 0.0321564 0.0293345 0.0230117 0.0141705 0.00497956 -0.00230048 -0.00718428 -0.0102252 -0.0117483 -0.0119208 -0.0103327 -0.00543199 0.00363331 0.0145003 0.0228159 0.0269068 0.0297908 0.0356155 0.0459943 0.0599199 0.0739561 0.0819174 
0.0668778 0.0575434 0.0394135 0.018986 0.00712132 0.00885918 0.0176164 0.0239736 0.0249379 0.0220997 0.0166973 0.00947903 0.0020676 -0.00377581 -0.0074366 -0.00931156 -0.00992937 -0.0096029 -0.00795785 -0.00363306 0.00425572 0.0139533 0.0214918 0.0245857 0.0254478 0.0284627 0.0359556 0.0469433 0.0584583 0.0664535 
0.0524795 0.0503701 0.0394263 0.0233315 0.0117096 0.0103121 0.0146232 0.017745 0.0177028 0.0150532 0.0101933 0.00416631 -0.00146497 -0.00566701 -0.00811977 -0.00902187 -0.00885498 -0.00804573 -0.00641026 -0.00304503 0.00268686 0.0096812 0.0147771 0.0155607 0.0138175 0.0142169 0.0194427 0.0283383 0.0384491 0.0474613 
0.0404304 0.0423989 0.0357436 0.0225456 0.011408 0.00813925 0.00952623 0.0105332 0.00994136 0.00769333 0.00369234 -0.000866941 -0.00458209 -0.00716633 -0.00871125 -0.00917392 -0.00881169 -0.00811761 -0.00709415 -0.00522993 -0.00223215 0.00121119 0.00293769 0.00120225 -0.00200508 -0.00203126 0.003366 0.0124067 0.0226961 0.0327601 
0.0315372 0.0343866 0.0291762 0.0174337 0.00701633 0.00352642 0.00427718 0.00468298 0.00362032 0.00133276 -0.00186019 -0.00479337 -0.00663474 -0.0078274 -0.00876103 -0.00915713 -0.00907856 -0.0091113 -0.00936868 -0.00943107 -0.00913566 -0.00895302 -0.0102035 -0.0137036 -0.0171152 -0.0160968 -0.00908061 0.0015178 0.0128871 0.0234691 
0.0251056 0.0276788 0.022938 0.0124507 0.00317079 0.000326182 0.00165968 0.00235413 0.000795227 -0.00216549 -0.00525581 -0.00723799 -0.00788925 -0.00820781 -0.00873173 -0.00905856 -0.00923376 -0.0100051 -0.011507 -0.013101 -0.014486 -0.0161196 -0.0189982 -0.0234471 -0.0270735 -0.0257855 -0.0181108 -0.0064588 0.00603729 0.0171969 
0.0206593 0.022725 0.0181759 0.00902163 0.000950238 -0.00160699 -8.19266e-05 0.00113927 -0.000103688 -0.0030794 -0.00617132 -0.00803152 -0.00851444 -0.00864692 -0.00896912 -0.00912033 -0.00925582 -0.0102508 -0.0121687 -0.0140387 -0.0153624 -0.0167922 -0.019533 -0.0240554 -0.0283626 -0.0285384 -0.0224986 -0.0117075 0.00101049 0.0127563 
0.0168584 0.0178049 0.0130736 0.00523498 -0.00154662 -0.00429053 -0.00352901 -0.00215651 -0.00230792 -0.00404297 -0.00633588 -0.00799316 -0.00859362 -0.00877979 -0.00898511 -0.00894553 -0.00885348 -0.00955646 -0.0110381 -0.0121029 -0.0120581 -0.0116818 -0.0125335 -0.0156727 -0.0200613 -0.0223338 -0.0196145 -0.0118202 -0.000898305 0.00991334 
0.0127597 0.012539 0.00790919 0.0015594 -0.00375812 -0.0066907 -0.00728804 -0.00671711 -0.0064069 -0.00689907 -0.0078541 -0.00851511 -0.00852892 -0.00835488 -0.00832346 -0.00815044 -0.0078666 -0.00816076 -0.00904827 -0.00929424 -0.0079288 -0.00550963 -0.00370118 -0.00420906 -0.00729013 -0.0106449 -0.0110482 -0.00713224 0.00010053 0.00790744 
0.00861588 0.0083726 0.00493777 0.000306011 -0.00370962 -0.00669595 -0.00858766 -0.00952634 -0.01009 -0.0105227 -0.0105259 -0.00975903 -0.00848446 -0.00748887 -0.0070938 -0.00687542 -0.00661531 -0.0068177 -0.00759208 -0.00779081 -0.0061753 -0.00284411 0.000809856 0.00280451 0.00187204 -0.000833965 -0.00247278 -0.0014539 0.001749 0.00576447 
0.00417124 0.00512229 0.0039563 0.00123669 -0.00175626 -0.00458516 -0.00709962 -0.00928458 -0.0112391 -0.0125116 -0.01232 -0.0105293 -0.00811763 -0.00636207 -0.00563154 -0.00542328 -0.00540893 -0.00593229 -0.00708079 -0.00782126 -0.0068616 -0.00393916 1.19443e-05 0.00320218 0.00405415 0.00301145 0.00204563 0.00189166 0.0019881 0.00263712 
-0.00112989 0.00112858 0.00236465 0.00151102 -0.000540172 -0.00282012 -0.00500566 -0.00736546 -0.00996194 -0.011863 -0.0118586 -0.00985684 -0.00715711 -0.00517328 -0.00426197 -0.00404231 -0.00432263 -0.00531594 -0.00689748 -0.00807995 -0.0077491 -0.00562436 -0.00238608 0.00055126 0.0019359 0.00210949 0.00226276 0.00199371 0.000217875 -0.00164174 
-0.00697387 -0.00430054 -0.00154019 -0.000954714 -0.00208455 -0.00349509 -0.00458241 -0.00584573 -0.00766399 -0.00926065 -0.00939489 -0.00786779 -0.00575483 -0.00412162 -0.00320804 -0.00292325 -0.00339006 -0.00473786 -0.00652926 -0.00769419 -0.00733822 -0.00548846 -0.00301847 -0.00113055 -0.000486575 -0.000428324 -6.07438e-05 -0.000376669 -0.00300305 -0.00640352 
-0.01254 -0.0102014 -0.00685219 -0.00532772 -0.00572239 -0.00640573 -0.00625259 -0.005666 -0.00562254 -0.00614815 -0.00627654 -0.00550364 -0.00434089 -0.00331014 -0.00249583 -0.00211068 -0.00261347 -0.00411089 -0.00589478 -0.00672735 -0.00580303 -0.00353094 -0.00133505 -0.000583789 -0.00145926 -0.00276534 -0.00337167 -0.00416403 -0.00704527 -0.0110697 
-0.0168414 -0.0147392 -0.0112099 -0.00919136 -0.00925429 -0.00975148 -0.00888852 -0.00667755 -0.00470048 -0.00398058 -0.00390938 -0.00364157 -0.00317263 -0.00261755 -0.00191079 -0.00141664 -0.00181408 -0.00323942 -0.00485523 -0.00528827 -0.00367005 -0.000634853 0.00174358 0.00157585 -0.00108798 -0.00438156 -0.00662566 -0.00830057 -0.0112717 -0.0151839 
-0.0188406 -0.0165359 -0.012926 -0.0107821 -0.010913 -0.0117771 -0.0110604 -0.00822603 -0.00507303 -0.0033074 -0.00269707 -0.00234066 -0.00204813 -0.00173531 -0.00114416 -0.000570525 -0.00075896 -0.00192464 -0.00326851 -0.00339179 -0.00131712 0.00230178 0.00497882 0.00431661 0.000358986 -0.00456849 -0.00834885 -0.011084 -0.0142763 -0.0177089 
-0.0179665 -0.0155043 -0.0119631 -0.00986492 -0.0102139 -0.011781 -0.0120231 -0.00973468 -0.00635373 -0.00379352 -0.00227693 -0.00127711 -0.000754572 -0.000532306 -9.58547e-05 0.000489195 0.000530655 -0.000300545 -0.00136932 -0.0013764 0.000676828 0.00426622 0.00703441 0.00654953 0.00262773 -0.00266644 -0.00727325 -0.0109109 -0.0144055 -0.0173892 
-0.0150738 -0.0130734 -0.0100063 -0.00807582 -0.00855098 -0.0107374 -0.0121958 -0.0110968 -0.00812462 -0.00502299 -0.00248251 -0.000584307 0.000405981 0.000696126 0.00101668 0.0015587 0.00176113 0.00121925 0.000371095 0.000301195 0.00186708 0.00474156 0.00722909 0.00742571 0.00477551 0.000346518 -0.00429745 -0.00835506 -0.0118767 -0.0145252 
-0.0124725 -0.0113254 -0.00918126 -0.00773749 -0.00828024 -0.0105619 -0.0125644 -0.0122912 -0.00978961 -0.0064388 -0.00317971 -0.00054569 0.000973446 0.00154188 0.0019103 0.00240083 0.00262669 0.00223367 0.00153448 0.00133385 0.00220415 0.00398898 0.00584647 0.00660624 0.00531026 0.0018863 -0.00255961 -0.00659296 -0.00965983 -0.0117801 
-0.012305 -0.0116798 -0.010551 -0.00992864 -0.0105832 -0.0122882 -0.0136035 -0.013044 -0.0105611 -0.00718153 -0.00375686 -0.000872235 0.000998774 0.00193652 0.00247971 0.00289171 0.00295541 0.00249672 0.00182667 0.00149616 0.00173771 0.00246593 0.00351842 0.0042711 0.00342283 0.000175539 -0.00443052 -0.00836598 -0.0107338 -0.0119593 
-0.0150886 -0.0144577 -0.013957 -0.0139373 -0.014446 -0.0150146 -0.0147299 -0.0129686 -0.0100439 -0.00675737 -0.00364244 -0.00101094 0.000872358 0.0020112 0.00264072 0.00286961 0.00261044 0.00190379 0.00113673 0.000691884 0.000510869 0.000463683 0.00072631 0.000935289 -0.000395191 -0.00427006 -0.0094027 -0.0133598 -0.0151494 -0.0154573 
-0.0190379 -0.0181809 -0.0176397 -0.0173807 -0.0171455 -0.0164075 -0.0145937 -0.0117132 -0.00845176 -0.00547401 -0.00295557 -0.000858193 0.000751252 0.00178504 0.00224547 0.00214454 0.00148652 0.000456748 -0.000497264 -0.00107376 -0.00149348 -0.00198992 -0.00235531 -0.00287883 -0.00502573 -0.00967631 -0.0152197 -0.0190374 -0.0202979 -0.0199462 
-0.0213103 -0.020236 -0.0190765 -0.0177526 -0.0163051 -0.0145453 -0.0121034 -0.00910824 -0.00624235 -0.00396916 -0.00217467 -0.00061184 0.000655241 0.00137072 0.00142474 0.000865915 -0.000223099 -0.00161651 -0.00286655 -0.00367044 -0.00423985 -0.00487609 -0.00551137 -0.0064889 -0.0091759 -0.0142061 -0.0196354 -0.022785 -0.023242 -0.0223971 
-0.0211265 -0.0198475 -0.0177666 -0.0149824 -0.0121371 -0.00968977 -0.00752404 -0.00551547 -0.00388161 -0.0026786 -0.00157158 -0.000341106 0.000709327 0.00107707 0.000631196 -0.000434784 -0.00194892 -0.00371351 -0.00533409 -0.00644676 -0.00709785 -0.00756896 -0.00801362 -0.00898036 -0.0118007 -0.0168074 -0.0216763 -0.0237561 -0.02326 -0.0221125 
-0.0201784 -0.0186515 -0.0155987 -0.0113565 -0.00711626 -0.00406489 -0.0024581 -0.00185393 -0.00179267 -0.00176516 -0.00123993 -0.000173757 0.000793888 0.000924842 8.8274e-05 -0.00137689 -0.00319085 -0.00518099 -0.00705808 -0.00842283 -0.00907899 -0.00922373 -0.00930775 -0.0101726 -0.0130271 -0.0177832 -0.0218734 -0.0229621 -0.0219165 -0.0208912 
-0.0197291 -0.0180853 -0.0143958 -0.00909625 -0.00370608 -1.38106e-05 0.00133605 0.000940162 -0.000237217 -0.00120235 -0.00123764 -0.000412774 0.000451942 0.000506733 -0.000441115 -0.00204776 -0.00393758 -0.00589378 -0.00776188 -0.00922028 -0.00987773 -0.00984258 -0.00987016 -0.0109368 -0.0137587 -0.0177752 -0.0207684 -0.0212427 -0.0204213 -0.0200316 
-0.0189766 -0.0176901 -0.0141699 -0.00864377 -0.00268976 0.00153182 0.00306509 0.00243819 0.00076029 -0.000771349 -0.00134321 -0.000983661 -0.00040158 -0.000366505 -0.00119277 -0.00271677 -0.00453566 -0.00630985 -0.00796343 -0.00933765 -0.0100127 -0.0100721 -0.0104099 -0.0117793 -0.0141268 -0.016671 -0.0182403 -0.0184455 -0.018338 -0.0187576 
-0.0163327 -0.0157908 -0.0133262 -0.00866655 -0.00308085 0.00123326 0.00309587 0.00280536 0.00136465 -0.000131121 -0.00102004 -0.00126416 -0.00122372 -0.00138517 -0.00213699 -0.00357196 -0.00534406 -0.00696276 -0.00830783 -0.00937504 -0.00991593 -0.0100874 -0.0106889 -0.0120339 -0.0134958 -0.0144539 -0.0148107 -0.0148605 -0.015136 -0.0158147 
-0.0120188 -0.0117193 -0.0105002 -0.00756539 -0.00340457 0.000227141 0.00207089 0.00220467 0.00149688 0.000689567 -7.34871e-05 -0.000838093 -0.00152801 -0.00219563 -0.00315746 -0.00468296 -0.00650834 -0.00800092 -0.00890887 -0.00936295 -0.00942003 -0.0093829 -0.00990001 -0.0109973 -0.0119033 -0.012206 -0.0122018 -0.0121804 -0.0121611 -0.012108 
-0.00835854 -0.00700065 -0.00629206 -0.00518857 -0.00314062 -0.00102799 0.000116649 0.000398574 0.000640904 0.00102938 0.000908098 -2.48052e-05 -0.00134587 -0.00266722 -0.00408984 -0.00589802 -0.00786148 -0.00920809 -0.00953879 -0.00913542 -0.00840492 -0.00787072 -0.00822318 -0.00947776 -0.0108096 -0.0116649 -0.012173 -0.0123749 -0.0118379 -0.0102994 
-0.00560241 -0.00272435 -0.00214715 -0.00271235 -0.00299917 -0.00293922 -0.00301437 -0.00281227 -0.00159112 0.000145596 0.00100576 0.000437653 -0.00104227 -0.00282803 -0.00475227 -0.00693365 -0.00908775 -0.0103249 -0.0101424 -0.00897386 -0.00755547 -0.00670534 -0.00729566 -0.00930341 -0.0115918 -0.0132564 -0.0143089 -0.0146496 -0.0133555 -0.00990058 
-0.000169049 0.00262476 0.00188705 -0.000804488 -0.00359333 -0.0057912 -0.00721803 -0.00708561 -0.0049505 -0.00203279 -9.99086e-05 0.000206653 -0.000832233 -0.00274627 -0.00510878 -0.00767889 -0.0100183 -0.0112133 -0.0107813 -0.00929344 -0.00773528 -0.00712011 -0.00822929 -0.0106573 -0.0129585 -0.0142911 -0.0148462 -0.0142962 -0.0113269 -0.00580108 
0.00964322 0.00985894 0.00627602 0.00103971 -0.00418086 -0.00856307 -0.0112879 -0.0111987 -0.00830323 -0.00447479 -0.00156124 -0.000206596 -0.000566467 -0.00248004 -0.00525817 -0.00818449 -0.0106011 -0.0116909 -0.0111542 -0.00970559 -0.00846928 -0.00837514 -0.00961495 -0.0111276 -0.0115473 -0.0107373 -0.00928128 -0.00662899 -0.00155407 0.00501461 
0.019748 0.016369 0.0101497 0.00324018 -0.00356335 -0.0096179 -0.0133825 -0.0132841 -0.00982085 -0.00542651 -0.00194895 -4.22597e-05 -0.000143782 -0.00218936 -0.00528462 -0.00840761 -0.0107157 -0.011506 -0.0107078 -0.00914936 -0.00800043 -0.00797642 -0.00857949 -0.00814463 -0.00549048 -0.00125801 0.00321377 0.00787819 0.0133748 0.0183642 
0.0248531 0.0189872 0.0119845 0.00526219 -0.00168944 -0.00846371 -0.0126155 -0.0121864 -0.00827517 -0.00378716 -0.00054372 0.000861917 0.000196625 -0.00214377 -0.00527834 -0.00835175 -0.0104685 -0.0108817 -0.00955673 -0.00728705 -0.00529172 -0.00439347 -0.00395066 -0.00191798 0.00321634 0.0106452 0.0178388 0.0230125 0.0262032 0.0272683 
0.0242607 0.0172652 0.0109023 0.00580336 5.62203e-05 -0.00626424 -0.00986361 -0.00860285 -0.00425295 -4.20193e-05 0.00224414 0.00218266 0.000235123 -0.00253424 -0.00548418 -0.00837094 -0.0104095 -0.010573 -0.0084893 -0.00473543 -0.000829441 0.00157469 0.00254268 0.00449301 0.0100001 0.018846 0.0274817 0.0321454 0.0323275 0.0295356 
0.0213188 0.013446 0.00751023 0.00396558 -0.000113245 -0.00502854 -0.00712399 -0.00449225 0.000534749 0.00460512 0.00583722 0.00393042 0.000258721 -0.00326295 -0.00616377 -0.00888516 -0.0109051 -0.0108351 -0.00770923 -0.00188976 0.00441075 0.00816934 0.00864851 0.0089097 0.0128873 0.0211394 0.0298017 0.0340882 0.0329022 0.0282363 
0.0185984 0.0099413 0.00378267 0.000668469 -0.00249621 -0.00589206 -0.00593081 -0.00140696 0.00480683 0.0092717 0.00986747 0.00630046 0.000744258 -0.00402275 -0.00733971 -0.00999729 -0.0117933 -0.0111714 -0.00674808 0.00107668 0.00931255 0.0138794 0.0137065 0.012683 0.0155706 0.0228196 0.0303752 0.0336997 0.0317741 0.0263819 
0.0164207 0.00742298 0.00123789 -0.00215979 -0.00546846 -0.00796423 -0.0060365 0.000609751 0.00831054 0.0133913 0.0136752 0.00896662 0.00183544 -0.00441309 -0.0086364 -0.0114471 -0.0128052 -0.0112888 -0.00562571 0.00344841 0.0125669 0.0175253 0.0176544 0.0176612 0.02221 0.0301809 0.0364738 0.037281 0.0327789 0.025378 
0.016067 0.00672937 0.000842639 -0.00300677 -0.00710823 -0.0093736 -0.00585933 0.00281381 0.0118471 0.0171871 0.0170679 0.0117078 0.00359338 -0.00403621 -0.00952067 -0.0128497 -0.0138645 -0.0114833 -0.00503342 0.00428589 0.0132543 0.0182771 0.0195028 0.0223391 0.0307931 0.0415281 0.047844 0.0462504 0.0381332 0.0271908 
0.0207325 0.0110897 0.00527138 0.000346113 -0.00552699 -0.00856305 -0.00412204 0.00630675 0.0164717 0.0216725 0.0207782 0.014764 0.00587365 -0.00311417 -0.0101204 -0.0143138 -0.0152231 -0.0121948 -0.00540572 0.00348838 0.0117384 0.0166257 0.0189415 0.0241721 0.035527 0.0486202 0.0563981 0.0553107 0.0463932 0.0335167 
0.0317414 0.0224455 0.0160602 0.0088484 -0.000230431 -0.00549061 -0.00126999 0.0103768 0.0217127 0.0268815 0.0249538 0.0178011 0.00778786 -0.00268091 -0.0112652 -0.0163847 -0.0171956 -0.0134894 -0.00634888 0.00220126 0.0100508 0.0153107 0.018633 0.0242457 0.0345769 0.0466477 0.0557143 0.0585041 0.0538748 0.0435779 
0.0465248 0.0370834 0.028163 0.0171993 0.00472661 -0.00249992 0.00129514 0.0136825 0.0261546 0.031666 0.0287683 0.0199963 0.00841479 -0.0034897 -0.0133074 -0.01902 -0.0194977 -0.0149653 -0.0072555 0.00154195 0.0100469 0.0167639 0.0211892 0.0252882 0.0310181 0.0386048 0.0474979 0.0555706 0.0589314 0.0552475 
0.0621569 0.0502871 0.0351285 0.0184374 0.00402761 -0.00189019 0.00370004 0.0170201 0.0300264 0.0357347 0.0320323 0.0214966 0.00808001 -0.00511511 -0.0156452 -0.0214738 -0.021494 -0.0163663 -0.00828471 0.00108982 0.0110312 0.0196395 0.0246315 0.0261284 0.026423 0.0288704 0.0367638 0.0498508 0.062412 0.0672798 
0.0765996 0.0604925 0.0361289 0.012045 -0.00278538 -0.00369171 0.00666572 0.0215011 0.0341647 0.0395267 0.0352549 0.0232068 0.00789091 -0.00657342 -0.0175085 -0.0232047 -0.0229904 -0.0179282 -0.0101088 -0.000430071 0.0107369 0.0203932 0.0244603 0.0225449 0.0184065 0.0175458 0.0252492 0.042958 0.0644153 0.0781952 
0.0850352 0.0645947 0.0318372 0.00173024 -0.0121496 -0.00709265 0.00837416 0.0245628 0.0366461 0.0418236 0.0375454 0.0245409 0.00768144 -0.00774078 -0.0187512 -0.0242071 -0.0240532 -0.0195542 -0.0124179 -0.0029187 0.00852577 0.0177079 0.0192598 0.0134004 0.00620934 0.00457717 0.0137431 0.0355139 0.0636972 0.084247 
0.0815248 0.0579274 0.0215681 -0.00943327 -0.02053 -0.011503 0.00600867 0.0221054 0.0340034 0.0399002 0.0362557 0.0229652 0.00558213 -0.00966285 -0.0199117 -0.024755 -0.0245162 -0.0202709 -0.0133894 -0.00413555 0.00663366 0.0140526 0.0125477 0.0035712 -0.00470837 -0.00494873 0.00643813 0.03004 0.0598109 0.0814677 
0.0658049 0.0413439 0.00711195 -0.0195023 -0.0264957 -0.0162089 -0.000229349 0.0140318 0.0257282 0.0326247 0.0298608 0.0171696 0.000830826 -0.0127199 -0.0212532 -0.0249902 -0.0241483 -0.0192278 -0.0114873 -0.00189697 0.00795701 0.0133812 0.00985285 0.000100328 -0.00704967 -0.00520253 0.00684369 0.0279652 0.0527595 0.069221 
0.0448423 0.0219724 -0.00699189 -0.0274883 -0.0309025 -0.0210605 -0.0078307 0.00418121 0.015227 0.0225054 0.0207735 0.00993829 -0.00394856 -0.0151478 -0.021963 -0.0246783 -0.0230389 -0.0169196 -0.00766968 0.00277252 0.0122128 0.0167875 0.0134247 0.00529346 0.000268702 0.00296581 0.0126106 0.0272002 0.0429958 0.0516905 
0.0283269 0.00799873 -0.0160565 -0.0322245 -0.0344739 -0.0263708 -0.0153093 -0.00440638 0.00623373 0.0136536 0.0133818 0.00534363 -0.00573331 -0.0151996 -0.0212649 -0.0236115 -0.0215406 -0.0147175 -0.00469009 0.00607551 0.0154944 0.0208291 0.0196574 0.0141787 0.010611 0.0123438 0.0179081 0.0255404 0.0335397 0.0366535 
0.0244978 0.00668342 -0.0148126 -0.0302276 -0.034962 -0.0307986 -0.0220448 -0.0113713 -0.000411015 0.00753533 0.00886174 0.00339726 -0.00544168 -0.013869 -0.0197086 -0.0219245 -0.0197473 -0.0131989 -0.00399187 0.005712 0.0148164 0.0216276 0.0231852 0.0196374 0.0157882 0.0152579 0.0175242 0.021833 0.0278197 0.0310818 
0.0399455 0.024737 0.00216527 -0.0174782 -0.0290784 -0.0316494 -0.0264256 -0.0161728 -0.00457482 0.00400268 0.00612954 0.0018369 -0.00575522 -0.0132568 -0.0184365 -0.0200625 -0.0177118 -0.0119875 -0.00457721 0.00319041 0.0114885 0.0193279 0.0226556 0.0193878 0.0134226 0.00988534 0.0106726 0.0167834 0.0285228 0.0399005 
0.0850306 0.0697148 0.0384514 0.00709998 -0.0158236 -0.0268049 -0.0254897 -0.0156716 -0.00342855 0.0052978 0.00680758 0.00171573 -0.00616547 -0.0132694 -0.0176455 -0.0185268 -0.0160102 -0.0109821 -0.00494158 0.00132502 0.00870106 0.0166472 0.020459 0.0164596 0.00803172 0.00231365 0.00448344 0.0182822 0.044742 0.0736015 
0.176133 0.151516 0.0966378 0.0425738 0.00450811 -0.0145043 -0.0162062 -0.00682323 0.00527746 0.012978 0.0125288 0.00512359 -0.00454891 -0.0123507 -0.0166192 -0.0173535 -0.0150086 -0.0102885 -0.00460342 0.000999792 0.00734851 0.0144287 0.0178679 0.0134041 0.00427482 -0.000351083 0.00845165 0.0385075 0.091984 0.150164 
0.309995 0.265085 0.170762 0.0839406 0.0291614 0.00417158 0.000376856 0.00820871 0.0181148 0.0229287 0.0194924 0.00946861 -0.00211637 -0.0108487 -0.0153705 -0.0163193 -0.0142006 -0.00937069 -0.0034583 0.00167115 0.00642082 0.0115242 0.0138108 0.00935096 0.00164219 0.00192962 0.0231787 0.0781438 0.170176 0.268098 
0.425538 0.359404 0.228309 0.113466 0.0473385 0.0202042 0.0153949 0.0209082 0.0273741 0.0282772 0.0216586 0.00996421 -0.00205842 -0.0105886 -0.0147749 -0.0155659 -0.0132607 -0.00795171 -0.0016646 0.00290759 0.00576666 0.0083948 0.00901309 0.00437971 -0.00144384 0.00492623 0.0396229 0.118077 0.243192 0.373197 
