0.351006 0.331342 0.267009 0.184491 0.110988 0.0611726 0.0341201 0.0195993 0.00814759 -0.00336885 -0.0131971 -0.0184654 -0.0176468 -0.0118437 -0.00471787 -0.000365124 -0.000667083 -0.00431124 -0.00780839 -0.00781968 -0.00334769 0.00424468 0.0131516 0.0230039 0.0364765 0.0602025 0.102594 0.16755 0.246831 0.317507 
0.348072 0.332053 0.268788 0.184284 0.105755 0.0498721 0.0191339 0.00519073 -0.00259088 -0.00997547 -0.0170195 -0.0211236 -0.0201004 -0.0142105 -0.00655169 -0.00113829 -0.000225989 -0.00313866 -0.00693824 -0.00828079 -0.00542751 0.00112582 0.00960974 0.0186581 0.0297484 0.0493829 0.0876586 0.151142 0.233005 0.309074 
0.283552 0.282244 0.237588 0.169339 0.100418 0.0476096 0.0170733 0.0037812 -0.00232208 -0.00811298 -0.0144927 -0.0188323 -0.0184972 -0.0132463 -0.00574625 9.70185e-05 0.0016111 -0.00132059 -0.00645138 -0.0104063 -0.0105203 -0.00631064 0.000441686 0.00725199 0.0138122 0.0248652 0.0501209 0.0984089 0.167645 0.238865 
0.193578 0.211063 0.193484 0.151571 0.101452 0.0580127 0.0299509 0.0158978 0.00805232 0.00044709 -0.00741126 -0.0127662 -0.01315 -0.00845523 -0.00118299 0.00491654 0.00688831 0.00392094 -0.00241692 -0.00884162 -0.0120072 -0.0106729 -0.00659924 -0.00304124 -0.00182063 -0.000414753 0.00913491 0.0366672 0.0855189 0.145167 
0.114239 0.145989 0.152047 0.134879 0.104053 0.0715439 0.0465939 0.030481 0.0186038 0.00752501 -0.00207556 -0.00758846 -0.00740446 -0.00215875 0.0055254 0.0121488 0.0148005 0.0122829 0.00557422 -0.00240138 -0.00813662 -0.00992424 -0.0091782 -0.009102 -0.0120769 -0.0172867 -0.0192117 -0.00890141 0.0205022 0.0663682 
0.0649573 0.100842 0.119048 0.116723 0.0991383 0.0756232 0.0539601 0.0361519 0.020617 0.00699829 -0.00284008 -0.00684029 -0.00459302 0.00226118 0.0108019 0.0179086 0.0211312 0.0192905 0.0129034 0.00428139 -0.00338303 -0.00809058 -0.0104306 -0.0126269 -0.0165413 -0.0222818 -0.0271709 -0.0252269 -0.00921732 0.0233667 
0.0468905 0.0758405 0.0933879 0.0947978 0.083484 0.0666979 0.0493 0.0320467 0.0151773 0.000849096 -0.0081428 -0.0101615 -0.00565572 0.00283998 0.0119515 0.0189073 0.0220021 0.0204726 0.0146265 0.00613029 -0.00236184 -0.00863231 -0.0121734 -0.013789 -0.0143725 -0.0145322 -0.0144035 -0.0121425 -0.00296543 0.0174201 
0.0476654 0.0629484 0.0718763 0.0705481 0.0620465 0.0516877 0.0406005 0.0268471 0.0108404 -0.00372213 -0.0128803 -0.0144571 -0.00896121 0.000373377 0.00947597 0.0156581 0.0179467 0.0162609 0.0110708 0.00362199 -0.00399411 -0.0094886 -0.0114119 -0.00943056 -0.00394906 0.00375152 0.0114431 0.0176254 0.0237329 0.0332777 
0.0525772 0.0545267 0.0535203 0.0483016 0.0426106 0.0397233 0.0366727 0.0280557 0.0132773 -0.00284839 -0.0143724 -0.0175214 -0.0124027 -0.00292129 0.00603386 0.0115964 0.0132395 0.0115102 0.00727256 0.00164001 -0.00378377 -0.00684617 -0.00554084 0.00102509 0.012079 0.0251618 0.0369932 0.0450941 0.0490713 0.0507504 
0.0558559 0.0494792 0.0408103 0.0324594 0.029875 0.0344206 0.0390382 0.0348099 0.0199593 0.000676107 -0.014477 -0.019916 -0.015557 -0.00596057 0.0034059 0.00943798 0.0116221 0.0106974 0.00775651 0.0038876 0.000378518 -0.000758195 0.0028486 0.0123736 0.0262694 0.0406008 0.0517478 0.0584736 0.0610238 0.0598761 
0.058997 0.0489368 0.0342506 0.0222575 0.0213291 0.0315502 0.0420975 0.040814 0.0250208 0.00245701 -0.015891 -0.023134 -0.0192785 -0.00925806 0.00131628 0.00912418 0.0132605 0.0141151 0.0125766 0.00960586 0.00641665 0.00514609 0.00861369 0.0183866 0.0324306 0.0455627 0.0539905 0.0584973 0.0614509 0.06252 
0.0598113 0.0475465 0.0267384 0.00972501 0.00870323 0.023305 0.0393113 0.0413622 0.0258118 0.00158707 -0.0185939 -0.0269845 -0.0235214 -0.0130631 -0.00109217 0.00884078 0.0152716 0.0179926 0.017415 0.0142909 0.00996432 0.00689142 0.00830794 0.0162704 0.0288775 0.0403828 0.0467385 0.0501575 0.055029 0.0604679 
0.0505781 0.0361566 0.0102093 -0.0109185 -0.0116967 0.00746126 0.0296223 0.0365733 0.0235413 -2.58764e-05 -0.0204665 -0.0294323 -0.026485 -0.0160969 -0.0035348 0.00747423 0.0150425 0.0185113 0.0179248 0.0139453 0.00811839 0.0030205 0.00183618 0.00688804 0.0169552 0.0266513 0.0317675 0.0348382 0.0411812 0.0495475 
0.0289091 0.014491 -0.0118297 -0.0326953 -0.0316095 -0.00894818 0.0176276 0.0290049 0.0197551 -0.00105809 -0.0199976 -0.0286679 -0.0262241 -0.0165879 -0.00466432 0.0058482 0.0129035 0.0156848 0.0141834 0.00920906 0.00245899 -0.00384018 -0.00726397 -0.00569607 0.000564552 0.00736447 0.0108176 0.0129818 0.0189234 0.0274632 
0.00440988 -0.00538039 -0.0253914 -0.0412494 -0.0385106 -0.0170875 0.00797617 0.0200815 0.0141644 -0.0023478 -0.0179554 -0.0251569 -0.0228687 -0.0142959 -0.00373605 0.00538645 0.0110658 0.0125194 0.00992068 0.00440244 -0.00225763 -0.00854645 -0.013332 -0.0152153 -0.0137211 -0.0112102 -0.0104708 -0.0100357 -0.00580612 0.00162292 
-0.0103623 -0.0120886 -0.0219059 -0.0311263 -0.0293 -0.0152235 0.00156954 0.00988013 0.00587177 -0.00573097 -0.0168127 -0.0215638 -0.0188312 -0.0110071 -0.00163309 0.00628014 0.0108712 0.0114636 0.00848418 0.0034255 -0.00190662 -0.00683424 -0.0117314 -0.0163076 -0.0196608 -0.0221097 -0.0245693 -0.0258183 -0.0230483 -0.016204 
-0.0134804 -0.00794035 -0.00854155 -0.0122628 -0.0130663 -0.0087684 -0.00291911 -0.00065089 -0.00421612 -0.0116016 -0.0182327 -0.0201916 -0.0164618 -0.0087633 6.85627e-05 0.00747321 0.0118192 0.012589 0.010434 0.00709249 0.00426609 0.00176479 -0.00225531 -0.00870461 -0.0164535 -0.0237246 -0.0291249 -0.0313385 -0.0290631 -0.0221997 
-0.0131267 -0.00436522 0.000490837 0.000897078 -0.00106261 -0.00351675 -0.00599665 -0.00895888 -0.0130791 -0.0179168 -0.0212826 -0.0208152 -0.0159451 -0.00808259 0.00049621 0.00772201 0.0123297 0.0140483 0.0136603 0.01287 0.0129851 0.012926 0.00968419 0.00149766 -0.0101806 -0.0216389 -0.0292919 -0.0316371 -0.0290694 -0.0224181 
-0.0150526 -0.00725022 -0.000653794 0.00307117 0.00288385 -0.00109823 -0.00710306 -0.0130617 -0.0182593 -0.0223385 -0.0239462 -0.02178 -0.0160366 -0.00822423 -0.000212011 0.00650543 0.0112107 0.0139632 0.0155027 0.01711 0.0193971 0.0205505 0.0170292 0.00690367 -0.00783482 -0.0220065 -0.0305137 -0.0318993 -0.0283598 -0.0223935 
-0.0165228 -0.0121233 -0.00639606 -0.000638135 0.00212561 -0.000128058 -0.00623063 -0.013463 -0.0200323 -0.0245985 -0.0255413 -0.0222509 -0.0158847 -0.00836575 -0.00130859 0.00443113 0.00882062 0.0122533 0.0151991 0.0181847 0.0210495 0.0217189 0.0169894 0.00549889 -0.0101645 -0.0241858 -0.0311419 -0.0302173 -0.0252994 -0.0204542 
-0.0117298 -0.0112816 -0.00801867 -0.00248821 0.001693 0.00119353 -0.00412924 -0.0121414 -0.0203343 -0.0259409 -0.0266421 -0.022391 -0.0153758 -0.008094 -0.00200749 0.00267125 0.00657893 0.0103306 0.0139598 0.01714 0.0191204 0.0181681 0.0122331 0.00106855 -0.012337 -0.0226234 -0.0254526 -0.021328 -0.0153178 -0.012043 
0.00114918 -0.00136049 -0.00118547 0.00177519 0.00463037 0.00399324 -0.00148755 -0.0107399 -0.0207463 -0.0273577 -0.0277214 -0.0224611 -0.0147362 -0.00752894 -0.00211604 0.00184713 0.00544279 0.00931144 0.0130585 0.0157 0.0161973 0.0135343 0.00719366 -0.00179328 -0.010405 -0.0146732 -0.0122909 -0.00519877 0.0013114 0.0032463 
0.0175733 0.0141478 0.0118864 0.0113475 0.0110417 0.00833865 0.00122148 -0.00994762 -0.0216087 -0.028716 -0.0285053 -0.0224325 -0.0143061 -0.00721791 -0.00215613 0.00155941 0.00509465 0.00893818 0.0124499 0.0143821 0.0137041 0.0101255 0.00442931 -0.00143011 -0.00483009 -0.00355261 0.00274351 0.0114097 0.0180166 0.0198025 
0.0296692 0.0275853 0.0248533 0.0220193 0.0186823 0.0131501 0.00359559 -0.00944698 -0.0219196 -0.0287779 -0.0280488 -0.0218887 -0.0141331 -0.00752115 -0.00274229 0.000916806 0.0044102 0.00803038 0.0111387 0.0125935 0.0115627 0.00824038 0.00406944 0.00121191 0.00151617 0.00571355 0.0130508 0.0212373 0.0274121 0.0300528 
0.0321937 0.0328561 0.0319435 0.0292149 0.0244239 0.0167171 0.00534475 -0.00830198 -0.0201614 -0.0261867 -0.0254618 -0.0202712 -0.0138081 -0.00819686 -0.00395067 -0.000544018 0.00268637 0.00592999 0.00872349 0.0101952 0.00971695 0.00762962 0.00537227 0.00467975 0.00650981 0.0107136 0.0164044 0.0222863 0.0270866 0.030302 
0.025793 0.0291146 0.0312356 0.0305209 0.0261066 0.0178655 0.00652722 -0.005726 -0.0156215 -0.0206667 -0.0206657 -0.0173228 -0.0128088 -0.00864465 -0.00529729 -0.00246695 0.000313735 0.00324114 0.00604941 0.00808399 0.00877518 0.00829251 0.00765934 0.00798381 0.00960612 0.0121298 0.0150161 0.0178269 0.0203099 0.0227668 
0.0152954 0.0201151 0.0249753 0.0268116 0.0239967 0.0170193 0.00775404 -0.00151769 -0.00885516 -0.013159 -0.0143466 -0.013166 -0.0108006 -0.00831157 -0.00614355 -0.00411607 -0.00182204 0.000971874 0.00409309 0.00695927 0.00890948 0.0097616 0.0100293 0.0104024 0.0111019 0.0119013 0.0125033 0.0126505 0.0124 0.012768 
0.0062469 0.0111865 0.0174644 0.0211738 0.0202974 0.0157139 0.00963774 0.0037252 -0.00136314 -0.00527538 -0.00761009 -0.00828785 -0.00783278 -0.00699003 -0.00611137 -0.00498864 -0.00318004 -0.000451297 0.00298491 0.00650465 0.00932034 0.0109277 0.0114691 0.0115305 0.0115783 0.0116545 0.0113312 0.00990016 0.00730032 0.00520965 
0.00175876 0.00561933 0.0116215 0.015985 0.0167519 0.0147439 0.0117105 0.00842289 0.00481158 0.00114352 -0.00181334 -0.00361135 -0.00451699 -0.00504497 -0.00535263 -0.00510031 -0.00378839 -0.00123267 0.00224038 0.00593801 0.00902964 0.0108823 0.0114836 0.0114522 0.0115048 0.0118374 0.0117328 0.00991683 0.00610594 0.00232807 
0.000597767 0.00273762 0.00729333 0.0113974 0.0133326 0.0133903 0.0124616 0.0106941 0.00795141 0.00475551 0.00196596 -0.000107008 -0.00175248 -0.00324829 -0.00446441 -0.00491124 -0.0040896 -0.00190851 0.00121047 0.00457335 0.00744864 0.00929006 0.0100635 0.010306 0.0107064 0.0114818 0.0118462 0.0103526 0.00656847 0.00233626 
-0.000932463 4.41738e-05 0.00332559 0.00703947 0.00966521 0.0109011 0.0109882 0.00993383 0.00790586 0.00561865 0.00365417 0.0018827 -6.87088e-05 -0.00217277 -0.00398192 -0.00492235 -0.00459006 -0.00300356 -0.000594347 0.00206602 0.00446793 0.00625162 0.00734218 0.0079787 0.00853271 0.00916476 0.00933897 0.00796947 0.0047394 0.0010409 
-0.00498505 -0.0035382 -0.000258017 0.00345696 0.00626422 0.00772367 0.00800866 0.00733067 0.006109 0.0049622 0.00399125 0.00264816 0.000581614 -0.00186459 -0.00401737 -0.00532262 -0.00551635 -0.0046906 -0.00319341 -0.00138022 0.000495463 0.00221765 0.00357795 0.00441277 0.00468201 0.00443189 0.00346833 0.00140736 -0.00151447 -0.00410126 
-0.0113251 -0.00792623 -0.00346415 0.000581646 0.00316742 0.00429517 0.00453038 0.00430404 0.00398753 0.00386769 0.00363794 0.00258864 0.000515146 -0.00203834 -0.00435826 -0.00598539 -0.00675163 -0.00674589 -0.00618551 -0.00520892 -0.00387014 -0.00233394 -0.000979683 -0.000296911 -0.000647973 -0.00215512 -0.0048013 -0.00821591 -0.0112742 -0.0125501 
-0.0195398 -0.0139362 -0.00804926 -0.00364276 -0.00131961 -0.000346988 0.000293993 0.00100943 0.0018223 0.00262485 0.00292804 0.00212834 0.000212948 -0.00223718 -0.00461737 -0.00656517 -0.00792002 -0.00870707 -0.00903329 -0.00889526 -0.00822788 -0.00718367 -0.00625636 -0.00610785 -0.00728848 -0.0100939 -0.0144177 -0.0192701 -0.0226851 -0.0228742 
-0.0295812 -0.0226128 -0.0157669 -0.0110247 -0.00857096 -0.00704213 -0.005171 -0.00281701 -0.000447377 0.00147331 0.00242809 0.00202556 0.000416792 -0.00185663 -0.00430708 -0.00660828 -0.00855048 -0.0100908 -0.0112803 -0.0120581 -0.012295 -0.0121112 -0.0120216 -0.0127455 -0.0149325 -0.01898 -0.0246767 -0.0306174 -0.0343987 -0.0340895 
-0.0394117 -0.0320964 -0.0247768 -0.0195849 -0.016494 -0.0138202 -0.0102571 -0.00595153 -0.00178461 0.0014739 0.0032587 0.00331957 0.0019289 -0.000354339 -0.0030448 -0.00578677 -0.0083376 -0.0106283 -0.0126841 -0.0144165 -0.0156544 -0.0164588 -0.0172986 -0.018899 -0.0219738 -0.0269403 -0.033446 -0.0399289 -0.0440407 -0.0439441 
-0.0443888 -0.037411 -0.029951 -0.0242972 -0.0204172 -0.0166125 -0.0116814 -0.00591475 -0.000370574 0.00395888 0.00635896 0.00658435 0.00500892 0.00232484 -0.000856863 -0.00412947 -0.00728846 -0.0102999 -0.0131529 -0.0156852 -0.017656 -0.0190579 -0.0203054 -0.0221289 -0.0253016 -0.0302484 -0.0365855 -0.0429424 -0.0473745 -0.0481026 
-0.0416266 -0.0355318 -0.0283746 -0.0225302 -0.0180529 -0.0134977 -0.00795525 -0.00176192 0.00412739 0.00869319 0.0110731 0.010945 0.00876086 0.00539558 0.00162559 -0.0021155 -0.00572862 -0.00926498 -0.0126526 -0.0155655 -0.0176282 -0.0187908 -0.0194946 -0.0205225 -0.0226808 -0.0264087 -0.0315055 -0.03715 -0.0419467 -0.0439535 
-0.0341658 -0.029466 -0.0230751 -0.0172706 -0.012294 -0.0072347 -0.0016859 0.00398422 0.00916473 0.013103 0.0149394 0.0142594 0.0115029 0.00763291 0.00351919 -0.000412 -0.00417189 -0.00789097 -0.0114037 -0.0141523 -0.0155962 -0.015736 -0.0152006 -0.01489 -0.0155579 -0.0175974 -0.021107 -0.0259539 -0.031239 -0.0347466 
-0.0281687 -0.0249374 -0.0193702 -0.0135092 -0.00796157 -0.00251767 0.00271823 0.00740366 0.0114173 0.0144992 0.0159347 0.0151753 0.0124773 0.00869755 0.00467981 0.000840267 -0.00286449 -0.00656203 -0.00995237 -0.0122433 -0.0127763 -0.0117191 -0.0100121 -0.00868553 -0.00835594 -0.00932005 -0.0119327 -0.0165219 -0.0223989 -0.0271657 
-0.026118 -0.0237039 -0.0185631 -0.0124996 -0.00654775 -0.00105722 0.00362307 0.0073026 0.0103655 0.0130723 0.0148343 0.0148394 0.0129724 0.00982482 0.00614461 0.00238192 -0.00141418 -0.00525322 -0.00867706 -0.0107243 -0.0107015 -0.00896973 -0.00671439 -0.00500218 -0.00434137 -0.00508662 -0.00781687 -0.0128582 -0.0192282 -0.0244484 
-0.0247829 -0.0222492 -0.0172046 -0.0112326 -0.00556715 -0.000718761 0.00306493 0.00585269 0.00843569 0.0114356 0.014227 0.015577 0.0148952 0.0124732 0.00897901 0.00496457 0.000684095 -0.00366679 -0.00749485 -0.00978899 -0.00989959 -0.00827273 -0.0060596 -0.00416799 -0.00314927 -0.00379146 -0.00700976 -0.0127235 -0.0191497 -0.0237224 
-0.0195736 -0.016582 -0.0120288 -0.00713258 -0.00288261 0.000463181 0.00298617 0.00503484 0.00758958 0.0113196 0.0153721 0.0180638 0.0183837 0.0163942 0.0127371 0.00811737 0.00306117 -0.0019935 -0.00638425 -0.00920323 -0.00992339 -0.00891822 -0.00697844 -0.00465489 -0.00267959 -0.0025792 -0.00571844 -0.011453 -0.0170559 -0.0199717 
-0.00966155 -0.00701519 -0.00426299 -0.00186385 -0.000110419 0.0012023 0.00249198 0.00426404 0.00733937 0.0120341 0.0171601 0.0207674 0.0216446 0.019743 0.0157081 0.0103981 0.00461584 -0.000963587 -0.00567597 -0.00884496 -0.0101378 -0.00977286 -0.00803693 -0.00507385 -0.00180611 -0.00041454 -0.00256102 -0.00709138 -0.0107336 -0.0113952 
0.000634287 0.00147226 0.00102489 4.31729e-05 -0.000888207 -0.00122468 -0.000434296 0.00191166 0.00614919 0.0119632 0.0178636 0.0219318 0.0230348 0.0211215 0.0168211 0.0110759 0.00490582 -0.000806053 -0.00541495 -0.00851349 -0.00999554 -0.00995969 -0.00830902 -0.00493712 -0.000877822 0.00148049 0.00062721 -0.00187712 -0.00289718 -0.00143806 
0.00522512 0.00359628 -2.51405e-05 -0.00368407 -0.00618405 -0.006981 -0.00570616 -0.00216877 0.00345284 0.0102944 0.0167391 0.0211142 0.022502 0.0208506 0.0166856 0.0109312 0.00474933 -0.000795207 -0.00505947 -0.00786337 -0.00929608 -0.00939752 -0.00791229 -0.00474312 -0.00099538 0.00119177 0.000913956 6.50775e-05 0.00115857 0.00383755 
0.0018018 -0.001171 -0.0060282 -0.0103119 -0.0127094 -0.0129035 -0.010823 -0.00647335 -0.000181311 0.00710855 0.0139135 0.0188123 0.0209536 0.0200953 0.0165294 0.011112 0.00513136 -0.000188104 -0.00421539 -0.00694195 -0.00853772 -0.00893572 -0.00785547 -0.00543635 -0.00293132 -0.00205884 -0.00293917 -0.00340266 -0.00159119 0.00121279 
-0.00513501 -0.00771547 -0.0116796 -0.0148854 -0.0162532 -0.0157553 -0.0136468 -0.00989952 -0.00438058 0.00247747 0.00951132 0.0153422 0.0188287 0.0192685 0.0166378 0.0117709 0.00611589 0.00100017 -0.00302945 -0.00607961 -0.0082065 -0.00908248 -0.00842602 -0.00675251 -0.00559548 -0.00633787 -0.00839265 -0.0093744 -0.00788852 -0.00551665 
-0.00696102 -0.00911156 -0.0121763 -0.0144926 -0.0153622 -0.015235 -0.0147307 -0.0134081 -0.0100678 -0.0042758 0.00303551 0.0101862 0.0154411 0.0175277 0.0161423 0.0121563 0.00716581 0.00250538 -0.00144083 -0.00483428 -0.00745835 -0.00861687 -0.00798988 -0.00642849 -0.00575363 -0.00714207 -0.00950323 -0.0104207 -0.00903075 -0.00710009 
0.00164239 -0.00233696 -0.00681438 -0.0101235 -0.0120386 -0.0138423 -0.0165524 -0.0189487 -0.0184439 -0.0137727 -0.00594842 0.00276053 0.00998642 0.0140201 0.0143553 0.0118432 0.00812835 0.00449818 0.00118781 -0.00199794 -0.004629 -0.00571346 -0.00475125 -0.0025455 -0.000906377 -0.000890309 -0.00133711 -0.000341374 0.00194525 0.00321482 
0.0171509 0.0085433 9.72766e-05 -0.00599483 -0.0100192 -0.0143173 -0.0203553 -0.0261861 -0.0280696 -0.0241829 -0.0157802 -0.00566374 0.00343228 0.00958932 0.0120603 0.0114651 0.0093613 0.00705751 0.00480536 0.00238721 0.00018476 -0.000779861 0.000341909 0.00342566 0.0072429 0.0108058 0.014636 0.0192668 0.0229534 0.0226263 
0.0303473 0.0158541 0.00259736 -0.00650407 -0.0121112 -0.0174531 -0.0245738 -0.0315519 -0.0343804 -0.0309807 -0.0225377 -0.0118386 -0.00151525 0.00645101 0.0108826 0.011893 0.010856 0.00925903 0.00764185 0.00588638 0.00413483 0.0030912 0.00384349 0.00729901 0.0133444 0.0211924 0.0302535 0.0390457 0.0438961 0.0410356 
0.036545 0.0171482 -0.000103631 -0.0115098 -0.0175877 -0.0217195 -0.0265741 -0.0314814 -0.033501 -0.0305853 -0.0231861 -0.0132498 -0.0028471 0.00600051 0.0114868 0.0130509 0.0118689 0.00974534 0.007732 0.00601982 0.00455758 0.00346703 0.00358171 0.0065067 0.0133866 0.024103 0.0373755 0.0499158 0.0561446 0.0514675 
0.0416988 0.0195724 -0.000878268 -0.0148936 -0.0219075 -0.0242995 -0.0251333 -0.0260173 -0.0262552 -0.0240974 -0.0187326 -0.0106922 -0.0012883 0.00737524 0.0128416 0.0139322 0.011691 0.00827626 0.00528309 0.00330418 0.00222847 0.00152836 0.00127054 0.00301952 0.00889135 0.0200326 0.0356492 0.0517072 0.0610697 0.0576807 
0.0551313 0.0317422 0.00764762 -0.0108561 -0.0212275 -0.0239266 -0.0220349 -0.0196192 -0.0184986 -0.0173369 -0.0141039 -0.00804816 9.12478e-05 0.00810785 0.0131062 0.0135298 0.0103633 0.00601132 0.00242438 0.000468834 3.20877e-05 0.000109494 -6.05452e-05 0.000577414 0.00470918 0.0150369 0.0322041 0.0524579 0.0674943 0.0690233 
0.0767485 0.052043 0.0233591 -0.0012869 -0.017178 -0.0228304 -0.0211543 -0.017937 -0.0166764 -0.0163051 -0.0141728 -0.0090142 -0.0014291 0.00632155 0.0112329 0.0116375 0.00845466 0.00409377 0.00055422 -0.00120783 -0.00118772 -0.000430849 -0.000137721 0.000187226 0.00346749 0.0137775 0.0332492 0.0585513 0.0803019 0.0878323 
0.095707 0.0690594 0.0360722 0.00608332 -0.0147029 -0.0238481 -0.0243177 -0.0224625 -0.0220339 -0.0218915 -0.0194588 -0.0137925 -0.00575168 0.00240243 0.00780672 0.00885659 0.00634341 0.00242724 -0.00107777 -0.00311869 -0.0032138 -0.00189499 -0.000501372 0.000705443 0.00446566 0.015867 0.0381446 0.0679096 0.0945547 0.105734 
0.102299 0.073831 0.0387102 0.00687897 -0.0152176 -0.0257486 -0.0282618 -0.0286394 -0.0295821 -0.0294867 -0.0261689 -0.0193778 -0.0104347 -0.00165601 0.00430306 0.00598875 0.00405284 0.00031476 -0.00361587 -0.00642247 -0.0068145 -0.00453577 -0.00116179 0.00183106 0.00653653 0.0187771 0.0426595 0.0744388 0.102351 0.113462 
0.0979843 0.0692952 0.0352619 0.00570769 -0.013762 -0.0230664 -0.026685 -0.029486 -0.0324948 -0.0333509 -0.0300415 -0.0227953 -0.0133983 -0.00437847 0.0017332 0.00364908 0.0019229 -0.00188014 -0.00622931 -0.00952939 -0.00986948 -0.00642975 -0.00104139 0.00373443 0.00924199 0.0215421 0.0451463 0.0760257 0.102005 0.110736 
0.0919542 0.0661339 0.0362208 0.0113216 -0.0040073 -0.011277 -0.0156952 -0.0212327 -0.0275001 -0.0312477 -0.0300286 -0.02396 -0.015093 -0.00626966 -7.80681e-05 0.00219396 0.000931728 -0.00247538 -0.00650673 -0.00954974 -0.00971416 -0.00604826 -0.000151376 0.00539981 0.0115457 0.0237193 0.0459113 0.0741064 0.0970494 0.104024 
0.0895903 0.0701437 0.0463956 0.0264725 0.0145213 0.00854807 0.00306431 -0.00563601 -0.0164825 -0.0252468 -0.0283694 -0.025214 -0.0177335 -0.00903392 -0.00202862 0.00158769 0.00176012 -0.000374969 -0.00337478 -0.00586927 -0.00643007 -0.00416682 0.000143391 0.00494418 0.0111054 0.0227535 0.0428001 0.0678481 0.0888139 0.0970196 
0.0876812 0.0768396 0.0599878 0.0445678 0.0351975 0.0302875 0.0240956 0.0123987 -0.00359068 -0.0184842 -0.0271772 -0.0278978 -0.0221415 -0.0131542 -0.00445772 0.00140913 0.00365983 0.00302727 0.000791373 -0.00187119 -0.0038125 -0.00402105 -0.00229345 0.000920181 0.00626265 0.0162945 0.0330255 0.0545552 0.0748885 0.0872455 
0.0814643 0.0791766 0.0684318 0.0566555 0.0496782 0.0466058 0.0410492 0.0276595 0.00757267 -0.0126269 -0.0263518 -0.0306931 -0.0264991 -0.0170782 -0.0067142 0.00106001 0.00469703 0.00452549 0.00172938 -0.00237593 -0.00639065 -0.00888494 -0.00891869 -0.0064316 -0.00154251 0.00649191 0.0189024 0.0358929 0.0553381 0.0724691 
0.0741085 0.0781554 0.0710952 0.0608511 0.0550533 0.053812 0.0500016 0.0369006 0.0152611 -0.00767375 -0.0244274 -0.0312194 -0.0282363 -0.0188152 -0.00792175 0.000150605 0.003393 0.00199556 -0.00267242 -0.00881139 -0.0145046 -0.017973 -0.0179864 -0.014449 -0.00840386 -0.000976437 0.00797274 0.0203664 0.037972 0.0583913 
0.0794453 0.0861111 0.078612 0.0657205 0.0574089 0.0555103 0.052764 0.0412019 0.0205886 -0.00224571 -0.0198028 -0.02781 -0.0258899 -0.0173216 -0.00744004 -0.000868603 0.000331597 -0.00338546 -0.0100758 -0.0173 -0.0229249 -0.0254784 -0.0240421 -0.018513 -0.0101106 -0.000897934 0.00820641 0.0195154 0.0369399 0.0597724 
0.116284 0.120865 0.106589 0.0842123 0.0669169 0.0591539 0.0544126 0.0437449 0.0252047 0.0041007 -0.0128193 -0.0212278 -0.0203814 -0.0133244 -0.0053345 -0.00100064 -0.00219103 -0.00792289 -0.0154331 -0.0217166 -0.0249823 -0.0248625 -0.0213138 -0.0140777 -0.00336079 0.00972798 0.0243934 0.0422279 0.0661169 0.0942011 
0.192756 0.190148 0.160956 0.120365 0.0861691 0.0661811 0.0552578 0.0435942 0.0268678 0.00803885 -0.00742623 -0.0155538 -0.0154407 -0.00968411 -0.00314695 -0.000221501 -0.00259134 -0.00879962 -0.0153887 -0.0190354 -0.0185712 -0.0149273 -0.00908125 -0.000645769 0.011819 0.0299036 0.0549482 0.0880125 0.128097 0.167848 
0.287001 0.274178 0.22487 0.160673 0.104838 0.0688255 0.0492543 0.0356516 0.0209489 0.00517724 -0.00789862 -0.0148794 -0.0146887 -0.00926586 -0.00288442 0.000248273 -0.00154144 -0.00665514 -0.0113798 -0.012335 -0.00872996 -0.00217587 0.00569201 0.0151028 0.0287119 0.0512336 0.0876402 0.139743 0.201877 0.258188 
