0.422124 0.354358 0.25217 0.1499 0.0672089 0.0125418 -0.0120063 -0.0120678 -0.000636435 0.00896831 0.0102151 0.00398517 -0.00543923 -0.0139817 -0.0192536 -0.0210311 -0.0209419 -0.0206252 -0.0197945 -0.0167015 -0.0103943 -0.00202005 0.00612211 0.0137643 0.0270593 0.0603391 0.129324 0.234568 0.347811 0.42157 
0.399071 0.328382 0.227272 0.127556 0.0473074 -0.00539493 -0.0280239 -0.0256372 -0.0110836 0.00184072 0.00589482 0.00165293 -0.00631541 -0.0134723 -0.0173206 -0.0179289 -0.0172125 -0.0168424 -0.0163807 -0.0137338 -0.00735996 0.00220818 0.0130613 0.0249719 0.0433507 0.0803784 0.148553 0.246259 0.346676 0.407251 
0.295872 0.233042 0.152627 0.0766434 0.0156489 -0.0252451 -0.0423239 -0.0372936 -0.0200351 -0.00350761 0.00406303 0.00221675 -0.00449319 -0.0110313 -0.0147135 -0.0157064 -0.015831 -0.0164071 -0.0166203 -0.0139966 -0.00665427 0.00482976 0.0179727 0.0317475 0.0504822 0.0838887 0.140001 0.213886 0.282552 0.315481 
0.171172 0.127273 0.0797319 0.0372973 0.000855356 -0.0275568 -0.0415148 -0.0372959 -0.0202009 -0.00183886 0.0081219 0.00754327 0.000698936 -0.00683478 -0.012043 -0.0149656 -0.0170787 -0.0191826 -0.0200222 -0.0168223 -0.00766826 0.00624633 0.021049 0.0341502 0.0487039 0.0726958 0.110657 0.155282 0.188986 0.195456 
0.0810519 0.0602419 0.0445273 0.0308261 0.0124963 -0.00965313 -0.0256702 -0.0264738 -0.013031 0.00439787 0.0147967 0.0142579 0.00646732 -0.00275593 -0.010117 -0.0153578 -0.0194627 -0.0227465 -0.0237185 -0.0196335 -0.00884653 0.00680259 0.0222741 0.0335872 0.0428322 0.0569138 0.0785628 0.100022 0.109108 0.100842 
0.0417219 0.0387288 0.0436027 0.0457913 0.0350635 0.012919 -0.00780597 -0.0148056 -0.00642985 0.00824866 0.0177582 0.0170476 0.00898474 -0.00096699 -0.0095557 -0.0161867 -0.0212542 -0.0246888 -0.0251257 -0.0202881 -0.00891768 0.00705658 0.0225204 0.032966 0.0394518 0.0476852 0.0596052 0.0683703 0.0659129 0.0536547 
0.035883 0.0395459 0.0509312 0.056837 0.046587 0.0228543 -0.000564243 -0.0110263 -0.00625193 0.00578773 0.014322 0.0140818 0.00712934 -0.00187395 -0.0100215 -0.0164436 -0.0209556 -0.0232313 -0.02231 -0.0166465 -0.00532477 0.0101882 0.025657 0.0368374 0.0437866 0.0506483 0.0587952 0.0626561 0.0565524 0.0440005 
0.0385691 0.0384456 0.0459674 0.0491598 0.0383048 0.015979 -0.00557645 -0.015525 -0.0119014 -0.00134793 0.00684885 0.0077857 0.0028405 -0.00418224 -0.0107111 -0.0156022 -0.0181891 -0.0180126 -0.014597 -0.00720607 0.00459748 0.0197274 0.0350676 0.0471729 0.0554588 0.0624869 0.0690735 0.0708718 0.0633325 0.0493325 
0.0376945 0.0294349 0.0295474 0.0295885 0.0208093 0.00367254 -0.0130519 -0.0208294 -0.0175609 -0.00805643 0.000100126 0.00234897 -0.000676874 -0.00592127 -0.0109035 -0.0140566 -0.0142726 -0.0110301 -0.00431317 0.00574357 0.0186695 0.0331481 0.0470356 0.0582721 0.0663817 0.0726597 0.0774483 0.077709 0.069533 0.0537569 
0.0367733 0.023178 0.0180297 0.0170353 0.0122096 0.000949652 -0.0117454 -0.0188916 -0.0173971 -0.00991852 -0.00244426 0.00052971 -0.00133882 -0.00576671 -0.0102185 -0.0125604 -0.0112136 -0.00562058 0.00380617 0.0160397 0.0293586 0.0416728 0.0516962 0.0594025 0.0653403 0.070074 0.0735984 0.0741637 0.0683525 0.0545197 
0.0430534 0.0307975 0.0244822 0.0232376 0.02053 0.0119903 0.000141905 -0.00880217 -0.0107758 -0.00668789 -0.00111947 0.00157031 9.18408e-05 -0.00418744 -0.00888472 -0.0114396 -0.00985361 -0.00352982 0.00678529 0.0193548 0.0312693 0.039475 0.0433982 0.0454048 0.0479325 0.0515828 0.0560413 0.0603027 0.061274 0.0552975 
0.0566127 0.0513272 0.0468463 0.0441851 0.0394178 0.0290802 0.0152426 0.00365018 -0.00171932 -0.00128186 0.00144829 0.00284635 0.00131091 -0.00268247 -0.00737298 -0.0102708 -0.00918353 -0.00342892 0.00613056 0.0173973 0.0266349 0.0298925 0.0269849 0.0224896 0.0212663 0.0247391 0.0321868 0.0424272 0.052527 0.0579625 
0.0687908 0.0723042 0.0711623 0.0665672 0.0572745 0.0425211 0.0256918 0.0124331 0.00557775 0.00370699 0.00371206 0.0032624 0.00139056 -0.00192886 -0.00586576 -0.00854844 -0.00789772 -0.00309204 0.0051118 0.0145329 0.0210134 0.0199946 0.0113436 0.00110081 -0.00369364 -0.000402766 0.00989646 0.0253069 0.0430372 0.0587869 
0.069555 0.080684 0.0837382 0.0790154 0.0664974 0.0478318 0.0285822 0.0150885 0.00896618 0.0069868 0.00561916 0.00367293 0.00132385 -0.00138622 -0.00438291 -0.00658622 -0.00622231 -0.00233125 0.00451254 0.0121217 0.0162451 0.0122243 -0.000132684 -0.0144191 -0.0225545 -0.0208776 -0.0102983 0.00704732 0.0287668 0.0511432 
0.0575034 0.0736885 0.0808956 0.0785082 0.0660034 0.0458034 0.025351 0.0123531 0.00806076 0.00775331 0.00692593 0.00469715 0.00209319 -0.000449755 -0.0031156 -0.00532049 -0.0055546 -0.00277397 0.00256575 0.00824605 0.0101684 0.00410889 -0.0100635 -0.0265141 -0.0375259 -0.0389607 -0.0308441 -0.0144966 0.00837706 0.0341978 
0.0412646 0.0591177 0.0687429 0.0693963 0.0592928 0.0400329 0.0196736 0.00715813 0.00437869 0.0062015 0.00718136 0.0059098 0.00354521 0.000840608 -0.00224217 -0.00515794 -0.0064719 -0.0051277 -0.00156816 0.00199403 0.00183841 -0.00549826 -0.0199604 -0.0367235 -0.0492998 -0.0536053 -0.0484663 -0.0338031 -0.0107783 0.0163953 
0.0302023 0.0464356 0.055844 0.0583625 0.051226 0.034465 0.0152865 0.00300654 0.000664178 0.00382124 0.00660683 0.00677077 0.00505065 0.00224585 -0.00143735 -0.00524053 -0.00767958 -0.00776022 -0.00596334 -0.00431634 -0.00589973 -0.0133512 -0.0265232 -0.0417074 -0.0538841 -0.0594118 -0.0561449 -0.0426844 -0.0199766 0.00673611 
0.02608 0.0392632 0.0469283 0.0499346 0.0451774 0.0312835 0.0138512 0.00167775 -0.00116847 0.00215108 0.00593437 0.00727089 0.00634955 0.00383764 5.75403e-05 -0.00409986 -0.00716805 -0.00827972 -0.00790448 -0.00763405 -0.00968467 -0.0159577 -0.0264292 -0.0385074 -0.0486523 -0.0540743 -0.0521965 -0.0404463 -0.0192681 0.00548729 
0.0242986 0.0353503 0.0419123 0.0452723 0.0422585 0.0307271 0.0149651 0.00298387 -0.000572205 0.0022741 0.00624483 0.00812101 0.00778417 0.00584523 0.0026088 -0.00116489 -0.00423339 -0.00591007 -0.00657088 -0.00724675 -0.00927313 -0.0139296 -0.0213407 -0.029845 -0.0373079 -0.0422106 -0.0421969 -0.0336215 -0.0156483 0.00628358 
0.020325 0.0309447 0.0383628 0.0431953 0.0417875 0.0317957 0.0172037 0.00569191 0.00201792 0.00459634 0.00836723 0.0100773 0.00970138 0.00807772 0.00552532 0.00249272 -0.000187808 -0.00205238 -0.0033558 -0.00466616 -0.00668252 -0.0101956 -0.0152889 -0.0208402 -0.0258195 -0.0300523 -0.0319469 -0.0273314 -0.0138679 0.00440781 
0.0131601 0.0238907 0.0335829 0.0410136 0.041322 0.032233 0.0183841 0.00774996 0.0048412 0.00774002 0.0113006 0.0124284 0.011465 0.00967046 0.00749892 0.00511296 0.00291201 0.00116113 -0.000257273 -0.00162513 -0.00336115 -0.00600514 -0.0095201 -0.0129796 -0.0159228 -0.0190679 -0.0218868 -0.0208081 -0.0127646 0.000239702 
0.00434748 0.0140261 0.0256659 0.0357458 0.0378641 0.0297549 0.0168717 0.00755207 0.00580703 0.00915271 0.0124955 0.0131308 0.0117193 0.0097588 0.00781068 0.00588311 0.00410078 0.00266638 0.00167858 0.0010638 0.000418293 -0.000869787 -0.00283966 -0.00464022 -0.00580788 -0.00727971 -0.00969735 -0.0112643 -0.00929914 -0.00354529 
-0.00387091 0.00289701 0.0146879 0.0262892 0.0301653 0.0238388 0.012845 0.00520128 0.00427562 0.00748002 0.0104159 0.0110154 0.00994537 0.00845513 0.00698806 0.00549661 0.00405821 0.00298849 0.00267614 0.00325445 0.00424522 0.00475067 0.00441031 0.00398777 0.00433139 0.00479819 0.00369004 0.000513142 -0.00319718 -0.00529983 
-0.0093945 -0.00665917 0.00308954 0.0142305 0.0191293 0.0151292 0.00691545 0.00123839 0.000738415 0.00335073 0.0059251 0.00707914 0.00716799 0.00683041 0.00621257 0.00525839 0.0041461 0.00337395 0.00356368 0.00499831 0.00715637 0.00890565 0.00957061 0.00983188 0.0109973 0.0129541 0.0134217 0.0100394 0.00292684 -0.00499443 
-0.0106884 -0.0116033 -0.0054717 0.00295947 0.00721284 0.00492208 -0.000480408 -0.00404891 -0.0039168 -0.00145854 0.00131084 0.00342902 0.0048702 0.00576905 0.00606777 0.00573436 0.00503708 0.00456105 0.00496936 0.00653671 0.00872943 0.0104072 0.0108405 0.0106927 0.0115651 0.0139119 0.0156161 0.013519 0.00647077 -0.00319911 
-0.00764009 -0.0105357 -0.00828515 -0.00394722 -0.00194952 -0.0038519 -0.00729524 -0.00902257 -0.00788616 -0.00486936 -0.00145688 0.00144804 0.00363304 0.00516962 0.00606857 0.00634138 0.00622992 0.00623508 0.00685658 0.00818127 0.00962237 0.0101933 0.00936723 0.00786741 0.00737113 0.00881646 0.0109001 0.0108257 0.00671078 -0.000604824 
-0.00282007 -0.00578178 -0.00630192 -0.00563547 -0.00609878 -0.00837408 -0.0108162 -0.0113612 -0.00940972 -0.00586552 -0.00211769 0.00086855 0.00292941 0.00438342 0.00546928 0.00623361 0.00680279 0.00749479 0.00855789 0.00980896 0.0105454 0.009924 0.00766776 0.00457392 0.00224185 0.00190035 0.00326939 0.00467882 0.00426258 0.00133358 
-0.000743482 -0.00279486 -0.00440669 -0.00556387 -0.00718907 -0.00949957 -0.0113392 -0.0113297 -0.00918571 -0.00577814 -0.00237952 0.000138109 0.00173221 0.00289273 0.00399468 0.00509823 0.00624105 0.0076013 0.00923113 0.0107294 0.0112811 0.0101074 0.00706325 0.00293834 -0.000866582 -0.00311191 -0.00330906 -0.00186597 -6.829e-05 0.000494487 
-0.00417148 -0.00559991 -0.00714666 -0.00829853 -0.00949464 -0.0110105 -0.012135 -0.0118461 -0.00992791 -0.00707694 -0.0042509 -0.0020738 -0.000569089 0.000639298 0.00186182 0.00317426 0.00464402 0.00643556 0.00851684 0.0103758 0.01116 0.0101425 0.00720007 0.00297713 -0.00146238 -0.0051207 -0.00715703 -0.0070632 -0.0054358 -0.00402294 
-0.0117137 -0.0133414 -0.0145828 -0.0149643 -0.0149671 -0.0151736 -0.0153396 -0.0146931 -0.0129224 -0.0104067 -0.00773549 -0.00533977 -0.00337006 -0.00173346 -0.000274389 0.00113343 0.00268489 0.00461437 0.00687667 0.0089339 0.00998768 0.00942488 0.00712194 0.00346888 -0.000910798 -0.00535587 -0.00894188 -0.0107114 -0.0108251 -0.010768 
-0.0197017 -0.0218797 -0.0229555 -0.0226752 -0.0216131 -0.0205445 -0.019636 -0.0184076 -0.0164418 -0.0137823 -0.010776 -0.00784387 -0.00530835 -0.00328038 -0.00168203 -0.000309369 0.00114399 0.00295339 0.00507076 0.00698998 0.00802646 0.00771994 0.00596234 0.00288707 -0.00127251 -0.00608041 -0.0105822 -0.0137306 -0.0156061 -0.0173883 
-0.0251462 -0.0273129 -0.0280559 -0.0273608 -0.0257379 -0.0238532 -0.0220753 -0.0202305 -0.0179026 -0.0149219 -0.0115614 -0.00834147 -0.00567327 -0.00367493 -0.00221841 -0.00103363 0.000197628 0.00170178 0.00341332 0.00488918 0.00555317 0.00504973 0.0032895 0.000272168 -0.0039322 -0.00888555 -0.0135731 -0.0170846 -0.0196695 -0.0223055 
-0.026896 -0.0280456 -0.0279833 -0.0269654 -0.0253147 -0.0233215 -0.0212675 -0.019161 -0.016677 -0.0136095 -0.0102683 -0.00725804 -0.00497382 -0.00342515 -0.00237632 -0.00151734 -0.000588243 0.000539626 0.00177173 0.00271584 0.00284789 0.00183528 -0.000391141 -0.00380236 -0.00824908 -0.0131451 -0.0174478 -0.0204828 -0.0226852 -0.0248558 
-0.0258824 -0.0254556 -0.0243306 -0.0230592 -0.0217669 -0.0202986 -0.0186559 -0.0168253 -0.0145477 -0.0116923 -0.00865722 -0.0060912 -0.004349 -0.00335486 -0.00279319 -0.00232089 -0.00171367 -0.000910929 -4.66476e-05 0.000492828 0.000200866 -0.00124971 -0.00390308 -0.00763592 -0.0121404 -0.01672 -0.0204248 -0.0227958 -0.0242644 -0.0253575 
-0.0243403 -0.0225957 -0.0206362 -0.0192297 -0.0183757 -0.0176271 -0.0167141 -0.0154587 -0.0135704 -0.0109981 -0.00823708 -0.00597883 -0.00458612 -0.00398232 -0.00382496 -0.00371756 -0.00339277 -0.0028008 -0.00213716 -0.00182379 -0.00232545 -0.00391238 -0.00661631 -0.0102755 -0.0144775 -0.0185279 -0.0217066 -0.0237329 -0.0248228 -0.0251022 
-0.0231885 -0.0208348 -0.0185824 -0.0171909 -0.0165891 -0.0162654 -0.0158339 -0.0149888 -0.0133992 -0.011053 -0.00848153 -0.00639861 -0.00521799 -0.00491884 -0.00514775 -0.00541427 -0.00534792 -0.00489295 -0.00433834 -0.00415835 -0.00474283 -0.00627482 -0.00880182 -0.0121692 -0.0158684 -0.0192381 -0.0218772 -0.0237238 -0.0247344 -0.0246293 
-0.0204296 -0.0180912 -0.0161052 -0.0149406 -0.0144069 -0.014036 -0.0135088 -0.0126332 -0.0112102 -0.00923276 -0.00710648 -0.00545961 -0.00474437 -0.00499417 -0.00580793 -0.00656262 -0.0067895 -0.00646879 -0.00600964 -0.00593438 -0.00656658 -0.00804014 -0.0104368 -0.0135668 -0.0167433 -0.0192665 -0.0210313 -0.0222517 -0.0227935 -0.0222116 
-0.013733 -0.0117285 -0.0103529 -0.00960989 -0.00909187 -0.00834801 -0.00726642 -0.00606843 -0.00491586 -0.0037683 -0.00269705 -0.00208685 -0.00236634 -0.00357483 -0.00521631 -0.00654371 -0.00705932 -0.00684248 -0.00643052 -0.00638214 -0.00698191 -0.00835678 -0.0106137 -0.0134908 -0.0161088 -0.0176583 -0.0181564 -0.0180349 -0.0173322 -0.0158288 
-0.00434596 -0.00281973 -0.00206125 -0.00164981 -0.00100471 0.000282524 0.00204701 0.00354041 0.00416216 0.00401831 0.0034852 0.00253471 0.000857841 -0.00151615 -0.00399635 -0.00579764 -0.00648663 -0.00626752 -0.00577995 -0.00560199 -0.00597977 -0.00701194 -0.00880726 -0.0111115 -0.01302 -0.0136279 -0.0128464 -0.0111771 -0.00900648 -0.00657734 
0.00324638 0.00414182 0.00460203 0.0052313 0.00648933 0.00854804 0.0109711 0.0126501 0.0126763 0.0112013 0.00897559 0.00634345 0.00322516 -0.000205024 -0.00331252 -0.00539671 -0.0061547 -0.00587976 -0.00524395 -0.00480692 -0.00474829 -0.0050908 -0.00595615 -0.00726525 -0.00831282 -0.00815408 -0.0064898 -0.00384773 -0.00098674 0.00151124 
0.00574897 0.00590022 0.00661346 0.00830334 0.0108765 0.0140326 0.0171461 0.0190538 0.0187608 0.0163983 0.0128867 0.0088594 0.00452595 0.000252923 -0.0033209 -0.00564668 -0.00656436 -0.00638823 -0.00572297 -0.00504591 -0.00445579 -0.00391699 -0.00362771 -0.0037874 -0.00395489 -0.00316611 -0.00101856 0.00175962 0.00406934 0.00535386 
0.00425492 0.00372769 0.00525185 0.00865298 0.0129494 0.0173136 0.0211178 0.0234147 0.0232796 0.0207314 0.0166253 0.011717 0.00645977 0.0014251 -0.00270946 -0.00550794 -0.00691486 -0.00719808 -0.00679818 -0.00605777 -0.00504199 -0.00374835 -0.00247169 -0.00159356 -0.000828413 0.000735137 0.00331714 0.00574168 0.0066181 0.00575566 
0.00324053 0.00223452 0.00464638 0.00950816 0.014996 0.0200276 0.024259 0.0271019 0.0276801 0.025735 0.0218141 0.0165874 0.0106497 0.00479391 -0.000159471 -0.00377935 -0.00604934 -0.00713163 -0.00724341 -0.00661306 -0.00539094 -0.00366792 -0.00167933 0.000276869 0.00238424 0.00520757 0.00844296 0.0104274 0.00967514 0.00655707 
0.00634444 0.00492484 0.00728929 0.0119177 0.0168169 0.0212587 0.0254266 0.0290047 0.030934 0.0304194 0.027463 0.0224907 0.0161825 0.00958802 0.00376369 -0.000766316 -0.00395406 -0.00580337 -0.00630809 -0.00570435 -0.00438557 -0.00248605 0.000131806 0.00350898 0.00756947 0.0120806 0.0160159 0.0175301 0.0154567 0.010783 
0.0121126 0.00987021 0.0102972 0.0120296 0.0140605 0.0166945 0.020593 0.0253333 0.0293379 0.0310516 0.029803 0.0257483 0.0196741 0.0128794 0.0066464 0.0016282 -0.00202766 -0.00412364 -0.00448949 -0.00355043 -0.00207743 -0.000125112 0.00310521 0.00809619 0.014268 0.020284 0.0244635 0.0252532 0.0222386 0.016936 
0.0145011 0.0104873 0.00708713 0.00394616 0.00202185 0.00289629 0.00723139 0.0139451 0.0206982 0.0251749 0.026131 0.0235853 0.0184942 0.0123342 0.00648789 0.00168875 -0.00178591 -0.00353134 -0.00330204 -0.00183498 -0.000286464 0.00150501 0.00510848 0.0113934 0.0191477 0.0259311 0.0296177 0.0292455 0.0253211 0.0197069 
0.00882878 0.00205304 -0.00587954 -0.0137651 -0.0184877 -0.0175853 -0.0111201 -0.00136195 0.00851499 0.015685 0.0186633 0.017597 0.0137424 0.00870442 0.0037916 -0.000337744 -0.00334776 -0.00468235 -0.00407778 -0.002529 -0.00139529 -0.00018733 0.00333947 0.0102995 0.0188919 0.025783 0.0285452 0.0267469 0.021636 0.0152254 
-0.00272177 -0.0126053 -0.0242531 -0.0349093 -0.0398319 -0.0363329 -0.0258137 -0.0121654 0.000580612 0.00946499 0.0132547 0.012617 0.00933496 0.00515494 0.0011213 -0.00242201 -0.00523419 -0.00667928 -0.00644351 -0.00556979 -0.00537245 -0.00505204 -0.00196162 0.00510811 0.0139666 0.0207221 0.0227329 0.01981 0.0134971 0.0057149 
-0.0117376 -0.0244481 -0.0383846 -0.0496541 -0.0526368 -0.0448735 -0.0294125 -0.0120762 0.00223321 0.0108569 0.0134223 0.0115716 0.00779055 0.00388871 0.000425063 -0.00277935 -0.00568196 -0.00756757 -0.00796394 -0.00776924 -0.00818998 -0.00838416 -0.0056983 0.00109023 0.00975686 0.0163278 0.0181523 0.0150311 0.00820423 -0.000935407 
-0.010731 -0.0262413 -0.0418844 -0.0530071 -0.0537202 -0.0420425 -0.0226728 -0.00335531 0.0102992 0.0164043 0.0160089 0.0119954 0.00740977 0.00381913 0.00109363 -0.00151058 -0.00409809 -0.00579088 -0.00587569 -0.00511074 -0.00482351 -0.00455763 -0.00198485 0.00419386 0.0121614 0.0184145 0.0206662 0.0186062 0.0125037 0.00253502 
-0.00048719 -0.0195597 -0.0377204 -0.0495387 -0.0492242 -0.0355385 -0.0146321 0.0043058 0.0154105 0.0179369 0.0145309 0.00909555 0.00473376 0.00238579 0.0011863 -9.09766e-06 -0.00127926 -0.00150288 0.000218958 0.00305167 0.00522507 0.00655345 0.00900013 0.0141261 0.0208718 0.026647 0.0298678 0.0300259 0.0258193 0.0155421 
0.0106584 -0.012809 -0.0347331 -0.0484545 -0.0483108 -0.0341731 -0.0135341 0.00365792 0.0119223 0.0118017 0.00715598 0.00222496 -0.000407751 -0.00059638 0.000248617 0.000875013 0.00141461 0.00321543 0.0071618 0.0121134 0.0158182 0.0176542 0.0194637 0.0231765 0.0285667 0.0340856 0.0388297 0.0418316 0.0399935 0.0296444 
0.0161464 -0.0115159 -0.037565 -0.0534202 -0.0532588 -0.0385029 -0.0182132 -0.00257792 0.00394299 0.00315224 -0.0005941 -0.00351791 -0.00388562 -0.00218563 -2.49863e-05 0.00153182 0.00294363 0.00566527 0.010332 0.015478 0.0187887 0.0198103 0.020538 0.0231082 0.0278753 0.0340692 0.0410076 0.0469554 0.0474225 0.0374055 
0.0192181 -0.0109096 -0.0399228 -0.0568763 -0.0556283 -0.0394959 -0.0192303 -0.00479578 0.000828284 0.000524515 -0.001527 -0.00253734 -0.00163709 0.000380135 0.00204784 0.00268483 0.00309849 0.0047108 0.00779375 0.0107792 0.0118912 0.011371 0.0113536 0.013743 0.0190279 0.02686 0.0364753 0.0454981 0.0488105 0.040663 
0.02917 -8.43329e-05 -0.0293546 -0.0458312 -0.0434608 -0.0271964 -0.00857091 0.00347774 0.00753132 0.00710177 0.00579399 0.00532535 0.00585143 0.0064998 0.00612232 0.00447336 0.0026345 0.00190329 0.00227255 0.00241363 0.00144144 0.000246561 0.000588205 0.00349898 0.00923509 0.0180271 0.029734 0.0422533 0.050351 0.0472306 
0.0496247 0.0254096 -0.000845268 -0.0159883 -0.0146806 -0.00224536 0.0110606 0.0183209 0.019238 0.0172328 0.0152289 0.0141433 0.0135529 0.0124849 0.0100855 0.0064678 0.0028148 0.000210148 -0.00144726 -0.00292851 -0.00422398 -0.00435144 -0.00275182 0.000130843 0.00427503 0.0112926 0.0231914 0.0394158 0.0546642 0.060192 
0.0722675 0.0557369 0.0343789 0.0200823 0.0173065 0.0220492 0.0272504 0.0284689 0.0257075 0.0215969 0.0184854 0.0168984 0.0159452 0.0144111 0.0115946 0.0077994 0.00405473 0.00108014 -0.00118475 -0.00274885 -0.00285884 -0.000986578 0.00171716 0.00320708 0.00346707 0.0061358 0.0162218 0.0352902 0.0579458 0.0732779 
0.0824139 0.0727671 0.0559321 0.041823 0.0342443 0.031292 0.0294707 0.0263451 0.0214442 0.016259 0.0127808 0.0115618 0.0114789 0.0110484 0.00956636 0.00732309 0.00497109 0.00274839 0.000698276 -0.000388593 0.000777133 0.00405787 0.00681695 0.00601461 0.00204394 0.000252917 0.00774145 0.0274703 0.054178 0.075983 
0.0726321 0.0669604 0.0535772 0.0405107 0.030932 0.024412 0.0199035 0.0160598 0.0115662 0.00679003 0.00359907 0.00300282 0.00406614 0.00515176 0.00540251 0.00494617 0.0040439 0.00253031 0.00058192 -0.000417697 0.000990236 0.00400899 0.00529979 0.00195461 -0.00479935 -0.00891079 -0.00322226 0.01504 0.0409492 0.0634829 
0.0506135 0.047438 0.0379091 0.0280638 0.0201538 0.014324 0.0108175 0.00880902 0.00618905 0.00232763 -0.000904353 -0.00168886 -0.00037358 0.00134534 0.00232733 0.00252699 0.00202759 0.000506659 -0.00175177 -0.00322751 -0.00285862 -0.00209901 -0.00411492 -0.0104813 -0.018601 -0.0224592 -0.0165595 7.54677e-05 0.0225393 0.0419524 
0.0301354 0.0306326 0.02674 0.0216538 0.0165122 0.0120807 0.0097942 0.00943673 0.00838589 0.00508757 0.00128353 -0.000442423 0.00022153 0.00156092 0.00217508 0.00196355 0.00105724 -0.000829535 -0.00339461 -0.00545932 -0.00688371 -0.0098246 -0.0167192 -0.0270188 -0.0362084 -0.0382894 -0.0300265 -0.0133176 0.00613045 0.0219689 
0.0180991 0.0228433 0.0248314 0.0237386 0.0196649 0.0146307 0.0117172 0.0115759 0.0113926 0.00880407 0.00502453 0.00279788 0.00282407 0.00353764 0.00356124 0.00288588 0.00172779 -0.00015859 -0.00254192 -0.00479247 -0.00784645 -0.0145368 -0.0265119 -0.0411142 -0.0517657 -0.0519542 -0.0401668 -0.0214193 -0.00324016 0.00993154 
0.0152933 0.0202502 0.0239689 0.0235979 0.0183801 0.0114656 0.00729437 0.00715037 0.00821128 0.00753074 0.00537046 0.00383695 0.00372549 0.00397972 0.00366561 0.0029692 0.00210188 0.00077365 -0.000864234 -0.00261354 -0.00622937 -0.0150621 -0.0303167 -0.0480442 -0.0601156 -0.0589169 -0.0432855 -0.0206874 -0.00159879 0.00937111 
0.0258344 0.0228888 0.0202139 0.0154945 0.00746422 -0.000892004 -0.00513151 -0.00405574 -0.000560793 0.00192896 0.00249736 0.00222536 0.00196767 0.0015111 0.000662504 -0.000128904 -0.000698125 -0.00139326 -0.00204655 -0.00259086 -0.0051493 -0.0133887 -0.0285998 -0.046716 -0.0589737 -0.056263 -0.0360782 -0.00698222 0.0165432 0.0263074 
0.0614893 0.0435481 0.025739 0.0103754 -0.00321612 -0.0134537 -0.0173034 -0.0143437 -0.00793083 -0.00229203 0.000437067 0.000538798 -0.000842701 -0.00295027 -0.00517348 -0.00677837 -0.00764285 -0.00814822 -0.00799629 -0.00692983 -0.00696564 -0.0118854 -0.0235476 -0.0387868 -0.0490429 -0.0435201 -0.0168727 0.0229255 0.0569294 0.0697609 
0.134447 0.099812 0.0606045 0.0273396 0.00229865 -0.0138344 -0.0196777 -0.0160575 -0.007657 -0.000301202 0.00266454 0.00128195 -0.00266783 -0.00746349 -0.0117892 -0.0147229 -0.0162874 -0.0169765 -0.0163675 -0.0138175 -0.0108224 -0.0109896 -0.016935 -0.0269393 -0.0330995 -0.0228428 0.013034 0.0687854 0.121463 0.145934 
0.242242 0.193734 0.130219 0.0722044 0.0278348 -0.000717284 -0.012643 -0.0104158 -0.00130146 0.00634302 0.0079683 0.00385616 -0.00330178 -0.0108585 -0.0169606 -0.0207281 -0.0225745 -0.0233006 -0.0224827 -0.0190668 -0.0137579 -0.00959188 -0.00966175 -0.0136008 -0.0142115 0.00271572 0.0504075 0.126312 0.204529 0.249419 
0.355598 0.296301 0.20952 0.124847 0.0575016 0.0131735 -0.0067381 -0.00656553 0.00310238 0.0110209 0.0115262 0.00529885 -0.00404054 -0.0130288 -0.0194623 -0.0227421 -0.0238982 -0.0241912 -0.023291 -0.019781 -0.0134943 -0.00655066 -0.00188692 0.000184969 0.00631477 0.0315422 0.0917827 0.187143 0.289897 0.355779 
