0.332835 0.333531 0.277906 0.205608 0.15182 0.12149 0.102527 0.0855765 0.0686877 0.0536208 0.0415812 0.030486 0.0174584 0.00365047 -0.00679979 -0.0117 -0.0118633 -0.00862662 -0.00245712 0.00662594 0.0182166 0.031385 0.0455048 0.0602338 0.0746554 0.0887501 0.107008 0.140155 0.198704 0.274997 
0.327131 0.331023 0.276929 0.201197 0.14033 0.103361 0.0805881 0.0619089 0.0443233 0.0303488 0.0220079 0.0160215 0.0071366 -0.00488372 -0.0154876 -0.0211116 -0.0213265 -0.0170007 -0.00909255 0.00169501 0.0151741 0.0309063 0.0470062 0.0606702 0.0713451 0.0831231 0.102689 0.137532 0.194807 0.26877 
0.258756 0.262554 0.217372 0.15075 0.0950923 0.0618059 0.043506 0.0291086 0.0145473 0.00361292 -0.000143255 -0.000420034 -0.00420779 -0.0131229 -0.02276 -0.0286788 -0.0293174 -0.0248179 -0.0160787 -0.00417475 0.0103793 0.026964 0.0431444 0.0550521 0.0618004 0.0687631 0.0834589 0.111061 0.155351 0.212443 
0.16764 0.167247 0.133563 0.0838387 0.0423304 0.0197274 0.0101981 0.00271353 -0.00684255 -0.013717 -0.0134602 -0.00956812 -0.00934775 -0.0152249 -0.0236256 -0.0300649 -0.0319493 -0.0281779 -0.0190062 -0.00593556 0.00908008 0.0239984 0.0365232 0.0444155 0.0476695 0.0506964 0.0596675 0.0779862 0.106214 0.140719 
0.0956406 0.0893036 0.0663698 0.0356217 0.0111261 -0.000197684 -0.00298399 -0.00611135 -0.0124701 -0.0173163 -0.0164341 -0.0124687 -0.0113587 -0.0154408 -0.0225158 -0.0291956 -0.032473 -0.029771 -0.0201181 -0.00526658 0.0108544 0.0240633 0.0323928 0.0366477 0.0385717 0.0403704 0.0455207 0.0566359 0.0722879 0.0875353 
0.0603015 0.0501206 0.0361893 0.0223195 0.0126368 0.00835215 0.00623003 0.00185326 -0.00537085 -0.0117684 -0.0144169 -0.0148027 -0.0164169 -0.0206116 -0.0263747 -0.0320611 -0.0353154 -0.0328247 -0.0223589 -0.00526728 0.0134022 0.0278439 0.0359583 0.0402947 0.0432744 0.044715 0.0461727 0.0514491 0.0595119 0.0638105 
0.0523665 0.0423455 0.0350714 0.0336484 0.0350883 0.0341977 0.0283381 0.0183098 0.00663188 -0.00409446 -0.0125 -0.0191258 -0.0252091 -0.0309003 -0.0356316 -0.0390906 -0.0402634 -0.036417 -0.0247767 -0.00572304 0.0160274 0.0341587 0.0457379 0.0526199 0.0563224 0.0553789 0.0515152 0.0512487 0.0558679 0.0580296 
0.0543029 0.0470859 0.0429403 0.0481406 0.0572885 0.0595572 0.0505422 0.0343159 0.0167303 0.000801126 -0.0126973 -0.0238246 -0.0328646 -0.0395717 -0.0434519 -0.0446679 -0.0433356 -0.0379377 -0.0258218 -0.00632638 0.0169386 0.0378977 0.0525275 0.0606498 0.0623977 0.0567714 0.0474225 0.043441 0.0484624 0.0550494 
0.0579081 0.0534671 0.0475877 0.0516859 0.0631823 0.0687937 0.0604324 0.0416392 0.0203592 0.00145156 -0.0137052 -0.0252346 -0.0338358 -0.039793 -0.0428415 -0.043224 -0.0415415 -0.036933 -0.0266528 -0.00911418 0.0129824 0.0338739 0.04883 0.0558465 0.0538846 0.0434126 0.0308111 0.0268571 0.0361492 0.0508215 
0.0647211 0.0609844 0.0483045 0.0429116 0.0490951 0.0558743 0.0517137 0.0361522 0.0166214 -0.000360868 -0.0125575 -0.0207397 -0.026619 -0.0309876 -0.0336842 -0.0350419 -0.0357751 -0.0347839 -0.0284979 -0.014405 0.00513882 0.024251 0.0378874 0.0430937 0.0380605 0.0247123 0.0120344 0.0116457 0.0275499 0.0506868 
0.0742057 0.0684933 0.0467609 0.0281457 0.0244337 0.0298257 0.0310076 0.022422 0.00895967 -0.00231711 -0.00876926 -0.0122244 -0.0154062 -0.0190168 -0.0224017 -0.0257576 -0.0297459 -0.0327327 -0.0301565 -0.0186591 -0.000562705 0.017548 0.0300126 0.0336288 0.0268868 0.0132694 0.00331254 0.00794951 0.0293085 0.0572712 
0.0795498 0.0714765 0.0441755 0.0166944 0.00493579 0.00766027 0.011872 0.00882715 0.00100149 -0.00469929 -0.00568784 -0.00498496 -0.00634226 -0.0102511 -0.0151703 -0.0205628 -0.0266369 -0.0314372 -0.0301002 -0.0188828 -6.45186e-05 0.0188251 0.030851 0.0327584 0.0246962 0.0122311 0.00599807 0.0143349 0.0369369 0.0640251 
0.0759163 0.069485 0.0445356 0.0166573 0.00125164 -0.000174988 0.0020747 -0.000432899 -0.00616947 -0.0087505 -0.00605274 -0.00221367 -0.00209426 -0.00638271 -0.0127742 -0.0195784 -0.0261421 -0.0304218 -0.0280859 -0.0157053 0.00455254 0.0247089 0.0366299 0.0367967 0.0271099 0.015064 0.0106227 0.0192232 0.03899 0.0620897 
0.0655852 0.065577 0.0492374 0.0269162 0.0108413 0.00410737 0.000682288 -0.00500061 -0.0112997 -0.0128768 -0.00841596 -0.00267964 -0.0012299 -0.00515291 -0.0118145 -0.0187099 -0.0245367 -0.0273143 -0.023549 -0.0106078 0.00947918 0.0293417 0.0407641 0.0396912 0.0282517 0.0146195 0.00849451 0.0143049 0.0301948 0.0504686 
0.0532599 0.0585183 0.0499581 0.0342426 0.0201727 0.0109027 0.00358976 -0.00446757 -0.0114036 -0.0132104 -0.00918724 -0.00360114 -0.00155605 -0.00424913 -0.00934625 -0.0145768 -0.0187848 -0.0201758 -0.0158604 -0.004012 0.0134672 0.0306392 0.0404902 0.0385796 0.0257931 0.00961535 0.000187768 0.00301809 0.0168935 0.0364509 
0.0412897 0.0440795 0.0365434 0.0257379 0.0178605 0.0133263 0.00873226 0.00218911 -0.00435419 -0.00758996 -0.0065346 -0.00367764 -0.00241478 -0.0036553 -0.00598745 -0.00839188 -0.0105955 -0.0111315 -0.00734257 0.00216425 0.0156 0.0284489 0.0354521 0.0325492 0.0194574 0.00235084 -0.00841343 -0.00593368 0.00846838 0.027295 
0.0308382 0.0239647 0.011259 0.00373127 0.00577916 0.0124634 0.0161454 0.0138143 0.00782094 0.00193769 -0.00173618 -0.00341851 -0.00436433 -0.00499202 -0.00494496 -0.00468718 -0.00507968 -0.00524072 -0.00268166 0.00398067 0.0132172 0.0214874 0.0250167 0.0208419 0.00866684 -0.00637671 -0.0146765 -0.00923446 0.00740813 0.0243968 
0.0242446 0.00736019 -0.0115351 -0.0169542 -0.00569422 0.0118356 0.0232893 0.024554 0.0188607 0.0106668 0.00282086 -0.00325816 -0.0070967 -0.00854743 -0.00780312 -0.00617045 -0.00533265 -0.00526172 -0.00407244 -0.000349683 0.00505227 0.00956705 0.0103258 0.00521375 -0.00536774 -0.0165105 -0.0198073 -0.00955429 0.00997694 0.0252704 
0.0241667 0.00283139 -0.0192045 -0.0243766 -0.00994469 0.0111937 0.0250135 0.0277874 0.0233425 0.0154994 0.00641794 -0.00193314 -0.00799472 -0.0111144 -0.011452 -0.0102069 -0.00910502 -0.00888984 -0.00885108 -0.0079248 -0.00588725 -0.00382636 -0.00411387 -0.00904153 -0.0178421 -0.0251505 -0.0234076 -0.00869442 0.0133022 0.0282869 
0.0308133 0.0112883 -0.0103861 -0.0177645 -0.00751873 0.00923777 0.0205095 0.0237171 0.0220127 0.0172108 0.00995872 0.00215755 -0.00418265 -0.00836181 -0.0104766 -0.0110324 -0.0109572 -0.0112094 -0.0122789 -0.0137455 -0.0143794 -0.0136801 -0.0136737 -0.0173932 -0.0242102 -0.0282639 -0.0226205 -0.0051117 0.0179278 0.0334892 
0.0408091 0.026675 0.00745472 -0.00365645 -0.00161202 0.00744982 0.0152145 0.0191046 0.0200879 0.0181761 0.0135151 0.00811845 0.00368753 7.96904e-05 -0.00320085 -0.0059386 -0.00788654 -0.00956478 -0.0119578 -0.0151038 -0.0174049 -0.0175896 -0.0174016 -0.0200242 -0.0246776 -0.025382 -0.0164332 0.00228466 0.0244321 0.0399978 
0.0496757 0.0413988 0.0252158 0.0105431 0.00482154 0.00776798 0.0139958 0.0189432 0.0206601 0.0188926 0.0152878 0.0125071 0.0111745 0.0094514 0.00604784 0.00169166 -0.00235661 -0.00588122 -0.00953302 -0.0133764 -0.0161841 -0.0170794 -0.0176733 -0.0202779 -0.0230731 -0.0201033 -0.00766967 0.0116599 0.0315737 0.0458256 
0.0561047 0.0514678 0.0373505 0.0203166 0.00988515 0.0101422 0.0167668 0.0222824 0.0224553 0.018248 0.0139014 0.0128669 0.0143448 0.0146358 0.0116884 0.00658216 0.00122063 -0.00357958 -0.00784715 -0.0114311 -0.0137784 -0.0150226 -0.0168668 -0.0203526 -0.0220842 -0.0158555 0.000161412 0.0206696 0.0387933 0.0511261 
0.0626311 0.0580287 0.0440152 0.025954 0.0140182 0.0138767 0.0209378 0.0257664 0.0234097 0.0164009 0.0108436 0.0104653 0.0134193 0.0149302 0.0125603 0.00753853 0.00202302 -0.00290519 -0.00690545 -0.00964268 -0.01103 -0.0120611 -0.0146603 -0.0189288 -0.0202068 -0.0119125 0.00688923 0.029322 0.047519 0.0586315 
0.0704997 0.0633577 0.0481541 0.0301109 0.0182372 0.0176165 0.0235822 0.0267876 0.0227934 0.0147876 0.00893928 0.00854984 0.0116025 0.0135123 0.0118803 0.00772966 0.00307102 -0.0010305 -0.004177 -0.00592711 -0.00626509 -0.00656408 -0.00893802 -0.0131018 -0.0140162 -0.00517518 0.0144148 0.0381773 0.0576991 0.0686467 
0.0750729 0.0650489 0.0488534 0.031487 0.0197051 0.0174783 0.0212059 0.0232329 0.0198025 0.0133947 0.00879968 0.00854604 0.0111867 0.0132395 0.0126153 0.00983257 0.00644981 0.00341043 0.00111432 0.0001267 0.000638895 0.00126432 -0.000195968 -0.00354731 -0.00430967 0.00334054 0.021091 0.0442163 0.0645478 0.0755067 
0.0682122 0.0560766 0.0398292 0.0238478 0.0125631 0.00902542 0.0112475 0.013667 0.012876 0.00997418 0.00803125 0.00880724 0.0115168 0.0138998 0.0143004 0.0127694 0.0103789 0.00798461 0.00608556 0.00537245 0.00616097 0.00715798 0.00621721 0.00321423 0.001584 0.00636623 0.0203759 0.041136 0.0608461 0.0709263 
0.0454378 0.0319376 0.0167376 0.0035873 -0.00518193 -0.00778892 -0.00520932 -0.0012075 0.00125359 0.00232929 0.00384217 0.00677228 0.0104568 0.0133965 0.0144363 0.0135163 0.0114698 0.00917461 0.00724753 0.00630051 0.00643322 0.00636185 0.00424436 -9.036e-05 -0.00398969 -0.00286234 0.00712727 0.0249481 0.042724 0.0506545 
0.0108852 -0.00309467 -0.0160717 -0.0246527 -0.0284787 -0.0277761 -0.0235193 -0.0179834 -0.0131057 -0.00875261 -0.00376761 0.00191692 0.00711171 0.0105621 0.0116639 0.0106422 0.00841625 0.00600346 0.00402322 0.00262263 0.00123051 -0.00154704 -0.00686421 -0.0142202 -0.0210193 -0.0229791 -0.0161605 -0.00136958 0.0134235 0.0183957 
-0.0245754 -0.0378651 -0.0479138 -0.0514166 -0.0495329 -0.0446464 -0.0383864 -0.0318677 -0.0256583 -0.019128 -0.011515 -0.003646 0.00260755 0.00608303 0.00677529 0.00536738 0.00296471 0.000697294 -0.00097422 -0.00265539 -0.00585126 -0.0120892 -0.0215116 -0.0323178 -0.0414284 -0.0451394 -0.0405519 -0.0290144 -0.0179101 -0.0158233 
-0.0507544 -0.0624035 -0.0696947 -0.0693668 -0.0632021 -0.0549462 -0.0469533 -0.039698 -0.0326956 -0.0249634 -0.0161319 -0.00760766 -0.00151717 0.00130391 0.00148807 7.70648e-05 -0.00187508 -0.00339071 -0.00429507 -0.00589356 -0.0104731 -0.0195677 -0.032271 -0.0454751 -0.0556631 -0.0600177 -0.0571586 -0.0490316 -0.041771 -0.0419872 
-0.0640649 -0.0737395 -0.0789888 -0.0769284 -0.0691498 -0.0594546 -0.0504392 -0.0424613 -0.0347247 -0.026367 -0.0174664 -0.00959595 -0.00457635 -0.00264179 -0.00258343 -0.00323912 -0.00394705 -0.00420158 -0.00415849 -0.00547007 -0.0106744 -0.0210488 -0.0349531 -0.0486865 -0.0588521 -0.0635215 -0.0623908 -0.0575795 -0.053859 -0.0558929 
-0.0664657 -0.0744457 -0.0787185 -0.0771241 -0.070526 -0.061567 -0.0523898 -0.0435831 -0.0347943 -0.025756 -0.0170267 -0.0100506 -0.00601429 -0.00450799 -0.00397747 -0.0033776 -0.00257125 -0.00160102 -0.000885425 -0.00202573 -0.0071878 -0.0170974 -0.0299237 -0.0424645 -0.0521101 -0.0574837 -0.0584183 -0.0566076 -0.0557071 -0.0590245 
-0.0611827 -0.0682422 -0.0730884 -0.0739292 -0.0703962 -0.0633934 -0.0543521 -0.0443465 -0.0339407 -0.0237632 -0.0148696 -0.00841376 -0.00481652 -0.00313786 -0.0017877 -2.1561e-05 0.00187744 0.00352393 0.00438588 0.00313603 -0.00164819 -0.00998701 -0.0203464 -0.0308657 -0.0401008 -0.0467987 -0.0501011 -0.0506972 -0.0513078 -0.0547387 
-0.0513972 -0.0584911 -0.0653652 -0.0695638 -0.06913 -0.0635902 -0.0541465 -0.0425603 -0.0303345 -0.0189789 -0.00996742 -0.00402385 -0.000724187 0.00128984 0.00339152 0.00589191 0.00823057 0.00994183 0.0105412 0.00901459 0.00465186 -0.001999 -0.00991524 -0.0186756 -0.0278707 -0.0361283 -0.0416186 -0.0437248 -0.0442697 -0.0463265 
-0.0408925 -0.0484679 -0.057335 -0.0638028 -0.0646444 -0.0589991 -0.0485378 -0.0356501 -0.0223813 -0.0108038 -0.00257669 0.0021846 0.00480097 0.0069356 0.00954715 0.0123953 0.0147041 0.016111 0.0163438 0.0146881 0.0108335 0.0054633 -0.000953426 -0.00889143 -0.0183577 -0.0277207 -0.0344836 -0.0370979 -0.0367515 -0.0370286 
-0.0330926 -0.0405076 -0.0491675 -0.0549189 -0.0544797 -0.0475886 -0.0365281 -0.0237239 -0.0110849 -0.000843979 0.0053539 0.00810054 0.00959202 0.0116382 0.0145703 0.0174718 0.0193946 0.0202585 0.0201994 0.0188132 0.0158483 0.0116298 0.0059874 -0.00191109 -0.0117903 -0.0214744 -0.0282248 -0.0305728 -0.029808 -0.0296009 
-0.0286552 -0.0344543 -0.039789 -0.0414845 -0.0378643 -0.0300048 -0.0202278 -0.00982613 0.000304353 0.00804359 0.0116065 0.012046 0.0122759 0.0141275 0.0171566 0.0197022 0.0207556 0.020739 0.0203643 0.0195333 0.0178761 0.0151614 0.0104987 0.00271934 -0.0074792 -0.0170658 -0.0230322 -0.0247384 -0.0243258 -0.0250336 
-0.0245051 -0.0275223 -0.0278682 -0.0239627 -0.0169213 -0.00965687 -0.00374533 0.00192066 0.00829449 0.0134529 0.0149195 0.0135243 0.0125849 0.0140054 0.0166856 0.018318 0.0179767 0.0167206 0.0158509 0.0154949 0.0151881 0.0143943 0.0116698 0.00513144 -0.00476921 -0.0143026 -0.0197233 -0.0207927 -0.0204337 -0.0215214 
-0.016579 -0.0170631 -0.0137501 -0.0058139 0.00301509 0.00798416 0.00858388 0.00870359 0.0113549 0.0147809 0.0153655 0.0130137 0.0110675 0.0116679 0.0134404 0.013712 0.0117379 0.00913814 0.00762915 0.00745869 0.00823453 0.00960693 0.0099865 0.00646349 -0.00176476 -0.0110958 -0.0167744 -0.0176165 -0.0162217 -0.0156149 
-0.0040675 -0.00408761 -0.00091974 0.00711582 0.0152701 0.0175986 0.0141226 0.0103847 0.0106862 0.0134405 0.0141517 0.0116981 0.00912307 0.00876845 0.00931915 0.00809235 0.00459524 0.000801286 -0.001389 -0.0016327 -4.35894e-05 0.00356194 0.00779261 0.00876785 0.00388137 -0.00436719 -0.0105839 -0.0116699 -0.00871631 -0.00525024 
0.00929669 0.00663463 0.00568169 0.0101629 0.0161699 0.0173603 0.0131504 0.00881635 0.00879056 0.0117677 0.0131596 0.011284 0.00869535 0.00764278 0.00696904 0.00428298 -0.000560103 -0.00538212 -0.00825286 -0.00874067 -0.00664187 -0.00126699 0.00634433 0.0118781 0.0112956 0.00554242 -0.000186754 -0.0012394 0.00285162 0.00802023 
0.0175684 0.00999742 0.00335535 0.00353086 0.00814803 0.0106355 0.00881447 0.00652815 0.00786714 0.0119496 0.0145015 0.0135829 0.0112501 0.00955421 0.00757891 0.00340804 -0.00268606 -0.00837705 -0.0118211 -0.01267 -0.0106739 -0.00492233 0.00409031 0.0126 0.0161412 0.0141094 0.0105245 0.0103233 0.0146488 0.0190575 
0.016996 0.00460126 -0.00600281 -0.00750466 -0.00160536 0.0042123 0.00591067 0.00628401 0.0096591 0.0156266 0.0197897 0.0196507 0.0169277 0.0138971 0.0102118 0.00450536 -0.00261977 -0.00881378 -0.0125259 -0.0138519 -0.0129002 -0.00870396 -0.000744958 0.00886828 0.0161055 0.0185535 0.0179178 0.0183367 0.0213377 0.0227956 
0.0102112 -0.00509295 -0.0163499 -0.0158379 -0.00611707 0.00351791 0.00771071 0.00955683 0.0145181 0.0225054 0.0282347 0.0281625 0.023899 0.0185697 0.0128242 0.00583888 -0.00171396 -0.00773231 -0.0112035 -0.0129621 -0.0137033 -0.012295 -0.00666694 0.00344751 0.0147507 0.022359 0.0244238 0.0237424 0.0231049 0.0201427 
0.00522354 -0.0109445 -0.0205777 -0.0165114 -0.00304897 0.00871939 0.0131617 0.0146542 0.0199632 0.0290105 0.0354076 0.0346133 0.0282869 0.0205317 0.0130647 0.00554119 -0.00154369 -0.00657714 -0.00910278 -0.0105851 -0.0122698 -0.0129087 -0.00900241 0.0019949 0.0176254 0.0305559 0.0349373 0.0318975 0.0261506 0.018284 
0.00810247 -0.00703563 -0.0144046 -0.00834773 0.00564726 0.0163394 0.0189344 0.0187322 0.0228311 0.0309498 0.0363516 0.0343006 0.026491 0.0173426 0.0091457 0.00196117 -0.00389793 -0.007315 -0.0080672 -0.00767637 -0.00778757 -0.00776179 -0.00398129 0.00746411 0.0254481 0.0418496 0.0480836 0.0434653 0.0338203 0.0224487 
0.0170064 0.00541985 0.000575147 0.005834 0.0161641 0.0227619 0.0225165 0.0203377 0.0221577 0.0274611 0.0303304 0.0268314 0.0185776 0.00939495 0.0014545 -0.00482795 -0.00912146 -0.0106242 -0.00892944 -0.00498032 -0.00078322 0.00250182 0.0068057 0.0164063 0.0324017 0.0483912 0.0553694 0.0511038 0.0409233 0.0294367 
0.0243053 0.0183519 0.0162287 0.0189669 0.0233623 0.0246225 0.0216191 0.0180451 0.0178915 0.020357 0.0207708 0.0163309 0.00850564 0.000176266 -0.00692812 -0.0121029 -0.0148533 -0.0145161 -0.0103262 -0.00247609 0.00651906 0.0129734 0.0162525 0.0207311 0.0304989 0.0425525 0.0491612 0.046965 0.039642 0.0316719 
0.0239116 0.0232093 0.0233334 0.0238924 0.0234428 0.0203929 0.0151784 0.0108053 0.0100013 0.0116031 0.0115046 0.00745466 0.000732736 -0.00640492 -0.0124934 -0.0166173 -0.0181369 -0.0164619 -0.0106399 -0.000448229 0.0110716 0.0180958 0.0177879 0.0147273 0.016138 0.0229012 0.0291442 0.0304558 0.0281672 0.0255386 
0.0169374 0.0195233 0.0213004 0.0214304 0.0190869 0.0137744 0.0067048 0.00132646 0.000514126 0.00293082 0.00419984 0.00178837 -0.00337082 -0.00925147 -0.0143427 -0.0175756 -0.0182811 -0.0160135 -0.00993465 0.000319446 0.0116648 0.0171791 0.0122564 0.00117198 -0.00620214 -0.00487897 0.00158558 0.00764513 0.0115172 0.0142663 
0.0119279 0.0170116 0.0203555 0.0209274 0.0179708 0.0111487 0.00196805 -0.00538437 -0.00723075 -0.00457123 -0.00196791 -0.00251458 -0.00589335 -0.010345 -0.0142838 -0.0165711 -0.0166668 -0.0144334 -0.00924662 -0.000353208 0.00989243 0.0141848 0.0059689 -0.0117585 -0.0272927 -0.0314518 -0.0246938 -0.013253 -0.00250444 0.00566728 
0.0182772 0.0261514 0.0302329 0.0292381 0.0234412 0.0136334 0.00165161 -0.008387 -0.0126101 -0.0113371 -0.00854656 -0.00757308 -0.00893607 -0.0115417 -0.0140169 -0.0152636 -0.014959 -0.0133552 -0.00987623 -0.00293049 0.00629424 0.010382 0.00102459 -0.0202323 -0.0408406 -0.0485662 -0.0408645 -0.0239172 -0.00614008 0.0078306 
0.0365597 0.0460273 0.0483874 0.0420948 0.0297043 0.0144987 -0.000943913 -0.0132342 -0.019267 -0.019121 -0.0160302 -0.0132995 -0.0122399 -0.0126087 -0.0134895 -0.0139378 -0.0138155 -0.0136237 -0.0126385 -0.00843515 -0.00120587 0.00202823 -0.00720948 -0.0276399 -0.0468779 -0.0522875 -0.0404745 -0.0179556 0.00507663 0.0230298 
0.0576482 0.0655158 0.0639855 0.0505459 0.0295938 0.00727822 -0.012206 -0.0256449 -0.0310587 -0.0294106 -0.0241813 -0.0188416 -0.0150464 -0.0128902 -0.011843 -0.0114322 -0.0118381 -0.0135253 -0.0154769 -0.014972 -0.0117361 -0.0114636 -0.0204972 -0.0362781 -0.0473277 -0.0432222 -0.0228922 0.00490863 0.0290474 0.0456033 
0.0736501 0.0771321 0.0718305 0.0528951 0.0244007 -0.00520854 -0.0290151 -0.0427867 -0.0455317 -0.0400915 -0.0313651 -0.0232822 -0.0171228 -0.0123424 -0.00853943 -0.00629071 -0.00655581 -0.00955172 -0.0138248 -0.0169689 -0.0187445 -0.0226853 -0.0315078 -0.0408831 -0.0408672 -0.0243783 0.0057189 0.037186 0.0582434 0.0680257 
0.0851317 0.0839297 0.0760808 0.0542856 0.0208793 -0.0142791 -0.0413581 -0.0547283 -0.0543691 -0.0452654 -0.0339621 -0.0246742 -0.0177093 -0.0112421 -0.00473496 1.21082e-05 0.00103103 -0.00168798 -0.00640158 -0.0114646 -0.0169125 -0.0238351 -0.0313042 -0.0340763 -0.0246566 0.00067187 0.0361145 0.0676548 0.0839672 0.0864956 
0.0954741 0.0913243 0.080814 0.0566552 0.020785 -0.0164226 -0.0439324 -0.0557604 -0.0529485 -0.0420577 -0.0305236 -0.0223571 -0.01689 -0.0111867 -0.00423506 0.00182068 0.00456152 0.0038661 0.00111208 -0.00302948 -0.00879406 -0.0152858 -0.0191183 -0.0153559 0.00029319 0.028243 0.0616615 0.0884267 0.100235 0.0996142 
0.10174 0.0966385 0.082544 0.0553945 0.0194467 -0.0154215 -0.0399082 -0.0492926 -0.0452384 -0.0345461 -0.0245506 -0.018958 -0.0167667 -0.0145072 -0.0102144 -0.00502005 -0.0010108 0.00110486 0.00176817 0.00106153 -0.00112744 -0.00314277 -0.00112813 0.00876339 0.0280195 0.054132 0.0800844 0.0978797 0.104637 0.104208 
0.0938787 0.0896528 0.0737462 0.0461256 0.0142339 -0.0136832 -0.032373 -0.0393731 -0.0358186 -0.0270117 -0.0194835 -0.0169808 -0.0187697 -0.0211407 -0.020901 -0.0176328 -0.0130216 -0.00870762 -0.00496279 -0.0013259 0.00254202 0.00767928 0.0163948 0.0308508 0.0509624 0.072746 0.0891881 0.0957156 0.0950226 0.0937245 
0.0655266 0.0645707 0.0524947 0.031152 0.00933094 -0.00728187 -0.0181388 -0.0231425 -0.0218705 -0.0168104 -0.0131334 -0.014551 -0.0204847 -0.0270655 -0.030358 -0.0290485 -0.024835 -0.0200408 -0.0148091 -0.00765297 0.00213522 0.0143962 0.0290569 0.0458767 0.063677 0.0787868 0.0850673 0.0798005 0.0694295 0.0640994 
0.0245976 0.0286052 0.0252882 0.0159904 0.00859328 0.00594812 0.0044894 0.00216432 0.00084148 0.000926617 -0.000805548 -0.00708183 -0.0168801 -0.0265824 -0.0326987 -0.0340343 -0.0323143 -0.02957 -0.0249098 -0.0159453 -0.00219621 0.0151238 0.0341485 0.0519976 0.0657593 0.0726351 0.0686563 0.052796 0.0333729 0.0229691 
-0.0111904 -0.00422514 -0.000399854 0.00111574 0.0069464 0.0176117 0.0263678 0.0289183 0.0270984 0.0230264 0.0158737 0.00509684 -0.00738278 -0.0187817 -0.0270664 -0.0318353 -0.0346155 -0.0362041 -0.0339958 -0.0249024 -0.00925141 0.0107016 0.032304 0.0510315 0.0618498 0.0617931 0.0493198 0.0260889 0.0014276 -0.0121499 
-0.0256897 -0.0210136 -0.0180769 -0.0138964 -0.00131826 0.0187872 0.0370771 0.0463886 0.0465388 0.0399564 0.0284608 0.0143456 0.000561176 -0.0109496 -0.0196708 -0.0263737 -0.0327772 -0.0385276 -0.0392448 -0.0310655 -0.0151681 0.00506808 0.0271294 0.0468499 0.0576466 0.0545735 0.0373677 0.0114148 -0.0128137 -0.0255357 
-0.00617823 -0.00733825 -0.0137415 -0.0165492 -0.0055081 0.0178935 0.0418713 0.056065 0.0574759 0.0483565 0.0330263 0.0161643 0.00143732 -0.00943022 -0.0165955 -0.0220157 -0.0283707 -0.0351955 -0.0372732 -0.0302303 -0.0156715 0.00245294 0.0227818 0.0433027 0.0567418 0.0548688 0.0373928 0.0140955 -0.00267067 -0.00772246 
0.0570353 0.0513785 0.0312463 0.014206 0.0156566 0.0339391 0.0553211 0.0675762 0.0662906 0.0537843 0.0356057 0.0169437 0.00116963 -0.00971988 -0.0153877 -0.0181855 -0.0217211 -0.0263466 -0.0275494 -0.0213083 -0.0091247 0.00551194 0.0229157 0.0436026 0.0604657 0.0627216 0.0498777 0.0357284 0.0347018 0.0466713 
0.158829 0.152706 0.117836 0.0816394 0.0661227 0.0702381 0.0795485 0.0824093 0.0752116 0.0602567 0.0420836 0.023984 0.00777472 -0.00432159 -0.0106283 -0.0125558 -0.0135718 -0.0149171 -0.0139064 -0.00774032 0.0025012 0.0143623 0.0290991 0.0486274 0.0672886 0.0749531 0.071869 0.0736173 0.0953209 0.132119 
0.266714 0.263348 0.215241 0.158319 0.121944 0.107256 0.100476 0.0916252 0.0785362 0.063102 0.0476403 0.0324283 0.0170266 0.00344717 -0.00517081 -0.00842643 -0.00859215 -0.0072315 -0.00357165 0.0036338 0.0136976 0.0250503 0.03845 0.0554648 0.073034 0.0853941 0.0946282 0.114878 0.159699 0.221463 
