0.329377 0.314088 0.25487 0.189073 0.134005 0.0876628 0.0480579 0.0177074 -0.00140522 -0.00963893 -0.00983666 -0.00722274 -0.00665383 -0.00891453 -0.0107101 -0.00895404 -0.0041961 0.00071969 0.00390759 0.0048202 0.00340799 0.00147246 0.00285897 0.0100351 0.0226702 0.0414451 0.0720016 0.123716 0.20019 0.282531 
0.318337 0.313011 0.258557 0.19093 0.131517 0.0827473 0.0434977 0.0145097 -0.00342401 -0.0100336 -0.00799389 -0.00417269 -0.00443654 -0.0082559 -0.010719 -0.00847095 -0.00254986 0.00345449 0.00685637 0.00678353 0.00360001 7.91195e-05 0.00103339 0.00890669 0.0215673 0.0369367 0.0599369 0.103414 0.176225 0.262162 
0.241396 0.246909 0.210004 0.157122 0.108225 0.0683608 0.0368777 0.0132322 -0.00182415 -0.00674902 -0.00378848 -0.000652106 -0.00320256 -0.0091353 -0.0119957 -0.00846552 -0.000443689 0.00750154 0.0118841 0.0115585 0.00704776 0.00141614 5.72205e-06 0.00592327 0.0166954 0.0279411 0.0414934 0.0688387 0.121186 0.189758 
0.1522 0.163511 0.14433 0.110873 0.0790911 0.0543896 0.0353991 0.0197501 0.0079477 0.00293779 0.00384514 0.00367657 -0.00258713 -0.0112252 -0.0148546 -0.0104741 -0.000906624 0.0085113 0.0139817 0.0144991 0.0106725 0.00511877 0.00268901 0.00674917 0.0151919 0.0225768 0.027961 0.0396768 0.0686345 0.113022 
0.0971368 0.107985 0.0977161 0.0761947 0.0562267 0.0432372 0.0350137 0.0269407 0.0183606 0.0128689 0.0110446 0.0073271 -0.00224752 -0.0133249 -0.018377 -0.0146877 -0.00540316 0.00412712 0.0104059 0.0127756 0.0117425 0.00900888 0.00812292 0.0117867 0.0183206 0.0230455 0.0245558 0.0284866 0.0432662 0.0701106 
0.0865334 0.0916813 0.0793318 0.0575632 0.0384937 0.0285139 0.025309 0.0225072 0.0178266 0.0142439 0.0126356 0.00835108 -0.00188198 -0.013834 -0.0203949 -0.0188357 -0.0117903 -0.0037962 0.00240366 0.00641864 0.00840268 0.00915597 0.0108769 0.0150658 0.0203943 0.0244949 0.027739 0.033963 0.047422 0.0678057 
0.101749 0.0985528 0.0768154 0.0462969 0.0207112 0.00797431 0.00597193 0.00703113 0.006937 0.00716106 0.0082509 0.00617771 -0.00200419 -0.0128067 -0.019949 -0.0205796 -0.0165039 -0.0111857 -0.00647898 -0.00256139 0.000468836 0.00319649 0.00729057 0.013015 0.0186354 0.0238084 0.0315203 0.0453056 0.0655215 0.0875476 
0.115237 0.105812 0.0753599 0.0363813 0.00475003 -0.0103422 -0.0108644 -0.00602116 -0.00257235 -0.000363433 0.00188832 0.00153173 -0.00404895 -0.0124948 -0.0188057 -0.0204089 -0.0186195 -0.0160709 -0.013803 -0.0116782 -0.00967614 -0.00655262 -0.000119825 0.00879866 0.0166137 0.0228463 0.0324292 0.0506104 0.0766901 0.102409 
0.1119 0.100774 0.0676862 0.0271066 -0.00444248 -0.0175623 -0.0142752 -0.0057267 -0.00139164 -0.00133764 -0.00194301 -0.00352013 -0.00805969 -0.0143478 -0.0190104 -0.0203398 -0.0196197 -0.0189125 -0.0185856 -0.0181747 -0.0174477 -0.0143394 -0.00577018 0.00670403 0.0169952 0.0225964 0.0291068 0.0447311 0.0709269 0.0984169 
0.096476 0.0862396 0.0552137 0.0191335 -0.00652858 -0.0135674 -0.00472687 0.00695623 0.0101791 0.00557671 -0.000504514 -0.00578146 -0.0112493 -0.0165409 -0.0198596 -0.0204794 -0.0196986 -0.0191159 -0.0187649 -0.0182119 -0.0174321 -0.0142807 -0.00529494 0.00790492 0.0180264 0.0208488 0.0217853 0.031462 0.0543985 0.081874 
0.0794899 0.0706963 0.0434499 0.0140543 -0.00344707 -0.00298083 0.0109449 0.0241919 0.0254738 0.0164752 0.00527674 -0.00386722 -0.0109296 -0.0161261 -0.0188512 -0.0189128 -0.0172651 -0.0150452 -0.0123998 -0.00951919 -0.00728481 -0.00451745 0.00187346 0.0110733 0.0171203 0.0161899 0.0130953 0.0185408 0.0383503 0.0646422 
0.0660103 0.0582415 0.035321 0.0126847 0.00312208 0.0103312 0.0272826 0.0398074 0.0384742 0.0261564 0.0115801 9.64185e-05 -0.00764758 -0.0124934 -0.0147919 -0.0145368 -0.0120395 -0.00785699 -0.00236154 0.0033519 0.00709059 0.00852473 0.0100916 0.0125509 0.0131846 0.0101838 0.00718832 0.0122647 0.0299571 0.0531528 
0.0574851 0.0487512 0.0292381 0.0121741 0.0087015 0.0205155 0.0384733 0.0491297 0.0453777 0.0309329 0.014616 0.00246673 -0.00450701 -0.00786718 -0.00906296 -0.00852035 -0.00605051 -0.00151645 0.00479852 0.0112884 0.0149287 0.014313 0.0114451 0.00881649 0.00703143 0.00593556 0.00713014 0.0148981 0.0312934 0.0495774 
0.0524109 0.0408663 0.0230688 0.00943764 0.00858181 0.0211461 0.0378963 0.0468706 0.0424243 0.0280188 0.0119737 0.000726502 -0.00434233 -0.00528265 -0.0046296 -0.00360852 -0.00200137 0.000861083 0.00513355 0.00951787 0.011297 0.00891899 0.00410473 0.000460613 0.000659922 0.00468395 0.0115016 0.0223843 0.0376814 0.0507555 
0.0471013 0.0337249 0.0173034 0.00529354 0.00334259 0.0121896 0.0249504 0.0320635 0.0285452 0.0166802 0.00344344 -0.00515679 -0.00763566 -0.00613711 -0.00369903 -0.00213707 -0.00154256 -0.00111575 -0.000169106 0.000962466 0.000707355 -0.00215931 -0.00641222 -0.00823182 -0.00427317 0.00455325 0.0150676 0.0271707 0.0408631 0.0498895 
0.0398202 0.0276337 0.0134937 0.00209456 -0.00317515 -0.000596131 0.00640137 0.0110154 0.00879533 0.000782579 -0.00793379 -0.0127 -0.0124249 -0.00912143 -0.00563886 -0.003792 -0.00390078 -0.00526237 -0.00677468 -0.00777694 -0.00874404 -0.0107285 -0.0132767 -0.013088 -0.0070337 0.00331948 0.0141779 0.0253223 0.036903 0.0435852 
0.0305162 0.0224116 0.0118451 0.000988195 -0.00781841 -0.0111983 -0.00929553 -0.00669845 -0.00761225 -0.012087 -0.0167311 -0.0182364 -0.015952 -0.0117125 -0.00795892 -0.0061523 -0.00651745 -0.00835195 -0.0103831 -0.0115384 -0.01185 -0.012448 -0.0136584 -0.013098 -0.00807352 0.000237178 0.00881287 0.017533 0.0266238 0.0322987 
0.0179583 0.0155559 0.0103029 0.00169458 -0.00860494 -0.0153539 -0.0158734 -0.0134374 -0.012858 -0.0153727 -0.0184384 -0.0190714 -0.016557 -0.0125377 -0.00917383 -0.00754764 -0.00759207 -0.00855585 -0.0093691 -0.00925982 -0.0084145 -0.00805824 -0.00902083 -0.00985342 -0.00816954 -0.0040063 0.000819132 0.00597749 0.0118505 0.0166862 
0.00278959 0.00546057 0.00628394 0.00226832 -0.00604712 -0.0124473 -0.0123194 -0.00825489 -0.00617272 -0.0084632 -0.0125844 -0.0148964 -0.0141195 -0.0116018 -0.00926293 -0.00786695 -0.00712699 -0.00643131 -0.00524554 -0.00344398 -0.00158209 -0.000872542 -0.00224613 -0.0049307 -0.0069082 -0.00719859 -0.00652925 -0.0054786 -0.0034639 -0.000376279 
-0.00903465 -0.00426336 0.000325417 0.000658461 -0.00375456 -0.00721892 -0.00470682 0.00163296 0.00524537 0.00285271 -0.00292329 -0.00770508 -0.0095447 -0.00928729 -0.00841047 -0.00737541 -0.00587428 -0.00363851 -0.000716069 0.00247667 0.00506075 0.00587233 0.00422008 0.000594209 -0.00357734 -0.0069838 -0.00947337 -0.0115542 -0.012714 -0.0119378 
-0.0122211 -0.00893752 -0.00492575 -0.0034619 -0.00508297 -0.00554227 -0.000836171 0.00725186 0.0124936 0.0110749 0.00511276 -0.000971679 -0.00486218 -0.00674557 -0.00734401 -0.00671877 -0.00467924 -0.00141209 0.0025669 0.00654823 0.00947115 0.0102378 0.00858937 0.00517861 0.000875835 -0.00336866 -0.0068989 -0.00985876 -0.0121987 -0.0132135 
-0.00818553 -0.00876437 -0.00845549 -0.00870541 -0.00947382 -0.00823278 -0.0026759 0.00576793 0.0120621 0.0124291 0.00800264 0.00236605 -0.0023299 -0.00565944 -0.00736157 -0.00692659 -0.0043044 -0.000202821 0.00441772 0.00864334 0.011387 0.0117519 0.00998736 0.00722264 0.00410832 0.000944541 -0.00152669 -0.00306822 -0.00449686 -0.00641167 
-0.000983862 -0.00581882 -0.00954213 -0.0118461 -0.012598 -0.011043 -0.00634723 0.000596388 0.00648352 0.0082851 0.00613745 0.00213255 -0.00228024 -0.00625859 -0.00855435 -0.00802945 -0.00474086 0.000108935 0.00510844 0.0091244 0.0111939 0.0108374 0.00878445 0.00657315 0.00483325 0.00334818 0.002889 0.00410319 0.00512284 0.00339166 
0.0068313 -0.000377387 -0.00642882 -0.00996428 -0.0112824 -0.0108083 -0.00837287 -0.00424256 -2.1102e-05 0.00240204 0.00241529 0.000405429 -0.00314052 -0.00714398 -0.00961597 -0.00896782 -0.00530457 -0.000127737 0.00483739 0.00830527 0.00954985 0.00861288 0.00654469 0.00488326 0.00406753 0.00358607 0.00444917 0.008013 0.0119561 0.0119085 
0.0120974 0.0054954 -0.000676217 -0.00493305 -0.0076855 -0.00920524 -0.00919309 -0.0075931 -0.00493052 -0.00215339 -0.000402635 -0.000735356 -0.00344286 -0.00723465 -0.00972028 -0.00916105 -0.00563512 -0.000643569 0.00402372 0.00704605 0.00789042 0.00690867 0.00514786 0.00380556 0.00308173 0.00243835 0.00313153 0.00725415 0.0130289 0.0154264 
0.0110163 0.00660724 0.00191307 -0.0022628 -0.00615703 -0.0091092 -0.0103539 -0.00979339 -0.00752664 -0.00409474 -0.00107862 -0.000434687 -0.00277305 -0.00651341 -0.00910038 -0.00885546 -0.00577738 -0.00115557 0.00333645 0.00639031 0.00746513 0.00679434 0.00507914 0.0032092 0.00157565 3.78306e-05 -0.000196307 0.00299125 0.00860227 0.012214 
0.00383239 0.00115941 -0.00143127 -0.0041551 -0.00749167 -0.0103024 -0.0114284 -0.0106363 -0.00789004 -0.00373031 -4.10393e-05 0.000912683 -0.00142043 -0.00523197 -0.00799274 -0.00815783 -0.005603 -0.00133234 0.00315261 0.00652479 0.00800995 0.00741108 0.00504193 0.00183442 -0.0011432 -0.00338062 -0.00409055 -0.00205776 0.0019176 0.00456502 
-0.00426186 -0.00627175 -0.00710437 -0.00774377 -0.00933189 -0.011038 -0.0114697 -0.0100455 -0.00671449 -0.00220116 0.0015462 0.00243344 0.000136965 -0.00354732 -0.0063629 -0.00694059 -0.00498529 -0.00116863 0.00321872 0.00678966 0.00837635 0.00730653 0.00381123 -0.000742004 -0.00453834 -0.00661719 -0.00686348 -0.00536301 -0.00322068 -0.00261351 
-0.00885808 -0.0108278 -0.0108408 -0.0100809 -0.0102408 -0.0111121 -0.0111393 -0.00925768 -0.0054693 -0.000807796 0.00280028 0.00361241 0.0015429 -0.00179078 -0.00452311 -0.00548573 -0.00423093 -0.00108141 0.00293953 0.00640225 0.0077557 0.00601194 0.00160371 -0.00358474 -0.00732787 -0.0086111 -0.00793761 -0.00638878 -0.00537735 -0.00630015 
-0.0100225 -0.0121082 -0.0121052 -0.0109409 -0.0105497 -0.0112913 -0.0115074 -0.00962169 -0.00559289 -0.000726702 0.0030152 0.00408518 0.00245781 -0.000459608 -0.00306498 -0.00433038 -0.00375975 -0.00142684 0.00191634 0.00490842 0.00586293 0.00372405 -0.000896577 -0.00593617 -0.00920985 -0.00983744 -0.00854491 -0.00675025 -0.00596022 -0.00724944 
-0.00982138 -0.0121726 -0.0125271 -0.0113704 -0.0107587 -0.0115597 -0.0122406 -0.010905 -0.00726432 -0.00253019 0.0014515 0.00315516 0.00231505 8.31634e-06 -0.00231482 -0.0036775 -0.00363075 -0.00215678 0.000222174 0.00237806 0.00281348 0.00059159 -0.00370029 -0.00822811 -0.0111214 -0.0115747 -0.0100891 -0.0078886 -0.00650433 -0.00724007 
-0.00953974 -0.0123877 -0.0131974 -0.0119693 -0.0108874 -0.0113409 -0.0122748 -0.0118385 -0.00937185 -0.00555568 -0.0017731 0.000564453 0.000813703 -0.000494395 -0.00219731 -0.00339206 -0.00368814 -0.00303919 -0.00175544 -0.000618167 -0.000784598 -0.00305658 -0.00699435 -0.0110763 -0.0137259 -0.0141626 -0.0125555 -0.00975162 -0.00731203 -0.00712543 
-0.00990452 -0.013044 -0.0141365 -0.0126993 -0.0108896 -0.0105169 -0.0112284 -0.0115536 -0.0105246 -0.00813657 -0.00512665 -0.00258544 -0.00136684 -0.0015203 -0.00238361 -0.00326958 -0.00381761 -0.00390564 -0.00362804 -0.00341805 -0.00413955 -0.00655964 -0.0103958 -0.0142713 -0.0167172 -0.017034 -0.0153109 -0.0121063 -0.00883537 -0.00778468 
-0.0112948 -0.0140905 -0.0151353 -0.013507 -0.0110158 -0.00959805 -0.00956224 -0.0100462 -0.0100286 -0.00894832 -0.00695651 -0.00474472 -0.00310303 -0.0024269 -0.00257292 -0.00318706 -0.0039515 -0.00463738 -0.0051547 -0.00566474 -0.00681217 -0.00937086 -0.0132053 -0.0170227 -0.019373 -0.01966 -0.0181025 -0.0150896 -0.0116221 -0.00989646 
-0.013163 -0.0152401 -0.0160528 -0.0143477 -0.0114157 -0.00902424 -0.00791706 -0.00792104 -0.00826129 -0.00805619 -0.00700929 -0.00545651 -0.00395635 -0.00296578 -0.0026998 -0.00313796 -0.00405041 -0.00513989 -0.00620484 -0.00724163 -0.00870208 -0.0112704 -0.0149078 -0.018532 -0.0208648 -0.0214197 -0.0204681 -0.0181566 -0.014937 -0.0127006 
-0.0147783 -0.0161767 -0.016634 -0.0147753 -0.0115261 -0.00840752 -0.00637081 -0.00578688 -0.00618645 -0.00652947 -0.00622207 -0.00534862 -0.00422389 -0.00322193 -0.00274647 -0.00303297 -0.00397476 -0.00526233 -0.00663246 -0.00800458 -0.00966278 -0.0120712 -0.0151806 -0.0182446 -0.0204297 -0.0214844 -0.0215588 -0.0202956 -0.0175555 -0.0150402 
-0.0158739 -0.0167908 -0.016689 -0.014353 -0.0106923 -0.00709511 -0.00460983 -0.00388537 -0.00452235 -0.00530785 -0.00549432 -0.00508034 -0.00424721 -0.0032604 -0.00257269 -0.00259321 -0.00339409 -0.00471618 -0.00622161 -0.00774704 -0.00941778 -0.0114294 -0.0136816 -0.0158479 -0.0177226 -0.0193939 -0.0207708 -0.0208056 -0.0187938 -0.0163973 
-0.0161291 -0.0169946 -0.0164236 -0.0135324 -0.00947786 -0.00558988 -0.00297867 -0.00244933 -0.00348247 -0.00461667 -0.0050335 -0.00479841 -0.00409911 -0.00308512 -0.00211704 -0.00171095 -0.00218931 -0.00341509 -0.00494837 -0.00646045 -0.00787011 -0.009132 -0.0102157 -0.0113664 -0.0130034 -0.0153464 -0.0179371 -0.0192087 -0.0181203 -0.0163188 
-0.0152714 -0.0166497 -0.0161769 -0.0132299 -0.00918572 -0.00520468 -0.00238163 -0.00176095 -0.00285361 -0.00404987 -0.0044816 -0.00428621 -0.00369401 -0.00272014 -0.00154244 -0.000721169 -0.000815218 -0.00182314 -0.00322142 -0.00449677 -0.00534292 -0.00554872 -0.00533616 -0.00564671 -0.00731517 -0.0102432 -0.0135528 -0.0156754 -0.0155589 -0.0146734 
-0.0137316 -0.0156659 -0.0157275 -0.0134101 -0.0100437 -0.00632621 -0.00311048 -0.00176792 -0.00223365 -0.00308504 -0.00344072 -0.00336825 -0.00303078 -0.00228757 -0.00113376 -0.000114731 9.76528e-05 -0.000562924 -0.00156732 -0.00235729 -0.00251467 -0.00175181 -0.000559145 -0.000423182 -0.00229456 -0.00553135 -0.00901289 -0.0116522 -0.0125028 -0.0125021 
-0.0126947 -0.0141912 -0.0143421 -0.0129166 -0.0109212 -0.00814163 -0.00476174 -0.00238147 -0.00168402 -0.00183124 -0.0020538 -0.00222813 -0.00230753 -0.00197527 -0.00107443 -7.15718e-05 0.000395718 0.000259131 -9.24746e-05 -0.000324407 -7.89446e-05 0.0010615 0.00264123 0.00299557 0.00110627 -0.00214967 -0.00569534 -0.00900301 -0.0110332 -0.0116994 
-0.0132504 -0.01264 -0.011625 -0.0108098 -0.0106971 -0.00966053 -0.00676283 -0.00361304 -0.00170015 -0.00097237 -0.000927171 -0.00128559 -0.00176084 -0.00185851 -0.00128205 -0.000352728 0.000441629 0.00104432 0.00150701 0.00163842 0.00164639 0.00239215 0.00397967 0.00482456 0.00348102 0.000403255 -0.00360369 -0.00829906 -0.012167 -0.0135329 
-0.014976 -0.0110864 -0.00786826 -0.00728035 -0.00913797 -0.0101532 -0.00823185 -0.00492732 -0.00231608 -0.000920698 -0.000518165 -0.000851934 -0.00151048 -0.00185685 -0.00148457 -0.000545315 0.000694725 0.00219283 0.00352134 0.00373999 0.00287857 0.00259812 0.00401453 0.00573821 0.00557225 0.00302138 -0.00162754 -0.00823356 -0.014565 -0.0169902 
-0.0156916 -0.00884564 -0.00366971 -0.00335994 -0.00674613 -0.00916821 -0.00807062 -0.00521574 -0.00283408 -0.00139656 -0.000778932 -0.000949764 -0.00153949 -0.00184781 -0.00144267 -0.000349518 0.00139697 0.0038021 0.00598894 0.0062039 0.004181 0.00239865 0.00315503 0.005517 0.00678403 0.00542684 0.000887092 -0.00695504 -0.0153649 -0.0190059 
-0.0131981 -0.00525761 0.000134425 -0.00052722 -0.00475092 -0.00725565 -0.00621012 -0.00403391 -0.00260028 -0.00167098 -0.0010732 -0.00112677 -0.00155689 -0.00164147 -0.00101152 0.000336307 0.00252317 0.00565349 0.00861644 0.00898276 0.0059625 0.00240392 0.00165601 0.00372472 0.00613973 0.00662769 0.0035495 -0.00375581 -0.0125767 -0.0168559 
-0.00609224 7.44008e-05 0.00294558 -1.86302e-06 -0.00481913 -0.0063665 -0.00447945 -0.00255007 -0.00180481 -0.00114032 -0.00049562 -0.000587198 -0.00106274 -0.00102351 -0.000158155 0.00142043 0.00382449 0.00729291 0.010804 0.0115907 0.00815206 0.00298835 8.36904e-05 0.000785563 0.00364377 0.00620759 0.0059112 0.00142181 -0.00526569 -0.00892569 
0.00688111 0.00809258 0.00550122 -0.00144472 -0.00755581 -0.00820936 -0.00504297 -0.00243533 -0.00114584 0.000317418 0.00148191 0.00121141 0.000238875 -6.61264e-06 0.00087237 0.00251512 0.00482478 0.00816053 0.0118841 0.0133218 0.010282 0.00428485 -0.000711345 -0.00206604 0.000350234 0.00480727 0.00853829 0.00949701 0.00789073 0.00624322 
0.0252525 0.0192689 0.0094134 -0.00267098 -0.0111896 -0.0120858 -0.00810546 -0.00419868 -0.00109319 0.00231934 0.00457762 0.00407705 0.00214818 0.00106359 0.00150903 0.00289727 0.00482958 0.00769185 0.0113117 0.013437 0.0114771 0.00581113 -0.000261428 -0.00340788 -0.00185236 0.00431127 0.0130726 0.0215714 0.0270776 0.0280812 
0.0449453 0.0322445 0.0161658 -0.000266213 -0.0116965 -0.0145796 -0.0114734 -0.00689741 -0.00174077 0.00406208 0.00770297 0.00702826 0.00397517 0.00167832 0.00117092 0.00183155 0.00312742 0.00537707 0.00865585 0.0111746 0.0103731 0.00590606 0.00024578 -0.00327409 -0.00168518 0.00673148 0.0209392 0.036923 0.0487709 0.0515358 
0.0603037 0.044479 0.0260564 0.00808754 -0.00545452 -0.0115632 -0.011491 -0.0081623 -0.00227266 0.00509965 0.00974504 0.00890995 0.00494122 0.00151289 -0.000213662 -0.000740882 -0.000403528 0.00106656 0.0036579 0.00586398 0.00549035 0.0020769 -0.00238382 -0.00470093 -0.00122958 0.0107477 0.0301753 0.0513488 0.0662788 0.0691728 
0.0679475 0.0534225 0.0366495 0.0202386 0.00676185 -0.00167791 -0.00525971 -0.00494956 -0.000574716 0.00627164 0.010525 0.00909942 0.00450989 0.000425817 -0.00229217 -0.00410502 -0.00498312 -0.00463417 -0.0033141 -0.00237549 -0.00348798 -0.00684736 -0.0105076 -0.0111595 -0.00484366 0.0110829 0.0344813 0.0579699 0.0732377 0.0760868 
0.0679197 0.0573589 0.0440958 0.0310916 0.0203301 0.0124208 0.00686228 0.00399317 0.00519041 0.00907616 0.0107293 0.00759265 0.00237562 -0.00183126 -0.00496404 -0.00770747 -0.00975269 -0.0106841 -0.010895 -0.0116502 -0.0142046 -0.0184298 -0.0221901 -0.0219427 -0.0137891 0.00428281 0.0291319 0.0527573 0.0679047 0.072416 
0.0616264 0.0553473 0.0459668 0.0374234 0.0314888 0.0267509 0.0213293 0.0162282 0.0139358 0.0134928 0.0108511 0.00493202 -0.00111895 -0.00516928 -0.00826459 -0.0114962 -0.014358 -0.0161209 -0.0170939 -0.0186562 -0.0221307 -0.0273099 -0.0318384 -0.0319928 -0.0241467 -0.00686485 0.0165677 0.0389204 0.0544061 0.0617359 
0.0509556 0.0473491 0.0415277 0.0381696 0.0381336 0.0374721 0.0328711 0.0261827 0.0210253 0.0167256 0.010114 0.00171608 -0.00492449 -0.00870141 -0.0116296 -0.0150658 -0.0182508 -0.0200012 -0.0204112 -0.0211201 -0.0239419 -0.0290749 -0.0343991 -0.0362498 -0.0310044 -0.0171398 0.00284828 0.0232872 0.0392313 0.0485965 
0.0400524 0.0362416 0.0321393 0.0329456 0.0378604 0.0402958 0.0360715 0.028299 0.0216218 0.0154364 0.00706605 -0.00202852 -0.0082725 -0.0113746 -0.0138952 -0.0171895 -0.0202329 -0.0215353 -0.0209642 -0.0200287 -0.0207347 -0.0241766 -0.0295793 -0.0339618 -0.0331607 -0.0244376 -0.00859745 0.0104249 0.0274364 0.0378999 
0.0348721 0.0282697 0.0229729 0.0247359 0.0311568 0.0340085 0.0293507 0.0215005 0.0152466 0.00953253 0.00180887 -0.00615066 -0.0109062 -0.0125944 -0.014065 -0.0166927 -0.0193972 -0.0207305 -0.0202913 -0.0186214 -0.0170365 -0.01762 -0.0218436 -0.0281147 -0.0316742 -0.0279923 -0.0156516 0.00321463 0.0225799 0.0343762 
0.0381753 0.0279506 0.0198053 0.0197857 0.0241617 0.0244272 0.018217 0.0109496 0.00648712 0.00256729 -0.00350811 -0.00975281 -0.0126545 -0.0124672 -0.0123607 -0.0139956 -0.016504 -0.0186861 -0.0198004 -0.0189663 -0.0161586 -0.013782 -0.0151831 -0.0205667 -0.0256069 -0.0248019 -0.0147381 0.00444586 0.0263246 0.0395469 
0.0457409 0.0322537 0.0215421 0.0197758 0.0218253 0.0190266 0.0109024 0.00402977 0.00110433 -0.00159422 -0.00687538 -0.0122204 -0.0138024 -0.0119971 -0.0104329 -0.0111804 -0.0136096 -0.0167115 -0.0195551 -0.0203024 -0.0175637 -0.0128555 -0.0100334 -0.0112366 -0.0140897 -0.0135943 -0.00504861 0.0134338 0.0359134 0.049188 
0.0494084 0.0326996 0.0202729 0.0187011 0.0213931 0.0185981 0.010511 0.00426691 0.00169677 -0.00167279 -0.00806368 -0.0139427 -0.0151399 -0.0124217 -0.00996943 -0.0100721 -0.0120899 -0.0151409 -0.0186177 -0.020735 -0.0191031 -0.01334 -0.00638679 -0.00193356 -0.000391734 0.00161249 0.00917826 0.0255426 0.0456023 0.0561359 
0.0432829 0.0231293 0.00998663 0.0106708 0.017356 0.0187759 0.0141722 0.00975035 0.00662976 0.000938358 -0.00788863 -0.0151489 -0.0166598 -0.0138028 -0.0111125 -0.0106523 -0.0115302 -0.0131562 -0.0158656 -0.0188014 -0.0191066 -0.0141962 -0.00495681 0.00453302 0.0112115 0.0160773 0.0235206 0.0367764 0.05122 0.0553628 
0.0266897 0.00363771 -0.00860067 -0.00399677 0.00862758 0.016861 0.0180336 0.0162426 0.0122302 0.00402466 -0.00679203 -0.0150242 -0.0171151 -0.0148599 -0.0124751 -0.011354 -0.0103666 -0.00945126 -0.0101563 -0.013005 -0.0153709 -0.012876 -0.00375906 0.00882519 0.019981 0.0280883 0.035761 0.044912 0.0510311 0.045691 
0.00330656 -0.0210408 -0.030541 -0.0208729 -0.00171867 0.0135607 0.0200258 0.0199009 0.0147087 0.00506514 -0.00592729 -0.0138138 -0.016236 -0.0148852 -0.0129321 -0.0109422 -0.00770707 -0.00363802 -0.00123843 -0.0025141 -0.00584727 -0.00600805 0.00109304 0.0139354 0.027094 0.036966 0.0438482 0.0476979 0.0442798 0.028795 
-0.0190999 -0.0428055 -0.0484612 -0.0335774 -0.00851806 0.0119292 0.0204211 0.0188436 0.0113643 0.00128703 -0.00804991 -0.0140086 -0.0157749 -0.0147499 -0.0128202 -0.0097752 -0.00436483 0.00285478 0.00897587 0.0107601 0.00825171 0.0062524 0.0100986 0.0201633 0.0320818 0.0416666 0.0471444 0.0461693 0.0345011 0.0107388 
-0.0264969 -0.0485116 -0.0512097 -0.0331501 -0.00501924 0.0165062 0.0220258 0.0148556 0.00326717 -0.00711459 -0.0139687 -0.0170125 -0.0170364 -0.0154018 -0.0129414 -0.00874279 -0.00151407 0.00819199 0.0175406 0.0227327 0.0222407 0.0192884 0.0192333 0.0244184 0.0329908 0.0420268 0.0486535 0.0474709 0.0325485 0.00475525 
-0.0023642 -0.0226934 -0.0264591 -0.0111862 0.0132389 0.0292636 0.0269444 0.0117777 -0.0044674 -0.0151422 -0.0198379 -0.0204192 -0.0187818 -0.016388 -0.0133445 -0.0081602 0.000288844 0.0111967 0.0220223 0.0292395 0.0303663 0.0267451 0.0230541 0.0233278 0.0288097 0.0392524 0.0518462 0.0579962 0.0488038 0.0253082 
0.0616641 0.0425237 0.0306834 0.0333526 0.0439101 0.0466653 0.033526 0.0114495 -0.00739161 -0.0175974 -0.0208935 -0.0203989 -0.0183447 -0.0161608 -0.0133767 -0.00806683 0.000428603 0.0107211 0.0206189 0.0274618 0.0287015 0.0244953 0.0188455 0.0167142 0.0216008 0.0357665 0.0574224 0.07709 0.0844444 0.0778218 
0.159028 0.139868 0.112028 0.0921291 0.0800335 0.0642561 0.039828 0.0135262 -0.00548074 -0.0146481 -0.0170842 -0.0163369 -0.014863 -0.0140003 -0.0126252 -0.00844 -0.00131898 0.00675355 0.0139593 0.0187093 0.0191375 0.0152574 0.0105967 0.00987697 0.016952 0.0351782 0.0649196 0.100309 0.133122 0.155792 
0.263575 0.244271 0.196963 0.150466 0.113587 0.079609 0.0456853 0.0167648 -0.00214783 -0.0108135 -0.0124842 -0.0111711 -0.0102745 -0.0110586 -0.0115051 -0.00892542 -0.00357519 0.00214738 0.00664314 0.00915665 0.00881898 0.00631718 0.00500193 0.00840209 0.0187474 0.0388084 0.0720401 0.120119 0.180077 0.237058 
