0.158132 0.19073 0.204638 0.188321 0.149357 0.108344 0.0785491 0.0586884 0.0432926 0.031152 0.0225367 0.015587 0.00822835 0.000197935 -0.00771165 -0.0146982 -0.0198195 -0.0215772 -0.0186102 -0.0113669 -0.0034374 -0.000694448 -0.00627589 -0.0151099 -0.0164863 -0.00351559 0.0221297 0.0541649 0.0876581 0.121958 
0.168242 0.187565 0.19484 0.181474 0.149801 0.113123 0.0819807 0.0569871 0.0363577 0.0218952 0.0142586 0.00963329 0.00417837 -0.00250941 -0.00918161 -0.0151508 -0.0199536 -0.0222205 -0.0200801 -0.0131446 -0.00437731 0.000480478 -0.0022131 -0.00827754 -0.00704327 0.00978802 0.041376 0.0794174 0.114928 0.144054 
0.171878 0.176592 0.173977 0.160717 0.135576 0.10433 0.0739983 0.0472122 0.0256304 0.0121768 0.00651218 0.00383268 0.000135541 -0.00486678 -0.0100312 -0.0149426 -0.0193953 -0.0221456 -0.0210825 -0.0151527 -0.00653365 -0.000343034 -0.000139888 -0.00253233 0.00226895 0.0225494 0.0575839 0.0982973 0.134122 0.158776 
0.164518 0.160267 0.150346 0.136485 0.116397 0.0905351 0.0627578 0.0371096 0.0176372 0.00698512 0.00318901 0.00122088 -0.00202865 -0.00638433 -0.0108103 -0.0149973 -0.0188369 -0.0213468 -0.0205318 -0.0150344 -0.00655559 0.000288176 0.00241729 0.00305694 0.010794 0.0323387 0.0660504 0.103505 0.135946 0.157261 
0.145213 0.140863 0.130766 0.118249 0.101374 0.0790249 0.0538791 0.0306062 0.0140678 0.00612286 0.00354803 0.00134292 -0.00270971 -0.00780371 -0.0125877 -0.0164915 -0.0193922 -0.0206473 -0.0185528 -0.0116985 -0.00169279 0.00682977 0.0108776 0.0134064 0.0216267 0.0403459 0.0672174 0.0956146 0.120509 0.138378 
0.119405 0.120892 0.117041 0.108382 0.0930096 0.0714031 0.0474428 0.0261108 0.0119167 0.00589731 0.0041416 0.00164558 -0.00335388 -0.00956683 -0.0151545 -0.0190705 -0.0209967 -0.0204677 -0.0159992 -0.00615817 0.00749566 0.0200264 0.0276149 0.0317414 0.0378471 0.0498595 0.0663054 0.0829485 0.0980087 0.11108 
0.0987812 0.105437 0.108115 0.10315 0.0880135 0.0655144 0.0414729 0.021208 0.00864715 0.00403984 0.00302691 0.000685829 -0.00447332 -0.0110155 -0.0169539 -0.0209029 -0.022203 -0.0202922 -0.0137464 -0.00102508 0.0167149 0.0345971 0.0473532 0.0535121 0.05626 0.060173 0.066673 0.0740634 0.0816712 0.0902056 
0.093042 0.0997579 0.103174 0.0983018 0.082387 0.0591094 0.0348484 0.0150771 0.00362765 0.000255978 0.000204313 -0.00133487 -0.0056417 -0.0114101 -0.0168977 -0.020667 -0.0217282 -0.019262 -0.0118865 0.001932 0.0216883 0.0432383 0.0601735 0.0677956 0.0671608 0.0645413 0.0653436 0.0701827 0.0772998 0.0852764 
0.0995021 0.102137 0.100369 0.0919691 0.0749738 0.0520043 0.0280349 0.00826223 -0.00285671 -0.00520606 -0.00374367 -0.00360485 -0.00631556 -0.0107759 -0.0154088 -0.0187769 -0.0196508 -0.0170211 -0.00978077 0.00316043 0.02167 0.0427146 0.0599325 0.0669338 0.0635988 0.0576826 0.0577455 0.0661133 0.0792655 0.0917426 
0.10303 0.101462 0.0941615 0.0828951 0.0665023 0.0453749 0.0222287 0.00194503 -0.00974814 -0.0113924 -0.0078513 -0.00532321 -0.00628809 -0.00974549 -0.0137829 -0.0167149 -0.0171632 -0.0141748 -0.00722334 0.0039092 0.0188824 0.0356397 0.0491443 0.0536042 0.0488305 0.042685 0.0445003 0.0573555 0.0769034 0.0946067 
0.090368 0.0868038 0.0787023 0.0695151 0.0574248 0.0401292 0.0184277 -0.00254436 -0.0153951 -0.0168938 -0.0115331 -0.00680843 -0.0064777 -0.00954032 -0.0133849 -0.0158736 -0.0155916 -0.01189 -0.00494335 0.00453279 0.0156641 0.0270073 0.0353967 0.0371282 0.0326413 0.028451 0.0320635 0.045892 0.0658496 0.0833031 
0.0636523 0.0590679 0.054555 0.0522857 0.0481522 0.0369492 0.0179236 -0.00325792 -0.017706 -0.0204882 -0.0150815 -0.00944558 -0.00839493 -0.0112036 -0.0147836 -0.0166043 -0.0153181 -0.0107159 -0.00362961 0.00457627 0.0127452 0.0199208 0.0245003 0.0249127 0.0224171 0.0216481 0.0268262 0.0382554 0.0520964 0.0620543 
0.0377919 0.0309689 0.0300348 0.035304 0.0402641 0.0368752 0.0223895 0.00212082 -0.0143839 -0.0206077 -0.0178902 -0.0131304 -0.0117482 -0.0139486 -0.0168394 -0.0177108 -0.0153255 -0.00998459 -0.00312672 0.00364528 0.00955527 0.0143784 0.0174041 0.0181751 0.0184241 0.0213684 0.0284179 0.0374621 0.0440399 0.0440917 
0.0262535 0.0161807 0.0151569 0.0239735 0.0358173 0.0404529 0.0320588 0.0139149 -0.00476258 -0.0158922 -0.0178553 -0.0153456 -0.0139478 -0.0153 -0.0173308 -0.0173463 -0.014192 -0.00868383 -0.00280491 0.00192083 0.00561262 0.00908684 0.0120687 0.0139906 0.016192 0.0212174 0.0297226 0.0387349 0.0427765 0.0378608 
0.0312281 0.0191528 0.014293 0.021207 0.0358634 0.0468537 0.0444448 0.0286928 0.00807485 -0.00775893 -0.0143575 -0.014221 -0.0129227 -0.0135555 -0.0150768 -0.0148501 -0.0116583 -0.00667368 -0.00228398 0.000131708 0.00154629 0.00384844 0.0071527 0.0100521 0.0124797 0.0166275 0.0246085 0.0352043 0.0428423 0.0415229 
0.0454658 0.0337565 0.0237304 0.0255334 0.0395767 0.053984 0.055355 0.0407992 0.0184136 -0.000672664 -0.0100772 -0.011118 -0.00958739 -0.00969389 -0.011167 -0.0113232 -0.00871728 -0.00462316 -0.00163104 -0.0010317 -0.00135267 7.25905e-05 0.00373291 0.0072004 0.00848142 0.00935226 0.0144465 0.026202 0.0404948 0.0487268 
0.0582803 0.0482548 0.0341248 0.0309139 0.0427787 0.0576861 0.0599701 0.0451668 0.021512 0.0011807 -0.00866709 -0.00930134 -0.00697955 -0.00648435 -0.00785114 -0.0083238 -0.00628554 -0.00297565 -0.000966132 -0.00134903 -0.00229298 -0.0007544 0.00375644 0.00775866 0.00751649 0.00437369 0.0052351 0.0163313 0.0358815 0.0535358 
0.0601573 0.0515047 0.0354036 0.0290367 0.0384297 0.0520166 0.0538294 0.0390783 0.0159685 -0.00326834 -0.0116669 -0.0108636 -0.00733032 -0.00586336 -0.0065047 -0.00658228 -0.00455793 -0.00165272 -0.000237636 -0.000971515 -0.00157612 0.00108173 0.00704889 0.0118433 0.0105239 0.0040609 0.000643632 0.00896714 0.0292949 0.0510387 
0.0476987 0.0388953 0.0225735 0.0149227 0.022136 0.0341026 0.0362671 0.0239701 0.0044246 -0.0113897 -0.0172715 -0.0148376 -0.0100734 -0.00738408 -0.00680008 -0.00591486 -0.00343366 -0.000578773 0.000560477 -0.000228475 -0.000360457 0.00321294 0.0101831 0.015641 0.014124 0.00615084 -0.000104874 0.00448633 0.0209786 0.0398538 
0.0257624 0.0150091 -0.000835162 -0.00847388 -0.00255274 0.00883452 0.0133279 0.00623804 -0.00721999 -0.0182336 -0.0214737 -0.0179539 -0.0125464 -0.00902674 -0.00746261 -0.00577091 -0.00287374 6.59365e-05 0.00120003 0.000419116 6.87361e-05 0.00293304 0.00898148 0.0140686 0.0131288 0.00610172 -0.000209246 0.0017265 0.0122944 0.0236528 
0.00361962 -0.00937718 -0.0243986 -0.0312543 -0.0256491 -0.013691 -0.00561252 -0.00647939 -0.0134911 -0.0200583 -0.0214453 -0.0177933 -0.0127175 -0.00928416 -0.00756238 -0.00574996 -0.00288304 2.49489e-05 0.00125674 0.000367463 -0.00108806 -0.000728074 0.00227022 0.00556585 0.0053848 0.0011766 -0.00254926 -0.00115542 0.0043418 0.00791252 
-0.011156 -0.024276 -0.0375834 -0.0434713 -0.0383309 -0.026212 -0.0152896 -0.0111428 -0.013315 -0.0170216 -0.0177584 -0.0148386 -0.0108438 -0.00821465 -0.0069989 -0.00565452 -0.00327532 -0.000669286 0.000487842 -0.000788535 -0.00383021 -0.00657142 -0.00723731 -0.00628278 -0.00594146 -0.00699096 -0.00728707 -0.00513949 -0.00255862 -0.00364443 
-0.0169745 -0.0272855 -0.0376522 -0.0427396 -0.0392421 -0.0288359 -0.0172873 -0.0103726 -0.009692 -0.0120175 -0.0130061 -0.0112723 -0.00854462 -0.00677556 -0.00609764 -0.00531023 -0.00359017 -0.00153011 -0.000761054 -0.00269756 -0.00722315 -0.012289 -0.0153941 -0.0158582 -0.0149743 -0.0136979 -0.0116691 -0.00914308 -0.00800457 -0.010288 
-0.0178915 -0.0238918 -0.0304694 -0.0346024 -0.0333774 -0.0261883 -0.0161168 -0.00844845 -0.00627424 -0.00791526 -0.00947952 -0.00899642 -0.00729545 -0.00591244 -0.00525827 -0.00463387 -0.00338908 -0.00192234 -0.00171161 -0.00429719 -0.00969085 -0.0156258 -0.0191755 -0.019377 -0.017498 -0.0149781 -0.0125919 -0.0112376 -0.0116518 -0.0138443 
-0.0186706 -0.0208182 -0.0237218 -0.0265879 -0.0271398 -0.0231625 -0.0154232 -0.00815406 -0.00513781 -0.00615006 -0.00812517 -0.00865645 -0.00756723 -0.00596054 -0.00466076 -0.00362121 -0.00248186 -0.00147638 -0.00176191 -0.0046562 -0.0100135 -0.015389 -0.017801 -0.0165413 -0.0134241 -0.0106539 -0.00965358 -0.0110082 -0.0139034 -0.0166498 
-0.0209101 -0.020779 -0.0213787 -0.0234026 -0.0249866 -0.023093 -0.0171625 -0.0104045 -0.0066072 -0.00663174 -0.00841684 -0.0093932 -0.00847452 -0.00628495 -0.00399815 -0.00222261 -0.000953176 -0.0002872 -0.000936803 -0.00375393 -0.00832941 -0.0122841 -0.012992 -0.0102375 -0.00643351 -0.00443605 -0.00583642 -0.0103957 -0.0159382 -0.0197479 
-0.0237311 -0.0226714 -0.0226466 -0.0247147 -0.0268996 -0.0259007 -0.0208152 -0.0142189 -0.0095168 -0.00813793 -0.00896346 -0.00964705 -0.00857946 -0.0059222 -0.00292677 -0.000617229 0.000715808 0.00106617 0.000153024 -0.00237684 -0.00591789 -0.00841661 -0.00787187 -0.00456526 -0.00122487 -0.000914249 -0.00491372 -0.0119865 -0.0190407 -0.0231557 
-0.0258086 -0.0237735 -0.0234563 -0.0256972 -0.0282285 -0.0277529 -0.0233345 -0.0170378 -0.0117247 -0.00901967 -0.00857249 -0.00856913 -0.00735025 -0.0047287 -0.00172467 0.000590674 0.00177084 0.00182886 0.000779163 -0.00137771 -0.00402171 -0.00560016 -0.00478201 -0.00216822 -0.000383709 -0.00218236 -0.00826613 -0.0165894 -0.0235921 -0.0266184 
-0.0262631 -0.0221683 -0.0205321 -0.0221976 -0.0248761 -0.0253071 -0.0222095 -0.0168878 -0.0116513 -0.00824151 -0.00691433 -0.00644464 -0.0053874 -0.00334549 -0.000956937 0.00091792 0.00179823 0.001655 0.000639681 -0.00108253 -0.00304164 -0.00424682 -0.00396059 -0.00289269 -0.00318885 -0.00688973 -0.0141183 -0.0225077 -0.0284336 -0.0294567 
-0.0254245 -0.0189071 -0.0152713 -0.0157474 -0.0183663 -0.019898 -0.0184301 -0.0143513 -0.00954667 -0.00597959 -0.00438535 -0.00394696 -0.00339523 -0.00219909 -0.000665252 0.000597186 0.00114118 0.000893254 4.01805e-05 -0.00122024 -0.00261968 -0.00366651 -0.00411309 -0.00468216 -0.00688935 -0.0118912 -0.0193501 -0.0270718 -0.0317356 -0.0309403 
-0.0245678 -0.0168572 -0.0118966 -0.0112973 -0.013568 -0.0156151 -0.0150244 -0.0115022 -0.00676066 -0.00308685 -0.00155471 -0.00147772 -0.00156287 -0.00115212 -0.000365139 0.00034288 0.000580724 0.000270779 -0.00040272 -0.00127193 -0.0022324 -0.00313413 -0.00407496 -0.00579407 -0.00928689 -0.0149207 -0.0220239 -0.0288285 -0.0325901 -0.0310063 
-0.0237275 -0.0167108 -0.0118693 -0.0108268 -0.0125414 -0.0142376 -0.0133741 -0.00940587 -0.00412885 -0.000162731 0.00124224 0.000863748 0.000186256 1.25756e-05 0.000293823 0.000618225 0.000638502 0.000299605 -0.000238138 -0.000877026 -0.00162935 -0.00250335 -0.00373553 -0.00604949 -0.0101084 -0.0157384 -0.0220668 -0.0277869 -0.0308802 -0.0294339 
-0.020922 -0.016078 -0.0127008 -0.0119567 -0.0131587 -0.0140534 -0.0123215 -0.00748338 -0.00152812 0.00268776 0.00388013 0.00300718 0.00178832 0.00117177 0.00113157 0.00124547 0.00119295 0.000930231 0.000543693 4.04517e-06 -0.000800711 -0.00189606 -0.00344365 -0.00600889 -0.00998185 -0.0148806 -0.0197995 -0.023899 -0.0259922 -0.0249031 
-0.0147787 -0.0129966 -0.0119235 -0.0119209 -0.0126861 -0.012754 -0.0102707 -0.00490712 0.0012527 0.0053101 0.00606866 0.00464555 0.00291307 0.00191496 0.00164028 0.00166311 0.00169195 0.00166947 0.00154941 0.00111751 0.000151096 -0.00133095 -0.00326821 -0.00586712 -0.00915673 -0.0125014 -0.0151806 -0.0169113 -0.0174384 -0.0165671 
-0.0073407 -0.00885573 -0.0101123 -0.0106552 -0.0108054 -0.0101522 -0.00738646 -0.00220386 0.0034653 0.00691538 0.00711726 0.00524571 0.00316325 0.00191412 0.00149562 0.00150661 0.0017037 0.00201958 0.00227348 0.00205243 0.000989982 -0.000869126 -0.00317733 -0.00562772 -0.00780621 -0.00906328 -0.00909391 -0.00826477 -0.00721173 -0.0066876 
-0.00318842 -0.00738144 -0.0101159 -0.0104482 -0.00958083 -0.00824431 -0.00558309 -0.0010915 0.00372496 0.00652371 0.0064167 0.0044801 0.00241803 0.00120402 0.000830646 0.000921263 0.00128111 0.00186561 0.00243901 0.00245697 0.00139962 -0.000719254 -0.00329185 -0.00550928 -0.00660092 -0.00606572 -0.0041179 -0.00166956 7.75459e-05 -0.000213699 
-0.00513254 -0.0106997 -0.0136569 -0.0129604 -0.010673 -0.00849591 -0.00592022 -0.00213928 0.00191786 0.00435302 0.0043452 0.00274799 0.00104667 0.000142202 1.96069e-05 0.000287451 0.000752445 0.00140709 0.00206904 0.00220796 0.00122658 -0.00094395 -0.00359521 -0.00565167 -0.0062263 -0.00505518 -0.00272133 -0.000323458 0.000883606 -0.000540583 
-0.0112147 -0.0167976 -0.019019 -0.0169191 -0.0130489 -0.00973134 -0.00684096 -0.00346763 -1.7261e-05 0.0021332 0.00228962 0.0010872 -0.000221156 -0.000807484 -0.000682405 -0.00026431 0.000209849 0.000747052 0.00127662 0.00141323 0.000588196 -0.00139794 -0.00396439 -0.00606422 -0.00687627 -0.00629531 -0.00496624 -0.00380681 -0.00376323 -0.00607925 
-0.0168507 -0.0217012 -0.0229911 -0.019755 -0.0144955 -0.00981327 -0.00615896 -0.0029277 -0.000179926 0.00136272 0.00135474 0.000307526 -0.000811598 -0.00132127 -0.0012169 -0.000874907 -0.000532092 -0.000169288 0.000229726 0.000394043 -0.000241003 -0.00203357 -0.00458816 -0.00695733 -0.00839401 -0.00882396 -0.0087404 -0.0087577 -0.00951821 -0.0120635 
-0.0193229 -0.0233962 -0.0241911 -0.0204884 -0.0142724 -0.00822329 -0.00361261 -0.00049208 0.0013211 0.00191168 0.0014561 0.000374387 -0.000731589 -0.00139917 -0.00159793 -0.00157398 -0.00144936 -0.00112991 -0.000590891 -0.000211719 -0.000744815 -0.0026623 -0.0055066 -0.00822543 -0.0101266 -0.0112212 -0.0118421 -0.0123184 -0.0131402 -0.0152959 
-0.0192857 -0.0228453 -0.0236791 -0.0200695 -0.0132332 -0.00590352 -0.000347249 0.00257862 0.00332647 0.00289071 0.00197692 0.000831123 -0.000351729 -0.00128976 -0.0018791 -0.0021963 -0.00217698 -0.00159936 -0.000527695 0.000304747 -0.000216833 -0.00257066 -0.00592316 -0.00891509 -0.0109994 -0.0124772 -0.0135658 -0.014194 -0.0146717 -0.0160988 
-0.0188634 -0.0222141 -0.023439 -0.0201095 -0.0126785 -0.00402677 0.00254932 0.00538512 0.00519696 0.00389122 0.00266215 0.00149905 0.000175138 -0.00111755 -0.00209704 -0.00262725 -0.00246892 -0.00132889 0.000540195 0.00196794 0.00148094 -0.00133451 -0.00521854 -0.00853142 -0.010948 -0.013103 -0.0150215 -0.016008 -0.0160356 -0.0165081 
-0.018846 -0.0222043 -0.0240727 -0.021153 -0.0132354 -0.00338584 0.00425279 0.00732508 0.00665451 0.00484754 0.00353487 0.00247469 0.0010202 -0.000701088 -0.00213635 -0.00285195 -0.00245749 -0.000695582 0.00194388 0.00393817 0.00355223 0.00037127 -0.00412308 -0.00811993 -0.0113734 -0.0146202 -0.0175975 -0.0189485 -0.0182614 -0.0174213 
-0.0171999 -0.0204846 -0.0231708 -0.0211447 -0.0135774 -0.00349543 0.00459133 0.00795099 0.0072983 0.00546592 0.00432903 0.0035249 0.00206934 -9.24766e-06 -0.0019107 -0.00287868 -0.00237353 -0.000197434 0.00299046 0.00546462 0.00525688 0.00176699 -0.00350896 -0.00855378 -0.012894 -0.0171088 -0.0206959 -0.021822 -0.0197904 -0.017065 
-0.0111045 -0.0139551 -0.0175331 -0.0171572 -0.0113727 -0.00277881 0.00436954 0.00742154 0.00688162 0.00529251 0.00444864 0.00394815 0.00263117 0.000427213 -0.00172708 -0.00286087 -0.00232704 7.28687e-05 0.00366873 0.00666133 0.00679018 0.00309475 -0.0029663 -0.00902043 -0.0141772 -0.0188223 -0.0222965 -0.0223618 -0.0181488 -0.0128252 
-0.000747215 -0.00299731 -0.00779033 -0.0098941 -0.0070679 -0.00121848 0.00396823 0.00615547 0.00561057 0.00429961 0.00369078 0.00336795 0.00216525 2.38419e-08 -0.00212463 -0.00317704 -0.00250058 0.000151151 0.00423251 0.00793559 0.00863287 0.00492329 -0.00171109 -0.00843548 -0.0140022 -0.0187699 -0.021875 -0.0204333 -0.0133813 -0.00480739 
0.0105348 0.00847524 0.00149038 -0.00412943 -0.00481859 -0.0016434 0.00205822 0.00393029 0.00378957 0.00294704 0.00252421 0.00217234 0.000901147 -0.00126055 -0.00326475 -0.0041096 -0.00318804 -0.000196306 0.00448292 0.00904787 0.0104975 0.0069885 4.65452e-05 -0.00705677 -0.0128958 -0.0179749 -0.0210815 -0.0183175 -0.00824187 0.00396192 
0.0204641 0.0179688 0.0075263 -0.0027908 -0.00730994 -0.00605916 -0.00248863 0.000340436 0.0014283 0.00147164 0.0013665 0.000928889 -0.000516855 -0.0027522 -0.00471881 -0.00547064 -0.00441757 -0.00117388 0.00402303 0.0093876 0.0116135 0.00841563 0.00127335 -0.0061661 -0.0123605 -0.0180223 -0.0215228 -0.0177628 -0.00472086 0.0113238 
0.0313659 0.0283908 0.0138511 -0.0019514 -0.0106864 -0.0111884 -0.00735624 -0.00339575 -0.0011452 -0.000210124 0.000186981 -0.000139276 -0.00166169 -0.00396051 -0.00596196 -0.00678577 -0.00582631 -0.00255771 0.00295748 0.00897178 0.0118913 0.00890204 0.00132743 -0.00670991 -0.0133243 -0.0193397 -0.0228086 -0.01762 -0.00119963 0.0192034 
0.0481702 0.0455076 0.0273154 0.00601578 -0.0073479 -0.0104192 -0.00764593 -0.00428708 -0.00250251 -0.0016279 -0.000951424 -0.00106739 -0.00258708 -0.0049268 -0.00693332 -0.00782512 -0.0070415 -0.00387837 0.00186972 0.00852537 0.0121523 0.00931916 0.0011561 -0.00762148 -0.0144926 -0.0201064 -0.0222452 -0.0142609 0.00656742 0.0321359 
0.0706097 0.0688957 0.0481208 0.0221933 0.00447214 -0.00165839 -0.00120132 -0.00020097 -0.00067084 -0.00130361 -0.00132729 -0.00180619 -0.00360733 -0.00605991 -0.00798209 -0.00877787 -0.00802331 -0.00486331 0.00120529 0.00860909 0.0131533 0.0109554 0.00295176 -0.00583596 -0.0123822 -0.0168839 -0.0166899 -0.00502596 0.0204216 0.0508122 
0.0882232 0.0865626 0.0641997 0.0355893 0.0155414 0.00806469 0.0075275 0.00708088 0.00462068 0.00186668 -7.30112e-05 -0.00206904 -0.00481243 -0.00759036 -0.00942209 -0.0100083 -0.00906706 -0.00566208 0.00087085 0.00905814 0.0147571 0.014078 0.00773153 0.000405572 -0.00488286 -0.00791888 -0.00569297 0.00830497 0.035703 0.067462 
0.0882176 0.0846357 0.0616894 0.0331859 0.0140804 0.0084885 0.0102821 0.0117676 0.0100288 0.00640671 0.00242772 -0.001762 -0.00599799 -0.0093949 -0.0113051 -0.0117533 -0.0105319 -0.00670068 0.000343249 0.00916106 0.0159692 0.017304 0.0136929 0.00911989 0.00620537 0.00505483 0.00811245 0.0208631 0.0445339 0.0713716 
0.0694642 0.0633697 0.0414327 0.015506 -0.000448771 -0.00238689 0.00364219 0.00956738 0.0113309 0.00907087 0.00431373 -0.00157775 -0.0072194 -0.0113217 -0.0134479 -0.0138596 -0.0124026 -0.00822168 -0.000897268 0.00814355 0.0155775 0.0185309 0.0175824 0.0162865 0.016796 0.0182162 0.0209738 0.0287228 0.043149 0.0598004 
0.0450759 0.0385906 0.0194311 -0.00329502 -0.0165892 -0.0158838 -0.00660388 0.00321326 0.00861878 0.00846496 0.00395867 -0.00264614 -0.00895895 -0.0133425 -0.0154735 -0.0157476 -0.0141146 -0.00989729 -0.00279367 0.00591125 0.0132516 0.0166931 0.0170448 0.0181141 0.0219374 0.0261374 0.0283453 0.0301878 0.0345232 0.041153 
0.0310644 0.0268872 0.0107055 -0.0109414 -0.0246853 -0.0239458 -0.013285 -0.00139188 0.00572236 0.0062727 0.00167633 -0.00509143 -0.0112195 -0.0152067 -0.0169614 -0.0169258 -0.0151458 -0.0111446 -0.00459879 0.00348451 0.0102199 0.0128173 0.0121612 0.0129481 0.0180255 0.02434 0.0273412 0.0268006 0.026172 0.0282899 
0.0347677 0.0329643 0.0174349 -0.0071188 -0.0256546 -0.0278325 -0.0168221 -0.00320362 0.00477773 0.00492092 -0.000371739 -0.00720072 -0.0127492 -0.0161193 -0.0175806 -0.0174665 -0.01571 -0.0118948 -0.00562716 0.00225608 0.00859459 0.0098244 0.00654797 0.00449334 0.00825023 0.0157954 0.0219672 0.0247607 0.0263836 0.0300294 
0.0522929 0.0501478 0.0319246 0.00124075 -0.0252243 -0.0327533 -0.0221541 -0.00597885 0.00428583 0.00518955 -0.000133187 -0.00677444 -0.0118283 -0.0150051 -0.0168902 -0.0174885 -0.0162347 -0.0124522 -0.00570988 0.00299702 0.00997419 0.0107721 0.005375 -1.32736e-05 0.00105385 0.00896288 0.0196115 0.0295136 0.0379562 0.0459411 
0.0727686 0.068029 0.0454594 0.00837182 -0.025954 -0.0395909 -0.0304967 -0.0117858 0.00228684 0.00610106 0.00232669 -0.00354116 -0.00822032 -0.0116611 -0.0146178 -0.0166714 -0.0164699 -0.0127222 -0.00493923 0.00540552 0.0139388 0.015511 0.00937861 0.00147797 -0.00050963 0.00651251 0.0205246 0.0374226 0.0534003 0.066017 
0.0860658 0.0798088 0.0543307 0.0132597 -0.0262672 -0.0449368 -0.0383098 -0.0185259 -0.00110943 0.00619463 0.00473904 -2.13444e-05 -0.00434601 -0.00801475 -0.011832 -0.0151922 -0.0161308 -0.012643 -0.00405465 0.00762846 0.0173526 0.0195859 0.0131766 0.00356744 -0.00114901 0.00391669 0.0186697 0.0394867 0.061025 0.0780461 
0.090411 0.0863013 0.0612081 0.018987 -0.0232333 -0.045668 -0.0422342 -0.0234566 -0.00487278 0.00443426 0.00454543 0.00048704 -0.00365386 -0.00717112 -0.0108447 -0.0143855 -0.0158968 -0.0130111 -0.00474121 0.00677752 0.0162508 0.0182033 0.0115179 0.00131255 -0.00455545 -0.000934291 0.0127711 0.0339306 0.0578552 0.0787204 
0.0927736 0.094097 0.0720189 0.0298916 -0.0144779 -0.0405653 -0.0411375 -0.0252247 -0.00779491 0.0014647 0.00174616 -0.00243177 -0.00675131 -0.0098789 -0.0125132 -0.0150673 -0.0164357 -0.0145125 -0.00802456 0.0014687 0.00936056 0.010675 0.00425514 -0.00513257 -0.00993873 -0.00561189 0.00769627 0.0277634 0.0517819 0.0756235 
0.101006 0.109166 0.0909213 0.0485263 0.00114598 -0.0291917 -0.0342879 -0.0221497 -0.00718913 0.000586406 -0.000179917 -0.00522633 -0.0100593 -0.0129435 -0.0145648 -0.0160076 -0.0171421 -0.0165413 -0.0128427 -0.00656292 -0.000789684 0.000257023 -0.00518714 -0.0131135 -0.0158825 -0.0091504 0.00567529 0.0258833 0.0503868 0.0774782 
0.115619 0.130958 0.116693 0.0737119 0.0226629 -0.0122175 -0.0215485 -0.0128579 -0.000543231 0.00499883 0.00229005 -0.00412038 -0.00962445 -0.0126887 -0.0142476 -0.0156667 -0.0172862 -0.0182394 -0.0173052 -0.0141304 -0.0102059 -0.00897422 -0.0131396 -0.0198839 -0.021416 -0.0128653 0.00388477 0.0257664 0.0528367 0.0848793 
0.129853 0.152681 0.143587 0.101479 0.0475991 0.00857143 -0.00451549 0.00117958 0.0109428 0.0140098 0.00907642 0.00122461 -0.00500464 -0.00880946 -0.0115617 -0.0144014 -0.0173459 -0.0196033 -0.0202316 -0.0187022 -0.0157085 -0.0141875 -0.0174067 -0.0235364 -0.02507 -0.0166697 0.000349314 0.0235944 0.05402 0.0917531 
0.13809 0.16857 0.166972 0.129056 0.0748988 0.0327159 0.0155562 0.0172402 0.0235636 0.0240559 0.017407 0.00850962 0.00142954 -0.0037191 -0.0085133 -0.0135045 -0.0179215 -0.020643 -0.0209909 -0.0189703 -0.015696 -0.0142497 -0.0177463 -0.0242027 -0.0263361 -0.0189898 -0.00292501 0.0204547 0.0527332 0.0941976 
0.142141 0.179034 0.186264 0.155679 0.104388 0.0605209 0.0385691 0.0339962 0.0346589 0.0318508 0.0241698 0.0149454 0.00699329 0.000183952 -0.00664963 -0.0134007 -0.0186891 -0.0210239 -0.019793 -0.0157199 -0.0111678 -0.0101339 -0.0152868 -0.0232257 -0.0259032 -0.0184604 -0.00203324 0.021703 0.0539855 0.0956975 
0.14803 0.186745 0.200442 0.177939 0.132044 0.0884916 0.0619395 0.0495276 0.0422506 0.0348326 0.0264344 0.0178243 0.00957335 0.00153717 -0.00648576 -0.0138965 -0.0193006 -0.0210898 -0.0184034 -0.0121893 -0.00588275 -0.00466891 -0.011171 -0.0205223 -0.0231223 -0.0135808 0.00625928 0.0327391 0.0649163 0.103835 
