0.499489 0.393411 0.257635 0.152755 0.0874703 0.0475023 0.0202631 0.000505908 -0.0104709 -0.0126997 -0.0120174 -0.0130191 -0.0147407 -0.0157164 -0.016542 -0.0171442 -0.0158037 -0.010006 0.000655309 0.00966166 0.008369 -0.000516789 -0.0052698 -0.0021202 0.0058677 0.0282422 0.0915557 0.216037 0.377967 0.497537 
0.421765 0.330296 0.215134 0.127815 0.0746416 0.0428562 0.0208653 0.00381842 -0.00576137 -0.00694804 -0.0065998 -0.0107094 -0.0170585 -0.0210041 -0.0215859 -0.0199852 -0.0166934 -0.0104345 -0.000541616 0.00787048 0.00748348 -0.00022915 -0.00733367 -0.0112522 -0.0113941 0.00408078 0.0587198 0.169403 0.313906 0.419973 
0.282934 0.225908 0.150017 0.0898646 0.0527445 0.0321146 0.0189252 0.00798675 0.00122998 0.000271066 -0.000834052 -0.00809076 -0.0183714 -0.0246978 -0.0251374 -0.0223024 -0.0183722 -0.0124873 -0.00338682 0.00535026 0.00792745 0.00395612 -0.00384905 -0.0147942 -0.0241009 -0.0179517 0.0203617 0.0992255 0.201065 0.276801 
0.148949 0.125457 0.0871846 0.0520899 0.0292036 0.0185614 0.0137402 0.00884824 0.00458295 0.00367882 0.00239954 -0.00512758 -0.0163993 -0.023717 -0.0244644 -0.0217922 -0.0184707 -0.0135724 -0.00543584 0.0036156 0.00934573 0.010117 0.00440127 -0.00930797 -0.0242943 -0.0263 -0.00492152 0.0402011 0.0965101 0.139579 
0.0537657 0.0539374 0.0426088 0.0264667 0.0150016 0.0120028 0.0135002 0.0136571 0.0113686 0.00967571 0.00775616 0.000803199 -0.0103062 -0.0188132 -0.0212538 -0.0197824 -0.0169697 -0.0123813 -0.00488098 0.00393341 0.0115625 0.0166752 0.0158209 0.00514986 -0.010509 -0.0191252 -0.0137752 0.0028811 0.0237205 0.0423298 
0.00246391 0.0176381 0.0227297 0.0188765 0.0155702 0.0183959 0.0254057 0.030623 0.0299397 0.0252011 0.0189814 0.00972121 -0.00269218 -0.0135355 -0.0187661 -0.0187436 -0.0156848 -0.0104861 -0.00331117 0.0047821 0.0133891 0.0225917 0.0283921 0.0243948 0.0111301 -0.00298667 -0.0116971 -0.0160553 -0.017623 -0.0121897 
-0.0125327 0.0110144 0.0234767 0.0246309 0.025087 0.0320595 0.0441346 0.0535435 0.0529654 0.0428743 0.0291528 0.0151021 0.00110713 -0.0108603 -0.0176541 -0.0183767 -0.014816 -0.00913728 -0.00264582 0.00442275 0.0138423 0.0268573 0.0386651 0.0405312 0.0293709 0.0110563 -0.00715002 -0.0231202 -0.0342539 -0.0318485 
-0.00561412 0.0187912 0.0302005 0.0300573 0.0305144 0.0392675 0.0532252 0.0625429 0.059586 0.0452152 0.0269704 0.0113499 -0.000679008 -0.0100845 -0.0157525 -0.0162366 -0.0125416 -0.00719745 -0.00189372 0.00402907 0.0137786 0.028781 0.0431891 0.0472383 0.0367165 0.0166083 -0.00490483 -0.0231889 -0.0336325 -0.0280103 
0.0120014 0.029419 0.0331362 0.0278119 0.0252727 0.0312346 0.0405952 0.0442156 0.0381366 0.0250286 0.0111121 0.00157704 -0.00383458 -0.00816014 -0.0114775 -0.0117085 -0.00866846 -0.00421392 0.000184433 0.00527893 0.0141739 0.0280145 0.0411087 0.0446125 0.0350302 0.0169489 -0.00179938 -0.0155251 -0.0194108 -0.00897285 
0.0380808 0.0440678 0.0369418 0.0244072 0.0157395 0.0134145 0.0125303 0.00809777 0.0010655 -0.0049486 -0.00747256 -0.00605568 -0.0036043 -0.00366182 -0.00581311 -0.00703565 -0.00576593 -0.00243084 0.00193675 0.00692409 0.0139606 0.0241867 0.034063 0.0371287 0.0308136 0.0189286 0.00790551 0.00295987 0.00777848 0.0221765 
0.0691729 0.0644823 0.0462729 0.0249987 0.00859917 -0.00257472 -0.0123457 -0.0217396 -0.0268625 -0.0246214 -0.0163485 -0.00621665 0.000799286 0.00190264 -0.00126925 -0.00485298 -0.00611218 -0.00403109 0.000719665 0.00605373 0.0111707 0.0175642 0.0248786 0.0291191 0.0278264 0.0239979 0.0227974 0.0278097 0.0408064 0.0582111 
0.0934749 0.0821533 0.054235 0.0232629 0.000306971 -0.0136387 -0.023333 -0.0303649 -0.0314129 -0.0242542 -0.0117386 0.00021473 0.00652255 0.00564592 7.81522e-05 -0.00597547 -0.00932558 -0.00838772 -0.00368451 0.00173213 0.00564835 0.0100154 0.0168794 0.0233194 0.0260257 0.0277919 0.0337083 0.0458779 0.0644572 0.0844465 
0.0990684 0.084741 0.050291 0.0120031 -0.0138934 -0.0237103 -0.0242886 -0.0218039 -0.0169726 -0.00880606 0.00102346 0.00839353 0.0100579 0.00573603 -0.00192343 -0.00910777 -0.0131575 -0.0129395 -0.00894979 -0.00407809 -0.00067193 0.00351732 0.0113543 0.019728 0.0242071 0.0272954 0.0344535 0.0479786 0.0682511 0.0898996 
0.0855173 0.0696988 0.0336217 -0.00524486 -0.029054 -0.0324495 -0.0225152 -0.00906593 0.00202255 0.00948734 0.013764 0.0142905 0.0104272 0.00307283 -0.00534374 -0.012041 -0.0155179 -0.0154739 -0.0123762 -0.00838535 -0.00541722 -0.0014744 0.00613429 0.0148037 0.0202881 0.0235626 0.0284187 0.038299 0.0561732 0.0770612 
0.0624626 0.0470093 0.015041 -0.0167912 -0.03414 -0.0331734 -0.0190172 -0.00056023 0.0137941 0.0204613 0.0208417 0.0167719 0.00936958 0.000489315 -0.00760803 -0.0131953 -0.0157137 -0.0153922 -0.0127383 -0.00939098 -0.00708416 -0.00475873 -0.000202823 0.00609373 0.0122369 0.0172504 0.0207674 0.0258949 0.0386365 0.0559353 
0.0369038 0.0256029 0.00298112 -0.0169242 -0.0251249 -0.0216289 -0.00983986 0.00559711 0.0180434 0.0232945 0.0223747 0.0172712 0.00918929 0.000191894 -0.00749552 -0.0125322 -0.0145069 -0.013712 -0.0108669 -0.00757116 -0.00566309 -0.00513561 -0.00442593 -0.00201812 0.00299461 0.00890252 0.0118566 0.0131196 0.0197605 0.0317229 
0.0117256 0.00709738 -0.00454324 -0.012494 -0.0111585 -0.00410651 0.00483907 0.0145874 0.0223077 0.0250134 0.0232895 0.0184592 0.0108974 0.00207389 -0.00578816 -0.0110729 -0.0130631 -0.0119664 -0.00870188 -0.00494471 -0.00249278 -0.0017978 -0.002024 -0.00158365 0.0010968 0.00445757 0.00429955 0.00105977 0.00114437 0.00704613 
-0.00575951 -0.00519113 -0.00959263 -0.0107016 -0.00289044 0.00884147 0.0184935 0.0254682 0.0295763 0.0294619 0.0258927 0.0202917 0.0127514 0.00400456 -0.00399525 -0.00948649 -0.0117224 -0.0109143 -0.00781136 -0.00372064 7.14242e-05 0.00333177 0.00620227 0.00859078 0.0103514 0.00984865 0.00468057 -0.00376787 -0.009912 -0.00971981 
-0.00909927 -0.00642666 -0.00883602 -0.00936647 -0.000313401 0.0140246 0.0254674 0.031965 0.0342865 0.0321317 0.0264011 0.0192122 0.0115015 0.00366753 -0.0031955 -0.00793334 -0.010233 -0.0103514 -0.00850958 -0.0051007 -0.000355652 0.00610418 0.0136966 0.0200192 0.0225687 0.0198508 0.0118582 0.000957566 -0.00853092 -0.0120458 
-0.00171808 0.00159438 -0.00106651 -0.00415624 0.00160699 0.0138369 0.0238869 0.0287972 0.0299745 0.0275148 0.0213407 0.0134832 0.00618457 0.000216957 -0.00429703 -0.00726554 -0.00901865 -0.00996893 -0.00995566 -0.00839501 -0.00417498 0.00392342 0.014734 0.023795 0.0268537 0.0234648 0.0162927 0.00777961 -0.000326137 -0.0043017 
0.00753216 0.0110173 0.0079946 0.00217906 0.00269159 0.00935389 0.0150256 0.0170864 0.0176825 0.0168966 0.0127103 0.00576073 -0.000838699 -0.00520826 -0.00743675 -0.00826905 -0.00870852 -0.00959462 -0.010889 -0.0114647 -0.00912922 -0.00185109 0.00914831 0.0184417 0.0210621 0.017839 0.0134987 0.0100132 0.00635164 0.00449668 
0.0117296 0.0141005 0.0103846 0.00290108 -0.000626258 0.00139083 0.00393169 0.00459799 0.00551469 0.00676131 0.00505285 -0.000424375 -0.00640055 -0.00994231 -0.0107354 -0.00986563 -0.00881 -0.00889343 -0.0105016 -0.0124931 -0.0123295 -0.00767444 0.000704128 0.00807261 0.0101726 0.00847468 0.00771676 0.0087204 0.00886822 0.00894689 
0.00949472 0.00914816 0.00468654 -0.00250506 -0.00683439 -0.00580715 -0.0027821 -0.000971674 0.00045592 0.00187912 0.000725643 -0.00386316 -0.00896771 -0.0117429 -0.0118243 -0.0102481 -0.00841258 -0.00775066 -0.00898956 -0.0113019 -0.0125188 -0.0106765 -0.00606039 -0.00167572 1.10557e-05 0.000709666 0.00362682 0.00771939 0.00943671 0.00913484 
0.00466969 0.00106598 -0.00316927 -0.00762023 -0.00969315 -0.00710186 -0.00189571 0.00175472 0.00284901 0.00220168 -0.00058635 -0.0050616 -0.00888427 -0.010517 -0.0102625 -0.00893553 -0.00732178 -0.00647312 -0.00717488 -0.00893535 -0.0102158 -0.00977644 -0.00784094 -0.00610067 -0.00542299 -0.00363425 0.001574 0.00777057 0.0101688 0.00815721 
0.0012112 -0.00458815 -0.00765709 -0.00840744 -0.00745173 -0.00348861 0.00277712 0.00724951 0.00753316 0.00448885 -0.000272575 -0.0047978 -0.00729999 -0.00776028 -0.00735629 -0.00674995 -0.00601423 -0.00555586 -0.00592808 -0.00677964 -0.00705932 -0.00623689 -0.00493232 -0.00456116 -0.00535929 -0.00462466 0.000304849 0.00709852 0.0102244 0.00743318 
-0.00100557 -0.00660586 -0.00819767 -0.00674033 -0.00478084 -0.00158228 0.00373237 0.00822895 0.00870212 0.00518316 -1.71182e-05 -0.00407962 -0.00549121 -0.00510113 -0.00466739 -0.00483859 -0.00515845 -0.00541128 -0.00582927 -0.00603447 -0.00519424 -0.00326636 -0.00134851 -0.000995369 -0.00241617 -0.00305499 -0.000204483 0.0047828 0.00747639 0.00511494 
-0.00538816 -0.00829439 -0.00795864 -0.00613378 -0.00558825 -0.00501443 -0.00183959 0.00257904 0.00461367 0.00279731 -0.00109313 -0.00404672 -0.00456362 -0.00367065 -0.00326525 -0.00395937 -0.00498999 -0.00580848 -0.00652288 -0.00674249 -0.00563603 -0.00325619 -0.000774487 0.000415984 2.90754e-05 -0.000506525 0.000127399 0.00121563 0.00103401 -0.00139148 
-0.0133908 -0.0128213 -0.0102339 -0.00858456 -0.00995275 -0.0118738 -0.010547 -0.006141 -0.00239071 -0.00197698 -0.00388247 -0.00532884 -0.0050094 -0.00387006 -0.00347209 -0.00416964 -0.00514307 -0.00594825 -0.00684542 -0.00753516 -0.00711246 -0.00534192 -0.00292152 -0.000724204 0.000832034 0.0015364 0.000561048 -0.00278071 -0.00741791 -0.0113674 
-0.0213773 -0.0188761 -0.0150424 -0.0136039 -0.0158515 -0.0186615 -0.0180666 -0.0138448 -0.00948704 -0.00783168 -0.00804095 -0.00780326 -0.00651198 -0.00517018 -0.00469213 -0.00494818 -0.00524575 -0.00553013 -0.00629998 -0.007347 -0.00771821 -0.00684546 -0.00487269 -0.00219273 0.000650868 0.00222883 0.000208529 -0.00616372 -0.0142007 -0.0199589 
-0.0249149 -0.0227266 -0.0193727 -0.0182307 -0.0201595 -0.0225569 -0.0222788 -0.0189934 -0.0153154 -0.013361 -0.0122703 -0.0104516 -0.00817127 -0.00656861 -0.0059465 -0.0057172 -0.00534431 -0.00511087 -0.00563168 -0.00668681 -0.00728538 -0.00675826 -0.00515119 -0.00278451 -0.000172586 0.00109365 -0.00145791 -0.00840729 -0.0169378 -0.0231505 
-0.0235262 -0.0225881 -0.0204727 -0.0195152 -0.0205813 -0.0224563 -0.0231088 -0.0216397 -0.0191002 -0.0168034 -0.014516 -0.011683 -0.00900378 -0.00739526 -0.00672238 -0.00623621 -0.00557058 -0.00513982 -0.00552303 -0.00644335 -0.0068733 -0.00618935 -0.00469083 -0.00297951 -0.0015105 -0.00130871 -0.0039682 -0.00966205 -0.0163498 -0.0214777 
-0.0201098 -0.0198797 -0.018565 -0.0175049 -0.0176742 -0.0192686 -0.02121 -0.0217324 -0.02016 -0.0172816 -0.0140517 -0.0110719 -0.00891228 -0.00776758 -0.00716523 -0.00653602 -0.0057922 -0.00537384 -0.00573454 -0.00654317 -0.00679213 -0.00594725 -0.00452536 -0.00339218 -0.00306146 -0.00402158 -0.0067672 -0.0108782 -0.015121 -0.0184429 
-0.0175802 -0.017109 -0.0157674 -0.0141943 -0.0133307 -0.0143885 -0.0171635 -0.0193631 -0.0189205 -0.0160406 -0.0125781 -0.0101077 -0.0089213 -0.00835816 -0.00768272 -0.00671473 -0.00578468 -0.00539045 -0.00578752 -0.00648999 -0.00655752 -0.00569094 -0.00459112 -0.0041937 -0.00503185 -0.00726187 -0.0104707 -0.0135351 -0.0156556 -0.0169848 
-0.0161215 -0.0147516 -0.0127113 -0.0102786 -0.00830564 -0.00859467 -0.0117372 -0.0154476 -0.0167357 -0.014916 -0.01198 -0.010157 -0.00970149 -0.00936662 -0.00826106 -0.00664354 -0.00532648 -0.00492288 -0.00542423 -0.00602879 -0.00583347 -0.00492162 -0.00429691 -0.00492709 -0.00722083 -0.010936 -0.0148757 -0.0172845 -0.0176085 -0.016963 
-0.0144629 -0.0120748 -0.00916483 -0.00606687 -0.00349259 -0.00323256 -0.00637851 -0.0111351 -0.0142048 -0.0139751 -0.0119563 -0.0106437 -0.0104749 -0.00999908 -0.00829325 -0.00596515 -0.00421215 -0.00376292 -0.00438662 -0.00496473 -0.00456864 -0.00357151 -0.00326874 -0.00477293 -0.00841109 -0.0134315 -0.0178849 -0.0196666 -0.0186037 -0.016501 
-0.0129655 -0.010154 -0.00690945 -0.00394017 -0.00164099 -0.00104054 -0.00329167 -0.0075606 -0.0111331 -0.0119877 -0.0109027 -0.0100865 -0.0100609 -0.00945436 -0.00741812 -0.0047055 -0.00266014 -0.00210444 -0.00279109 -0.00348975 -0.00320142 -0.00231292 -0.0021895 -0.00409619 -0.00838317 -0.0138791 -0.0181562 -0.0192646 -0.0176166 -0.015244 
-0.0127639 -0.0106293 -0.00799508 -0.00591167 -0.00438255 -0.0033464 -0.00369226 -0.00568898 -0.00791018 -0.00873551 -0.00832657 -0.00807695 -0.0083132 -0.00789019 -0.00605941 -0.00346633 -0.0013659 -0.000692697 -0.00141644 -0.00241082 -0.00260779 -0.0022075 -0.00238169 -0.00429491 -0.00820506 -0.0128447 -0.0160671 -0.016642 -0.0154123 -0.0140613 
-0.0135633 -0.0127882 -0.0112092 -0.0100267 -0.00900171 -0.00728282 -0.00553981 -0.00491002 -0.00517975 -0.00538457 -0.00527319 -0.00539631 -0.00588332 -0.0058913 -0.00470117 -0.0026269 -0.000703947 -3.11762e-05 -0.000876664 -0.00223936 -0.00300182 -0.00319096 -0.00369026 -0.00528439 -0.0079147 -0.0106146 -0.0123755 -0.0129149 -0.0128971 -0.013229 
-0.0145915 -0.0145473 -0.0131462 -0.0118975 -0.0105947 -0.00795115 -0.00466615 -0.00267388 -0.00243449 -0.00284662 -0.00298016 -0.0030071 -0.00336849 -0.00369348 -0.00323636 -0.00184886 -0.000303568 0.00011907 -0.00102499 -0.00265239 -0.00356316 -0.00380674 -0.00424556 -0.00539923 -0.00679873 -0.0077978 -0.00867213 -0.00983802 -0.0112707 -0.0130557 
-0.0155474 -0.0149267 -0.0120578 -0.00912482 -0.0064711 -0.00267786 0.00144052 0.00306459 0.00144786 -0.00101875 -0.00198166 -0.0016153 -0.00135115 -0.00159733 -0.0016297 -0.000857006 0.000172827 8.4057e-05 -0.00148328 -0.00312516 -0.0035232 -0.00298624 -0.0028495 -0.00385951 -0.00519993 -0.00601946 -0.00710466 -0.0091189 -0.0114649 -0.0138243 
-0.0144706 -0.0130425 -0.00825352 -0.00263167 0.00235281 0.00743825 0.011582 0.0114447 0.00638616 0.000529922 -0.00201153 -0.00144136 -0.000436116 -0.000353392 -0.000562551 -0.000194284 0.000303509 -0.000371362 -0.00224798 -0.00356881 -0.00297459 -0.00114006 -9.00748e-05 -0.00112303 -0.00327616 -0.00506719 -0.00684375 -0.00911491 -0.011231 -0.0131372 
-0.00739714 -0.00621485 -0.00115487 0.00606547 0.0131079 0.0191363 0.0224225 0.0198275 0.0113753 0.00235741 -0.00200607 -0.00180822 -0.000551365 -0.000324591 -0.000616752 -0.000521882 -0.000525981 -0.00169092 -0.00361062 -0.00436313 -0.00273619 0.000319009 0.00249395 0.0022515 0.000363208 -0.00153853 -0.00320741 -0.00474995 -0.00567293 -0.00646136 
0.00612369 0.00656778 0.00999073 0.0161555 0.0231629 0.0289781 0.0309502 0.0264137 0.016088 0.00529293 -0.000694674 -0.00161377 -0.000919512 -0.000944929 -0.00140007 -0.00164872 -0.00227361 -0.00393424 -0.00579136 -0.00599804 -0.00367084 0.000157016 0.00364575 0.00578324 0.00681955 0.00723724 0.00696996 0.00635738 0.00631531 0.00651279 
0.0193388 0.0197374 0.0212218 0.0244476 0.0290779 0.033485 0.0347482 0.0302705 0.0204591 0.00949724 0.00213392 -0.000564094 -0.00106949 -0.00152577 -0.00214447 -0.00289098 -0.00437064 -0.00663991 -0.00843613 -0.00813228 -0.00529077 -0.000991693 0.0037615 0.00903799 0.0145801 0.0187889 0.0202087 0.0194812 0.0187692 0.0189864 
0.0247574 0.0250488 0.0248467 0.0250626 0.0269271 0.0301835 0.032409 0.030557 0.0235958 0.0138896 0.00555676 0.000876601 -0.000989279 -0.00176733 -0.00245079 -0.00374476 -0.00605161 -0.00867996 -0.0100368 -0.00881064 -0.00513506 -0.000458241 0.00466253 0.0114009 0.0196466 0.0263478 0.0286667 0.0272035 0.0250553 0.0243508 
0.0214721 0.0199957 0.0176859 0.0160972 0.0172031 0.0212071 0.0258638 0.0277354 0.0246155 0.0172187 0.00880286 0.00260156 -0.000497957 -0.00160471 -0.00236896 -0.0040257 -0.00657211 -0.00867975 -0.00872466 -0.0058871 -0.00101927 0.00366544 0.00736294 0.0120318 0.0187257 0.0248475 0.0273502 0.0263114 0.0240688 0.0224534 
0.012162 0.00762252 0.00348109 0.00241523 0.00589195 0.0126327 0.0195704 0.0237743 0.0236115 0.0189335 0.011538 0.00457534 0.000214492 -0.00166304 -0.00269443 -0.00426606 -0.00608891 -0.00660316 -0.0045295 0.000232147 0.00604248 0.00992776 0.0105669 0.0102955 0.0118463 0.0147247 0.0169915 0.0179267 0.0174922 0.0155676 
-0.00134182 -0.00878152 -0.0133297 -0.0114975 -0.00339947 0.00692862 0.0150507 0.0195444 0.0209159 0.0187704 0.0129363 0.00562627 -0.000107457 -0.00309082 -0.00438922 -0.00537322 -0.00580665 -0.004265 3.63727e-05 0.00636519 0.0123087 0.0145304 0.0115908 0.00593315 0.00145093 -1.74443e-05 0.00144674 0.00463576 0.00668721 0.00474023 
-0.0165387 -0.0263615 -0.0306904 -0.0258506 -0.0135389 -8.83078e-05 0.00896067 0.0136389 0.0163747 0.0164266 0.0118342 0.0042029 -0.0024224 -0.00585634 -0.0069427 -0.00719922 -0.00648574 -0.00344474 0.0023914 0.00956662 0.014954 0.015222 0.00947279 0.000297488 -0.00836211 -0.0135269 -0.0135138 -0.00919579 -0.00548171 -0.00782026 
-0.0279556 -0.0399293 -0.0447594 -0.0391903 -0.0256733 -0.0109187 -0.000579026 0.00575205 0.0106156 0.012386 0.00832845 0.000612231 -0.00569621 -0.00838455 -0.0089092 -0.00891601 -0.00790096 -0.00427519 0.00227611 0.00978055 0.0145523 0.0134024 0.00635871 -0.00351767 -0.0129312 -0.0194508 -0.0207836 -0.0169274 -0.0132535 -0.0167342 
-0.0279243 -0.0419215 -0.0481084 -0.0441342 -0.0326636 -0.0190493 -0.00803696 0.000169293 0.00666679 0.00889048 0.00464348 -0.00269203 -0.00786176 -0.00964968 -0.0102011 -0.0106701 -0.00974705 -0.00570815 0.00138897 0.00911621 0.0134465 0.0113943 0.00398327 -0.00472669 -0.0116611 -0.0158307 -0.0161728 -0.0125789 -0.00970104 -0.0145579 
-0.0132145 -0.0293936 -0.037687 -0.0360657 -0.0272676 -0.0155014 -0.00505894 0.00288806 0.00839702 0.00904907 0.00382704 -0.00333529 -0.00808865 -0.0102568 -0.0118107 -0.0128982 -0.0116775 -0.0067903 0.00104052 0.0088752 0.0125282 0.00934082 0.00120686 -0.00638866 -0.00928886 -0.00743972 -0.0026025 0.00346922 0.00685987 0.00161138 
0.00988935 -0.00878413 -0.0206356 -0.0214672 -0.013365 -0.00141002 0.0082842 0.0134332 0.0150502 0.0126409 0.00600784 -0.00175279 -0.00747323 -0.0110619 -0.013638 -0.0148008 -0.0129837 -0.00735404 0.000912816 0.00839358 0.010893 0.00629982 -0.00302042 -0.0105017 -0.00994201 -0.00100042 0.0112776 0.0219578 0.0278234 0.0244896 
0.0304408 0.00997586 -0.00702437 -0.0114492 -0.00315614 0.0106136 0.0201612 0.0218395 0.0188031 0.0134999 0.0060986 -0.00190048 -0.00819385 -0.0122038 -0.0145388 -0.0151405 -0.0130353 -0.00740614 0.000639139 0.0072563 0.00839773 0.0028664 -0.00698652 -0.0148852 -0.013125 -9.70592e-05 0.0171507 0.031286 0.0404311 0.0418091 
0.0419357 0.0219623 9.53232e-05 -0.00964618 -0.00350798 0.0105177 0.0200042 0.019588 0.0133887 0.0063046 -0.000693627 -0.00713185 -0.0115076 -0.0134692 -0.0140578 -0.0137816 -0.0117074 -0.0064931 0.000983193 0.00651922 0.00642982 0.000759199 -0.0084446 -0.0167964 -0.0166789 -0.00454736 0.0130849 0.0281986 0.0401987 0.0475399 
0.048808 0.031113 0.0059241 -0.0100482 -0.00899676 0.00281916 0.0121636 0.0114856 0.00376572 -0.00460618 -0.0108265 -0.0144604 -0.0152218 -0.0140271 -0.0127335 -0.0118374 -0.0098304 -0.0049618 0.0018494 0.00627854 0.00522353 -0.000127774 -0.00809557 -0.0167809 -0.0197679 -0.0112615 0.00480562 0.0206998 0.0356942 0.048477 
0.0585504 0.0423171 0.0143603 -0.00718492 -0.0110896 -0.00138993 0.00849895 0.00882801 0.00055516 -0.00907514 -0.0150037 -0.016518 -0.0149191 -0.0124378 -0.0110426 -0.0105301 -0.00888831 -0.00451549 0.00148498 0.00503439 0.00351751 -0.00139838 -0.0082972 -0.0169364 -0.0220636 -0.0161994 -0.000536057 0.0177885 0.036812 0.0541559 
0.0662671 0.0506012 0.0214814 -0.00200043 -0.00728232 0.00209156 0.0127792 0.0144323 0.00653773 -0.00383408 -0.0101767 -0.011447 -0.0101332 -0.00899577 -0.00924585 -0.00993218 -0.00918848 -0.0057972 -0.000564868 0.00299029 0.00209209 -0.00225004 -0.00890554 -0.0177718 -0.0237859 -0.0188329 -0.00277018 0.0177558 0.0398126 0.059906 
0.0604326 0.0488836 0.0249736 0.00642769 0.00380604 0.0124021 0.0209717 0.0220794 0.0148344 0.00427341 -0.00326516 -0.0059467 -0.0062896 -0.00697789 -0.00848108 -0.00976675 -0.00980503 -0.00749943 -0.0024961 0.00246547 0.00363285 0.000210339 -0.00730872 -0.0179365 -0.0257415 -0.0224762 -0.00784162 0.0115865 0.0325468 0.0522426 
0.0386072 0.0384565 0.0288421 0.0221955 0.0241717 0.02871 0.0298822 0.0269854 0.0197892 0.00944376 0.000338596 -0.00461122 -0.00682214 -0.00859752 -0.0101152 -0.0107846 -0.0106442 -0.00858958 -0.00287175 0.00450938 0.00846956 0.00606822 -0.00291139 -0.0164331 -0.0277179 -0.0286634 -0.0188734 -0.00490261 0.0100846 0.026441 
0.00620958 0.0218784 0.0317039 0.0405104 0.0480901 0.0472127 0.038509 0.0297332 0.0224071 0.0134139 0.00384682 -0.00313479 -0.00761741 -0.0110646 -0.0131468 -0.013296 -0.0121621 -0.00898901 -0.0015891 0.00827093 0.0143592 0.0122036 0.00166236 -0.0140125 -0.0281955 -0.0341554 -0.0316555 -0.0267433 -0.0216345 -0.0110418 
-0.0279514 -0.00016683 0.0259796 0.0490443 0.0637341 0.0606327 0.0445486 0.0306468 0.0234926 0.0172864 0.00964202 0.00242065 -0.00413631 -0.0104433 -0.014912 -0.0159876 -0.014029 -0.00889816 0.000729429 0.0125823 0.0196393 0.0167569 0.00494272 -0.0107883 -0.0249006 -0.0338536 -0.0385678 -0.043937 -0.0501855 -0.0472709 
-0.0467273 -0.0160986 0.0157652 0.0454645 0.06518 0.0626285 0.0432272 0.0265846 0.0201662 0.0171017 0.0127152 0.00729583 0.000370094 -0.00807367 -0.0152427 -0.0182205 -0.0162846 -0.00941375 0.00241627 0.0158534 0.023341 0.0198186 0.00795893 -0.00560329 -0.0170099 -0.0263469 -0.0356875 -0.048086 -0.061639 -0.0643568 
-0.0265694 -0.00132146 0.0219242 0.0435515 0.0583559 0.0537499 0.0340024 0.0185597 0.0142141 0.0127625 0.00941605 0.00514014 -0.00067876 -0.00873037 -0.0166017 -0.0209529 -0.0196798 -0.0118132 0.00186055 0.0165265 0.0242213 0.0209293 0.0109858 0.00108938 -0.00709742 -0.0152903 -0.0245638 -0.0355167 -0.0452219 -0.0441175 
0.0488401 0.0621378 0.0622161 0.0592672 0.0562101 0.0441815 0.0257745 0.0149719 0.0131439 0.0101688 0.00342783 -0.00266262 -0.0073757 -0.0128733 -0.0191279 -0.0237087 -0.0232393 -0.0150804 -0.000193111 0.0149689 0.0220938 0.019291 0.0126946 0.00732243 0.00222802 -0.00310589 -0.0056169 -0.00275971 0.00730132 0.0262582 
0.178462 0.169055 0.132544 0.0941328 0.0658692 0.0428733 0.0247191 0.0170434 0.0152854 0.00905796 -0.00174226 -0.00992518 -0.0133799 -0.0156821 -0.0195807 -0.0238462 -0.0241869 -0.0165044 -0.00151683 0.0130227 0.0183609 0.0150598 0.0116155 0.0113851 0.0109879 0.0124814 0.0253152 0.0562034 0.102777 0.151173 
0.336579 0.289932 0.207707 0.132597 0.0807565 0.0466958 0.0250998 0.0146233 0.00952797 0.00234208 -0.00708989 -0.0134372 -0.0147539 -0.0146471 -0.0168411 -0.0206238 -0.0215263 -0.0149664 -0.00116832 0.0117182 0.0144252 0.00921877 0.00722862 0.0116806 0.0177658 0.030117 0.0655123 0.135962 0.231348 0.313359 
0.465544 0.378446 0.256051 0.155194 0.0895154 0.0486191 0.0222159 0.00556041 -0.00367338 -0.00851784 -0.0119301 -0.0140624 -0.0139652 -0.0132946 -0.0145872 -0.0172375 -0.0176739 -0.0119896 3.16143e-05 0.0107781 0.0108859 0.00329074 0.000679485 0.00692268 0.0172132 0.0386718 0.0948257 0.203177 0.344764 0.454341 
