0.540128 0.557897 0.465778 0.324763 0.1941 0.102057 0.0526861 0.0355931 0.0318853 0.0263542 0.017279 0.0104027 0.00676494 0.00236408 -0.0039887 -0.00933553 -0.0113034 -0.00966894 -0.00427574 0.00561606 0.0196008 0.0340311 0.0413201 0.0337958 0.0122797 -0.0076181 0.00328081 0.0772829 0.225139 0.40714 
0.458983 0.479032 0.400039 0.275544 0.159542 0.0787651 0.0369901 0.0237316 0.0209776 0.0154063 0.00710309 0.0026109 0.00235286 0.000700418 -0.00480025 -0.0111489 -0.0151296 -0.0156696 -0.0119253 -0.00286043 0.0107166 0.0243605 0.029857 0.0194096 -0.00560674 -0.0289684 -0.0226847 0.0419909 0.173709 0.33722 
0.314352 0.334932 0.282079 0.193425 0.109421 0.0515671 0.0224453 0.0123158 0.00739205 3.5127e-05 -0.00705474 -0.008371 -0.00546534 -0.00531407 -0.0107671 -0.0179551 -0.0222162 -0.0218152 -0.0161463 -0.00463154 0.0110659 0.0248258 0.0269264 0.0101415 -0.0214068 -0.0497686 -0.0503237 -0.00258781 0.0967692 0.220272 
0.180579 0.202345 0.176555 0.123534 0.070023 0.0333767 0.015608 0.00750308 -0.000467797 -0.00998547 -0.0162298 -0.0157197 -0.0120168 -0.0122698 -0.0186784 -0.0264536 -0.0299784 -0.0273108 -0.0183892 -0.00318264 0.0159484 0.0314362 0.0321802 0.0114255 -0.0243633 -0.0560704 -0.062899 -0.032752 0.0327507 0.114746 
0.0919732 0.117271 0.112422 0.0837413 0.0490305 0.0248513 0.0138913 0.00693243 -0.00304906 -0.0136973 -0.0192143 -0.0183992 -0.0162263 -0.0187222 -0.026554 -0.0345086 -0.0371409 -0.0327097 -0.0213267 -0.00310434 0.019353 0.0381617 0.0421169 0.0243688 -0.00933476 -0.041679 -0.0552683 -0.0423411 -0.00534969 0.0451587 
0.0425082 0.071793 0.0791611 0.0621149 0.0350275 0.0160824 0.00886403 0.00347475 -0.00627608 -0.0159826 -0.0198126 -0.0187308 -0.018629 -0.0237282 -0.0327066 -0.0403281 -0.0421665 -0.0369016 -0.0243385 -0.0043192 0.0206666 0.0434599 0.0540526 0.0450885 0.0186418 -0.0127846 -0.0346028 -0.0387987 -0.0243014 0.00564868 
0.0189702 0.0481341 0.0569409 0.0402723 0.0136186 -0.00261158 -0.00507759 -0.00556694 -0.0111421 -0.0171942 -0.018372 -0.0168793 -0.0185554 -0.0255877 -0.03485 -0.0414297 -0.042407 -0.037153 -0.0249427 -0.00486428 0.0211474 0.0469557 0.0638773 0.0639497 0.0451761 0.0149831 -0.0139428 -0.0312189 -0.0311977 -0.0125462 
0.0168125 0.0391042 0.0390454 0.0148018 -0.0145733 -0.0275113 -0.0224331 -0.0139808 -0.0115893 -0.0122718 -0.0114244 -0.0107271 -0.0142625 -0.022188 -0.0305146 -0.0353373 -0.035676 -0.0319829 -0.0229972 -0.00636503 0.0174069 0.0433102 0.063372 0.0691263 0.0560853 0.0285251 -0.00186368 -0.022825 -0.0263145 -0.0106047 
0.0327797 0.0435196 0.0299606 -0.00313882 -0.0338796 -0.0421415 -0.0291705 -0.0118708 -0.00185998 0.0014893 0.00198363 -5.69989e-05 -0.00561849 -0.0132429 -0.0194642 -0.0222483 -0.0227794 -0.0227761 -0.0205597 -0.0118831 0.00510647 0.0271289 0.0469658 0.0560767 0.0488796 0.0278595 0.00368579 -0.0110893 -0.00870235 0.00970144 
0.0574332 0.0564865 0.0318 -0.00549808 -0.0333639 -0.0359831 -0.017929 0.00338422 0.0162077 0.0198415 0.0175252 0.0117042 0.0044109 -0.00202789 -0.00568282 -0.00677442 -0.00832854 -0.0130506 -0.0190223 -0.0203754 -0.0127638 0.00287658 0.0208641 0.0332057 0.0335995 0.0227243 0.00955891 0.00570962 0.0172588 0.039345 
0.0793198 0.069442 0.0383743 0.00149531 -0.0207291 -0.0178011 0.00229476 0.0227062 0.0334693 0.0343401 0.0284616 0.0194522 0.0111416 0.00608141 0.00456846 0.00453527 0.0019315 -0.00630928 -0.0181797 -0.0270277 -0.026873 -0.0165872 -0.000123286 0.0152243 0.0225418 0.0210018 0.0180764 0.0240559 0.0428388 0.0665042 
0.0925353 0.0766387 0.0418467 0.00585918 -0.0119147 -0.00484711 0.0161093 0.034212 0.0413341 0.0387359 0.0301522 0.0195673 0.0112773 0.00759576 0.00761529 0.00825418 0.00541974 -0.00364538 -0.017019 -0.0282469 -0.0309239 -0.0228503 -0.00704973 0.00943735 0.0196304 0.0227162 0.0259355 0.0383191 0.0612009 0.0844038 
0.0965416 0.0770907 0.0397358 0.00314715 -0.0131538 -0.0039752 0.0178732 0.0347475 0.0389729 0.0333589 0.0231337 0.012678 0.00583029 0.00403981 0.00540892 0.00659618 0.0043665 -0.00319453 -0.014527 -0.0242936 -0.026637 -0.0190726 -0.00438589 0.0103897 0.0190385 0.0223532 0.0283431 0.0445768 0.0695766 0.0916753 
0.0917373 0.0712677 0.0334694 -0.00335521 -0.0195404 -0.00967943 0.0129878 0.0296247 0.0318453 0.0236821 0.0125448 0.00360172 -0.0003523 0.000492266 0.00312335 0.00441887 0.00263682 -0.00289702 -0.0110596 -0.0181275 -0.0194462 -0.0127848 -0.000881638 0.00956126 0.0138582 0.0151755 0.0224373 0.0413037 0.0674686 0.0885449 
0.0803673 0.0610071 0.025565 -0.00934436 -0.0249566 -0.0152793 0.00728591 0.0236294 0.0246581 0.015041 0.00394969 -0.00270174 -0.00329326 7.46831e-05 0.00326512 0.00359286 0.000984047 -0.00376213 -0.00948148 -0.0136832 -0.0132392 -0.00708176 0.00153973 0.00651574 0.00520142 0.00336759 0.0108468 0.0313457 0.0579171 0.0778883 
0.0675421 0.0502595 0.0190217 -0.0121488 -0.0267272 -0.01864 0.00162726 0.0166587 0.0176093 0.00867324 -0.00102163 -0.00546405 -0.00371974 0.000860591 0.00341758 0.00172034 -0.00296141 -0.00846219 -0.0129289 -0.0141274 -0.0102467 -0.00221642 0.00531851 0.00658158 0.000750008 -0.00435393 0.00189632 0.0220683 0.0475544 0.0657221 
0.055503 0.040216 0.0139723 -0.0122551 -0.025561 -0.0208018 -0.00568113 0.00635168 0.00797471 0.00177616 -0.00525796 -0.00789429 -0.00522303 -0.000743952 0.00060855 -0.00303767 -0.00969448 -0.0163698 -0.0204524 -0.0193117 -0.0116987 -0.000118114 0.00943458 0.0111411 0.00475977 -0.00177499 0.00199428 0.0187578 0.0403717 0.0551151 
0.041953 0.0278231 0.00654168 -0.0140155 -0.0255482 -0.0248132 -0.016425 -0.00855534 -0.00614107 -0.00854791 -0.0119318 -0.0125122 -0.0092378 -0.00499843 -0.00419884 -0.00843226 -0.0156239 -0.0226972 -0.026866 -0.0252134 -0.0162254 -0.00239438 0.0102203 0.015782 0.0131527 0.00800158 0.00907344 0.0199332 0.034922 0.0443052 
0.0276826 0.0134671 -0.00444596 -0.0204992 -0.0304834 -0.0331264 -0.0304283 -0.0258694 -0.0222428 -0.0205115 -0.0195976 -0.0173758 -0.0129751 -0.00846511 -0.00727041 -0.0106518 -0.0168422 -0.023243 -0.027555 -0.0271108 -0.019819 -0.00676879 0.00735948 0.0170967 0.0197207 0.0175001 0.0166101 0.0214906 0.0295629 0.0333433 
0.0190076 0.00434013 -0.0130755 -0.0281144 -0.0382048 -0.0430047 -0.042987 -0.0390925 -0.0332452 -0.0275532 -0.0226455 -0.0177098 -0.0122866 -0.00766405 -0.00604478 -0.00820315 -0.0127553 -0.0177954 -0.0218604 -0.0230117 -0.0188277 -0.00861658 0.00498985 0.0171789 0.0236681 0.0236203 0.021043 0.0213491 0.024903 0.0259555 
0.0200123 0.00671325 -0.0120361 -0.0293653 -0.0411985 -0.0467842 -0.0463593 -0.0407319 -0.0323088 -0.0239595 -0.0169394 -0.0110356 -0.00600712 -0.00240991 -0.00126062 -0.0027615 -0.00581368 -0.00921417 -0.0124146 -0.0143578 -0.0126036 -0.00502567 0.00753826 0.0206941 0.0286548 0.0282804 0.0225628 0.0187184 0.0205195 0.0235853 
0.0278948 0.0194499 0.000510089 -0.0194706 -0.0330408 -0.0381795 -0.0357785 -0.027992 -0.0183126 -0.00991284 -0.00382865 0.000312137 0.00293646 0.00413917 0.00382577 0.00229761 0.000421118 -0.00130655 -0.00316213 -0.00473936 -0.00363121 0.00307537 0.0154212 0.0288349 0.0361711 0.0328919 0.0220507 0.0134419 0.0148704 0.0235055 
0.0367197 0.0361104 0.0205687 0.000599366 -0.0134104 -0.017806 -0.0139786 -0.00550367 0.00319556 0.0090101 0.0115578 0.011847 0.0107361 0.00877959 0.0064767 0.00448606 0.00340343 0.00303734 0.00255825 0.00216253 0.00420249 0.0115248 0.0240365 0.036875 0.0424733 0.0359592 0.0205983 0.00791202 0.00901055 0.0231545 
0.0415013 0.0491653 0.0405227 0.0240797 0.0109758 0.00652362 0.00995654 0.0172944 0.0236715 0.0260401 0.0245499 0.0208526 0.0161896 0.0113307 0.00710638 0.0043918 0.00348438 0.00368355 0.00406779 0.00500415 0.00849629 0.0163939 0.0279326 0.0388214 0.0428752 0.0358766 0.0201749 0.00621152 0.00611854 0.0219541 
0.0384804 0.0519506 0.0511028 0.0402827 0.0291782 0.0242831 0.0263479 0.0320514 0.0365761 0.0367994 0.0329942 0.0270917 0.0204639 0.0139142 0.00844684 0.00501476 0.0036326 0.00342644 0.00389859 0.00579361 0.0103448 0.0177232 0.0264339 0.03387 0.036877 0.0325303 0.0208662 0.00834745 0.00575 0.0183147 
0.025377 0.0408142 0.0455423 0.040217 0.0323149 0.0284806 0.0304966 0.0357875 0.0399364 0.0400117 0.0362972 0.0306103 0.0241431 0.0176073 0.012059 0.00836907 0.00629244 0.00507506 0.00495284 0.00712078 0.0119301 0.0177895 0.0225277 0.0254222 0.0266745 0.0249479 0.0179072 0.00736346 0.00165411 0.00848891 
0.00369538 0.0178156 0.0243908 0.0228484 0.0191039 0.0188129 0.0232746 0.0298626 0.034763 0.0359006 0.033871 0.0301846 0.0256176 0.020659 0.016234 0.0129719 0.0104203 0.00806682 0.0068232 0.00829049 0.0122913 0.0160748 0.0169132 0.0151317 0.0131382 0.0110866 0.00574138 -0.00389717 -0.0116319 -0.0091628 
-0.0207476 -0.00979885 -0.00449044 -0.0044249 -0.00439224 -0.000326576 0.00758187 0.0161183 0.0222022 0.0249808 0.0254404 0.0246262 0.0228324 0.0202978 0.0176607 0.0152051 0.0123798 0.00895313 0.00625974 0.00615234 0.00838163 0.0099071 0.00779096 0.00247466 -0.00307292 -0.00780462 -0.0143066 -0.0238844 -0.0316276 -0.030584 
-0.0412204 -0.0340226 -0.0312536 -0.0312311 -0.0293678 -0.0229806 -0.0132501 -0.00347959 0.00404341 0.00921293 0.0127808 0.0150384 0.0159424 0.0157189 0.0147679 0.0130143 0.00989819 0.00551778 0.00148478 -0.00025145 0.000152373 -0.000120789 -0.00381736 -0.0106965 -0.0182555 -0.0253377 -0.0334407 -0.0429046 -0.0495412 -0.0485543 
-0.0532889 -0.0496635 -0.0491093 -0.0498089 -0.0483167 -0.042667 -0.033692 -0.023827 -0.0147294 -0.00671969 -6.04582e-05 0.00468732 0.00747302 0.00884162 0.00910587 0.007855 0.00451011 -0.000505676 -0.00530105 -0.007855 -0.00828813 -0.00920082 -0.0130481 -0.0196966 -0.0272455 -0.0348142 -0.0431911 -0.05197 -0.05775 -0.0575873 
-0.0551033 -0.0544667 -0.0554538 -0.0569718 -0.0568969 -0.053469 -0.0464898 -0.0372579 -0.0271907 -0.017363 -0.00904548 -0.00318852 0.000478772 0.00283721 0.00405509 0.00336483 9.72013e-05 -0.00509891 -0.0100417 -0.0125321 -0.0126483 -0.0129835 -0.0159608 -0.0215654 -0.0282315 -0.0351401 -0.0425598 -0.0499044 -0.0549448 -0.0561965 
-0.0470418 -0.0484754 -0.0508922 -0.0534057 -0.0545388 -0.0527053 -0.0472687 -0.0390366 -0.029467 -0.0200736 -0.0123036 -0.00677467 -0.00283254 0.000354016 0.00252929 0.00252767 -0.000434548 -0.00556592 -0.0104071 -0.0124775 -0.0117433 -0.0109496 -0.0128415 -0.0177347 -0.0241823 -0.0309125 -0.0372624 -0.0423945 -0.0454 -0.0464623 
-0.0321993 -0.034544 -0.0386406 -0.0425224 -0.0443032 -0.0428201 -0.0380774 -0.031138 -0.0234054 -0.0161416 -0.0102228 -0.00563513 -0.00158775 0.00231242 0.00524449 0.00572299 0.00293491 -0.0021657 -0.00687455 -0.00851146 -0.00701908 -0.00537353 -0.00676372 -0.0119324 -0.0194413 -0.027207 -0.0331299 -0.0355739 -0.0346334 -0.0325891 
-0.016437 -0.0185217 -0.0241183 -0.0294344 -0.0315564 -0.0298616 -0.0254623 -0.0198446 -0.0140896 -0.00887086 -0.00446478 -0.000535494 0.00351449 0.00760548 0.0105995 0.01098 0.00807811 0.00304608 -0.00131625 -0.00245685 -0.000566798 0.00116783 -0.000637279 -0.00691915 -0.016193 -0.0256926 -0.0319459 -0.0321382 -0.0266784 -0.0197979 
-0.00659812 -0.0073767 -0.0132958 -0.0190711 -0.0209755 -0.0188656 -0.0146487 -0.00993619 -0.0053737 -0.00114289 0.00275299 0.00652936 0.0103569 0.0138694 0.0160586 0.015767 0.0126315 0.00792682 0.00427507 0.00374572 0.00569316 0.00684483 0.00401674 -0.00356284 -0.0144218 -0.0256922 -0.0331667 -0.0328002 -0.0244377 -0.0133685 
-0.00655904 -0.00520111 -0.00937852 -0.0133403 -0.0134873 -0.0102955 -0.00598346 -0.00190102 0.00179189 0.00536017 0.00903236 0.0127755 0.016196 0.0186899 0.0196149 0.0183987 0.0150384 0.0108106 0.00798598 0.00805755 0.00995019 0.010429 0.00671759 -0.00163986 -0.013389 -0.0262242 -0.0359164 -0.037291 -0.0288776 -0.0158925 
-0.0135361 -0.00974555 -0.0101996 -0.00985017 -0.00646977 -0.00159148 0.00255949 0.00533248 0.00731963 0.0094229 0.0123022 0.0157946 0.0188867 0.0205632 0.0203822 0.0182688 0.0145696 0.0106001 0.00835627 0.00888626 0.0108441 0.0111471 0.00744359 -0.00053032 -0.0120224 -0.0257045 -0.0377936 -0.0422893 -0.0362125 -0.0238745 
-0.0194959 -0.0138197 -0.00995316 -0.00449685 0.00251252 0.008267 0.010885 0.0109398 0.010129 0.0100433 0.0117205 0.014926 0.0180695 0.0195176 0.0186547 0.015682 0.0113724 0.0072795 0.00523836 0.00593293 0.0079633 0.00868362 0.00620467 0.000165624 -0.00943305 -0.0222577 -0.0351747 -0.0420496 -0.0390033 -0.0291238 
-0.018303 -0.0118634 -0.00486875 0.00403846 0.0125988 0.0171661 0.0166611 0.0131622 0.0094663 0.00753387 0.00842116 0.0117353 0.0153787 0.017011 0.0156353 0.0116995 0.00658813 0.00218848 3.1061e-05 0.000357531 0.0020476 0.00340626 0.0030916 0.000276501 -0.00591083 -0.0157761 -0.0268318 -0.0337516 -0.0328443 -0.0260231 
-0.0116208 -0.00534084 0.00292744 0.0127627 0.0205911 0.0227188 0.0190152 0.0126832 0.00711739 0.00427453 0.00502623 0.00876733 0.0129364 0.0145766 0.0124594 0.00747709 0.00170874 -0.00280732 -0.00516458 -0.00566046 -0.00482664 -0.00299974 -0.000939725 -0.00019483 -0.00247383 -0.00829309 -0.0157012 -0.0208557 -0.0210541 -0.0171072 
-0.00685311 -0.000845771 0.00803865 0.0179529 0.0248293 0.0254239 0.0202637 0.0128664 0.00658847 0.0032811 0.00379145 0.00742248 0.0113146 0.0122369 0.00909174 0.00331081 -0.00257441 -0.00669253 -0.00886762 -0.00989821 -0.00980301 -0.00774875 -0.00397964 -0.000618976 3.5732e-05 -0.0024887 -0.00662009 -0.010085 -0.011379 -0.0102396 
-0.00931363 -0.00296119 0.0078733 0.0195897 0.0273674 0.0283454 0.0235156 0.0162921 0.00971832 0.00559992 0.00491475 0.00705038 0.00927085 0.00865943 0.00454212 -0.00137256 -0.0066344 -0.00977152 -0.0110659 -0.0116022 -0.0113705 -0.00919778 -0.00503764 -0.00106941 0.000380712 -0.000822282 -0.00319345 -0.00581897 -0.00860746 -0.0105609 
-0.0170514 -0.00981907 0.00472205 0.020536 0.0310623 0.0334375 0.0292532 0.0220839 0.0148841 0.00944544 0.00668868 0.00608425 0.00552609 0.00302765 -0.00157791 -0.00679534 -0.0107991 -0.0126145 -0.0125898 -0.0117819 -0.0105777 -0.00838892 -0.00528145 -0.00298275 -0.00303986 -0.0046443 -0.00598155 -0.00746294 -0.011096 -0.0159832 
-0.0231677 -0.0155346 0.00208636 0.0215682 0.0345603 0.0380045 0.0339734 0.0263614 0.0183675 0.0117941 0.00712646 0.00370025 0.000334859 -0.00364892 -0.00798605 -0.0118112 -0.014213 -0.0146852 -0.0134 -0.0111325 -0.0087372 -0.00673184 -0.00573064 -0.0067325 -0.00970566 -0.0122665 -0.0120738 -0.0109877 -0.0136372 -0.0200999 
-0.0217089 -0.0154175 0.00102286 0.0195149 0.0319342 0.0354505 0.0317861 0.0244156 0.0166733 0.0103568 0.00523775 0.000278648 -0.00476005 -0.00920379 -0.0124903 -0.0145597 -0.0153712 -0.014674 -0.0123296 -0.00877771 -0.00528427 -0.00356488 -0.00495647 -0.00957087 -0.0153952 -0.0184666 -0.0162473 -0.0118583 -0.0119065 -0.0177188 
-0.0102551 -0.00781836 0.00105952 0.0114069 0.018623 0.0210146 0.0187979 0.0136762 0.00846971 0.00472886 0.00136857 -0.00311003 -0.00815976 -0.0119995 -0.013899 -0.0144638 -0.014163 -0.0126318 -0.00934108 -0.00459079 -0.00010522 0.00150103 -0.00147505 -0.0081836 -0.0150832 -0.0176064 -0.0136562 -0.0067449 -0.00363872 -0.00663621 
0.011008 0.00720432 0.00311947 -0.000577457 -0.00244174 -0.00235769 -0.00237823 -0.00350313 -0.00408227 -0.00321877 -0.00295109 -0.00523599 -0.0090305 -0.0119039 -0.0130097 -0.013131 -0.0126603 -0.0108266 -0.00684013 -0.00122344 0.00386234 0.00567192 0.00297477 -0.00258309 -0.00729952 -0.00762538 -0.00238191 0.00587878 0.0122013 0.0135219 
0.0382387 0.0271066 0.00856818 -0.0103804 -0.022109 -0.0249442 -0.023256 -0.0205568 -0.0163533 -0.0105241 -0.0060452 -0.00540842 -0.00754832 -0.00989505 -0.0114127 -0.0124452 -0.0127991 -0.0112977 -0.00724902 -0.00168634 0.00309342 0.00522728 0.00484136 0.00402273 0.00505844 0.00893408 0.0156281 0.0246129 0.0339466 0.0398367 
0.0608643 0.0435649 0.0142657 -0.0152118 -0.0333716 -0.0382103 -0.0359478 -0.03146 -0.0245638 -0.0153887 -0.0075259 -0.0041636 -0.00480228 -0.00713848 -0.00983639 -0.0124712 -0.0141589 -0.0135365 -0.0102775 -0.00591766 -0.00248598 -0.000322696 0.00247589 0.00819521 0.016897 0.0262021 0.0345118 0.0433412 0.0540173 0.0625794 
0.0648152 0.0444551 0.0118372 -0.0192717 -0.0370803 -0.0410122 -0.0385647 -0.034518 -0.0277772 -0.0177746 -0.008114 -0.00275117 -0.00221172 -0.0046664 -0.00843765 -0.0124348 -0.0153532 -0.0158209 -0.0137982 -0.0110636 -0.00923812 -0.00733731 -0.00205643 0.0089556 0.0238985 0.0374877 0.0462653 0.0527146 0.0609306 0.068153 
0.0443535 0.0241249 -0.00436999 -0.0281371 -0.0384156 -0.0378004 -0.0345849 -0.0320935 -0.0273104 -0.0183483 -0.00839511 -0.00203937 -0.000873439 -0.00350019 -0.00790269 -0.0126054 -0.0162394 -0.017475 -0.016251 -0.0142605 -0.0128698 -0.0106521 -0.00408736 0.00883562 0.0256147 0.0398755 0.046669 0.0479176 0.0493755 0.050871 
0.00959763 -0.00914677 -0.0295298 -0.0408915 -0.039611 -0.0326249 -0.0284917 -0.0278704 -0.0253345 -0.0179674 -0.00873136 -0.00250288 -0.00143148 -0.00432713 -0.00893763 -0.013674 -0.0173592 -0.018731 -0.0174103 -0.0146473 -0.0116823 -0.00763702 -0.000225862 0.0116229 0.0259877 0.0376186 0.0408405 0.0356118 0.0279119 0.0207597 
-0.0213337 -0.0390909 -0.0511902 -0.0500507 -0.037894 -0.0260016 -0.0223776 -0.0241349 -0.0235019 -0.0175072 -0.00955645 -0.00437772 -0.00382276 -0.006685 -0.0108706 -0.0150427 -0.018337 -0.0195354 -0.0177082 -0.013288 -0.00735841 -0.000236533 0.00833242 0.0184746 0.0297748 0.0390606 0.0399403 0.0294011 0.0125874 -0.00430162 
-0.0364813 -0.0538693 -0.0591823 -0.0486605 -0.0299428 -0.0171463 -0.0165279 -0.0214959 -0.0225194 -0.0174597 -0.0107871 -0.00688837 -0.00665592 -0.00870178 -0.0116041 -0.0147472 -0.0176148 -0.0188817 -0.0169103 -0.0111705 -0.00259619 0.00724651 0.017049 0.0269504 0.038294 0.0489554 0.0506986 0.0372303 0.0127976 -0.0133445 
-0.0338999 -0.0506179 -0.0510226 -0.0356513 -0.0161534 -0.00690873 -0.0112638 -0.0197571 -0.0221543 -0.0174742 -0.0114149 -0.00825336 -0.00787601 -0.00852336 -0.00954037 -0.0113027 -0.0136989 -0.0151767 -0.0134679 -0.00747359 0.00179602 0.0121925 0.0223983 0.0337272 0.0486374 0.0641882 0.0694358 0.0555394 0.0263788 -0.00635408 
-0.016089 -0.0317952 -0.0301057 -0.0148118 0.00067154 0.00389781 -0.00542325 -0.0166611 -0.0201169 -0.015746 -0.0100035 -0.00729223 -0.006877 -0.00644639 -0.00566956 -0.0058051 -0.0072892 -0.00844539 -0.0066954 -0.00112693 0.00678148 0.015263 0.0245929 0.0375586 0.0564422 0.0767068 0.085942 0.0745883 0.0460808 0.0123572 
0.0117331 -0.00333715 -0.00283325 0.00878902 0.0186096 0.0166912 0.00452126 -0.00800751 -0.0126556 -0.00979669 -0.00568041 -0.00452115 -0.00519468 -0.00480868 -0.00295041 -0.00155 -0.00175351 -0.00198543 0.000437667 0.00589857 0.0122165 0.0182949 0.0262259 0.0394066 0.0589017 0.07972 0.091322 0.0857735 0.0649051 0.0372378 
0.0386489 0.0246906 0.0232302 0.0309329 0.0366295 0.0325009 0.0203148 0.00790056 0.00154985 0.000902861 0.000936097 -0.00151632 -0.00474061 -0.00549136 -0.00345312 -0.00120797 -0.000590821 -0.000213512 0.00285616 0.00903349 0.0156948 0.0215585 0.0288875 0.0403722 0.0559608 0.0722422 0.0835111 0.0850144 0.0758496 0.0585654 
0.0500629 0.0407226 0.0413301 0.0483576 0.0525841 0.0487528 0.0386566 0.027467 0.0191326 0.01346 0.00746224 -3.4219e-05 -0.00645488 -0.00875689 -0.00735126 -0.00542933 -0.0050699 -0.00492771 -0.00168808 0.00588964 0.0152541 0.023665 0.0314534 0.0401112 0.0496904 0.0592485 0.0676505 0.0729507 0.0721188 0.0633547 
0.0360986 0.0367223 0.0462107 0.0573418 0.0626048 0.0606623 0.0539692 0.0448019 0.0344881 0.0231738 0.0105504 -0.00200416 -0.0112228 -0.0149957 -0.0148408 -0.0140765 -0.0142652 -0.0139788 -0.00995784 -0.000290813 0.0126035 0.0239825 0.0317766 0.0373668 0.0423382 0.0469424 0.0508708 0.0529379 0.050589 0.0432275 
0.000105948 0.0132775 0.0357849 0.0547421 0.063911 0.065927 0.0637654 0.0568681 0.0443537 0.0272066 0.00818755 -0.0088235 -0.0204226 -0.0257714 -0.0270184 -0.0267797 -0.0257107 -0.0226475 -0.0153871 -0.00252475 0.0130912 0.0251876 0.0306685 0.0326263 0.0350427 0.0373777 0.0360485 0.0285647 0.0155753 0.00276532 
-0.0390534 -0.0163998 0.0164115 0.0432146 0.0585979 0.0666886 0.0695511 0.0644268 0.0493858 0.0266938 0.00191895 -0.0192053 -0.0335867 -0.0411137 -0.0432925 -0.0414099 -0.0357667 -0.0263881 -0.0129885 0.00436547 0.0219031 0.0324982 0.0331978 0.0294912 0.0280609 0.0275294 0.0204005 0.00259322 -0.0213738 -0.0396185 
-0.0549834 -0.029432 0.00451241 0.0332635 0.0527084 0.0655894 0.0717808 0.067384 0.0504026 0.0240351 -0.00454926 -0.0288813 -0.0463184 -0.0564317 -0.0588498 -0.0534099 -0.0410338 -0.0237381 -0.00319316 0.0192549 0.0390785 0.0484066 0.043789 0.0317782 0.0217142 0.0139725 0.000808185 -0.0214277 -0.0459823 -0.0604795 
-0.0262393 -0.00376078 0.0194629 0.0385437 0.052914 0.0635819 0.0684526 0.0633188 0.0461159 0.0197762 -0.00871455 -0.0334284 -0.0523075 -0.0641718 -0.0665924 -0.0581239 -0.0404429 -0.0172819 0.0084648 0.035051 0.0578533 0.0681313 0.060375 0.0398187 0.0177432 -0.000785704 -0.0185689 -0.0355758 -0.045066 -0.0416429 
0.0580189 0.0744569 0.0761126 0.0712373 0.0666956 0.0642724 0.0612858 0.0533554 0.0374712 0.0148618 -0.00922327 -0.030347 -0.0474006 -0.0591645 -0.0621727 -0.0538241 -0.0354471 -0.0111378 0.0158256 0.0438371 0.0688592 0.0818392 0.074747 0.0497101 0.0182431 -0.00920238 -0.0271166 -0.0289255 -0.00899793 0.0259317 
0.196602 0.207913 0.180279 0.138083 0.100549 0.0741313 0.0570907 0.0443253 0.0303781 0.0132913 -0.00427006 -0.0194491 -0.0322623 -0.0425352 -0.0470847 -0.0423123 -0.0280249 -0.00735873 0.0165679 0.0423206 0.0668973 0.0822223 0.0789672 0.055751 0.0222202 -0.00743573 -0.0188904 0.00257738 0.0621635 0.139658 
0.364905 0.375263 0.315939 0.228708 0.149414 0.0927013 0.0589055 0.0412957 0.030003 0.0182484 0.006057 -0.00416347 -0.0128761 -0.0213911 -0.0276705 -0.0276828 -0.0197552 -0.00565387 0.0121596 0.0326019 0.0538707 0.0698639 0.0715749 0.0546723 0.0254955 -0.000241619 -0.000732819 0.0470906 0.149825 0.275801 
0.502712 0.516302 0.43196 0.305773 0.189582 0.106851 0.0602599 0.0409268 0.0335082 0.0258055 0.0160941 0.00809889 0.00205787 -0.0046749 -0.0116294 -0.0151818 -0.0131203 -0.00610203 0.00465271 0.0189167 0.0358931 0.0512961 0.0570852 0.0467867 0.0232856 0.00239673 0.0111516 0.0793422 0.216233 0.383188 
