0.360547 0.314969 0.234563 0.151115 0.089293 0.0572714 0.0467215 0.0410516 0.0279727 0.00715814 -0.0127626 -0.0232136 -0.0221337 -0.0139969 -0.00537852 -0.00084823 -0.00170803 -0.00621993 -0.0103545 -0.0100249 -0.0041864 0.00407293 0.0102521 0.013939 0.0230607 0.0516789 0.110468 0.195889 0.286387 0.3499 
0.349682 0.308882 0.228098 0.138157 0.0674794 0.0302262 0.0213316 0.0225195 0.0172969 0.00211983 -0.0151708 -0.0249541 -0.0237379 -0.0152919 -0.00625052 -0.00140574 -0.002195 -0.00714372 -0.0126115 -0.0145259 -0.0111314 -0.00458806 0.00092086 0.00458081 0.0135104 0.0407073 0.0962749 0.177929 0.266963 0.333247 
0.296782 0.273397 0.20774 0.125013 0.0542303 0.0146848 0.0059778 0.0108864 0.0111895 0.00101299 -0.0132826 -0.0221939 -0.0213358 -0.0134505 -0.00467619 0.000161166 -0.000648089 -0.00609939 -0.0131623 -0.0179405 -0.0178641 -0.0136906 -0.00873378 -0.00445966 0.00355438 0.0243317 0.0658944 0.129467 0.204837 0.269382 
0.230666 0.230371 0.188587 0.122272 0.0580028 0.0180467 0.00660504 0.00970322 0.0104547 0.0025958 -0.00911265 -0.0166832 -0.015967 -0.00876455 -0.000258044 0.00491566 0.00464066 -0.000734536 -0.00888699 -0.0161747 -0.0193147 -0.0177337 -0.0138842 -0.0099603 -0.00450865 0.00723938 0.0312248 0.0725229 0.130252 0.190885 
0.168949 0.187377 0.169183 0.122828 0.0698214 0.0319193 0.0161079 0.0128575 0.00948187 0.00149646 -0.00767503 -0.012711 -0.0109486 -0.00371147 0.00499731 0.0110357 0.011957 0.00744004 -0.000894779 -0.00981358 -0.0157367 -0.0171627 -0.0156842 -0.0136315 -0.0113112 -0.00680552 0.00399455 0.0277817 0.069359 0.1227 
0.119565 0.14472 0.142152 0.114009 0.075341 0.0435138 0.0251475 0.0148466 0.00563433 -0.00374305 -0.0105781 -0.012403 -0.00870645 -0.000933749 0.00797681 0.0146526 0.0166358 0.0131815 0.00536614 -0.0041211 -0.0119318 -0.0161214 -0.0172747 -0.0168971 -0.0154937 -0.0125895 -0.00625769 0.00843478 0.0369517 0.0779789 
0.087295 0.105674 0.107685 0.0929221 0.0700384 0.0489451 0.0325091 0.0177695 0.0032419 -0.00852273 -0.0144873 -0.01412 -0.00892088 -0.000973739 0.00739966 0.0136368 0.0156408 0.012688 0.00569042 -0.00308441 -0.0108009 -0.0155346 -0.0170718 -0.0158095 -0.0116855 -0.00480473 0.00449055 0.0172758 0.0359679 0.0609307 
0.0698092 0.0728936 0.0712472 0.0654771 0.0586997 0.0518838 0.041844 0.0259929 0.00711987 -0.00834786 -0.01584 -0.0153719 -0.00985108 -0.00231654 0.00493278 0.00989195 0.0110094 0.00799761 0.00206391 -0.00460676 -0.00966438 -0.0116026 -0.0101521 -0.00535756 0.00315237 0.015255 0.0293808 0.0431807 0.0547798 0.0635618 
0.0590608 0.0463771 0.038438 0.0389774 0.0469141 0.054818 0.0531524 0.0383453 0.0159993 -0.0039614 -0.014704 -0.0157223 -0.0106494 -0.00348698 0.00303938 0.00708914 0.00755459 0.00469061 0.000187329 -0.00365363 -0.00484886 -0.00246279 0.00322882 0.0116463 0.0228511 0.0369977 0.0528194 0.0666982 0.0735262 0.0702165 
0.0519532 0.0292608 0.0161809 0.0202372 0.0382693 0.057121 0.0625231 0.049411 0.0246537 0.000678126 -0.0135197 -0.0164633 -0.0119074 -0.00450366 0.00245291 0.00696004 0.0080636 0.00626902 0.00343935 0.00179997 0.00304006 0.00781449 0.0155549 0.025134 0.036007 0.0484127 0.0621867 0.0746702 0.0798159 0.0719117 
0.050968 0.0250395 0.00807431 0.0114309 0.0326946 0.0566825 0.0664643 0.0550914 0.0291736 0.0024406 -0.0144673 -0.0190609 -0.0147933 -0.00656318 0.00184626 0.00811559 0.0111722 0.0113314 0.0100671 0.00913221 0.00996511 0.013454 0.0195713 0.0274552 0.0361722 0.0455102 0.0561347 0.0675703 0.0749179 0.0703312 
0.0528601 0.0274072 0.0066545 0.00561784 0.025092 0.0506707 0.0637245 0.0547353 0.0289982 0.000791232 -0.017966 -0.0237992 -0.0196627 -0.0104704 -0.000386688 0.00792994 0.0131917 0.0153176 0.015105 0.0136511 0.0121451 0.011867 0.0138283 0.0183333 0.0247105 0.0319517 0.0406375 0.0522838 0.0640279 0.0666725 
0.0464862 0.0231731 0.000105364 -0.00522134 0.0119548 0.0391096 0.0561223 0.0506919 0.0265264 -0.00197085 -0.0218858 -0.0287144 -0.024787 -0.014979 -0.00382432 0.00568952 0.012131 0.0151816 0.0151866 0.012791 0.00885436 0.00459513 0.0017708 0.00227943 0.00652064 0.012864 0.0208021 0.0324529 0.0467809 0.0548019 
0.0256762 0.0074854 -0.012978 -0.0184957 -0.00157926 0.0274072 0.0479949 0.0463205 0.0247881 -0.00279347 -0.0231484 -0.0307579 -0.0271793 -0.0172427 -0.00589109 0.00356677 0.00968034 0.0122075 0.0115266 0.00826707 0.0029348 -0.00396311 -0.0107583 -0.0143189 -0.0127806 -0.00777091 -0.00120966 0.00818063 0.0206655 0.0296495 
-0.00128985 -0.0102531 -0.0224134 -0.0240106 -0.00693422 0.0211341 0.0419608 0.0424046 0.0238542 -0.00160732 -0.0213367 -0.0290895 -0.0256451 -0.0157683 -0.0047445 0.00388998 0.00876166 0.00988478 0.00800737 0.00415038 -0.00130872 -0.00884096 -0.0177802 -0.0249372 -0.0274005 -0.0259083 -0.0227816 -0.017827 -0.00997458 -0.00224685 
-0.0195481 -0.0177654 -0.0198876 -0.0172851 -0.00276637 0.0194274 0.0358997 0.0361157 0.0204281 -0.00180653 -0.0195041 -0.0262686 -0.0223445 -0.0123524 -0.00163639 0.00627933 0.0101477 0.0101854 0.0075057 0.00367152 -0.000728869 -0.00693067 -0.0158373 -0.025568 -0.0330513 -0.0372903 -0.0391092 -0.038451 -0.0341039 -0.0264978 
-0.0234517 -0.0138693 -0.00904964 -0.0049939 0.00395422 0.0170611 0.0266771 0.0254109 0.0124865 -0.00574714 -0.0202502 -0.025104 -0.0203172 -0.0101473 0.000440406 0.00822198 0.0120856 0.0122756 0.0100227 0.00722736 0.00476851 0.00100461 -0.00646887 -0.0176786 -0.030032 -0.0404548 -0.0469194 -0.0484967 -0.0446245 -0.0353881 
-0.0200912 -0.00774167 -0.000315144 0.00323649 0.00676502 0.0118446 0.0155031 0.0130085 0.00274083 -0.0113992 -0.02242 -0.0253518 -0.0201322 -0.0103272 -0.000111796 0.00779139 0.0123986 0.0138381 0.0131534 0.0121334 0.0116667 0.00997246 0.00382227 -0.00821858 -0.024098 -0.0390727 -0.0484027 -0.0501098 -0.0448125 -0.0339374 
-0.0177311 -0.00628417 0.00136582 0.00482396 0.00586061 0.00650925 0.00655767 0.00334501 -0.00478712 -0.0153745 -0.0232729 -0.0248177 -0.0199954 -0.0114372 -0.00228208 0.00534681 0.0106107 0.013455 0.0144834 0.014931 0.0153729 0.0141572 0.00819171 -0.00429101 -0.021509 -0.0380162 -0.0477623 -0.0483637 -0.041614 -0.0304949 
-0.0166134 -0.00756396 -0.000351284 0.00397066 0.00505598 0.00398375 0.00168692 -0.00265305 -0.00967369 -0.0173632 -0.0222957 -0.0224861 -0.0182512 -0.0113383 -0.00380612 0.00290199 0.00817687 0.0117787 0.0137241 0.0144739 0.0142243 0.0118194 0.00515292 -0.00692472 -0.0226697 -0.0370573 -0.0445775 -0.0434566 -0.0362534 -0.026556 
-0.0120566 -0.00605618 2.47093e-05 0.00480914 0.00631764 0.00417393 -0.000585566 -0.0070972 -0.0141657 -0.0194947 -0.0212302 -0.0193379 -0.0149123 -0.00920752 -0.00332883 0.00207202 0.0067628 0.010378 0.0123527 0.0124166 0.0105377 0.0063438 -0.000853904 -0.0111179 -0.0226757 -0.031761 -0.0348428 -0.0316458 -0.0250947 -0.018226 
-0.00233474 0.000162724 0.00404736 0.0078734 0.00885442 0.0053632 -0.00208905 -0.0114131 -0.0193992 -0.0230323 -0.0216516 -0.0170662 -0.011487 -0.00617867 -0.00151851 0.00268658 0.00666838 0.0100129 0.0117328 0.0110558 0.00788429 0.00260649 -0.00417659 -0.0115034 -0.01762 -0.0202476 -0.0182267 -0.0130305 -0.00775904 -0.00436463 
0.00840049 0.00793253 0.00948546 0.0116241 0.0114165 0.00651498 -0.0032416 -0.0151056 -0.0242968 -0.0270693 -0.0234583 -0.0165762 -0.00966203 -0.00425233 -0.000240841 0.0032526 0.00681206 0.0100204 0.0117321 0.0109902 0.00770637 0.00269895 -0.00270473 -0.00697099 -0.00847768 -0.00612149 -0.000499349 0.00571582 0.0094607 0.00977856 
0.0142238 0.01272 0.0134458 0.014658 0.0134795 0.00748657 -0.00369606 -0.0169918 -0.0269067 -0.0294576 -0.0250269 -0.0172417 -0.00979825 -0.00439112 -0.000672475 0.0025365 0.00591003 0.00908051 0.0110486 0.0109608 0.00871439 0.00512043 0.00158748 -0.000308295 0.000787336 0.00526813 0.0117276 0.0171965 0.0190657 0.0172527 
0.0131073 0.0126387 0.0144046 0.0159109 0.0143273 0.00780048 -0.0035416 -0.0165093 -0.0259614 -0.028442 -0.0244848 -0.0174284 -0.0106628 -0.00574227 -0.00230669 0.000693129 0.00380715 0.00681402 0.00908343 0.00999572 0.00932572 0.00754539 0.00576415 0.00532026 0.0072322 0.0114873 0.0165069 0.0196795 0.0192559 0.016094 
0.00771159 0.00904479 0.0124287 0.014571 0.0128914 0.00659926 -0.00332436 -0.0140155 -0.0216545 -0.0238587 -0.021101 -0.0158505 -0.0106526 -0.00669921 -0.00375755 -0.00113048 0.00155718 0.00429002 0.00681911 0.00869332 0.00945017 0.00911359 0.00847551 0.00869871 0.0105294 0.0136297 0.0164009 0.0167767 0.0140106 0.00992171 
0.00201088 0.00467211 0.0089314 0.0111256 0.00935026 0.00404813 -0.00318125 -0.0103664 -0.0154805 -0.0172325 -0.0157917 -0.0125735 -0.00919285 -0.00644873 -0.00422664 -0.00212101 0.000138994 0.00268341 0.00545706 0.00802245 0.00966088 0.0100486 0.00983812 0.010224 0.0118159 0.0139256 0.0148012 0.0128171 0.00816047 0.00346743 
-0.0011944 0.00181664 0.0058089 0.00735723 0.00548245 0.00157305 -0.00268967 -0.00649441 -0.00939277 -0.0107923 -0.0104165 -0.00881933 -0.00696489 -0.00538637 -0.0039869 -0.00243523 -0.000461632 0.00207977 0.00509437 0.00804105 0.010036 0.0106087 0.0104247 0.0107973 0.0122898 0.0139178 0.0137135 0.0103352 0.00466689 -0.000189311 
-0.00118287 0.00101137 0.00376567 0.00443017 0.00274768 0.000336769 -0.00156566 -0.00312006 -0.00477137 -0.00612398 -0.00648044 -0.00589725 -0.00506217 -0.00441087 -0.00378326 -0.00273972 -0.000934954 0.00170931 0.00493058 0.00805154 0.0101508 0.0107947 0.0106878 0.0111301 0.0126239 0.0141151 0.0136465 0.010074 0.0045122 -7.67857e-05 
0.000158555 0.000772044 0.00196112 0.00209669 0.0011895 0.000358147 6.6379e-05 -0.0004304 -0.00175983 -0.00335544 -0.00423451 -0.00426327 -0.00406735 -0.00407208 -0.00405785 -0.00345396 -0.00183073 0.000828879 0.00411951 0.00728253 0.00946316 0.0103518 0.010603 0.0112607 0.0126721 0.0139702 0.0135862 0.0106169 0.00596237 0.00186874 
-0.000171471 -0.000616332 -0.000266019 6.89e-05 0.000385595 0.00109694 0.00191787 0.00183658 0.0004229 -0.0014942 -0.00282954 -0.00339584 -0.00373066 -0.00421527 -0.00463958 -0.00442055 -0.00310323 -0.000683314 0.00240363 0.00542965 0.00767592 0.00893959 0.00970026 0.010574 0.0116537 0.0123252 0.0116143 0.00904129 0.00530203 0.00184909 
-0.00343182 -0.00338086 -0.00259773 -0.00155551 -0.000190009 0.00161574 0.00320116 0.00347403 0.00218107 0.000215303 -0.00143973 -0.00255704 -0.00344557 -0.00434775 -0.00511269 -0.00526618 -0.00439738 -0.00248742 8.41619e-05 0.00271222 0.00485033 0.00635632 0.00748765 0.00844225 0.0090135 0.00866154 0.00688719 0.00382035 0.000418243 -0.00219461 
-0.00872413 -0.00704428 -0.00519019 -0.00366343 -0.00203542 0.000132066 0.00226524 0.00325848 0.00276766 0.00140641 -0.000133412 -0.00158722 -0.00294857 -0.00423818 -0.00533216 -0.00588776 -0.00557502 -0.00437237 -0.00258309 -0.000651873 0.00106565 0.00248861 0.00372094 0.00468204 0.00487271 0.00356567 0.000430131 -0.00377854 -0.00741011 -0.00911941 
-0.0151655 -0.0120556 -0.00953083 -0.00818905 -0.00702282 -0.0049148 -0.0020996 0.000256037 0.00142119 0.00145437 0.000648958 -0.000714639 -0.00232253 -0.00393198 -0.00536399 -0.0063627 -0.00669593 -0.0063679 -0.00560157 -0.0046513 -0.00365467 -0.00259713 -0.00144831 -0.000462345 -0.000402325 -0.00229219 -0.00648999 -0.0117873 -0.0158623 -0.0169736 
-0.0227777 -0.0192069 -0.0166357 -0.0156903 -0.0148783 -0.0124991 -0.00850253 -0.00420814 -0.000862035 0.000989433 0.00127726 0.000296657 -0.00138677 -0.00327647 -0.00508236 -0.006591 -0.00767103 -0.00836166 -0.00878377 -0.00896766 -0.00881492 -0.00821073 -0.00720735 -0.00625064 -0.00632833 -0.00862322 -0.0134533 -0.0193959 -0.0238892 -0.0250002 
-0.0305795 -0.0272249 -0.0246183 -0.0234077 -0.0219905 -0.0185205 -0.012912 -0.00665951 -0.00139073 0.0019457 0.00308308 0.00236107 0.000518506 -0.00176312 -0.0040874 -0.00625396 -0.00819812 -0.00995854 -0.0115303 -0.0127317 -0.0132677 -0.0129704 -0.012045 -0.011208 -0.0116238 -0.0143863 -0.0195829 -0.0257813 -0.0306524 -0.0323181 
-0.0356843 -0.0326771 -0.0295885 -0.0271188 -0.0239899 -0.0187629 -0.0116235 -0.00415716 0.00196938 0.00576695 0.00698754 0.0060449 0.00375307 0.000862576 -0.00218075 -0.0051746 -0.00805792 -0.0108013 -0.0132564 -0.0150841 -0.0158834 -0.0155116 -0.0143941 -0.0135564 -0.0142711 -0.017372 -0.0226416 -0.0288101 -0.0340327 -0.0365424 
-0.0361986 -0.0336669 -0.0298927 -0.0255672 -0.0200545 -0.012842 -0.00469626 0.00282808 0.00844046 0.0115071 0.0119866 0.0103612 0.00741322 0.00383732 4.76102e-05 -0.00376128 -0.00748526 -0.0109693 -0.0139029 -0.0158347 -0.0163489 -0.015424 -0.0137474 -0.0125993 -0.0132421 -0.0162055 -0.0210854 -0.0269412 -0.0324676 -0.0359564 
-0.0336377 -0.0320334 -0.0279444 -0.0218818 -0.0139778 -0.0049675 0.00358555 0.0102462 0.0144237 0.0161286 0.015595 0.0132853 0.0098412 0.00582019 0.00155288 -0.00279027 -0.00705111 -0.0109332 -0.013956 -0.015567 -0.0153965 -0.0136346 -0.0112446 -0.00963104 -0.00990498 -0.0123318 -0.016486 -0.0218167 -0.0275237 -0.0320175 
-0.0304605 -0.0301498 -0.0264106 -0.0194303 -0.00998612 6.92892e-05 0.00845936 0.0139221 0.0166557 0.0173531 0.0163924 0.0140097 0.010592 0.00655555 0.00217905 -0.00236515 -0.00686403 -0.0109069 -0.0138595 -0.0150541 -0.0141773 -0.0116812 -0.00878204 -0.0068722 -0.00683205 -0.00875464 -0.0122412 -0.0169475 -0.0224511 -0.0275339 
-0.0264479 -0.0271419 -0.0241658 -0.0174484 -0.00808773 0.00158885 0.00907683 0.01337 0.0152962 0.0159889 0.015677 0.0141085 0.0113033 0.00757195 0.0032416 -0.00142137 -0.00611514 -0.010348 -0.0133703 -0.0143934 -0.0131445 -0.0103194 -0.00729684 -0.00532917 -0.00508443 -0.00665085 -0.00965574 -0.0136344 -0.0182894 -0.0230042 
-0.0193077 -0.0202302 -0.0180699 -0.0127652 -0.0053568 0.00221122 0.00791021 0.0111202 0.0129676 0.0146034 0.0158218 0.0157292 0.0139011 0.0105438 0.00611868 0.00111342 -0.00398842 -0.00860691 -0.0119362 -0.0131302 -0.0119612 -0.00926321 -0.00637817 -0.00427514 -0.00349149 -0.00436436 -0.00668671 -0.00971354 -0.0129885 -0.0164184 
-0.0079027 -0.00874598 -0.00780467 -0.00513842 -0.00131487 0.00279551 0.00618685 0.00865487 0.0111495 0.0143493 0.0174799 0.019084 0.018315 0.0152394 0.0104743 0.00483021 -0.000916215 -0.00605921 -0.00981592 -0.0114084 -0.010664 -0.00837268 -0.00559728 -0.00292295 -0.000851947 -0.000169927 -0.00106341 -0.00267162 -0.00429857 -0.00608799 
0.00574943 0.00416617 0.0026428 0.00136377 0.00067488 0.00103381 0.00252658 0.00514071 0.00912284 0.0142737 0.0192978 0.0224502 0.0226183 0.0197273 0.014525 0.00815456 0.00172287 -0.00392334 -0.00808996 -0.0101696 -0.0100322 -0.0082575 -0.00548392 -0.0019199 0.00193606 0.00490798 0.006348 0.00688171 0.0071631 0.00689197 
0.0163021 0.0127596 0.00776413 0.00228057 -0.00230479 -0.00453261 -0.00364936 0.000185744 0.00625324 0.0133934 0.0199765 0.0242845 0.0251636 0.0224552 0.0169684 0.0100629 0.00309489 -0.00296365 -0.00751426 -0.0101529 -0.0107878 -0.00972027 -0.00714614 -0.00297055 0.00235734 0.00754115 0.0116197 0.0146973 0.0169453 0.0177225 
0.0173998 0.0118307 0.00431671 -0.00337571 -0.0093157 -0.0118218 -0.0100907 -0.00456191 0.00337047 0.0119609 0.0194963 0.0244703 0.0258501 0.0234367 0.0179748 0.0108344 0.00347343 -0.00303507 -0.00814095 -0.0116019 -0.0133197 -0.0132696 -0.0112707 -0.00712326 -0.00129905 0.00500753 0.0107734 0.0155605 0.018896 0.0198022 
0.00693223 0.000833602 -0.00636076 -0.0127239 -0.0166539 -0.017109 -0.013753 -0.00710979 0.00152668 0.0105143 0.0182859 0.0235374 0.0253487 0.0234299 0.0183066 0.0111755 0.00346459 -0.00370185 -0.00978188 -0.0145537 -0.0176822 -0.0186621 -0.0171248 -0.0132629 -0.00793805 -0.00216148 0.00332839 0.00783375 0.0104695 0.0103284 
-0.00881727 -0.0138982 -0.0182897 -0.0205861 -0.0202551 -0.0175998 -0.013089 -0.00691192 0.000659328 0.00877757 0.0161562 0.0215238 0.0238829 0.0227049 0.0181931 0.0113136 0.00340126 -0.00445947 -0.0117514 -0.0180809 -0.0225264 -0.0239228 -0.0220042 -0.0179742 -0.0135375 -0.00948573 -0.00587178 -0.00325823 -0.00269615 -0.00468823 
-0.0182827 -0.0224919 -0.0240545 -0.0222165 -0.0178644 -0.0130971 -0.00928574 -0.00575918 -0.00102756 0.00524944 0.0120026 0.0176916 0.0209451 0.0208512 0.0173032 0.0111075 0.00352576 -0.00445839 -0.0123998 -0.0196731 -0.0246805 -0.0256256 -0.0224746 -0.017555 -0.0135001 -0.0109133 -0.00901892 -0.00805647 -0.00933931 -0.0132046 
-0.0143793 -0.0194722 -0.0204325 -0.0168709 -0.0110644 -0.00690772 -0.00637998 -0.00744211 -0.00652448 -0.0021476 0.00452961 0.0112998 0.0161273 0.0176611 0.0155817 0.0106475 0.00414266 -0.00297168 -0.0103199 -0.0172314 -0.021845 -0.0220498 -0.0177599 -0.0116452 -0.00679198 -0.00385879 -0.00170773 -0.000519789 -0.00222227 -0.00753734 
-0.0010871 -0.00874999 -0.0113599 -0.00875185 -0.00435923 -0.00336193 -0.00776778 -0.0139621 -0.0165243 -0.0131926 -0.00554051 0.00327589 0.0104098 0.0140872 0.0138376 0.0104296 0.00530196 -0.00040421 -0.00628955 -0.0119001 -0.0157398 -0.0158164 -0.0114885 -0.0045294 0.00230454 0.00791001 0.0127943 0.0161275 0.0150838 0.00841356 
0.0110644 0.000400881 -0.00449623 -0.00384464 -0.00186822 -0.00423973 -0.012599 -0.0222502 -0.0267555 -0.0234912 -0.0143944 -0.00336293 0.0061108 0.0118707 0.0132279 0.0109223 0.00663314 0.0018455 -0.0028959 -0.00740463 -0.0108501 -0.0116661 -0.00845822 -0.00132702 0.00795148 0.0176318 0.0266687 0.0327859 0.0322242 0.0236924 
0.0166633 0.0034735 -0.00348148 -0.00476382 -0.00466385 -0.008418 -0.0173573 -0.0270294 -0.0313798 -0.0278035 -0.0180322 -0.00589628 0.0049528 0.0120197 0.0142295 0.012177 0.00776803 0.00284635 -0.00183083 -0.00614872 -0.00973796 -0.0115306 -0.00973541 -0.00297946 0.00818627 0.0216589 0.0346656 0.043148 0.0425671 0.0320601 
0.0212032 0.00588521 -0.00368515 -0.00779327 -0.00969963 -0.0132396 -0.0196965 -0.0264075 -0.0291603 -0.0256347 -0.0166033 -0.00490208 0.00613639 0.0136835 0.0161251 0.013791 0.00872097 0.00303728 -0.00228201 -0.00697625 -0.0107611 -0.0129753 -0.0120389 -0.00595018 0.00586089 0.0216598 0.0377099 0.0485494 0.0489277 0.0380298 
0.0335854 0.0159211 0.00207529 -0.00704656 -0.0126789 -0.0166145 -0.0202738 -0.0236261 -0.0249577 -0.0222213 -0.0148127 -0.00421348 0.00666214 0.0145998 0.0173979 0.0150591 0.00963707 0.0034371 -0.00235197 -0.00724137 -0.0108234 -0.0127048 -0.0118994 -0.00653644 0.0048611 0.0217017 0.0404337 0.0548708 0.0587878 0.0502574 
0.0550903 0.0342789 0.0143066 -0.00199969 -0.0132722 -0.0192757 -0.0218389 -0.023484 -0.0245685 -0.0230437 -0.0170634 -0.00707943 0.00418717 0.0130908 0.0168945 0.015276 0.0101999 0.00406836 -0.00170559 -0.00635977 -0.00927515 -0.0101958 -0.00881788 -0.0037954 0.00705133 0.0246971 0.0465348 0.0660199 0.0755119 0.0710374 
0.0784625 0.0535178 0.0264413 0.00236399 -0.0146818 -0.0231716 -0.0258763 -0.0272668 -0.0287915 -0.0281891 -0.0228927 -0.0128429 -0.000720451 0.00946746 0.014553 0.0139415 0.00947464 0.00360893 -0.00197434 -0.00612607 -0.00787432 -0.00700977 -0.00402987 0.00158779 0.0125254 0.0313654 0.0565438 0.0810836 0.095762 0.094591 
0.0952902 0.0659912 0.0327802 0.00302856 -0.0173288 -0.0268045 -0.0295792 -0.0311377 -0.0330471 -0.0329119 -0.028041 -0.0181203 -0.00564107 0.00524712 0.0110805 0.0110689 0.00696599 0.0012786 -0.00406186 -0.00750809 -0.00764952 -0.00426266 0.00122868 0.00830371 0.019977 0.0401682 0.0679301 0.0956823 0.113075 0.112955 
0.101183 0.0693797 0.0336261 0.00286557 -0.0166682 -0.0249358 -0.0274587 -0.0295874 -0.0322416 -0.0329996 -0.0293411 -0.0206582 -0.00898496 0.00163992 0.00757296 0.00782069 0.00401516 -0.00132968 -0.00618494 -0.00887738 -0.00774672 -0.0024518 0.00499003 0.0132548 0.0255046 0.0463601 0.0749179 0.103207 0.120757 0.120252 
0.095913 0.0657206 0.0327637 0.00635457 -0.00869423 -0.0145329 -0.0173549 -0.021389 -0.0263536 -0.029508 -0.0283003 -0.0217721 -0.0114779 -0.00124999 0.00508008 0.00610264 0.00311159 -0.0014745 -0.00567987 -0.00806197 -0.00709908 -0.00222903 0.00472392 0.0123099 0.023585 0.0431733 0.0701538 0.0969274 0.113826 0.113826 
0.0822535 0.0580668 0.032499 0.0139798 0.00492896 0.00117361 -0.00334838 -0.0112371 -0.0205937 -0.0276672 -0.029444 -0.0248096 -0.01518 -0.004302 0.00366687 0.00657939 0.00510277 0.00147953 -0.00232422 -0.00515087 -0.00586921 -0.00374719 0.000136547 0.00472024 0.0126909 0.028416 0.0516156 0.0759686 0.0929039 0.0955683 
0.0658538 0.0495442 0.0326712 0.0223768 0.018867 0.0164302 0.00929574 -0.00362378 -0.0185395 -0.0300518 -0.0344358 -0.0307626 -0.020723 -0.00817084 0.0022991 0.00765482 0.00780024 0.00478977 0.000808044 -0.0029163 -0.00554031 -0.00636976 -0.00587373 -0.00482163 -0.00119908 0.00912162 0.027227 0.0487376 0.0662138 0.072786 
0.0549075 0.0446502 0.0337901 0.0291407 0.0297825 0.0286771 0.0196229 0.00237367 -0.0175058 -0.0328965 -0.0394076 -0.0363958 -0.0259408 -0.0120933 0.000181174 0.00715885 0.00809706 0.00491139 0.000238825 -0.00418229 -0.00754423 -0.00941302 -0.0101295 -0.0105849 -0.00977529 -0.00405126 0.00914221 0.0277812 0.0458328 0.0562158 
0.0584351 0.0500123 0.0400586 0.0367065 0.0392455 0.0394961 0.0300423 0.0105966 -0.0122713 -0.0304205 -0.0389991 -0.0373507 -0.0277164 -0.0142961 -0.00218432 0.00464045 0.00509265 0.00105103 -0.00431878 -0.00866461 -0.0111927 -0.0118928 -0.0112289 -0.0102992 -0.00914191 -0.00500073 0.00558579 0.0229002 0.0424343 0.0563621 
0.0854251 0.074467 0.0597355 0.0521046 0.0524474 0.0523188 0.0430639 0.0234303 -0.000459242 -0.0205571 -0.0316258 -0.0324424 -0.0250669 -0.0137787 -0.00359456 0.00163538 0.000788416 -0.00419386 -0.00971255 -0.0130087 -0.0134998 -0.0117661 -0.00846103 -0.00453979 -0.000383284 0.00611534 0.0187302 0.0391367 0.0633916 0.0818573 
0.143224 0.125993 0.100193 0.0808883 0.0724978 0.0681125 0.0583256 0.0396247 0.0157322 -0.00637709 -0.0207632 -0.0249378 -0.0204418 -0.0116667 -0.00364697 -6.85771e-05 -0.00198 -0.00737228 -0.0123599 -0.0139064 -0.011702 -0.00716262 -0.00150597 0.00475125 0.0123436 0.0243964 0.0452857 0.0764566 0.111983 0.138454 
0.228048 0.20097 0.157199 0.117801 0.0932725 0.0804057 0.0694152 0.0528287 0.0299064 0.00584013 -0.0122388 -0.0198867 -0.0177564 -0.01043 -0.0033247 -0.000244693 -0.00225563 -0.00737002 -0.0115211 -0.011306 -0.00647194 0.000567721 0.00739626 0.013834 0.0232353 0.0422299 0.0770626 0.127453 0.182217 0.22149 
0.313535 0.274921 0.209793 0.14586 0.101202 0.0779523 0.0664204 0.0541467 0.0345677 0.0104278 -0.00997302 -0.0199458 -0.0188987 -0.0115291 -0.00389713 -0.000186157 -0.0015798 -0.00619105 -0.00987499 -0.008803 -0.00245785 0.00602157 0.0128384 0.0178201 0.0272995 0.0525531 0.102544 0.17482 0.251528 0.305178 
