0.665141 0.779446 0.767225 0.629532 0.424896 0.229587 0.0918634 0.0180123 -0.0106808 -0.0157835 -0.011439 -0.00492138 1.74087e-05 0.00169322 0.000531554 -0.0012233 -0.000625947 0.00442713 0.0137341 0.0242823 0.0314653 0.0316026 0.0246143 0.0162347 0.0194612 0.0537896 0.139547 0.286128 0.4776 
0.62309 0.733133 0.72399 0.59505 0.400876 0.21447 0.0831401 0.0138189 -0.0114246 -0.0138334 -0.00749832 0.000284049 0.00570894 0.00711933 0.0052098 0.00266311 0.00259726 0.00667997 0.0140882 0.0219629 0.0268592 0.0261803 0.0196687 0.0117968 0.0143125 0.0459302 0.126285 0.264313 0.445096 
0.484347 0.572463 0.56668 0.465798 0.312109 0.163455 0.0583486 0.00336831 -0.0153611 -0.0150273 -0.00743842 0.000892567 0.00634334 0.0074954 0.00541513 0.00292738 0.0027438 0.00578032 0.0108731 0.015872 0.0187638 0.0178587 0.0122727 0.00449985 0.00382988 0.0263937 0.0890238 0.198732 0.342697 
0.312425 0.371044 0.367616 0.30136 0.199435 0.099742 0.0285047 -0.00874041 -0.0205135 -0.0183268 -0.01071 -0.00296125 0.00175742 0.00249999 0.000667724 -0.00118674 -0.00121114 0.00074817 0.00360774 0.00622577 0.00785031 0.00739496 0.00333053 -0.00378951 -0.00757662 0.00454788 0.0455909 0.120054 0.217552 
0.168135 0.20025 0.197545 0.160099 0.102437 0.0451965 0.00354005 -0.0183418 -0.0245459 -0.0216705 -0.0152632 -0.00926827 -0.00606347 -0.00598028 -0.00750541 -0.0087247 -0.00872444 -0.0077621 -0.00645967 -0.00506779 -0.0036266 -0.00290979 -0.00469484 -0.00973099 -0.0143489 -0.00974307 0.013315 0.0572962 0.114289 
0.0760107 0.0896406 0.0865696 0.0673876 0.0384861 0.00924721 -0.0125724 -0.0239922 -0.0265569 -0.0238409 -0.01933 -0.0156593 -0.0142232 -0.0148246 -0.0161939 -0.0172217 -0.0175937 -0.0173951 -0.0165696 -0.0149105 -0.0124126 -0.00971931 -0.00832087 -0.00953129 -0.0120723 -0.0108546 0.000102366 0.0223436 0.0506912 
0.0284194 0.0311584 0.0276981 0.0183435 0.00488159 -0.00931459 -0.02039 -0.0260971 -0.0268568 -0.0248049 -0.0221963 -0.0205403 -0.0203356 -0.0211795 -0.0223982 -0.0236326 -0.024642 -0.0248224 -0.0234415 -0.0203162 -0.0158523 -0.0105882 -0.00535132 -0.0015795 -0.000151638 0.000481992 0.00366282 0.0110837 0.0206873 
0.00846461 0.00537348 0.00190258 -0.00242295 -0.00839815 -0.0155925 -0.0219202 -0.0254069 -0.0259325 -0.0249073 -0.0238094 -0.0233249 -0.0234023 -0.0238005 -0.0245974 -0.0259666 -0.0273395 -0.0272639 -0.0245856 -0.0195147 -0.0129952 -0.00536622 0.00333599 0.0117312 0.0171563 0.0181912 0.0161945 0.0135237 0.0110922 
0.00516217 -0.00103475 -0.00485659 -0.00725906 -0.0102413 -0.0147725 -0.0196764 -0.0231062 -0.0244978 -0.0246356 -0.0244442 -0.0242164 -0.0237979 -0.0232858 -0.0233252 -0.0242812 -0.0251122 -0.0237684 -0.019141 -0.0121206 -0.00416778 0.0046436 0.0150371 0.0259244 0.0337188 0.0352043 0.0304566 0.0222265 0.0132617 
0.0137039 0.00535221 -0.000261249 -0.00369147 -0.00690489 -0.0114076 -0.0167523 -0.0213285 -0.0240801 -0.0250681 -0.0248916 -0.0240081 -0.0226022 -0.021052 -0.0201127 -0.0199463 -0.0190746 -0.0152769 -0.00795322 0.00110836 0.00987426 0.0183783 0.027959 0.0382709 0.0461417 0.0480934 0.0434651 0.0344694 0.0238908 
0.0294765 0.0187085 0.00965357 0.00294853 -0.00256533 -0.00857268 -0.0154308 -0.0218547 -0.0261293 -0.0274342 -0.0262745 -0.0238149 -0.0209562 -0.0182435 -0.0161181 -0.0142751 -0.0109282 -0.00399093 0.00648326 0.0178286 0.027303 0.0346147 0.0414138 0.048592 0.0547434 0.0574336 0.0554334 0.0492783 0.0402023 
0.0453391 0.0316394 0.0187306 0.00862866 0.000901946 -0.00655035 -0.0150854 -0.0236995 -0.0297535 -0.0313162 -0.0288186 -0.0243477 -0.0196955 -0.0155623 -0.0119877 -0.00826519 -0.00253253 0.00707234 0.0201289 0.0334978 0.0437338 0.0497481 0.0531093 0.0561919 0.0601125 0.0640228 0.0659015 0.0638147 0.0567898 
0.0545333 0.0381147 0.0227017 0.0113591 0.00371509 -0.00333897 -0.0124342 -0.022867 -0.0309915 -0.0335982 -0.0307356 -0.0250497 -0.019009 -0.0135117 -0.00845599 -0.00312181 0.00408418 0.0147855 0.0286515 0.0426933 0.0530672 0.0577776 0.0581084 0.0578097 0.0603596 0.0661469 0.0719812 0.0733527 0.0674042 
0.0553758 0.0374604 0.0216042 0.0116273 0.00681068 0.00270463 -0.00483228 -0.0157197 -0.0257244 -0.0304976 -0.0292419 -0.0243321 -0.0183142 -0.0122448 -0.00624384 -2.58643e-05 0.00741451 0.0173987 0.0299222 0.0425783 0.0515952 0.0544914 0.0524668 0.0503169 0.0530011 0.0613002 0.0707129 0.0747347 0.0693725 
0.0522804 0.0346843 0.0196098 0.011768 0.0105808 0.0106893 0.00647992 -0.00311566 -0.0141202 -0.0215585 -0.0235103 -0.0212761 -0.0168441 -0.0113332 -0.00532852 0.000808728 0.00743817 0.015559 0.0254131 0.0351592 0.041407 0.0418255 0.0379531 0.0352264 0.0390387 0.0498864 0.0623809 0.0690915 0.0654866 
0.0511939 0.0356832 0.0213079 0.0140018 0.0144399 0.0174614 0.0164961 0.00906897 -0.00184687 -0.011299 -0.0163848 -0.0170843 -0.0146124 -0.0101701 -0.00489372 0.000310469 0.00544931 0.0114085 0.0185659 0.0253656 0.0287682 0.0269086 0.0218211 0.0191091 0.0238512 0.0361782 0.0507958 0.0606156 0.0608769 
0.0535255 0.0411841 0.0269873 0.0180111 0.0169131 0.0198035 0.0200525 0.0141715 0.00399526 -0.00599195 -0.0124179 -0.0143894 -0.0126773 -0.00873866 -0.0042405 -0.000391123 0.00288128 0.00674817 0.0118761 0.0168827 0.0188867 0.0162713 0.0111591 0.00872661 0.0133897 0.0253005 0.0403312 0.0528001 0.0579637 
0.0547091 0.0455084 0.0316541 0.0205635 0.0164027 0.016798 0.0158898 0.0101047 0.000696673 -0.00837463 -0.0138775 -0.0148473 -0.0121571 -0.00763927 -0.00336161 -0.00067832 0.000714533 0.00253855 0.00609219 0.0104339 0.0128219 0.0114514 0.00780629 0.00603197 0.00977311 0.0195654 0.0329579 0.0461078 0.0546615 
0.0487724 0.0416928 0.0293485 0.0182822 0.0126085 0.0106824 0.00770734 0.000955531 -0.00801537 -0.0154703 -0.0187117 -0.017371 -0.0127815 -0.00702645 -0.00231104 -0.000113172 -0.000115612 -0.000195574 0.00175196 0.00564221 0.0091487 0.0101049 0.00887194 0.00821116 0.0109464 0.0179407 0.0280674 0.0390112 0.0472823 
0.0341696 0.0279878 0.0187588 0.0111309 0.00746714 0.0056045 0.0014944 -0.00630523 -0.0152198 -0.0212644 -0.022283 -0.0187655 -0.0125827 -0.00580637 -0.000447161 0.00193478 0.00133259 -0.000196378 3.00983e-05 0.00294762 0.00700671 0.00993706 0.0110613 0.0117778 0.013996 0.0184404 0.024451 0.0305978 0.0347084 
0.0152782 0.00956532 0.00473751 0.00313624 0.0045033 0.00532005 0.00174686 -0.00652678 -0.0157044 -0.0211621 -0.0209601 -0.0163009 -0.00953202 -0.00258268 0.00296513 0.00565228 0.00505844 0.00276065 0.00151315 0.00302011 0.00666551 0.0105188 0.013335 0.015394 0.0175493 0.0198727 0.0215253 0.0216052 0.0195732 
-0.00146069 -0.00591052 -0.0057361 -0.000704752 0.00655317 0.0111968 0.00929711 0.00117624 -0.00851466 -0.014454 -0.0144732 -0.0100247 -0.00377542 0.00240179 0.00734642 0.00991791 0.00949959 0.00708421 0.00504309 0.00535379 0.00816049 0.0121255 0.0158817 0.0188677 0.0208448 0.0210805 0.0185559 0.0130391 0.0056625 
-0.0125709 -0.014365 -0.00935954 0.00114228 0.0131017 0.0210751 0.0211424 0.0137152 0.0035173 -0.00381282 -0.0055507 -0.00273529 0.00201747 0.00677954 0.0105784 0.0126247 0.0123751 0.0104014 0.00849691 0.00844002 0.0106997 0.0144029 0.0182543 0.0211728 0.0221363 0.019965 0.0139131 0.00469457 -0.0052454 
-0.0188251 -0.0172268 -0.00847651 0.00530179 0.0197751 0.0298205 0.0318458 0.0259008 0.0158427 0.00690388 0.00240816 0.00237995 0.00484697 0.00791486 0.0105284 0.0120553 0.0121309 0.0111441 0.010354 0.011021 0.0133918 0.0166256 0.0194919 0.0208561 0.0196224 0.0148197 0.00636614 -0.00414765 -0.0136684 
-0.0224306 -0.018037 -0.0074968 0.00692358 0.021549 0.032375 0.0364418 0.0331017 0.0245354 0.0147784 0.00748289 0.00407734 0.00379696 0.0050821 0.00669759 0.00794127 0.00859217 0.00904528 0.0101783 0.012577 0.0157817 0.0184787 0.0194186 0.0179373 0.0136901 0.00649118 -0.00305654 -0.012953 -0.0202833 
-0.0241558 -0.0182744 -0.00807729 0.0044857 0.0171046 0.0274695 0.0334425 0.0335127 0.0277964 0.0186197 0.00950489 0.00313255 0.000158165 -0.000326447 0.000386208 0.00144415 0.00271248 0.00469611 0.00805684 0.0127303 0.0173384 0.019781 0.0186788 0.0141234 0.00699617 -0.00188776 -0.0114841 -0.0198566 -0.0246202 
-0.0233324 -0.0168385 -0.00833411 0.000678103 0.00966255 0.0183018 0.025334 0.0284678 0.0259653 0.0184535 0.00890599 0.000697453 -0.00434234 -0.00633981 -0.00644017 -0.00560284 -0.00395232 -0.000896297 0.00414213 0.0107101 0.0167749 0.019549 0.0174103 0.0109935 0.00219944 -0.00737629 -0.0164744 -0.0232982 -0.0258422 
-0.0193952 -0.0124839 -0.0060027 -0.0011013 0.00349657 0.00937435 0.0160378 0.0207158 0.0205217 0.0148737 0.00598745 -0.00274028 -0.00883188 -0.0117253 -0.0122838 -0.0115421 -0.00978182 -0.00651671 -0.00119539 0.00582281 0.012616 0.0162935 0.0149346 0.00901449 0.000570114 -0.00858632 -0.017036 -0.0227625 -0.0236272 
-0.0126228 -0.00565804 -0.00121203 -0.000151216 0.000257855 0.00296678 0.00798616 0.0124505 0.0131644 0.00897918 0.00134024 -0.00684833 -0.0129771 -0.0159896 -0.0164241 -0.0154069 -0.0136128 -0.0109703 -0.00698432 -0.00139888 0.00494932 0.00991906 0.011338 0.00862733 0.0027626 -0.00491125 -0.0127367 -0.01799 -0.0179407 
-0.00424458 0.00154513 0.00363342 0.00152346 -0.00128913 -0.00135726 0.00151891 0.00475822 0.00550394 0.00247953 -0.00360145 -0.010596 -0.0160881 -0.0186857 -0.0185788 -0.016964 -0.0150505 -0.0134198 -0.0117217 -0.00879266 -0.0037159 0.00279372 0.00843497 0.0109253 0.00923676 0.00374126 -0.00356567 -0.00900535 -0.00918286 
0.00326114 0.00624635 0.00564831 0.00146109 -0.00298191 -0.00473628 -0.00365321 -0.00165962 -0.000893339 -0.00262255 -0.00687795 -0.0123611 -0.0169844 -0.0191144 -0.0185521 -0.0164341 -0.0144032 -0.0136835 -0.0141402 -0.0138059 -0.0100357 -0.00199102 0.00804296 0.016025 0.0187144 0.0154055 0.00843793 0.00226332 0.000594554 
0.00657533 0.00588411 0.00305541 -0.00148137 -0.00550328 -0.00742221 -0.00724524 -0.00591193 -0.00464702 -0.00473898 -0.00698548 -0.0109015 -0.0147571 -0.0167536 -0.0162822 -0.014225 -0.0123491 -0.0122501 -0.0140037 -0.0152672 -0.012363 -0.00335997 0.0096168 0.0213809 0.0271148 0.0253392 0.0185669 0.0114507 0.00747814 
0.00335143 -0.000476159 -0.00404762 -0.00682381 -0.0083947 -0.00897314 -0.00868921 -0.00730404 -0.00508624 -0.00338204 -0.00369231 -0.00622132 -0.00957618 -0.0118828 -0.0121616 -0.0108905 -0.0096214 -0.00994963 -0.0120817 -0.0138134 -0.011419 -0.00265409 0.0106388 0.0231558 0.0296894 0.0285163 0.0219753 0.0141613 0.00787377 
-0.00594298 -0.0113048 -0.0136881 -0.0129721 -0.0108271 -0.00916013 -0.00805593 -0.00611861 -0.0027832 0.000546205 0.00183627 0.000374064 -0.00275095 -0.00568721 -0.00716796 -0.00720783 -0.00691473 -0.00758991 -0.00946771 -0.0108613 -0.0088375 -0.00159256 0.00936222 0.0195997 0.0247522 0.0233808 0.0172503 0.00922308 0.00120878 
-0.0178421 -0.0229433 -0.0226991 -0.0179357 -0.0121779 -0.00841886 -0.00642072 -0.00382914 0.000499763 0.00511614 0.0076498 0.00702151 0.00400877 0.00034413 -0.00249541 -0.00404906 -0.00487432 -0.00583376 -0.00712164 -0.00772768 -0.00594858 -0.000898125 0.00618452 0.0123229 0.014797 0.0128097 0.00727913 -0.000515055 -0.0094644 
-0.0275759 -0.0311452 -0.028035 -0.0202405 -0.0124232 -0.00775954 -0.00541671 -0.00239889 0.00270069 0.00837535 0.01204 0.012281 0.00949652 0.00522052 0.0010962 -0.00194302 -0.00388602 -0.00514672 -0.0058658 -0.00566605 -0.00405141 -0.00112698 0.00203822 0.00395475 0.00371835 0.00126474 -0.00337795 -0.0104513 -0.0193925 
-0.0316293 -0.0332528 -0.028373 -0.0198214 -0.0123081 -0.00831162 -0.0063235 -0.00312438 0.00263796 0.00935958 0.0142728 0.0155979 0.0133058 0.00870907 0.00357952 -0.000745866 -0.00377311 -0.00555727 -0.00620363 -0.00578051 -0.00462073 -0.00351449 -0.00338304 -0.00454806 -0.00645756 -0.00860706 -0.0117266 -0.0172361 -0.0249195 
-0.0295023 -0.0296891 -0.0249575 -0.0181462 -0.0129311 -0.0106118 -0.00926531 -0.00592634 0.000468169 0.00821855 0.0144109 0.0169239 0.0153664 0.0108761 0.0052744 0.000108252 -0.00384904 -0.00643803 -0.00774502 -0.00804729 -0.00800904 -0.00862504 -0.0105728 -0.0133779 -0.0155722 -0.0163616 -0.017059 -0.0199049 -0.0250543 
-0.0234222 -0.0234573 -0.0207289 -0.0171571 -0.0148192 -0.0140261 -0.0130335 -0.00954459 -0.00281085 0.00554755 0.0126405 0.0161536 0.0154772 0.0116194 0.00630436 0.001019 -0.0034174 -0.00674872 -0.00903913 -0.0106107 -0.0121203 -0.0144134 -0.0178132 -0.0212852 -0.0228385 -0.0215948 -0.0193127 -0.0188644 -0.0209924 
-0.0165388 -0.0179908 -0.0182418 -0.0177495 -0.0172314 -0.016812 -0.0156309 -0.0122562 -0.00600833 0.00196952 0.00915487 0.0132688 0.013575 0.0108808 0.00661251 0.00198635 -0.00224186 -0.00572584 -0.00848653 -0.0108768 -0.0135133 -0.0170433 -0.0214387 -0.0252154 -0.0260164 -0.022922 -0.0180262 -0.0147907 -0.0147507 
-0.0113432 -0.0152352 -0.0181479 -0.0191623 -0.0184974 -0.017065 -0.0153557 -0.0127003 -0.00809322 -0.00174168 0.00459891 0.00890628 0.0102842 0.00912564 0.00635444 0.00285864 -0.000590002 -0.00344964 -0.00567832 -0.0077652 -0.0104681 -0.0144053 -0.0193153 -0.0233535 -0.0238503 -0.0197977 -0.0134996 -0.00895076 -0.00847492 
-0.0091812 -0.0152991 -0.0194481 -0.0199354 -0.0174215 -0.0141792 -0.0120123 -0.0106912 -0.00860322 -0.00478307 3.95018e-05 0.00425662 0.00672429 0.00718305 0.00591471 0.00354732 0.0010347 -0.000775966 -0.00178666 -0.00273144 -0.00466755 -0.00832734 -0.0133332 -0.0176167 -0.0183261 -0.0143669 -0.00809135 -0.0038056 -0.00434955 
-0.0103223 -0.0173035 -0.0209337 -0.0194972 -0.0145706 -0.00964519 -0.00733328 -0.00751749 -0.00802314 -0.00686245 -0.0037359 0.000249906 0.00368865 0.00557088 0.00551567 0.00398172 0.00218739 0.00128782 0.00141064 0.00157906 0.000466372 -0.00274714 -0.00761321 -0.0120323 -0.0132409 -0.0101752 -0.00504024 -0.00202164 -0.00400772 
-0.014031 -0.0202755 -0.0222456 -0.0187094 -0.0119874 -0.00610244 -0.00384437 -0.00508443 -0.00743308 -0.0083111 -0.0065956 -0.00286858 0.00130715 0.00428213 0.0051104 0.00411141 0.00268876 0.00220216 0.00282324 0.00348677 0.00278505 -7.70452e-05 -0.00462095 -0.00894493 -0.0106995 -0.0090218 -0.00575964 -0.00443915 -0.00748684 
-0.0187677 -0.023399 -0.0236178 -0.0187619 -0.0113396 -0.005181 -0.00286985 -0.00436542 -0.00746526 -0.00943696 -0.00861525 -0.00510321 -0.000460532 0.00326837 0.00473262 0.00407204 0.00269482 0.00205616 0.0024847 0.00308507 0.00256569 0.000172007 -0.00372882 -0.00765516 -0.00988899 -0.00985754 -0.00887568 -0.00938728 -0.0130002 
-0.0226701 -0.025719 -0.0248045 -0.0196018 -0.0122981 -0.00616976 -0.0035554 -0.00464979 -0.00763948 -0.00989291 -0.00947014 -0.00612281 -0.00128731 0.00286057 0.00473135 0.00422498 0.00258764 0.00133156 0.00112219 0.00148116 0.00131953 -0.00022311 -0.00312971 -0.00647387 -0.0091428 -0.010759 -0.0120171 -0.0141878 -0.0180209 
-0.024174 -0.0259999 -0.0245935 -0.0196681 -0.0128605 -0.00688498 -0.00392576 -0.00441042 -0.00686478 -0.00885911 -0.00845054 -0.00525348 -0.000537923 0.0036181 0.00555952 0.00494073 0.00276556 0.000610548 -0.000399583 -0.000209716 0.000258009 -0.000174506 -0.00205657 -0.00499577 -0.00819283 -0.0111795 -0.0140407 -0.0171551 -0.0207215 
-0.0226447 -0.0233463 -0.0217195 -0.0173461 -0.0113028 -0.00580755 -0.00284756 -0.00288367 -0.00461486 -0.00590261 -0.0051226 -0.00203959 0.00221547 0.00586149 0.00739778 0.00633988 0.00345989 0.0003699 -0.00139388 -0.0013046 -0.000204144 0.000286056 -0.00102696 -0.00412408 -0.0080944 -0.01201 -0.0154105 -0.0182614 -0.0207056 
-0.0187757 -0.0181682 -0.01631 -0.0126377 -0.00772222 -0.00325101 -0.000817265 -0.000650309 -0.00148297 -0.00158483 3.17842e-05 0.00314841 0.00668537 0.00931195 0.00994394 0.00817303 0.004609 0.000789398 -0.00156842 -0.00166326 -0.000305316 0.000508922 -0.000940232 -0.00480192 -0.00973675 -0.0141154 -0.0170248 -0.0184317 -0.0188439 
-0.0142785 -0.0122809 -0.0101692 -0.00726719 -0.00368581 -0.000538671 0.00109986 0.00135875 0.00153516 0.00291221 0.00569295 0.00901449 0.0117349 0.0130267 0.0124271 0.00983655 0.00579003 0.00158987 -0.00119605 -0.00174639 -0.000804522 -0.000447587 -0.00259848 -0.00740729 -0.0131037 -0.0174476 -0.0192229 -0.0185858 -0.0165559 
-0.0107283 -0.00762792 -0.00537453 -0.00312843 -0.000584845 0.0016024 0.00272303 0.00313583 0.00415663 0.0067418 0.0104647 0.0138873 0.0157591 0.0156821 0.0138305 0.0105249 0.00629193 0.00206697 -0.00103731 -0.00242003 -0.00266595 -0.00349257 -0.0065576 -0.0119023 -0.0176405 -0.0213516 -0.0217328 -0.0191019 -0.0148795 
-0.00838353 -0.00472627 -0.00254813 -0.000688454 0.00151584 0.00359907 0.00484259 0.00552726 0.00690139 0.00979548 0.0135469 0.0165002 0.0174074 0.0161506 0.0133235 0.00957054 0.0054265 0.00143546 -0.00189606 -0.0043476 -0.0062813 -0.00868411 -0.0125277 -0.0176837 -0.0225525 -0.0250367 -0.0239457 -0.0196429 -0.0137733 
-0.00618588 -0.00247794 -0.000587363 0.00110517 0.00353679 0.00617471 0.00799231 0.00893552 0.0100532 0.0121632 0.0147578 0.0164389 0.0162026 0.0140747 0.0107219 0.00685059 0.00297141 -0.000650724 -0.00403085 -0.00734881 -0.0107865 -0.0145412 -0.0187678 -0.0231568 -0.0265948 -0.0275483 -0.0250104 -0.0193139 -0.0122518 
-0.00303296 0.000436073 0.0019356 0.00348089 0.00614595 0.00925457 0.0114886 0.0124464 0.0128703 0.0135083 0.014177 0.0140668 0.0126428 0.0100042 0.00659617 0.00291237 -0.00061232 -0.00379718 -0.00689841 -0.0103652 -0.0143422 -0.0185527 -0.0225886 -0.0260073 -0.0280728 -0.0276866 -0.0239648 -0.0172119 -0.00936598 
0.00103163 0.00409369 0.00520099 0.00644984 0.0088593 0.0117203 0.0137319 0.0143616 0.0140088 0.0131875 0.0119583 0.0101515 0.00777399 0.00498588 0.00189793 -0.00135035 -0.00443942 -0.00710599 -0.00952723 -0.0121976 -0.0153618 -0.0187567 -0.0218995 -0.0243367 -0.0254615 -0.02432 -0.0200623 -0.0129837 -0.00507299 
0.0048555 0.00717759 0.00781148 0.00853784 0.0101353 0.012024 0.0132597 0.01342 0.0125766 0.0108674 0.0084124 0.00552144 0.00265107 2.85198e-05 -0.00250965 -0.00515028 -0.00769951 -0.0097511 -0.0111991 -0.012362 -0.013604 -0.0150293 -0.0165216 -0.017801 -0.0182769 -0.0169972 -0.0131382 -0.00694554 -0.000182998 
0.00715425 0.00804425 0.00783139 0.00778956 0.0083694 0.00916183 0.0096597 0.00960756 0.0087804 0.00692643 0.00411286 0.000924584 -0.00190681 -0.00410679 -0.00599341 -0.00795798 -0.00990454 -0.0113054 -0.0117302 -0.0111968 -0.0101014 -0.00898084 -0.0082645 -0.00800781 -0.00774332 -0.00663805 -0.00399801 5.37385e-05 0.00429612 
0.0074523 0.00606027 0.00438778 0.00338931 0.00324582 0.00355807 0.00397136 0.00422243 0.00384795 0.0023675 -0.000158268 -0.00299724 -0.00531664 -0.00686709 -0.00806205 -0.00938437 -0.0107679 -0.0115829 -0.0111409 -0.00918558 -0.00607729 -0.00265393 0.000213913 0.00212959 0.0033039 0.0042569 0.00541112 0.00674787 0.00767237 
0.00642943 0.00232811 -0.00125216 -0.00321983 -0.00349053 -0.00273069 -0.00162896 -0.000723204 -0.000590113 -0.00164285 -0.00366176 -0.00580848 -0.00728487 -0.00798105 -0.00844315 -0.00919659 -0.0101181 -0.0104504 -0.00934282 -0.00641303 -0.00203246 0.00279385 0.00698606 0.00998635 0.011818 0.0126901 0.0127118 0.011822 0.0097758 
0.00559651 -0.000677589 -0.00599261 -0.00872628 -0.00868208 -0.00696453 -0.00494357 -0.00357333 -0.00335234 -0.00433161 -0.0059876 -0.00740279 -0.00790994 -0.00764151 -0.00735031 -0.00760326 -0.00815109 -0.00806687 -0.00641329 -0.00284785 0.00212536 0.00736192 0.0117321 0.0147353 0.0164572 0.0170621 0.0165134 0.0145961 0.0109812 
0.00638444 -0.000515507 -0.00665628 -0.00985767 -0.00963977 -0.00740122 -0.0051027 -0.00398325 -0.00428061 -0.00557586 -0.00707922 -0.00789245 -0.00754113 -0.00642416 -0.00551059 -0.00539307 -0.00565832 -0.00519506 -0.00302651 0.00105443 0.00631833 0.011431 0.0152139 0.0172966 0.018032 0.0178897 0.0170477 0.015265 0.0118819 
0.00907848 0.00353517 -0.00212832 -0.00556555 -0.00593637 -0.00445914 -0.00311074 -0.0030323 -0.00413507 -0.00572597 -0.00703144 -0.00735943 -0.00644977 -0.00487766 -0.00371364 -0.00349583 -0.00362829 -0.00284842 -0.000184 0.00441134 0.00996642 0.0149177 0.0179563 0.0187576 0.0179616 0.0165659 0.0153398 0.014347 0.0126718 
0.0124947 0.00978666 0.00570955 0.00218381 0.000331759 -0.000331818 -0.00102299 -0.00233696 -0.00394954 -0.00530961 -0.0060617 -0.00591287 -0.00478487 -0.0032535 -0.00229179 -0.00227152 -0.00242883 -0.00143523 0.00161224 0.00659969 0.01236 0.0171417 0.0194948 0.0190631 0.0166931 0.0139214 0.0122438 0.0122432 0.0129596 
0.0148442 0.0152093 0.0131714 0.00975651 0.00610792 0.0027297 -0.00031268 -0.00279142 -0.00430733 -0.00481561 -0.00465053 -0.00399648 -0.0028726 -0.00167487 -0.00111419 -0.00135854 -0.00157177 -0.000489603 0.00265005 0.00758667 0.0130469 0.0172386 0.0187265 0.0172143 0.0137222 0.0101462 0.0084251 0.00945274 0.0123209 
0.0150139 0.017486 0.0172345 0.0142799 0.00944167 0.00398452 -0.000794928 -0.00388226 -0.00490189 -0.00438117 -0.00330983 -0.00225795 -0.00123305 -0.000342996 1.27283e-06 -0.00026196 -0.000403145 0.000637679 0.00343403 0.00761002 0.0119009 0.0146928 0.014857 0.0124103 0.00859731 0.00537639 0.00451585 0.00663549 0.0107856 
0.0131877 0.0163713 0.0172219 0.0150627 0.0102197 0.00419228 -0.00106912 -0.00411827 -0.00462745 -0.00345897 -0.00194549 -0.00082235 7.69773e-06 0.000731319 0.00116108 0.00118393 0.00125633 0.00213857 0.00419301 0.00695403 0.00926545 0.00989928 0.00831022 0.00506697 0.00168975 -7.43542e-05 0.000808372 0.00412589 0.00871116 
0.0105543 0.0133883 0.0144391 0.0129884 0.00912846 0.00417479 -6.07569e-05 -0.00229702 -0.00234088 -0.00106386 0.000286101 0.00107974 0.00156744 0.00214079 0.00271817 0.00305094 0.00328653 0.00387835 0.00497265 0.00602465 0.00605244 0.00432205 0.000951709 -0.00293265 -0.00559633 -0.00560174 -0.00275286 0.00180456 0.0065496 
0.00845774 0.0103822 0.0105751 0.00906123 0.00637445 0.00360431 0.00176873 0.00130056 0.00199902 0.00317252 0.00402845 0.00429664 0.00438113 0.00471993 0.00521875 0.00551744 0.00556273 0.00559288 0.00559355 0.0050049 0.00308852 -0.000418792 -0.00494124 -0.00912776 -0.0112689 -0.0101456 -0.00595645 -0.000332357 0.00482105 
0.00752106 0.00828649 0.0066576 0.00393347 0.00178703 0.00137391 0.00266938 0.0047769 0.00676668 0.00809078 0.00857758 0.00846642 0.00829154 0.00838144 0.0085224 0.00828815 0.00756458 0.00653185 0.00519773 0.00319576 0.000149025 -0.00386745 -0.0082451 -0.0119707 -0.013744 -0.0124419 -0.00800134 -0.00182466 0.00392944 
0.00733869 0.00695477 0.00317795 -0.00152043 -0.00410556 -0.00297551 0.0010745 0.00584705 0.00952269 0.0114866 0.0120435 0.0118882 0.0116635 0.0115497 0.0111763 0.010046 0.00802537 0.0053764 0.00241556 -0.000697107 -0.00383506 -0.00678579 -0.00938037 -0.0114863 -0.0125947 -0.0116836 -0.00800529 -0.00215132 0.00380373 
0.00691891 0.00575453 0.000481234 -0.00601545 -0.00976102 -0.0084746 -0.0030735 0.00352246 0.00877993 0.011773 0.0128639 0.012915 0.0126527 0.0122505 0.011298 0.00920998 0.00574859 0.0012846 -0.00332182 -0.00709146 -0.00931082 -0.00983903 -0.00928597 -0.00869148 -0.00854666 -0.00806498 -0.00581735 -0.00135338 0.00381937 
0.00544594 0.00421182 -0.00118141 -0.0084434 -0.0134429 -0.0132286 -0.00817564 -0.00112113 0.00511909 0.00918625 0.0110396 0.0113171 0.0107791 0.00983298 0.00828347 0.00550677 0.00102473 -0.00480994 -0.010588 -0.0144497 -0.0151227 -0.0126557 -0.00850181 -0.00481345 -0.00304037 -0.00280253 -0.00231013 -0.000160539 0.00317144 
0.00291524 0.00249391 -0.00149225 -0.00813119 -0.0138524 -0.0152326 -0.0117342 -0.00549729 0.000827094 0.00552124 0.00792459 0.00819737 0.00707474 0.00537239 0.00335388 0.000465835 -0.00410707 -0.0102718 -0.0163559 -0.0198608 -0.0190697 -0.0141421 -0.00709021 -0.000805719 0.00250739 0.00264228 0.00131133 0.000642344 0.00152166 
0.000400558 0.00164631 0.000287784 -0.00448291 -0.0100701 -0.0128476 -0.0113481 -0.00678892 -0.00139616 0.00296191 0.00514282 0.00488396 0.00289623 0.000427525 -0.00171422 -0.00391973 -0.00737076 -0.0125034 -0.0178684 -0.0207958 -0.0192725 -0.0132722 -0.00477827 0.0031203 0.00764242 0.00774323 0.00466412 0.00111054 -0.000469684 
-0.000462081 0.00300671 0.00486543 0.00268438 -0.00198903 -0.00557038 -0.00589563 -0.00338076 0.000190154 0.00299948 0.00377461 0.0021489 -0.00107291 -0.00427112 -0.00616566 -0.00695857 -0.00816845 -0.0109516 -0.0145724 -0.0167323 -0.0153032 -0.00969356 -0.00115687 0.00753888 0.0130516 0.0131785 0.00846607 0.0022491 -0.00136401 
0.0010015 0.00646913 0.0111615 0.0115324 0.00828446 0.00472797 0.00330874 0.00406478 0.00548789 0.00589024 0.00418247 0.000275262 -0.00471358 -0.00881727 -0.0104082 -0.00952575 -0.00793914 -0.00752707 -0.00854267 -0.00951267 -0.00845713 -0.00400384 0.00385483 0.013022 0.019514 0.0197387 0.0135375 0.00501243 -0.000158506 
0.0030243 0.008995 0.0150417 0.0173087 0.0159405 0.0136324 0.0125309 0.0126789 0.0126062 0.0106891 0.00614148 -0.000575078 -0.00778354 -0.0131244 -0.0147343 -0.0125472 -0.0084472 -0.00480417 -0.00278747 -0.00196932 -0.000844626 0.00262118 0.00982464 0.0194693 0.0269444 0.0273081 0.0198006 0.0092218 0.00242397 
0.00196305 0.00590685 0.0113151 0.0147843 0.0159821 0.0164926 0.0175671 0.0188851 0.0188261 0.0156836 0.00891893 -0.00033651 -0.00966951 -0.0162936 -0.0182357 -0.0154179 -0.00970262 -0.00358736 0.00119809 0.00412408 0.0059992 0.00916357 0.0161094 0.0262498 0.0345288 0.0349647 0.0262507 0.0134532 0.00399276 
-0.00470118 -0.0048917 -0.00138712 0.00309749 0.00750413 0.0119135 0.0164439 0.0203646 0.0218671 0.0190187 0.0113797 0.00071241 -0.00982579 -0.017103 -0.0192104 -0.0161796 -0.00977574 -0.00233204 0.00426002 0.00884006 0.0115873 0.0148605 0.0217771 0.0322202 0.0409188 0.0412337 0.0312555 0.0157291 0.00214823 
-0.0155749 -0.0197787 -0.0177584 -0.0120094 -0.00463456 0.00308599 0.0105814 0.0171079 0.0208142 0.0194471 0.0124529 0.0019939 -0.00825227 -0.0150217 -0.0166435 -0.0133452 -0.00678048 0.000981178 0.00809721 0.0131178 0.0158963 0.0187958 0.0252449 0.0353974 0.043956 0.0439157 0.0327054 0.0143862 -0.00363219 
-0.025738 -0.0312953 -0.0290403 -0.0219874 -0.0132305 -0.0046239 0.00351626 0.0110687 0.0164045 0.0169439 0.0117744 0.0030351 -0.00550404 -0.0107207 -0.0112699 -0.00754401 -0.00103607 0.00644123 0.0130844 0.0172823 0.0188104 0.0201822 0.025098 0.0339679 0.0416525 0.0410402 0.029052 0.00913623 -0.0113318 
-0.0301205 -0.033789 -0.0299163 -0.0222678 -0.0143268 -0.00760513 -0.00147185 0.00495175 0.0105379 0.0125791 0.0096984 0.00355145 -0.00252288 -0.00582979 -0.00535281 -0.00148697 0.00462265 0.0115041 0.0173354 0.0202563 0.019965 0.0191755 0.0218561 0.0286622 0.0347614 0.033333 0.0213443 0.00205542 -0.0173006 
-0.0270196 -0.0276265 -0.022549 -0.0156072 -0.00983307 -0.00609557 -0.00309097 0.000777475 0.00508282 0.00751012 0.0064884 0.00295344 -0.000651821 -0.00236786 -0.00153172 0.00164598 0.00665407 0.0126096 0.0177658 0.0199641 0.0187294 0.0168157 0.0181313 0.0231951 0.0274466 0.0249387 0.0135888 -0.00304925 -0.0183731 
-0.0190459 -0.0183299 -0.0141392 -0.00912214 -0.0052884 -0.00337429 -0.00254157 -0.00131619 0.000616077 0.00201906 0.00175262 0.000165064 -0.00142856 -0.00206207 -0.00153224 0.00018366 0.00337285 0.00798224 0.0126072 0.0150195 0.0146393 0.0139816 0.0162078 0.0209543 0.0237424 0.0200956 0.00970011 -0.0034374 -0.0140875 
-0.0108446 -0.0117322 -0.0105821 -0.0080697 -0.00515086 -0.00311981 -0.00262858 -0.00313418 -0.00377122 -0.00431298 -0.00491834 -0.00546434 -0.00563932 -0.00546976 -0.00528199 -0.00497407 -0.00364369 -0.000553575 0.00347833 0.00657505 0.00829957 0.0107154 0.0156635 0.0214066 0.0235025 0.0192278 0.0101393 0.00029182 -0.00703788 
-0.0055123 -0.00958802 -0.0120199 -0.0118428 -0.00936297 -0.00651255 -0.00540304 -0.00661284 -0.00909803 -0.0114341 -0.0127767 -0.0129488 -0.0122333 -0.0112793 -0.0108115 -0.0108893 -0.0104972 -0.00851409 -0.00519104 -0.00179089 0.00158818 0.00659159 0.0138846 0.0207496 0.0230467 0.0194436 0.01243 0.00529486 -0.00059757 
-0.00259589 -0.0090161 -0.0135999 -0.0150374 -0.0135141 -0.0109542 -0.00986717 -0.0114539 -0.0148222 -0.0180507 -0.0197727 -0.0197487 -0.0184547 -0.016654 -0.0151757 -0.0143731 -0.0136168 -0.0119421 -0.00934904 -0.00661504 -0.00351956 0.00150082 0.00889472 0.0161212 0.0196603 0.0185322 0.014573 0.00961894 0.00393008 
0.000936609 -0.00535947 -0.0097456 -0.0119155 -0.0122512 -0.0118428 -0.0123741 -0.0149284 -0.0188417 -0.0222683 -0.0238403 -0.0234292 -0.0215771 -0.018911 -0.0161457 -0.0138764 -0.0120278 -0.0101036 -0.00822125 -0.0070516 -0.00622893 -0.00382803 0.00151839 0.00853215 0.0143177 0.017042 0.0166289 0.0134376 0.00781973 
0.00753021 0.00398901 0.00170806 -0.000575499 -0.00335089 -0.00638939 -0.00993097 -0.0144503 -0.0193627 -0.0230519 -0.0243594 -0.0234026 -0.0209104 -0.0174963 -0.013772 -0.0104194 -0.0077128 -0.00554677 -0.00430041 -0.00482801 -0.00679519 -0.00773073 -0.00490372 0.00190455 0.0101061 0.0164569 0.0189234 0.0171637 0.0125351 
0.0162118 0.0171083 0.0177443 0.0156052 0.0104464 0.00380563 -0.00319328 -0.0102888 -0.0167754 -0.0211778 -0.0225305 -0.0212068 -0.0182422 -0.0144614 -0.0104963 -0.00696112 -0.00412315 -0.0019524 -0.000963909 -0.00221869 -0.00552699 -0.00816589 -0.00663032 8.06099e-05 0.00935457 0.0170441 0.0204075 0.0196117 0.0172506 
0.0230957 0.0284122 0.0316744 0.0298301 0.0230665 0.013748 0.00387276 -0.005605 -0.0136716 -0.0189075 -0.020553 -0.0192176 -0.0162176 -0.0126326 -0.0091534 -0.00621077 -0.00379075 -0.00164291 -0.000177139 -0.000478651 -0.00255176 -0.00404004 -0.00186754 0.0046262 0.0126897 0.0184421 0.0201147 0.019352 0.0196288 
0.0253649 0.0331343 0.0377496 0.0362898 0.029174 0.018775 0.00730101 -0.00371 -0.0127568 -0.0184068 -0.0201779 -0.0189299 -0.0161568 -0.0130832 -0.0104097 -0.00834569 -0.00651278 -0.00429782 -0.00177203 0.000239095 0.00158019 0.00368123 0.00811695 0.0143431 0.0195614 0.0211607 0.0193571 0.0174342 0.0191349 
0.0249449 0.0323515 0.0363981 0.0348376 0.028139 0.0180472 0.00634994 -0.00513467 -0.0144169 -0.0199648 -0.0215213 -0.0201408 -0.0174022 -0.0145984 -0.0124472 -0.0110327 -0.00973042 -0.00757759 -0.00411058 0.000423736 0.00586317 0.012464 0.0198295 0.025961 0.0282312 0.0256939 0.0205304 0.0170427 0.0185969 
0.0286436 0.0344352 0.036125 0.0326691 0.0252005 0.0151883 0.00379081 -0.00747198 -0.0165657 -0.0219057 -0.0232475 -0.0216259 -0.0186105 -0.0155693 -0.0133204 -0.0120072 -0.0110059 -0.00914093 -0.00531814 0.00099859 0.00973875 0.0199914 0.0295326 0.0352913 0.0352117 0.0300805 0.0235966 0.0202944 0.0225063 
0.0459141 0.0522366 0.0505906 0.0416908 0.0291394 0.0159565 0.003318 -0.0081348 -0.0172086 -0.0226705 -0.0241902 -0.022579 -0.0193184 -0.0158432 -0.0130757 -0.0113129 -0.0101424 -0.00836958 -0.00437964 0.00300401 0.0136047 0.025383 0.0348438 0.0387354 0.0362988 0.0303278 0.0259378 0.0275132 0.0355754 
0.0875918 0.0997285 0.0944995 0.0747683 0.0492896 0.0258051 0.00726981 -0.00664862 -0.0166074 -0.0225792 -0.024531 -0.0231842 -0.0199791 -0.016348 -0.0131501 -0.0107106 -0.00882395 -0.00639157 -0.00157991 0.0068712 0.0181199 0.0289779 0.035458 0.0353114 0.030055 0.0250948 0.027369 0.0411718 0.0642928 
0.165751 0.190785 0.182045 0.14437 0.094684 0.0496945 0.0171033 -0.00372851 -0.016224 -0.0228579 -0.0249036 -0.0235952 -0.0205696 -0.0172012 -0.0140654 -0.0112375 -0.00845598 -0.004631 0.00196655 0.0119659 0.023239 0.0315101 0.0331172 0.0278772 0.0204087 0.0193383 0.0340219 0.0689694 0.118425 
0.288644 0.334386 0.322571 0.259002 0.171714 0.0913753 0.0343308 0.000841665 -0.0161937 -0.0233929 -0.0247329 -0.0227829 -0.0196901 -0.0168068 -0.0143345 -0.0118493 -0.00864215 -0.00338726 0.00533866 0.0170468 0.0280933 0.0334472 0.0303945 0.0212872 0.0140843 0.0209333 0.0541645 0.119031 0.205921 
0.445488 0.518174 0.504417 0.409426 0.27427 0.147673 0.0580415 0.00762779 -0.0151743 -0.0225841 -0.0224249 -0.019155 -0.0156043 -0.0132025 -0.0118587 -0.0105329 -0.0077544 -0.00177571 0.0084081 0.0211219 0.0315801 0.0346048 0.0286668 0.0183226 0.0144042 0.0324624 0.0881661 0.188174 0.319455 
0.592385 0.691564 0.677634 0.553907 0.373259 0.202068 0.0810688 0.0148285 -0.0127303 -0.0195695 -0.0174094 -0.0124944 -0.00824845 -0.00624569 -0.00622212 -0.0065116 -0.00480204 0.00100348 0.0113649 0.023699 0.0328785 0.0342472 0.0272637 0.0177158 0.0182552 0.0471412 0.123089 0.254454 0.425937 
