0.365253 0.362119 0.2773 0.164208 0.0755645 0.0237987 -0.00208627 -0.0104783 -0.00546699 0.00520334 0.0120778 0.0115107 0.00663907 0.00201107 -0.000620135 -0.00233771 -0.00435015 -0.00586384 -0.00562087 -0.00370408 0.000252286 0.00723098 0.0148711 0.0178686 0.0165964 0.0224576 0.0497279 0.105534 0.190136 0.290716 
0.267075 0.255983 0.189328 0.105528 0.0416553 0.00521879 -0.0134047 -0.0196889 -0.0145983 -0.00394273 0.00348307 0.00428728 0.00128711 -0.00182132 -0.00374303 -0.00534632 -0.00746998 -0.00902638 -0.00845305 -0.00575423 -0.000725937 0.00802236 0.0190675 0.0267554 0.0287476 0.0332255 0.0531732 0.0948208 0.155432 0.222594 
0.157703 0.145301 0.103039 0.0523375 0.0138908 -0.00884159 -0.0223633 -0.0284602 -0.0251086 -0.0155526 -0.00699056 -0.0031961 -0.00332436 -0.00516541 -0.00726917 -0.00955872 -0.0122688 -0.0142235 -0.0138493 -0.01105 -0.00551393 0.00471633 0.0193586 0.0328112 0.0396619 0.0428454 0.0520234 0.0735255 0.105478 0.138978 
0.0816795 0.0736146 0.0517133 0.0251885 0.00384767 -0.0107581 -0.0219605 -0.0289548 -0.0281854 -0.0208052 -0.012116 -0.00630007 -0.00478104 -0.00678024 -0.0103202 -0.0140723 -0.0176379 -0.0200138 -0.019937 -0.0172871 -0.0115868 -0.000453811 0.0169461 0.0357296 0.0482635 0.0520542 0.0523199 0.055889 0.0649649 0.0761604 
0.0454089 0.0419237 0.0319739 0.018589 0.00604 -0.00464334 -0.0144063 -0.0212438 -0.0215988 -0.0158463 -0.00811778 -0.00261743 -0.00179286 -0.00542426 -0.0110648 -0.0165228 -0.0209259 -0.0234496 -0.0232121 -0.020228 -0.0141182 -0.0024868 0.0162989 0.0383228 0.0548609 0.0596358 0.0544506 0.0468299 0.0431332 0.0440915 
0.033206 0.0316939 0.0267607 0.0192733 0.0107846 0.00214778 -0.00586912 -0.0107092 -0.00968551 -0.00375186 0.00294988 0.00636428 0.00450228 -0.00176004 -0.00958018 -0.0165878 -0.0217114 -0.0241008 -0.0230817 -0.0188955 -0.0115274 0.0010215 0.0205953 0.043773 0.0612242 0.0648967 0.0556444 0.0424974 0.0343052 0.0326549 
0.0299119 0.0298477 0.0271072 0.021983 0.0148824 0.00698976 0.000654237 -0.00123232 0.00267365 0.0100731 0.0161561 0.0169251 0.0114902 0.00216508 -0.00770277 -0.0160112 -0.0217565 -0.0239029 -0.0217413 -0.0156494 -0.00601821 0.00840698 0.0288253 0.0515047 0.0668603 0.0668592 0.053411 0.0374279 0.028763 0.0281295 
0.0307542 0.0333741 0.0315424 0.0258114 0.0175871 0.00947953 0.00492499 0.00625531 0.0130372 0.0217154 0.0270998 0.0253466 0.0165936 0.00457918 -0.00687585 -0.0161072 -0.0223338 -0.0242739 -0.02097 -0.0127727 -0.000400975 0.0164726 0.0376943 0.0586408 0.0701043 0.0655195 0.0484838 0.0310315 0.0232703 0.0254384 
0.0360649 0.0403127 0.0364737 0.0266302 0.0154042 0.00749383 0.00602331 0.0111484 0.0202651 0.0292053 0.0332872 0.0293018 0.0182001 0.00459611 -0.00751781 -0.0169571 -0.0232435 -0.0249017 -0.0206159 -0.0106245 0.00403064 0.0227969 0.0441736 0.0627725 0.0703821 0.0625423 0.0441797 0.0272606 0.0214996 0.0270287 
0.0452194 0.0473139 0.0381878 0.0223363 0.00792445 0.00128904 0.00402895 0.013048 0.0234853 0.0313621 0.0335436 0.0279877 0.0160184 0.00226344 -0.00941956 -0.0181524 -0.0238129 -0.0250181 -0.0201908 -0.00936877 0.00614759 0.0251175 0.0453089 0.0613833 0.0665302 0.0581636 0.0419185 0.028796 0.0269159 0.0352834 
0.0561428 0.0536467 0.0390724 0.0187078 0.00233715 -0.00308886 0.0025851 0.0134882 0.0231118 0.0284151 0.0285136 0.0226249 0.0116065 -0.00091326 -0.0114108 -0.0189391 -0.0236549 -0.024617 -0.0202267 -0.0101464 0.00439696 0.0217852 0.0396557 0.0534708 0.0579027 0.0515881 0.0403367 0.0338176 0.0375314 0.0480597 
0.0635551 0.0580796 0.0419827 0.0215029 0.00537604 0.000120152 0.00548989 0.0147782 0.0212776 0.0232741 0.0218218 0.0168542 0.0081025 -0.00240254 -0.0116407 -0.0183269 -0.022615 -0.0240186 -0.0210887 -0.0130564 -0.000704747 0.0143629 0.0298815 0.0421154 0.0468803 0.0434806 0.03751 0.0372888 0.0458601 0.057636 
0.0606202 0.0560549 0.0438426 0.0282853 0.0151804 0.00967551 0.0120515 0.0170454 0.0195384 0.0190612 0.0172246 0.0137156 0.00725075 -0.00140426 -0.0097973 -0.0163819 -0.0210292 -0.0233692 -0.0221263 -0.0163278 -0.00625703 0.00681376 0.0207241 0.0320141 0.0370357 0.0354199 0.03236 0.034946 0.0447654 0.0558357 
0.0477395 0.0468138 0.0414038 0.0331264 0.0246405 0.0193498 0.0181656 0.0183243 0.0174033 0.0159618 0.014785 0.0125102 0.00744032 -1.33733e-05 -0.00782847 -0.0145034 -0.019604 -0.022555 -0.022212 -0.0177834 -0.00937182 0.0021933 0.0150657 0.0258164 0.0306282 0.028898 0.025508 0.0269741 0.034509 0.0431604 
0.034029 0.0367975 0.0368088 0.033772 0.0286068 0.0236078 0.0199242 0.0167031 0.0138844 0.0126182 0.0123516 0.0106939 0.00620331 -0.000374027 -0.00732942 -0.0135033 -0.0182998 -0.0208177 -0.020035 -0.0157314 -0.008408 0.00141609 0.0127773 0.0227471 0.0268529 0.0235164 0.0176733 0.016503 0.021573 0.0286642 
0.0263149 0.0312404 0.0330613 0.0309774 0.0258792 0.0201727 0.0152958 0.0112969 0.00891757 0.00873554 0.00895872 0.00713907 0.0028742 -0.00256563 -0.00798489 -0.0128239 -0.0164212 -0.0175207 -0.0152418 -0.0102176 -0.00392052 0.00310988 0.0112576 0.0188962 0.0211655 0.0154723 0.00722787 0.00496596 0.010536 0.0190417 
0.0225227 0.0288378 0.0302263 0.0261177 0.0184307 0.0108007 0.00560863 0.00326731 0.00356 0.00512671 0.00526483 0.00262997 -0.00152825 -0.00550996 -0.00891642 -0.0119613 -0.0140055 -0.0134964 -0.00967345 -0.00399285 0.000943468 0.00425287 0.00750086 0.0107193 0.00958518 0.00140454 -0.0077991 -0.00871523 0.00011323 0.0123516 
0.018563 0.027205 0.0284028 0.0215899 0.0102551 0.000124473 -0.00495663 -0.00461838 -0.000989402 0.00233183 0.00225209 -0.00114532 -0.00518657 -0.00792829 -0.00961818 -0.0110926 -0.0118803 -0.0103836 -0.00592721 -0.000381727 0.00297926 0.00287284 0.00130225 -0.000527797 -0.00568908 -0.0159829 -0.0250301 -0.0238109 -0.0115524 0.00467153 
0.0149574 0.0265173 0.0283293 0.019348 0.00468319 -0.00759049 -0.0124165 -0.0100222 -0.00421102 0.000223178 0.000346114 -0.0029741 -0.00663503 -0.00870399 -0.00957337 -0.01024 -0.0104546 -0.00886199 -0.00487941 -0.000270221 0.001811 -6.64288e-05 -0.00425425 -0.00936969 -0.0173066 -0.0286874 -0.0372223 -0.0348091 -0.0209805 -0.00230001 
0.0134235 0.0262048 0.0287048 0.0192659 0.00360925 -0.00903776 -0.0134515 -0.0106566 -0.0049473 -0.000761511 -0.000412602 -0.00298169 -0.00588454 -0.00756874 -0.00832862 -0.00895244 -0.00928319 -0.00826682 -0.00541192 -0.0020528 -0.000622126 -0.00234239 -0.006265 -0.0116251 -0.0197825 -0.030595 -0.0382667 -0.0358055 -0.0227466 -0.00449002 
0.0123049 0.0235997 0.0271588 0.0207772 0.00865815 -0.00143866 -0.00534985 -0.00426968 -0.00143267 0.000341624 -0.000197058 -0.00227292 -0.00426386 -0.00541938 -0.0061676 -0.00707918 -0.00792336 -0.00778752 -0.00619746 -0.00397602 -0.00267316 -0.00311177 -0.00493298 -0.00820068 -0.0143549 -0.0231098 -0.0294143 -0.0274578 -0.016993 -0.00237412 
0.0087363 0.0170467 0.0227767 0.023166 0.0188476 0.0136596 0.0100246 0.00762762 0.00547438 0.00297348 0.00021367 -0.00207066 -0.00328292 -0.00368698 -0.00415176 -0.00523569 -0.00659754 -0.00729442 -0.00674509 -0.00530193 -0.00380746 -0.00275446 -0.00217588 -0.00276846 -0.00623835 -0.012527 -0.0174209 -0.0162408 -0.00925093 -0.000191177 
0.00238344 0.00751529 0.0155872 0.0234522 0.0277214 0.0276929 0.02414 0.0181621 0.011177 0.00461083 -0.000325724 -0.00297094 -0.00357985 -0.00321964 -0.00316696 -0.00408251 -0.00559304 -0.00668026 -0.00658635 -0.00531867 -0.00332273 -0.000944017 0.00150469 0.00292662 0.00143494 -0.00319466 -0.0074966 -0.00760634 -0.00416456 -0.000630483 
-0.00503691 -0.00289449 0.00582836 0.0181197 0.0279652 0.0314634 0.0283235 0.0207126 0.0115736 0.00341564 -0.0021124 -0.0045582 -0.00464002 -0.00372086 -0.00315531 -0.00360773 -0.00473566 -0.00553466 -0.0051503 -0.00343946 -0.000723174 0.0027063 0.00638148 0.00891825 0.00825906 0.00397213 -0.000952882 -0.00301197 -0.00278442 -0.0035007 
-0.0117891 -0.0119645 -0.0045449 0.00796586 0.0189936 0.0236757 0.0215086 0.0150155 0.00726767 0.000527737 -0.00390273 -0.00571328 -0.00549512 -0.00439283 -0.00355238 -0.0035063 -0.0039604 -0.00406924 -0.00306095 -0.000798717 0.00241913 0.00639416 0.0106764 0.0136737 0.0130852 0.00832252 0.00214182 -0.00203757 -0.00438208 -0.00768824 
-0.0161602 -0.0172755 -0.0118275 -0.00193222 0.00678376 0.0104798 0.00934553 0.0057922 0.00185473 -0.00162346 -0.00425982 -0.00562925 -0.0056152 -0.0047912 -0.00400705 -0.00367091 -0.00357763 -0.00313621 -0.00178141 0.000560755 0.00364723 0.00746255 0.0117417 0.0148438 0.014236 0.00911337 0.00200307 -0.00368532 -0.00751708 -0.0116428 
-0.0168343 -0.0176691 -0.0139456 -0.00760727 -0.00273463 -0.00123469 -0.00182604 -0.00239523 -0.00229562 -0.00240357 -0.00337055 -0.0045767 -0.00508021 -0.00481334 -0.00432848 -0.00396815 -0.00365526 -0.00304109 -0.00177071 0.000138942 0.00249397 0.00549354 0.00918989 0.0121558 0.0118216 0.00707703 1.33038e-05 -0.00603506 -0.0100231 -0.0134675 
-0.0144436 -0.0146543 -0.0122291 -0.0089672 -0.00750526 -0.0080923 -0.00873249 -0.00766994 -0.00514528 -0.00303567 -0.00267162 -0.00348631 -0.00419824 -0.00435138 -0.00420781 -0.00400611 -0.0037499 -0.00324292 -0.00227176 -0.000959177 0.000472758 0.00233351 0.00497117 0.00741971 0.00747451 0.00385011 -0.00202461 -0.00721783 -0.0103893 -0.0125712 
-0.0109297 -0.0106813 -0.00906724 -0.00769068 -0.0082079 -0.0100889 -0.0113217 -0.0104052 -0.00756813 -0.00463315 -0.0031725 -0.00305126 -0.0032881 -0.00339984 -0.00341553 -0.00339466 -0.00331111 -0.00301926 -0.00236653 -0.00152649 -0.00077517 0.000120269 0.00156369 0.00309156 0.00326366 0.000974553 -0.00306613 -0.00675935 -0.00890137 -0.0101002 
-0.00796478 -0.00751302 -0.00631331 -0.00569329 -0.00683141 -0.00923569 -0.0113702 -0.0117817 -0.0100061 -0.00716339 -0.00484164 -0.00352082 -0.00280295 -0.00239088 -0.00221788 -0.00218967 -0.00217856 -0.00202312 -0.00158639 -0.00100388 -0.000526516 -8.60605e-05 0.0005261 0.00115555 0.00115261 -0.00021671 -0.00280487 -0.00536355 -0.00691292 -0.0076524 
-0.00707419 -0.00677628 -0.00587182 -0.00535241 -0.00626427 -0.00855227 -0.0112623 -0.0129091 -0.0123047 -0.00985405 -0.00705086 -0.00479318 -0.00311486 -0.001929 -0.00122774 -0.000885149 -0.000694531 -0.000471849 -9.50242e-05 0.000399824 0.00090296 0.00138091 0.001779 0.0019864 0.00174085 0.000495121 -0.00185988 -0.00437444 -0.00602169 -0.00678336 
-0.0094829 -0.00969146 -0.00917314 -0.00855016 -0.00882519 -0.0103672 -0.0126777 -0.0143879 -0.0140919 -0.0118363 -0.00890257 -0.00621872 -0.00393584 -0.00208081 -0.000758151 8.56812e-05 0.000642231 0.00106867 0.00146731 0.00193029 0.00253249 0.00320661 0.00370669 0.00382615 0.00325492 0.00133954 -0.00199119 -0.00544984 -0.00769948 -0.00880884 
-0.0149002 -0.0155296 -0.0153447 -0.0145414 -0.0139493 -0.0141938 -0.0151344 -0.0157374 -0.0148602 -0.0124944 -0.00962951 -0.00696705 -0.00455859 -0.00241257 -0.000686218 0.000570909 0.00144509 0.00201985 0.00239065 0.00274864 0.00326062 0.00381144 0.00408966 0.00387135 0.00270037 -0.000279189 -0.00500634 -0.00966877 -0.0125633 -0.0139444 
-0.0210489 -0.0213873 -0.0210938 -0.0199064 -0.0183277 -0.0171204 -0.0164826 -0.0157662 -0.0141681 -0.0117044 -0.00910262 -0.00679531 -0.00465565 -0.00259398 -0.000781378 0.000612193 0.00155181 0.00207974 0.00229409 0.00237003 0.00240859 0.0022321 0.00159446 0.000436004 -0.00162721 -0.00550232 -0.0111066 -0.016415 -0.0194875 -0.0205718 
-0.025055 -0.0243812 -0.0235631 -0.0218423 -0.0193517 -0.0169885 -0.0152884 -0.0138668 -0.0120552 -0.00983968 -0.00776514 -0.00603322 -0.00433324 -0.00249884 -0.000783025 0.000478705 0.00119068 0.00145519 0.00136246 0.000933662 0.000122142 -0.00123806 -0.00324565 -0.00573065 -0.00877479 -0.013076 -0.0186267 -0.0235957 -0.0260077 -0.025951 
-0.0256163 -0.0239501 -0.0227328 -0.0205946 -0.0173714 -0.0142036 -0.0120014 -0.010544 -0.00912237 -0.00758749 -0.00627233 -0.00515282 -0.00380211 -0.00209936 -0.0004898 0.000503907 0.000800468 0.000639428 9.61741e-05 -0.00101629 -0.00285763 -0.00544642 -0.00869888 -0.0123398 -0.0161825 -0.0205582 -0.0254239 -0.0292187 -0.0300975 -0.0282041 
-0.0231891 -0.0213551 -0.0203114 -0.0180917 -0.0143792 -0.0106089 -0.00808988 -0.00682287 -0.00608746 -0.00550372 -0.00503845 -0.00441973 -0.00323494 -0.00153731 8.09133e-06 0.000729995 0.000577111 -8.99365e-05 -0.00119033 -0.00304822 -0.00583631 -0.00930873 -0.0131717 -0.0172392 -0.0213391 -0.0254863 -0.0293819 -0.0315574 -0.0304801 -0.0268055 
-0.0185393 -0.0175762 -0.0172768 -0.0154546 -0.0117551 -0.00766645 -0.00477748 -0.00349451 -0.00330927 -0.00361678 -0.00390726 -0.00367532 -0.00262732 -0.00099481 0.000448625 0.000957978 0.000450267 -0.000696822 -0.00237312 -0.00488088 -0.00825765 -0.0119456 -0.0154944 -0.0189858 -0.0225169 -0.0259013 -0.0284926 -0.0289052 -0.0262062 -0.0217981 
-0.0124908 -0.0128163 -0.0133986 -0.0124122 -0.0094444 -0.00555162 -0.00233638 -0.00076843 -0.000794649 -0.0016784 -0.00248054 -0.00256595 -0.00180458 -0.00048754 0.000697517 0.00103145 0.000332453 -0.00113814 -0.00326079 -0.00615091 -0.00952968 -0.0125768 -0.0149365 -0.0171345 -0.0195257 -0.0216602 -0.0226311 -0.0214502 -0.0180468 -0.0142906 
-0.0068219 -0.007808 -0.00874604 -0.00864827 -0.00692851 -0.00377656 -0.000507045 0.00135755 0.00133584 0.000233815 -0.000735498 -0.00100357 -0.000653463 7.66074e-05 0.000760518 0.000846463 8.37018e-05 -0.00146161 -0.00373506 -0.00661203 -0.00940682 -0.011158 -0.0118994 -0.0127066 -0.0139791 -0.0148153 -0.0142585 -0.0121546 -0.00925491 -0.00711599 
-0.0034036 -0.00383593 -0.00422019 -0.0046408 -0.00426297 -0.00221857 0.00068932 0.00254697 0.00247694 0.00141722 0.000695745 0.000573124 0.000633876 0.000683006 0.000636218 0.000277593 -0.000553409 -0.00194176 -0.003979 -0.00644082 -0.00837956 -0.00879453 -0.008097 -0.00779333 -0.00820667 -0.00801055 -0.00647131 -0.00447873 -0.00318841 -0.00297278 
-0.00122735 -0.00047185 2.27032e-05 -0.000736916 -0.00166583 -0.000953494 0.00111359 0.00242476 0.00201494 0.00110835 0.00100919 0.00146066 0.00158562 0.00112683 0.000295315 -0.000690216 -0.0017037 -0.00282549 -0.00431873 -0.00612297 -0.00735511 -0.00699797 -0.00546006 -0.00433938 -0.00398462 -0.00298777 -0.000952585 0.000479045 0.000175529 -0.000924429 
0.00328264 0.00456288 0.00498852 0.00330102 0.000831459 -6.29279e-05 0.00064443 0.000885574 -4.83277e-05 -0.000654557 0.000102078 0.00136406 0.00186251 0.00123792 -0.000168547 -0.00178961 -0.00311224 -0.00402409 -0.00489935 -0.00603959 -0.00691698 -0.00649666 -0.00476715 -0.00302699 -0.00177462 9.59116e-05 0.00276841 0.00445343 0.0041003 0.00308715 
0.0114897 0.0118866 0.0106687 0.00716875 0.00293399 0.000261333 -0.000793853 -0.00189161 -0.00315695 -0.00308691 -0.00134076 0.000668862 0.00161414 0.0011399 -0.000489903 -0.00259757 -0.00432605 -0.00523506 -0.00567257 -0.00629863 -0.0070451 -0.00692861 -0.0053966 -0.0031835 -0.000858572 0.00222359 0.00614632 0.00935858 0.0107031 0.0109902 
0.0203652 0.0185395 0.014744 0.00945622 0.00414989 0.000291266 -0.00239668 -0.00481183 -0.00613498 -0.00508587 -0.00238688 7.76492e-05 0.0012764 0.00103399 -0.000568542 -0.00297756 -0.00516104 -0.00633628 -0.00665783 -0.00693854 -0.00747081 -0.00746568 -0.00609431 -0.0035553 -0.00024217 0.00422471 0.00984713 0.0152228 0.0188247 0.0204193 
0.0249435 0.0204046 0.0147347 0.00918777 0.00451202 0.000779267 -0.00282702 -0.00623286 -0.00744559 -0.00545677 -0.0021415 0.00024549 0.00116596 0.00082479 -0.000776212 -0.00333423 -0.00588917 -0.00742589 -0.00778131 -0.00766783 -0.00758083 -0.00710472 -0.00560636 -0.00302899 0.000680154 0.00612226 0.0132844 0.0204823 0.0254286 0.0269064 
0.022218 0.0163458 0.0112043 0.00759646 0.00498996 0.00219775 -0.00177936 -0.0056825 -0.00649135 -0.00367354 -0.000179629 0.00150951 0.00141637 0.000338618 -0.00152734 -0.0041167 -0.00674962 -0.00833672 -0.00838943 -0.00743844 -0.00618811 -0.00479154 -0.00317001 -0.00123832 0.00172091 0.00697116 0.0145753 0.0222314 0.0267404 0.0264777 
0.0139375 0.00969468 0.00766459 0.00714409 0.00647663 0.00406682 -0.000442481 -0.00444405 -0.00444625 -0.000786201 0.00269566 0.00345418 0.00198727 -0.000255498 -0.00263078 -0.00515475 -0.00746636 -0.00853755 -0.00768244 -0.00536155 -0.00261485 -0.000288385 0.00103033 0.00140995 0.00231397 0.00576265 0.011944 0.0181364 0.0207874 0.0187135 
0.00453549 0.00454133 0.00676626 0.0086201 0.00812433 0.00456839 -0.000877456 -0.00449323 -0.00318841 0.00151366 0.00520661 0.00542453 0.0029076 -0.000438683 -0.00343708 -0.00592107 -0.00768899 -0.00787211 -0.00580687 -0.00201117 0.00213558 0.00512402 0.00575543 0.00415735 0.00248858 0.00327522 0.0066742 0.00993034 0.0100885 0.00726498 
-0.00230581 0.00211882 0.00790139 0.0105108 0.0081878 0.00217973 -0.00418081 -0.006594 -0.00322686 0.00300938 0.00738677 0.00763275 0.00457508 0.000325886 -0.00345638 -0.00618136 -0.00757616 -0.00698794 -0.00397357 0.000852221 0.00587244 0.00901195 0.00869413 0.00545447 0.0022087 0.00157418 0.00304166 0.00354601 0.00115447 -0.00215021 
-0.00307214 0.0028251 0.00985102 0.0118576 0.00693928 -0.00173213 -0.00857821 -0.0090822 -0.00308289 0.00501414 0.0102377 0.0106533 0.00723959 0.00217053 -0.00258414 -0.00598134 -0.00756186 -0.00685863 -0.00362645 0.00152619 0.00679089 0.00955119 0.00817771 0.00410582 0.00117285 0.00182978 0.00434743 0.00463821 0.00104838 -0.0032187 
0.00519713 0.00880182 0.0142416 0.0146409 0.00735428 -0.00346872 -0.010508 -0.00912323 -0.000781705 0.00865988 0.0141066 0.0142092 0.0102819 0.00445321 -0.00130614 -0.00573804 -0.00824055 -0.00836965 -0.00574158 -0.000651005 0.00498483 0.007979 0.0066353 0.00310187 0.00182309 0.00522507 0.0110346 0.0142668 0.0121885 0.0072821 
0.0219982 0.0216566 0.0237976 0.0217728 0.0122617 -0.000444322 -0.00801382 -0.00561302 0.00403832 0.0137902 0.0184723 0.0174697 0.0126287 0.00601073 -0.000718229 -0.00638887 -0.0102969 -0.0117734 -0.00993758 -0.00449828 0.00273151 0.00810288 0.00942367 0.0084478 0.00923274 0.0144611 0.0229293 0.0299946 0.0312382 0.0267962 
0.043487 0.0395229 0.0375921 0.0320989 0.0199855 0.00548504 -0.00300544 -0.000638742 0.00928465 0.0187888 0.022445 0.0200286 0.0139247 0.00631597 -0.00143417 -0.00833158 -0.0134699 -0.0157726 -0.0139089 -0.00719026 0.00279106 0.0121993 0.0180419 0.0207637 0.0233293 0.0288113 0.0380056 0.0477315 0.0524777 0.049732 
0.0642972 0.0575535 0.0503298 0.0392515 0.0235454 0.00804623 -0.000158906 0.00248101 0.0124295 0.0218747 0.0252241 0.0219659 0.0146546 0.00586487 -0.00296762 -0.01086 -0.0165862 -0.0186607 -0.0156869 -0.00713506 0.0053903 0.0179243 0.0267588 0.0313954 0.0343973 0.0394148 0.048679 0.0603868 0.0689326 0.0697348 
0.0777246 0.0692447 0.0556659 0.0369645 0.0169109 0.00213077 -0.00275888 0.00239049 0.0131635 0.0229021 0.0266522 0.0233447 0.0151718 0.00517405 -0.00469876 -0.0132741 -0.0190995 -0.0204996 -0.0163247 -0.00653719 0.00693545 0.0197546 0.0277228 0.0306004 0.0321523 0.0369101 0.0471492 0.0612846 0.0741491 0.0801252 
0.0790214 0.0688956 0.0493107 0.0240307 0.00155078 -0.00999505 -0.00897198 0.000514215 0.0126468 0.0224531 0.0265321 0.0235087 0.0148548 0.00389293 -0.00671658 -0.0155423 -0.0212433 -0.0224122 -0.0183033 -0.00914185 0.00312021 0.0139138 0.0187292 0.0181029 0.0176864 0.0229575 0.0353202 0.0522185 0.0686034 0.0787441 
0.0697583 0.0560261 0.0319383 0.00488611 -0.0146956 -0.0202038 -0.0133542 -0.000926514 0.0111491 0.0199972 0.0238676 0.0211163 0.0123768 0.00107173 -0.00951856 -0.017848 -0.0231183 -0.0247092 -0.0223484 -0.0159122 -0.00638607 0.00227515 0.00536687 0.00332909 0.00253534 0.00901106 0.0235847 0.0425537 0.0601865 0.0706756 
0.0544465 0.0358653 0.00994137 -0.0133145 -0.0250411 -0.0233294 -0.0131757 -0.00142136 0.00812055 0.0150001 0.0183866 0.0159319 0.0075113 -0.00332749 -0.0129238 -0.0199275 -0.0243772 -0.0266121 -0.026677 -0.0235869 -0.016614 -0.00835851 -0.00367267 -0.00357438 -0.00299499 0.00394162 0.0185731 0.0371415 0.0531035 0.060178 
0.0354405 0.0148146 -0.00897915 -0.0254272 -0.0288018 -0.0217876 -0.0112666 -0.00253653 0.00348817 0.00842549 0.0115989 0.00973716 0.00219261 -0.00739348 -0.0153111 -0.0206048 -0.0240441 -0.0265785 -0.0282614 -0.0273118 -0.0215728 -0.0123254 -0.00444636 -0.000933241 0.000726627 0.0056575 0.0165202 0.0309425 0.0426543 0.0452585 
0.0162599 -0.0012795 -0.0193748 -0.0292567 -0.0279462 -0.0200142 -0.0117125 -0.00619474 -0.00254723 0.00159767 0.0053161 0.00481439 -0.000890114 -0.00846482 -0.0144944 -0.0182556 -0.0207455 -0.0229845 -0.0249045 -0.0245587 -0.0193598 -0.00979587 -0.000474812 0.00427098 0.00477972 0.00550659 0.0104426 0.0189461 0.0260077 0.0260244 
0.00619268 -0.00480832 -0.0166333 -0.0229354 -0.0222484 -0.0185478 -0.0152312 -0.0128077 -0.00992199 -0.00504663 0.000327997 0.00226113 -0.000629608 -0.00569919 -0.00987445 -0.0123382 -0.0139052 -0.0153624 -0.0165585 -0.0159798 -0.0115145 -0.00348378 0.00384665 0.00579155 0.00218531 -0.00192034 -0.00132464 0.00405825 0.00987692 0.0114059 
0.0159261 0.0125495 0.00397864 -0.0043714 -0.0102506 -0.0154272 -0.019648 -0.020784 -0.0178509 -0.011119 -0.00315788 0.00169501 0.0016159 -0.00111923 -0.00345598 -0.00447999 -0.00493708 -0.00537824 -0.00553878 -0.0044858 -0.000950929 0.00446877 0.0075674 0.00376668 -0.00601307 -0.0144193 -0.0146754 -0.00702396 0.00349636 0.0122338 
0.051936 0.0562466 0.0456024 0.0274062 0.0083237 -0.00948639 -0.0225663 -0.0273177 -0.0238498 -0.0146871 -0.00409341 0.00282564 0.00424386 0.00288995 0.00208952 0.00252799 0.00316927 0.00359016 0.00420779 0.00549896 0.00805753 0.0110609 0.0102247 0.0010633 -0.0139974 -0.0247792 -0.0227515 -0.00851724 0.0122557 0.0345298 
0.118615 0.129338 0.108966 0.0714398 0.0325889 -0.000102663 -0.0216792 -0.029152 -0.0246004 -0.0131341 -0.000985567 0.00621938 0.00735068 0.00600699 0.00570572 0.00671962 0.00768427 0.00827967 0.00900048 0.0100216 0.0117085 0.0133741 0.0107684 -0.000553461 -0.0171037 -0.0267883 -0.0198241 0.00382166 0.0397471 0.082452 
0.217178 0.231217 0.191177 0.124185 0.060662 0.0132087 -0.0151995 -0.0245506 -0.0192075 -0.00661335 0.0053629 0.0111774 0.0107352 0.00826009 0.00715643 0.00735555 0.00744269 0.00731959 0.00751124 0.00802009 0.00933628 0.011171 0.00942702 -0.000370741 -0.014378 -0.0197397 -0.00565276 0.030188 0.0867855 0.157508 
0.326429 0.339377 0.273345 0.173004 0.08573 0.0272459 -0.00508435 -0.0157806 -0.010738 0.00135909 0.0116353 0.0149994 0.0124031 0.00837427 0.00596205 0.00478993 0.00353194 0.00240428 0.0020514 0.00239136 0.00406992 0.00728351 0.00828461 0.00242253 -0.00691852 -0.00678596 0.0151114 0.0643555 0.143561 0.243934 
0.391056 0.39772 0.312605 0.192151 0.0937266 0.0330258 0.00148471 -0.00904185 -0.00445144 0.00656362 0.0146288 0.0153436 0.0108439 0.00582765 0.0027723 0.000906948 -0.00107032 -0.00265816 -0.00295618 -0.00207251 0.000592095 0.00567778 0.0100513 0.00877701 0.00406795 0.00856255 0.0360668 0.0941221 0.186014 0.300527 
