0.341055 0.353959 0.294152 0.196277 0.112323 0.0638044 0.0375114 0.0173972 0.00102583 -0.0078368 -0.0080901 -0.00359365 -0.000255823 -0.000949303 -0.00443568 -0.00844397 -0.0116587 -0.0132717 -0.0129123 -0.0119985 -0.0129024 -0.0146124 -0.0115819 -6.34193e-06 0.0168838 0.0344562 0.0578258 0.102014 0.176325 0.268073 
0.308776 0.33257 0.285231 0.196861 0.118627 0.0722083 0.0445045 0.0209746 0.00131774 -0.0101375 -0.0126405 -0.00961272 -0.00629507 -0.00574017 -0.00740497 -0.0095886 -0.011346 -0.012173 -0.0119657 -0.0122191 -0.0148994 -0.018144 -0.0158924 -0.00454914 0.0124105 0.0296755 0.0497918 0.0853217 0.148111 0.23288 
0.211405 0.238713 0.210982 0.150234 0.0981426 0.0701788 0.0518937 0.030703 0.00935073 -0.00556325 -0.0121243 -0.0125897 -0.0110432 -0.010482 -0.0112389 -0.0122946 -0.0128589 -0.0125392 -0.0115903 -0.0117782 -0.0147803 -0.0181082 -0.0155525 -0.00404565 0.0122521 0.0267122 0.0384028 0.0557847 0.0917792 0.150097 
0.108378 0.130213 0.117533 0.0858545 0.0647671 0.0605596 0.056099 0.040218 0.0188289 0.00157851 -0.00815708 -0.0118398 -0.0125112 -0.0128555 -0.0138459 -0.0148866 -0.0149756 -0.0135679 -0.0112564 -0.01019 -0.0120211 -0.0141397 -0.0105216 0.00140099 0.0167607 0.0279613 0.0316976 0.0324782 0.0420052 0.0699964 
0.0373826 0.0515118 0.0475891 0.0363527 0.0370271 0.048827 0.0538006 0.0428024 0.023728 0.0071813 -0.00341816 -0.00907873 -0.0115966 -0.0129731 -0.0145357 -0.0160552 -0.016305 -0.0143516 -0.010744 -0.00787603 -0.0078165 -0.0085538 -0.00432702 0.00767609 0.0225097 0.0318576 0.0308486 0.021274 0.0130926 0.0186415 
-0.000207266 0.0099669 0.0126978 0.0135597 0.0237344 0.0394237 0.0458362 0.0377547 0.0233218 0.0105181 0.000891572 -0.00591499 -0.00981415 -0.0117658 -0.0134088 -0.0151603 -0.0158291 -0.0139359 -0.00950776 -0.00493566 -0.00306488 -0.00306729 0.000545481 0.0117474 0.0266711 0.0364436 0.0341599 0.0193777 0.00105964 -0.00692563 
-0.0163717 -0.00637818 0.00257378 0.0103524 0.0220982 0.0339088 0.0364858 0.0294118 0.0200714 0.0121193 0.00435489 -0.00299365 -0.00783543 -0.0099433 -0.0112156 -0.0128338 -0.0137741 -0.0120022 -0.00684137 -0.000504978 0.0033186 0.00398419 0.00641101 0.0159417 0.0307139 0.0419918 0.0406629 0.023795 -0.000459761 -0.016656 
-0.0194159 -0.00820863 0.00458152 0.014502 0.0237448 0.0299878 0.0283152 0.021251 0.0154009 0.0115078 0.00620616 -0.00054635 -0.00566298 -0.00792865 -0.00908137 -0.0106001 -0.0114959 -0.00939429 -0.00311604 0.00539187 0.0118442 0.0141076 0.0159324 0.0232463 0.0361616 0.0472139 0.046608 0.0295241 0.00285016 -0.0171815 
-0.0155719 -0.00235563 0.0107011 0.0176734 0.0219804 0.0241307 0.020644 0.0136812 0.00933099 0.00807063 0.00572665 0.00105661 -0.00336973 -0.00588948 -0.00751693 -0.00921995 -0.00982747 -0.00706882 0.00023318 0.0104409 0.0192982 0.0236487 0.0255182 0.0300814 0.0387282 0.0463402 0.0446141 0.0283268 0.00310871 -0.0153187 
-0.0111188 0.0046286 0.0157183 0.0170773 0.0159721 0.0159327 0.0126598 0.00602083 0.00192423 0.00219483 0.00282255 0.00109154 -0.00183033 -0.0043748 -0.00659513 -0.00845476 -0.00858329 -0.00531861 0.00197756 0.0120095 0.0214068 0.026928 0.028723 0.0301391 0.0333451 0.036181 0.0327006 0.0180025 -0.00310173 -0.0160374 
-0.00724425 0.00930056 0.0175005 0.0138727 0.00890493 0.00783416 0.00493301 -0.00182777 -0.00617885 -0.00487487 -0.0017804 -0.000822608 -0.00206733 -0.00419058 -0.00647023 -0.00804088 -0.0076029 -0.00433872 0.00173076 0.00973097 0.0176878 0.0230426 0.0243957 0.023061 0.0219857 0.0220224 0.0190084 0.00766766 -0.00838125 -0.0160161 
0.000595295 0.0142051 0.0185464 0.011449 0.00427559 0.00235999 -0.000876466 -0.00810246 -0.0125697 -0.0104586 -0.00586929 -0.00334607 -0.0034573 -0.00497537 -0.00680632 -0.00784661 -0.00716869 -0.00458588 -0.00039033 0.00506636 0.011056 0.0158179 0.0169804 0.0143549 0.0117186 0.0124753 0.0134216 0.00790628 -0.00279781 -0.00766312 
0.0155004 0.0234673 0.0231598 0.0134982 0.00485108 0.0017985 -0.00201369 -0.00906653 -0.0130312 -0.0106852 -0.00621526 -0.0038205 -0.00388521 -0.00519737 -0.00671687 -0.00760152 -0.00731272 -0.00583366 -0.00330617 0.000369436 0.00516146 0.0098268 0.011681 0.00987355 0.00868661 0.0128325 0.0193349 0.0202622 0.01454 0.0107094 
0.0338364 0.0359268 0.0315345 0.0206527 0.0114989 0.00740919 0.0032477 -0.00279428 -0.00589049 -0.00422366 -0.00153302 -0.000864963 -0.00207243 -0.00397646 -0.00581527 -0.00710508 -0.00745467 -0.00671383 -0.00483387 -0.00158458 0.00310953 0.00823968 0.0115317 0.0124897 0.0153326 0.0240154 0.0347158 0.0394016 0.0365817 0.0329161 
0.0481506 0.0453004 0.0386667 0.0288876 0.0210562 0.0167179 0.0123825 0.00731188 0.00475797 0.00523653 0.00566374 0.0040965 0.00113499 -0.00203756 -0.00478883 -0.00670702 -0.00732853 -0.00641238 -0.00394809 0.000117278 0.00558661 0.0115174 0.0166508 0.0217129 0.0302857 0.0435561 0.0557879 0.0600254 0.0565185 0.051253 
0.0528753 0.0458399 0.0384987 0.0314335 0.026309 0.0227086 0.0185154 0.0141167 0.0118968 0.0116922 0.0108551 0.00792765 0.00360824 -0.000893879 -0.00472391 -0.00714247 -0.0075371 -0.00576169 -0.00202495 0.00344102 0.0100762 0.0169894 0.0241491 0.0336077 0.0477649 0.0643261 0.075663 0.0765086 0.0695135 0.0606453 
0.0459372 0.0356779 0.0281421 0.0235887 0.0211351 0.0189732 0.0157923 0.0126633 0.0115327 0.0119355 0.0114282 0.00861176 0.00398361 -0.00126055 -0.00583241 -0.00848669 -0.00847737 -0.00582024 -0.00096881 0.00553619 0.0128126 0.020119 0.0284587 0.0405881 0.0575262 0.0745118 0.0832896 0.0803742 0.070015 0.0577623 
0.029773 0.0184058 0.0111915 0.00821084 0.00755304 0.00706794 0.00588525 0.00507325 0.00598567 0.00794243 0.00872641 0.00693807 0.00282509 -0.00241294 -0.00712912 -0.00976927 -0.00955735 -0.00660481 -0.00151472 0.00488065 0.0114324 0.0175841 0.0249276 0.0362538 0.0517195 0.0660727 0.0718789 0.0669831 0.0558733 0.0429445 
0.0119776 0.0021052 -0.00401798 -0.00630545 -0.00625181 -0.00535418 -0.00425342 -0.00255311 0.000242398 0.00343918 0.00530557 0.00454318 0.00123123 -0.00340949 -0.00765295 -0.0100327 -0.00990842 -0.00740533 -0.00310937 0.00201816 0.00669564 0.0104355 0.0148524 0.0224431 0.0334385 0.0438106 0.0476707 0.0432743 0.0341241 0.0233349 
-0.00100443 -0.00809476 -0.0130742 -0.0156975 -0.0160323 -0.0143902 -0.0114608 -0.00794024 -0.00419533 -0.000651675 0.00167941 0.00171565 -0.000602128 -0.00415466 -0.00741493 -0.00925171 -0.00925208 -0.00753233 -0.00454147 -0.00112387 0.0015336 0.00289185 0.00415446 0.00745401 0.0137228 0.0208059 0.0242158 0.021687 0.0151607 0.00717126 
-0.0100142 -0.0150583 -0.0195124 -0.02299 -0.0241344 -0.0222577 -0.0181894 -0.0134988 -0.00915832 -0.0053732 -0.00259014 -0.00165392 -0.00273472 -0.00492784 -0.00698658 -0.0080759 -0.00796918 -0.00681426 -0.00494425 -0.00293857 -0.00167288 -0.0017096 -0.0023834 -0.00194533 0.0012125 0.00643438 0.0100126 0.00871591 0.00314148 -0.00383019 
-0.0177888 -0.0223898 -0.0264633 -0.0299299 -0.0312453 -0.0294545 -0.0251041 -0.0197073 -0.0144774 -0.00985503 -0.00628084 -0.00445159 -0.0044855 -0.00558665 -0.00667888 -0.00706988 -0.00663992 -0.00562241 -0.00433398 -0.00308603 -0.00232436 -0.00252675 -0.00354884 -0.00412294 -0.00231502 0.00208532 0.0056363 0.0041599 -0.00265273 -0.011145 
-0.0221746 -0.0269816 -0.0299659 -0.0320205 -0.0328219 -0.0316953 -0.028202 -0.0228229 -0.0167695 -0.0112178 -0.00710565 -0.00501601 -0.00476872 -0.00548603 -0.006179 -0.00624413 -0.00562033 -0.0045965 -0.00349019 -0.00241113 -0.00141786 -0.000878026 -0.00114852 -0.00153238 -3.7237e-05 0.00409073 0.00761404 0.00564473 -0.00290489 -0.0138255 
-0.0198397 -0.0242105 -0.0255934 -0.0259695 -0.0265241 -0.0267955 -0.0250092 -0.0203745 -0.0141564 -0.008428 -0.00464589 -0.00314753 -0.00332207 -0.00419545 -0.00495886 -0.00518885 -0.0048634 -0.00418224 -0.00332742 -0.00225839 -0.000834204 0.000634225 0.00144102 0.00176893 0.00340548 0.00743069 0.0111297 0.00950004 0.000785194 -0.0108967 
-0.0124093 -0.0157714 -0.0162741 -0.0161562 -0.0172211 -0.0189549 -0.0187097 -0.0150135 -0.00930938 -0.00421699 -0.00133587 -0.000669351 -0.00129101 -0.00227973 -0.00314313 -0.00373924 -0.00409575 -0.00421726 -0.00400921 -0.00327534 -0.00182087 0.000111446 0.00178314 0.00300736 0.00496106 0.00863715 0.0122115 0.0115656 0.00477249 -0.00491899 
-0.00526509 -0.00772175 -0.0086721 -0.00946249 -0.0113184 -0.0136526 -0.0140134 -0.0111042 -0.00636502 -0.00223251 -6.95342e-05 0.000284829 -0.000240519 -0.00092449 -0.00158613 -0.00233644 -0.00327303 -0.00426093 -0.00495777 -0.00499883 -0.00413105 -0.0024379 -0.000421618 0.0015013 0.00361551 0.00642026 0.00909862 0.0092471 0.00542 -0.000501019 
-0.00180269 -0.0032788 -0.00506598 -0.00715046 -0.00949541 -0.011503 -0.011745 -0.00961889 -0.00620278 -0.00311288 -0.00127119 -0.000600299 -0.00048669 -0.00051562 -0.000711336 -0.00129957 -0.00242763 -0.0039407 -0.00540616 -0.00635364 -0.00645094 -0.00560331 -0.0040174 -0.00216011 -0.000446397 0.00107964 0.00238655 0.00283683 0.00178837 -0.000134017 
-0.000882454 -0.000869747 -0.00268446 -0.00541249 -0.00787278 -0.00938427 -0.00952892 -0.00838015 -0.00652768 -0.00460822 -0.00302259 -0.00184598 -0.00094658 -0.000291888 -1.84481e-05 -0.000324647 -0.00134793 -0.00297475 -0.00481709 -0.00641133 -0.00741378 -0.00767181 -0.00721201 -0.00633782 -0.00559738 -0.00527193 -0.00501596 -0.00438407 -0.00337888 -0.00209798 
0.000493561 0.00213124 0.00111842 -0.001468 -0.00389581 -0.00531084 -0.00576949 -0.00571052 -0.00538498 -0.00469521 -0.00355363 -0.00211247 -0.000690646 0.000383084 0.000917387 0.000807867 -3.58795e-05 -0.00154693 -0.00342291 -0.00527088 -0.0068144 -0.00797617 -0.00875175 -0.0091801 -0.00947974 -0.00980805 -0.00975689 -0.00861511 -0.00618705 -0.00284189 
0.00338059 0.00611345 0.00601929 0.00393671 0.00160638 1.56424e-05 -0.000955591 -0.00185685 -0.00277441 -0.00319461 -0.00267754 -0.00136597 0.000148719 0.00130492 0.00187913 0.00183529 0.00111624 -0.000254099 -0.00204972 -0.00393943 -0.00569648 -0.00731265 -0.00882127 -0.0100995 -0.0110044 -0.0114207 -0.0109368 -0.00898245 -0.00551742 -0.00106323 
0.00582787 0.00909965 0.00979837 0.00844436 0.00648192 0.00488938 0.00358239 0.00200824 0.000193263 -0.00111575 -0.00126923 -0.000352867 0.00095883 0.00200803 0.00253385 0.00250535 0.00186264 0.000574592 -0.0012185 -0.00322267 -0.00515667 -0.00693227 -0.0085762 -0.00999116 -0.0109653 -0.0112462 -0.0103777 -0.00788155 -0.00386503 0.00102312 
0.00528639 0.00902552 0.0107298 0.0105569 0.00946858 0.00827902 0.00694869 0.0050139 0.00263732 0.000711636 1.36793e-06 0.000492489 0.00152985 0.00243581 0.00291464 0.00290847 0.00233133 0.0010832 -0.000805476 -0.00308645 -0.00536302 -0.00733541 -0.00891806 -0.010107 -0.0108786 -0.0111097 -0.0103788 -0.00813297 -0.00433562 0.000432669 
0.00156527 0.00599478 0.00908951 0.0105642 0.0107708 0.0102657 0.00912669 0.00711431 0.00453104 0.00230091 0.00121978 0.00135863 0.0021354 0.00288744 0.00329834 0.00328635 0.00274201 0.00151137 -0.000478136 -0.00305959 -0.00578297 -0.00815222 -0.00989004 -0.0109867 -0.0116348 -0.0120169 -0.0118916 -0.0105637 -0.0076069 -0.00331046 
-0.0032986 0.00191072 0.00648234 0.00969285 0.0112924 0.0115456 0.0106817 0.00877798 0.00626619 0.00397088 0.00262422 0.00241236 0.00290121 0.00346916 0.0037642 0.00367286 0.0030809 0.00182065 -0.00024552 -0.00305105 -0.00618989 -0.00906688 -0.0111998 -0.0124544 -0.0131559 -0.0138188 -0.0144201 -0.0141084 -0.0120527 -0.00824334 
-0.0073084 -0.00156422 0.0041606 0.00883519 0.0117214 0.0127284 0.0121178 0.0102995 0.00789796 0.00559389 0.00397157 0.00334462 0.00350262 0.00388449 0.00405233 0.00382571 0.00309977 0.00172621 -0.000455356 -0.00344284 -0.00688534 -0.010148 -0.0126028 -0.0140074 -0.0147818 -0.0156858 -0.0168134 -0.0171593 -0.015669 -0.0122231 
-0.00977653 -0.00394904 0.00243575 0.00817572 0.0121421 0.0138141 0.0133376 0.011439 0.00902802 0.00668177 0.00479512 0.00376714 0.00361167 0.00384108 0.00391544 0.00355695 0.00265432 0.00108368 -0.00129567 -0.00446567 -0.00806479 -0.0114275 -0.0138769 -0.0151772 -0.0158559 -0.0167993 -0.0181053 -0.018668 -0.0174354 -0.0143635 
-0.0109774 -0.0054411 0.00118026 0.00756975 0.0122741 0.0143985 0.0139766 0.0119821 0.00955135 0.00718944 0.00514567 0.00384271 0.00342168 0.00347648 0.0034413 0.00295686 0.00185866 2.66711e-05 -0.00261952 -0.00597677 -0.00962543 -0.0128762 -0.0150484 -0.015941 -0.0161828 -0.0168027 -0.0179696 -0.0185482 -0.0175305 -0.0149609 
-0.0114742 -0.00651313 1.00359e-05 0.00671965 0.0118574 0.0142678 0.0139848 0.0121145 0.00982025 0.00754686 0.00550883 0.00409414 0.00341993 0.00316102 0.00286846 0.00218213 0.000849008 -0.00128551 -0.00423342 -0.00778417 -0.0114531 -0.0145373 -0.016323 -0.0165395 -0.0158837 -0.0157219 -0.0165506 -0.0172288 -0.0165999 -0.0146754 
-0.0121143 -0.00826337 -0.00222747 0.00468587 0.0102834 0.013051 0.0130561 0.0114978 0.00949719 0.00750515 0.00575568 0.00448116 0.00361963 0.00293042 0.00222159 0.00124441 -0.000333609 -0.00274849 -0.00599257 -0.00975837 -0.0134604 -0.0163442 -0.0176273 -0.0169118 -0.0149694 -0.0136691 -0.0140353 -0.0149572 -0.0150073 -0.0140778 
-0.0134445 -0.0116474 -0.00669237 0.00028197 0.00648713 0.00981927 0.0102442 0.00906309 0.00749085 0.00609398 0.00505641 0.00428871 0.00346666 0.00246346 0.00140995 0.000224826 -0.00147656 -0.00403824 -0.0075014 -0.0114899 -0.0152472 -0.0178616 -0.0184561 -0.0165815 -0.0131465 -0.0104778 -0.0101179 -0.0111967 -0.0122833 -0.0131527 
-0.014242 -0.0155053 -0.012498 -0.00618728 0.000244011 0.00416149 0.00519831 0.00458686 0.00369722 0.00323905 0.00323957 0.00323045 0.00268613 0.00165276 0.000559996 -0.000554875 -0.00213196 -0.00460354 -0.00807498 -0.0121431 -0.0158771 -0.0181457 -0.0179501 -0.0148519 -0.00987581 -0.0055566 -0.00383969 -0.0045529 -0.00689083 -0.0105246 
-0.0124929 -0.017427 -0.0173519 -0.0129538 -0.00717359 -0.00281544 -0.00084312 -0.000466268 -0.00030184 0.000417484 0.00149391 0.00216371 0.0018743 0.000937812 3.7808e-05 -0.000769022 -0.00201349 -0.0041605 -0.00731822 -0.0110811 -0.0144516 -0.0161966 -0.0152778 -0.0112675 -0.00508864 0.000951506 0.00470192 0.00517914 0.00188782 -0.00482966 
-0.00898095 -0.0174435 -0.0207546 -0.0189414 -0.0141519 -0.00920084 -0.00588861 -0.00410286 -0.00255997 -0.000569598 0.00135816 0.00229545 0.00191181 0.000909417 0.000166388 -0.000347818 -0.0012772 -0.00304166 -0.00564628 -0.00866438 -0.0111821 -0.0121403 -0.0107235 -0.00658231 -0.000265108 0.00665998 0.0122311 0.0143337 0.0109044 0.00197763 
-0.00744992 -0.0182764 -0.0241623 -0.0241249 -0.0195546 -0.0135445 -0.00874558 -0.00546498 -0.00241337 0.000816532 0.00322161 0.00385953 0.00293066 0.00162302 0.000867073 0.00042711 -0.000433968 -0.00200069 -0.00407691 -0.00618948 -0.00764988 -0.00784101 -0.00641123 -0.00315599 0.00188352 0.00809655 0.0140867 0.0172729 0.0144958 0.00508952 
-0.00956503 -0.0211607 -0.0280135 -0.0281663 -0.0227928 -0.0156294 -0.0098343 -0.00550818 -0.00115527 0.00315278 0.0057806 0.00585682 0.00423978 0.00255948 0.00165275 0.00104203 -2.91278e-05 -0.00164241 -0.00336914 -0.00471412 -0.00533122 -0.00518795 -0.0044127 -0.00280805 0.00012611 0.00448628 0.00943932 0.0127498 0.0110493 0.00275407 
-0.0130182 -0.0246461 -0.0313969 -0.0307767 -0.0244495 -0.01682 -0.0109301 -0.00626892 -0.00117529 0.0038668 0.00680883 0.00676819 0.00490801 0.00305091 0.00193691 0.000992879 -0.000418467 -0.00212959 -0.00350619 -0.00409226 -0.00395834 -0.00369687 -0.00382577 -0.00396486 -0.00308628 -0.000727023 0.00267331 0.00564972 0.00512512 -0.00151972 
-0.0161327 -0.0277636 -0.0339188 -0.032356 -0.0258655 -0.0189854 -0.0137874 -0.00920686 -0.00387822 0.001513 0.00501028 0.00560004 0.00419257 0.00250232 0.00124794 -4.88271e-05 -0.0017592 -0.00340367 -0.00416137 -0.00366684 -0.00242442 -0.00161046 -0.00208858 -0.0033836 -0.00416101 -0.00369752 -0.00196074 0.000395563 0.000569699 -0.00500659 
-0.0198628 -0.0307316 -0.0354025 -0.0327742 -0.0270663 -0.0221789 -0.0183903 -0.0141225 -0.00869584 -0.00302771 0.0011627 0.00268281 0.00203633 0.000757113 -0.0004623 -0.00198805 -0.00386909 -0.00526871 -0.00521123 -0.00346327 -0.000879882 0.000976605 0.000947543 -0.000729787 -0.0028152 -0.00429472 -0.00452974 -0.00356011 -0.00382516 -0.00914214 
-0.023829 -0.0326199 -0.0348072 -0.03073 -0.025899 -0.0234751 -0.0219198 -0.0188172 -0.0137177 -0.00780507 -0.00296962 -0.000700103 -0.000703779 -0.00153424 -0.00260659 -0.00425858 -0.00623898 -0.00739649 -0.00670762 -0.00408921 -0.000498673 0.0024584 0.00332627 0.00170681 -0.00149066 -0.00478123 -0.00694608 -0.00780193 -0.00922199 -0.0143883 
-0.0242204 -0.030518 -0.030128 -0.0242293 -0.0192283 -0.0184357 -0.0195915 -0.0191741 -0.0158571 -0.0106142 -0.00572991 -0.00313889 -0.00275599 -0.0033027 -0.00435961 -0.00621509 -0.0083627 -0.00947627 -0.00858163 -0.00562149 -0.00130182 0.00294265 0.00508581 0.00366153 -0.000719338 -0.00562915 -0.00899198 -0.0106684 -0.0123739 -0.016699 
-0.0175297 -0.0214424 -0.018902 -0.0112337 -0.00519628 -0.00494433 -0.00859085 -0.0117749 -0.0118474 -0.00900548 -0.00547455 -0.00345829 -0.00323519 -0.00391542 -0.00525971 -0.00744759 -0.00983717 -0.0111086 -0.0102822 -0.00702532 -0.00156237 0.00470698 0.00878647 0.00786337 0.00229166 -0.00416484 -0.00795704 -0.00890969 -0.00943169 -0.0121694 
-0.00531059 -0.00618488 -0.00140302 0.00744409 0.0138304 0.0134869 0.00818672 0.00239905 -0.00106107 -0.00184786 -0.00132411 -0.00125769 -0.00216534 -0.00359986 -0.005493 -0.00797891 -0.0105093 -0.0119395 -0.0111343 -0.00720608 7.44622e-05 0.0090391 0.015633 0.0158849 0.00985948 0.00237544 -0.00159958 -0.00177822 -0.00129586 -0.00254944 
0.00638684 0.0089518 0.0160612 0.0251879 0.0302784 0.0285227 0.0229413 0.017335 0.0125996 0.00863016 0.005504 0.00268954 -0.000226646 -0.00303891 -0.00569358 -0.00835405 -0.0108135 -0.0122571 -0.0113179 -0.00645717 0.00284586 0.0144342 0.023434 0.0253421 0.0201194 0.0128408 0.00872327 0.00790564 0.00753509 0.00664467 
0.0123323 0.0165447 0.0247602 0.0330661 0.0355811 0.0318995 0.0273628 0.0247667 0.0218176 0.0170802 0.011853 0.00684874 0.00190008 -0.00261695 -0.00624513 -0.00908179 -0.0113792 -0.0127557 -0.0116692 -0.00600468 0.00491038 0.0183588 0.0289555 0.0323901 0.0289822 0.0233689 0.0195807 0.017148 0.014313 0.0120432 
0.0110446 0.0140683 0.0216119 0.0280995 0.0274323 0.0216643 0.0184653 0.0197766 0.0206225 0.018232 0.0141518 0.00930274 0.00350715 -0.00233764 -0.00696975 -0.0101657 -0.0124345 -0.0137326 -0.0124885 -0.00628825 0.00552189 0.0197659 0.030967 0.0355973 0.0346604 0.0318965 0.0291875 0.0250272 0.0188176 0.0131913 
0.00404594 0.00505002 0.011523 0.0157659 0.0116956 0.00386407 0.0014331 0.00546155 0.00975221 0.0111612 0.0108048 0.00864678 0.00389357 -0.00223137 -0.00765836 -0.0115051 -0.0139718 -0.0150162 -0.013234 -0.00644733 0.00562221 0.0195341 0.0303258 0.0357517 0.037571 0.0382658 0.0369853 0.0308385 0.0203807 0.0100293 
-0.00437605 -0.00383863 0.00225369 0.00398842 -0.00348934 -0.012836 -0.0146763 -0.00947264 -0.00362562 0.000558527 0.00409318 0.0056827 0.00331175 -0.00216364 -0.00818663 -0.012923 -0.0156912 -0.0161092 -0.0131249 -0.00536974 0.00663201 0.0192882 0.0286202 0.0340125 0.0380598 0.0419648 0.0420187 0.0337497 0.0189223 0.00420961 
-0.00809307 -0.00600186 -0.000217245 -0.00183465 -0.0127309 -0.0228841 -0.0239738 -0.0184875 -0.0127392 -0.00773426 -0.00194916 0.00259022 0.00260443 -0.00191874 -0.00832222 -0.0138746 -0.0168956 -0.016524 -0.0120473 -0.00308677 0.00886088 0.0200333 0.0274107 0.0318496 0.0367689 0.0426881 0.0439304 0.0345839 0.0170912 0.000299359 
-0.00247469 0.00229536 0.00689523 0.000946753 -0.0133808 -0.0244789 -0.0258458 -0.0213833 -0.0169078 -0.0124744 -0.00618098 -0.000252809 0.00138681 -0.00202881 -0.008148 -0.0139196 -0.0170496 -0.0161827 -0.0106336 -0.000702573 0.0112954 0.0213975 0.0272029 0.03039 0.0348713 0.0413996 0.043991 0.0356785 0.0185197 0.00285586 
0.0122855 0.0193769 0.0224565 0.0134194 -0.00269457 -0.0151029 -0.0194458 -0.0192692 -0.0184139 -0.016008 -0.0104557 -0.00428461 -0.00151458 -0.00332491 -0.00804209 -0.0130454 -0.0159509 -0.0149367 -0.00898889 0.00132623 0.0131299 0.022368 0.0270921 0.0292513 0.0329195 0.0398087 0.0448054 0.0399 0.0257587 0.0134615 
0.0315828 0.0398132 0.0434473 0.0364973 0.0231243 0.0100476 -0.000464502 -0.00931054 -0.0161686 -0.0184733 -0.0152393 -0.00968218 -0.00601381 -0.00582534 -0.00830704 -0.0116775 -0.0138425 -0.0126628 -0.0067161 0.00333237 0.0142192 0.0220549 0.0255511 0.0269493 0.0305412 0.0391675 0.0484802 0.0489189 0.0391208 0.0301645 
0.0504968 0.0599824 0.0676387 0.0679046 0.0608534 0.0477755 0.0297116 0.00967417 -0.00735589 -0.0169534 -0.0182415 -0.0146988 -0.0109035 -0.00915793 -0.00951115 -0.0110029 -0.0120379 -0.0104704 -0.00467205 0.0045861 0.0138103 0.0195602 0.0215803 0.0227632 0.027635 0.0394389 0.0537914 0.0598015 0.0544058 0.0479969 
0.0649521 0.0777018 0.0902076 0.0962875 0.0932725 0.0799122 0.0573938 0.0308784 0.00685295 -0.00979604 -0.0171767 -0.0174138 -0.0149248 -0.0128459 -0.0120315 -0.0121487 -0.0121306 -0.0101231 -0.00457854 0.00363097 0.0110155 0.0148108 0.0160122 0.0182391 0.0254782 0.0397357 0.056183 0.0647192 0.0626691 0.0596054 
0.0729039 0.0899776 0.103358 0.107561 0.102275 0.0886588 0.0685005 0.0449147 0.0211921 0.00102841 -0.0117076 -0.016367 -0.0163303 -0.0152173 -0.0145391 -0.0143737 -0.013994 -0.0118657 -0.0066826 0.00055063 0.00647353 0.00906844 0.0105966 0.0151422 0.0248251 0.0385995 0.0515775 0.0578146 0.0580835 0.0610398 
0.0828079 0.101019 0.107482 0.100942 0.0881185 0.0749168 0.0621891 0.0477587 0.0298773 0.0108533 -0.0037429 -0.0110611 -0.0133349 -0.0140078 -0.0147189 -0.0156047 -0.0159748 -0.014406 -0.00977491 -0.00329807 0.00165916 0.00366239 0.00609089 0.01325 0.0246381 0.0354945 0.0419632 0.044882 0.0498341 0.0627128 
0.116749 0.129918 0.119837 0.0940437 0.0691989 0.0549067 0.0482989 0.0414192 0.0295064 0.0146782 0.00276996 -0.00357369 -0.00656205 -0.00904465 -0.0119187 -0.0148049 -0.0168008 -0.0164615 -0.0127326 -0.00700834 -0.00273526 -0.000966044 0.00243152 0.0117698 0.0244133 0.0332178 0.0367853 0.0429472 0.0602766 0.0884773 
0.191684 0.197425 0.163787 0.110456 0.0666486 0.0449529 0.0372261 0.0308755 0.0209433 0.0104145 0.00394157 0.00175515 0.000252167 -0.00302041 -0.00769945 -0.0124297 -0.0159808 -0.016972 -0.0144715 -0.00992624 -0.00663357 -0.00520051 -0.00108646 0.00982491 0.0240172 0.0344119 0.0429995 0.0625726 0.101772 0.152262 
0.286882 0.291399 0.237056 0.154531 0.0866933 0.0505281 0.0339441 0.0214586 0.00919283 0.000836984 -0.000865246 0.00155939 0.00282489 0.000380202 -0.00452789 -0.00972381 -0.0137594 -0.0154874 -0.0142454 -0.011464 -0.0100078 -0.00976044 -0.00576563 0.00588478 0.0217575 0.0363154 0.0543514 0.0909803 0.154237 0.230331 
