0.471798 0.414764 0.306693 0.202737 0.131991 0.0900058 0.0608172 0.0364719 0.018052 0.00613729 -0.0031564 -0.0129806 -0.0217229 -0.0263691 -0.0269046 -0.025162 -0.0213547 -0.0139111 -0.00200204 0.0127891 0.0269104 0.0368154 0.0414192 0.0434921 0.0496921 0.0711279 0.123142 0.216328 0.33748 0.440608 
0.402124 0.346549 0.249937 0.159482 0.0994889 0.0660348 0.0454086 0.0300467 0.0195553 0.0130292 0.00606316 -0.0040734 -0.0147682 -0.0219432 -0.0248246 -0.0249452 -0.0225761 -0.0162116 -0.00494805 0.00965069 0.0239215 0.0342688 0.0396356 0.0427007 0.0498327 0.0710658 0.118777 0.199844 0.301079 0.383207 
0.271804 0.230017 0.161777 0.0992975 0.0585996 0.0367625 0.0246018 0.017114 0.0136293 0.0121904 0.00817045 -0.000563858 -0.0107837 -0.018191 -0.0219242 -0.023338 -0.0225 -0.017679 -0.00774263 0.0057639 0.0188261 0.0273386 0.0299881 0.0294896 0.032028 0.0462488 0.080974 0.139111 0.209072 0.262957 
0.151733 0.127788 0.0891036 0.0538485 0.0306119 0.0177338 0.0105248 0.00673777 0.00602381 0.00621293 0.00325626 -0.00404806 -0.0122464 -0.0177079 -0.0203563 -0.0218214 -0.0219876 -0.0187509 -0.0105727 0.00126209 0.0125911 0.018734 0.0177591 0.0119961 0.00729775 0.0115517 0.031743 0.0687399 0.112985 0.14619 
0.0818853 0.0705692 0.0511582 0.0334402 0.0212294 0.013368 0.00771474 0.00367664 0.00148921 -0.000326101 -0.0045632 -0.0113683 -0.0173379 -0.019949 -0.0203942 -0.0209471 -0.0214708 -0.0195217 -0.0130629 -0.00278428 0.0075216 0.0128757 0.0103218 0.000931988 -0.0101633 -0.0147979 -0.00526945 0.0196005 0.0512757 0.0755666 
0.0595001 0.0513533 0.038258 0.0275819 0.0207962 0.0157802 0.0104986 0.0049466 0.000243353 -0.00404414 -0.00975494 -0.0165143 -0.0210829 -0.0216861 -0.0203919 -0.0199834 -0.0203672 -0.0189044 -0.013222 -0.00347475 0.00711824 0.0136181 0.0120429 0.00178151 -0.0129566 -0.0231022 -0.0188634 0.00225658 0.0312911 0.0535003 
0.0606125 0.0483645 0.0329044 0.0229126 0.0189099 0.0163869 0.0117935 0.00561299 0.000352889 -0.00371489 -0.00870368 -0.0147978 -0.0190232 -0.0195306 -0.0182279 -0.0177915 -0.0180568 -0.0163496 -0.0102934 3.59317e-05 0.0116954 0.0199622 0.0203573 0.01107 -0.0044101 -0.0163156 -0.0133102 0.00787613 0.0372165 0.0580958 
0.0637843 0.0454389 0.025494 0.0149741 0.0136558 0.0138237 0.0101087 0.00420464 0.000517879 -0.00049904 -0.00231496 -0.00655789 -0.0107904 -0.01266 -0.013108 -0.0140612 -0.0150567 -0.0134293 -0.00696298 0.00401405 0.0163868 0.0255086 0.0269762 0.0187866 0.00425905 -0.00672882 -0.00275671 0.0191018 0.0479605 0.0662375 
0.0615224 0.0385963 0.0158233 0.00585908 0.00742692 0.00991586 0.00678002 0.00128658 -0.000413169 0.00213499 0.00421508 0.00275537 -0.000724467 -0.00377838 -0.00644923 -0.00972422 -0.0126301 -0.0123351 -0.00660975 0.00401324 0.0159855 0.0244011 0.0251481 0.0168848 0.00343839 -0.00543674 0.000814038 0.0239787 0.0523647 0.06814 
0.0585475 0.0325493 0.00813443 -0.00148847 0.00143173 0.00485191 0.00196301 -0.00317115 -0.00379793 0.00070262 0.00557625 0.00712112 0.00569606 0.00300851 -0.000815835 -0.00614195 -0.0114234 -0.0133939 -0.0095116 -0.000276746 0.0104012 0.0172125 0.0162284 0.00700062 -0.00571568 -0.012037 -0.00230074 0.0238496 0.0534317 0.068058 
0.0603462 0.0318576 0.00559759 -0.00541653 -0.00378937 -0.00118137 -0.00395003 -0.00856071 -0.0091291 -0.00471901 0.00113224 0.00504676 0.00631383 0.00540509 0.00198287 -0.00415908 -0.0110875 -0.0150849 -0.0131938 -0.00563411 0.00373429 0.00943277 0.00748643 -0.00208441 -0.0137679 -0.0173733 -0.00380233 0.0260366 0.0577097 0.0720177 
0.0643525 0.0351423 0.007803 -0.00540109 -0.00660007 -0.00564669 -0.00807748 -0.0118101 -0.0127222 -0.00964937 -0.00450641 0.00017864 0.00312531 0.00387309 0.00161176 -0.00399212 -0.0110573 -0.015845 -0.0152041 -0.00890627 -0.000253657 0.00552511 0.00428698 -0.00411051 -0.0141192 -0.0156779 -0.000179267 0.0309191 0.0629245 0.0767851 
0.0647891 0.0390028 0.0134913 -0.000780119 -0.00456355 -0.00498154 -0.00667774 -0.00927202 -0.010438 -0.00899789 -0.005764 -0.00249725 -0.000311811 0.000381936 -0.00114843 -0.00542334 -0.0111277 -0.015156 -0.014593 -0.00880543 -0.000311637 0.00620603 0.00657198 0.00018828 -0.00813447 -0.00933625 0.00443701 0.0322165 0.0613128 0.0747862 
0.061149 0.0430565 0.0223685 0.00852627 0.00295178 0.00164174 0.00070413 -0.000964833 -0.00227588 -0.00214431 -0.00117957 -0.000910192 -0.00175555 -0.00308644 -0.00492053 -0.00787144 -0.0114696 -0.0136654 -0.0121403 -0.00610513 0.00256073 0.00977695 0.0115739 0.00696625 -0.000368224 -0.00299781 0.00596252 0.0268912 0.0509998 0.0650473 
0.056912 0.0476737 0.0324359 0.0194451 0.0125246 0.0104238 0.00971688 0.00829273 0.00674335 0.00613155 0.00541708 0.00276222 -0.00155048 -0.00558193 -0.00842461 -0.0106217 -0.0123813 -0.0126202 -0.00971699 -0.00299378 0.00608111 0.0140224 0.0171816 0.0141716 0.00735495 0.00242415 0.00548061 0.0187321 0.0378099 0.0533231 
0.0534498 0.0506595 0.0393567 0.0270422 0.0192065 0.0162353 0.014906 0.0128032 0.0107123 0.00981754 0.00853472 0.00453363 -0.00162007 -0.00727405 -0.010966 -0.0130178 -0.0137728 -0.012618 -0.00852753 -0.0011495 0.00832601 0.0171229 0.0219951 0.0209871 0.0149897 0.00815659 0.00620023 0.0130868 0.0279934 0.0443986 
0.0484843 0.0486662 0.0399537 0.0289738 0.0212479 0.0173865 0.0144309 0.0106411 0.00759794 0.00668411 0.00593669 0.00262501 -0.00293578 -0.00831063 -0.0120784 -0.0142432 -0.0147138 -0.0128057 -0.00794546 -0.000308232 0.00901132 0.0180157 0.0240488 0.0247445 0.0198079 0.0123258 0.00773225 0.0107841 0.0224016 0.0378009 
0.0393697 0.0402419 0.034201 0.02629 0.0201943 0.0156498 0.0104139 0.00440589 0.000350927 -0.000271455 0.000302865 -0.000938824 -0.00426333 -0.00801884 -0.0111513 -0.013326 -0.0138081 -0.0116095 -0.00647909 0.000805362 0.00898602 0.0166445 0.0218673 0.022489 0.017943 0.0109554 0.00643713 0.00844031 0.0176798 0.0302866 
0.0271071 0.0276806 0.0246525 0.0210237 0.017617 0.0128888 0.00573597 -0.00186956 -0.0062128 -0.00601307 -0.00381402 -0.00281283 -0.00379577 -0.00580836 -0.00807521 -0.0100087 -0.0104953 -0.00841423 -0.00372034 0.0024095 0.00849862 0.013443 0.0160657 0.0149397 0.010017 0.00410795 0.00133367 0.00413758 0.0119094 0.0211195 
0.0170704 0.0168217 0.0158799 0.0156495 0.0145214 0.00995152 0.00194484 -0.00591091 -0.00946933 -0.0079636 -0.00431834 -0.00181548 -0.00141504 -0.00237586 -0.00393231 -0.00542666 -0.00584852 -0.00429447 -0.000844007 0.00330505 0.00673921 0.00869024 0.00868607 0.00609973 0.00135317 -0.0029333 -0.00356908 0.000515907 0.00755316 0.0140382 
0.0141212 0.0127167 0.0119657 0.012686 0.0122014 0.00760907 -0.000406581 -0.0075487 -0.00982084 -0.00706479 -0.00253897 0.000492819 0.00121982 0.000583909 -0.000497369 -0.00148295 -0.00179442 -0.000962584 0.000846985 0.00269825 0.00359735 0.00333116 0.00213103 -8.84617e-05 -0.00303481 -0.00497498 -0.00372914 0.00123975 0.00797054 0.0129965 
0.016234 0.0138133 0.0120903 0.0119938 0.0109778 0.00635482 -0.00105145 -0.00717321 -0.00854101 -0.00535462 -0.000857239 0.00189459 0.00234351 0.00167594 0.0009056 0.000377394 0.000237104 0.000555977 0.00109367 0.00123118 0.000510931 -0.000702222 -0.00163546 -0.00212146 -0.00238249 -0.00192626 0.000458456 0.005418 0.0116531 0.0159995 
0.0160879 0.013499 0.0113992 0.0108575 0.0099198 0.00628011 0.000348054 -0.00475371 -0.00617036 -0.00389535 -0.000502722 0.00144965 0.00152457 0.00083412 0.00028481 8.60107e-05 0.00019523 0.000477328 0.000616957 0.000201263 -0.000869277 -0.00198559 -0.00223469 -0.00136628 7.75536e-05 0.00171098 0.00400742 0.00779777 0.0126704 0.0161621 
0.0101608 0.00861997 0.00766888 0.00827577 0.00905119 0.00784033 0.00415501 -0.000152435 -0.00265914 -0.0025503 -0.00110641 -0.000146515 -0.000233864 -0.000748407 -0.0010863 -0.00104809 -0.000591961 0.000137148 0.000760382 0.00090062 0.000460284 -0.000216205 -0.000492567 1.0218e-05 0.00105159 0.00214941 0.00331072 0.00517151 0.00790345 0.010109 
0.00216585 0.00246669 0.00352568 0.00608126 0.00926049 0.0109175 0.00955814 0.00579931 0.00175413 -0.00077728 -0.00157137 -0.00161217 -0.00171127 -0.0019344 -0.00203933 -0.00175389 -0.000833358 0.000672845 0.0023603 0.00374763 0.0044009 0.0040135 0.00273607 0.0012606 0.000266834 -0.000145176 -0.000274001 -0.000141043 0.000540436 0.00154407 
-0.00321224 -0.00125493 0.00131208 0.00495288 0.00942468 0.0129576 0.0134944 0.0105606 0.00567931 0.00119482 -0.00144147 -0.00239655 -0.00260237 -0.0026619 -0.00259834 -0.00206872 -0.000686076 0.00159406 0.00439727 0.00712427 0.00892371 0.00879104 0.00637265 0.00268483 -0.000524924 -0.0023315 -0.00323261 -0.00406015 -0.00472026 -0.00450056 
-0.0059114 -0.00338267 -0.000708875 0.00230178 0.00617677 0.0101217 0.0121758 0.0109092 0.00679792 0.00201566 -0.00134469 -0.00281528 -0.00322228 -0.00335172 -0.00330108 -0.00269506 -0.00113342 0.00147094 0.00483877 0.00839876 0.0111282 0.0116102 0.0090486 0.00444975 0.00012523 -0.00243849 -0.00379472 -0.00525207 -0.00684893 -0.00731677 
-0.00888921 -0.00706352 -0.00555725 -0.00434639 -0.00219208 0.00127359 0.00457794 0.00562759 0.00380254 0.000620314 -0.00189269 -0.00307016 -0.00353344 -0.00388574 -0.00407596 -0.00370751 -0.0024507 -0.000200366 0.00292964 0.00658429 0.00990285 0.0114362 0.0100638 0.00635031 0.00235871 -0.000439363 -0.00254242 -0.00513327 -0.00798659 -0.00953079 
-0.013807 -0.0131773 -0.0130646 -0.0135205 -0.0129116 -0.0100846 -0.00598692 -0.00282657 -0.00178692 -0.00210267 -0.00246936 -0.00258386 -0.00290203 -0.00357315 -0.00421832 -0.00440571 -0.00388013 -0.00248265 -0.000120847 0.00310991 0.00662589 0.00918837 0.00956874 0.00774813 0.00497399 0.00215398 -0.00118664 -0.00563946 -0.0102766 -0.0132462 
-0.020076 -0.0199367 -0.0202228 -0.0211505 -0.0210966 -0.0186492 -0.0143242 -0.00987842 -0.00638436 -0.00369781 -0.00160569 -0.000511197 -0.000731951 -0.00184764 -0.00311582 -0.0040744 -0.00448605 -0.00407634 -0.00259423 -4.02013e-05 0.00314587 0.00603762 0.00762384 0.00753403 0.00606766 0.00323232 -0.0015564 -0.00812165 -0.0146002 -0.0187767 
-0.0265497 -0.0255874 -0.0247898 -0.0247476 -0.0241347 -0.0215848 -0.0172646 -0.0122447 -0.00717006 -0.00233742 0.00146318 0.0032186 0.00280544 0.00113744 -0.000819501 -0.0026129 -0.00395281 -0.00442978 -0.00377193 -0.00211686 7.44104e-05 0.00225306 0.00394726 0.00479763 0.00427573 0.00136751 -0.00472541 -0.0130636 -0.0208627 -0.0255243 
-0.0321265 -0.0295753 -0.0268443 -0.0249869 -0.0230817 -0.0198854 -0.0153033 -0.00988509 -0.00398547 0.0017883 0.00607178 0.0076656 0.0067475 0.00452982 0.0019772 -0.000535313 -0.00264249 -0.00384049 -0.00395987 -0.00338819 -0.00266808 -0.0019693 -0.00109243 -0.000117977 -0.000145249 -0.00308931 -0.00998749 -0.0193136 -0.0276212 -0.0320584 
-0.0354664 -0.0319362 -0.0277599 -0.024232 -0.0208368 -0.0165325 -0.0111349 -0.00503722 0.00135105 0.00715714 0.0108972 0.0116497 0.010015 0.00733767 0.0043973 0.00140631 -0.00123835 -0.00297488 -0.0037264 -0.00408281 -0.00470508 -0.00556423 -0.00593163 -0.00546239 -0.00539059 -0.00811918 -0.0149072 -0.0240728 -0.0320452 -0.0360186 
-0.0359396 -0.0331457 -0.0290061 -0.0245828 -0.0197561 -0.0139353 -0.00717407 -6.2272e-05 0.00671008 0.0120818 0.0147593 0.0143641 0.0119619 0.00893923 0.00581607 0.00258353 -0.000397166 -0.00249074 -0.00355983 -0.00425407 -0.00544955 -0.00728534 -0.00885402 -0.00933098 -0.00953803 -0.0117549 -0.0173916 -0.0251728 -0.0321134 -0.0358858 
-0.0346265 -0.0340785 -0.0312519 -0.0265657 -0.020299 -0.0126514 -0.00431894 0.00369183 0.0104952 0.0151259 0.0166905 0.0153216 0.0123765 0.00918722 0.00605162 0.00276437 -0.000401381 -0.00272168 -0.00382039 -0.00422871 -0.0051043 -0.00710293 -0.00952506 -0.011139 -0.0119786 -0.0136759 -0.0176222 -0.023296 -0.0288495 -0.0328153 
-0.0328878 -0.0346589 -0.0332858 -0.0284826 -0.0208798 -0.0115975 -0.00217971 0.00594182 0.011993 0.0155238 0.0161916 0.0143866 0.011384 0.00831289 0.00534587 0.0021873 -0.00100073 -0.00345743 -0.00451647 -0.00446174 -0.00464566 -0.00628378 -0.00906324 -0.0115638 -0.0131284 -0.0146218 -0.0171796 -0.0208967 -0.0251048 -0.0292859 
-0.03043 -0.0332431 -0.0326468 -0.0278556 -0.0196346 -0.00973921 -0.00036084 0.00682215 0.011379 0.0136018 0.0137069 0.0120498 0.00947771 0.00679937 0.00415662 0.0012783 -0.00176594 -0.00425347 -0.00533206 -0.00505374 -0.00477958 -0.00596351 -0.00852333 -0.0111275 -0.0130073 -0.0146336 -0.0166939 -0.0193111 -0.0224415 -0.0262661 
-0.0263724 -0.0290176 -0.0289223 -0.0249089 -0.0174429 -0.00833502 1.8773e-05 0.00586476 0.00902323 0.010326 0.0103511 0.00924741 0.00734835 0.00517269 0.00289673 0.00031715 -0.00254157 -0.00498706 -0.00609032 -0.00579345 -0.00536086 -0.00611571 -0.00790971 -0.00967701 -0.0111638 -0.0130073 -0.0154247 -0.0179287 -0.0203018 -0.0230495 
-0.0215866 -0.0241469 -0.0252449 -0.0232053 -0.0177484 -0.0102194 -0.00287758 0.00242575 0.00535715 0.00676366 0.00729105 0.00691638 0.00566043 0.00391932 0.00193264 -0.000477481 -0.00329911 -0.00576654 -0.0068441 -0.00644025 -0.00577475 -0.005982 -0.00675732 -0.00730412 -0.0080242 -0.00994884 -0.0129645 -0.0158142 -0.0177278 -0.019328 
-0.0182914 -0.0217563 -0.024772 -0.0251852 -0.0219161 -0.0156678 -0.00844373 -0.00232014 0.00179302 0.00426761 0.00563614 0.00590846 0.00509442 0.00361134 0.00174066 -0.000727776 -0.00377426 -0.00645135 -0.00750362 -0.00677769 -0.00555441 -0.00500863 -0.00488739 -0.00459902 -0.00483283 -0.006724 -0.00995704 -0.01293 -0.0146824 -0.0159904 
-0.0173673 -0.0221124 -0.0265276 -0.0284127 -0.0263599 -0.0206082 -0.012854 -0.00533157 0.000401468 0.00408462 0.00612524 0.00675902 0.00615216 0.00472587 0.00271977 -0.000106115 -0.00365405 -0.00673787 -0.00784298 -0.00671547 -0.00472661 -0.00327587 -0.00240271 -0.00172062 -0.00186004 -0.00370656 -0.00679317 -0.00966952 -0.0117273 -0.0138896 
-0.0169603 -0.0218183 -0.025871 -0.0274985 -0.0256106 -0.020269 -0.0126793 -0.00477702 0.00163784 0.00583547 0.00809526 0.00886351 0.00841248 0.00701149 0.00472317 0.0013175 -0.00290435 -0.006495 -0.00776094 -0.00638184 -0.00374998 -0.00140727 0.000328044 0.00159114 0.00171507 -6.62302e-05 -0.00321474 -0.00641642 -0.00929817 -0.0126269 
-0.0137037 -0.0165495 -0.0184943 -0.0188768 -0.0172787 -0.0136817 -0.00839738 -0.00232563 0.00312175 0.00695792 0.00917896 0.0102064 0.0102476 0.00924665 0.00694026 0.00310382 -0.0016755 -0.00569672 -0.00720223 -0.00586531 -0.00298617 -2.86897e-06 0.00271767 0.00505729 0.00594113 0.00422073 0.000416132 -0.00372928 -0.00728358 -0.0105231 
-0.0054912 -0.00476106 -0.00412894 -0.00384494 -0.00406394 -0.00445841 -0.00394887 -0.00177914 0.00145481 0.00454656 0.00694171 0.00874214 0.00992351 0.0100052 0.00832182 0.00462721 -0.000231274 -0.00438135 -0.00608344 -0.00498597 -0.00216338 0.00123448 0.00493821 0.00855087 0.0103157 0.00840401 0.00344019 -0.00170945 -0.00483313 -0.0057983 
0.00570899 0.00991638 0.0121335 0.0115159 0.00774943 0.00186981 -0.00341896 -0.00565013 -0.00463444 -0.00189987 0.00126064 0.00442968 0.00724292 0.00881877 0.00821142 0.00524272 0.000937659 -0.00286386 -0.00454894 -0.00364968 -0.000833938 0.00313573 0.00802057 0.012949 0.0153272 0.0127301 0.00623333 0.000263429 -0.00150046 0.00108102 
0.0138672 0.0201354 0.0225204 0.019956 0.0124351 0.00190909 -0.00766345 -0.0127439 -0.0127307 -0.00950494 -0.00505631 -0.000354329 0.00388886 0.00656531 0.00677682 0.00464726 0.00130729 -0.00172185 -0.00316421 -0.00242272 0.000390515 0.00502464 0.0112449 0.017541 0.0203838 0.0168446 0.0085698 0.00151809 0.000691985 0.00606853 
0.013901 0.0209088 0.0228555 0.018748 0.00922028 -0.00301169 -0.0136269 -0.0190213 -0.0185693 -0.0143188 -0.00867749 -0.00302061 0.00172786 0.00449906 0.00475667 0.00309095 0.000674089 -0.00149122 -0.00267025 -0.00229137 9.49254e-06 0.00454182 0.0112659 0.0183249 0.0215212 0.0173899 0.0076771 -0.000726168 -0.00174556 0.00469724 
0.00816942 0.015555 0.0172621 0.0126019 0.00309295 -0.00804382 -0.0170246 -0.0210601 -0.0197087 -0.0148401 -0.00887988 -0.00334139 0.000869326 0.00292485 0.00268821 0.00108582 -0.000763432 -0.00233975 -0.0034264 -0.00361674 -0.00234738 0.00101105 0.0066726 0.0129962 0.0159203 0.0117431 0.00172675 -0.00723922 -0.00850915 -0.00169456 
0.0066182 0.01433 0.0155221 0.0101957 0.00103457 -0.00834531 -0.0151805 -0.0179777 -0.0165699 -0.0123497 -0.00736665 -0.00297342 0.000130619 0.00137391 0.000760884 -0.000820241 -0.00244217 -0.00387132 -0.00511171 -0.00575694 -0.00515391 -0.00280689 0.00125045 0.00566609 0.00734815 0.00328379 -0.00556961 -0.0130003 -0.0126773 -0.00435441 
0.0180183 0.0251691 0.0241659 0.0164462 0.00621866 -0.00250761 -0.00813347 -0.0106921 -0.0104691 -0.00827274 -0.00542676 -0.00282136 -0.00087571 -6.69663e-05 -0.000586866 -0.00193627 -0.00352125 -0.00523965 -0.00693864 -0.0077624 -0.00675859 -0.003935 -0.000367244 0.00234464 0.00237222 -0.00157278 -0.00791278 -0.0112014 -0.00643317 0.00539985 
0.040216 0.0452975 0.0398838 0.0276599 0.0147953 0.00576014 0.000884166 -0.00169204 -0.00305808 -0.00347491 -0.00324561 -0.00253871 -0.00150216 -0.000713044 -0.000769317 -0.00171435 -0.00336412 -0.00567131 -0.00804593 -0.00884469 -0.00669449 -0.00228843 0.00194499 0.00386163 0.0027486 -0.000683384 -0.00365032 -0.00125781 0.00968394 0.0261263 
0.05989 0.0626713 0.0525535 0.0354871 0.0198431 0.0106977 0.00705284 0.00502384 0.00255788 -3.00964e-05 -0.00190929 -0.00251572 -0.00183316 -0.000649205 -3.09845e-06 -0.000467446 -0.00222117 -0.0051241 -0.0079786 -0.00845122 -0.005116 0.000553302 0.00527753 0.00688475 0.00553072 0.0030699 0.00289219 0.00949613 0.024959 0.0448491 
0.0640775 0.0669109 0.0552067 0.0359663 0.019275 0.0107569 0.00829653 0.0065086 0.00301212 -0.00098684 -0.00372793 -0.0043784 -0.00309704 -0.000962938 0.000620489 0.000676459 -0.00115116 -0.00438753 -0.00717455 -0.00689897 -0.00266135 0.00332174 0.00778846 0.00932315 0.00852751 0.0067951 0.00673429 0.0127271 0.0276941 0.0480491 
0.0526833 0.0588213 0.0496975 0.0320095 0.0165438 0.00897579 0.00639157 0.00304753 -0.00246656 -0.00748619 -0.00973457 -0.00894355 -0.00602056 -0.00244855 0.000170476 0.000709433 -0.00111565 -0.00437971 -0.00672139 -0.00561204 -0.000873907 0.0048565 0.00897552 0.0110816 0.0114952 0.00963637 0.00629805 0.00648058 0.016186 0.0347602 
0.0378403 0.0479309 0.0419541 0.0265797 0.0129783 0.00625872 0.00258074 -0.00355449 -0.0117472 -0.0174784 -0.0182688 -0.0150834 -0.0100341 -0.00503085 -0.00160517 -0.00069692 -0.00234674 -0.00533415 -0.00713835 -0.00547571 -0.000651036 0.00471091 0.00883448 0.0120203 0.0137154 0.0109099 0.00272781 -0.00433968 -0.000309995 0.0171129 
0.0316717 0.0423165 0.0350799 0.0187239 0.00569703 9.26701e-05 -0.00367965 -0.0114616 -0.0213997 -0.0272863 -0.0264337 -0.0209714 -0.0141458 -0.00818093 -0.00432534 -0.00310177 -0.00427875 -0.00658148 -0.00760569 -0.00532684 -0.000290839 0.00499891 0.00922467 0.012831 0.0145063 0.0100024 -0.00179369 -0.0126667 -0.0101634 0.00867464 
0.0372874 0.043829 0.0302631 0.0094472 -0.00405381 -0.00762736 -0.00953981 -0.0168503 -0.0271557 -0.0331473 -0.0316461 -0.0250986 -0.0173197 -0.0108325 -0.00675611 -0.00523845 -0.00577534 -0.00706188 -0.00681821 -0.00322379 0.00297694 0.00910662 0.0134762 0.0159741 0.015228 0.0080723 -0.00480088 -0.014083 -0.00801396 0.014086 
0.0498619 0.051224 0.0313534 0.00678118 -0.0064875 -0.00764294 -0.00747087 -0.0140826 -0.0249528 -0.0322626 -0.0320724 -0.0261473 -0.0182714 -0.0115064 -0.00735763 -0.00581586 -0.00595992 -0.00620671 -0.00430582 0.00131382 0.009657 0.0176046 0.0223718 0.0226828 0.0176915 0.00714668 -0.00507605 -0.00945364 0.00255684 0.027903 
0.0618688 0.0620665 0.0419014 0.0183922 0.00691984 0.00688462 0.00671954 -0.00137649 -0.0145446 -0.0248654 -0.0276917 -0.0237025 -0.016441 -0.00976714 -0.00596631 -0.00498272 -0.00522593 -0.00458115 -0.000944623 0.00669485 0.0170348 0.0267018 0.031913 0.0302165 0.0213438 0.00795368 -0.00323031 -0.00308795 0.0134384 0.0405482 
0.0668905 0.0704684 0.0566237 0.0390702 0.030418 0.0295642 0.0264011 0.0149179 -0.00145359 -0.0150884 -0.0210776 -0.0192973 -0.0131248 -0.00712364 -0.00424422 -0.00431163 -0.00499579 -0.00370989 0.00118216 0.00980806 0.0206504 0.0306871 0.0360145 0.0336707 0.0236937 0.0100746 0.000417067 0.0027622 0.0199408 0.0458433 
0.0621525 0.0686389 0.0624597 0.0522927 0.0467888 0.0447843 0.0387767 0.0250453 0.00728215 -0.0077711 -0.0155199 -0.0154067 -0.0105212 -0.00560534 -0.00384334 -0.00493375 -0.00614072 -0.00481363 8.22147e-06 0.00770982 0.0169742 0.0257481 0.0308596 0.0296084 0.0221629 0.0121813 0.00589083 0.00918934 0.0234885 0.0441511 
0.0504272 0.054847 0.0524102 0.0478697 0.0458162 0.0444404 0.038335 0.0255141 0.0093347 -0.00475315 -0.0127135 -0.0136135 -0.0099192 -0.00597338 -0.00488007 -0.00642856 -0.00804301 -0.00744923 -0.00424854 0.000781881 0.00702752 0.0135958 0.0182531 0.0188913 0.0158307 0.0118201 0.0108361 0.0159509 0.0267486 0.0397218 
0.0409171 0.0391462 0.0356074 0.0339524 0.0354613 0.0364574 0.032046 0.0211989 0.00710157 -0.00558881 -0.0132054 -0.0145703 -0.0115521 -0.00792113 -0.00664954 -0.00787229 -0.00953377 -0.00982306 -0.00854143 -0.00614585 -0.0025143 0.0021514 0.00610879 0.0076982 0.00748487 0.00788893 0.0118212 0.0204197 0.0308184 0.0383786 
0.0486283 0.0405624 0.0322709 0.0296879 0.0325882 0.0346321 0.029833 0.0178741 0.00301439 -0.00975903 -0.0171609 -0.0184301 -0.0153302 -0.0112062 -0.00896686 -0.00919293 -0.010297 -0.0106058 -0.00972966 -0.00778372 -0.00452912 -0.000446577 0.00251924 0.00294479 0.00184477 0.00242553 0.00890417 0.0228777 0.0392314 0.0492404 
0.0917649 0.0791258 0.0612164 0.0501558 0.0475614 0.0450567 0.0347602 0.0170918 -0.00162331 -0.015694 -0.0229738 -0.0239781 -0.0206297 -0.0157846 -0.0122805 -0.0111421 -0.0110304 -0.0100286 -0.00737245 -0.00318988 0.00200464 0.00657022 0.00803162 0.00544309 0.000789006 -0.000951364 0.00766141 0.0310322 0.0625766 0.0867493 
0.184136 0.165669 0.12908 0.0973867 0.0786023 0.0642245 0.0442454 0.0189614 -0.00404244 -0.0192926 -0.0266779 -0.028283 -0.025815 -0.0211616 -0.0168833 -0.0144156 -0.0126263 -0.00931294 -0.00345834 0.00437663 0.0123806 0.017546 0.0172242 0.0116466 0.00447818 0.00299601 0.0183782 0.0586997 0.116229 0.16621 
0.315754 0.285797 0.220369 0.157222 0.114214 0.0843796 0.0551716 0.0247156 -0.00041012 -0.0161145 -0.0243365 -0.0282224 -0.0286373 -0.0259481 -0.0220847 -0.0188105 -0.0153826 -0.00961005 -0.00047725 0.0108675 0.0214438 0.0274285 0.02663 0.0207995 0.0154699 0.0201653 0.0491779 0.113501 0.203718 0.284449 
0.434819 0.389072 0.294246 0.20137 0.137052 0.0959987 0.0630893 0.0328579 0.00911859 -0.00584955 -0.0152628 -0.0225266 -0.0272777 -0.028111 -0.0260259 -0.0229491 -0.0186807 -0.011334 -1.86443e-05 0.013747 0.0264493 0.0342449 0.0356337 0.0332946 0.0338379 0.0482566 0.0925239 0.178712 0.295211 0.397933 
