0.466962 0.42028 0.283045 0.147383 0.0620791 0.0212951 0.00656947 0.006326 0.0121739 0.0166452 0.0156618 0.00943364 0.00070792 -0.00742219 -0.0130445 -0.0156111 -0.0145721 -0.00947928 -0.00227429 0.00339141 0.00683102 0.0109884 0.0161987 0.017986 0.0153281 0.0179288 0.0436046 0.113096 0.237648 0.384672 
0.406475 0.356942 0.234137 0.117462 0.0467019 0.0132096 -0.000193141 -0.00130519 0.0042841 0.00942024 0.00978108 0.00552818 -0.0012356 -0.00812919 -0.0132811 -0.01589 -0.0151514 -0.0103706 -0.00339553 0.00214019 0.00567938 0.0105331 0.0174959 0.0218299 0.0213888 0.0254824 0.0519065 0.117437 0.22614 0.346437 
0.268796 0.224797 0.14002 0.0648644 0.0203064 -0.00308515 -0.0151024 -0.0165268 -0.00970455 -0.00172354 0.00217058 0.00117889 -0.0033737 -0.00923137 -0.01417 -0.0170903 -0.0170145 -0.013082 -0.00676775 -0.000931247 0.00447539 0.0125049 0.0233909 0.0318821 0.0343326 0.0377158 0.057116 0.103536 0.174076 0.243738 
0.143005 0.108776 0.0602012 0.0223693 0.000118809 -0.0155954 -0.0272067 -0.0295071 -0.0220195 -0.0112583 -0.0034954 -0.00138684 -0.00468283 -0.0106458 -0.0160665 -0.0193759 -0.019696 -0.0164508 -0.0108549 -0.00465511 0.00297996 0.014536 0.0296257 0.0431056 0.0497706 0.0521895 0.060812 0.0833848 0.116223 0.143226 
0.0706081 0.0478361 0.0221278 0.0052541 -0.00533499 -0.0172027 -0.0286039 -0.0317445 -0.0247067 -0.0130604 -0.00344458 -0.000126047 -0.00391157 -0.0114644 -0.0182725 -0.0221287 -0.0225044 -0.0194814 -0.014253 -0.00773935 0.00138618 0.0151316 0.0328697 0.0499618 0.0600754 0.0614017 0.059854 0.0629166 0.0715237 0.0778581 
0.0424807 0.0299691 0.016086 0.00773994 0.00116899 -0.00907878 -0.0195881 -0.0226242 -0.0163854 -0.0058287 0.00281377 0.00493587 -0.000676541 -0.0104419 -0.0190725 -0.0238823 -0.0246232 -0.0218387 -0.0167126 -0.00994509 -0.000292054 0.0140023 0.0323479 0.0503848 0.0613 0.0610255 0.0529629 0.0453685 0.0438639 0.0458884 
0.035705 0.0301316 0.0224694 0.0176751 0.0125372 0.00361812 -0.00508249 -0.0069988 -0.0013916 0.00685808 0.0123858 0.0116453 0.00398433 -0.00732062 -0.0174036 -0.0235347 -0.0253377 -0.023288 -0.0184462 -0.0117239 -0.00244998 0.0108694 0.027761 0.0440554 0.0532928 0.0514809 0.0415887 0.032056 0.0298614 0.0339519 
0.0376367 0.0357344 0.0307734 0.0269698 0.0223904 0.015349 0.00953334 0.00962144 0.0149271 0.0204642 0.0219609 0.0177874 0.00859243 -0.00301984 -0.013668 -0.0210358 -0.0242692 -0.0234232 -0.0193484 -0.0131352 -0.00475691 0.0068149 0.0210567 0.0340572 0.0403479 0.0372932 0.0284792 0.0220521 0.0239877 0.0321158 
0.0451731 0.0435124 0.0365594 0.0298399 0.0244351 0.0201826 0.0189447 0.0224157 0.0283115 0.0317189 0.0295855 0.022324 0.0121158 0.00101821 -0.00931935 -0.0173302 -0.0217598 -0.0222145 -0.0192536 -0.0138275 -0.00623266 0.00404145 0.0161428 0.0262603 0.0299983 0.0262988 0.0194589 0.0173122 0.0246113 0.0372208 
0.0562672 0.0500464 0.0359489 0.0227937 0.0159188 0.0158889 0.0209975 0.0290062 0.0362327 0.0384388 0.0339356 0.0246223 0.0137862 0.0033569 -0.00615621 -0.0140005 -0.0189445 -0.0203732 -0.0185097 -0.0138391 -0.00655263 0.00337875 0.0144799 0.0230278 0.0259898 0.0238253 0.0207204 0.0232119 0.0346838 0.0494153 
0.0687002 0.0544461 0.031118 0.0110388 0.00319972 0.00787074 0.0190628 0.0306375 0.0383054 0.0394542 0.0338494 0.023855 0.0129248 0.00312261 -0.00532639 -0.0122591 -0.0168853 -0.0187237 -0.0176989 -0.0135526 -0.00599103 0.00444694 0.0152566 0.0230207 0.0268246 0.0287772 0.031932 0.0398942 0.0538023 0.0670465 
0.0788921 0.0585348 0.0292778 0.00484291 -0.00396947 0.00302554 0.0171093 0.0294668 0.0359177 0.0358444 0.0301078 0.020588 0.010181 0.00113537 -0.00609056 -0.0116568 -0.0153676 -0.0171022 -0.0165922 -0.012768 -0.00462662 0.00679879 0.0178062 0.0252187 0.0301851 0.0362045 0.045108 0.0575414 0.0723129 0.0825771 
0.080848 0.0609469 0.0329367 0.00854941 -0.00176652 0.00347401 0.0160752 0.026607 0.0312146 0.0304463 0.0253288 0.0168906 0.00744172 -0.000621838 -0.00654716 -0.0106582 -0.0132556 -0.0145694 -0.014287 -0.0108453 -0.00262507 0.00930077 0.0205549 0.0278402 0.0330234 0.0400929 0.0505465 0.0638897 0.0778119 0.0859565 
0.0721792 0.0589278 0.0385462 0.0183703 0.00689246 0.00772025 0.015632 0.022578 0.025315 0.0244763 0.0203844 0.0133463 0.00530759 -0.00144571 -0.00605494 -0.00884702 -0.0103871 -0.0111469 -0.0109119 -0.00811581 -0.000915002 0.010014 0.0205103 0.027047 0.0309221 0.035907 0.0440189 0.0550993 0.0669196 0.0744275 
0.057803 0.0529568 0.0415518 0.0267319 0.0149757 0.0115526 0.0142005 0.0169854 0.0177013 0.0168227 0.0138875 0.00871789 0.00280074 -0.00217554 -0.00550238 -0.00729247 -0.0080582 -0.00837891 -0.0082004 -0.00628978 -0.00105676 0.00723009 0.0152613 0.0197249 0.0213094 0.0235374 0.028888 0.0374125 0.0473066 0.0553322 
0.0441972 0.0450961 0.0392945 0.0277154 0.015967 0.0100981 0.00934513 0.00920968 0.00835197 0.00738335 0.00570171 0.00287692 -0.000341108 -0.00322173 -0.00539323 -0.00663714 -0.00715849 -0.00750985 -0.00774812 -0.00700906 -0.00422598 0.000453698 0.00472209 0.006137 0.00556877 0.00654038 0.0113344 0.0193607 0.0288462 0.0379677 
0.0332588 0.0362796 0.0324578 0.0221152 0.0106697 0.00427662 0.00262675 0.00167778 0.000184139 -0.000969917 -0.00176615 -0.00253617 -0.00328895 -0.00423212 -0.00539112 -0.00634396 -0.00702586 -0.00795968 -0.00923434 -0.0101004 -0.00983194 -0.00862839 -0.00803012 -0.00944909 -0.0114523 -0.0104304 -0.0045091 0.00486101 0.0153546 0.0254604 
0.023956 0.0276957 0.0251323 0.0164363 0.00638887 0.000690181 -0.000603444 -0.00130144 -0.00306508 -0.00489068 -0.0058778 -0.00594214 -0.00548056 -0.00524135 -0.00556385 -0.00610513 -0.0068487 -0.00845992 -0.0110334 -0.0135753 -0.0152005 -0.0161127 -0.017603 -0.0206943 -0.0238498 -0.0233632 -0.0171051 -0.00665921 0.00496236 0.0157296 
0.0160182 0.0207382 0.0201227 0.0141998 0.00650332 0.00172556 0.000523307 -8.54333e-05 -0.00200273 -0.00450211 -0.00632127 -0.00700539 -0.00681403 -0.00642261 -0.00626255 -0.00626834 -0.00675125 -0.00863767 -0.0119831 -0.0153238 -0.0172869 -0.0180919 -0.0194241 -0.0228447 -0.0273599 -0.0290924 -0.0248283 -0.0152963 -0.00369718 0.00734193 
0.00919549 0.0142795 0.015015 0.0115376 0.00626192 0.00240095 0.000919539 0.000223291 -0.00127306 -0.00344774 -0.00545 -0.00678605 -0.00732303 -0.0072822 -0.00699419 -0.00663264 -0.00677053 -0.00845225 -0.0116255 -0.0144258 -0.0150595 -0.0138476 -0.0131842 -0.0156102 -0.0210083 -0.025573 -0.0250029 -0.0186473 -0.00909905 0.00086489 
0.00326633 0.00717001 0.00763943 0.00518692 0.00178838 -0.000918055 -0.00244634 -0.00316434 -0.00385148 -0.00483467 -0.00593897 -0.00687974 -0.00733204 -0.00725118 -0.00688259 -0.00642054 -0.00634702 -0.00756298 -0.00998109 -0.0116748 -0.0106436 -0.00716798 -0.00402624 -0.00445064 -0.00921443 -0.0152281 -0.0179816 -0.0157076 -0.00994479 -0.00299175 
-0.00051776 0.0016073 0.00112665 -0.00128459 -0.00369136 -0.00553406 -0.00709246 -0.00806693 -0.00835418 -0.00830836 -0.00815143 -0.00781117 -0.0071627 -0.00638803 -0.00578944 -0.00537883 -0.00527192 -0.00610741 -0.00794261 -0.0091373 -0.00762501 -0.00333109 0.00124098 0.0028511 0.000137063 -0.00495007 -0.00869067 -0.00915137 -0.00711688 -0.00390989 
-0.00191069 -0.000852112 -0.00138475 -0.00338639 -0.00535117 -0.00710698 -0.00912802 -0.0108014 -0.0114692 -0.0112545 -0.0103561 -0.00877102 -0.00680624 -0.00517027 -0.00429366 -0.00397291 -0.00399846 -0.00478946 -0.00656717 -0.00809086 -0.00738087 -0.00392466 0.000489022 0.00320046 0.00276385 0.000187429 -0.00206601 -0.00290707 -0.00309977 -0.00291849 
-0.00339709 -0.00251754 -0.00173799 -0.00217504 -0.0034115 -0.00523503 -0.00765788 -0.0099519 -0.0113723 -0.011755 -0.0109528 -0.00886529 -0.00617943 -0.00405646 -0.00301247 -0.00275487 -0.00299489 -0.00400357 -0.00596617 -0.00791796 -0.00818211 -0.00611355 -0.00284247 -0.00023486 0.000630044 0.000363732 0.000341871 0.000424098 -0.000705641 -0.00264676 
-0.00716771 -0.00621308 -0.00376524 -0.0022031 -0.00225779 -0.00348294 -0.0052736 -0.00711333 -0.00868939 -0.00969806 -0.00951084 -0.00776648 -0.00524207 -0.00321471 -0.00219199 -0.00196163 -0.00238265 -0.00363597 -0.00567651 -0.00760691 -0.00815347 -0.00693395 -0.00482022 -0.00304033 -0.00213479 -0.00149128 -0.000353852 0.000284646 -0.0014664 -0.00500906 
-0.0129598 -0.0122252 -0.00895637 -0.00610286 -0.0050362 -0.00504998 -0.00504379 -0.00494885 -0.00535605 -0.0062375 -0.00661429 -0.0057282 -0.00406073 -0.00260975 -0.00176953 -0.00151925 -0.00199474 -0.00337274 -0.00535218 -0.0069395 -0.00712895 -0.00592056 -0.00432544 -0.00335873 -0.00322689 -0.00321906 -0.00269265 -0.00268659 -0.00520214 -0.00980132 
-0.0189665 -0.0186761 -0.01555 -0.0123499 -0.0106337 -0.00958651 -0.00769625 -0.00514252 -0.00346876 -0.00333724 -0.00377832 -0.00367051 -0.00298695 -0.00222382 -0.00156709 -0.00117757 -0.00150429 -0.00282319 -0.00466733 -0.00587145 -0.00545637 -0.00366312 -0.00189112 -0.00146707 -0.00261195 -0.00441177 -0.00584106 -0.00733241 -0.0105578 -0.015445 
-0.0229769 -0.022936 -0.0201979 -0.0170898 -0.0152497 -0.0139703 -0.0113795 -0.0074015 -0.00399154 -0.00251322 -0.00238481 -0.00242615 -0.00225188 -0.00191265 -0.00132242 -0.000685272 -0.000686039 -0.00175249 -0.00336213 -0.00420028 -0.00318063 -0.000632748 0.00159883 0.00161732 -0.000961443 -0.00486239 -0.00844491 -0.01145 -0.0151185 -0.0196948 
-0.0233348 -0.0231648 -0.0204931 -0.0174347 -0.0158547 -0.0153097 -0.0136338 -0.0100357 -0.00610958 -0.00356006 -0.00241667 -0.00187293 -0.00156426 -0.00131911 -0.000765777 4.24003e-05 0.000370694 -0.000333418 -0.00160895 -0.00212758 -0.000755611 0.00217954 0.00466801 0.00452507 0.00122118 -0.00384139 -0.00871356 -0.0126809 -0.0165324 -0.0205908 
-0.0202794 -0.0198658 -0.0170691 -0.0140246 -0.0129038 -0.0135829 -0.0137577 -0.0117918 -0.00841691 -0.005282 -0.00303209 -0.00150073 -0.000648596 -0.000300342 0.00014247 0.000899499 0.0013835 0.0010043 6.58691e-05 -0.000291501 0.000937144 0.00352333 0.00583234 0.00598026 0.00326079 -0.00145587 -0.00650183 -0.0108032 -0.0145579 -0.0180544 
-0.0161832 -0.0157423 -0.013148 -0.0104853 -0.00992833 -0.0115325 -0.0131563 -0.0127156 -0.0101453 -0.00680245 -0.00370763 -0.00125515 0.000224542 0.000794483 0.00113837 0.00169538 0.00211404 0.00188586 0.00116186 0.000754341 0.00139068 0.00303196 0.00481756 0.00551923 0.00415333 0.000611888 -0.00399697 -0.00818157 -0.0115149 -0.0143591 
-0.0139086 -0.0134981 -0.0115613 -0.00986924 -0.00999469 -0.0117961 -0.0135518 -0.0134511 -0.0111679 -0.00774361 -0.00423165 -0.00125474 0.000687518 0.00154902 0.00191674 0.00225815 0.00242489 0.0020982 0.00138426 0.000787264 0.000731685 0.00136181 0.00255795 0.00363833 0.00327894 0.000539859 -0.00379998 -0.00780554 -0.0105828 -0.0126316 
-0.0150108 -0.0143013 -0.0130162 -0.0124036 -0.0130458 -0.014336 -0.0150307 -0.0140742 -0.0113975 -0.0078555 -0.00432125 -0.00131172 0.000779868 0.00186383 0.00230058 0.00242486 0.00222046 0.00159441 0.00072356 -5.01081e-05 -0.000532021 -0.000537929 0.000189689 0.00119665 0.00087203 -0.00210567 -0.00687871 -0.0110825 -0.0134994 -0.0146681 
-0.0185677 -0.0171356 -0.0159564 -0.0157355 -0.0162512 -0.0165841 -0.0158913 -0.0138121 -0.0106301 -0.00710889 -0.00390176 -0.00126673 0.000648393 0.00174063 0.00212446 0.00198797 0.00139777 0.000425299 -0.000650548 -0.00150742 -0.0020924 -0.00235923 -0.00204589 -0.00157871 -0.00268177 -0.00669114 -0.0124222 -0.0170951 -0.019258 -0.0194588 
-0.0215014 -0.01919 -0.0174937 -0.0167348 -0.0164478 -0.0158227 -0.0143276 -0.0118922 -0.00885875 -0.00583511 -0.00327743 -0.0012294 0.000326498 0.00121533 0.00136012 0.000901099 -2.68857e-05 -0.00129681 -0.00258757 -0.00354375 -0.00417162 -0.00460973 -0.00475112 -0.00501126 -0.00702658 -0.0119821 -0.0183601 -0.0230509 -0.0245516 -0.023614 
-0.0215907 -0.0186964 -0.0162206 -0.0143179 -0.012793 -0.0113822 -0.00990357 -0.00821204 -0.0062896 -0.00436359 -0.00267556 -0.00121275 -1.37607e-05 0.000571647 0.000345239 -0.000493109 -0.0017279 -0.00324808 -0.00477749 -0.00594893 -0.00672759 -0.00732443 -0.00779173 -0.0085342 -0.0109805 -0.016107 -0.0221891 -0.0260146 -0.0263554 -0.0244083 
-0.0196712 -0.0167242 -0.0135378 -0.0102731 -0.00722942 -0.00496253 -0.00381006 -0.00345953 -0.00326802 -0.00283249 -0.00209798 -0.00113073 -0.000215404 7.83424e-05 -0.000514317 -0.00171333 -0.00321958 -0.00492594 -0.00663742 -0.00801416 -0.00889712 -0.00945007 -0.00991604 -0.0107663 -0.0131315 -0.0176703 -0.022624 -0.0250931 -0.0244579 -0.022291 
-0.0178501 -0.0152526 -0.0116415 -0.00723565 -0.00271055 0.000617873 0.00180017 0.00112909 -0.00025896 -0.00130198 -0.00154664 -0.00109596 -0.000464976 -0.000379078 -0.00116302 -0.00255808 -0.00422381 -0.00598506 -0.00768887 -0.00906767 -0.00987027 -0.0102137 -0.0105587 -0.0114148 -0.0134219 -0.0168149 -0.0201721 -0.0214921 -0.020818 -0.0195248 
-0.0167184 -0.0146771 -0.011212 -0.00642766 -0.00101296 0.00333022 0.00516104 0.00443944 0.00230835 0.000212395 -0.000972043 -0.00118667 -0.000953804 -0.00101534 -0.00178125 -0.00314824 -0.00479843 -0.00643116 -0.00788126 -0.00901719 -0.00965177 -0.00992959 -0.010392 -0.0113321 -0.0127283 -0.0145438 -0.0162387 -0.0170633 -0.0172726 -0.0173542 
-0.0148803 -0.0134281 -0.0108202 -0.00674229 -0.00149602 0.0033047 0.00598073 0.00597953 0.00403777 0.00159842 -0.000243422 -0.0011854 -0.00150139 -0.00177509 -0.00248115 -0.00371324 -0.00521459 -0.00657254 -0.007592 -0.00830768 -0.00873792 -0.00911046 -0.00983497 -0.0107815 -0.0114094 -0.0117752 -0.0123766 -0.0133151 -0.014382 -0.0151273 
-0.0112958 -0.0100369 -0.0085502 -0.00604342 -0.00214968 0.00205259 0.00494514 0.00559457 0.00434659 0.00236734 0.000502536 -0.000927308 -0.00183522 -0.00247027 -0.00325811 -0.00441997 -0.00577373 -0.00685628 -0.00742294 -0.00761002 -0.00766855 -0.00794477 -0.00867353 -0.00943009 -0.00956441 -0.00938426 -0.00985873 -0.0110877 -0.0121319 -0.0121922 
-0.00754291 -0.00549089 -0.00451231 -0.00372984 -0.00200236 0.000517743 0.00258533 0.0032366 0.00275657 0.00192008 0.000834176 -0.000542669 -0.00185326 -0.00292219 -0.00396409 -0.0052097 -0.00656044 -0.00754539 -0.00780574 -0.0074614 -0.00695082 -0.00679078 -0.00722247 -0.00786103 -0.00819875 -0.00851077 -0.00950877 -0.0109211 -0.0113634 -0.00999867 
-0.00470633 -0.00123482 -0.000206939 -0.00101278 -0.00176261 -0.00150902 -0.000925843 -0.000732892 -0.000483843 0.000162199 0.000409748 -0.000317514 -0.00160703 -0.00297915 -0.00435766 -0.00585058 -0.00740309 -0.0085352 -0.00873556 -0.00804245 -0.00702045 -0.00640051 -0.00663483 -0.0075285 -0.00854038 -0.00950625 -0.0107343 -0.0119599 -0.011741 -0.00900396 
0.000621754 0.00438651 0.00444468 0.00147954 -0.00199127 -0.00417297 -0.00518228 -0.00541798 -0.00440498 -0.00235049 -0.000729571 -0.000449644 -0.00124321 -0.00265831 -0.00440524 -0.0063189 -0.00823998 -0.00965808 -0.00998635 -0.00922585 -0.0080207 -0.00727248 -0.00758021 -0.00870441 -0.0097771 -0.0102293 -0.0103882 -0.0103951 -0.00893005 -0.00482636 
0.0114825 0.0130268 0.010162 0.00430557 -0.00184986 -0.00636748 -0.00891738 -0.0094329 -0.00763041 -0.00448497 -0.00187514 -0.000685833 -0.000853662 -0.00222887 -0.0044342 -0.0069355 -0.00930118 -0.0109508 -0.0113341 -0.0105334 -0.00932213 -0.00868297 -0.00901716 -0.00961172 -0.00922862 -0.00739742 -0.00492402 -0.00236504 0.00130141 0.00660191 
0.0238143 0.0214259 0.0151993 0.00723106 -0.000506454 -0.00674353 -0.010689 -0.0114213 -0.00883692 -0.00488408 -0.00182818 -0.000356732 -0.000426049 -0.00205368 -0.00481278 -0.00792386 -0.0106737 -0.0123249 -0.0123639 -0.0110641 -0.00947545 -0.00867353 -0.00866219 -0.00803013 -0.00519003 -6.87222e-05 0.00579096 0.0112508 0.0166646 0.0216412 
0.0304556 0.0246803 0.0168517 0.00894791 0.00139779 -0.00557073 -0.010428 -0.0110541 -0.00750613 -0.0028137 0.000209102 0.00102376 6.27093e-05 -0.00230821 -0.00558157 -0.00910115 -0.0120519 -0.013429 -0.0126338 -0.0101302 -0.00732956 -0.00560093 -0.00488611 -0.00329264 0.00128761 0.00891725 0.0173771 0.0244736 0.0295791 0.0320619 
0.0302 0.0225541 0.0148737 0.00861928 0.00243626 -0.00440941 -0.00935235 -0.00917188 -0.00432016 0.00116669 0.00387122 0.0032641 0.000541228 -0.00297229 -0.00663562 -0.0102849 -0.013249 -0.0142022 -0.0122787 -0.00797286 -0.00307104 0.000335599 0.00167532 0.00295562 0.00710611 0.0149724 0.0242704 0.031672 0.0353731 0.034915 
0.0279673 0.0188378 0.0111048 0.00626994 0.00156285 -0.00455292 -0.00867914 -0.00708813 -0.0008198 0.00548127 0.00792621 0.00577296 0.000996657 -0.00387401 -0.00792015 -0.0115371 -0.0143794 -0.0148633 -0.0116991 -0.00523636 0.00225285 0.00748863 0.00886729 0.00854536 0.0105386 0.0168648 0.0258004 0.0333804 0.0365857 0.0346167 
0.0268061 0.0157506 0.00698314 0.00254192 -0.00110562 -0.00604333 -0.00868673 -0.00552264 0.00194051 0.00900293 0.01151 0.00828909 0.00175358 -0.00452326 -0.00913062 -0.0127297 -0.0153187 -0.0152251 -0.0107788 -0.00222073 0.0075648 0.0141205 0.0151462 0.0133831 0.0138964 0.0192082 0.0276879 0.0351438 0.0380117 0.0351052 
0.0254422 0.0125604 0.00303488 -0.00119263 -0.00399726 -0.00752514 -0.00844999 -0.00388425 0.00439952 0.0119757 0.0146796 0.0109554 0.00325699 -0.00427481 -0.00967204 -0.0134192 -0.0156672 -0.0148423 -0.00921139 0.000827729 0.0118572 0.0189058 0.0198262 0.0183339 0.0201034 0.0267758 0.0353479 0.0412983 0.0417171 0.0361731 
0.0234567 0.00954974 0.00048759 -0.00308684 -0.00527706 -0.0076588 -0.00707014 -0.00133162 0.00747796 0.0151622 0.0178193 0.0138731 0.00558489 -0.0029416 -0.00932615 -0.0134944 -0.0154535 -0.0138678 -0.00736526 0.00319811 0.014112 0.0207227 0.0218229 0.0221656 0.0273991 0.037302 0.0466419 0.0504231 0.0469135 0.0372093 
0.0230241 0.00971198 0.00221901 -0.000808373 -0.00351095 -0.00607929 -0.00480215 0.00194605 0.0113628 0.018972 0.0211929 0.0168987 0.00819125 -0.00127221 -0.00886417 -0.0137379 -0.0155341 -0.0132344 -0.00618398 0.00407193 0.0137877 0.0192442 0.0204652 0.0226394 0.0306239 0.0427417 0.0527853 0.0557739 0.0503647 0.0382545 
0.0257878 0.0151993 0.00998783 0.00681841 0.00178019 -0.00314548 -0.00257502 0.00502383 0.0155562 0.0233473 0.0248019 0.0196086 0.0100851 -0.000519376 -0.00945639 -0.0151672 -0.0168402 -0.013764 -0.00621146 0.00347977 0.011828 0.0163867 0.0179475 0.0206798 0.0279293 0.0384374 0.0479647 0.0524326 0.0493664 0.0391338 
0.0320598 0.0247323 0.0209894 0.0164399 0.00791439 -0.000353757 -0.00110723 0.00731617 0.0193809 0.0276825 0.0281729 0.0214512 0.0105847 -0.00123399 -0.0113342 -0.0177531 -0.0192562 -0.0153935 -0.00733486 0.00207744 0.0100522 0.015255 0.0180904 0.0202741 0.023556 0.0290695 0.0368079 0.0441185 0.0463941 0.0412868 
0.0426598 0.0368426 0.0313109 0.0228279 0.0105931 0.000521861 -0.00012854 0.00940148 0.0226139 0.0312006 0.0307404 0.0224206 0.0101615 -0.00263897 -0.0135297 -0.0204254 -0.0218233 -0.0175829 -0.00946161 -5.6239e-05 0.00892638 0.0164744 0.0213692 0.0227256 0.02156 0.0218453 0.0276084 0.0377515 0.0460855 0.0473763 
0.0571034 0.0506826 0.0393153 0.0237444 0.00796804 -0.00102534 0.00106292 0.0121188 0.0254206 0.0336343 0.032617 0.023398 0.0101223 -0.00350683 -0.0150213 -0.0223024 -0.0238919 -0.0200537 -0.012667 -0.00337232 0.00721699 0.0173874 0.0236464 0.0237098 0.0193707 0.0165669 0.0212749 0.0338744 0.0482839 0.0569659 
0.0699091 0.0608857 0.0412362 0.0176413 -0.00014517 -0.00524441 0.00153908 0.0142982 0.0270094 0.0347454 0.033989 0.0247742 0.0107806 -0.00373821 -0.0158104 -0.0233752 -0.0253729 -0.0224227 -0.0161729 -0.00724509 0.00439398 0.015783 0.0213339 0.0188382 0.0123585 0.00904379 0.0145016 0.0297144 0.0497724 0.065625 
0.073723 0.0597121 0.0319659 0.00306323 -0.0133346 -0.0126116 -0.00102233 0.0130917 0.0254998 0.0335611 0.0337978 0.0249798 0.0104642 -0.00461685 -0.0166908 -0.0240261 -0.0260621 -0.0234815 -0.0176918 -0.00901235 0.00256568 0.0131526 0.0161027 0.0102577 0.00250917 0.000862123 0.00897471 0.0267029 0.0499222 0.0690906 
0.066661 0.0464653 0.0133064 -0.0164079 -0.028368 -0.0218647 -0.00715223 0.00747755 0.0201715 0.0292722 0.0305197 0.0220438 0.0076037 -0.00694323 -0.0179723 -0.0243048 -0.0255644 -0.0220596 -0.0151795 -0.00596136 0.00488684 0.0133094 0.0131321 0.00473071 -0.00295667 -0.0017996 0.00929054 0.0278571 0.0498349 0.0664007 
0.052953 0.0278536 -0.0066596 -0.0333546 -0.0400847 -0.0298749 -0.0144223 -0.000204148 0.0128117 0.0227644 0.0246362 0.0167988 0.00353115 -0.00938976 -0.0188268 -0.0239165 -0.0239574 -0.0186217 -0.00948271 0.00111017 0.0113799 0.0177327 0.0155476 0.00657403 0.000201901 0.00365037 0.0157942 0.032295 0.0492007 0.0592069 
0.0382621 0.0109643 -0.0211727 -0.0425881 -0.0451502 -0.034211 -0.0201464 -0.00697147 0.00602864 0.0163091 0.0187881 0.0123552 0.00105857 -0.0101549 -0.0185136 -0.0228448 -0.0218839 -0.0149135 -0.00383239 0.00790715 0.0178728 0.0234185 0.0214734 0.0140086 0.0092551 0.0131144 0.0234975 0.0357236 0.0465236 0.049945 
0.0284298 0.00242789 -0.025224 -0.0415321 -0.0426733 -0.0344608 -0.0237243 -0.0120299 0.000791731 0.0112397 0.0144851 0.00970993 0.000265513 -0.00978952 -0.0176749 -0.021564 -0.019881 -0.0121576 -0.000683411 0.010813 0.0202519 0.0262507 0.0263707 0.0211104 0.0165948 0.0181778 0.0246848 0.0326835 0.0400006 0.0411364 
0.0307061 0.0106099 -0.0126635 -0.0277093 -0.0326471 -0.0312219 -0.0255678 -0.0155706 -0.00277568 0.0078167 0.0113351 0.00727205 -0.00115604 -0.0103252 -0.017535 -0.0206652 -0.0183214 -0.010718 -0.000364759 0.00958025 0.0181449 0.0250664 0.0274571 0.0232196 0.0163415 0.0130189 0.0148376 0.0207264 0.0298991 0.0365907 
0.0566957 0.0451442 0.0217476 -0.000187923 -0.0160216 -0.0250541 -0.0252338 -0.0164956 -0.00332985 0.00723408 0.0100684 0.00528094 -0.00324029 -0.0117901 -0.0180449 -0.0202725 -0.0175935 -0.0106935 -0.00189457 0.00642723 0.0142305 0.0218734 0.0256806 0.0211404 0.0106359 0.00199239 0.000427132 0.0079436 0.0257584 0.0473425 
0.126641 0.118578 0.0817076 0.0398145 0.00594129 -0.0152914 -0.0208938 -0.013048 0.000312322 0.0104092 0.012109 0.00604493 -0.00328898 -0.0118576 -0.017647 -0.0196211 -0.0173554 -0.0114111 -0.00366272 0.00380553 0.0111477 0.0190416 0.0236364 0.019189 0.00707687 -0.00360827 -0.00418263 0.0115726 0.0481097 0.096032 
0.253638 0.237154 0.166511 0.0891667 0.0320181 -0.000713765 -0.0110426 -0.00517232 0.00670654 0.0153517 0.0159725 0.00915 -0.00082051 -0.0097562 -0.0156869 -0.0180693 -0.0166251 -0.0114548 -0.00417039 0.00281084 0.00937787 0.0167207 0.0218529 0.0190626 0.00900425 0.00120118 0.00769942 0.0409053 0.109858 0.197933 
0.398306 0.36503 0.251141 0.133835 0.055251 0.0148066 0.000997615 0.00348507 0.0120696 0.0183142 0.0178665 0.0109727 0.00115452 -0.00773827 -0.0137152 -0.0163671 -0.0153332 -0.0103636 -0.00318762 0.00311294 0.00808586 0.0137983 0.0189718 0.0186099 0.0125899 0.0104843 0.0277572 0.0831905 0.189492 0.320271 
