0.777676 0.880606 0.820804 0.62953 0.394199 0.195772 0.0689457 0.00644539 -0.0155509 -0.0179782 -0.0132944 -0.00791098 -0.00513799 -0.00590097 -0.00887669 -0.011574 -0.0116913 -0.00799844 -0.000972485 0.0069875 0.0124252 0.0127123 0.00822028 0.00420357 0.0126 0.053834 0.154374 0.331068 0.563108 
0.727911 0.825475 0.770255 0.589813 0.365873 0.175927 0.0543687 -0.00490526 -0.0246303 -0.0250666 -0.0182525 -0.0104594 -0.00522131 -0.00393148 -0.0056193 -0.00768081 -0.00737837 -0.00341822 0.00309825 0.00926019 0.0121885 0.0105944 0.00563736 0.00214335 0.0107919 0.0502559 0.144846 0.31003 0.526775 
0.560835 0.638752 0.596864 0.455281 0.277538 0.125423 0.0275639 -0.0197953 -0.0343665 -0.0323744 -0.023758 -0.0141209 -0.00697248 -0.00385136 -0.00395719 -0.00480645 -0.00375664 0.000220903 0.00564602 0.00969352 0.0103975 0.00752996 0.00226874 -0.00200649 0.00284336 0.0318537 0.104558 0.233134 0.402666 
0.35563 0.408862 0.382771 0.28942 0.170291 0.0669892 -0.000174148 -0.0326179 -0.0415847 -0.0378046 -0.0283732 -0.0180077 -0.0100079 -0.00576927 -0.00452812 -0.00415685 -0.00252512 0.00100588 0.00494779 0.00702319 0.00618877 0.00282995 -0.00232912 -0.00764182 -0.0078076 0.00801538 0.0537897 0.137846 0.250046 
0.186193 0.217931 0.204074 0.150686 0.0812552 0.0201365 -0.0202436 -0.0400147 -0.0449693 -0.0407984 -0.0318472 -0.021901 -0.0139619 -0.0092545 -0.00715398 -0.00607436 -0.00448997 -0.0019572 0.000441631 0.00118792 -0.000132078 -0.00300172 -0.00722845 -0.0124709 -0.0157516 -0.00999268 0.0138291 0.0608327 0.125001 
0.0809226 0.097419 0.0903449 0.0622447 0.0252572 -0.00769588 -0.0300456 -0.0416982 -0.0449422 -0.04181 -0.034432 -0.0256886 -0.0182764 -0.0134507 -0.0110028 -0.00996883 -0.00921095 -0.00807791 -0.00690791 -0.00647512 -0.00695782 -0.00805674 -0.00993387 -0.012924 -0.0157725 -0.014619 -0.00436425 0.018037 0.0498463 
0.0292028 0.0358884 0.0319855 0.017879 -0.000897682 -0.0181211 -0.030778 -0.0387499 -0.0422399 -0.0410084 -0.035714 -0.0285101 -0.0218383 -0.0171667 -0.0148675 -0.0145064 -0.0150122 -0.0152213 -0.0146483 -0.0134915 -0.0119392 -0.00997949 -0.00791692 -0.00644729 -0.00581724 -0.00503054 -0.00199495 0.00531171 0.016908 
0.0093776 0.01012 0.00829663 0.00250211 -0.00623573 -0.0158021 -0.024815 -0.0324621 -0.0373678 -0.0380696 -0.0346383 -0.0289344 -0.0232519 -0.0192097 -0.0175571 -0.0180928 -0.0195999 -0.0204552 -0.0196382 -0.0170318 -0.0128418 -0.00717923 -0.000430352 0.00624223 0.0111436 0.0130178 0.0120262 0.00989597 0.00877211 
0.00647915 0.00428668 0.00441858 0.004058 0.000782502 -0.00603736 -0.0153111 -0.0247091 -0.0313273 -0.0332199 -0.0307626 -0.0261404 -0.0216587 -0.0187935 -0.0181412 -0.0193227 -0.0209521 -0.0213224 -0.0193861 -0.0149741 -0.00821495 0.000780817 0.0113582 0.0216386 0.028871 0.0308568 0.0273055 0.0200546 0.0121563 
0.0128475 0.0100569 0.0115316 0.0138932 0.0125948 0.00537607 -0.0062707 -0.0182089 -0.0261229 -0.0280515 -0.0253098 -0.0209525 -0.0174724 -0.0158988 -0.0161483 -0.0173559 -0.0180871 -0.0169543 -0.0132569 -0.00691054 0.00203806 0.0133111 0.0256074 0.0362755 0.0423862 0.0424914 0.0373357 0.0290001 0.0199367 
0.0225874 0.0204368 0.0220766 0.0244729 0.0224984 0.0132818 -0.00120509 -0.015415 -0.023939 -0.0249446 -0.0208376 -0.0157626 -0.0125208 -0.0115833 -0.0119995 -0.0124185 -0.0115614 -0.0085346 -0.00297567 0.0051916 0.0158841 0.0282727 0.0400997 0.0482094 0.0504538 0.0472973 0.0412233 0.0344517 0.0279015 
0.0295628 0.0281605 0.0290868 0.0300528 0.0264267 0.0153558 -0.00107398 -0.0166803 -0.0253453 -0.0252099 -0.0194421 -0.0130759 -0.00918251 -0.00775299 -0.00719196 -0.00600969 -0.00334716 0.00124178 0.0080831 0.0174572 0.0291312 0.0414894 0.0514021 0.0557314 0.053619 0.0474101 0.0408599 0.0360527 0.0325152 
0.0297439 0.0287189 0.0289625 0.0288102 0.0244347 0.0131135 -0.00348168 -0.0193285 -0.0279915 -0.0273481 -0.0207355 -0.0135108 -0.00872909 -0.00600286 -0.00352291 -0.000173894 0.00420482 0.00970054 0.0168596 0.0262786 0.0375452 0.0484542 0.0556252 0.0565621 0.0515984 0.0439315 0.0373692 0.0335479 0.0314482 
0.0237906 0.0229084 0.0231142 0.0231599 0.0198701 0.0104774 -0.00418862 -0.0189259 -0.0274909 -0.0274545 -0.0217131 -0.015154 -0.0103102 -0.00642443 -0.0018551 0.00374316 0.00967517 0.0156904 0.0224994 0.030804 0.0399793 0.0477785 0.0515265 0.049944 0.0441259 0.0369019 0.0310151 0.0274423 0.0253563 
0.0163915 0.0156582 0.016291 0.0175118 0.0166669 0.0108393 -0.000161187 -0.0124683 -0.0206951 -0.0223285 -0.0193392 -0.0153497 -0.0118658 -0.00775559 -0.00176634 0.00559901 0.0129055 0.0195875 0.0261924 0.0330163 0.0390681 0.0425879 0.0424285 0.0388779 0.033388 0.0277323 0.0232021 0.0201172 0.0179876 
0.0122943 0.011817 0.0127447 0.0150357 0.0166688 0.0147154 0.00803822 -0.00114117 -0.00885857 -0.0127774 -0.0136431 -0.0133325 -0.0121532 -0.00875968 -0.00239134 0.00583172 0.0141371 0.021803 0.0289299 0.0349355 0.0382383 0.0377154 0.0339513 0.0287247 0.0236219 0.0194325 0.0164284 0.014542 0.0133096 
0.0124879 0.012369 0.0131545 0.0156861 0.0187482 0.0196487 0.0165354 0.0100369 0.00261921 -0.00356652 -0.00798702 -0.010876 -0.0116942 -0.00924605 -0.00330269 0.00475771 0.0133136 0.0217872 0.0298917 0.0361429 0.0382937 0.0355447 0.0296004 0.0231531 0.0178692 0.0141707 0.0121651 0.0117931 0.0122719 
0.0142008 0.0143705 0.0147849 0.0169153 0.0202327 0.0223832 0.0211009 0.0159004 0.00828058 0.00047889 -0.00593695 -0.0102245 -0.0116946 -0.00966742 -0.00439615 0.00276352 0.010623 0.0189987 0.0276039 0.0345935 0.0373171 0.0347816 0.0286961 0.0218202 0.0159579 0.011873 0.01014 0.0108735 0.0128559 
0.0143481 0.0143449 0.0144906 0.0162728 0.0193339 0.0215167 0.0204252 0.0151496 0.00700878 -0.0013678 -0.00783767 -0.0115389 -0.0122552 -0.00993809 -0.00514477 0.000908046 0.00739293 0.0144907 0.0222957 0.0293949 0.0333228 0.032626 0.0280826 0.0218236 0.0158362 0.0115376 0.00989872 0.0109077 0.0130495 
0.0125068 0.0115349 0.0115435 0.0134424 0.0164697 0.018428 0.0169387 0.0111396 0.00268216 -0.00530139 -0.0105174 -0.0125545 -0.0119094 -0.00900283 -0.00444285 0.000705108 0.00567583 0.0106751 0.0162241 0.021915 0.0261742 0.0273803 0.0251826 0.0207862 0.016161 0.0130017 0.0119812 0.0124602 0.0129722 
0.01062 0.00809103 0.00792614 0.0102468 0.0137106 0.0159866 0.0146623 0.00890706 0.000682675 -0.00647864 -0.0102794 -0.0108014 -0.0091156 -0.00587942 -0.00157417 0.00288297 0.00654033 0.00922162 0.0115837 0.0143225 0.0172833 0.019395 0.0197126 0.0185329 0.0172215 0.0168286 0.0169948 0.0163431 0.0139865 
0.0104172 0.00670027 0.0064725 0.0092091 0.0133118 0.0164981 0.0162211 0.0113428 0.00372896 -0.0029055 -0.00612164 -0.00611122 -0.00418841 -0.00113954 0.0026527 0.00640191 0.00894501 0.00956463 0.00873066 0.00794872 0.00855969 0.0106521 0.0134307 0.0164219 0.019665 0.022658 0.0238089 0.0215918 0.0163195 
0.0115314 0.00821041 0.00860755 0.0117171 0.0161992 0.0202376 0.0212652 0.0175882 0.0105154 0.00366662 -0.000179008 -0.000817303 0.0005552 0.00301144 0.00606593 0.00898409 0.0105437 0.00968448 0.00661892 0.00322093 0.00185994 0.00376607 0.00868295 0.0155652 0.0228249 0.0281418 0.0291506 0.0251395 0.0180797 
0.0120199 0.0110718 0.0130535 0.0165098 0.0207425 0.0248814 0.0267267 0.0240874 0.017403 0.00985331 0.00456199 0.00245526 0.00275176 0.00441154 0.00667875 0.00876995 0.00957887 0.00807798 0.00439596 0.000380167 -0.00139969 0.000735823 0.00692164 0.0158422 0.0247536 0.0301202 0.0295974 0.0239629 0.016825 
0.0102606 0.0125773 0.0163319 0.0197155 0.0228848 0.0262517 0.0283847 0.026809 0.0209337 0.0131131 0.00653297 0.00282929 0.00181386 0.0025251 0.00401775 0.00546193 0.00596388 0.00479037 0.00216433 -0.000371453 -0.000839962 0.00197619 0.00815052 0.016452 0.0239995 0.0271742 0.0243252 0.017685 0.0118893 
0.00606799 0.0107069 0.0150473 0.0172937 0.0186214 0.0207889 0.0232375 0.0233215 0.0193644 0.0125775 0.00576486 0.00097695 -0.00134114 -0.001756 -0.00106577 6.99391e-06 0.000782208 0.000805612 0.000376362 0.00058873 0.00244488 0.00613085 0.0112405 0.0168471 0.0208832 0.0206929 0.0156225 0.0087427 0.00479243 
0.000449073 0.00540281 0.00844987 0.00832747 0.00734692 0.00840134 0.0115678 0.0140056 0.0130326 0.00860898 0.00278856 -0.00233463 -0.00574946 -0.00735493 -0.00743519 -0.00641823 -0.0048505 -0.0031471 -0.00112332 0.0018932 0.0061023 0.010682 0.0145205 0.0168899 0.0169076 0.0134182 0.00676687 0.000166859 -0.00230542 
-0.00482974 -0.00121506 -0.00075928 -0.0038481 -0.0071129 -0.00692988 -0.00293644 0.00184623 0.00400325 0.0024013 -0.00179145 -0.00669659 -0.0108643 -0.0134524 -0.0140819 -0.0128297 -0.010244 -0.00698062 -0.00314488 0.00174123 0.00766865 0.013279 0.0166704 0.0168421 0.0137767 0.00781129 0.000228155 -0.00595541 -0.00764061 
-0.00744716 -0.00582513 -0.00810339 -0.0138049 -0.0188939 -0.0195094 -0.0152308 -0.00906167 -0.00471252 -0.00406597 -0.00675717 -0.0112334 -0.0157679 -0.0189222 -0.0197742 -0.0181568 -0.0147483 -0.0105961 -0.00610916 -0.000650331 0.0062573 0.0133118 0.0178001 0.0177884 0.0133607 0.00598379 -0.00210433 -0.00799445 -0.00948572 
-0.00562003 -0.0060131 -0.0103547 -0.0175968 -0.0236974 -0.0250952 -0.0213931 -0.0152456 -0.0101623 -0.00835953 -0.0100835 -0.0141485 -0.0187503 -0.022117 -0.0230222 -0.0211963 -0.0174818 -0.0132781 -0.00917941 -0.00411944 0.0033078 0.0122957 0.0193975 0.0212522 0.0172603 0.00951648 0.00121802 -0.00459858 -0.00640348 
-0.000110511 -0.00240589 -0.00780573 -0.015069 -0.0209245 -0.0226893 -0.0200726 -0.0150783 -0.0105539 -0.00861901 -0.00990343 -0.0136378 -0.0181775 -0.0216843 -0.0228046 -0.0212 -0.017767 -0.0140782 -0.0107964 -0.0064416 0.00129004 0.0122326 0.0224652 0.0272244 0.0248582 0.0176224 0.00945057 0.00352235 0.000861221 
0.00518773 0.00124353 -0.00404868 -0.00957744 -0.013524 -0.01463 -0.0128765 -0.00945895 -0.00620904 -0.00475824 -0.0058976 -0.00933141 -0.013802 -0.0176005 -0.0193049 -0.0184252 -0.0157144 -0.0126939 -0.0100541 -0.00621098 0.00155479 0.0135512 0.0257998 0.0327886 0.0320984 0.0258699 0.0182536 0.0122137 0.00829076 
0.00571013 0.000751336 -0.00322796 -0.00546651 -0.00597627 -0.0052358 -0.00363849 -0.00154243 0.000405237 0.00129083 0.000306771 -0.00274928 -0.0071281 -0.0113354 -0.0138751 -0.0140208 -0.012219 -0.00975104 -0.00733272 -0.00368793 0.00362885 0.0150145 0.0268558 0.033913 0.0337996 0.0285241 0.0218326 0.0159221 0.0107816 
-0.000221727 -0.00518993 -0.00687654 -0.00502795 -0.00147217 0.00167269 0.0036643 0.00497535 0.0060983 0.00679751 0.00623801 0.00373756 -0.000430821 -0.00496092 -0.00827622 -0.00941275 -0.0084586 -0.0063428 -0.00378605 -0.000115367 0.00626098 0.015419 0.0243797 0.0290742 0.0279809 0.0231172 0.0174013 0.0118958 0.00602502 
-0.0102778 -0.0141663 -0.0130523 -0.00733041 -0.00029989 0.00477065 0.00708919 0.00797254 0.00885391 0.00991642 0.0101486 0.00842013 0.00465004 3.24665e-05 -0.00378949 -0.0056726 -0.00538395 -0.00347681 -0.000635766 0.00314053 0.00835734 0.0145459 0.019419 0.0204455 0.0173362 0.0122108 0.00710364 0.00203073 -0.00396038 
-0.0203245 -0.0222797 -0.0184391 -0.00990554 -0.000873896 0.00492463 0.00700677 0.00749927 0.0085066 0.010329 0.0116257 0.0108606 0.00770501 0.00327316 -0.000768402 -0.00316043 -0.00342279 -0.00179432 0.00110941 0.00477838 0.00882043 0.0122955 0.0135017 0.0112057 0.00610359 0.000346175 -0.00466589 -0.00946466 -0.0150158 
-0.0273431 -0.0270263 -0.0211679 -0.0114043 -0.0021029 0.00319588 0.00450649 0.00456887 0.00585353 0.00857234 0.0110294 0.0113739 0.00908495 0.00514217 0.00114202 -0.00160931 -0.00247257 -0.00148417 0.000832116 0.00376545 0.00651223 0.00796463 0.00683646 0.00261251 -0.00361286 -0.00982945 -0.0149196 -0.0193828 -0.0238883 
-0.0303724 -0.0282424 -0.0217133 -0.0124936 -0.00441038 -0.000384169 2.65441e-05 -0.000183444 0.00150804 0.00513088 0.00873734 0.0103112 0.00917789 0.00608094 0.0024061 -0.000589597 -0.00218753 -0.00230445 -0.001334 0.000121156 0.00133637 0.00135388 -0.00084423 -0.00557713 -0.0118404 -0.017879 -0.0226159 -0.0262286 -0.0290854 
-0.0297882 -0.0271843 -0.0217175 -0.0145931 -0.00865116 -0.0061048 -0.0063414 -0.00648535 -0.0042071 0.000327652 0.00506133 0.00795852 0.00823147 0.00630666 0.00322691 0.000106864 -0.0022746 -0.00368768 -0.00433283 -0.00456646 -0.0048391 -0.00584373 -0.00840909 -0.0128523 -0.0183745 -0.0234485 -0.027017 -0.029099 -0.0301019 
-0.0267861 -0.025442 -0.0224804 -0.0182155 -0.0145116 -0.0131275 -0.0135862 -0.0133703 -0.010429 -0.00505212 0.000721627 0.00492274 0.00667104 0.00604782 0.00369237 0.000543129 -0.00249522 -0.00491593 -0.00667206 -0.00797644 -0.00919215 -0.01088 -0.0136678 -0.01771 -0.0221939 -0.0257185 -0.0274346 -0.0276735 -0.027334 
-0.0232896 -0.024335 -0.0242089 -0.0223518 -0.020076 -0.0191126 -0.0193548 -0.0187092 -0.0153315 -0.00946891 -0.00299688 0.00222585 0.00522268 0.00574389 0.00404749 0.000922211 -0.00251957 -0.00537659 -0.00735754 -0.00877214 -0.0102605 -0.0124664 -0.0157108 -0.0196533 -0.0231766 -0.0249749 -0.0246829 -0.0233747 -0.0226764 
-0.0211776 -0.0243674 -0.0260093 -0.0250796 -0.022897 -0.0214966 -0.0212117 -0.0203238 -0.0170668 -0.0114357 -0.00495382 0.000701661 0.00446193 0.00578243 0.00460096 0.00157789 -0.00198474 -0.00481633 -0.00645029 -0.00746749 -0.00900485 -0.0118721 -0.0159315 -0.0201061 -0.0228846 -0.0231806 -0.0213033 -0.0191458 -0.0188994 
-0.02103 -0.0249326 -0.0265127 -0.0248534 -0.021651 -0.0192875 -0.0184273 -0.0176538 -0.0152118 -0.0106857 -0.00504874 0.000324038 0.0043105 0.00611219 0.00539396 0.00265113 -0.000780973 -0.00344297 -0.00477812 -0.00561036 -0.00748818 -0.0112798 -0.016295 -0.0207422 -0.0229156 -0.0221777 -0.0195009 -0.0172522 -0.0176986 
-0.021881 -0.0248679 -0.0248829 -0.0215538 -0.0169808 -0.0136658 -0.012417 -0.0121011 -0.0110141 -0.0082792 -0.00417368 0.000358325 0.00419864 0.00631985 0.0061244 0.00387004 0.000728499 -0.00186053 -0.00328199 -0.00440556 -0.00691409 -0.0115788 -0.0172244 -0.0216127 -0.0231874 -0.0219487 -0.0193366 -0.0176296 -0.018601 
-0.0223518 -0.0234921 -0.0214357 -0.0164821 -0.0108814 -0.00694658 -0.00550771 -0.00577692 -0.00621573 -0.00553086 -0.00325253 0.000189765 0.00372452 0.00609454 0.00642635 0.00469979 0.00182633 -0.000865843 -0.00265478 -0.00423015 -0.00716995 -0.0121254 -0.0176888 -0.0215371 -0.0225111 -0.0212563 -0.0194085 -0.0186785 -0.0199526 
-0.0217759 -0.0209948 -0.0172582 -0.011364 -0.00535513 -0.00113116 0.000469059 -0.000206071 -0.00190942 -0.0030533 -0.00248742 -0.000121923 0.00304475 0.0055312 0.00619239 0.00476237 0.00193774 -0.00101961 -0.00319781 -0.00496696 -0.00771583 -0.0121182 -0.0168913 -0.0199279 -0.0204753 -0.0196007 -0.0188724 -0.0192252 -0.02059 
-0.020127 -0.0177983 -0.0131727 -0.00721919 -0.00145916 0.00274812 0.00456188 0.00386781 0.00152343 -0.000798279 -0.00148256 -1.4998e-05 0.00270959 0.00506 0.00569627 0.00420253 0.00116795 -0.00214021 -0.00458979 -0.00620327 -0.00819451 -0.0114431 -0.0151171 -0.0175012 -0.0180495 -0.0178513 -0.0181705 -0.0192318 -0.020277 
-0.0172775 -0.0138116 -0.00907857 -0.00392025 0.000862693 0.00455935 0.00645501 0.006096 0.003902 0.00134602 0.000146635 0.00103607 0.00324978 0.00517182 0.00544527 0.00364075 0.000313275 -0.00328268 -0.00587626 -0.00719106 -0.00826641 -0.0102645 -0.0129933 -0.0152037 -0.0162944 -0.0169375 -0.0178857 -0.0188762 -0.0189334 
-0.0129305 -0.008671 -0.00441709 -0.000733822 0.0023478 0.0048583 0.0064345 0.00651989 0.005127 0.00327152 0.00237779 0.00311095 0.00481621 0.0060857 0.00578685 0.00363495 0.000169203 -0.00349166 -0.00611907 -0.00722547 -0.0076103 -0.00862618 -0.0107318 -0.013169 -0.0151289 -0.016572 -0.0176092 -0.0177333 -0.0162028 
-0.00747797 -0.0028151 0.000629196 0.00258043 0.00366046 0.00459318 0.00548564 0.00588514 0.00552429 0.00488769 0.00485696 0.00577772 0.00702425 0.00751653 0.00654855 0.00412284 0.000764347 -0.00269094 -0.00526685 -0.00637511 -0.00647655 -0.00688237 -0.00853747 -0.011176 -0.0138395 -0.0157728 -0.0164617 -0.0153331 -0.012121 
-0.00254773 0.00198726 0.00454319 0.00512412 0.00474973 0.00453088 0.00486809 0.00544595 0.00590049 0.00635469 0.00717954 0.00832186 0.00910943 0.00878796 0.00713201 0.00448744 0.00137422 -0.00172683 -0.00423683 -0.00558494 -0.00583456 -0.00598463 -0.0071817 -0.00961625 -0.0124064 -0.0143455 -0.014461 -0.0122212 -0.00785161 
-0.000169641 0.00362729 0.00538296 0.00541671 0.00483564 0.00465095 0.00514494 0.00599338 0.00687575 0.00783746 0.00899862 0.0100566 0.0103166 0.00926815 0.00703669 0.00421669 0.00131645 -0.00148864 -0.00401162 -0.00577802 -0.00648722 -0.0066579 -0.00736623 -0.00918644 -0.0115522 -0.0131364 -0.0127117 -0.00984642 -0.00518002 
-0.00118854 0.001399 0.00250952 0.00279885 0.00319303 0.00420472 0.00566067 0.00706084 0.0081472 0.0090601 0.00994138 0.0105172 0.0102174 0.00870356 0.00621383 0.00335791 0.000573054 -0.00212742 -0.00476842 -0.00695238 -0.00812888 -0.00837118 -0.00857604 -0.00964027 -0.0114391 -0.0127197 -0.0120963 -0.0092294 -0.00509026 
-0.00451811 -0.00320767 -0.00251193 -0.00156796 0.000189947 0.00268927 0.00532136 0.0074165 0.00870454 0.00935983 0.00963419 0.00950973 0.00873476 0.0071375 0.00485395 0.00224002 -0.000444787 -0.00319072 -0.00595719 -0.00830484 -0.0095701 -0.00959205 -0.00917904 -0.00954045 -0.0110024 -0.0124175 -0.0122045 -0.0099932 -0.00694909 
-0.00790403 -0.00745436 -0.00681465 -0.00521327 -0.00254684 0.000724383 0.00391796 0.00642188 0.00789099 0.00832252 0.00796745 0.00713532 0.00602789 0.00468178 0.00302291 0.000969196 -0.00149626 -0.00426186 -0.00698514 -0.00905003 -0.00979599 -0.00908977 -0.00782446 -0.00751967 -0.00889917 -0.0109154 -0.0117338 -0.0107385 -0.00903024 
-0.00944076 -0.00924519 -0.00830479 -0.00622764 -0.00340847 -0.000442919 0.00231993 0.00462105 0.00605649 0.00627143 0.00535327 0.00388624 0.00254664 0.00160623 0.000772019 -0.000520313 -0.00259563 -0.0052001 -0.00758643 -0.00890571 -0.00860122 -0.00677187 -0.00449654 -0.0035117 -0.0048338 -0.007569 -0.00968967 -0.0101623 -0.00972492 
-0.00866167 -0.00842928 -0.00714692 -0.00485274 -0.00238495 -0.00036634 0.00133584 0.00295714 0.00410223 0.00404734 0.00264722 0.000665431 -0.000835393 -0.00138089 -0.00144331 -0.00199459 -0.00361312 -0.00589311 -0.00770096 -0.00799742 -0.00642988 -0.00344984 -0.00030161 0.00127955 0.000169773 -0.00297125 -0.00613038 -0.00788325 -0.00846133 
-0.00655253 -0.0065741 -0.00538034 -0.0031931 -0.00114072 5.58095e-05 0.000818085 0.0017686 0.00258726 0.0023258 0.000661608 -0.00156616 -0.00308034 -0.00329519 -0.00280867 -0.00285762 -0.00415698 -0.00613848 -0.00735707 -0.00666979 -0.0040019 -0.000203744 0.00339119 0.00529753 0.00452874 0.00150147 -0.00204187 -0.00454617 -0.0058583 
-0.0046431 -0.00554633 -0.00509053 -0.00330351 -0.00141265 -0.000403331 4.84714e-05 0.000697026 0.00136871 0.00113331 -0.000392263 -0.00241599 -0.0036699 -0.00358132 -0.00281824 -0.00271266 -0.0039737 -0.00586172 -0.00671698 -0.00537235 -0.00203207 0.00209016 0.00563065 0.00749732 0.00705126 0.00456241 0.00132786 -0.00132803 -0.00317184 
-0.00391073 -0.00606903 -0.00670934 -0.00541531 -0.00337089 -0.0019548 -0.00126706 -0.000628576 3.43014e-05 5.24075e-05 -0.000920919 -0.00227394 -0.00296783 -0.00256805 -0.00176292 -0.00181008 -0.00327429 -0.00525868 -0.00601742 -0.00443588 -0.000928052 0.00305074 0.00614949 0.00767071 0.00741096 0.00562218 0.00311635 0.000727551 -0.00149222 
-0.00425631 -0.00727598 -0.00868493 -0.00768934 -0.00537205 -0.00345339 -0.00249645 -0.00192121 -0.00132224 -0.000996252 -0.00123942 -0.00171438 -0.00173924 -0.00109176 -0.000435214 -0.000810977 -0.00253635 -0.004612 -0.00537259 -0.0038559 -0.000604393 0.00285672 0.00526254 0.0062502 0.00600976 0.00483357 0.00310263 0.00113467 -0.00122541 
-0.00474544 -0.00746683 -0.00865761 -0.00754887 -0.00514769 -0.0032232 -0.00247391 -0.00225533 -0.00185254 -0.00131235 -0.0009831 -0.000816429 -0.000445836 0.000186723 0.000508463 -0.000224229 -0.00206337 -0.00401592 -0.00467369 -0.00333445 -0.000615781 0.00205316 0.00360896 0.00398485 0.00365065 0.0028959 0.00174738 0.000177274 -0.00196096 
-0.00421343 -0.00538301 -0.0052453 -0.00361143 -0.00152154 -0.000387144 -0.000506384 -0.000926951 -0.00076786 -0.00013418 0.000384705 0.000596771 0.000751874 0.000937997 0.000776703 -0.000181871 -0.00182876 -0.00333592 -0.00368936 -0.00250557 -0.000433908 0.00131831 0.00200062 0.00182966 0.0014351 0.00101493 0.000287578 -0.00093738 -0.00253747 
-0.00187768 -0.00104435 0.000902275 0.00317566 0.00455828 0.00427695 0.00284118 0.00165618 0.00158999 0.00220026 0.00250757 0.00214781 0.00148411 0.000876359 0.000243953 -0.000651594 -0.0017252 -0.00246698 -0.00231017 -0.00116902 0.000328511 0.00126866 0.00126881 0.000807911 0.000590667 0.000661545 0.000423739 -0.000455923 -0.00150439 
0.0020738 0.00426288 0.007507 0.010059 0.0104938 0.00871128 0.00603006 0.00418477 0.00388411 0.00430758 0.00413503 0.00291096 0.00122244 -0.000185542 -0.0010756 -0.00158445 -0.00179171 -0.00155864 -0.000722554 0.000568849 0.00174382 0.00218887 0.0018716 0.0014865 0.00176846 0.00260368 0.00306121 0.00254491 0.0017387 
0.00618285 0.00858015 0.0119827 0.0141194 0.0135893 0.0108521 0.00763338 0.0055729 0.00508371 0.00517187 0.00446613 0.00253854 0.00013784 -0.00172595 -0.00260528 -0.00260303 -0.0019481 -0.000772941 0.00078924 0.00240441 0.003541 0.00383244 0.00351939 0.00343058 0.00429599 0.00589493 0.00703795 0.00681858 0.00592184 
0.00832811 0.0100954 0.0125855 0.0136347 0.0123224 0.00957225 0.00697818 0.00553982 0.00520705 0.0050686 0.00408066 0.00199098 -0.000456957 -0.00227905 -0.0030068 -0.00270132 -0.00157453 0.000172995 0.00223593 0.00411423 0.00527715 0.00553023 0.00527552 0.0053555 0.00643914 0.00828609 0.00966992 0.00954556 0.00847942 
0.00719704 0.00800597 0.008951 0.00849363 0.00662828 0.00472367 0.00387836 0.00407082 0.00461814 0.00478738 0.00409371 0.00257239 0.000809601 -0.000520079 -0.00109395 -0.000877673 0.000121706 0.00181777 0.00384051 0.00557113 0.00648899 0.00652521 0.00613198 0.00603616 0.00677576 0.00815803 0.00915576 0.00885249 0.00769681 
0.00334296 0.00304725 0.00219488 5.98004e-05 -0.00228989 -0.00302635 -0.00159018 0.000933459 0.0031372 0.00435004 0.0046082 0.00425263 0.00366446 0.00309748 0.00267281 0.00255534 0.00299781 0.00407307 0.00542892 0.00646015 0.00675975 0.00637747 0.00571607 0.00528496 0.00543953 0.00603165 0.00629477 0.00556217 0.00422711 
-0.00140503 -0.00289148 -0.00545627 -0.00919098 -0.0121309 -0.0120004 -0.00857491 -0.00374959 0.0003928 0.00304705 0.00454752 0.00547316 0.00606434 0.00625608 0.00604423 0.00570454 0.00561203 0.00587421 0.006216 0.00626799 0.00591438 0.00530988 0.00466539 0.00416011 0.00394031 0.00388067 0.00339686 0.0020151 0.000151832 
-0.00559616 -0.00798225 -0.0116649 -0.0165049 -0.0200284 -0.0195898 -0.0150367 -0.00869487 -0.00312062 0.0006621 0.00307632 0.00484195 0.00615851 0.00684862 0.00692803 0.0067239 0.00648322 0.00613257 0.00551902 0.00476203 0.00422116 0.00408947 0.00414523 0.00403464 0.00366333 0.00300774 0.00170148 -0.000558954 -0.00325193 
-0.00898404 -0.0114418 -0.0151281 -0.0200839 -0.0237642 -0.0233334 -0.0185524 -0.011828 -0.00588302 -0.00184802 0.000732943 0.00265265 0.00411783 0.00498546 0.00539461 0.00565331 0.00566089 0.00498532 0.00362671 0.00237981 0.00220893 0.00327044 0.00465971 0.00523424 0.00459395 0.00299126 0.000526782 -0.00278642 -0.00625164 
-0.0117374 -0.0133602 -0.0159014 -0.019817 -0.0228701 -0.0223142 -0.0178269 -0.011664 -0.00641212 -0.00307852 -0.00108292 0.000433883 0.00167599 0.00255377 0.0033243 0.00420686 0.00465171 0.00379324 0.00176189 4.94002e-05 0.000274825 0.0026005 0.00541327 0.00667571 0.00559704 0.00276805 -0.00104866 -0.00535499 -0.00924067 
-0.0131783 -0.0136393 -0.014544 -0.0167294 -0.0184822 -0.0174351 -0.0133208 -0.00818586 -0.00430151 -0.00235113 -0.00149269 -0.000749487 8.18454e-05 0.000931429 0.00210369 0.00367807 0.00466871 0.00376979 0.00110428 -0.00134264 -0.00135326 0.00145157 0.00511191 0.00694821 0.00574398 0.00218864 -0.002486 -0.00733682 -0.0112441 
-0.0115821 -0.01131 -0.0110681 -0.0117584 -0.0121314 -0.0103746 -0.00649777 -0.00246973 -0.000242391 -8.10709e-05 -0.000785621 -0.0011939 -0.00104869 -0.000384952 0.0011167 0.00340881 0.00517073 0.0046778 0.0017981 -0.00140645 -0.00235321 -0.000215458 0.00334453 0.00563666 0.00513388 0.00216506 -0.0021354 -0.00666201 -0.0101615 
-0.0055584 -0.00545321 -0.0052859 -0.00551201 -0.00503787 -0.00263944 0.00114003 0.00415091 0.00464452 0.00278246 0.000159297 -0.00183909 -0.00283913 -0.00278199 -0.0012891 0.00157527 0.0043516 0.00498998 0.0028719 -0.000380541 -0.00227751 -0.00153142 0.00110008 0.0037018 0.00473566 0.00378862 0.00129679 -0.00184501 -0.00443734 
0.00396359 0.00277541 0.0015036 0.000615965 0.00134258 0.00430043 0.00818807 0.0104351 0.00935921 0.00550503 0.000852001 -0.00298662 -0.00550682 -0.00654236 -0.0056083 -0.00262154 0.0011048 0.00343168 0.00320082 0.00117086 -0.000827819 -0.00132101 0.000115835 0.00292303 0.00590211 0.00779028 0.0079848 0.00685814 0.00530971 
0.0132938 0.00964462 0.00606071 0.00407493 0.00500899 0.00875226 0.0131632 0.0152005 0.0131578 0.0078403 0.0015406 -0.00390407 -0.00787636 -0.0101752 -0.0102508 -0.00775994 -0.00358028 0.000398533 0.00264559 0.00289615 0.00191752 0.00101019 0.00167424 0.00480913 0.00970661 0.0143358 0.0170055 0.0174072 0.0160288 
0.018366 0.0115902 0.00578454 0.00320338 0.00484152 0.00971333 0.0150288 0.0175273 0.0154778 0.00971884 0.00267405 -0.00361839 -0.00843403 -0.0116435 -0.0127602 -0.0111887 -0.0072074 -0.00218204 0.00224207 0.00490569 0.00548758 0.00494945 0.00555952 0.0093208 0.0158393 0.0223959 0.0263404 0.0267427 0.0238656 
0.0182038 0.00889904 0.00196276 -0.000269455 0.00241795 0.00820797 0.014148 0.0172758 0.0159693 0.0108488 0.00417716 -0.00192308 -0.00665139 -0.010033 -0.01177 -0.0111059 -0.00773799 -0.00243837 0.00320815 0.00743088 0.00912662 0.00902632 0.00988692 0.0143033 0.0218774 0.0292692 0.0331187 0.0321429 0.0267399 
0.0158448 0.00600882 -0.000513132 -0.00181971 0.00145201 0.00700382 0.0123164 0.0152929 0.0146798 0.0107676 0.00536649 0.000428643 -0.00331442 -0.00610624 -0.00787903 -0.00779678 -0.00511265 -0.000122695 0.00568564 0.0102011 0.0119289 0.0115759 0.012212 0.0166662 0.0244052 0.0316986 0.0348688 0.0326214 0.0256746 
0.015187 0.00723134 0.00229805 0.00173628 0.004439 0.00814822 0.0111963 0.0126769 0.0119708 0.00914957 0.00542894 0.00227766 9.87966e-05 -0.00163508 -0.00304233 -0.00323312 -0.00116633 0.00317826 0.00840061 0.0122487 0.0131116 0.0117642 0.0114103 0.0149277 0.0217953 0.0283787 0.0312107 0.0292512 0.0233527 
0.0167546 0.0119645 0.00885256 0.00838451 0.00948936 0.0103718 0.0102969 0.00946539 0.00796038 0.00583897 0.00378012 0.00258259 0.00211468 0.00153588 0.000607493 0.000258466 0.00171911 0.00525702 0.00962171 0.0125972 0.0125992 0.0103752 0.00892265 0.0109241 0.0160777 0.0214437 0.0243223 0.0240559 0.0212533 
0.0172843 0.0149259 0.0128731 0.0118534 0.011078 0.00939775 0.00684859 0.00431045 0.00227473 0.000809158 0.000205046 0.000682486 0.00165136 0.00206274 0.00159707 0.00114663 0.00204748 0.00484422 0.00858562 0.0112817 0.0114496 0.00957478 0.00792704 0.00857442 0.0115217 0.0150234 0.0175378 0.018736 0.0186938 
0.0138758 0.0117331 0.00941843 0.00737941 0.00502726 0.00189129 -0.00139443 -0.00381365 -0.00507426 -0.0054 -0.00480763 -0.00332082 -0.00157146 -0.000519364 -0.000518649 -0.000848688 -0.00018918 0.00228738 0.00604447 0.00946228 0.0111884 0.0111999 0.0105624 0.0103683 0.0109746 0.0121026 0.0133907 0.0145154 0.0148786 
0.00769515 0.00359798 -0.000112447 -0.00341755 -0.00692592 -0.0104481 -0.0128375 -0.0133527 -0.0124901 -0.0111824 -0.00977895 -0.00819453 -0.00659069 -0.00544769 -0.00503085 -0.00487993 -0.00385949 -0.00101228 0.00345726 0.00829104 0.0122648 0.0147898 0.0156659 0.0150452 0.0137372 0.0128568 0.012779 0.0126188 0.0110412 
0.00294095 -0.00399822 -0.00942834 -0.0138382 -0.0180471 -0.0213488 -0.022213 -0.0203336 -0.0171572 -0.0144307 -0.0128237 -0.0119919 -0.0113947 -0.0108015 -0.0102109 -0.00936319 -0.00744502 -0.00367705 0.00175161 0.00776675 0.0133074 0.0175287 0.0195023 0.0188988 0.0169771 0.0156972 0.0153944 0.014097 0.00978881 
0.00295135 -0.00626597 -0.0129074 -0.0178747 -0.0222649 -0.025156 -0.0249105 -0.0216142 -0.0173178 -0.0142001 -0.013064 -0.0133683 -0.0140736 -0.0143728 -0.0139213 -0.0124941 -0.00961735 -0.00497712 0.000883512 0.00686805 0.0122274 0.0164833 0.0188728 0.019115 0.0185734 0.0191056 0.0202652 0.0189102 0.0126415 
0.00799283 -0.00203437 -0.0090875 -0.0142499 -0.0186992 -0.0214799 -0.021098 -0.017921 -0.0141202 -0.0117625 -0.0114865 -0.0126508 -0.0141376 -0.0150031 -0.0147224 -0.013005 -0.00962565 -0.00481633 0.000367393 0.00475854 0.00815563 0.0110538 0.0135793 0.0157178 0.0183064 0.0221679 0.0257848 0.0253783 0.0186867 
0.0161109 0.00698858 4.30212e-05 -0.00571322 -0.0109974 -0.0145768 -0.0150787 -0.0130739 -0.010665 -0.00958027 -0.0101056 -0.0114832 -0.0127811 -0.0133556 -0.0128352 -0.0109453 -0.00761847 -0.00349806 -1.26398e-05 0.00175768 0.00235113 0.00346586 0.00627044 0.0108491 0.0169915 0.0240968 0.0299147 0.0309339 0.0255144 
0.0251758 0.0182567 0.0114204 0.00409986 -0.00328752 -0.00875201 -0.0108273 -0.0102461 -0.00916116 -0.00914581 -0.0101911 -0.0113245 -0.0117412 -0.0112408 -0.00987981 -0.00760456 -0.00451331 -0.00148079 -2.35032e-05 -0.000883063 -0.00274142 -0.00295863 0.000244667 0.00672383 0.0152146 0.0240994 0.0311496 0.0338509 0.0312659 
0.0341447 0.0297879 0.0226218 0.0129702 0.00281107 -0.00497007 -0.00878632 -0.00949003 -0.00935152 -0.0100282 -0.0114242 -0.0123157 -0.0118039 -0.00997848 -0.00738326 -0.0043651 -0.00129683 0.000797046 0.000564269 -0.00216869 -0.00541573 -0.00619378 -0.00284662 0.00403512 0.0127254 0.0216036 0.0292325 0.0342122 0.0357689 
0.0431603 0.0410048 0.0329241 0.0207819 0.0082042 -0.00143458 -0.00678204 -0.00878059 -0.00959632 -0.0109079 -0.0126792 -0.0135512 -0.0124443 -0.00953484 -0.00573492 -0.0018377 0.00140251 0.00282181 0.0014219 -0.00223682 -0.00572635 -0.00644313 -0.00358433 0.00181649 0.0085035 0.0160603 0.0244192 0.0328833 0.0398374 
0.0537442 0.0538158 0.0443977 0.0295952 0.0148737 0.0037375 -0.00312028 -0.00678059 -0.00899275 -0.0111582 -0.0133134 -0.01422 -0.0128146 -0.0093073 -0.00477123 -0.000304012 0.00298046 0.00383168 0.00176543 -0.00187424 -0.00458196 -0.00485359 -0.00328201 -0.00116329 0.00162521 0.00693489 0.0165906 0.0302429 0.0444358 
0.0709207 0.0747442 0.0635973 0.0444358 0.0255735 0.0113354 0.00188156 -0.00416472 -0.00819494 -0.0112583 -0.0135325 -0.0142503 -0.0127383 -0.00928617 -0.004835 -0.00045388 0.00257625 0.00304731 0.00107358 -0.00138355 -0.00227024 -0.00178745 -0.00215738 -0.00464985 -0.0071457 -0.00479654 0.00678552 0.0278633 0.0525845 
0.107283 0.118299 0.104304 0.0756563 0.0459946 0.0230361 0.0076122 -0.00219005 -0.00820969 -0.0117795 -0.0136317 -0.0138746 -0.0125412 -0.00996495 -0.00658072 -0.00300761 -0.000409623 0.000194744 -0.000550334 -0.000478253 0.00143625 0.00300426 0.000579595 -0.00671134 -0.0145373 -0.0147572 0.000367777 0.0326597 0.073803 
0.184081 0.207688 0.188201 0.140092 0.0866957 0.0439515 0.0158242 -0.000447616 -0.00880264 -0.012367 -0.01329 -0.0129514 -0.0121993 -0.0112661 -0.0097786 -0.00759315 -0.0054915 -0.00417528 -0.0026839 0.000815794 0.00593734 0.00875743 0.00490549 -0.0056523 -0.016477 -0.0161941 0.00703244 0.0578165 0.125406 
0.320121 0.363122 0.334176 0.252842 0.157957 0.0801246 0.0297442 0.00282104 -0.00887539 -0.012296 -0.0120803 -0.0111639 -0.0111548 -0.0121112 -0.0128458 -0.0123835 -0.0109094 -0.00868559 -0.00471839 0.00199954 0.00965256 0.0133618 0.0090555 -0.00198709 -0.0113935 -0.00468853 0.034657 0.115049 0.222988 
0.506339 0.574056 0.532323 0.40642 0.255328 0.129622 0.0488902 0.00759994 -0.00857349 -0.012027 -0.0106227 -0.00889196 -0.00911151 -0.0113325 -0.0138939 -0.0151216 -0.014418 -0.0114984 -0.00563396 0.00302884 0.0115715 0.0151624 0.0109781 0.00194858 -0.00174581 0.0173398 0.0805737 0.200433 0.360185 
0.6866 0.777592 0.723602 0.554637 0.348732 0.176056 0.0655472 0.0103087 -0.0100759 -0.0134279 -0.0106053 -0.00741081 -0.00670638 -0.00886776 -0.0122404 -0.0146473 -0.0145941 -0.0112392 -0.00438344 0.00458813 0.0121867 0.0144648 0.0103041 0.00417946 0.00768967 0.0406163 0.128169 0.286032 0.494517 
