0.291809 0.288855 0.238263 0.169077 0.110803 0.0744988 0.0573982 0.0523286 0.0512755 0.0479801 0.0404173 0.0301305 0.0196641 0.0107298 0.00347447 -0.00335878 -0.0105283 -0.0160078 -0.0161029 -0.00860032 0.00681789 0.0292984 0.0555575 0.0796556 0.0962359 0.104847 0.113324 0.136526 0.184596 0.247044 
0.257464 0.254 0.206437 0.1409 0.085406 0.051176 0.0352319 0.0304715 0.0307774 0.0316577 0.0297837 0.023317 0.012942 0.00147492 -0.00850519 -0.0165155 -0.0228637 -0.0260146 -0.0234005 -0.0140861 0.00189884 0.0247753 0.052213 0.0772751 0.0928656 0.0985636 0.103195 0.121353 0.162604 0.217701 
0.188193 0.186148 0.149096 0.0989292 0.0585263 0.0349829 0.0225536 0.0150221 0.0113832 0.0118971 0.0132276 0.0101357 0.000825175 -0.0116711 -0.0230698 -0.0312624 -0.0358398 -0.0357536 -0.0297803 -0.0182713 -0.0017012 0.0204681 0.046005 0.0673231 0.0770544 0.0757206 0.0727698 0.0819073 0.112041 0.155707 
0.125758 0.126295 0.10193 0.0703915 0.0477991 0.0352899 0.0243505 0.0111288 0.000788643 -0.00165019 0.000507071 -0.000586474 -0.00851026 -0.0203938 -0.0313552 -0.0385023 -0.0409862 -0.0382437 -0.0301027 -0.0176195 -0.00157861 0.0180443 0.0383903 0.0522377 0.0541851 0.0467976 0.0393095 0.0430452 0.0651255 0.0993765 
0.0966325 0.100697 0.0865123 0.0677346 0.0553818 0.047143 0.0338784 0.0141537 -0.00271302 -0.00881536 -0.00742497 -0.00760697 -0.0137408 -0.0235305 -0.0326636 -0.0383026 -0.0393316 -0.0353881 -0.026754 -0.014533 0.000397714 0.0172236 0.0323178 0.0395593 0.0365125 0.0278166 0.0215627 0.0256104 0.0445268 0.0733324 
0.0991009 0.106677 0.0978498 0.0828777 0.0709837 0.0601779 0.0425552 0.0178085 -0.00367086 -0.0130398 -0.0131995 -0.0131509 -0.0174307 -0.0246408 -0.031732 -0.0363552 -0.0370625 -0.0332266 -0.0249756 -0.0129776 0.00205622 0.0185724 0.032041 0.0368616 0.0327068 0.0258091 0.0234288 0.0305617 0.0494245 0.0761208 
0.111338 0.120214 0.111792 0.0951547 0.0799929 0.0656201 0.0451645 0.0183961 -0.00479647 -0.0158 -0.0172112 -0.0173907 -0.0204909 -0.0256942 -0.0311997 -0.0353843 -0.0365618 -0.033537 -0.025821 -0.0132601 0.00388976 0.0233579 0.0390047 0.0441477 0.039116 0.0320162 0.0312516 0.040846 0.0610545 0.0878369 
0.113967 0.119532 0.107196 0.0879431 0.0721089 0.0583289 0.0391377 0.0141661 -0.00712175 -0.0169204 -0.0181455 -0.0184811 -0.0211082 -0.025049 -0.0293344 -0.0332165 -0.03509 -0.0332075 -0.0262267 -0.012891 0.00716977 0.0307674 0.0494288 0.0542606 0.0454567 0.0337379 0.0307926 0.0414523 0.0639091 0.0917171 
0.105533 0.102576 0.0828526 0.0612809 0.0481342 0.0394721 0.0259111 0.00664172 -0.00931833 -0.0153107 -0.0148243 -0.0147433 -0.017047 -0.0202821 -0.0238651 -0.0277026 -0.0304499 -0.0300352 -0.0242825 -0.01082 0.0111873 0.0374731 0.0574761 0.0605474 0.0467659 0.0293025 0.0234129 0.0351391 0.0602207 0.088168 
0.0941914 0.0809835 0.0534903 0.02976 0.0197037 0.0172201 0.0110911 -0.000566173 -0.00986679 -0.0113406 -0.00853924 -0.00736828 -0.00913798 -0.0123204 -0.0162611 -0.0207712 -0.0245861 -0.0255714 -0.0209827 -0.00775518 0.0148538 0.0415849 0.0610576 0.0625401 0.0464814 0.0271686 0.0212556 0.0344729 0.0600954 0.0848096 
0.0821337 0.0635311 0.033484 0.00940727 0.000777911 0.00163253 0.000494399 -0.00562914 -0.0102858 -0.00869253 -0.00383717 -0.00104792 -0.00211552 -0.00598466 -0.0113224 -0.0169432 -0.0214042 -0.0227791 -0.0181954 -0.00458909 0.0181143 0.0440084 0.0621912 0.0633176 0.0487355 0.0323655 0.0291323 0.0421404 0.0632144 0.08038 
0.0658501 0.0509346 0.0269387 0.00652857 -0.00164635 -0.00126447 -0.00215389 -0.00766163 -0.0120955 -0.0102862 -0.00429257 0.000212832 -0.000161266 -0.00505806 -0.0119745 -0.018314 -0.0224875 -0.0230787 -0.0175043 -0.00309224 0.0196316 0.0446572 0.0619198 0.0635169 0.0516367 0.039 0.0371975 0.046205 0.0584487 0.0670074 
0.0458009 0.0413824 0.0292804 0.0163256 0.00991611 0.00877258 0.0050886 -0.00416541 -0.0128039 -0.0139312 -0.00834127 -0.00262699 -0.00222699 -0.0075844 -0.0152587 -0.0216061 -0.0250843 -0.0249095 -0.0189475 -0.00472577 0.017381 0.0418478 0.0590361 0.0613439 0.0507597 0.03839 0.0334799 0.0354354 0.0394344 0.0435658 
0.0282418 0.0343638 0.0334764 0.0290036 0.0271167 0.0269555 0.021084 0.00682429 -0.00807018 -0.0141338 -0.0106159 -0.00468417 -0.00330822 -0.00787892 -0.0150477 -0.0210109 -0.0243227 -0.0245651 -0.019891 -0.00763562 0.0126157 0.0362286 0.053835 0.0571851 0.0465628 0.0309336 0.019328 0.0141204 0.0141765 0.0194745 
0.0185546 0.02948 0.0344166 0.0366413 0.0412658 0.0455822 0.040624 0.02372 0.00413098 -0.0066971 -0.0065506 -0.00197804 -8.82983e-05 -0.00311986 -0.00891999 -0.0144484 -0.0183502 -0.0201656 -0.0180389 -0.00890192 0.00853937 0.0306718 0.0487749 0.0538813 0.0436711 0.0246359 0.00692266 -0.00272187 -0.00272336 0.00564876 
0.0157941 0.0247615 0.0300378 0.0363782 0.047497 0.0579158 0.0569475 0.0417331 0.0215296 0.00773023 0.00356914 0.00460098 0.00529998 0.00316916 -0.00127216 -0.00635949 -0.0110612 -0.0147764 -0.0154706 -0.00957024 0.00509417 0.0259326 0.0449672 0.0525407 0.0438786 0.0236104 0.00327603 -0.00717776 -0.00558485 0.00401335 
0.0145408 0.0181026 0.021037 0.0294872 0.0451999 0.0604836 0.0643364 0.0539108 0.0367289 0.0221019 0.0136514 0.00972704 0.00742729 0.00482509 0.00120983 -0.00326563 -0.00830589 -0.0134129 -0.0163951 -0.0130891 -0.000269657 0.0204501 0.0412688 0.0514484 0.0445196 0.0244877 0.00412619 -0.00511079 -0.00181606 0.00711335 
0.0112272 0.0100864 0.0103466 0.0188529 0.035701 0.0524031 0.0590208 0.0530515 0.0399345 0.0264463 0.0158836 0.00844392 0.0033705 -0.000232712 -0.00340454 -0.00705246 -0.0117661 -0.0173793 -0.0216331 -0.0198256 -0.00772825 0.0137271 0.0363758 0.0484621 0.0428235 0.0234657 0.00360293 -0.00478951 -0.000628754 0.00746618 
0.00745287 0.00414955 0.00183962 0.00753795 0.0213092 0.0355494 0.0416509 0.0373638 0.0270541 0.0161819 0.00730378 0.000520933 -0.00453292 -0.00809502 -0.0107592 -0.0135984 -0.01771 -0.0232265 -0.0278472 -0.0265534 -0.014685 0.00691198 0.0298772 0.0427013 0.0387047 0.021384 0.00257089 -0.00614071 -0.00264038 0.00490145 
0.00665119 0.00306969 -0.00200618 -0.00158594 0.00620255 0.0158556 0.019454 0.0143352 0.00483801 -0.00320869 -0.00765291 -0.00978596 -0.0113505 -0.0129806 -0.0147273 -0.0170388 -0.0208456 -0.0262946 -0.0310035 -0.0299822 -0.0189211 0.00100093 0.0220942 0.0348328 0.0339003 0.0212224 0.00516291 -0.00423112 -0.00287943 0.00370796 
0.00808107 0.00531917 -0.00168207 -0.00623506 -0.00411079 0.00148212 0.00266759 -0.00419147 -0.0144188 -0.020842 -0.0209099 -0.017187 -0.0134574 -0.0117569 -0.0121723 -0.0143401 -0.018454 -0.0242523 -0.029279 -0.0290946 -0.0203164 -0.0041854 0.0134435 0.0259627 0.0293084 0.0229805 0.0109434 0.00106483 -0.000511326 0.00440749 
0.00684076 0.0064243 0.000454739 -0.00551408 -0.00590567 -0.00221719 -0.00230703 -0.0106253 -0.0222275 -0.0286609 -0.0264856 -0.0186335 -0.0103851 -0.00543323 -0.00456757 -0.00697443 -0.0118941 -0.0183004 -0.0237937 -0.0250921 -0.0199832 -0.00904872 0.00451616 0.0167159 0.0238002 0.0227581 0.0139889 0.00358582 -0.000815908 0.00225094 
0.00117802 0.0046366 0.00291659 -0.000321195 0.000379733 0.00436985 0.00413597 -0.00493173 -0.0177767 -0.0253539 -0.0234456 -0.0145519 -0.00439387 0.00222607 0.00365841 0.000746678 -0.0049721 -0.0117036 -0.0172928 -0.0199073 -0.0184464 -0.0124828 -0.00273521 0.00834144 0.0165969 0.0175416 0.0100241 -0.000796683 -0.00686946 -0.00485558 
-0.00349958 0.00364351 0.00660976 0.00757102 0.01113 0.0165658 0.0167956 0.00764649 -0.00586351 -0.0148923 -0.0148772 -0.00754307 0.00177754 0.00799257 0.00899558 0.00555089 -0.000437582 -0.00684146 -0.0119046 -0.0149428 -0.0156057 -0.0127908 -0.00592307 0.00292391 0.00935395 0.00922327 0.00186261 -0.00814078 -0.0137147 -0.0112672 
-0.000907656 0.007854 0.0128567 0.0161501 0.0217417 0.0282709 0.0289689 0.0203522 0.00713889 -0.00271267 -0.0047546 3.11896e-05 0.00703921 0.0114836 0.0113575 0.00749556 0.00178672 -0.00387284 -0.00819401 -0.0109778 -0.012055 -0.0101814 -0.00485396 0.00140003 0.00454155 0.00236467 -0.00417023 -0.0113212 -0.0141799 -0.0100208 
0.00743133 0.0156948 0.0198219 0.0226686 0.0281627 0.034492 0.0353866 0.0280108 0.0163963 0.00716366 0.00424991 0.0070903 0.0117504 0.0140665 0.0125532 0.00828268 0.00293181 -0.0021313 -0.00600061 -0.00839308 -0.00890239 -0.00651356 -0.00158812 0.00260267 0.00277377 -0.000871178 -0.00567107 -0.00898583 -0.00835596 -0.00223738 
0.0126719 0.019988 0.0227434 0.0242633 0.028371 0.033425 0.0342037 0.0284976 0.0195301 0.0125411 0.0105806 0.0128628 0.0158391 0.0162094 0.0133242 0.00854 0.00323194 -0.00172301 -0.00555467 -0.007608 -0.00722946 -0.00392486 0.00097831 0.00377613 0.00197903 -0.00252866 -0.0060936 -0.00691863 -0.00414646 0.00302865 
0.00726046 0.0148142 0.0180264 0.0196621 0.022869 0.0265064 0.0268362 0.0224778 0.0162552 0.0124066 0.01281 0.0157687 0.017806 0.016675 0.0127357 0.00752603 0.0020031 -0.00331763 -0.00753276 -0.00950477 -0.00850394 -0.00471382 -0.00011359 0.0017161 -0.00115109 -0.00644681 -0.0104756 -0.0116466 -0.00924632 -0.00234456 
-0.00886242 -4.94943e-05 0.00536578 0.00904871 0.0129309 0.0160769 0.016078 0.0124993 0.00827659 0.00716351 0.0100055 0.0140835 0.0158847 0.0140974 0.00987881 0.00473153 -0.000877279 -0.00670735 -0.0116224 -0.0140149 -0.013117 -0.00962734 -0.00576229 -0.00470343 -0.00823822 -0.0147156 -0.0208957 -0.0246857 -0.0244063 -0.0185584 
-0.0291963 -0.0201425 -0.0130592 -0.00683078 -0.000778531 0.00365297 0.00449966 0.00183081 -0.00124431 -0.00103734 0.00299614 0.00784403 0.0101156 0.00889938 0.0054842 0.00109187 -0.00415966 -0.0101548 -0.0155945 -0.018574 -0.0182556 -0.0155562 -0.012706 -0.0126032 -0.0171814 -0.0255065 -0.0345246 -0.0412107 -0.0429332 -0.0382406 
-0.0460092 -0.0394189 -0.033111 -0.0254788 -0.0167175 -0.00942362 -0.00622862 -0.00733379 -0.00972261 -0.00951333 -0.00562488 -0.000439814 0.00298638 0.00352514 0.00184643 -0.00133081 -0.00595122 -0.0117031 -0.0171131 -0.020168 -0.0200247 -0.0177851 -0.0158745 -0.0171809 -0.0235852 -0.0341265 -0.0453366 -0.0534698 -0.0559806 -0.0525996 
-0.055947 -0.0536414 -0.0499595 -0.0423576 -0.0315347 -0.0213229 -0.0154419 -0.0147124 -0.0163908 -0.0164059 -0.0128952 -0.00728882 -0.00222816 0.000685606 0.0011264 -0.000868017 -0.00512794 -0.0107801 -0.0159293 -0.0184276 -0.017529 -0.0147913 -0.013301 -0.0161603 -0.0247253 -0.0372061 -0.0494697 -0.0576746 -0.0602958 -0.0586975 
-0.0605696 -0.0617836 -0.0605606 -0.0538163 -0.042407 -0.0307205 -0.0230464 -0.0206435 -0.0211615 -0.0206667 -0.0168986 -0.0105819 -0.00392768 0.00117933 0.00352314 0.00238803 -0.00200721 -0.00810183 -0.0133159 -0.0151643 -0.0129989 -0.00904755 -0.0073218 -0.0111724 -0.0212402 -0.0349082 -0.0477702 -0.0562391 -0.0595559 -0.0599796 
-0.0620355 -0.0645166 -0.0646101 -0.0593496 -0.0491291 -0.0376804 -0.0290558 -0.0248895 -0.0235889 -0.0218419 -0.0174443 -0.0106507 -0.00311352 0.00340205 0.00716976 0.00677836 0.00223138 -0.00449367 -0.0101513 -0.0117718 -0.00868235 -0.00364068 -0.00131907 -0.00512582 -0.0152627 -0.0290882 -0.0426784 -0.0526058 -0.0577403 -0.0599363 
-0.0613132 -0.0632949 -0.0637226 -0.0603635 -0.0526121 -0.0424531 -0.0331123 -0.0267956 -0.023194 -0.0200597 -0.0154497 -0.00907425 -0.00175517 0.00523914 0.0100465 0.0106711 0.00659137 -0.000269735 -0.00628554 -0.00807242 -0.00485219 0.000459948 0.0031337 1.44641e-06 -0.00906838 -0.0221198 -0.0362009 -0.0480052 -0.0554214 -0.0590792 
-0.059419 -0.0600567 -0.0595588 -0.0571831 -0.0517579 -0.0433211 -0.0337885 -0.0256366 -0.0199205 -0.0157582 -0.011626 -0.0065673 -0.000357411 0.00641216 0.0119325 0.013747 0.0107206 0.00447226 -0.00129351 -0.00313294 -0.000394594 0.00407407 0.00607567 0.00306733 -0.00500182 -0.0168292 -0.0304085 -0.0429863 -0.0521106 -0.0572097 
-0.0562912 -0.0550477 -0.0518216 -0.0481516 -0.0437434 -0.0374754 -0.0294182 -0.0211337 -0.0143204 -0.00952701 -0.00601443 -0.00240795 0.00244275 0.00855572 0.0142176 0.0167213 0.0145977 0.00930705 0.00445326 0.00303343 0.00506158 0.00768483 0.00763946 0.00349224 -0.0043069 -0.0146345 -0.0262736 -0.0377369 -0.0473771 -0.0538341 
-0.0492932 -0.0460621 -0.0392248 -0.0328407 -0.0287348 -0.0255168 -0.0209882 -0.0145835 -0.00772118 -0.00224499 0.00131885 0.00411047 0.00776485 0.0127861 0.0176796 0.0198173 0.0178129 0.0131917 0.0093347 0.0084772 0.00972723 0.0101377 0.00747985 0.00164066 -0.0061171 -0.0144495 -0.0227564 -0.0312003 -0.0397012 -0.0466818 
-0.0357749 -0.0317418 -0.0229206 -0.0151959 -0.0124839 -0.0132711 -0.0130542 -0.00902305 -0.00213083 0.0046149 0.00915058 0.0117772 0.014221 0.0175397 0.0207669 0.0216731 0.0191496 0.0147252 0.0113674 0.0106065 0.0110149 0.00981972 0.0056296 -0.0008919 -0.00803796 -0.0140175 -0.0181944 -0.0219702 -0.0272122 -0.033154 
-0.0169499 -0.0145127 -0.00723126 -0.00145467 -0.00209473 -0.00711767 -0.0102194 -0.00736744 0.000336111 0.00882658 0.0146878 0.0172607 0.0182736 0.0195127 0.0207816 0.0203622 0.0173546 0.0130466 0.00978888 0.00863933 0.00834063 0.00686952 0.00342375 -0.00161292 -0.00712555 -0.0109327 -0.0113103 -0.00978821 -0.0102265 -0.0139021 
0.00165058 0.00054777 0.00343969 0.0048735 0.000120524 -0.00820715 -0.012998 -0.010166 -0.001429 0.00843062 0.0151966 0.0175621 0.0173319 0.0169566 0.0168547 0.0156644 0.0126037 0.00868029 0.00565359 0.00429042 0.0038797 0.00348484 0.00279491 0.0012471 -0.00158956 -0.00372059 -0.00188589 0.00344907 0.00721825 0.0057488 
0.0131269 0.00877754 0.00744002 0.00522501 -0.00199152 -0.0117449 -0.0172483 -0.0147275 -0.00604195 0.00399058 0.0109065 0.0130908 0.0123856 0.0114864 0.0109549 0.00955158 0.006659 0.00327561 0.000908708 0.000155949 0.000627819 0.00212072 0.00471606 0.00713071 0.00731742 0.00622957 0.00789615 0.0135422 0.0186187 0.0181718 
0.0132588 0.00831401 0.00618503 0.00399972 -0.0023483 -0.0114743 -0.0175128 -0.0165398 -0.00953518 -0.000652774 0.00570985 0.00776029 0.0071757 0.00641103 0.00581662 0.00422959 0.00133391 -0.00159724 -0.00294596 -0.00219837 9.14253e-05 0.00366191 0.00867205 0.0137376 0.0159495 0.0148133 0.0139184 0.0161177 0.0190627 0.0182493 
0.00496966 0.00268842 0.00398412 0.00552513 0.00232632 -0.00527624 -0.0118937 -0.013005 -0.00839563 -0.00136777 0.003908 0.00553717 0.00487031 0.00389591 0.00276259 0.000562939 -0.00260849 -0.00517339 -0.00536584 -0.0027915 0.00155771 0.00685615 0.0129614 0.0186247 0.0208388 0.0180968 0.0132212 0.0104023 0.00991947 0.00848037 
-0.00056081 0.00152716 0.0075773 0.0127121 0.0111323 0.0036194 -0.00371737 -0.00603998 -0.0029667 0.00249921 0.00651314 0.00728604 0.00589545 0.00394399 0.00160054 -0.00159655 -0.00514521 -0.00734285 -0.00652983 -0.00258438 0.00311786 0.0092884 0.0153939 0.0201509 0.0207061 0.0154057 0.00711813 0.00130125 -0.000115884 -0.000151377 
0.00759422 0.0131894 0.0212718 0.025809 0.0214189 0.0110895 0.00255989 0.000281613 0.00336988 0.00822823 0.0112215 0.0108802 0.00828785 0.00494944 0.00124194 -0.00287998 -0.00669328 -0.0085828 -0.00717107 -0.00265751 0.00335856 0.00941764 0.0148214 0.0182737 0.0171408 0.0102099 0.00121987 -0.00319776 -0.000894469 0.00373715 
0.0285244 0.0347729 0.0406256 0.0404771 0.0305064 0.0159967 0.00589495 0.00392949 0.0076918 0.0125923 0.0147901 0.0131007 0.00902401 0.00440211 -0.000120276 -0.00448388 -0.00812554 -0.00968 -0.00794195 -0.00323847 0.00265257 0.00806584 0.0123607 0.0147581 0.0133057 0.00734997 0.0011776 0.00177082 0.0105404 0.0210927 
0.0501621 0.0540699 0.0551224 0.0496494 0.0355903 0.0187215 0.00744235 0.00492784 0.00856426 0.0133527 0.0147967 0.0116168 0.00599946 0.000545951 -0.00382357 -0.00730924 -0.00988791 -0.0105859 -0.00823481 -0.0031034 0.0027846 0.00730656 0.00995314 0.0111945 0.010654 0.00822842 0.00738857 0.0137763 0.0277091 0.0418294 
0.0612389 0.0616511 0.0582267 0.0495069 0.0348345 0.0186607 0.00706882 0.00293816 0.00517592 0.00951885 0.0106858 0.00672223 0.000238754 -0.00534009 -0.00874782 -0.0104758 -0.0111174 -0.010216 -0.0068076 -0.00119261 0.00441122 0.00746829 0.00757048 0.00672069 0.00689099 0.00884531 0.0140891 0.0251402 0.0409062 0.0547167 
0.0588704 0.0566591 0.0511608 0.0420757 0.0294751 0.0158424 0.0043943 -0.00203792 -0.00203669 0.00183162 0.00383948 0.000881226 -0.00489369 -0.00976457 -0.0120084 -0.0120094 -0.0107105 -0.00824091 -0.00414022 0.00117588 0.00570464 0.00687804 0.00402242 -2.35657e-05 -0.000834476 0.00407221 0.014528 0.0291011 0.0445122 0.0554426 
0.0463515 0.042675 0.0378866 0.0315687 0.0231786 0.0128908 0.00150692 -0.00777635 -0.0107663 -0.00769917 -0.0040188 -0.00417053 -0.00759313 -0.0111397 -0.0125615 -0.0116114 -0.0092623 -0.00622528 -0.00252637 0.00166299 0.00512877 0.00540531 0.000733213 -0.0065516 -0.0102332 -0.0053421 0.00784857 0.0247307 0.0391636 0.0464188 
0.0301691 0.0252314 0.0225148 0.0212215 0.0188229 0.0125467 0.00129328 -0.0111536 -0.018069 -0.0169271 -0.0119741 -0.00886637 -0.00938903 -0.0115859 -0.0126797 -0.0115484 -0.00905579 -0.00632999 -0.00344544 0.00016463 0.00410114 0.00555709 0.00118779 -0.00785806 -0.0146682 -0.0122692 0.000254537 0.0171589 0.0300552 0.0337763 
0.0190078 0.0125818 0.0109931 0.0140154 0.0172868 0.0151545 0.00481428 -0.0100385 -0.0212183 -0.0234519 -0.0189391 -0.0139674 -0.0125373 -0.0138878 -0.0149155 -0.0139657 -0.0118211 -0.00950971 -0.0065265 -0.00165593 0.00455561 0.00832068 0.00537327 -0.00356837 -0.0117943 -0.0120097 -0.00216643 0.0127311 0.0237602 0.0251241 
0.0178839 0.0101658 0.00780534 0.0122044 0.0187262 0.0201118 0.0120326 -0.00321994 -0.017757 -0.0243077 -0.0225576 -0.018351 -0.016797 -0.0178593 -0.0186829 -0.0180342 -0.0167713 -0.0150001 -0.0109878 -0.00348852 0.0054336 0.0106701 0.00838778 0.000300329 -0.00726581 -0.00804807 0.000182722 0.013503 0.0236227 0.0246089 
0.0232397 0.0148412 0.0113147 0.0153273 0.0228855 0.0266871 0.0217149 0.00836491 -0.00729598 -0.0176226 -0.020221 -0.0192929 -0.0193495 -0.0204361 -0.0207189 -0.0205039 -0.0209854 -0.0206841 -0.0160873 -0.00625233 0.00455373 0.00991369 0.00720068 -9.45667e-05 -0.00562157 -0.00434203 0.00509436 0.0186791 0.0286805 0.0298198 
0.0303734 0.0215518 0.01781 0.0212417 0.02805 0.0321058 0.0294587 0.0197227 0.00635601 -0.00506668 -0.0116636 -0.01516 -0.0177421 -0.0189721 -0.0185876 -0.0189855 -0.0218489 -0.0240805 -0.0202421 -0.00932448 0.00270538 0.00833395 0.00580823 7.14064e-05 -0.00215339 0.00329713 0.0160661 0.0305926 0.0392038 0.0382661 
0.0419044 0.0319346 0.02722 0.0280273 0.0308706 0.0318501 0.0294976 0.0240483 0.0162544 0.00748354 -0.000857203 -0.00795696 -0.0127519 -0.0140996 -0.0133196 -0.0144246 -0.0193432 -0.0239902 -0.0216202 -0.0106174 0.00260532 0.00988049 0.00951751 0.00701112 0.00938236 0.0201725 0.0370831 0.0523732 0.0581113 0.0528624 
0.0604028 0.0486499 0.0397323 0.0331557 0.0279876 0.0232888 0.0193538 0.0171342 0.0156828 0.0122207 0.00548567 -0.00238535 -0.00777245 -0.00901643 -0.00833832 -0.0100764 -0.0158463 -0.0214717 -0.0201562 -0.00970246 0.00420231 0.0135321 0.0162905 0.0177894 0.0249934 0.0408972 0.0617216 0.078051 0.0817902 0.0734631 
0.0763315 0.0644717 0.049825 0.0333283 0.0191731 0.00897599 0.00230111 0.000199928 0.00249876 0.00480788 0.00301194 -0.00175354 -0.00539957 -0.00607987 -0.0057811 -0.00790308 -0.0133962 -0.0186753 -0.0180034 -0.00911465 0.00369519 0.0136208 0.018669 0.0234507 0.0342204 0.0532417 0.0759053 0.0923531 0.0953917 0.0875194 
0.0727812 0.0652357 0.0494634 0.0282368 0.0102408 -0.00224813 -0.0121497 -0.018039 -0.016571 -0.0106534 -0.00650293 -0.00578987 -0.00595577 -0.00530079 -0.00487181 -0.00684022 -0.0117394 -0.0167623 -0.0174067 -0.011573 -0.00181588 0.00723865 0.0138942 0.0210676 0.0331013 0.0512726 0.0709297 0.0833055 0.0839519 0.0781996 
0.0433443 0.0447416 0.0369966 0.0223807 0.00979643 -6.34184e-05 -0.012225 -0.0241602 -0.0282066 -0.0238284 -0.0172153 -0.0123575 -0.00896131 -0.00607367 -0.00430738 -0.00542335 -0.0100661 -0.0158457 -0.0187455 -0.0164664 -0.00969642 -0.000737388 0.00841998 0.0173537 0.0272773 0.0389888 0.049385 0.0523239 0.0470764 0.0420398 
0.00153477 0.0128956 0.0189011 0.0188207 0.0181977 0.0156281 0.00501806 -0.0112677 -0.0235416 -0.0270669 -0.0245291 -0.0196423 -0.0140655 -0.00858404 -0.00470403 -0.00472607 -0.00946466 -0.0162618 -0.0207524 -0.0200932 -0.0135672 -0.00219957 0.0104648 0.0196921 0.0236949 0.0242904 0.0218419 0.0136608 0.00162146 -0.00449557 
-0.0279401 -0.0109516 0.00418766 0.0146172 0.0241885 0.0314023 0.0285783 0.0136878 -0.00578025 -0.0209121 -0.0276188 -0.026514 -0.0205626 -0.0131326 -0.00759708 -0.00694905 -0.0116349 -0.0182579 -0.021974 -0.0196699 -0.0103026 0.00481227 0.020011 0.0274682 0.0242285 0.0141469 0.00129264 -0.01405 -0.0293908 -0.0360119 
-0.0252357 -0.00921859 0.00278801 0.0104068 0.0215366 0.0371454 0.0461557 0.0381808 0.0153619 -0.0101879 -0.0269314 -0.0311764 -0.0264031 -0.0184608 -0.0125496 -0.0118873 -0.0161168 -0.0212266 -0.0223476 -0.0166287 -0.00362589 0.0141848 0.0299055 0.0354022 0.0284101 0.0137563 -0.00289788 -0.0190782 -0.03191 -0.035072 
0.0165338 0.027991 0.0268133 0.0199814 0.0232971 0.0406877 0.0575114 0.0561405 0.0336201 0.00276184 -0.0206717 -0.0297313 -0.0274034 -0.0207378 -0.0159265 -0.0160253 -0.0200364 -0.0238096 -0.0227743 -0.0144371 0.000961256 0.0200283 0.036019 0.0424141 0.037774 0.0255009 0.0106078 -0.00163503 -0.00590823 0.00128742 
0.0925849 0.0998036 0.0826481 0.0572673 0.0461901 0.0548956 0.0683537 0.0679597 0.0482254 0.0188188 -0.00592321 -0.0181634 -0.0193118 -0.015667 -0.0132603 -0.0149443 -0.0196812 -0.0235847 -0.0222753 -0.0132512 0.00310219 0.0232253 0.0411452 0.0518056 0.0535323 0.0471702 0.0369743 0.0323172 0.0424358 0.0670874 
0.186006 0.189676 0.157666 0.113918 0.0845743 0.0760011 0.0769276 0.0733565 0.058928 0.0369078 0.0157886 0.00224389 -0.00291099 -0.00349594 -0.00422688 -0.00782269 -0.0138567 -0.0189759 -0.0187956 -0.0105213 0.00579773 0.0270839 0.0480722 0.0640468 0.0724323 0.0726326 0.0695526 0.0762938 0.1045 0.149111 
0.264427 0.264324 0.219987 0.159949 0.112482 0.085994 0.0744504 0.0687846 0.0616253 0.0497184 0.0350958 0.0221832 0.0135274 0.00842686 0.0043921 -0.000918408 -0.00792162 -0.0139546 -0.0147427 -0.00743171 0.00828682 0.0302998 0.0541685 0.0747481 0.0883314 0.094322 0.0991722 0.117637 0.161057 0.220256 
