0.524237 0.484212 0.361974 0.23011 0.128657 0.0621502 0.0222731 -0.00188776 -0.0161114 -0.0207085 -0.0180727 -0.013873 -0.0123512 -0.0136784 -0.0151618 -0.0140166 -0.00949183 -0.00297272 0.00515354 0.0169011 0.0297069 0.0321115 0.0180295 0.00125492 0.00196615 0.0257837 0.0732381 0.15978 0.296524 0.445404 
0.486846 0.454577 0.341385 0.212221 0.107893 0.040418 0.00420989 -0.0158907 -0.0282821 -0.0307314 -0.0234946 -0.0141439 -0.00990561 -0.0117098 -0.0154749 -0.0163005 -0.012 -0.00422819 0.00496682 0.0159038 0.0260785 0.0265225 0.0130618 -0.00247204 -0.00349467 0.0146151 0.0539215 0.132115 0.262107 0.406922 
0.327683 0.317507 0.247698 0.15624 0.0754233 0.0232951 -0.00221938 -0.0170657 -0.0284227 -0.0306924 -0.0224816 -0.0121275 -0.00794009 -0.0110236 -0.0166221 -0.0187755 -0.0145156 -0.00560742 0.00455829 0.0143475 0.0214785 0.0207655 0.0103815 -0.00183007 -0.00568701 0.00109521 0.0211014 0.0702007 0.159814 0.263922 
0.147158 0.157152 0.133593 0.0865454 0.0387513 0.0117307 0.00430428 -0.000892093 -0.0103242 -0.0158743 -0.0129323 -0.0069717 -0.00527141 -0.0096011 -0.0159146 -0.0183877 -0.0139678 -0.00436653 0.00622067 0.0144986 0.0188466 0.018517 0.0141026 0.00838993 0.00322251 -0.0026248 -0.00524799 0.009954 0.0518923 0.106363 
0.0167967 0.0350502 0.0393105 0.0236607 0.00473034 0.00327241 0.0156053 0.0227605 0.0178569 0.0087962 0.00329061 0.00173102 -0.000113012 -0.00533632 -0.0119717 -0.0149232 -0.0110488 -0.00170587 0.00857577 0.0153737 0.0181451 0.0204413 0.0245387 0.0273629 0.0223296 0.00581997 -0.0152249 -0.0260295 -0.0199283 -0.00338125 
-0.0510915 -0.0331285 -0.0187073 -0.017954 -0.0172265 -0.000170846 0.0256426 0.0420535 0.0431247 0.0340563 0.0223355 0.0135633 0.00771998 0.00098093 -0.00687036 -0.0113499 -0.00897285 -0.00068211 0.00886417 0.0146437 0.0172159 0.0234095 0.0361309 0.0467435 0.0422873 0.0190143 -0.0128426 -0.0386909 -0.0531988 -0.0580773 
-0.0713103 -0.055066 -0.0390739 -0.0324262 -0.0228653 0.00159937 0.0313125 0.0512941 0.0577993 0.0522736 0.038557 0.024512 0.014368 0.0053321 -0.0040327 -0.0100287 -0.00919607 -0.00219406 0.00650955 0.011883 0.0151027 0.0243531 0.0422965 0.0570579 0.0531734 0.0282828 -0.00609897 -0.0373076 -0.060404 -0.0734272 
-0.0600814 -0.0450185 -0.0306009 -0.0250328 -0.0175703 0.00231075 0.0273676 0.0469069 0.0577058 0.0567689 0.043762 0.0270139 0.0141971 0.00457931 -0.00411007 -0.00992475 -0.0100294 -0.00447675 0.00318969 0.00860572 0.012959 0.0235406 0.0417307 0.0554458 0.0515246 0.0303852 0.00206762 -0.0254674 -0.0483905 -0.0619158 
-0.0296682 -0.017093 -0.0067365 -0.0068648 -0.00908773 -0.00239337 0.0119428 0.0279916 0.0408929 0.043362 0.0327772 0.0175237 0.00670468 0.000577603 -0.00443841 -0.00860371 -0.0095223 -0.00594527 0.000148916 0.0054946 0.0110056 0.0217055 0.0367075 0.0454314 0.0406024 0.0270891 0.0119286 -0.00423644 -0.0208538 -0.031636 
0.0121272 0.0198044 0.0223757 0.0128767 -0.00162352 -0.0096307 -0.00744969 0.00241005 0.0136793 0.0175314 0.0113225 0.0023472 -0.00192126 -0.00209344 -0.00287181 -0.00570297 -0.00796037 -0.00691629 -0.00297267 0.00161355 0.00740188 0.0172985 0.0284514 0.0320748 0.0269133 0.0223554 0.0228857 0.0220674 0.0158972 0.0102183 
0.0564748 0.0583272 0.0505034 0.0290844 0.00261557 -0.0163005 -0.0223072 -0.018071 -0.0105029 -0.00644429 -0.0071604 -0.00809702 -0.00554386 -0.00143678 -0.00022436 -0.00308361 -0.007034 -0.00850982 -0.00681631 -0.00361735 0.0011211 0.00915499 0.0174294 0.0191022 0.0161574 0.0198595 0.0334037 0.0467692 0.0523891 0.0537675 
0.0877605 0.0857972 0.0695776 0.0376861 0.00146042 -0.0235813 -0.0314009 -0.0277731 -0.0215576 -0.0170173 -0.0135748 -0.00932862 -0.00388196 0.000560095 0.00106976 -0.00268816 -0.00782861 -0.0108175 -0.0105702 -0.0086513 -0.00572855 -0.000391898 0.00591624 0.0088084 0.0105694 0.0205585 0.0408158 0.0617502 0.0754588 0.083174 
0.0941749 0.0920318 0.0726869 0.0361355 -0.00496039 -0.0321069 -0.0372131 -0.028816 -0.0196021 -0.0137175 -0.00917215 -0.00476089 -0.00102669 0.000824045 -0.000504127 -0.00491369 -0.0100008 -0.012752 -0.0124197 -0.0109105 -0.00947104 -0.00666174 -0.00190937 0.00284284 0.00900828 0.0219535 0.0415186 0.0605749 0.0750361 0.086422 
0.0809208 0.0817079 0.0639021 0.0292457 -0.0105907 -0.0370768 -0.0394609 -0.0258493 -0.0119101 -0.00409223 -0.000573065 0.00060333 0.000248561 -0.00112205 -0.00388801 -0.00823465 -0.0122781 -0.0134734 -0.0117865 -0.00967396 -0.00856178 -0.00695689 -0.00345057 0.00132174 0.0084512 0.0204318 0.0345123 0.0455351 0.0553168 0.068486 
0.0625413 0.0676527 0.0542778 0.0261691 -0.00730636 -0.0310879 -0.033392 -0.0190372 -0.0031473 0.0057153 0.00768201 0.00517703 0.000998396 -0.00273308 -0.00625423 -0.0103946 -0.0135531 -0.0132878 -0.0101335 -0.00698954 -0.00510197 -0.00305083 -9.8592e-05 0.0028674 0.00740219 0.015805 0.0240025 0.0273038 0.0317492 0.0455575 
0.0464276 0.0544937 0.0467084 0.0279467 0.00488272 -0.0127847 -0.0152361 -0.00418457 0.00882738 0.0157464 0.0154296 0.00998907 0.00326034 -0.0018973 -0.00603754 -0.0105073 -0.0137285 -0.0131125 -0.00935332 -0.00545614 -0.00236525 0.00117463 0.00465542 0.00605853 0.0071903 0.0114407 0.0153301 0.0143739 0.0155278 0.0282382 
0.030399 0.037657 0.0347255 0.0263515 0.016256 0.00871305 0.00933906 0.017231 0.0250303 0.0275971 0.0240537 0.0159917 0.00723788 0.000708426 -0.00440689 -0.00965372 -0.0135414 -0.0135313 -0.0101496 -0.00603704 -0.00191676 0.00310964 0.0075924 0.0086308 0.00770211 0.00873604 0.00977645 0.00732744 0.00696133 0.0162279 
0.012855 0.0162918 0.0166371 0.0170075 0.0182462 0.0210535 0.0270667 0.0344156 0.0387327 0.0379521 0.0319507 0.0218578 0.0112065 0.00302964 -0.00322781 -0.00904863 -0.0134197 -0.0143574 -0.0120852 -0.0084032 -0.00384792 0.0018802 0.00683661 0.00803175 0.00664445 0.00644983 0.00665315 0.00451895 0.00302539 0.00659447 
-0.00121773 -0.00130999 0.00122434 0.00622009 0.0126267 0.0206985 0.0301812 0.0379395 0.0412184 0.0398234 0.0337984 0.0236721 0.0125514 0.00363972 -0.00300434 -0.00865521 -0.0130208 -0.0149446 -0.0143456 -0.011942 -0.00786192 -0.00222967 0.00285439 0.00468786 0.00425019 0.0049739 0.00665297 0.00623052 0.00348389 0.000586206 
-0.00467377 -0.00551847 -0.00141698 0.00355318 0.00793721 0.0141026 0.022052 0.0280371 0.0302577 0.0295967 0.0258883 0.0186762 0.00991509 0.00237929 -0.00332629 -0.0080861 -0.012088 -0.0147937 -0.0158941 -0.015205 -0.0122549 -0.00710223 -0.00169394 0.00146626 0.00285627 0.00538556 0.00938703 0.0114047 0.00844907 0.00149657 
0.00491924 0.00584203 0.0102871 0.0113458 0.00854812 0.00744354 0.00959588 0.0113926 0.0115468 0.0116146 0.0113705 0.00914543 0.00488109 0.000179209 -0.0038983 -0.00747492 -0.0107385 -0.0134753 -0.0153305 -0.0157032 -0.0137728 -0.00942085 -0.00423654 -0.000315789 0.00244172 0.00630506 0.0122011 0.017117 0.0165166 0.0103343 
0.0216906 0.0245676 0.0273569 0.0223996 0.0110494 0.00166676 -0.00238119 -0.00419818 -0.0052967 -0.00432812 -0.00150215 0.000764156 0.000591258 -0.00164501 -0.00441331 -0.00683698 -0.00886054 -0.010602 -0.0119358 -0.0123043 -0.0110124 -0.00804201 -0.004542 -0.00166983 0.00104917 0.00555178 0.0131634 0.0215718 0.0254619 0.0235218 
0.0337421 0.03654 0.0363549 0.0268131 0.0105636 -0.00329039 -0.0103676 -0.0129132 -0.0130706 -0.0107946 -0.00657435 -0.00261279 -0.0011888 -0.00238884 -0.00440919 -0.00580053 -0.00643903 -0.0068383 -0.00721019 -0.00726002 -0.00666999 -0.00556276 -0.00452271 -0.00372974 -0.00216194 0.0021449 0.0109106 0.0223745 0.0306234 0.0328984 
0.032759 0.0331553 0.0301033 0.0202093 0.00578942 -0.00646435 -0.0125462 -0.0133108 -0.0111117 -0.00763765 -0.0039575 -0.0013101 -0.000881092 -0.0022917 -0.00385013 -0.00444211 -0.00425307 -0.00399195 -0.00396656 -0.00413482 -0.00455111 -0.00522239 -0.00603808 -0.00678746 -0.00673867 -0.00409127 0.00358229 0.0156808 0.0264371 0.0314165 
0.021171 0.0186699 0.0136614 0.00667875 -0.00126329 -0.00781805 -0.0104921 -0.00864161 -0.00418424 -8.1858e-05 0.00209733 0.00217396 0.000473288 -0.00177965 -0.00315437 -0.00338278 -0.00318751 -0.00322128 -0.00355456 -0.00421733 -0.00550546 -0.00722815 -0.0087393 -0.00998875 -0.0112926 -0.0115393 -0.00760124 0.00195095 0.0130068 0.0198608 
0.00711297 0.00359635 -0.00177155 -0.00539551 -0.00727073 -0.00856135 -0.00817744 -0.00443849 0.00131711 0.0056678 0.00688364 0.00529319 0.00201324 -0.0011111 -0.00266607 -0.00297004 -0.00321551 -0.00395897 -0.0049204 -0.00598256 -0.00746901 -0.00911835 -0.0101977 -0.0111064 -0.0132151 -0.0162588 -0.0169326 -0.011984 -0.00286966 0.00495007 
-0.004359 -0.00657604 -0.0103136 -0.0114623 -0.0106825 -0.0103014 -0.00924063 -0.00505783 0.00118065 0.0059928 0.00762004 0.006182 0.00267013 -0.000826267 -0.00261995 -0.0030989 -0.00367227 -0.00484701 -0.00611163 -0.00718434 -0.00823958 -0.00891287 -0.00869772 -0.00865348 -0.0108495 -0.0154797 -0.019577 -0.0193481 -0.0140804 -0.00739906 
-0.0122362 -0.0128671 -0.014176 -0.0137814 -0.0132009 -0.014257 -0.0145911 -0.0109413 -0.00440772 0.00133965 0.00435023 0.00423713 0.00155425 -0.00160125 -0.0032721 -0.0036441 -0.00407197 -0.005013 -0.00596189 -0.00668594 -0.0071639 -0.00673534 -0.00511635 -0.00403171 -0.00580319 -0.0105607 -0.0159279 -0.018849 -0.0178701 -0.0145039 
-0.0162929 -0.0169819 -0.0170639 -0.0161619 -0.0165818 -0.0193722 -0.0211008 -0.0180825 -0.0114869 -0.00506714 -0.000922216 0.000246314 -0.00127309 -0.00353185 -0.00458275 -0.00444148 -0.00425074 -0.00442552 -0.00468462 -0.00498918 -0.00509022 -0.00398201 -0.00155626 8.46053e-05 -0.00113586 -0.00500824 -0.00984327 -0.0138075 -0.0157888 -0.0161339 
-0.0166315 -0.0186883 -0.0193018 -0.0187795 -0.0193998 -0.0219611 -0.0235284 -0.0210487 -0.015477 -0.00984506 -0.00587353 -0.00424133 -0.00476101 -0.005833 -0.00591573 -0.00505929 -0.00415697 -0.0035825 -0.00333794 -0.00349694 -0.003499 -0.00211556 0.000548318 0.00230403 0.00152988 -0.00129713 -0.00504072 -0.00870853 -0.0116819 -0.0141742 
-0.0145615 -0.0175337 -0.0192057 -0.0192812 -0.0190626 -0.0195271 -0.0196819 -0.0180151 -0.0148352 -0.0115125 -0.00887106 -0.00746854 -0.00727863 -0.00722545 -0.00641453 -0.00506671 -0.00380977 -0.00292713 -0.00263209 -0.00300899 -0.00319438 -0.0018413 0.000791756 0.00253014 0.00192187 -0.000536391 -0.00375675 -0.00677288 -0.00917986 -0.0115832 
-0.012573 -0.0149753 -0.0169306 -0.0173159 -0.0161039 -0.0142989 -0.0129698 -0.0122889 -0.0117612 -0.0108321 -0.0094361 -0.00826881 -0.00767089 -0.0070336 -0.00588963 -0.00449471 -0.00323806 -0.00235357 -0.00221621 -0.00293145 -0.00348741 -0.00247392 -0.000132823 0.00136804 0.000333064 -0.00283579 -0.00646491 -0.0089905 -0.0101056 -0.0109216 
-0.0131021 -0.0138574 -0.01501 -0.015176 -0.0133967 -0.0103266 -0.00810223 -0.00805672 -0.0092132 -0.0096235 -0.00865384 -0.00736408 -0.00661367 -0.00605844 -0.00513476 -0.00382696 -0.00244815 -0.00142299 -0.00128857 -0.00214102 -0.00295719 -0.0023668 -0.000541031 0.000352861 -0.00171977 -0.00638172 -0.0111758 -0.0138633 -0.0141572 -0.0134019 
-0.0156448 -0.0146965 -0.014475 -0.0137451 -0.01142 -0.00797609 -0.0056529 -0.00607829 -0.00808443 -0.00908852 -0.0081588 -0.0066158 -0.00580076 -0.00554435 -0.00488539 -0.00337826 -0.00147639 -2.84513e-05 0.000322258 -0.000371602 -0.00111211 -0.000704088 0.000676311 0.000934483 -0.00209149 -0.00809028 -0.0143032 -0.0180896 -0.018793 -0.0174275 
-0.0159829 -0.0143018 -0.0133413 -0.0116375 -0.00849575 -0.00497121 -0.00326212 -0.00455686 -0.00733502 -0.00882525 -0.00803541 -0.0063866 -0.00552534 -0.0054338 -0.00481919 -0.00291396 -0.000397418 0.00149218 0.00211327 0.0016909 0.00113047 0.001424 0.00246953 0.00249531 -0.000504838 -0.00654712 -0.0133751 -0.0183042 -0.0198964 -0.0184817 
-0.0111447 -0.0103768 -0.0105032 -0.00908614 -0.00560555 -0.0020886 -0.00100965 -0.00303918 -0.00627495 -0.00797446 -0.00725333 -0.00558963 -0.00475711 -0.00480113 -0.00425385 -0.00219676 0.00057568 0.00269016 0.00353215 0.00324938 0.00248849 0.00219737 0.00270203 0.00292328 0.00122657 -0.00295867 -0.00850416 -0.0131834 -0.0149309 -0.0134778 
-0.00422624 -0.00545007 -0.00808213 -0.00866907 -0.00624346 -0.0031298 -0.00195927 -0.00338537 -0.0058361 -0.00696646 -0.00593747 -0.00411201 -0.0032595 -0.00345877 -0.00319295 -0.00144814 0.00110379 0.00322712 0.0042475 0.00389354 0.00242844 0.00101543 0.00075475 0.0014213 0.00177036 0.000663246 -0.00208819 -0.00522775 -0.00662402 -0.00551725 
-0.00102099 -0.00362236 -0.00813394 -0.0109862 -0.0105401 -0.00831376 -0.0064098 -0.00585111 -0.00629398 -0.00626416 -0.00478415 -0.00272817 -0.00170447 -0.00192806 -0.00202246 -0.00090214 0.00110862 0.00310613 0.00427141 0.00373495 0.00139638 -0.00119695 -0.00215179 -0.00106629 0.00102069 0.00252144 0.00216087 0.000214434 -0.00132695 -0.00114773 
-0.00263298 -0.0049142 -0.0092848 -0.0128934 -0.0138368 -0.0124154 -0.00967335 -0.00691106 -0.00526065 -0.00435853 -0.00302254 -0.00128035 -0.000286761 -0.000444968 -0.000792618 -0.000333855 0.00101319 0.00275311 0.00392667 0.00314573 8.07195e-05 -0.00337426 -0.0048291 -0.0036299 -0.00081596 0.00164656 0.00182814 -0.000267177 -0.00233757 -0.0026459 
-0.00442102 -0.00520237 -0.00824848 -0.0113731 -0.0127387 -0.0116486 -0.00814703 -0.00373384 -0.000830439 -7.10756e-05 1.58515e-05 0.000505411 0.00100394 0.000942876 0.00059178 0.000583436 0.00127353 0.00252847 0.00336757 0.00220265 -0.00132502 -0.00515465 -0.00676597 -0.00554223 -0.00273432 -0.000738027 -0.00164481 -0.004707 -0.00666785 -0.00586251 
-0.00178757 -0.00119121 -0.0033711 -0.00625738 -0.00802549 -0.00722335 -0.0032171 0.00208455 0.00509294 0.00456165 0.00259186 0.00146596 0.00148288 0.00177837 0.00178179 0.00160504 0.00168824 0.00215179 0.00219222 0.00044801 -0.00324934 -0.00682774 -0.00788792 -0.00609154 -0.00317163 -0.00193299 -0.00414392 -0.00778957 -0.00856782 -0.00537336 
0.00468607 0.00572225 0.00388481 0.00122709 -0.000786599 -0.000550576 0.00299768 0.00780779 0.00963847 0.00709221 0.00306379 0.000776536 0.000767119 0.00167069 0.00218886 0.00200218 0.00149854 0.000915571 -0.000229339 -0.00274696 -0.00642127 -0.00918397 -0.0088676 -0.0056278 -0.00180839 -0.000318988 -0.00238701 -0.00534871 -0.00471474 7.28764e-05 
0.0108845 0.0114921 0.0105019 0.00949254 0.00868186 0.00859296 0.0104013 0.0130245 0.0128341 0.00849508 0.0030799 9.94901e-05 5.04309e-05 0.00120305 0.00187471 0.00151154 0.000361302 -0.0013505 -0.003761 -0.00704473 -0.0105347 -0.0121419 -0.0100172 -0.00489893 0.0005284 0.00377914 0.00393876 0.0028466 0.00386191 0.00758496 
0.0154028 0.0149586 0.0148453 0.0161746 0.0177023 0.0179501 0.0177062 0.0176921 0.0159305 0.0109819 0.00509569 0.00145682 0.00070157 0.00126024 0.00145894 0.000619515 -0.00121585 -0.00384424 -0.00702586 -0.0104258 -0.0131349 -0.0132608 -0.00952286 -0.00313169 0.00357064 0.00907061 0.0124061 0.0135238 0.0139537 0.0148487 
0.019215 0.0172589 0.0165393 0.0186293 0.021784 0.0227488 0.0214872 0.020118 0.0181627 0.0138284 0.00814405 0.00381873 0.00189864 0.00139155 0.000860772 -0.000504314 -0.00287545 -0.00588158 -0.00873608 -0.0107863 -0.0113855 -0.00949243 -0.00487628 0.00109482 0.00730459 0.0136496 0.0190701 0.0217708 0.0218122 0.0207617 
0.0191395 0.016016 0.0139227 0.0154898 0.0193789 0.0213758 0.0205242 0.0193597 0.018111 0.014647 0.00921305 0.00436413 0.0016028 0.000408472 -0.000548883 -0.00229177 -0.00506813 -0.00796663 -0.00937824 -0.00847114 -0.00547882 -0.00107282 0.00344751 0.00688674 0.00999198 0.0144417 0.0195119 0.02249 0.0225867 0.0212798 
0.00995047 0.0068979 0.00533502 0.00810156 0.0138173 0.0176607 0.0180098 0.0174586 0.0166268 0.0133672 0.00776898 0.00259504 -0.000317314 -0.00145293 -0.00243076 -0.00458706 -0.00799369 -0.0108307 -0.0105033 -0.00613621 0.000772414 0.00750424 0.0112006 0.0107931 0.0087199 0.00871162 0.0112383 0.0134057 0.0134748 0.0121809 
-0.00689854 -0.00907471 -0.00760991 -0.000757865 0.0088567 0.0154775 0.0170215 0.0164276 0.0151248 0.011487 0.00566938 0.000464809 -0.00219573 -0.00294272 -0.00382726 -0.00650822 -0.0107546 -0.0138216 -0.0123297 -0.00554291 0.00397167 0.0121496 0.0150724 0.0111954 0.00358156 -0.00208659 -0.00318219 -0.00204608 -0.00195867 -0.00387958 
-0.0237168 -0.0256925 -0.0215312 -0.0105141 0.00344334 0.0132957 0.0160492 0.0149558 0.0128128 0.00907624 0.00375327 -0.00102217 -0.00345567 -0.00399247 -0.00477987 -0.00770285 -0.0123832 -0.0155763 -0.013569 -0.00578921 0.00484015 0.0140061 0.0171362 0.0114183 -0.000632124 -0.0118917 -0.0170319 -0.0169441 -0.0165171 -0.0192079 
-0.0342555 -0.0378745 -0.0342603 -0.0222211 -0.00554305 0.00758086 0.0123571 0.0115627 0.00926059 0.00614508 0.00189284 -0.00236505 -0.0048924 -0.00548832 -0.00604708 -0.00866151 -0.0130994 -0.0160781 -0.0137851 -0.00551018 0.00608012 0.0167429 0.0211012 0.0148742 -0.000220928 -0.0161251 -0.0250683 -0.0260893 -0.0250889 -0.0280608 
-0.0361581 -0.0433705 -0.0435818 -0.0337205 -0.0163279 -0.000316723 0.00744386 0.00843293 0.00702922 0.00473367 0.00116073 -0.00314091 -0.00630979 -0.00738745 -0.00786071 -0.0100078 -0.0139448 -0.0165981 -0.0140238 -0.00502694 0.00806855 0.0205637 0.0260277 0.0194757 0.002625 -0.0157795 -0.0265965 -0.0277338 -0.0255949 -0.0281659 
-0.0281044 -0.0400895 -0.0457226 -0.0393998 -0.0225067 -0.00463269 0.00577064 0.00886748 0.00848507 0.00644184 0.00283885 -0.00194213 -0.00630462 -0.00876049 -0.00994621 -0.0119373 -0.0153201 -0.0175633 -0.0147663 -0.00519876 0.00910118 0.0227358 0.0285038 0.0217229 0.00490489 -0.0127587 -0.0221101 -0.0212205 -0.0168289 -0.018269 
-0.00997848 -0.0264657 -0.0380269 -0.0359355 -0.0202741 -0.00163268 0.00998268 0.0136679 0.0127361 0.00957255 0.00539225 0.000371192 -0.00513043 -0.00956078 -0.0120565 -0.0138566 -0.0161552 -0.0175045 -0.0145468 -0.00523468 0.00892646 0.022574 0.0285208 0.0225636 0.00776747 -0.00651525 -0.0118385 -0.00726463 0.000256878 0.000797996 
0.0139503 -0.00534584 -0.0231504 -0.0269007 -0.0135674 0.00566763 0.0180763 0.0207764 0.0170196 0.0107711 0.00508489 0.000142164 -0.00543171 -0.0107847 -0.0137843 -0.0146312 -0.0150453 -0.0148531 -0.0116694 -0.00350737 0.008975 0.0216498 0.0281608 0.0240346 0.011871 0.00136977 0.000714612 0.00950533 0.0203482 0.0236597 
0.0365663 0.016177 -0.00786863 -0.0195305 -0.0104626 0.0094921 0.0239706 0.0262009 0.0191679 0.00903107 0.000970145 -0.00406047 -0.0083614 -0.0124061 -0.0142443 -0.0136157 -0.0122528 -0.0106603 -0.00743937 -0.00103503 0.0088052 0.0199346 0.0271589 0.0247857 0.0141103 0.00601067 0.00978299 0.023399 0.0377376 0.0439189 
0.054743 0.0346133 0.00566799 -0.0146984 -0.0126245 0.00625069 0.0235329 0.027551 0.0196134 0.00717433 -0.00299895 -0.00853879 -0.011259 -0.0128342 -0.0128503 -0.0114139 -0.00969738 -0.00794366 -0.00538605 -0.00104615 0.00609065 0.0157885 0.0237841 0.022801 0.0124978 0.00517125 0.0124215 0.0312838 0.0499534 0.0593313 
0.070283 0.0527703 0.021871 -0.00578548 -0.0129328 0.000958435 0.0194364 0.0269973 0.0212043 0.00883426 -0.00241805 -0.00873342 -0.0108887 -0.0111149 -0.0104492 -0.00953856 -0.00881346 -0.00781005 -0.00615765 -0.00361636 0.00122894 0.00956536 0.0179124 0.0181869 0.0086033 0.00127467 0.0093997 0.0313328 0.0548586 0.0698185 
0.0807723 0.0691925 0.0401512 0.00906639 -0.00640169 -0.000263902 0.0165152 0.0272721 0.0248584 0.0138912 0.00266041 -0.00413872 -0.00693669 -0.00800836 -0.00852816 -0.00893428 -0.00904759 -0.0080361 -0.00616875 -0.00434364 -0.00129115 0.00505505 0.0120911 0.0124771 0.00411971 -0.0031604 0.00255392 0.0225199 0.0488169 0.0715787 
0.0774368 0.0742953 0.0514113 0.0228707 0.00390802 0.00287816 0.015322 0.0267358 0.0268382 0.0178747 0.00801803 0.00176067 -0.00186061 -0.00489747 -0.00749164 -0.00902274 -0.00887147 -0.00644436 -0.00287228 -0.000151952 0.00246227 0.00692264 0.0107744 0.00837485 -0.000595569 -0.00849363 -0.00717538 0.00632323 0.0306196 0.0589001 
0.055648 0.0610544 0.0484985 0.0290294 0.012983 0.00755124 0.0137188 0.0222617 0.0232446 0.0170121 0.00997644 0.00518973 0.00123779 -0.00323124 -0.0072299 -0.00918817 -0.0082528 -0.00427317 0.00121975 0.00618992 0.010984 0.0158654 0.0165719 0.00875654 -0.00427154 -0.0147084 -0.0181206 -0.012408 0.00526053 0.032368 
0.0196327 0.030809 0.0313063 0.0265709 0.0196648 0.0138024 0.0134508 0.0164434 0.0164907 0.0128235 0.00870786 0.00505267 0.000767567 -0.00418585 -0.00834763 -0.0101981 -0.00896087 -0.00470346 0.00145903 0.00889675 0.018235 0.0269265 0.0270137 0.0142572 -0.00408685 -0.0182451 -0.0259832 -0.027422 -0.0192026 -0.000681696 
-0.0214466 -0.0084586 0.00509325 0.0182846 0.0257732 0.0248875 0.0209098 0.0179308 0.0146129 0.0103892 0.00632002 0.00203386 -0.00294973 -0.00774602 -0.0112281 -0.0127488 -0.0119187 -0.00886718 -0.00380237 0.00502186 0.0193961 0.0339907 0.0365296 0.0219076 0.0002861 -0.0166237 -0.0278178 -0.0356352 -0.0380383 -0.03265 
-0.0556114 -0.042983 -0.0196345 0.00939352 0.0322347 0.03996 0.0361175 0.0286757 0.0204595 0.0117632 0.00365567 -0.00323399 -0.00879986 -0.0127342 -0.0150459 -0.0160812 -0.0159884 -0.0149788 -0.0121481 -0.00322107 0.0148882 0.0345505 0.0400185 0.0255395 0.00325734 -0.0139019 -0.0262098 -0.0385259 -0.0503337 -0.0573653 
-0.0682775 -0.0559557 -0.02876 0.007854 0.0393981 0.0520588 0.0471912 0.035971 0.0245485 0.0125368 0.000318427 -0.00937263 -0.0150319 -0.01748 -0.0183236 -0.0187826 -0.0194464 -0.0203755 -0.0193879 -0.0105242 0.00934086 0.0305603 0.0359519 0.0207614 -0.000900931 -0.0153705 -0.0245692 -0.0366502 -0.0526456 -0.0658268 
-0.0404843 -0.0294884 -0.0075116 0.0238528 0.0516077 0.0592781 0.0470344 0.0300652 0.018216 0.00853066 -0.00300418 -0.0135194 -0.019157 -0.0203972 -0.0199215 -0.0197426 -0.0207157 -0.022413 -0.0215457 -0.011924 0.00800019 0.0269396 0.02862 0.0113172 -0.00866801 -0.0175424 -0.0187008 -0.0228677 -0.0327116 -0.0410322 
0.0514889 0.0560059 0.0577707 0.0659847 0.074702 0.0677962 0.0438911 0.0195439 0.0072086 0.00215266 -0.00503123 -0.0141137 -0.0198168 -0.0208924 -0.0197184 -0.0186277 -0.0186902 -0.0192523 -0.0167218 -0.00576045 0.0130915 0.0275668 0.0239372 0.00504827 -0.0107152 -0.0107734 0.00077819 0.0142689 0.0266106 0.0398364 
0.216563 0.206505 0.168188 0.131605 0.105286 0.0775113 0.0437489 0.0146977 0.000352029 -0.00335615 -0.00690668 -0.0130687 -0.0179839 -0.0194434 -0.0183291 -0.0162143 -0.0142071 -0.0121636 -0.00725297 0.00474705 0.0218503 0.0313935 0.0227105 0.00394698 -0.00474795 0.00652934 0.0340618 0.0746885 0.128164 0.184117 
0.408592 0.379603 0.290513 0.197634 0.127959 0.0775218 0.0385839 0.0103432 -0.00514734 -0.0101064 -0.0112446 -0.0129524 -0.015226 -0.016725 -0.0164661 -0.0141159 -0.0102169 -0.00550911 0.00134981 0.0135661 0.0286135 0.0339551 0.021543 0.00383702 0.00192468 0.0229372 0.0649301 0.134973 0.238717 0.349463 
