0.397581 0.335409 0.236086 0.14018 0.066036 0.0150811 -0.0142877 -0.0232143 -0.0166715 -0.0045517 0.00374981 0.00463283 -3.30369e-05 -0.00674395 -0.0131011 -0.0179843 -0.0208906 -0.021786 -0.0208055 -0.0176632 -0.0119216 -0.00396022 0.00442792 0.0109132 0.0172277 0.0356308 0.0867087 0.181063 0.297357 0.384456 
0.329288 0.267808 0.180658 0.100661 0.0399089 -0.00244055 -0.0272401 -0.0336903 -0.0249547 -0.0101839 0.000700824 0.00329607 -0.000575709 -0.00687729 -0.0128827 -0.0175562 -0.0204932 -0.0215537 -0.0207612 -0.0178484 -0.0123731 -0.00460289 0.00383689 0.0110073 0.019035 0.0390067 0.0874757 0.170266 0.265742 0.330073 
0.223723 0.171767 0.110195 0.0599285 0.0233084 -0.00463415 -0.0237691 -0.0295929 -0.0213795 -0.00623368 0.00556356 0.00840913 0.0038599 -0.00348062 -0.010577 -0.0165778 -0.0211601 -0.0238903 -0.0244499 -0.0223851 -0.0170474 -0.00850128 0.00150305 0.0105847 0.0200489 0.0385405 0.0776435 0.138694 0.202516 0.237351 
0.136126 0.0994566 0.0659707 0.0451089 0.0303044 0.0132216 -0.00428072 -0.0133121 -0.00886796 0.00408615 0.0149046 0.0167359 0.0106937 0.00165792 -0.00725591 -0.0154218 -0.0224774 -0.0274669 -0.0294535 -0.0276497 -0.0213224 -0.0106166 0.00226081 0.0139535 0.0242406 0.0392158 0.0667952 0.106125 0.142162 0.154707 
0.0913512 0.0688415 0.055915 0.053942 0.050985 0.0375207 0.0174308 0.00293734 0.0020303 0.011385 0.020414 0.0214546 0.0149045 0.00524338 -0.00474441 -0.014641 -0.0238555 -0.0306683 -0.0332247 -0.0302832 -0.0213508 -0.0071913 0.00925438 0.0236535 0.0343192 0.0454458 0.0633529 0.0874582 0.106722 0.108405 
0.0795856 0.0644767 0.0606698 0.0656674 0.0656485 0.0513805 0.0280027 0.00902534 0.00364974 0.00981662 0.017764 0.0195801 0.0145779 0.00613606 -0.00355933 -0.0141476 -0.0246155 -0.0323412 -0.0343899 -0.0290191 -0.0162429 0.00213842 0.0222985 0.039171 0.0500205 0.0578772 0.0689971 0.0845309 0.0962706 0.0943848 
0.0787336 0.062864 0.0586063 0.0632883 0.0632077 0.0490688 0.0254176 0.00507762 -0.00263922 0.00158536 0.00960501 0.0136732 0.0116966 0.00554537 -0.00314382 -0.0137561 -0.0246764 -0.0324041 -0.0330307 -0.0244492 -0.00735071 0.0152743 0.0387171 0.0574713 0.0682644 0.0735066 0.0799092 0.0905321 0.0987822 0.0948213 
0.0752569 0.0536683 0.0445652 0.0474777 0.0493311 0.0392375 0.0191583 0.000117685 -0.00862564 -0.00599802 0.00205185 0.00829945 0.00919812 0.00501117 -0.00300016 -0.0136595 -0.0246178 -0.0316549 -0.030238 -0.0182305 0.00283402 0.0287675 0.054127 0.0733997 0.0834723 0.0866108 0.0897391 0.097056 0.102704 0.0958531 
0.0683852 0.0416759 0.0283763 0.0310611 0.0373466 0.0338401 0.0190751 0.00216199 -0.007542 -0.00723094 -0.000559019 0.00620331 0.00850908 0.00520922 -0.00278665 -0.0137185 -0.0245348 -0.0305643 -0.0271397 -0.0124885 0.0109512 0.0379524 0.0625886 0.0798544 0.0876717 0.0888584 0.0902782 0.0962234 0.100886 0.092467 
0.06291 0.0358646 0.02119 0.0241732 0.0339085 0.0355636 0.0250485 0.00993679 -0.000584511 -0.00283708 0.0011982 0.00658223 0.00872766 0.0056174 -0.0023533 -0.0132447 -0.0236074 -0.0286614 -0.0240623 -0.00864122 0.0144849 0.0394644 0.0601561 0.0723883 0.0758842 0.0749069 0.0763566 0.0837898 0.0908953 0.0852497 
0.0627248 0.0404353 0.0267498 0.0284665 0.0373825 0.0397403 0.0307011 0.0167647 0.00630238 0.00253671 0.0039912 0.00708991 0.0082546 0.00539408 -0.00174041 -0.0116401 -0.0209651 -0.0251626 -0.0204645 -0.00628755 0.0140133 0.0345381 0.0492474 0.0549129 0.0533281 0.0506091 0.0536841 0.0648241 0.0770556 0.0780434 
0.0668005 0.0519374 0.0407738 0.0398813 0.0440728 0.0427904 0.0323826 0.0188889 0.00947686 0.00590239 0.00600422 0.00711101 0.0071935 0.00480048 -0.000813709 -0.00893333 -0.016765 -0.020233 -0.0161844 -0.00444636 0.0117884 0.0271035 0.0360046 0.0362652 0.0312915 0.0283257 0.0337446 0.0484293 0.0653263 0.0732735 
0.0687615 0.0620503 0.0547595 0.0518455 0.0503077 0.0434226 0.0299818 0.0163275 0.00857985 0.00673221 0.00720616 0.00748082 0.00685295 0.00482403 0.000557178 -0.0058928 -0.0124124 -0.0155234 -0.0126036 -0.00367185 0.00845891 0.0191332 0.0237675 0.0211061 0.0151847 0.0128999 0.0194187 0.0349877 0.0538501 0.0669486 
0.0628944 0.0641761 0.0615338 0.0581679 0.0523695 0.0405947 0.0241951 0.0102744 0.00435811 0.00504341 0.00729866 0.00814473 0.00751008 0.0056717 0.00204719 -0.00356072 -0.00955871 -0.01303 -0.0117154 -0.00558329 0.00299903 0.0100662 0.0119247 0.00803547 0.0021506 -0.000255139 0.00473291 0.0180062 0.0364841 0.0534723 
0.0495149 0.0571823 0.0585845 0.0560389 0.0486727 0.034704 0.0169738 0.00317938 -0.00124374 0.00170947 0.00609721 0.00831434 0.00830608 0.00670409 0.00321174 -0.00233835 -0.00861977 -0.0131063 -0.0136967 -0.0101125 -0.00428038 0.000306429 0.000531153 -0.00385193 -0.00984966 -0.0135539 -0.0118517 -0.0025148 0.0143291 0.0340179 
0.0332644 0.0442634 0.0482202 0.0473765 0.0412841 0.0283496 0.0113991 -0.00177277 -0.00539401 -0.00123015 0.00454586 0.00790492 0.00862277 0.00740872 0.00406835 -0.00155063 -0.00825454 -0.0137299 -0.0159061 -0.0142233 -0.0101893 -0.00686539 -0.00698141 -0.01091 -0.0167112 -0.021829 -0.0235762 -0.018568 -0.00468389 0.0150842 
0.0189803 0.0306356 0.0359622 0.0372369 0.0340062 0.0239906 0.00913312 -0.00308926 -0.00649128 -0.00222543 0.00377811 0.00742787 0.00849856 0.00776757 0.00499368 -0.00013104 -0.00660401 -0.0122902 -0.0151741 -0.0145329 -0.011475 -0.00844734 -0.00767312 -0.0098558 -0.0144222 -0.0202376 -0.0250287 -0.0246294 -0.015307 0.00155726 
0.00911858 0.020528 0.0269972 0.0303403 0.0297952 0.0225456 0.00982974 -0.00134199 -0.00471182 -0.000962529 0.0044122 0.00756687 0.0084873 0.00813047 0.0062346 0.002252 -0.00314987 -0.00815241 -0.0109512 -0.0108218 -0.00850677 -0.00569167 -0.00387457 -0.00390603 -0.00651527 -0.0121225 -0.0191473 -0.023002 -0.0187126 -0.00605705 
0.00254637 0.0140983 0.0223911 0.0279838 0.0293568 0.0236582 0.0122244 0.00186438 -0.00140052 0.00185301 0.00645438 0.00882551 0.00919315 0.00880632 0.00758044 0.00483973 0.000847266 -0.00307948 -0.00554323 -0.0059474 -0.00473476 -0.00289705 -0.00116645 -0.000116191 -0.00110263 -0.00576427 -0.0134713 -0.0198345 -0.0193281 -0.0104433 
-0.00297263 0.00872886 0.0192402 0.0273211 0.0300997 0.0248298 0.0136245 0.00361031 0.000616216 0.00390831 0.00832551 0.010297 0.0101325 0.00940148 0.00838858 0.00648087 0.00360396 0.000525885 -0.00183604 -0.00304037 -0.00327739 -0.00303711 -0.0024824 -0.00167556 -0.00182524 -0.00505031 -0.0116353 -0.0181448 -0.0195666 -0.0137199 
-0.00642549 0.00377932 0.0149467 0.0243929 0.0277912 0.0222951 0.0107955 0.000915008 -0.00159376 0.00232148 0.0073568 0.00976451 0.00972939 0.00897021 0.00809103 0.00661888 0.00428912 0.0014856 -0.0011911 -0.00331961 -0.00480414 -0.00578098 -0.00614314 -0.00562493 -0.00501749 -0.00630573 -0.010365 -0.0151348 -0.0170295 -0.0139468 
-0.00479781 0.00139205 0.00995563 0.0180422 0.0206536 0.0147046 0.00323683 -0.00614843 -0.00797347 -0.0033063 0.00266515 0.00618027 0.00717284 0.00717967 0.00683869 0.00573912 0.00355472 0.000544119 -0.00271662 -0.00561564 -0.00770289 -0.00882028 -0.00882107 -0.00751448 -0.00554143 -0.00456109 -0.00557163 -0.00764576 -0.00891917 -0.00813666 
0.00150786 0.00256497 0.00596103 0.0100487 0.0104511 0.00412609 -0.00640702 -0.0144931 -0.0154421 -0.0103071 -0.00366529 0.00106039 0.00352968 0.00484441 0.00544077 0.00487976 0.00282595 -0.000437711 -0.00418763 -0.00752915 -0.0096664 -0.0101756 -0.00894797 -0.00614288 -0.00264462 8.27757e-05 0.00134432 0.00173867 0.00189777 0.00173729 
0.00811563 0.00551464 0.00377329 0.0030456 0.000658557 -0.00576593 -0.0145091 -0.02062 -0.0206459 -0.0154686 -0.00866292 -0.00311107 0.000568785 0.00301822 0.0045025 0.00459662 0.00296061 -0.000135104 -0.00389501 -0.00726144 -0.00922626 -0.00917574 -0.00702003 -0.00325005 0.000874372 0.00388846 0.00558581 0.0071021 0.00885746 0.0095601 
0.0111693 0.00792172 0.0034183 -0.000684828 -0.00505272 -0.0110383 -0.0177155 -0.0220037 -0.0216389 -0.0170889 -0.0107796 -0.00508103 -0.000921306 0.00198037 0.00390754 0.00459567 0.00371391 0.00139764 -0.00169639 -0.00457741 -0.00622877 -0.00600111 -0.0038317 -0.000349042 0.00299365 0.0046675 0.00488071 0.0057502 0.00845362 0.0111833 
0.00953941 0.00813018 0.00385099 -0.000845341 -0.00520276 -0.00991676 -0.0148321 -0.0182692 -0.0185678 -0.015524 -0.0104846 -0.00539027 -0.00145204 0.00131595 0.00328643 0.00442775 0.00444753 0.00328935 0.00133769 -0.000644315 -0.00179787 -0.00160514 -9.14775e-05 0.00214412 0.0037241 0.00312081 0.000753404 -0.000363314 0.00216469 0.00680583 
0.00342983 0.00463302 0.00253974 -0.000245715 -0.00255796 -0.00521011 -0.00878621 -0.0122706 -0.0139446 -0.0128794 -0.00957125 -0.00552352 -0.00205388 0.000534572 0.00253689 0.00403724 0.00480243 0.00466674 0.00379891 0.00272822 0.00208435 0.00216112 0.00281679 0.00356637 0.00325341 0.000393947 -0.00461786 -0.00826324 -0.00700817 -0.00160633 
-0.00610584 -0.00288336 -0.00241421 -0.00236366 -0.00185616 -0.00223553 -0.00465438 -0.00826274 -0.0110382 -0.0115504 -0.00973255 -0.00659243 -0.00332571 -0.000524917 0.00177868 0.0035779 0.00470661 0.00505782 0.00477606 0.00425884 0.00389718 0.0037381 0.00356683 0.0030628 0.00129242 -0.00322276 -0.0102937 -0.0163089 -0.016965 -0.0121187 
-0.016301 -0.0121298 -0.00996997 -0.00790629 -0.00536825 -0.00398195 -0.00519649 -0.00829674 -0.0111944 -0.0122854 -0.0111588 -0.0083535 -0.00485467 -0.00150837 0.00124997 0.00322886 0.00433433 0.00463835 0.00442524 0.00406126 0.00370321 0.00316289 0.00223449 0.000806599 -0.00188298 -0.00734325 -0.015629 -0.0233048 -0.0257634 -0.0221596 
-0.0237849 -0.0196437 -0.0170776 -0.0145221 -0.0113672 -0.00901929 -0.00897983 -0.0108817 -0.0129642 -0.0136902 -0.0124384 -0.00944497 -0.00557282 -0.00181341 0.00117568 0.00311204 0.00397353 0.00399409 0.00360397 0.00315372 0.00258962 0.00155867 -3.89298e-05 -0.00208297 -0.00521512 -0.0109535 -0.0195137 -0.0277787 -0.0312991 -0.0288971 
-0.0270071 -0.0233608 -0.0210527 -0.0188418 -0.0159599 -0.0133266 -0.0122795 -0.0128461 -0.013781 -0.0137352 -0.0120099 -0.00876775 -0.00486302 -0.00125839 0.00145774 0.00307714 0.00364098 0.00343339 0.0028959 0.00229661 0.00143458 -6.82205e-05 -0.00213346 -0.00445923 -0.0076229 -0.0130853 -0.0211039 -0.0289634 -0.0327307 -0.0312092 
-0.026867 -0.0234746 -0.0210428 -0.0188638 -0.0162992 -0.013846 -0.0124518 -0.0122584 -0.0124033 -0.0117703 -0.00975294 -0.00660999 -0.00320341 -0.000320715 0.00169 0.00278821 0.00308332 0.00282455 0.00231913 0.00166992 0.000608903 -0.00113401 -0.00331729 -0.00559809 -0.00854813 -0.013472 -0.0205542 -0.0275228 -0.0311404 -0.0302911 
-0.025667 -0.0220794 -0.0187618 -0.0158141 -0.0131515 -0.0110985 -0.0100759 -0.00994795 -0.00993271 -0.00913133 -0.00716369 -0.00443402 -0.0017578 0.000276739 0.0015232 0.00209029 0.00218469 0.00202851 0.00174072 0.00121721 0.000167753 -0.00152505 -0.00353878 -0.00562544 -0.00836889 -0.0128171 -0.0189989 -0.025091 -0.0285946 -0.0284441 
-0.0255575 -0.0218155 -0.017395 -0.013228 -0.0100369 -0.00825729 -0.0078387 -0.00816855 -0.00832466 -0.0075689 -0.00576685 -0.00342208 -0.00126099 0.000243393 0.000999034 0.00119479 0.00116674 0.00116857 0.00115833 0.000822931 -0.000162647 -0.00179643 -0.00372051 -0.00577769 -0.00849444 -0.012609 -0.0180068 -0.0233362 -0.0268448 -0.0275358 
-0.0264419 -0.0230802 -0.0180909 -0.0129241 -0.00906558 -0.0072278 -0.00706497 -0.00757236 -0.00770509 -0.00686473 -0.00509445 -0.00291525 -0.000960434 0.000318511 0.00078848 0.000692316 0.000516131 0.000575839 0.000694774 0.00035714 -0.000822785 -0.00275368 -0.00500699 -0.00738663 -0.0102247 -0.0139367 -0.0183678 -0.0227121 -0.0259891 -0.0274054 
-0.0251989 -0.0227697 -0.0181298 -0.0127501 -0.00856106 -0.00651042 -0.00610782 -0.00620011 -0.0058401 -0.00465027 -0.00279393 -0.000739115 0.000974422 0.00189949 0.00189521 0.00130868 0.000777323 0.0006414 0.000569472 -0.000139686 -0.00190003 -0.00449599 -0.0073737 -0.0102081 -0.0130482 -0.015975 -0.0188667 -0.0215231 -0.023781 -0.0252729 
-0.0187204 -0.0175797 -0.0142033 -0.00962504 -0.0057923 -0.00372047 -0.00286482 -0.00215097 -0.000971725 0.000694313 0.00256591 0.00426576 0.00536742 0.00549153 0.00460479 0.00322699 0.0021065 0.00152085 0.000954455 -0.000420225 -0.0029427 -0.00618841 -0.0094608 -0.0123631 -0.0147368 -0.0163502 -0.0170673 -0.0172353 -0.0175387 -0.0182657 
-0.00816288 -0.00854563 -0.00702003 -0.00395811 -0.00102838 0.000800867 0.00205322 0.00360813 0.00563517 0.0077357 0.00949451 0.0106203 0.0108101 0.00982935 0.00785293 0.00559084 0.00382353 0.00269038 0.00151325 -0.000556591 -0.00367355 -0.00714444 -0.0101659 -0.0124314 -0.0137924 -0.0137967 -0.0121718 -0.00962539 -0.00764519 -0.00729469 
0.00125124 -0.000764615 -0.00108647 0.000492887 0.00260107 0.0042912 0.00597127 0.00830023 0.0110829 0.0135758 0.0152407 0.015828 0.0151277 0.0130802 0.0101037 0.00706867 0.00472188 0.00305252 0.00130189 -0.00128177 -0.00460844 -0.00775315 -0.0099197 -0.0110623 -0.0112262 -0.00982605 -0.00635599 -0.00170052 0.00196137 0.00286586 
0.00528055 0.00175632 0.000162307 0.000993989 0.00299092 0.00511334 0.00754276 0.0107092 0.0142042 0.0171124 0.0188218 0.0190697 0.0176804 0.0147427 0.010897 0.00714654 0.00420481 0.00196612 -0.000312897 -0.0032052 -0.00638541 -0.00882908 -0.00991626 -0.00994292 -0.00914637 -0.00682105 -0.00226607 0.00347736 0.00767671 0.00814492 
0.00476488 0.000137654 -0.00198873 -0.00112383 0.00144916 0.00455168 0.00806492 0.0121593 0.0163294 0.0196547 0.0215099 0.0215805 0.0196673 0.0159496 0.0112383 0.00666484 0.00296927 4.05865e-05 -0.00278561 -0.00589209 -0.00877982 -0.0104602 -0.010583 -0.00970744 -0.00812021 -0.00504837 0.000148398 0.00613353 0.00983376 0.00907747 
0.00454041 -0.000517354 -0.00277241 -0.00189412 0.000987479 0.00479486 0.0091844 0.0140248 0.0187207 0.0224087 0.0244653 0.0244861 0.0222043 0.0178331 0.0122925 0.0068263 0.00225138 -0.00147536 -0.00490451 -0.00824937 -0.0108943 -0.0119308 -0.0112134 -0.00938147 -0.00668585 -0.00251526 0.00332863 0.00912545 0.0118416 0.00981069 
0.00858928 0.00400447 0.0015182 0.00124162 0.00274959 0.00573069 0.00995424 0.0149704 0.0199657 0.0240373 0.0264812 0.0267387 0.0244441 0.0198082 0.0137952 0.00769904 0.00239223 -0.00207459 -0.00608644 -0.00965142 -0.012041 -0.0124152 -0.0107281 -0.00757427 -0.00323636 0.00243369 0.00894837 0.0143539 0.0161634 0.0136071 
0.0156343 0.0123705 0.00926906 0.00611754 0.00385784 0.00385369 0.00654623 0.0112036 0.0165487 0.0213723 0.0247076 0.025767 0.0240861 0.0198697 0.0140734 0.0079574 0.00238052 -0.00251442 -0.00686545 -0.0103891 -0.0122443 -0.0117112 -0.00885203 -0.00421269 0.00180961 0.00878251 0.015567 0.0202562 0.0213206 0.0191162 
0.0194902 0.017749 0.0136606 0.00655712 -0.000906067 -0.00507748 -0.00438179 0.000210997 0.00666155 0.0130943 0.0180796 0.0205838 0.02011 0.0169106 0.0119362 0.00637553 0.00103337 -0.00385384 -0.00813873 -0.0112487 -0.0123216 -0.0108668 -0.00709327 -0.00147061 0.0055555 0.013082 0.0194412 0.0228703 0.0229013 0.0211118 
0.0151778 0.0142397 0.0088889 -0.00191732 -0.0139461 -0.0213766 -0.0214998 -0.0155892 -0.00671432 0.00229828 0.00949243 0.0137124 0.0145728 0.0124693 0.00839915 0.00350313 -0.00144984 -0.00611833 -0.0101279 -0.0127862 -0.0133969 -0.0117414 -0.00802753 -0.00242706 0.00474544 0.0122026 0.0177011 0.0194652 0.0179258 0.0158065 
0.00527829 0.00394986 -0.00294623 -0.0163838 -0.0309566 -0.0393854 -0.0382932 -0.0294871 -0.0172566 -0.00544028 0.00368562 0.00916215 0.0109122 0.00951481 0.00598924 0.00141419 -0.0034475 -0.008112 -0.0120366 -0.0146006 -0.0154612 -0.0146482 -0.0120959 -0.00736082 -0.000488562 0.00679481 0.0115578 0.0119009 0.00890914 0.0060314 
-0.00107074 -0.00395133 -0.0128391 -0.0280356 -0.043382 -0.0509716 -0.0473774 -0.0352521 -0.0201779 -0.00677374 0.00286305 0.00844858 0.0103922 0.00933501 0.00609865 0.00155382 -0.00355698 -0.00852797 -0.0125674 -0.015126 -0.0162903 -0.0163913 -0.0150545 -0.0111715 -0.00452373 0.00275254 0.00721846 0.00703038 0.0036549 0.000468205 
0.00285073 -0.0027005 -0.0142686 -0.0310392 -0.0464309 -0.0525793 -0.0465721 -0.0321921 -0.016209 -0.00351437 0.00463456 0.0090805 0.0107651 0.010124 0.00744903 0.00318831 -0.00199002 -0.00707651 -0.0108556 -0.0126703 -0.0129677 -0.0125071 -0.0109435 -0.0069177 -0.000125748 0.00715479 0.0115355 0.0115848 0.00883788 0.0057743 
0.013608 0.0044521 -0.0104296 -0.0289269 -0.0441701 -0.0487823 -0.0408838 -0.0256229 -0.0106832 -0.000605626 0.00472938 0.00746344 0.00894055 0.00915869 0.0076851 0.00442949 -6.65555e-05 -0.00449774 -0.00718323 -0.00724484 -0.00532691 -0.00258115 0.000963998 0.006307 0.0135046 0.0204322 0.0243447 0.0244919 0.0222312 0.0187906 
0.0204748 0.00773567 -0.0102752 -0.0302156 -0.0447979 -0.0472962 -0.0372859 -0.0214441 -0.00804025 -0.000799266 0.00190024 0.0032747 0.00485751 0.00620792 0.00628013 0.004522 0.00132294 -0.00186942 -0.00314111 -0.00149468 0.00246263 0.00758656 0.0135649 0.0206549 0.0282345 0.0342909 0.0369446 0.0362002 0.0332487 0.0283969 
0.0170764 0.00230866 -0.0173944 -0.0376887 -0.0506303 -0.0500697 -0.0371882 -0.0201309 -0.00741949 -0.00181489 -0.000520013 0.000249016 0.00201457 0.0041056 0.00520503 0.00451836 0.00228583 -0.000136441 -0.000968709 0.000732099 0.00471172 0.0104917 0.0179747 0.0266421 0.0347028 0.0397536 0.0405751 0.0379775 0.0333647 0.0268517 
0.00935704 -0.00490901 -0.0242115 -0.0433759 -0.0538163 -0.0499694 -0.0344276 -0.0162809 -0.00382614 0.00108566 0.00188454 0.00237091 0.00388061 0.00571744 0.00662591 0.00579123 0.00332634 0.000334647 -0.00175396 -0.00207413 -0.000217861 0.00451158 0.0126677 0.0230048 0.0320753 0.0364527 0.0353976 0.0309011 0.0251874 0.0185884 
0.0096648 -0.00189632 -0.0191474 -0.0360632 -0.0439466 -0.0381665 -0.0222252 -0.00511032 0.00581867 0.00953975 0.00960206 0.00941306 0.00997523 0.010616 0.0102893 0.00828404 0.00462359 0.000159496 -0.00397718 -0.0068768 -0.00737952 -0.00363586 0.00548567 0.0178664 0.0281127 0.0316507 0.0287016 0.0232972 0.018876 0.0153962 
0.0236754 0.0155698 0.000677657 -0.014036 -0.0205801 -0.0156246 -0.00280674 0.0101832 0.0175322 0.0188834 0.0175155 0.0162404 0.0156348 0.0149604 0.013366 0.0103043 0.00577167 0.000447006 -0.00471501 -0.00871432 -0.00986067 -0.00564105 0.00514238 0.0192226 0.0293927 0.0306395 0.0253578 0.0206104 0.0207772 0.0238357 
0.0451831 0.0393954 0.0255337 0.0115611 0.00424391 0.00567461 0.0128793 0.0201301 0.0231455 0.0218568 0.019073 0.017056 0.0159558 0.0148379 0.012967 0.010013 0.00601846 0.00150405 -0.00279418 -0.00593562 -0.00602432 -0.000338387 0.0119698 0.0263968 0.034431 0.0316587 0.0237419 0.0211794 0.0284164 0.0397505 
0.0620315 0.0565153 0.0418789 0.027079 0.0176972 0.0149332 0.0168033 0.0193701 0.0192746 0.0162859 0.012799 0.0108292 0.0102483 0.00982694 0.00880235 0.0070452 0.00469609 0.00208671 -0.00041015 -0.00210382 -0.00104826 0.00560486 0.0183578 0.0317218 0.0364951 0.0294534 0.0195035 0.019904 0.0343106 0.0528881 
0.0667057 0.0607366 0.0453297 0.0300703 0.0195537 0.0142712 0.0130147 0.0131267 0.0116336 0.00790322 0.00410048 0.00238886 0.00264562 0.00332942 0.00343018 0.00287439 0.00192214 0.000755925 -0.000650653 -0.00189697 -0.000950877 0.0052615 0.0170757 0.0284617 0.0301949 0.0203461 0.00991411 0.0132715 0.0328257 0.0558443 
0.0615299 0.0565835 0.0430679 0.0299736 0.0206255 0.0148403 0.0120633 0.0108157 0.00851594 0.00413452 -0.000364734 -0.00248123 -0.00204378 -0.000800883 -0.000167081 -0.00032536 -0.000896818 -0.00177513 -0.00333863 -0.0054292 -0.0058884 -0.00145189 0.00809036 0.0166759 0.0159377 0.00539736 -0.00334384 0.00307829 0.0253824 0.0499341 
0.0526014 0.0499513 0.0412064 0.0328539 0.0261559 0.0204985 0.0163669 0.0137201 0.010563 0.00547407 1.3796e-05 -0.00309253 -0.0032272 -0.00212613 -0.00152542 -0.00172516 -0.00223909 -0.0030797 -0.00506545 -0.00836218 -0.0107799 -0.00901846 -0.00295422 0.00197865 -0.000686098 -0.00971474 -0.0142688 -0.00413453 0.0188721 0.0418102 
0.0432937 0.0407053 0.0358966 0.0317899 0.0272189 0.0215974 0.0166926 0.0135955 0.0105939 0.00579157 0.000210231 -0.00342673 -0.00409401 -0.00326046 -0.00264773 -0.0024781 -0.0021669 -0.00203062 -0.00359532 -0.00758194 -0.0119369 -0.0134026 -0.011668 -0.0107185 -0.0142693 -0.0194269 -0.0173329 -0.00259393 0.0194329 0.0370678 
0.0368949 0.0284275 0.0216082 0.0173478 0.0130404 0.00820483 0.00492606 0.00405291 0.00342799 0.000779786 -0.00324252 -0.00613148 -0.00666593 -0.00585072 -0.0049823 -0.00396312 -0.0021301 -0.000264519 -0.000754692 -0.00495636 -0.0110009 -0.0156533 -0.0181151 -0.0203997 -0.0232705 -0.0226023 -0.0121277 0.00832559 0.0293206 0.0396117 
0.0405513 0.019972 0.00295345 -0.00753222 -0.0134733 -0.0160661 -0.0150705 -0.0114935 -0.0082135 -0.0073957 -0.00853837 -0.00965252 -0.00961199 -0.00884828 -0.00797882 -0.00652577 -0.00380795 -0.000984627 -0.000979507 -0.0054102 -0.0124402 -0.0189099 -0.0236584 -0.0271196 -0.0278668 -0.0209753 -0.00199804 0.0255383 0.0484439 0.0537147 
0.0644467 0.0293082 -0.00373251 -0.0252165 -0.0345796 -0.0349685 -0.0298645 -0.0226441 -0.016301 -0.0124045 -0.0107551 -0.0102968 -0.0101879 -0.0102223 -0.0103226 -0.00980132 -0.00804089 -0.00620971 -0.00698853 -0.0115748 -0.0179975 -0.0234347 -0.0269866 -0.0287828 -0.0267108 -0.0151776 0.0106619 0.0467593 0.0772737 0.0845808 
0.118065 0.0714238 0.0210951 -0.0143529 -0.0305723 -0.0328377 -0.0281556 -0.0212469 -0.0145073 -0.00921776 -0.00618276 -0.00558185 -0.00678403 -0.00887821 -0.0111917 -0.0130175 -0.0138325 -0.0144229 -0.0165436 -0.0205236 -0.0243298 -0.0258532 -0.0251235 -0.023273 -0.0189067 -0.00552033 0.0249083 0.0714727 0.117101 0.136869 
0.203698 0.151547 0.0851167 0.0324792 0.00274405 -0.00960317 -0.0125551 -0.0104978 -0.00549796 -7.3274e-06 0.00315705 0.00258521 -0.000993449 -0.00591616 -0.0109914 -0.0154984 -0.0189522 -0.0216479 -0.0243379 -0.0266179 -0.0266872 -0.0233683 -0.0178102 -0.0125772 -0.00741249 0.00562473 0.0397446 0.0997272 0.168282 0.211275 
0.306365 0.252069 0.170144 0.0969177 0.0469216 0.0171339 0.00146408 -0.00318773 0.000270208 0.00653804 0.0100887 0.00854168 0.00303441 -0.00404977 -0.0110487 -0.0171032 -0.021696 -0.0248266 -0.026691 -0.0266485 -0.0233963 -0.0165968 -0.00813241 -0.0013628 0.00357028 0.0165261 0.0559607 0.132189 0.227508 0.298222 
0.386521 0.328729 0.233408 0.141951 0.0730307 0.0269523 0.000404235 -0.00863238 -0.00459428 0.00410663 0.00948235 0.00848768 0.00273392 -0.00478576 -0.0120062 -0.0178828 -0.0218708 -0.0239218 -0.0241368 -0.0220274 -0.0168277 -0.00873524 0.000235367 0.00697645 0.0120803 0.0271917 0.0737123 0.164296 0.279627 0.369095 
