0.33068 0.289919 0.229418 0.177655 0.139628 0.11083 0.0872551 0.0643863 0.0409534 0.0233287 0.0182436 0.022713 0.0263594 0.0221084 0.0113708 -9.31064e-05 -0.00843168 -0.0131591 -0.014836 -0.0135271 -0.0085791 0.00208118 0.0213393 0.047907 0.0733181 0.0922872 0.117404 0.170512 0.25001 0.317185 
0.297983 0.257879 0.201988 0.153464 0.115466 0.0848516 0.0597859 0.0376614 0.0173898 0.00315741 -0.000413074 0.00387094 0.00710489 0.00314883 -0.00644553 -0.0161035 -0.0222835 -0.0246713 -0.0237421 -0.0197872 -0.0129391 -0.00160888 0.0172495 0.0426313 0.0669395 0.086269 0.112416 0.163316 0.234755 0.291176 
0.22116 0.184548 0.143654 0.110996 0.083015 0.0554772 0.029749 0.00820929 -0.00815144 -0.0175439 -0.0181974 -0.0129109 -0.00899512 -0.0117421 -0.0198012 -0.0280613 -0.0330712 -0.0340736 -0.0311389 -0.0250708 -0.0172899 -0.00695442 0.00933445 0.0314723 0.0533708 0.0723767 0.0978486 0.141084 0.19404 0.227721 
0.13935 0.106944 0.0851633 0.0742068 0.0606632 0.0373148 0.0094505 -0.0137862 -0.0280877 -0.0334674 -0.0311081 -0.0244844 -0.0197823 -0.0213661 -0.0279983 -0.0351728 -0.0394754 -0.0394304 -0.0347461 -0.0270893 -0.0194036 -0.0118144 -0.000618351 0.0158627 0.0343938 0.0538975 0.0804466 0.117465 0.151876 0.161043 
0.0802132 0.0516824 0.0466734 0.0551996 0.0548793 0.0353204 0.0047526 -0.0221176 -0.0375625 -0.0418646 -0.0382301 -0.0313986 -0.0271034 -0.0285249 -0.0340621 -0.0398091 -0.0426794 -0.0408205 -0.0338916 -0.0243874 -0.0163786 -0.0109264 -0.00439822 0.00672092 0.0222272 0.0423121 0.070142 0.102953 0.12353 0.113773 
0.0485372 0.0229257 0.0279525 0.0484569 0.0573619 0.0418182 0.0103286 -0.0199643 -0.0386021 -0.0445899 -0.041652 -0.0356066 -0.0322339 -0.033776 -0.0381702 -0.0420174 -0.0427611 -0.0386113 -0.0293122 -0.0176244 -0.00798009 -0.00233852 0.00209046 0.00976708 0.0227078 0.0418734 0.0685968 0.0970295 0.10852 0.0880413 
0.0347479 0.00989058 0.0163163 0.0401105 0.0543873 0.0440949 0.0150652 -0.0161634 -0.0375855 -0.0462509 -0.0448233 -0.0390362 -0.0349124 -0.0348949 -0.0372834 -0.0392147 -0.038504 -0.0333583 -0.0230927 -0.00975642 0.00237438 0.00991578 0.0135684 0.0176692 0.0263818 0.0421893 0.0657103 0.09 0.0972449 0.0743998 
0.0280817 0.000808206 0.00109828 0.021408 0.0381956 0.0342106 0.0110562 -0.0173056 -0.0389083 -0.0491828 -0.0486504 -0.0415827 -0.0341111 -0.030099 -0.0294057 -0.0300084 -0.0298459 -0.026575 -0.0180657 -0.00467156 0.00956324 0.0190585 0.0213805 0.0200896 0.0221777 0.033209 0.0538257 0.0761648 0.0838382 0.0647065 
0.0257665 -0.005513 -0.0149644 -0.00229145 0.0137918 0.0152156 -6.05131e-05 -0.0217024 -0.039719 -0.0492246 -0.0486527 -0.039995 -0.0287497 -0.0202495 -0.0165236 -0.0169055 -0.0194738 -0.0207902 -0.0165183 -0.00493064 0.0100782 0.0207735 0.0218111 0.0157589 0.0120625 0.0194609 0.0387437 0.0610496 0.0714887 0.0584243 
0.032836 0.000530724 -0.0172071 -0.0141558 -0.00311759 0.000209499 -0.00768178 -0.0204164 -0.0319159 -0.0390071 -0.0390822 -0.0314264 -0.0194976 -0.00891427 -0.00365566 -0.00484685 -0.010999 -0.0175363 -0.0180932 -0.00930385 0.00523304 0.0168466 0.0186526 0.011997 0.00662869 0.0125095 0.0306332 0.0524443 0.065541 0.0593442 
0.0512218 0.0247674 0.00389571 -0.00239028 -7.28354e-05 0.000752672 -0.00260413 -0.00737679 -0.0124908 -0.0180683 -0.0213541 -0.0186044 -0.0101231 -0.000668853 0.00445073 0.00235949 -0.00616356 -0.0160509 -0.0200387 -0.0139306 -0.000453364 0.0124029 0.0173914 0.0139968 0.00980158 0.0140756 0.0289415 0.0485381 0.0641676 0.066767 
0.0701971 0.0560462 0.0384764 0.0262865 0.0198977 0.01596 0.0137236 0.0132272 0.0111255 0.00428987 -0.0042748 -0.00804736 -0.00459462 0.00225247 0.00653185 0.00431457 -0.00432205 -0.0148062 -0.0203497 -0.0164582 -0.00426177 0.00990723 0.0186519 0.0189424 0.0150914 0.0153219 0.0242458 0.0402906 0.0584661 0.0710773 
0.0727415 0.0729448 0.0643269 0.0528884 0.0426601 0.0353474 0.0320929 0.0316717 0.0285663 0.0186308 0.0056342 -0.00246392 -0.00235653 0.00234427 0.00573081 0.00392758 -0.00334282 -0.0126786 -0.018615 -0.0165693 -0.0058528 0.00890013 0.0200121 0.0220582 0.0164264 0.0106589 0.0121508 0.0232461 0.0415589 0.0608277 
0.0529074 0.0640737 0.066717 0.0626905 0.0555169 0.0485163 0.0441192 0.0415588 0.0358157 0.0237317 0.00972741 0.0012861 0.000737045 0.00418863 0.00647311 0.00473782 -0.00112343 -0.00886816 -0.0145262 -0.0137441 -0.00458321 0.00960548 0.0211434 0.0231103 0.014795 0.00306649 -0.00287579 0.00171611 0.015879 0.0350531 
0.0222928 0.0375582 0.0484383 0.053719 0.053895 0.0508577 0.0471961 0.0432543 0.0360132 0.024241 0.0123928 0.00619135 0.0063801 0.00894525 0.00982768 0.00752454 0.00246874 -0.00381284 -0.00864377 -0.00834394 -0.000557958 0.0122678 0.0229316 0.0239911 0.0134011 -0.00280335 -0.0147608 -0.0165998 -0.00869469 0.00559009 
-0.0021488 0.0105885 0.0230336 0.0338098 0.0411084 0.0442376 0.0441966 0.0412313 0.0341798 0.0239129 0.0147355 0.010612 0.0112438 0.0129403 0.0126078 0.00969013 0.00507618 -7.87864e-05 -0.00404769 -0.00388609 0.00279528 0.0141506 0.0235658 0.0237553 0.0121934 -0.00583456 -0.0207003 -0.0263088 -0.0229962 -0.0139769 
-0.0114512 -0.00448545 0.00363063 0.0138436 0.0247451 0.0338778 0.0392353 0.0389871 0.0326686 0.0230182 0.014683 0.0108223 0.0109351 0.0118733 0.0110532 0.00813884 0.00399223 -0.000574194 -0.00434277 -0.00462151 0.00112835 0.0113231 0.0196666 0.0194957 0.00876928 -0.0076971 -0.0213644 -0.0268228 -0.0246639 -0.0184933 
-0.00555621 -0.00371197 -0.00232985 0.00244656 0.0119743 0.0240283 0.0338402 0.03652 0.0308881 0.0206628 0.0112736 0.00616873 0.00521115 0.00569571 0.00516331 0.00295157 -0.000621757 -0.00517459 -0.00956432 -0.0108323 -0.00613456 0.0030405 0.0105929 0.0106825 0.00224153 -0.0101339 -0.0194078 -0.0213964 -0.0170435 -0.0104204 
0.0108884 0.00989553 0.00485143 0.00171006 0.00541652 0.015906 0.0273736 0.0323353 0.0278058 0.0171461 0.00644145 5.39728e-05 -0.00157899 -0.000965732 -0.000681366 -0.0019188 -0.00507475 -0.0101049 -0.0156663 -0.0184665 -0.0154288 -0.00767581 -0.000701852 0.00031358 -0.00523279 -0.0129973 -0.0169759 -0.0138017 -0.00477388 0.00523297 
0.0301495 0.0272604 0.0166659 0.00552269 0.00171069 0.00803523 0.0192718 0.0262493 0.0236598 0.0135977 0.0025534 -0.00401391 -0.00511223 -0.00338061 -0.00184005 -0.00226817 -0.00551145 -0.0114783 -0.0184808 -0.0231721 -0.0224645 -0.0166591 -0.0100555 -0.00758415 -0.0104814 -0.0148926 -0.0147701 -0.00648597 0.00820906 0.0227738 
0.0440226 0.0379119 0.0222935 0.00507568 -0.00455971 -0.00167986 0.00966591 0.0192127 0.0192806 0.0105701 5.66572e-05 -0.0056375 -0.00504382 -0.00122976 0.00195051 0.00208872 -0.00170202 -0.00882297 -0.0171254 -0.0234597 -0.0249621 -0.0209968 -0.0145494 -0.0107528 -0.0122101 -0.0154835 -0.0133284 -0.000984349 0.0188339 0.0368109 
0.0492788 0.0385347 0.0190154 -0.00113558 -0.0133829 -0.0120411 0.000114814 0.0123982 0.0152252 0.00812361 -0.0014951 -0.0060506 -0.00365268 0.00225849 0.00699444 0.00758761 0.00332799 -0.00451226 -0.0133378 -0.0203238 -0.0230237 -0.0201811 -0.0138419 -0.00954588 -0.0111827 -0.0152684 -0.0126792 0.00255433 0.0259699 0.0449325 
0.0508177 0.0368343 0.0162971 -0.00352328 -0.0161722 -0.0161438 -0.00461662 0.00856585 0.0131111 0.00759922 -0.000916444 -0.00476482 -0.00173211 0.00491978 0.0102637 0.011081 0.00685307 -0.000697275 -0.00883481 -0.0152235 -0.0179706 -0.0156025 -0.00956556 -0.0055082 -0.00794716 -0.0130887 -0.0103179 0.00682559 0.0319023 0.049898 
0.0566111 0.0434595 0.0258443 0.00887485 -0.00354797 -0.00639387 0.00111485 0.0115169 0.0155494 0.0111492 0.00378904 -2.8638e-05 0.0020087 0.00744001 0.0118782 0.0123281 0.008515 0.002268 -0.00404664 -0.00885524 -0.0109126 -0.00878761 -0.00338081 0.000287157 -0.0020188 -0.00643675 -0.00239744 0.015839 0.0406412 0.056987 
0.0671828 0.0583696 0.0464819 0.033915 0.022218 0.0155955 0.0164881 0.0208183 0.0219582 0.0177298 0.0113347 0.00728853 0.00764378 0.0108077 0.0133028 0.0128054 0.0095093 0.00517344 0.00137781 -0.00132159 -0.0023862 -0.000588475 0.00374337 0.00698978 0.00612469 0.00466506 0.0112295 0.0295921 0.0521935 0.0665624 
0.0726615 0.0687081 0.0628911 0.0553646 0.0457335 0.0367021 0.0313562 0.0289648 0.0262814 0.0216279 0.0162478 0.0127038 0.012381 0.0139954 0.0148062 0.0133861 0.0106372 0.00828859 0.00703878 0.00637827 0.00615759 0.00730375 0.00998239 0.012323 0.0130203 0.0149898 0.0237989 0.0407237 0.059258 0.0707917 
0.0625563 0.0615489 0.0601093 0.057218 0.051059 0.0423738 0.0337735 0.0269119 0.0215825 0.0170131 0.0133619 0.0117677 0.0126848 0.0145457 0.0149833 0.0133382 0.011173 0.010286 0.0107786 0.0113864 0.0114474 0.0115648 0.0121858 0.0128746 0.013766 0.0171164 0.0258101 0.0393573 0.0527415 0.0607104 
0.0364079 0.0356553 0.0358735 0.0361225 0.033903 0.028094 0.0200286 0.0123159 0.00673629 0.00349263 0.00242633 0.00380078 0.00723614 0.0108008 0.0122851 0.0113599 0.00980833 0.00947766 0.01039 0.0111948 0.0110747 0.0102484 0.00899857 0.00749413 0.00656256 0.00804345 0.0136103 0.022519 0.0311573 0.0358796 
0.00353222 0.000691578 -0.000193628 0.00120095 0.00250815 0.00113501 -0.00332902 -0.0086676 -0.0123189 -0.0133344 -0.0117734 -0.00776016 -0.00202836 0.00350159 0.00674728 0.0072378 0.00642288 0.00602109 0.0063801 0.00674172 0.00652113 0.00540962 0.00292315 -0.00102462 -0.00541756 -0.00823164 -0.00746298 -0.00297917 0.00247232 0.00504156 
-0.0255287 -0.0316262 -0.0352213 -0.0340776 -0.0299142 -0.0264413 -0.025866 -0.0270889 -0.0276917 -0.0264401 -0.0231932 -0.0179888 -0.0113051 -0.0046302 0.0001445 0.00220801 0.00238743 0.00205813 0.00188575 0.00186353 0.00177696 0.000779829 -0.00257871 -0.00893647 -0.0171208 -0.0244501 -0.0279856 -0.0266543 -0.0229669 -0.0217533 
-0.0454485 -0.0543968 -0.0605122 -0.0599117 -0.0535925 -0.0460355 -0.0408314 -0.0379435 -0.0355047 -0.0324806 -0.0286631 -0.023712 -0.017464 -0.0107735 -0.00525104 -0.00193457 -0.000537266 -0.000114864 -2.76585e-05 -1.09514e-05 -0.000147509 -0.00154676 -0.00604194 -0.0143381 -0.0249357 -0.0347456 -0.0405968 -0.041264 -0.0391941 -0.0395398 
-0.0560794 -0.0663043 -0.0735842 -0.073308 -0.0658239 -0.0558332 -0.0476276 -0.0418135 -0.0370568 -0.0327633 -0.0288717 -0.0247234 -0.0195207 -0.0135065 -0.00794788 -0.00389681 -0.00133348 0.000362148 0.00148889 0.00192263 0.00130856 -0.00135188 -0.00736489 -0.0167458 -0.0275803 -0.0371427 -0.0433211 -0.0456178 -0.0460344 -0.0486264 
-0.059737 -0.0692682 -0.0762197 -0.076184 -0.068806 -0.0582286 -0.0487376 -0.0413036 -0.0350658 -0.0298487 -0.025826 -0.0222693 -0.0180214 -0.0128582 -0.00769128 -0.00344432 -0.000127814 0.00274857 0.00508042 0.00601553 0.00469297 0.000471455 -0.00690623 -0.0164787 -0.0261026 -0.0339901 -0.03973 -0.0437852 -0.0472112 -0.0519859 
-0.0592619 -0.0664225 -0.0718605 -0.0719527 -0.0655645 -0.0555836 -0.0457591 -0.0374504 -0.0304046 -0.0247207 -0.020622 -0.0174229 -0.0139208 -0.00964486 -0.00518153 -0.00124343 0.00224301 0.00575006 0.00886882 0.0100808 0.00806879 0.00263863 -0.00542855 -0.014514 -0.0226978 -0.0292269 -0.0349844 -0.0408997 -0.0468578 -0.0527506 
-0.0566501 -0.0605203 -0.06352 -0.0631591 -0.0577035 -0.0485496 -0.0386889 -0.0299842 -0.022903 -0.0175786 -0.0139124 -0.0111749 -0.00836538 -0.00504958 -0.00156556 0.00167247 0.00488955 0.00854907 0.0120285 0.013349 0.0108669 0.00475341 -0.00341821 -0.0117334 -0.0188003 -0.0247295 -0.0310235 -0.0385662 -0.0462161 -0.0522603 
-0.0527168 -0.0531324 -0.0528994 -0.0510284 -0.0457281 -0.0372249 -0.0277602 -0.0195003 -0.0133673 -0.00928915 -0.00666809 -0.00466782 -0.00260473 -0.000298947 0.00204153 0.00435522 0.00711163 0.010793 0.0146087 0.0162293 0.0136572 0.00715038 -0.0011507 -0.00894159 -0.0151004 -0.0203693 -0.0267361 -0.0351875 -0.0440136 -0.0502141 
-0.0482752 -0.0455434 -0.0415128 -0.0370341 -0.0310016 -0.0231269 -0.0149171 -0.00817652 -0.00366674 -0.00111799 0.000232933 0.00122112 0.00235124 0.00361015 0.00480501 0.00612065 0.00829912 0.0119347 0.0161503 0.0183129 0.015964 0.00913933 0.000373075 -0.00734158 -0.012621 -0.016581 -0.0219065 -0.0302489 -0.039934 -0.0468274 
-0.0441341 -0.0391682 -0.0316803 -0.0242961 -0.0171766 -0.0101209 -0.00384755 0.000897355 0.00399942 0.00560112 0.00596802 0.00574669 0.00564616 0.00583321 0.00606888 0.00646674 0.00786262 0.0110394 0.0152398 0.0177475 0.0157607 0.00896914 -2.3822e-06 -0.00766194 -0.012229 -0.0148158 -0.018506 -0.0257333 -0.0354388 -0.0429738 
-0.0395263 -0.0342505 -0.0252795 -0.0162673 -0.00867249 -0.00262843 0.00187527 0.00523284 0.00791617 0.00957426 0.0095283 0.00813498 0.006668 0.0058832 0.00549281 0.00517285 0.00552878 0.00751304 0.0107757 0.0130116 0.011553 0.00580401 -0.00212236 -0.00914179 -0.0134599 -0.0155857 -0.0178905 -0.0229589 -0.0309048 -0.0380119 
-0.03276 -0.0295756 -0.022107 -0.0138506 -0.00694174 -0.00178417 0.00194742 0.0051401 0.0084027 0.0108282 0.0108836 0.00866133 0.00604653 0.00450644 0.00373893 0.00282886 0.00192641 0.00205092 0.00345584 0.0047949 0.00414614 0.000728668 -0.00457665 -0.0101605 -0.0146671 -0.0173783 -0.0187337 -0.0206587 -0.0249085 -0.0302788 
-0.0240381 -0.0243751 -0.0204556 -0.0146938 -0.0090842 -0.00420909 -5.70759e-05 0.00397174 0.0082821 0.0116405 0.0120439 0.00937925 0.00590313 0.00364454 0.00238567 0.000776058 -0.00148804 -0.00344946 -0.00427508 -0.00411159 -0.00380581 -0.00425752 -0.0061464 -0.00980049 -0.0145131 -0.0181468 -0.0187436 -0.017195 -0.0170384 -0.0202037 
-0.015675 -0.0194162 -0.018881 -0.0153769 -0.0105552 -0.00517882 0.00020105 0.00561243 0.0111342 0.0153266 0.0159472 0.0127325 0.0081377 0.00466484 0.00238966 -0.000163815 -0.00363492 -0.00724903 -0.00983479 -0.0106124 -0.00954693 -0.00757247 -0.0065256 -0.00827949 -0.0128101 -0.0169876 -0.016852 -0.0123626 -0.00862869 -0.0102713 
-0.00814939 -0.014517 -0.0158417 -0.0131126 -0.00823054 -0.00199754 0.00495064 0.0121735 0.0191235 0.023897 0.0240506 0.0193855 0.0127253 0.00716677 0.0032677 -0.000355925 -0.00455716 -0.00879475 -0.011916 -0.0129015 -0.0114014 -0.00821021 -0.00540531 -0.00553506 -0.00924444 -0.0132037 -0.0122609 -0.00565626 0.000339563 -0.0008875 
0.00217135 -0.0061697 -0.00852943 -0.00630351 -0.00195393 0.00439751 0.0128399 0.0222851 0.0307737 0.0355235 0.0341365 0.0270094 0.0176662 0.00977061 0.00421623 -0.000282932 -0.00462027 -0.008383 -0.0107404 -0.0111399 -0.00942859 -0.00602556 -0.00238975 -0.000915313 -0.00283962 -0.00547627 -0.00342928 0.00472115 0.012253 0.0111146 
0.018146 0.00861338 0.00456003 0.00412284 0.00517981 0.00961088 0.0188379 0.0304853 0.0401797 0.0440692 0.0404783 0.0310857 0.0201109 0.0111778 0.00493677 0.000103308 -0.00397882 -0.00679694 -0.00794443 -0.00762298 -0.00598489 -0.00287835 0.00128246 0.00479832 0.005984 0.00608813 0.0096845 0.0189023 0.0277207 0.0274342 
0.0357674 0.0264491 0.0202165 0.0147661 0.00949395 0.00947441 0.0179879 0.0310666 0.0413233 0.0438804 0.0385085 0.0285661 0.0184234 0.0106805 0.00514565 0.000547361 -0.00325293 -0.00544238 -0.00590597 -0.00538439 -0.00414643 -0.00147985 0.0032488 0.00931311 0.014718 0.0186244 0.0237962 0.0330625 0.0423665 0.0435666 
0.0462862 0.0389979 0.0321182 0.0221325 0.00973956 0.00355318 0.00961857 0.023132 0.0337501 0.0354736 0.0296473 0.0211469 0.0138175 0.00863917 0.00449481 0.000315464 -0.00341746 -0.00553762 -0.0059513 -0.00553744 -0.00462678 -0.00232796 0.00273855 0.0109305 0.0201904 0.0275202 0.0334402 0.0412655 0.0494998 0.051642 
0.0441487 0.0401579 0.0352028 0.0234629 0.00559929 -0.00668903 -0.00371735 0.0101161 0.0219329 0.0242409 0.0194028 0.013322 0.00907258 0.00621548 0.00315372 -0.000767526 -0.00458728 -0.00688793 -0.00736351 -0.00679627 -0.00584723 -0.0040839 0.000163823 0.00836909 0.0189803 0.0277047 0.03323 0.0388825 0.0451189 0.0472437 
0.0322947 0.0313584 0.0288455 0.016938 -0.00401057 -0.0200899 -0.0186087 -0.00328908 0.0109841 0.0151349 0.0119615 0.00804252 0.00594462 0.0044166 0.00182653 -0.0020259 -0.0059289 -0.00835403 -0.00871086 -0.0077246 -0.00675791 -0.00630393 -0.00468007 0.000765264 0.00963651 0.0175774 0.022308 0.0266129 0.0315474 0.0335935 
0.0208569 0.0211571 0.0183376 0.00496218 -0.0171917 -0.033203 -0.0300726 -0.0120018 0.00488251 0.010712 0.00866223 0.00585789 0.0047365 0.00368835 0.00113461 -0.00281392 -0.00682569 -0.00931731 -0.00947159 -0.00809642 -0.00739262 -0.00880359 -0.0105827 -0.00884893 -0.00269199 0.00398879 0.00853213 0.0129309 0.0179233 0.0206246 
0.019125 0.0185344 0.0121121 -0.00459048 -0.0267118 -0.0397819 -0.0333851 -0.013305 0.00435388 0.0103779 0.00846142 0.00584804 0.00483345 0.00366565 0.000827025 -0.00337061 -0.00751902 -0.0100265 -0.00995602 -0.00816874 -0.00742929 -0.00987328 -0.013669 -0.0139351 -0.00890468 -0.00234891 0.00280635 0.00800384 0.0137388 0.017654 
0.0272165 0.0247112 0.014107 -0.00547136 -0.0267916 -0.0371884 -0.0296482 -0.0110066 0.00436631 0.00924327 0.0075601 0.00550777 0.00456013 0.00293737 -0.000463888 -0.00493497 -0.00898371 -0.0111747 -0.0106554 -0.00823729 -0.00678689 -0.00880287 -0.0125378 -0.0125911 -0.00682022 0.000788653 0.007004 0.0131005 0.0197605 0.0250054 
0.0372033 0.0325072 0.0193057 -0.000755566 -0.0205248 -0.0301536 -0.0251354 -0.0117447 -0.00107499 0.00241587 0.00238889 0.00262438 0.00271649 0.000748042 -0.003464 -0.00831762 -0.0120259 -0.0134094 -0.0120176 -0.00887812 -0.00686242 -0.00845781 -0.0118518 -0.0112746 -0.00420952 0.00515399 0.0130007 0.0204082 0.0284359 0.0350183 
0.0421352 0.0343146 0.0193731 0.000889629 -0.0159085 -0.0248462 -0.0234149 -0.0163925 -0.0108922 -0.00830176 -0.00531911 -0.00106976 0.00142721 -0.000345649 -0.00559343 -0.0114417 -0.0153565 -0.0161002 -0.0137257 -0.0100475 -0.00840435 -0.0110384 -0.0155119 -0.0152769 -0.00701131 0.00491237 0.0152488 0.0243113 0.0337692 0.0412484 
0.0423104 0.0299747 0.0126797 -0.00367821 -0.0160054 -0.0223785 -0.0227241 -0.0204536 -0.0188392 -0.0163692 -0.00989678 -0.000998889 0.004785 0.00394237 -0.00226964 -0.00995374 -0.0155414 -0.0170207 -0.0143954 -0.0103574 -0.009164 -0.0129964 -0.0187083 -0.0188788 -0.00916492 0.00582122 0.0186059 0.0282158 0.0374848 0.0442881 
0.0444211 0.0274724 0.0069299 -0.00870706 -0.0174603 -0.0211433 -0.0221006 -0.022573 -0.0226735 -0.0189795 -0.00889538 0.00416899 0.0131217 0.0137892 0.0072747 -0.00244623 -0.0110791 -0.0151978 -0.013699 -0.00932838 -0.00702218 -0.00931328 -0.0132664 -0.0117166 -8.12804e-05 0.0168555 0.0300275 0.0377855 0.0446994 0.0495304 
0.0567219 0.0368471 0.011879 -0.00699786 -0.0170122 -0.0217001 -0.0246156 -0.0267506 -0.0262497 -0.0195886 -0.00586838 0.0100679 0.0210557 0.0233025 0.0174605 0.00650104 -0.00534816 -0.0132396 -0.0142068 -0.00981579 -0.00468364 -0.00179173 0.000355683 0.00683462 0.0207862 0.0372697 0.0478429 0.0523519 0.0574516 0.0622785 
0.0816227 0.0613497 0.0307562 0.00392389 -0.0134718 -0.0241629 -0.0314467 -0.0352212 -0.0330075 -0.0227583 -0.00615368 0.0109051 0.0224123 0.0258783 0.0215295 0.0107592 -0.00309864 -0.0145627 -0.0189409 -0.0156719 -0.00772614 0.00192297 0.0127707 0.0266571 0.0437282 0.0583899 0.0648111 0.0668035 0.0734364 0.0830092 
0.108276 0.0913479 0.0575316 0.02273 -0.00405478 -0.0231893 -0.0366606 -0.0434705 -0.0411614 -0.0293803 -0.0120599 0.00436009 0.0153327 0.0197183 0.0174358 0.00837513 -0.0055848 -0.0194813 -0.0276552 -0.0270222 -0.0178488 -0.00240943 0.0170038 0.0389692 0.0600036 0.0730676 0.0752407 0.0752493 0.084964 0.101899 
0.116682 0.108683 0.0802271 0.0453668 0.0139533 -0.0119145 -0.0319348 -0.0438644 -0.045068 -0.0359093 -0.0210984 -0.00691064 0.00298794 0.0080187 0.00785887 0.0013927 -0.011042 -0.0257699 -0.0369359 -0.0392289 -0.0300523 -0.0106259 0.0152966 0.0432955 0.0665449 0.0767258 0.0734927 0.0696547 0.0796118 0.10161 
0.0957682 0.100876 0.087355 0.0633137 0.0357729 0.00831 -0.015978 -0.0332609 -0.0404266 -0.0373442 -0.0277056 -0.016885 -0.00852917 -0.0036803 -0.00283275 -0.0072723 -0.0175312 -0.0311836 -0.0428454 -0.0461478 -0.0365954 -0.014544 0.0148584 0.0441409 0.0639114 0.0663531 0.0546163 0.0444418 0.0510263 0.0737468 
0.0552931 0.0711949 0.0742185 0.0659962 0.0488867 0.0262374 0.00277012 -0.0167682 -0.0288493 -0.0320494 -0.0278538 -0.0203123 -0.0137236 -0.0103327 -0.0105991 -0.0148348 -0.0231463 -0.0338623 -0.0428682 -0.0444356 -0.0335777 -0.0100615 0.0198304 0.0456886 0.0562781 0.0460957 0.0234 0.00664631 0.00955097 0.0304075 
0.0184419 0.0362197 0.047275 0.0507538 0.0453958 0.032336 0.0152444 -0.00177556 -0.0151671 -0.0220297 -0.0213646 -0.0158518 -0.0107077 -0.00961553 -0.0126987 -0.0183498 -0.025226 -0.032131 -0.0369429 -0.0357826 -0.0240369 -0.000742832 0.0277371 0.0491653 0.050783 0.0289103 -0.00336318 -0.0244814 -0.0228791 -0.00413355 
0.00836791 0.0180743 0.0249816 0.031273 0.034457 0.0320141 0.0240749 0.0125436 0.000443488 -0.00795216 -0.00923051 -0.00479225 -0.000700589 -0.00188289 -0.00800098 -0.015517 -0.021672 -0.0257509 -0.0275505 -0.0250339 -0.014172 0.00695569 0.0335238 0.0536111 0.0530874 0.0274197 -0.00832587 -0.0296706 -0.0260521 -0.00805996 
0.0404549 0.0365377 0.0306499 0.031612 0.0375458 0.0421142 0.041102 0.0334684 0.0213947 0.010741 0.00739153 0.0108704 0.0141696 0.0113524 0.00301252 -0.00623742 -0.0129577 -0.0167011 -0.0181179 -0.016149 -0.00749119 0.0104196 0.035411 0.0579699 0.0631878 0.0436028 0.0133056 -0.00145784 0.00955016 0.0304657 
0.115469 0.0977609 0.0756638 0.0654016 0.0664723 0.0700667 0.0690206 0.0599179 0.0442522 0.0296607 0.0241476 0.0272385 0.0304659 0.0269172 0.0171747 0.00617363 -0.00242882 -0.00797736 -0.0108926 -0.010381 -0.00404909 0.0107129 0.0343089 0.0604706 0.0747621 0.0674235 0.050834 0.0514696 0.078032 0.108378 
0.21361 0.184673 0.145902 0.120124 0.108611 0.10238 0.0939713 0.0789435 0.058139 0.0401544 0.0338256 0.0376863 0.0416168 0.0379348 0.0272705 0.01481 0.00444689 -0.00282611 -0.00710135 -0.00779377 -0.00330574 0.00880201 0.0305957 0.0585405 0.0800754 0.0856349 0.0869396 0.109487 0.158592 0.204639 
0.297894 0.260967 0.207667 0.165635 0.138369 0.118776 0.100946 0.0802047 0.0563392 0.0373795 0.0315264 0.0361957 0.0404554 0.0365522 0.0254625 0.0127566 0.00247996 -0.00445449 -0.0083164 -0.00888646 -0.0050618 0.00547314 0.0254596 0.0529903 0.0779263 0.0928123 0.109801 0.152839 0.223333 0.28504 
