0.604119 0.533166 0.34331 0.161039 0.051994 0.00857067 0.00206908 0.00948022 0.0163543 0.016001 0.00936723 0.00116447 -0.00576881 -0.0113325 -0.015912 -0.0187492 -0.018057 -0.0133242 -0.00727605 -0.00380449 -0.00328997 -0.00177975 0.00303195 0.00712341 0.00702001 0.0113006 0.0429581 0.133681 0.30129 0.498667 
0.474494 0.406262 0.251141 0.108745 0.0268446 -0.00387442 -0.00605478 0.00344575 0.0128485 0.0155133 0.0117881 0.00537607 -0.00173593 -0.00898299 -0.0155294 -0.0198827 -0.0200071 -0.0152879 -0.00848277 -0.00338972 -0.000321992 0.00398552 0.0107615 0.0154744 0.0146343 0.0169886 0.044188 0.12098 0.25541 0.404619 
0.270977 0.216674 0.121696 0.0422212 -0.00151819 -0.0186098 -0.0193693 -0.00999666 0.00198144 0.00948449 0.0106854 0.0070511 -9.87411e-05 -0.00886476 -0.0167989 -0.021852 -0.0221929 -0.0174911 -0.0103604 -0.00376437 0.00257713 0.0109501 0.0209149 0.0273107 0.0262258 0.0243298 0.0388629 0.0864055 0.166518 0.246248 
0.108161 0.0721193 0.0298821 0.00218272 -0.0130235 -0.0235665 -0.027952 -0.0221594 -0.00951913 0.0023018 0.00849134 0.00735882 -0.000374631 -0.0106936 -0.0191732 -0.0236643 -0.0233386 -0.0186196 -0.0118445 -0.00466647 0.00413949 0.015958 0.028723 0.0368078 0.0355931 0.0284592 0.0280842 0.0469873 0.082579 0.111621 
0.0224999 0.00667121 -0.00146638 -0.00128007 -0.004896 -0.0167048 -0.0271225 -0.0259672 -0.0142141 -3.60429e-05 0.00937675 0.00947259 0.000394644 -0.0117317 -0.0205502 -0.0240979 -0.0228968 -0.0181789 -0.0118918 -0.0045251 0.00573234 0.0194025 0.0333647 0.0419058 0.0394312 0.02615 0.0122053 0.0106294 0.0218774 0.0301338 
-0.00520148 -0.00261529 0.00703209 0.0160762 0.012183 -0.00419008 -0.0194166 -0.0214009 -0.0106343 0.00425786 0.0146787 0.0144494 0.00360594 -0.0102176 -0.0195128 -0.0227076 -0.0212854 -0.0167296 -0.0104482 -0.00240443 0.00878881 0.0224099 0.034805 0.0409621 0.0352709 0.0165078 -0.00589923 -0.0175887 -0.014561 -0.00740358 
-0.00223759 0.0111513 0.0266497 0.0356588 0.0291527 0.0104459 -0.00645972 -0.00990485 -0.000389874 0.0133763 0.0222625 0.0199926 0.00737532 -0.00726559 -0.0166653 -0.0200327 -0.019144 -0.0150298 -0.00852241 0.000342048 0.0118427 0.0236279 0.0314221 0.031713 0.0213077 0.000313579 -0.0221876 -0.0330773 -0.0279876 -0.0148924 
0.0111694 0.0252887 0.0386517 0.0458704 0.040343 0.0243828 0.00946786 0.00584474 0.0133157 0.0238681 0.0289039 0.0234541 0.00967029 -0.00446653 -0.0132426 -0.0168105 -0.0167108 -0.01332 -0.00707583 0.00183629 0.0128142 0.0219225 0.0238595 0.0169375 0.00224447 -0.0171787 -0.0330957 -0.0358325 -0.023791 -0.00527265 
0.0211685 0.0291764 0.0362587 0.0412075 0.0389801 0.0294225 0.020062 0.0184848 0.0244484 0.0313497 0.0322573 0.0242719 0.0106016 -0.00209483 -0.00999646 -0.013635 -0.0140401 -0.0113874 -0.00605111 0.00194539 0.0117494 0.018297 0.0154202 0.00340536 -0.0123851 -0.0268796 -0.0340716 -0.0283377 -0.0112467 0.00792916 
0.0242185 0.024701 0.0250313 0.0263141 0.0256967 0.02259 0.0207523 0.0233509 0.0290042 0.0331981 0.0316704 0.0232746 0.011035 -0.00021962 -0.00774747 -0.0114729 -0.0119413 -0.00982425 -0.0057452 0.000753232 0.00915848 0.0140166 0.00893052 -0.00395427 -0.0161639 -0.0226186 -0.0215028 -0.0114666 0.00443736 0.0181911 
0.0260219 0.0207521 0.0163357 0.0135131 0.0120339 0.0133982 0.0185504 0.0251732 0.0300322 0.0315596 0.0288878 0.0215919 0.0111375 0.000659879 -0.00711575 -0.011008 -0.0113484 -0.00966603 -0.00693138 -0.00198909 0.00561354 0.0108883 0.00738789 -0.00216073 -0.00805179 -0.00620436 0.0010987 0.0117582 0.0225059 0.027892 
0.0287194 0.0197175 0.0130077 0.00761812 0.00509946 0.00957102 0.0201115 0.0294476 0.0326263 0.0311759 0.0273651 0.0207317 0.011141 0.000831794 -0.00718424 -0.0110919 -0.0112936 -0.00996097 -0.00829456 -0.00448873 0.00323484 0.0110323 0.0122882 0.00844007 0.00805927 0.0143163 0.0236738 0.0329979 0.0388582 0.0370747 
0.0278872 0.0165409 0.00898704 0.00310159 0.000997326 0.0079331 0.0218865 0.0330109 0.0355313 0.0325377 0.0277082 0.0206299 0.0109878 0.0010022 -0.00653417 -0.0100432 -0.0100409 -0.00877412 -0.00750553 -0.00426132 0.00358188 0.0134747 0.0191571 0.0203794 0.0232247 0.0299927 0.0379818 0.0447649 0.0469086 0.0404708 
0.0238273 0.0111018 0.00236803 -0.00344949 -0.00421162 0.00398655 0.018199 0.0294047 0.03271 0.0305794 0.0258749 0.0186785 0.00969214 0.00113395 -0.00514551 -0.00816383 -0.00816187 -0.00681937 -0.00531359 -0.0022187 0.00472839 0.0138516 0.0203776 0.0238731 0.0284514 0.0351942 0.0415709 0.0457496 0.0454171 0.0374827 
0.0240305 0.0107692 -0.00118422 -0.00889394 -0.00917225 -0.00114549 0.010492 0.0193252 0.0229027 0.0224169 0.019002 0.0132712 0.00671455 0.000774093 -0.00403514 -0.00706885 -0.00775644 -0.0067593 -0.00500534 -0.0020281 0.00308756 0.00898734 0.0131367 0.0164335 0.0220857 0.0296625 0.0356387 0.0386708 0.0389144 0.0344362 
0.0323959 0.0200672 0.00365946 -0.00855833 -0.0105288 -0.00356652 0.00514003 0.0105077 0.0124124 0.0119248 0.00941877 0.00578627 0.00235676 -0.000736989 -0.00418266 -0.00745696 -0.00924755 -0.00930832 -0.0081149 -0.00577791 -0.00261276 7.58293e-05 0.00159141 0.00407147 0.0100945 0.0180143 0.0238466 0.0275974 0.0321221 0.0357108 
0.0439358 0.0346467 0.0158317 -0.000922888 -0.00625879 -0.0010982 0.00580791 0.00858706 0.00769739 0.00498518 0.00152245 -0.00135883 -0.00280532 -0.00378415 -0.0057959 -0.00863073 -0.0110191 -0.0124415 -0.0127748 -0.0117601 -0.00991579 -0.00854217 -0.00782675 -0.00571163 -0.000391653 0.00633369 0.0115382 0.0170292 0.027104 0.0393181 
0.0512568 0.0460503 0.0282936 0.00949477 0.000820268 0.00350714 0.00939762 0.0114443 0.00889359 0.00366693 -0.00209334 -0.00609358 -0.00737423 -0.00735892 -0.00800124 -0.00965181 -0.0117658 -0.0141074 -0.0159808 -0.0161329 -0.0144645 -0.0123783 -0.0108607 -0.00905412 -0.00562143 -0.00122528 0.00304557 0.0100221 0.0238166 0.0411799 
0.0509889 0.0484563 0.0330913 0.0146775 0.00420818 0.00460977 0.00977013 0.0127129 0.010959 0.00524297 -0.00196889 -0.00739966 -0.00948058 -0.00951239 -0.00948474 -0.0101144 -0.0115546 -0.0139442 -0.0162407 -0.016396 -0.0137058 -0.00985543 -0.00717357 -0.00621186 -0.00544939 -0.00365474 -0.000362523 0.00702871 0.0214738 0.0394325 
0.044023 0.0413762 0.0276195 0.0111023 0.00109772 0.000290165 0.00462699 0.00866924 0.00906975 0.00508969 -0.00127789 -0.00653192 -0.00886795 -0.00934493 -0.00953732 -0.0099465 -0.0108804 -0.0126504 -0.0142468 -0.0135124 -0.00953957 -0.0042245 -0.000910401 -0.00114665 -0.00291021 -0.00310623 -0.000311607 0.00685088 0.0196282 0.0346693 
0.0335697 0.0291315 0.0164067 0.00285065 -0.0048832 -0.00589631 -0.00282254 0.00111991 0.0029166 0.00113001 -0.00280624 -0.00598527 -0.00724198 -0.00772427 -0.00841456 -0.00916927 -0.00996421 -0.0110929 -0.0119026 -0.0106536 -0.0064243 -0.000914489 0.00228989 0.00115515 -0.00201933 -0.00290233 0.000387357 0.0075126 0.0177452 0.0282761 
0.0228945 0.0174264 0.0063915 -0.00364597 -0.0086058 -0.00936585 -0.00766728 -0.00497377 -0.00349922 -0.00438128 -0.00617425 -0.00678137 -0.00620733 -0.00602373 -0.00680164 -0.00785362 -0.00878144 -0.00976656 -0.0104973 -0.00972198 -0.00647159 -0.00185304 0.00093443 -0.00032502 -0.00352129 -0.00398458 0.000146079 0.00700309 0.0144834 0.0208709 
0.0139453 0.00966305 0.0015546 -0.0051982 -0.00819095 -0.00875524 -0.00792622 -0.00657016 -0.00649298 -0.00802879 -0.00911924 -0.00815193 -0.00613326 -0.00503844 -0.00533188 -0.0062679 -0.00737392 -0.00863784 -0.00977787 -0.00987597 -0.00796404 -0.00447879 -0.00198364 -0.00273732 -0.00511403 -0.00484694 -0.000520783 0.00506328 0.00957758 0.0130104 
0.00743539 0.00570253 0.000962636 -0.00356439 -0.0061018 -0.00694527 -0.0063598 -0.00553227 -0.00649234 -0.00900281 -0.0103868 -0.00913705 -0.00664586 -0.00493071 -0.00451237 -0.00500398 -0.00611787 -0.00759051 -0.00894698 -0.00952206 -0.00853362 -0.00599452 -0.00382964 -0.00409136 -0.00556742 -0.00473871 -0.000816192 0.00302629 0.00484459 0.00625702 
0.00232429 0.0025929 0.000559828 -0.00267578 -0.00569979 -0.00728666 -0.00672132 -0.00553538 -0.00624997 -0.00870389 -0.0101965 -0.00926965 -0.00713483 -0.00538942 -0.0045023 -0.00449511 -0.00533158 -0.00660724 -0.00772239 -0.00821549 -0.00760066 -0.0058447 -0.00434214 -0.00458535 -0.00554098 -0.00453662 -0.00129154 0.00117101 0.00122657 0.00115822 
-0.00313766 -0.00208264 -0.00202102 -0.0037861 -0.00701038 -0.00953421 -0.00932459 -0.00751133 -0.00697098 -0.00819433 -0.00907973 -0.00839893 -0.00699887 -0.00578614 -0.00489121 -0.00449237 -0.00479675 -0.0055347 -0.00618202 -0.00634009 -0.00570779 -0.00446796 -0.00373421 -0.00436788 -0.00540393 -0.00493608 -0.00282979 -0.00143975 -0.00227192 -0.00348811 
-0.00894396 -0.00758488 -0.0055841 -0.00546268 -0.00840752 -0.011914 -0.0124496 -0.0101409 -0.00805514 -0.00757479 -0.00740422 -0.00667416 -0.00598989 -0.00557505 -0.00500717 -0.00437043 -0.00409619 -0.00423094 -0.0044404 -0.00424906 -0.00329698 -0.00200232 -0.00158755 -0.00270629 -0.00452105 -0.00552036 -0.00520317 -0.0049575 -0.0062802 -0.00830374 
-0.0136052 -0.0116926 -0.0080843 -0.00655945 -0.00936785 -0.0137272 -0.0149836 -0.0123647 -0.00897232 -0.00691064 -0.0056177 -0.00463709 -0.00446359 -0.00474908 -0.00454615 -0.00381839 -0.00316603 -0.00286876 -0.00273773 -0.00219852 -0.000696787 0.00122839 0.00196051 0.000515945 -0.00252418 -0.00563632 -0.00758955 -0.00873445 -0.0104274 -0.0126689 
-0.0156039 -0.0129339 -0.00848385 -0.00642917 -0.00919437 -0.0139469 -0.0158194 -0.0134742 -0.00960305 -0.00657171 -0.00445772 -0.00322764 -0.00327839 -0.00386903 -0.00379788 -0.00302922 -0.00223796 -0.00173749 -0.00135183 -0.000462385 0.00158987 0.00423719 0.00555733 0.00410313 7.02043e-05 -0.00502052 -0.00927155 -0.0119224 -0.0137549 -0.0153532 
-0.0146134 -0.0115492 -0.00719836 -0.00502042 -0.00714262 -0.0114751 -0.0139438 -0.012777 -0.00967659 -0.00677387 -0.00456699 -0.00325124 -0.0031291 -0.00346124 -0.00318341 -0.00230587 -0.00145646 -0.000884089 -0.000340896 0.000795729 0.00311461 0.00606292 0.00778549 0.0066704 0.00244888 -0.00377013 -0.00980768 -0.0137159 -0.0152856 -0.0155408 
-0.0124421 -0.00959358 -0.0061043 -0.00397373 -0.00485477 -0.00792265 -0.010485 -0.0106268 -0.00899014 -0.00715064 -0.00557248 -0.00430241 -0.00363223 -0.00329774 -0.00264588 -0.00163204 -0.000731894 -0.000174042 0.000341067 0.00144962 0.00358789 0.00621949 0.00787415 0.007185 0.00349998 -0.00281351 -0.00973804 -0.0143791 -0.0154999 -0.0143813 
-0.0120552 -0.00968379 -0.00735674 -0.00565679 -0.00546676 -0.00676511 -0.00822016 -0.0084814 -0.00775925 -0.00699507 -0.00617591 -0.00493652 -0.00364455 -0.00268882 -0.00182047 -0.000821492 1.66252e-05 0.0004051 0.000623747 0.00134049 0.00286395 0.00465842 0.00572453 0.00517661 0.00220335 -0.00351701 -0.0104173 -0.0152934 -0.0162749 -0.0145001 
-0.0152391 -0.0131619 -0.0116393 -0.0104712 -0.0095702 -0.00893418 -0.00826116 -0.00729516 -0.00642681 -0.00606545 -0.0056374 -0.00440305 -0.00278133 -0.00159495 -0.00081595 -4.93045e-05 0.000560683 0.00064203 0.000387753 0.000461789 0.00111361 0.00185146 0.00207575 0.00133943 -0.00117703 -0.00619728 -0.012609 -0.0175084 -0.0189568 -0.0175903 
-0.0202006 -0.0181569 -0.0167142 -0.0155404 -0.0138934 -0.0116219 -0.009088 -0.00684097 -0.00541773 -0.00489196 -0.00445886 -0.00327381 -0.0017144 -0.000677191 -0.00018311 0.000242825 0.00053664 0.000273398 -0.000482426 -0.00114133 -0.001423 -0.00164918 -0.00211482 -0.00303147 -0.0052466 -0.00966074 -0.0154439 -0.0202194 -0.0223765 -0.0220321 
-0.0227793 -0.0209489 -0.0192262 -0.0174196 -0.0148983 -0.0118084 -0.00880009 -0.00637555 -0.00478076 -0.00396021 -0.00330142 -0.00215931 -0.000867058 -0.000174744 -4.53979e-05 -2.96583e-06 -7.68314e-05 -0.000695211 -0.00192708 -0.00330245 -0.00442867 -0.00533691 -0.00607422 -0.00677983 -0.00841032 -0.0120019 -0.0168735 -0.0210585 -0.0233939 -0.0238591 
-0.0219252 -0.0207984 -0.0188061 -0.0159776 -0.012503 -0.00924171 -0.00683907 -0.0051645 -0.00390985 -0.00297502 -0.00207764 -0.00092293 7.6595e-05 0.000329662 -3.62992e-06 -0.000433875 -0.000935499 -0.00187624 -0.00343103 -0.00526676 -0.00688808 -0.00806847 -0.00869308 -0.00888842 -0.00970042 -0.0122756 -0.0160082 -0.0191484 -0.0210193 -0.0219558 
-0.0209726 -0.0205052 -0.0179908 -0.0138673 -0.00928742 -0.00575551 -0.00384823 -0.00290808 -0.00219114 -0.00148825 -0.000637174 0.000421722 0.00112257 0.000929356 9.83213e-05 -0.000846028 -0.0017633 -0.00287404 -0.00440516 -0.00618664 -0.00774932 -0.00881897 -0.00931283 -0.00937426 -0.00990477 -0.0118514 -0.0145969 -0.0167284 -0.0182143 -0.0198005 
-0.0224277 -0.0218215 -0.0183297 -0.0128974 -0.00719452 -0.00297534 -0.000843657 -7.42217e-05 0.00018859 0.000293611 0.000564866 0.00117164 0.00155404 0.00112083 2.44878e-05 -0.00128018 -0.00250593 -0.00361184 -0.00480313 -0.00613312 -0.00731341 -0.00819887 -0.00891813 -0.00966276 -0.0108362 -0.0126959 -0.0146613 -0.0161856 -0.0179624 -0.020514 
-0.0247201 -0.0231829 -0.0187577 -0.0125854 -0.00618715 -0.001224 0.0015546 0.0025875 0.00258591 0.00195432 0.0012558 0.00106792 0.00111703 0.000720643 -0.000303582 -0.00173584 -0.00317123 -0.00423426 -0.00504011 -0.00591077 -0.00680528 -0.00768122 -0.00885432 -0.0105425 -0.0124968 -0.0142068 -0.015477 -0.0169873 -0.0196986 -0.0230385 
-0.0245613 -0.0219589 -0.0174456 -0.0117474 -0.00559215 -0.000310062 0.00309369 0.00455209 0.00451489 0.00337615 0.00182759 0.000840186 0.00052965 0.000181439 -0.000718416 -0.00219426 -0.0037906 -0.0048708 -0.00544115 -0.00605861 -0.00690332 -0.00787257 -0.00921975 -0.011102 -0.0128974 -0.0139176 -0.0147307 -0.0168657 -0.0206544 -0.0240416 
-0.0211863 -0.017824 -0.0142526 -0.010338 -0.00558093 -0.000693937 0.00310029 0.00507501 0.00528642 0.00409323 0.00222512 0.000815083 0.000207894 -0.000271828 -0.00124704 -0.00281186 -0.00449824 -0.00557694 -0.00598795 -0.00645948 -0.00737304 -0.00844223 -0.00955483 -0.0107045 -0.0113887 -0.0114563 -0.0122521 -0.0153544 -0.0198258 -0.0223783 
-0.0169147 -0.0129404 -0.0106598 -0.00910897 -0.00661544 -0.00300817 0.000650336 0.00311032 0.00386666 0.00308094 0.00148535 0.000211589 -0.000398269 -0.000989852 -0.0021058 -0.00374183 -0.00540853 -0.00638956 -0.00658367 -0.0068165 -0.00769606 -0.00887321 -0.00986717 -0.0104139 -0.0102102 -0.00975135 -0.0108725 -0.0147308 -0.019131 -0.0200995 
-0.0125223 -0.00796919 -0.00689094 -0.00778881 -0.0082384 -0.00707115 -0.00455882 -0.0019228 -0.00032857 -0.000236236 -0.00105475 -0.00164838 -0.00176988 -0.00211504 -0.00313847 -0.00470185 -0.00627368 -0.00714806 -0.00714478 -0.00704247 -0.00762754 -0.00884907 -0.0103285 -0.0114843 -0.0116111 -0.0112497 -0.0124681 -0.0161197 -0.0192589 -0.0178677 
-0.00561809 -0.000889303 -0.00139553 -0.00526823 -0.00955764 -0.0120374 -0.0117361 -0.00935206 -0.00674223 -0.00536625 -0.00496322 -0.00438239 -0.00347898 -0.00309026 -0.0037034 -0.00509985 -0.00664148 -0.00753689 -0.00748644 -0.00709133 -0.00717214 -0.00825475 -0.0106004 -0.0133367 -0.0146694 -0.0144595 -0.014863 -0.0168408 -0.0173768 -0.0129987 
0.00473878 0.00876968 0.00590628 -0.00158501 -0.0101202 -0.0164694 -0.0185965 -0.0167522 -0.0133769 -0.010738 -0.00889297 -0.00684479 -0.00464682 -0.00329958 -0.0034212 -0.0047882 -0.0065318 -0.00759336 -0.007545 -0.00685284 -0.00631062 -0.00700105 -0.00993823 -0.0140511 -0.0163201 -0.0156277 -0.0141613 -0.0134066 -0.0108644 -0.00384049 
0.0163658 0.0187842 0.0132694 0.0025349 -0.00923894 -0.0182697 -0.0221043 -0.0208729 -0.0172802 -0.0138649 -0.0109257 -0.00782209 -0.00478698 -0.00282039 -0.0026943 -0.00430028 -0.00647102 -0.00772704 -0.00753564 -0.00638875 -0.0050854 -0.00501744 -0.00770233 -0.0120179 -0.0141159 -0.0120941 -0.00822871 -0.00479761 -8.69493e-05 0.00805311 
0.0269127 0.0273909 0.0197221 0.00720008 -0.00579879 -0.0157878 -0.0204254 -0.0196573 -0.016078 -0.0123841 -0.00932396 -0.00653078 -0.00393328 -0.00216937 -0.00219682 -0.00421648 -0.00686942 -0.00828408 -0.0078206 -0.00599985 -0.00362385 -0.00223503 -0.00363907 -0.00684003 -0.00782271 -0.00439077 0.00124109 0.00634316 0.0119508 0.0198562 
0.0349727 0.0336691 0.0243397 0.0114399 -0.000825308 -0.010209 -0.0148414 -0.0141258 -0.0102153 -0.00628219 -0.0039952 -0.00303717 -0.00233898 -0.00173674 -0.00231955 -0.00474623 -0.00777925 -0.00939614 -0.00866729 -0.0058111 -0.00174269 0.00147397 0.00174082 2.11388e-05 -5.94411e-05 0.00340315 0.00890236 0.0145136 0.0208832 0.0288773 
0.0391828 0.0357577 0.0243673 0.0115053 0.0011588 -0.00629767 -0.00994376 -0.00857066 -0.00358031 0.00125243 0.00291704 0.00158109 -0.000428679 -0.00176422 -0.0032536 -0.0059218 -0.00905999 -0.0108363 -0.0097586 -0.00538062 0.000943637 0.00599769 0.00742399 0.00660377 0.00656183 0.00833833 0.0116492 0.0167586 0.0243717 0.0335271 
0.038368 0.0316683 0.017572 0.00480261 -0.00306519 -0.0076683 -0.00936962 -0.00657139 0.000279778 0.0069986 0.00906936 0.00611124 0.00141273 -0.00229212 -0.00496264 -0.00767033 -0.0104559 -0.0119178 -0.0100526 -0.00391831 0.00446571 0.0108265 0.0129177 0.0127855 0.0128183 0.012827 0.013281 0.0167369 0.0245736 0.0341336 
0.0342464 0.0230805 0.00663925 -0.00515209 -0.0100835 -0.0117151 -0.011368 -0.00698062 0.00195939 0.0109694 0.0141459 0.0103516 0.0033801 -0.00275546 -0.00677838 -0.00948417 -0.0115527 -0.0120479 -0.00890864 -0.00135098 0.00806529 0.014933 0.0175642 0.0184425 0.0195806 0.019834 0.0191381 0.0206644 0.0266106 0.0338496 
0.0321428 0.0163181 -0.00112921 -0.0108372 -0.0131182 -0.0129642 -0.0115905 -0.00611303 0.00445644 0.015054 0.0188858 0.0144934 0.00583872 -0.00234778 -0.00772288 -0.0106345 -0.0121107 -0.0116161 -0.00746286 0.000552175 0.00972379 0.0163136 0.0192364 0.0211079 0.024274 0.0275018 0.0291012 0.0306463 0.0343473 0.0373978 
0.0354204 0.0170432 0.000479064 -0.00733617 -0.00914837 -0.00963985 -0.0085168 -0.0022958 0.00917942 0.0197501 0.0227647 0.0175335 0.00799091 -0.00139601 -0.00788521 -0.0113375 -0.0127613 -0.0119221 -0.00766509 -0.000271233 0.00786484 0.0139432 0.0171756 0.0199103 0.0250673 0.0320874 0.0379675 0.0420305 0.0454224 0.0452554 
0.042714 0.0262951 0.0124627 0.00475288 -1.00801e-05 -0.00356604 -0.00331724 0.00365271 0.0151748 0.0238452 0.0243652 0.0178615 0.00810739 -0.00160526 -0.008841 -0.0129391 -0.0145312 -0.0136245 -0.00966046 -0.00314505 0.00421475 0.0106023 0.0150836 0.018797 0.0243165 0.0322358 0.0403309 0.0471896 0.0524991 0.0525559 
0.0510917 0.0408768 0.0301905 0.0203364 0.0106983 0.0038227 0.00360679 0.0110757 0.0215525 0.0270071 0.0240297 0.0157417 0.00572632 -0.00411374 -0.0118474 -0.0162185 -0.0174086 -0.015855 -0.0117413 -0.00557523 0.00196817 0.0100002 0.0168006 0.0211995 0.0243974 0.0285621 0.0345842 0.0424227 0.050827 0.0551924 
0.0567727 0.0537661 0.0447556 0.0318475 0.0191339 0.0120334 0.0129633 0.0204638 0.0289891 0.0310447 0.0245624 0.0138906 0.00270642 -0.00781487 -0.0160212 -0.0201909 -0.0203168 -0.0175266 -0.0128312 -0.00654941 0.00188288 0.0121572 0.0210722 0.0249485 0.0237919 0.021496 0.0225628 0.0293071 0.0407282 0.051879 
0.0562018 0.0571034 0.046898 0.03178 0.0205974 0.0183383 0.0230812 0.0310789 0.037922 0.0375636 0.0282684 0.0147019 0.00127447 -0.0105242 -0.0192189 -0.0231406 -0.0223641 -0.0185579 -0.0133276 -0.00671816 0.00284728 0.014949 0.0244655 0.026063 0.0199257 0.0115992 0.00770078 0.0123565 0.0259757 0.0436557 
0.0516753 0.0495963 0.0338138 0.0169308 0.0109851 0.0174506 0.0288114 0.0393904 0.0462937 0.0448525 0.033351 0.0168103 0.00100527 -0.0117938 -0.020616 -0.0244377 -0.0234509 -0.0193204 -0.0137568 -0.00660235 0.00415644 0.0173765 0.0259838 0.0240658 0.0136334 0.00206552 -0.00389901 -1.86344e-05 0.0154043 0.0370274 
0.0507547 0.0387045 0.0130903 -0.00688125 -0.0078313 0.00721306 0.0260907 0.0413928 0.0502177 0.0483176 0.0347516 0.0159557 -0.000858518 -0.0132372 -0.021234 -0.0246847 -0.0237664 -0.0196447 -0.0137388 -0.00593825 0.00571713 0.0194506 0.0267724 0.0218123 0.00921695 -0.00156958 -0.00484679 0.00178884 0.0193767 0.0410351 
0.0555166 0.0315377 -0.0039794 -0.0280097 -0.0273169 -0.0079121 0.0159961 0.0356918 0.04664 0.0442755 0.0294023 0.0104112 -0.00501349 -0.0152979 -0.0216129 -0.0242926 -0.0232381 -0.018895 -0.0124013 -0.00412189 0.00772392 0.0216211 0.0287075 0.0230321 0.010977 0.00364084 0.0059198 0.0176885 0.0371222 0.0550752 
0.0588262 0.0272957 -0.013126 -0.0398663 -0.0405341 -0.0213949 0.00368375 0.0250463 0.0363679 0.0334223 0.0192259 0.00305511 -0.00869529 -0.016071 -0.0208532 -0.0230539 -0.0218151 -0.0168886 -0.00955434 -0.00108288 0.0102401 0.0242087 0.0326825 0.0289871 0.0191119 0.0147109 0.0208452 0.0358835 0.0548931 0.067047 
0.0551847 0.0224892 -0.0169862 -0.0440131 -0.0468895 -0.0299043 -0.00560161 0.0151986 0.0250425 0.0212938 0.00914028 -0.00259394 -0.00992192 -0.0147074 -0.01884 -0.0212673 -0.019971 -0.0142764 -0.00604886 0.00239587 0.0127067 0.026366 0.0366913 0.0360494 0.0285268 0.0252664 0.0317968 0.046137 0.0618876 0.0682846 
0.0499287 0.0210201 -0.0144889 -0.0411367 -0.0472838 -0.0338126 -0.0110521 0.00904036 0.0176615 0.0132336 0.00250823 -0.00599938 -0.0100899 -0.013191 -0.0172659 -0.0200782 -0.0185652 -0.0120241 -0.0029858 0.00541399 0.0145182 0.0269971 0.0377974 0.038865 0.032462 0.0289885 0.034219 0.046209 0.0587666 0.0626052 
0.0578647 0.0364485 0.00389958 -0.0261369 -0.0404312 -0.0349016 -0.0159126 0.00411023 0.0135803 0.00941836 -0.0012278 -0.0090016 -0.0117678 -0.0138537 -0.0176227 -0.0202621 -0.0181658 -0.0108051 -0.00114024 0.0072377 0.0151474 0.0256563 0.035081 0.0355924 0.0282596 0.023079 0.0265886 0.0379038 0.05242 0.0620887 
0.10168 0.0876481 0.0495585 0.00594256 -0.0245858 -0.0324636 -0.0201936 -0.000774288 0.0106034 0.00766646 -0.00335233 -0.0120531 -0.0150446 -0.0164771 -0.0193099 -0.0211263 -0.0183554 -0.0106016 -0.000974693 0.00681735 0.0131882 0.0213098 0.0288055 0.028451 0.0199844 0.0125885 0.0147087 0.0296022 0.0567421 0.086926 
0.210558 0.194852 0.130394 0.0556785 0.00081898 -0.0227402 -0.0187487 -0.00235109 0.00914985 0.00743504 -0.00315643 -0.0127683 -0.0168655 -0.0183192 -0.0202309 -0.0211879 -0.0181902 -0.0109464 -0.00250084 0.00358193 0.00761681 0.013138 0.0194566 0.0202681 0.0134151 0.00627654 0.0103103 0.037301 0.0943716 0.166181 
0.389173 0.356765 0.240229 0.115996 0.0316469 -0.00612859 -0.00990211 0.0012731 0.010356 0.00913277 -0.000108401 -0.0096952 -0.0150458 -0.0174193 -0.0192784 -0.0200593 -0.0175448 -0.0115085 -0.00478886 -0.000810194 0.000658989 0.00363292 0.00925403 0.0123856 0.00937369 0.00628577 0.0187834 0.0697971 0.175623 0.30878 
0.562506 0.506091 0.334124 0.162152 0.0539324 0.00780667 -0.000181758 0.00709701 0.0137904 0.0126034 0.00466095 -0.00437334 -0.0106982 -0.014559 -0.0173983 -0.018873 -0.0172431 -0.0121969 -0.00642555 -0.00351124 -0.00353562 -0.00230304 0.00249896 0.00668199 0.00637949 0.00844234 0.0332046 0.111973 0.266102 0.45468 
