0.350684 0.294749 0.205664 0.129805 0.087383 0.0723063 0.0689483 0.0655456 0.0586429 0.049003 0.0366716 0.0212752 0.00462387 -0.00958584 -0.0184234 -0.0209912 -0.0180175 -0.0114767 -0.00495419 -0.00286495 -0.00634889 -0.0105593 -0.00852584 0.0041153 0.0293665 0.0679584 0.120162 0.188413 0.269912 0.338094 
0.292155 0.251761 0.184222 0.129265 0.101692 0.092443 0.0869527 0.0779511 0.0659014 0.0523204 0.0366227 0.0188102 0.00156275 -0.0116572 -0.019103 -0.0208051 -0.0176891 -0.0115871 -0.00603297 -0.0052157 -0.00958287 -0.0139076 -0.0120092 -0.000933087 0.0201754 0.0509919 0.0912332 0.144949 0.213372 0.275084 
0.198138 0.173387 0.132529 0.104703 0.097364 0.0981345 0.0934174 0.0805001 0.0643865 0.0482613 0.0314324 0.0140201 -0.00133551 -0.0122313 -0.0181423 -0.0194599 -0.0167672 -0.0114398 -0.00659382 -0.00577308 -0.00890299 -0.0114219 -0.00894923 7.1156e-05 0.0161003 0.0381858 0.0644007 0.0975921 0.141667 0.184214 
0.118565 0.101115 0.0773323 0.068788 0.0781439 0.0902515 0.0904214 0.0774739 0.0594403 0.0418863 0.0252023 0.00959529 -0.00311355 -0.011815 -0.016728 -0.018115 -0.0160768 -0.0115446 -0.00711242 -0.00556222 -0.00660528 -0.00705326 -0.0046488 0.00135117 0.0123059 0.0281663 0.0459096 0.0652298 0.08929 0.112558 
0.0713502 0.0543713 0.0365957 0.0362712 0.0548134 0.0758971 0.0827094 0.0727007 0.0544664 0.0357077 0.0189632 0.00495185 -0.00554757 -0.0125785 -0.0167234 -0.0180648 -0.0163777 -0.0122254 -0.00776031 -0.00524946 -0.00442515 -0.0032767 -0.00118992 0.00181182 0.00796948 0.0193884 0.0338864 0.0481778 0.0621251 0.0729726 
0.0480065 0.0301499 0.0140604 0.016126 0.0375649 0.0622844 0.072837 0.0653161 0.0473812 0.027601 0.0105632 -0.00215067 -0.0106259 -0.015921 -0.0189126 -0.0196197 -0.0176229 -0.013179 -0.00818422 -0.00480974 -0.00296675 -0.00109761 0.000836144 0.00214279 0.00514156 0.0138065 0.0274849 0.0408304 0.0504618 0.054546 
0.0348179 0.0167481 0.00317467 0.00746 0.0289873 0.0523309 0.061978 0.0545988 0.036754 0.016618 -0.000136641 -0.0112702 -0.0175487 -0.0208562 -0.0222634 -0.0217135 -0.0187032 -0.0133533 -0.00749183 -0.00355615 -0.00190338 -0.000832804 0.000561012 0.00202258 0.00551951 0.014969 0.0295112 0.0420533 0.0475648 0.045603 
0.0244791 0.00611839 -0.00378929 0.00376062 0.0247313 0.0445404 0.0511304 0.0428123 0.0252247 0.00571685 -0.00982898 -0.0191429 -0.0235472 -0.0252353 -0.0250888 -0.0229196 -0.0183726 -0.0116851 -0.00469294 -0.000291338 0.000340109 -0.000843759 -0.00102997 0.00125867 0.00772988 0.0205872 0.0371125 0.0486344 0.0493952 0.0404824 
0.0170251 -0.00141834 -0.00880115 0.000342982 0.0196265 0.0359703 0.0403826 0.0320573 0.0156644 -0.00214651 -0.0158388 -0.0236477 -0.0271288 -0.02805 -0.0267239 -0.022913 -0.0166704 -0.00852334 -0.00030056 0.00472224 0.00449076 0.000982637 -0.00136252 0.000563199 0.00833541 0.0228105 0.0402644 0.0513975 0.0496642 0.0364788 
0.0153724 -0.0016201 -0.00910043 -0.00229443 0.0131862 0.026397 0.0298858 0.0226018 0.00831939 -0.0070631 -0.0188495 -0.0257942 -0.0290962 -0.0296895 -0.0274241 -0.0222537 -0.0147245 -0.00565645 0.00320539 0.00862234 0.00823293 0.00382811 0.000113705 0.000387848 0.00596937 0.017885 0.0336141 0.0447588 0.0443158 0.0329103 
0.0189516 0.00525306 -0.003657 -0.00149707 0.00888091 0.018519 0.020576 0.0139679 0.00209141 -0.0104446 -0.0204399 -0.0268537 -0.0299648 -0.0300014 -0.0268815 -0.0209908 -0.0132496 -0.00460341 0.00348552 0.00838666 0.00817647 0.00440173 0.000892918 -3.08742e-05 0.00243995 0.0100514 0.0223352 0.032846 0.0353955 0.030028 
0.0221347 0.0120673 0.00284763 0.00199921 0.00845911 0.0143198 0.0136593 0.00671793 -0.00276689 -0.012005 -0.0199005 -0.0255614 -0.0282144 -0.0276566 -0.0241922 -0.0186413 -0.0121036 -0.00543868 0.000416186 0.00379728 0.00353344 0.000911885 -0.0013012 -0.0017857 -0.000320011 0.00485047 0.0142407 0.0231714 0.0272982 0.0270433 
0.0211249 0.0126633 0.00439163 0.00386109 0.00961287 0.0134548 0.0105159 0.00309139 -0.00426282 -0.0102931 -0.0159119 -0.0206341 -0.0230013 -0.0224734 -0.0195482 -0.0152617 -0.010779 -0.00679863 -0.00365558 -0.00204719 -0.00253638 -0.00419038 -0.00505963 -0.00431666 -0.00198963 0.00330055 0.0118195 0.0194371 0.023145 0.0240719 
0.0198417 0.00985257 0.00157238 0.00266464 0.010513 0.0154946 0.01257 0.0051985 -0.00114406 -0.00554032 -0.009877 -0.014163 -0.0167376 -0.0167428 -0.0146158 -0.0114898 -0.00860708 -0.00655536 -0.00520019 -0.00455159 -0.00489155 -0.00579176 -0.00602068 -0.00491361 -0.00205409 0.00429609 0.0139631 0.0220248 0.0252093 0.0247384 
0.0241907 0.0111324 0.00123165 0.00310275 0.0137109 0.0217294 0.0204271 0.0128736 0.005392 -4.50691e-05 -0.0049924 -0.00974061 -0.0127508 -0.0130187 -0.0110076 -0.00804586 -0.00544575 -0.0036678 -0.00234199 -0.00128371 -0.000870916 -0.0011918 -0.00159749 -0.00137581 0.000917885 0.00817261 0.0200091 0.0300641 0.0338035 0.0319709 
0.032371 0.0180227 0.00739996 0.00959284 0.0218006 0.031972 0.0316866 0.0228406 0.0123351 0.00384838 -0.00305929 -0.00873784 -0.0120056 -0.0120108 -0.00943192 -0.00583927 -0.00250621 0.000317983 0.00300467 0.0054278 0.00682725 0.00680908 0.00581866 0.0048387 0.00635752 0.014208 0.0276755 0.0392618 0.043652 0.0413749 
0.0360144 0.0246007 0.016646 0.0197165 0.0314393 0.0410267 0.0401242 0.0296527 0.0162765 0.00483295 -0.00389501 -0.0101622 -0.0133451 -0.0129752 -0.00987593 -0.00565395 -0.00145423 0.00262423 0.00679992 0.0104988 0.0126016 0.0126423 0.0111355 0.00934135 0.0102903 0.0179556 0.0310883 0.0419535 0.0456839 0.0434764 
0.0304761 0.0256349 0.0230017 0.0269475 0.0359418 0.0424371 0.0401168 0.0293488 0.0153456 0.0028302 -0.00646268 -0.012497 -0.0152362 -0.0146698 -0.011554 -0.00724012 -0.00273047 0.00183125 0.00648894 0.0105179 0.0127702 0.01282 0.011157 0.00896202 0.00914468 0.015293 0.0259016 0.0339304 0.0357905 0.0340061 
0.0193529 0.0213027 0.0234059 0.0269836 0.0319397 0.0346926 0.0316073 0.0225491 0.0104919 -0.000920458 -0.00940258 -0.0144852 -0.0165037 -0.0158439 -0.0131395 -0.00935699 -0.0053243 -0.00132339 0.00257747 0.00585504 0.00770509 0.00784805 0.00655067 0.00444564 0.00374883 0.00748896 0.0144461 0.019014 0.0191038 0.0183104 
0.00798176 0.013621 0.017458 0.0193696 0.0208055 0.021214 0.0187562 0.0126298 0.00386597 -0.00503329 -0.0117136 -0.0154368 -0.0166281 -0.0158761 -0.0137357 -0.0108137 -0.00770859 -0.0048146 -0.0023001 -0.000388299 0.000652982 0.0008469 0.000234946 -0.0012537 -0.00234474 -0.000770541 0.00265896 0.00420702 0.0033454 0.00382826 
-0.00263985 0.00295128 0.00572268 0.00576991 0.00558138 0.00581086 0.00501158 0.00183754 -0.00350141 -0.00916668 -0.0133055 -0.015404 -0.0158121 -0.0149784 -0.0132701 -0.0109857 -0.0085349 -0.00645458 -0.00510844 -0.00453874 -0.00451199 -0.00465838 -0.00503367 -0.00610683 -0.00726784 -0.00714995 -0.00651576 -0.0073353 -0.00870217 -0.00747851 
-0.0131436 -0.00981086 -0.00917279 -0.0102522 -0.0103179 -0.00895814 -0.00797272 -0.00875564 -0.0109333 -0.0130233 -0.0141643 -0.0145257 -0.014304 -0.0134251 -0.0118413 -0.00960471 -0.0070778 -0.00502394 -0.00410417 -0.00435675 -0.00525434 -0.00625044 -0.00744565 -0.00925748 -0.0111314 -0.0122833 -0.0135952 -0.0158957 -0.0176134 -0.0166479 
-0.0215247 -0.0208391 -0.0217202 -0.0227947 -0.0219339 -0.0194177 -0.0172043 -0.0162896 -0.0158942 -0.0149094 -0.013513 -0.0125454 -0.0119863 -0.0111267 -0.00946169 -0.00689731 -0.00384319 -0.00126225 -8.13057e-05 -0.00045545 -0.00183148 -0.00374613 -0.00639061 -0.00990172 -0.0133413 -0.0158809 -0.0182043 -0.0207537 -0.0225071 -0.0226171 
-0.0248254 -0.0256872 -0.0264531 -0.0263358 -0.0243899 -0.0212926 -0.0186193 -0.0168927 -0.0152201 -0.0128902 -0.0106094 -0.00936172 -0.00888701 -0.00816288 -0.00651161 -0.00381961 -0.000513548 0.00243014 0.00402447 0.00399417 0.00269032 0.000299605 -0.00345257 -0.00838971 -0.0131798 -0.0166527 -0.0190213 -0.0208337 -0.0223196 -0.0236929 
-0.02278 -0.0231949 -0.0222608 -0.0203543 -0.0176274 -0.0146359 -0.0122348 -0.0106281 -0.00915306 -0.00742752 -0.00605686 -0.00558802 -0.00555966 -0.00509945 -0.00373969 -0.00146729 0.00135029 0.00394521 0.00552772 0.00577962 0.0047305 0.00225958 -0.00182975 -0.00703031 -0.0119056 -0.015228 -0.0169239 -0.0177812 -0.0189579 -0.0209705 
-0.0182066 -0.0167628 -0.0138342 -0.010694 -0.00791209 -0.00560696 -0.00393505 -0.00290036 -0.00219978 -0.00174661 -0.0018168 -0.00236175 -0.0027957 -0.00260173 -0.00169134 -0.000214725 0.00155525 0.0031667 0.00414911 0.0042016 0.00307633 0.000516885 -0.00337326 -0.007787 -0.0115282 -0.013764 -0.0145146 -0.014742 -0.0157304 -0.0174608 
-0.0144165 -0.0113584 -0.00759233 -0.00452769 -0.00244366 -0.00102212 -1.16013e-05 0.000683652 0.00106233 0.000950609 0.000264344 -0.000611301 -0.00108479 -0.000924808 -0.00033248 0.000412737 0.00112489 0.00162403 0.00170334 0.00109803 -0.000541019 -0.00335186 -0.00684617 -0.0100928 -0.012357 -0.0133703 -0.0134035 -0.0134369 -0.0143301 -0.0152773 
-0.0124028 -0.00889267 -0.00565203 -0.0036675 -0.0026345 -0.00192654 -0.00120756 -0.000443938 0.000173299 0.000367891 0.00011803 -0.000196716 -0.000148238 0.000307643 0.000852706 0.00118288 0.00119115 0.00086147 0.000134384 -0.00120313 -0.00342496 -0.0064149 -0.00941842 -0.0116175 -0.0127876 -0.0131327 -0.0130782 -0.0133582 -0.0141949 -0.0143457 
-0.0106559 -0.00753851 -0.00536701 -0.00457968 -0.00440389 -0.00407714 -0.00339973 -0.00252188 -0.00168274 -0.00102524 -0.000488533 0.000112663 0.000898085 0.0017465 0.00234878 0.00248647 0.00213928 0.00136528 0.000162238 -0.0016162 -0.00408453 -0.00690235 -0.0092576 -0.0106036 -0.0111552 -0.011445 -0.0118962 -0.0127335 -0.0135112 -0.0130219 
-0.00715613 -0.00478676 -0.00361608 -0.00358829 -0.0037327 -0.00341255 -0.00272126 -0.00199458 -0.00136707 -0.000679449 0.00027313 0.00146422 0.00268139 0.00365715 0.00416353 0.00413448 0.00363754 0.00274041 0.0014331 -0.000366269 -0.0026064 -0.0048266 -0.00633868 -0.00692947 -0.00712481 -0.00759624 -0.00860655 -0.0098395 -0.0104159 -0.00947335 
-0.00137967 -2.61055e-05 0.000232052 -0.000110839 -0.000130032 0.000427134 0.0010949 0.00143167 0.00150255 0.00178363 0.00261828 0.00383893 0.00500183 0.00575343 0.00596825 0.00573103 0.00517913 0.00435578 0.00321464 0.00173673 0.000110636 -0.00119211 -0.00172296 -0.00159923 -0.0015039 -0.00200774 -0.00308709 -0.00413237 -0.00429457 -0.00318587 
0.00498932 0.00510858 0.00445928 0.00388197 0.00408154 0.00483471 0.0053925 0.00532673 0.00488607 0.00472288 0.00523042 0.0061858 0.00706475 0.0074871 0.00738739 0.00694006 0.00633123 0.00559703 0.00468918 0.00366935 0.00281323 0.0025024 0.00290743 0.00366868 0.00411001 0.00390639 0.00332629 0.00293482 0.00320414 0.00410629 
0.0096528 0.00864112 0.00720881 0.00636815 0.0065419 0.00718423 0.0075183 0.00723651 0.00664564 0.0063528 0.00668947 0.00745115 0.00815628 0.0084139 0.00813955 0.00752965 0.00681359 0.00606646 0.00529849 0.00466532 0.00446774 0.00492875 0.00597882 0.00717503 0.0079937 0.0083324 0.0084981 0.00879341 0.00929573 0.00976001 
0.0115523 0.00987654 0.00794134 0.00671164 0.0064359 0.00658607 0.0066276 0.00639715 0.0060865 0.00606249 0.00652743 0.00735114 0.00815076 0.00849952 0.00823101 0.00753824 0.00671256 0.00589786 0.00517447 0.0047638 0.0049511 0.00581023 0.00711624 0.00846473 0.00954043 0.0103619 0.0111041 0.0117878 0.0122783 0.0123208 
0.0107336 0.00887089 0.0066908 0.00495641 0.00396609 0.00349948 0.00333255 0.00338888 0.00366774 0.00422129 0.00509927 0.00625562 0.00739887 0.00804366 0.00792449 0.0072404 0.00637604 0.00555094 0.00486606 0.00453573 0.00482183 0.00574481 0.0070353 0.0083435 0.00947321 0.010452 0.0113089 0.0119191 0.0121307 0.0118026 
0.00779713 0.00590229 0.00359219 0.00140481 -0.000146529 -0.000959005 -0.00115341 -0.000774502 0.000125297 0.00137483 0.00285798 0.00455113 0.00620248 0.00727293 0.0074205 0.00685267 0.00605408 0.00532126 0.00473062 0.00441677 0.00460558 0.00537034 0.00652804 0.00776224 0.00881515 0.00959449 0.0100689 0.0101736 0.00986155 0.00909569 
0.00368601 0.00172006 -0.000603737 -0.00296946 -0.00468544 -0.00550015 -0.00567142 -0.00520302 -0.00395451 -0.00213604 -1.82693e-05 0.00231206 0.00457351 0.00618305 0.00674621 0.00644336 0.00580983 0.00521169 0.00471345 0.00436226 0.00432794 0.00477531 0.00570767 0.00685477 0.00775868 0.00810492 0.00790966 0.00735783 0.00652016 0.00530323 
-0.000746075 -0.00264231 -0.00465326 -0.00680878 -0.00846502 -0.00930545 -0.00965519 -0.00939669 -0.00811861 -0.00597058 -0.00333924 -0.000411037 0.00247991 0.00472363 0.00586405 0.00597674 0.00555486 0.00500382 0.00442561 0.00385818 0.00344829 0.00343349 0.00398946 0.00489857 0.00551185 0.00532719 0.0044972 0.00352834 0.00251644 0.00109537 
-0.00504376 -0.00644323 -0.00769558 -0.00937335 -0.011097 -0.0123605 -0.0131849 -0.0132286 -0.0119815 -0.00962962 -0.0066712 -0.00335398 2.46853e-05 0.00288861 0.00468331 0.00528837 0.00506778 0.00442915 0.00355886 0.00259149 0.00172027 0.0011913 0.0011979 0.00154218 0.00158209 0.000849674 -0.00036036 -0.00136176 -0.00213727 -0.00336617 
-0.00936652 -0.00977886 -0.0100213 -0.0112353 -0.0132722 -0.0152277 -0.0165104 -0.016553 -0.0150488 -0.0124584 -0.00941794 -0.00609418 -0.00255085 0.000758855 0.0031489 0.00424794 0.00424824 0.00354645 0.0024504 0.00123167 0.000100996 -0.000834463 -0.00156095 -0.00224548 -0.00319599 -0.00456228 -0.00603504 -0.00703974 -0.00758701 -0.00837391 
-0.0140864 -0.01324 -0.0125857 -0.0136046 -0.0160793 -0.0185123 -0.0196565 -0.0189446 -0.0166588 -0.0137736 -0.0109954 -0.0081562 -0.0048777 -0.0014219 0.00139782 0.00296661 0.00330503 0.00280871 0.00192219 0.000977278 9.10809e-06 -0.00120062 -0.00286385 -0.00497038 -0.00725032 -0.0094512 -0.0114611 -0.0129969 -0.0138195 -0.0141809 
-0.0190968 -0.0170331 -0.0158285 -0.0170705 -0.0201206 -0.0226346 -0.0227655 -0.020365 -0.0167529 -0.0135402 -0.0113097 -0.00933365 -0.00669399 -0.00341128 -0.000356592 0.00166173 0.00250876 0.00259185 0.00246196 0.00234645 0.00186173 0.000391255 -0.00229111 -0.00578195 -0.00932144 -0.0125356 -0.0156549 -0.0185161 -0.0202421 -0.0203714 
-0.0238997 -0.02078 -0.0193859 -0.0213266 -0.0252424 -0.0276672 -0.0262296 -0.0215639 -0.0162826 -0.0126048 -0.010876 -0.00981051 -0.00799454 -0.00513323 -0.00201279 0.000435783 0.0019259 0.00286021 0.0038168 0.0047646 0.00480122 0.00305338 -0.000388027 -0.00466306 -0.00898965 -0.0133755 -0.0183168 -0.0232382 -0.0262672 -0.0262929 
-0.0275152 -0.0232054 -0.0219015 -0.0250532 -0.0301737 -0.0326018 -0.0297023 -0.022951 -0.0160292 -0.0116348 -0.0100362 -0.00967423 -0.00876519 -0.00657232 -0.00358913 -0.000778537 0.00138848 0.00322684 0.00523569 0.00707912 0.00746402 0.00553931 0.00190646 -0.00232837 -0.0069362 -0.0126791 -0.0200561 -0.027489 -0.0318129 -0.0314013 
-0.0284662 -0.0223118 -0.0211736 -0.025988 -0.032653 -0.035468 -0.0318778 -0.0239097 -0.015737 -0.0104082 -0.00849755 -0.00863029 -0.00879598 -0.00763737 -0.00511784 -0.00213544 0.000597349 0.00318397 0.00596177 0.00835863 0.00891183 0.00696237 0.00353958 -0.000267843 -0.00496283 -0.0120204 -0.0217818 -0.0315209 -0.0366399 -0.0349007 
-0.0261064 -0.0174151 -0.0160497 -0.0224066 -0.0307941 -0.0346961 -0.0316157 -0.0235937 -0.0147476 -0.00844294 -0.005959 -0.00651121 -0.00796418 -0.00821078 -0.00654157 -0.00371052 -0.000673779 0.00239751 0.00566468 0.00841736 0.00910343 0.00711386 0.00364012 -0.000187638 -0.00509287 -0.0128616 -0.0238715 -0.0347726 -0.0397878 -0.0359169 
-0.0221214 -0.0109913 -0.0083916 -0.0148999 -0.0243776 -0.0298464 -0.028403 -0.0214768 -0.0127182 -0.0057546 -0.00278258 -0.00378935 -0.00657286 -0.00834932 -0.00781329 -0.00552351 -0.00255847 0.000703363 0.00429094 0.0073918 0.00824695 0.00597713 0.0017672 -0.00278627 -0.00785805 -0.0152502 -0.0258193 -0.0363246 -0.0404362 -0.0346287 
-0.0201442 -0.00753634 -0.00238917 -0.00658639 -0.0153284 -0.0218133 -0.0223935 -0.0174382 -0.00970376 -0.00277277 0.000300083 -0.00125007 -0.00521382 -0.00836677 -0.00905254 -0.00764245 -0.0051579 -0.0020262 0.00171507 0.00513636 0.00614493 0.00343844 -0.00172617 -0.00691048 -0.0114759 -0.0174369 -0.0265034 -0.0358817 -0.0392731 -0.0331162 
-0.0224905 -0.00921441 -0.000448205 -0.000269213 -0.00633562 -0.0125814 -0.0147005 -0.0119231 -0.00585699 0.000311796 0.00293728 0.000636886 -0.00437619 -0.00864498 -0.0104184 -0.00998439 -0.00822257 -0.0054712 -0.00176446 0.00186325 0.00302376 0.000127424 -0.00534619 -0.0101672 -0.0132231 -0.01714 -0.024633 -0.0334484 -0.0376392 -0.0335902 
-0.0263212 -0.012324 0.000368966 0.0051876 0.00211126 -0.0034849 -0.00667572 -0.00573037 -0.00141207 0.0034412 0.00495862 0.00154297 -0.00447245 -0.00951558 -0.0119422 -0.0121461 -0.010946 -0.00856652 -0.00500585 -0.00134553 -4.621e-05 -0.00266333 -0.00747636 -0.0109167 -0.0118517 -0.0135261 -0.0195397 -0.0284604 -0.0349477 -0.0346918 
-0.0249656 -0.0104581 0.00488696 0.01278 0.0114842 0.00585797 0.00142198 0.000569508 0.00284618 0.00563171 0.00530613 0.000509142 -0.00624227 -0.0114089 -0.0136622 -0.0137338 -0.0125526 -0.0103044 -0.00698051 -0.00361595 -0.00238335 -0.00441124 -0.00783748 -0.00935728 -0.00817492 -0.00775773 -0.012065 -0.0205481 -0.0286703 -0.0313427 
-0.0146712 -0.00159866 0.0132824 0.0221272 0.0219792 0.0164066 0.0106719 0.00739472 0.0064202 0.00580533 0.00284267 -0.00331693 -0.0101723 -0.0145384 -0.015659 -0.0147873 -0.0130771 -0.0107355 -0.00776133 -0.00502116 -0.00409629 -0.00546303 -0.00724296 -0.00680546 -0.00398993 -0.00215863 -0.00471792 -0.0111663 -0.0177564 -0.0200916 
0.0016836 0.0106981 0.0218093 0.0302458 0.0322323 0.0284924 0.0223929 0.0163444 0.0109637 0.00568466 -0.000689117 -0.00830317 -0.0149303 -0.0180812 -0.0177302 -0.0156821 -0.0133161 -0.0108211 -0.00812396 -0.00587254 -0.00515037 -0.00603534 -0.0067655 -0.00526931 -0.0019545 0.000103101 -0.00105614 -0.00374138 -0.00500862 -0.00340623 
0.018256 0.0226893 0.0288903 0.0364799 0.0415395 0.0412593 0.0360962 0.0280471 0.018709 0.00888542 -0.00116085 -0.0107714 -0.0178846 -0.0206058 -0.0194864 -0.0167852 -0.014084 -0.0114701 -0.00867336 -0.00620592 -0.00516629 -0.0059381 -0.00708824 -0.00653202 -0.00447461 -0.00328831 -0.00319344 -0.00101613 0.00510887 0.0126394 
0.0317977 0.0340247 0.0368136 0.0433043 0.0502598 0.0525569 0.0483634 0.039405 0.0280124 0.0155593 0.00278935 -0.00918663 -0.0180341 -0.0217599 -0.0210191 -0.0183739 -0.0156302 -0.0127993 -0.00938487 -0.00584282 -0.0037501 -0.00450701 -0.00734312 -0.00965225 -0.0103597 -0.0104843 -0.00895047 -0.00203834 0.0108537 0.024212 
0.0419006 0.0446083 0.0459957 0.0508453 0.0571101 0.0593425 0.0548177 0.0453248 0.0337627 0.0213055 0.00784517 -0.00588795 -0.0169868 -0.0225671 -0.0228459 -0.0204743 -0.0174885 -0.0140238 -0.00953051 -0.00440026 -0.000733142 -0.00116173 -0.00573375 -0.0111942 -0.014807 -0.0161455 -0.0135455 -0.0035374 0.0136796 0.0314059 
0.047518 0.0511474 0.0516361 0.0544506 0.0587404 0.0596136 0.05417 0.044448 0.0339162 0.0232625 0.0108107 -0.00363716 -0.0165405 -0.0238103 -0.0249997 -0.0226381 -0.018903 -0.0143063 -0.00859008 -0.00212723 0.00277805 0.002824 -0.00239978 -0.00919421 -0.0141071 -0.0163551 -0.0141946 -0.00393065 0.0146346 0.0347221 
0.048243 0.0520059 0.0514371 0.052911 0.0563413 0.0568452 0.0513741 0.0422644 0.0332498 0.0243836 0.0127336 -0.00236548 -0.0166125 -0.0250279 -0.0268115 -0.0243092 -0.019661 -0.013869 -0.00732871 -0.000592174 0.00431171 0.00460623 0.000423203 -0.00465165 -0.00827683 -0.0109343 -0.0110016 -0.00341212 0.0137962 0.0343634 
0.0471835 0.0511344 0.0502508 0.0520634 0.0565492 0.057885 0.0529385 0.044605 0.0365108 0.027974 0.01565 -0.00067546 -0.0159846 -0.0251442 -0.0274953 -0.0251662 -0.0200425 -0.0135428 -0.00693332 -0.00120164 0.00233726 0.00266059 0.00119352 0.00066425 0.000763911 -0.00129691 -0.0041695 -0.000922883 0.0130263 0.0327426 
0.0463401 0.0507167 0.0507709 0.054385 0.0607057 0.0626199 0.0572852 0.0486083 0.0402886 0.0312189 0.018202 0.00154125 -0.0138064 -0.0232956 -0.0264302 -0.0248214 -0.0198848 -0.0133117 -0.00729537 -0.00345718 -0.00215908 -0.00194343 0.000259403 0.00595391 0.011742 0.012236 0.00785069 0.00655019 0.0155779 0.0324466 
0.0418808 0.0457834 0.0478136 0.054172 0.0621098 0.0637566 0.0571438 0.0473216 0.0384767 0.0297217 0.0180999 0.00358352 -0.0100734 -0.0192852 -0.0232999 -0.0227913 -0.0185277 -0.0122959 -0.00709143 -0.0052133 -0.006122 -0.00590997 8.54532e-05 0.0124119 0.0252389 0.0306925 0.0269338 0.021027 0.0222525 0.0319477 
0.03021 0.0325412 0.0371586 0.046578 0.0557698 0.0572399 0.0501576 0.0399674 0.0312122 0.0238002 0.0152052 0.00454952 -0.0061464 -0.0143102 -0.018803 -0.0193343 -0.0159598 -0.0102491 -0.00551643 -0.00447403 -0.00605425 -0.00482379 0.00482197 0.0229389 0.0425447 0.0539041 0.051805 0.0404101 0.030275 0.0279442 
0.0171191 0.0172332 0.0231221 0.0334466 0.0424235 0.0444728 0.0392845 0.0307767 0.0228713 0.0166107 0.0105455 0.00339761 -0.00421438 -0.0106762 -0.014842 -0.0159136 -0.0133573 -0.00817258 -0.00324903 -0.00120019 -0.000955343 0.00306569 0.0163551 0.0385787 0.0626999 0.0783928 0.0775084 0.060604 0.0386244 0.023321 
0.0178338 0.013369 0.0149372 0.0199615 0.0249377 0.0275009 0.0265545 0.0221258 0.0161115 0.0106221 0.00583724 0.000797192 -0.00461746 -0.00950628 -0.0129785 -0.0141402 -0.0121176 -0.00725771 -0.00158193 0.00271199 0.00626823 0.0139072 0.0304266 0.0549883 0.0808426 0.0985208 0.0992651 0.0810928 0.0536218 0.0306484 
0.0505678 0.0359089 0.0232125 0.0140357 0.00984567 0.0111185 0.0145576 0.0152014 0.0121334 0.00792127 0.00405618 -1.9142e-05 -0.00473741 -0.00939151 -0.0129692 -0.0143921 -0.0126471 -0.00773116 -0.00104479 0.00537582 0.0114382 0.0211123 0.0389085 0.0640013 0.090212 0.109981 0.116448 0.106783 0.0869959 0.0670721 
0.127274 0.0961975 0.0584775 0.0266416 0.00863687 0.00554753 0.0106724 0.0147311 0.0142748 0.0114992 0.00824414 0.00393018 -0.00201751 -0.00848602 -0.0136486 -0.0159016 -0.0142559 -0.00887268 -0.00125699 0.00608105 0.0121624 0.0204765 0.0360884 0.0594916 0.0863127 0.111602 0.131191 0.142365 0.146198 0.143048 
0.236045 0.186973 0.119224 0.0611364 0.0275616 0.0178879 0.0213034 0.0255485 0.0255306 0.0226271 0.0182705 0.0116776 0.00250864 -0.00725479 -0.014734 -0.0178797 -0.0160364 -0.00999661 -0.00200424 0.00455542 0.0080644 0.0120249 0.0224544 0.0420808 0.0697325 0.103483 0.141329 0.181218 0.219921 0.245088 
0.328971 0.269216 0.179835 0.103044 0.0588429 0.0439164 0.0439045 0.0453564 0.0429526 0.0374595 0.0296349 0.018745 0.00534405 -0.00754332 -0.0165317 -0.0198096 -0.017415 -0.0109049 -0.00338221 0.00102783 0.000673777 -0.000413727 0.00454447 0.0199513 0.0473918 0.0872491 0.139052 0.202525 0.272833 0.326829 
