0.419183 0.338639 0.215922 0.114908 0.0594838 0.0356397 0.0192731 -0.00350943 -0.0303389 -0.0482186 -0.0471105 -0.0302359 -0.0108369 2.75453e-05 0.000933629 -0.00294111 -0.00674423 -0.00869257 -0.00814315 -0.00388052 0.00423422 0.0126407 0.0157237 0.0120719 0.00893151 0.0215214 0.0695971 0.166758 0.296987 0.402368 
0.32964 0.263489 0.159843 0.073985 0.0298652 0.0173531 0.0135807 0.00203024 -0.0183207 -0.0353107 -0.0366706 -0.0225096 -0.00443604 0.00606151 0.00630931 0.00103451 -0.0042055 -0.00678939 -0.00615276 -0.00198145 0.00526678 0.0125974 0.0154291 0.0122557 0.00854748 0.0164525 0.0518331 0.126295 0.228959 0.314523 
0.220485 0.176281 0.102459 0.0403735 0.0112015 0.00969918 0.0167173 0.0148301 2.43425e-05 -0.0170113 -0.0227235 -0.0142698 -0.000540229 0.00797836 0.0077889 0.00231197 -0.00338917 -0.00646467 -0.00623801 -0.002592 0.00404775 0.0111197 0.0140834 0.0103375 0.00353153 0.00360817 0.0232584 0.0718047 0.143018 0.205717 
0.138531 0.116363 0.0708821 0.0297387 0.0107659 0.0139272 0.0253604 0.0284064 0.0166884 -0.00128399 -0.0119382 -0.0101358 -0.00168007 0.00473568 0.00511971 0.00110032 -0.00362091 -0.00649636 -0.00657868 -0.00330989 0.00341991 0.0112771 0.0149697 0.0103069 -0.00033433 -0.00774968 -0.000869115 0.0277864 0.0750939 0.121144 
0.0986622 0.0932509 0.0679007 0.0395073 0.0229554 0.0229934 0.0318133 0.0350604 0.0246818 0.00626215 -0.00791899 -0.011293 -0.006823 -0.00133755 0.000830287 -0.000455406 -0.00304453 -0.00485713 -0.00456739 -0.000974838 0.00651324 0.0155156 0.0199238 0.0143812 0.000747922 -0.0115157 -0.0117454 0.00617093 0.0402603 0.0774813 
0.0866479 0.0905892 0.0766032 0.0540514 0.0350991 0.0279314 0.0304599 0.0316225 0.0224614 0.00533154 -0.00968953 -0.0154744 -0.0128067 -0.00700135 -0.00259791 -0.00101907 -0.00126518 -0.00155701 -0.000194707 0.0043827 0.0127291 0.0222334 0.0266644 0.0206527 0.00609871 -0.00746541 -0.0097767 0.00403834 0.0317759 0.0638931 
0.0804656 0.0872251 0.0788826 0.0597055 0.0388882 0.0259288 0.0229571 0.0224154 0.015361 0.00129694 -0.0123019 -0.0185108 -0.0165854 -0.0105342 -0.00477384 -0.00138993 -1.40135e-05 0.00102552 0.00363605 0.00923953 0.0178457 0.0267582 0.0306806 0.0254123 0.0129196 0.00153785 -6.1984e-06 0.0118134 0.0343956 0.0604271 
0.0684508 0.0747987 0.0703137 0.0556767 0.0367109 0.0221562 0.0165303 0.0155882 0.0113378 0.0010948 -0.0104424 -0.0170713 -0.016754 -0.0119813 -0.00661248 -0.00299105 -0.00112102 0.000604941 0.00408114 0.0102302 0.0183749 0.0261359 0.0299609 0.0273319 0.0197334 0.0127682 0.0123689 0.0208977 0.0363836 0.0540768 
0.053049 0.0592166 0.0591735 0.0508668 0.0366333 0.0232948 0.0166084 0.0155411 0.0137899 0.00698622 -0.00308508 -0.011193 -0.0139294 -0.0119707 -0.00837996 -0.00566671 -0.00418148 -0.00241001 0.00142839 0.00772447 0.0152674 0.0222252 0.0268571 0.0280667 0.0263 0.023786 0.0234011 0.0269925 0.0344132 0.0438857 
0.0419154 0.049405 0.0542881 0.0523317 0.0427818 0.0305016 0.0221545 0.0198449 0.0193653 0.0150778 0.00592257 -0.00395932 -0.0099128 -0.0109 -0.00924117 -0.00761724 -0.00672901 -0.00518696 -0.00127528 0.00511552 0.0124436 0.0191405 0.024564 0.0285395 0.0307775 0.0310795 0.0301152 0.0295865 0.0311308 0.0353414 
0.0373304 0.046659 0.0555828 0.0582051 0.0515106 0.0389774 0.0279931 0.0232818 0.0227361 0.0200841 0.011978 0.00137745 -0.00640876 -0.00917173 -0.00863667 -0.00754526 -0.00690576 -0.00552939 -0.00169711 0.00474144 0.0120368 0.0182777 0.0229609 0.0266926 0.0297478 0.0314106 0.031085 0.0296652 0.0291465 0.0313336 
0.0338669 0.0438374 0.0549543 0.0602607 0.0553115 0.0425857 0.0296185 0.0226712 0.0213957 0.0197916 0.0132524 0.00349948 -0.00436855 -0.00761669 -0.00740118 -0.00628605 -0.00551743 -0.00422688 -0.000732147 0.00531608 0.0120482 0.0168742 0.018952 0.0199399 0.021975 0.0251264 0.0275742 0.0281246 0.0276978 0.0287297 
0.0255081 0.0339805 0.045479 0.0526492 0.0500186 0.03885 0.0259757 0.0180657 0.0161212 0.0153007 0.0108215 0.00313247 -0.00367066 -0.00680104 -0.00674882 -0.00562932 -0.00480388 -0.00378987 -0.00108822 0.00378122 0.0089785 0.0115155 0.0104348 0.00867258 0.0104608 0.0165026 0.0230362 0.0259848 0.0249292 0.0232369 
0.0136391 0.0189375 0.0295116 0.038278 0.0388473 0.0307818 0.0195855 0.0117585 0.00942237 0.00935458 0.00722643 0.00222184 -0.00302363 -0.00597023 -0.00641707 -0.00583074 -0.00546762 -0.00515605 -0.00372395 -0.000715564 0.00229022 0.00256198 -0.000507355 -0.00299394 0.000541706 0.0105532 0.0209592 0.0250865 0.0218072 0.0158235 
0.00590237 0.00761704 0.016286 0.0257307 0.02896 0.0237339 0.0141423 0.0065207 0.00395883 0.00464908 0.00477393 0.00247754 -0.00102628 -0.0036734 -0.00481148 -0.00523168 -0.00582114 -0.00652121 -0.00653316 -0.00552688 -0.00459943 -0.00566152 -0.0087775 -0.0098922 -0.00366844 0.00969336 0.0226553 0.0271258 0.0217505 0.0121507 
0.00745962 0.00602921 0.0120667 0.0206831 0.024773 0.0207331 0.0116032 0.00375243 0.000952722 0.00216521 0.00390447 0.00381958 0.00215613 0.000298118 -0.00112987 -0.00243398 -0.00397338 -0.00559118 -0.00680349 -0.00743243 -0.00799382 -0.00933774 -0.01112 -0.0101255 -0.00211926 0.0125064 0.0265851 0.0319595 0.0267272 0.0160624 
0.0158853 0.011713 0.0149047 0.0218261 0.0254304 0.0212191 0.0115674 0.00296808 -0.000410728 0.000670851 0.00301648 0.00439306 0.00459387 0.00418905 0.00330657 0.00179645 -0.000231351 -0.0024099 -0.00444777 -0.00628955 -0.00791028 -0.00915421 -0.00947084 -0.00699142 0.00111067 0.0150457 0.0296238 0.0373989 0.0349975 0.0255908 
0.0249862 0.0181138 0.018576 0.0239151 0.0270757 0.0227163 0.012467 0.00277587 -0.00182899 -0.00175043 0.000283714 0.00247464 0.00442147 0.00587358 0.00623256 0.00519595 0.00312355 0.000591517 -0.00215206 -0.00508407 -0.00774621 -0.00919817 -0.00876426 -0.00576576 0.00147754 0.0141385 0.0294563 0.0407963 0.0426996 0.0355149 
0.0312476 0.0216024 0.0190759 0.0228 0.0260775 0.0225831 0.0125857 0.0019787 -0.00426541 -0.0057322 -0.00441732 -0.00171895 0.00174456 0.00499509 0.00673649 0.00636597 0.00430317 0.00129622 -0.00231679 -0.00642435 -0.0102388 -0.0122883 -0.0117176 -0.00848817 -0.00168052 0.0104204 0.0267644 0.0414371 0.0473868 0.0424587 
0.035317 0.022986 0.0166082 0.0176697 0.0208306 0.0189915 0.0104659 -0.00010688 -0.0075011 -0.010233 -0.00941736 -0.00619197 -0.00148101 0.0031578 0.00591855 0.00595049 0.00368387 6.3022e-06 -0.00459683 -0.00985418 -0.0147338 -0.0174132 -0.0167271 -0.0127209 -0.00504445 0.00762729 0.0247072 0.0410769 0.0495672 0.046651 
0.0389203 0.0242678 0.0132448 0.0101521 0.0119911 0.0116126 0.00545224 -0.00360956 -0.0107277 -0.0136855 -0.012792 -0.00895171 -0.0033401 0.00212294 0.00538694 0.005511 0.00294857 -0.00133564 -0.00674905 -0.0128809 -0.0185366 -0.0216312 -0.0205622 -0.0151189 -0.00552654 0.00829817 0.0252372 0.0412478 0.0506178 0.0495657 
0.0418226 0.0256131 0.0101845 0.00236161 0.00173467 0.00196789 -0.00159844 -0.00790915 -0.0132526 -0.0153452 -0.0139016 -0.00952595 -0.00346112 0.00228999 0.00570218 0.00586011 0.00319156 -0.00136432 -0.0071833 -0.0137834 -0.0199016 -0.0232702 -0.0218343 -0.0150187 -0.00362326 0.0108972 0.0265952 0.0408146 0.0501442 0.0510311 
0.0413127 0.0248418 0.00680756 -0.00450702 -0.00754392 -0.00729584 -0.00856606 -0.0118006 -0.0147708 -0.0155493 -0.0134484 -0.00878044 -0.00271292 0.00292219 0.00632642 0.00662681 0.00411828 -0.000374448 -0.00623444 -0.0129612 -0.0193284 -0.023043 -0.0217572 -0.0145584 -0.00259866 0.0114944 0.0251704 0.0371092 0.0460418 0.0486922 
0.0344933 0.0193788 0.00171586 -0.0102872 -0.0142366 -0.013772 -0.0131897 -0.0138927 -0.0149027 -0.0146418 -0.0121517 -0.00755857 -0.00189828 0.00331682 0.00659372 0.00706357 0.00481384 0.000522102 -0.00520497 -0.0118748 -0.0183931 -0.0226493 -0.0222756 -0.0160841 -0.00512641 0.00757664 0.0191684 0.0289668 0.0369355 0.0402775 
0.0212895 0.00876866 -0.00561177 -0.0151509 -0.0178048 -0.0162782 -0.0141197 -0.0131021 -0.0129709 -0.0123388 -0.0100634 -0.00609049 -0.00122245 0.00336542 0.00640097 0.0069613 0.00493602 0.000877954 -0.00461953 -0.0111024 -0.0176859 -0.0226116 -0.0237209 -0.0196007 -0.0107527 0.000174372 0.0101653 0.0181419 0.0241748 0.0263801 
0.00495523 -0.00470544 -0.0142248 -0.0192229 -0.0188702 -0.0154954 -0.0119093 -0.00977488 -0.00913436 -0.00876545 -0.00739473 -0.00459685 -0.000750579 0.00321112 0.00602309 0.00664742 0.00485578 0.00113924 -0.00393486 -0.0100077 -0.0164749 -0.0219982 -0.0246875 -0.022917 -0.0164692 -0.0072721 0.00155133 0.00786433 0.0110871 0.0105159 
-0.00998074 -0.0173584 -0.0222492 -0.0226049 -0.0190735 -0.0139207 -0.00923601 -0.00628221 -0.00525647 -0.00527238 -0.00501622 -0.00351521 -0.000591808 0.00294637 0.00566603 0.00639718 0.00489444 0.00165885 -0.00277812 -0.0082089 -0.0143472 -0.0202266 -0.0241182 -0.0241847 -0.0196781 -0.011982 -0.00429043 0.000314352 0.000542703 -0.00327355 
-0.0200154 -0.0260046 -0.0279643 -0.0254793 -0.0202232 -0.0142994 -0.0090622 -0.00532544 -0.00352351 -0.00334054 -0.00361417 -0.00291081 -0.000549352 0.00275978 0.00543705 0.00624014 0.00496852 0.00216967 -0.0016503 -0.00642339 -0.0121247 -0.0180349 -0.0224758 -0.0234921 -0.0201877 -0.0137868 -0.00742659 -0.00445334 -0.00642144 -0.0124521 
-0.0239316 -0.0293603 -0.0306394 -0.027871 -0.0228387 -0.017227 -0.011836 -0.00724338 -0.00421164 -0.00305399 -0.00294252 -0.00229354 -0.000131605 0.00298011 0.00548979 0.00618313 0.00490965 0.00225683 -0.00125515 -0.00559817 -0.010865 -0.01647 -0.0208198 -0.022072 -0.019513 -0.0143821 -0.00945212 -0.00758847 -0.0101903 -0.0164876 
-0.0227792 -0.0281864 -0.0304378 -0.0291447 -0.0254024 -0.0204299 -0.0149255 -0.00957852 -0.00541836 -0.00313888 -0.00222357 -0.00120787 0.00093224 0.00378222 0.00595358 0.00633407 0.00480873 0.0019897 -0.00154487 -0.00570302 -0.0105766 -0.0156749 -0.0196067 -0.0208488 -0.0189845 -0.0151613 -0.0114498 -0.00984035 -0.0115095 -0.0163557 
-0.0190265 -0.0244864 -0.0280326 -0.0284099 -0.0257971 -0.0211232 -0.0153928 -0.00965675 -0.00506641 -0.00231777 -0.000959709 0.000316071 0.00241823 0.00498058 0.00676851 0.00678148 0.00493608 0.00187076 -0.00176399 -0.00579881 -0.0103229 -0.0149686 -0.0185959 -0.0199884 -0.0188928 -0.0161928 -0.0131995 -0.0111388 -0.0111461 -0.013941 
-0.0155291 -0.0206346 -0.0246636 -0.0258235 -0.0236557 -0.0189257 -0.0129729 -0.00721826 -0.00287842 -0.000458389 0.000677807 0.0018321 0.00378267 0.00610146 0.00760582 0.00735848 0.00530793 0.00213822 -0.00143913 -0.00524196 -0.00944213 -0.013851 -0.0175471 -0.0194307 -0.0191327 -0.0171773 -0.0144026 -0.011727 -0.0104001 -0.011631 
-0.0144669 -0.0186039 -0.0220181 -0.0229589 -0.0207343 -0.0159305 -0.00993906 -0.00435421 -0.000475754 0.00131085 0.00187332 0.00265058 0.00438633 0.00656315 0.00795601 0.00762507 0.00554992 0.00248492 -0.000814516 -0.00422897 -0.00809663 -0.0124467 -0.0165292 -0.0191916 -0.0197323 -0.0183144 -0.0156626 -0.0127957 -0.0110388 -0.0115522 
-0.0164624 -0.0192209 -0.0213585 -0.0214929 -0.0189849 -0.0142764 -0.00856323 -0.00331995 0.000162968 0.00149926 0.00163739 0.0021301 0.00376389 0.00597681 0.007474 0.00728109 0.00541203 0.00269636 -9.99903e-05 -0.00297934 -0.00647578 -0.010804 -0.0153216 -0.0187915 -0.0202255 -0.0195572 -0.0175547 -0.0153477 -0.014074 -0.0144642 
-0.0204296 -0.0218087 -0.0225428 -0.0216039 -0.0186244 -0.0141419 -0.00912115 -0.00461854 -0.0016313 -0.000512988 -0.000422552 0.000123853 0.00192114 0.00441462 0.00628125 0.00653133 0.00521111 0.00318689 0.00117344 -0.00099503 -0.00402215 -0.00819889 -0.0128935 -0.0168766 -0.0191821 -0.019773 -0.0193783 -0.0188445 -0.0187374 -0.019281 
-0.0244804 -0.0247133 -0.0240743 -0.0218304 -0.0181475 -0.0139751 -0.0101106 -0.00695874 -0.00489725 -0.00407892 -0.0038466 -0.00297087 -0.000758841 0.00225186 0.00476937 0.00582476 0.005474 0.00455037 0.00365168 0.00242808 5.10727e-05 -0.00373515 -0.00822422 -0.012313 -0.015392 -0.0176957 -0.0197457 -0.021647 -0.0231086 -0.0239769 
-0.027178 -0.0263773 -0.0242563 -0.0205053 -0.0160332 -0.0123118 -0.0099743 -0.00869782 -0.00809131 -0.00794968 -0.00773549 -0.00652749 -0.00382515 -0.000183604 0.00316229 0.00528411 0.00621575 0.00669672 0.00716589 0.00708014 0.00550635 0.00227793 -0.00177735 -0.00572479 -0.00944256 -0.0135208 -0.0181906 -0.0226568 -0.0257595 -0.027097 
-0.0280329 -0.0260872 -0.0223608 -0.0172004 -0.012195 -0.00911389 -0.00837607 -0.00907874 -0.0101718 -0.0110417 -0.0111491 -0.00982117 -0.00677828 -0.00263304 0.00144332 0.0045858 0.00679949 0.00869999 0.0105433 0.0115856 0.010801 0.00814534 0.00460353 0.000968118 -0.00308971 -0.00848621 -0.0152237 -0.0218007 -0.0263867 -0.0282951 
-0.0273596 -0.0241538 -0.0189216 -0.0128175 -0.00777988 -0.00546457 -0.0060439 -0.0083313 -0.0108916 -0.0127659 -0.0133366 -0.0121089 -0.00901554 -0.00473039 -0.000324887 0.00345544 0.00661271 0.0096248 0.01255 0.0144707 0.0143351 0.0122874 0.00949359 0.00659026 0.0027961 -0.00313581 -0.0111234 -0.0192743 -0.0252764 -0.027932 
-0.0259093 -0.0214194 -0.0148868 -0.00833842 -0.00374411 -0.00228612 -0.00382178 -0.00710196 -0.0105884 -0.0131313 -0.0140504 -0.0129998 -0.0101008 -0.00604899 -0.00175811 0.00219064 0.00580674 0.00942218 0.0129295 0.0153512 0.0157445 0.0144908 0.0128793 0.0112838 0.00838686 0.00257084 -0.00610168 -0.015562 -0.0230929 -0.0267288 
-0.024146 -0.0182157 -0.0104001 -0.00363603 0.000189693 0.000565298 -0.0018867 -0.00584006 -0.00981211 -0.0126529 -0.0137108 -0.0127892 -0.0101482 -0.00644176 -0.00241531 0.0014555 0.00513055 0.00881398 0.0123588 0.0149232 0.015792 0.0155094 0.0153011 0.0151495 0.0132108 0.00760194 -0.00156868 -0.0121107 -0.0209763 -0.0254136 
-0.0217186 -0.0140695 -0.00494011 0.0019496 0.00484381 0.00390543 0.000309465 -0.00441782 -0.00882091 -0.0118443 -0.0129733 -0.0121828 -0.00978962 -0.00632307 -0.00241393 0.00140308 0.00492832 0.00828667 0.0114673 0.0139387 0.0152292 0.0158626 0.0167802 0.0175151 0.0158651 0.00999453 0.000354293 -0.0106451 -0.0198348 -0.0240866 
-0.0179047 -0.00869718 0.00124197 0.00791397 0.00992463 0.00793854 0.00335539 -0.00222034 -0.0072351 -0.0106042 -0.0119747 -0.0115378 -0.00958658 -0.00641055 -0.00254263 0.0012895 0.00462717 0.00753489 0.0102251 0.012515 0.0141028 0.015373 0.0169257 0.0178769 0.0157866 0.0091385 -0.000862004 -0.0113382 -0.0193002 -0.021989 
-0.0126571 -0.00280384 0.00676581 0.0125093 0.0138337 0.0117264 0.00715022 0.00124265 -0.00435645 -0.0082548 -0.0101323 -0.0104341 -0.00940693 -0.00696717 -0.00342476 0.000332226 0.0035355 0.0061097 0.00840665 0.0104925 0.0121615 0.0137228 0.015633 0.016715 0.0142066 0.00683521 -0.00323995 -0.012413 -0.0180446 -0.0183822 
-0.00691265 0.00263831 0.0108367 0.014978 0.0156376 0.0142257 0.0108733 0.00562745 -6.80909e-05 -0.00436598 -0.00680262 -0.0080901 -0.00847656 -0.00739985 -0.0047083 -0.00126708 0.00183545 0.00422455 0.0062112 0.00799399 0.00945685 0.0109908 0.0132084 0.0148572 0.0127279 0.00539942 -0.00429539 -0.0120104 -0.015362 -0.0136405 
-0.00139925 0.00799598 0.0150319 0.0174076 0.0168422 0.0156721 0.0136721 0.00972658 0.00466859 0.000531081 -0.00211811 -0.00427583 -0.00624684 -0.00694152 -0.00553935 -0.00268251 0.000243845 0.00243483 0.00402362 0.00531142 0.00633537 0.00764753 0.0101302 0.0126474 0.0116364 0.005255 -0.00354246 -0.0100226 -0.0118625 -0.00883126 
0.00457608 0.0152381 0.0224845 0.0233708 0.0203489 0.0174116 0.0152627 0.0123096 0.00846193 0.0052526 0.00296799 0.000278246 -0.00315554 -0.00570442 -0.00580804 -0.00376374 -0.00117262 0.000718294 0.00181107 0.0025293 0.0031438 0.00430659 0.00695214 0.0100512 0.0100455 0.00492677 -0.00252708 -0.0077186 -0.00840571 -0.00422063 
0.0119514 0.0253896 0.0341918 0.0338502 0.0270625 0.0200254 0.0156782 0.0129136 0.0106001 0.00899622 0.00754898 0.00453857 -0.000278083 -0.0046944 -0.00642841 -0.00537146 -0.00321021 -0.00157125 -0.000842655 -0.000523915 -6.47952e-05 0.00119427 0.00388569 0.00691582 0.00715524 0.00304766 -0.00270841 -0.00606998 -0.00515757 0.000743608 
0.0192648 0.0355596 0.046141 0.0447646 0.0339916 0.0220813 0.0146573 0.0117388 0.011263 0.0117459 0.0113594 0.00797177 0.00163101 -0.00477733 -0.00825868 -0.0082594 -0.00644693 -0.00480492 -0.00414286 -0.00402259 -0.00359713 -0.0021452 0.000555485 0.00324116 0.00337808 0.00015202 -0.0037373 -0.00494858 -0.00214995 0.00561182 
0.0226727 0.0401531 0.0516749 0.0498175 0.0366015 0.0212989 0.0116034 0.00889338 0.0105839 0.013463 0.0142629 0.0104574 0.00253529 -0.00586171 -0.0110394 -0.0120041 -0.0103767 -0.00850249 -0.00770661 -0.00775408 -0.00751529 -0.00597936 -0.00302673 -1.86602e-05 0.000783574 -0.00123205 -0.00365504 -0.00363251 -5.32597e-05 0.00824681 
0.0192751 0.0358058 0.0473041 0.0459469 0.0327457 0.016536 0.00602185 0.00402375 0.00805128 0.0135251 0.015799 0.0119538 0.00289156 -0.00705939 -0.0135762 -0.0152901 -0.0137965 -0.0117083 -0.0107459 -0.0109281 -0.0109658 -0.00936593 -0.00560111 -0.000964751 0.00184995 0.00130368 -0.000975913 -0.00204664 -0.000130536 0.0064148 
0.00976479 0.024145 0.0351062 0.0349857 0.0235777 0.00833881 -0.00182922 -0.00273811 0.00365466 0.0118356 0.0159889 0.0127797 0.00333608 -0.00751192 -0.014905 -0.0171741 -0.0159068 -0.01378 -0.0126027 -0.0126179 -0.0126511 -0.0107964 -0.00576523 0.00138317 0.00692896 0.00747751 0.00356957 -0.0011169 -0.00318705 -0.000130468 
-0.0015228 0.0101681 0.0199894 0.020901 0.011845 -0.00123878 -0.0098827 -0.00913464 -0.000463608 0.0101301 0.0160972 0.0137839 0.00437013 -0.00701743 -0.0150838 -0.0178836 -0.0169546 -0.0148611 -0.0132656 -0.0126185 -0.0121733 -0.00992102 -0.00376401 0.00570335 0.0137703 0.0150278 0.00881718 -0.000349869 -0.00717151 -0.008082 
-0.00866079 -0.000766918 0.00663416 0.00773764 0.00129394 -0.00824634 -0.0137989 -0.0108222 -0.000583059 0.0111067 0.0177506 0.0156995 0.0060838 -0.00595263 -0.0148687 -0.018396 -0.0178731 -0.0157005 -0.013426 -0.0117561 -0.0105429 -0.00797184 -0.00123682 0.00990958 0.0204405 0.0233383 0.0164443 0.00431871 -0.00642364 -0.0112645 
-0.00788696 -0.00522998 -0.00125916 -0.000129992 -0.00310655 -0.00765512 -0.00915211 -0.00441081 0.0055515 0.0160041 0.021391 0.0184359 0.00809155 -0.00486699 -0.0149232 -0.0194038 -0.0192565 -0.0167821 -0.0136393 -0.0108537 -0.00882296 -0.00601727 0.000981597 0.0136165 0.0273551 0.0340725 0.0295796 0.0172004 0.00381291 -0.00526313 
-0.000283733 -0.00286022 -0.0015475 0.000745476 0.00212176 0.00262369 0.00412842 0.0086448 0.0159444 0.0229717 0.025514 0.0208011 0.00948078 -0.00433643 -0.0154014 -0.0206524 -0.0205715 -0.0174477 -0.0132345 -0.00928532 -0.00638931 -0.00329115 0.00383827 0.017679 0.0348343 0.0467825 0.047114 0.0367395 0.0217096 0.00814305 
0.00959263 0.00373368 0.00442364 0.00902522 0.0143188 0.0178843 0.0196586 0.0215447 0.0246756 0.0275579 0.0270044 0.0206339 0.00883197 -0.00499131 -0.016086 -0.0212712 -0.0206603 -0.0164793 -0.0109102 -0.00557907 -0.00165707 0.00162559 0.00804526 0.021303 0.0398246 0.0559986 0.0618034 0.0549682 0.0396105 0.0225218 
0.0175884 0.010265 0.011184 0.0174778 0.02475 0.0288616 0.0287754 0.0270307 0.0262232 0.0258965 0.0232968 0.0162776 0.00519188 -0.00712413 -0.0167293 -0.020813 -0.0192703 -0.0139771 -0.00697298 -3.79364e-05 0.00502366 0.00793273 0.0118204 0.0213075 0.0375013 0.0553018 0.0662286 0.0645248 0.0511716 0.0328589 
0.0228707 0.0134709 0.0128919 0.0184937 0.0256088 0.0292668 0.027661 0.0235596 0.0205121 0.0186915 0.0154799 0.00893697 -0.00036351 -0.0100081 -0.0171344 -0.0197428 -0.0175996 -0.0118438 -0.00387763 0.00452914 0.0106115 0.0124497 0.0121568 0.0154043 0.0265817 0.0441279 0.0601863 0.0656534 0.0571538 0.0397501 
0.0281224 0.0136364 0.00843758 0.0109521 0.0168526 0.0207793 0.0198414 0.0159929 0.0128835 0.0111127 0.00825959 0.00262872 -0.00485968 -0.0120155 -0.0169936 -0.0187192 -0.0168823 -0.0116859 -0.00358919 0.00578314 0.0126076 0.0131736 0.00855929 0.00550111 0.0115108 0.0286431 0.0504688 0.065132 0.0638752 0.0481796 
0.0374136 0.0142911 0.00195575 0.000507878 0.00540477 0.01057 0.0119307 0.010143 0.00839721 0.00760643 0.00560383 0.000771503 -0.00576078 -0.0117389 -0.0158078 -0.0175533 -0.0166948 -0.0126779 -0.00508141 0.00469303 0.0120453 0.0118399 0.0041902 -0.00357365 -0.00163201 0.0153486 0.0432644 0.0686541 0.0767042 0.0630513 
0.0542641 0.0202608 -0.000464467 -0.00552113 -0.000971875 0.00534533 0.00833653 0.00794924 0.00727566 0.00766763 0.00701245 0.00315824 -0.00305936 -0.00906777 -0.0132147 -0.0152766 -0.0152182 -0.012261 -0.00545018 0.00418044 0.0118885 0.0116917 0.00254849 -0.00856744 -0.0104756 0.00539565 0.0386076 0.0758078 0.0959289 0.0862449 
0.0821325 0.0373208 0.00749396 -0.00133209 0.00264261 0.00862568 0.0104017 0.00826295 0.00640551 0.00719999 0.00834322 0.00627252 0.000706028 -0.0055017 -0.00977586 -0.0116402 -0.0115624 -0.00921806 -0.00352162 0.00520349 0.0129441 0.0134238 0.00398719 -0.0099077 -0.0165602 -0.00390881 0.0328307 0.0825608 0.118626 0.117732 
0.126783 0.0732088 0.0327508 0.0175123 0.0183939 0.02117 0.0179449 0.00982832 0.00322502 0.00242287 0.0051399 0.00583157 0.00215097 -0.00335979 -0.00713548 -0.00814479 -0.00741735 -0.00552768 -0.00149868 0.00548182 0.012942 0.0147659 0.00629481 -0.00950544 -0.0212207 -0.0133524 0.0252005 0.0879023 0.144429 0.159749 
0.195979 0.135578 0.0804651 0.052384 0.0445988 0.0401851 0.0287425 0.0114147 -0.00320872 -0.00819782 -0.00491927 -0.00069671 -0.000758358 -0.00406306 -0.00666033 -0.00677159 -0.00558544 -0.00443159 -0.00242584 0.00254242 0.00984552 0.0137994 0.00779957 -0.00795458 -0.0229283 -0.0189263 0.021375 0.0977793 0.179138 0.218816 
0.289908 0.222318 0.145961 0.0961428 0.0728112 0.0578733 0.0374171 0.0106894 -0.0128894 -0.0236386 -0.0207829 -0.012462 -0.00717136 -0.00673974 -0.00781291 -0.00769487 -0.00688262 -0.00676559 -0.00642291 -0.00281015 0.00486534 0.0114099 0.00893762 -0.00438802 -0.0189533 -0.0151404 0.0289901 0.119895 0.228364 0.297649 
0.386239 0.309892 0.207996 0.131215 0.0892789 0.0643481 0.038144 0.0059226 -0.0239857 -0.0397339 -0.037483 -0.0248703 -0.0133266 -0.0083716 -0.00807109 -0.00866623 -0.00905195 -0.00987818 -0.0101895 -0.00683069 0.00150939 0.01012 0.0109556 0.00151038 -0.00920654 -0.001646 0.0480419 0.151449 0.283111 0.379502 
0.440988 0.358026 0.23665 0.138999 0.0840007 0.0551368 0.0301187 -0.000720914 -0.0316686 -0.0497494 -0.0478376 -0.031825 -0.0149134 -0.00603887 -0.00501074 -0.0070916 -0.00913278 -0.0105733 -0.0105758 -0.00674883 0.00185025 0.0110541 0.013781 0.00797931 0.00205928 0.0140013 0.0666822 0.174072 0.315244 0.425714 
