0.460391 0.398061 0.292393 0.178826 0.0876256 0.033762 0.0133911 0.00983484 0.0068497 -0.00132337 -0.0108841 -0.0162864 -0.0157625 -0.0111099 -0.0051608 -0.00046976 0.00109266 -0.00103807 -0.00572387 -0.0104329 -0.0124012 -0.0104639 -0.00537988 0.00374045 0.0244835 0.0708191 0.153486 0.266188 0.379875 0.454169 
0.384919 0.325997 0.231494 0.131479 0.0524282 0.00820262 -0.00465877 -0.00238611 -0.00127652 -0.00722709 -0.0160015 -0.0210588 -0.0198439 -0.0141493 -0.00721216 -0.00176054 0.000396927 -0.0013476 -0.0059847 -0.0109125 -0.0132203 -0.0119647 -0.00833859 -0.00142101 0.0166669 0.0590449 0.133865 0.232663 0.328149 0.386224 
0.256904 0.209787 0.138836 0.0643885 0.00694331 -0.0208588 -0.0215803 -0.0107324 -0.004507 -0.00846137 -0.0172321 -0.0228829 -0.022065 -0.0166365 -0.0102094 -0.00555305 -0.0041822 -0.0064639 -0.0112738 -0.0158877 -0.0175259 -0.015955 -0.0133168 -0.00937645 0.00299464 0.035156 0.0924588 0.16523 0.230666 0.265157 
0.148462 0.115255 0.0683407 0.0188686 -0.0183615 -0.0320107 -0.0235266 -0.00707415 0.00185379 -0.0017391 -0.0116067 -0.0189546 -0.019986 -0.0164832 -0.0121066 -0.0094981 -0.00977239 -0.0128473 -0.0173198 -0.0204721 -0.0199558 -0.0163266 -0.0126078 -0.00961815 -0.00179513 0.0201205 0.0595365 0.107079 0.145197 0.160053 
0.0922277 0.0706557 0.0416253 0.00964151 -0.0150939 -0.0226122 -0.0127545 0.00310481 0.0113442 0.00732166 -0.00319461 -0.0119145 -0.0150879 -0.0141057 -0.0122042 -0.0116993 -0.0132635 -0.0162996 -0.0192221 -0.0197467 -0.0162561 -0.0096541 -0.00299488 0.00212959 0.00921485 0.0250622 0.0517727 0.0813016 0.100924 0.103852 
0.0755092 0.0620834 0.0449235 0.0237273 0.00458717 -0.00415759 -0.000247657 0.00937059 0.0143968 0.0103501 0.000981288 -0.00732327 -0.0113268 -0.0118557 -0.0114371 -0.0118909 -0.0133748 -0.0148012 -0.0146752 -0.011659 -0.00511944 0.00419042 0.0141721 0.0231626 0.032611 0.0465118 0.0655601 0.0831594 0.0907171 0.0864093 
0.0696292 0.061497 0.0528143 0.0394774 0.0235037 0.0111428 0.00648025 0.0074975 0.0081394 0.00440303 -0.00245837 -0.00855862 -0.0115196 -0.0117955 -0.0112703 -0.0112023 -0.011173 -0.00968945 -0.00559084 0.00126493 0.0104623 0.0215653 0.0337874 0.045912 0.0578119 0.0708176 0.0841307 0.0924448 0.0906872 0.0806577 
0.0572978 0.0527355 0.0507003 0.0445219 0.0326709 0.019008 0.0082306 0.00202662 -0.00158451 -0.00539585 -0.00985684 -0.0132533 -0.0142395 -0.0132762 -0.0118343 -0.0106417 -0.00875514 -0.00444098 0.00301739 0.0126717 0.0232255 0.0344935 0.0468122 0.0595734 0.0716968 0.0825469 0.0903192 0.0910788 0.0825416 0.0685938 
0.0402779 0.0384862 0.0413513 0.0413276 0.0346971 0.023195 0.0107752 0.000724022 -0.00597574 -0.0104022 -0.0135391 -0.015124 -0.0147818 -0.0131543 -0.0113865 -0.00974426 -0.00696969 -0.00133557 0.00742592 0.0175632 0.0271409 0.0361318 0.0457933 0.0563382 0.0665231 0.0747097 0.0786474 0.0755283 0.0646992 0.0504351 
0.027788 0.0283611 0.0339105 0.0375103 0.0350465 0.0271103 0.0163475 0.00583559 -0.00205752 -0.00692616 -0.00960702 -0.0106684 -0.0104086 -0.00945679 -0.00849797 -0.00741883 -0.00495527 0.000349595 0.00837612 0.016872 0.0234339 0.0280625 0.0327993 0.0390199 0.0462896 0.0529961 0.0565819 0.0543634 0.0459472 0.0349838 
0.0251845 0.0276582 0.033323 0.0366225 0.0347824 0.028877 0.0207482 0.0121654 0.00513851 0.000680892 -0.00170851 -0.00293226 -0.00355754 -0.00390067 -0.00406933 -0.00371586 -0.0018651 0.00248377 0.00893071 0.0150289 0.0181139 0.0181054 0.0175173 0.0188428 0.023072 0.0295263 0.035487 0.0374086 0.0340922 0.0283384 
0.0323864 0.0364172 0.0399197 0.0388434 0.0331225 0.0261443 0.0199971 0.0144911 0.00963182 0.0060611 0.00381421 0.00227405 0.000974556 -7.17243e-05 -0.000588481 -0.000225468 0.00153281 0.00516329 0.0100945 0.0140178 0.0144027 0.0111544 0.00675742 0.00407839 0.00528262 0.0112525 0.0199757 0.0271547 0.0302192 0.0307676 
0.0445715 0.050505 0.05085 0.0430408 0.030454 0.0200472 0.0149887 0.0127905 0.0103454 0.00726369 0.0044729 0.00238965 0.000935976 0.00012952 0.000160503 0.00117647 0.0032682 0.00644402 0.0100231 0.0120839 0.0106426 0.00576228 -0.000574859 -0.0061638 -0.00852101 -0.00489086 0.00495822 0.0173281 0.0281855 0.0368543 
0.0543627 0.0631631 0.0611898 0.0471852 0.0277403 0.013503 0.00906817 0.00987645 0.00954 0.006353 0.00230561 -0.000652901 -0.00205721 -0.00224869 -0.00151772 4.93864e-05 0.00233224 0.00501699 0.00730925 0.00768073 0.00480902 -0.000991718 -0.00839671 -0.0164384 -0.0231164 -0.0239767 -0.0153899 0.00121206 0.0207656 0.0392131 
0.0562388 0.068471 0.0664064 0.0494365 0.0260014 0.00929523 0.00524435 0.00815337 0.00924639 0.00565777 0.000256864 -0.00358324 -0.0049661 -0.00474285 -0.00371509 -0.00205288 0.000128516 0.00231462 0.00353996 0.00247837 -0.00171932 -0.0084808 -0.0168453 -0.0268398 -0.0373366 -0.0430997 -0.0374851 -0.0189134 0.00745188 0.0343528 
0.0488395 0.0638333 0.0641936 0.0488948 0.0260436 0.00923892 0.005246 0.00862094 0.0099181 0.00577782 -0.00042828 -0.00461003 -0.00586238 -0.00547368 -0.00444768 -0.00283687 -0.000703464 0.00124038 0.00182328 -0.000218612 -0.00546775 -0.0130912 -0.0219891 -0.0324679 -0.0443352 -0.0530359 -0.0508452 -0.0338246 -0.00608806 0.0238494 
0.0345491 0.0509198 0.0554789 0.0458427 0.0277162 0.012897 0.00839622 0.0103622 0.0104989 0.00577301 -0.000371254 -0.00403602 -0.00479103 -0.00417878 -0.00303681 -0.00120305 0.0012045 0.00322989 0.00356471 0.0010516 -0.00467919 -0.0125256 -0.0209138 -0.0298573 -0.0400496 -0.048909 -0.0498568 -0.0379484 -0.0152846 0.0110073 
0.0172874 0.0341448 0.0433516 0.0409161 0.029328 0.0174724 0.0121935 0.0118417 0.0102429 0.00512801 -0.000327536 -0.00296295 -0.00297168 -0.00194016 -0.000389821 0.0019693 0.00483946 0.00705654 0.00731767 0.00467779 -0.00099935 -0.0083767 -0.0153981 -0.0216225 -0.0285048 -0.0359169 -0.0396911 -0.034922 -0.0211766 -0.00236375 
0.000819413 0.0177751 0.0304146 0.033895 0.0283606 0.0199929 0.0149867 0.0133097 0.0106764 0.00551264 0.000628012 -0.00144877 -0.00117803 5.149e-05 0.00194934 0.00472276 0.00783519 0.0100312 0.0101389 0.0074781 0.00215078 -0.00438392 -0.00985738 -0.0135244 -0.0173425 -0.0232522 -0.0295477 -0.0317376 -0.0268486 -0.0152364 
-0.0101956 0.00572266 0.0187585 0.0247975 0.0235052 0.0191389 0.016433 0.0155889 0.0133538 0.0085605 0.00369376 0.00107855 0.000574937 0.00125479 0.00293968 0.00558757 0.00841872 0.0101846 0.00992305 0.00726749 0.00258397 -0.00269738 -0.00653723 -0.0082651 -0.0100646 -0.0150181 -0.023058 -0.0300069 -0.0309635 -0.0238282 
-0.0108646 0.00172578 0.0111055 0.0154978 0.0158126 0.0150777 0.0157672 0.0171152 0.0163087 0.0124092 0.00749888 0.00386305 0.00199987 0.00158902 0.00254157 0.00456956 0.00670895 0.00777661 0.00708325 0.00465689 0.00117699 -0.00209913 -0.00385881 -0.00405399 -0.00489267 -0.00936585 -0.0176967 -0.0258297 -0.0282732 -0.0225146 
-0.000460686 0.00657669 0.00922554 0.00868138 0.00782513 0.00893132 0.0120299 0.0150618 0.0156531 0.0131098 0.00888791 0.00496696 0.00231946 0.0011386 0.00143522 0.00280507 0.00424128 0.00472024 0.00390088 0.0022377 0.0006667 9.77156e-05 0.000736481 0.00159851 0.000717853 -0.00352349 -0.0103365 -0.015927 -0.016002 -0.00963518 
0.0151824 0.0159122 0.0115061 0.00531693 0.00160388 0.00217853 0.00539375 0.00852038 0.0098565 0.00889798 0.00626614 0.00330723 0.00109555 7.75899e-05 0.00031057 0.00138681 0.00242309 0.00269296 0.00226285 0.00192233 0.00263176 0.00476091 0.00737836 0.00856577 0.00695866 0.0030592 -0.000767164 -0.00151496 0.00243029 0.00944883 
0.0267872 0.0224503 0.0136246 0.00401531 -0.00232532 -0.00393265 -0.00262255 -0.000627424 0.00102093 0.00163224 0.00092973 -0.000376334 -0.00130793 -0.00139199 -0.000621572 0.000616099 0.0016416 0.00208199 0.00237138 0.00345233 0.00604503 0.00992076 0.013406 0.0142052 0.0117368 0.00840569 0.00782852 0.0117911 0.0188277 0.0250995 
0.0280038 0.0213871 0.012311 0.00311271 -0.00400636 -0.00795815 -0.00927546 -0.0086873 -0.00683117 -0.00503574 -0.00431957 -0.00429211 -0.00402078 -0.00308893 -0.00159317 7.26653e-05 0.00138636 0.00221529 0.00318261 0.00519848 0.00863905 0.0128444 0.0159643 0.0158824 0.0126304 0.00963473 0.0110551 0.0175707 0.0254478 0.0297176 
0.0193359 0.0132888 0.00735736 0.00178961 -0.00380007 -0.00881871 -0.0120131 -0.0123797 -0.0104238 -0.00818245 -0.00706945 -0.0066722 -0.00597647 -0.00458366 -0.00266822 -0.000644422 0.00103459 0.00228873 0.00369356 0.00598701 0.00926818 0.0127164 0.0146884 0.013479 0.00941493 0.00609579 0.00763331 0.0140774 0.020792 0.0228255 
0.00579446 0.0015829 -0.000244601 -0.00115938 -0.00369394 -0.0078398 -0.0111536 -0.0115039 -0.00938343 -0.00720999 -0.00645194 -0.0065221 -0.0062371 -0.00511392 -0.00333033 -0.00129712 0.000573678 0.0021463 0.00377858 0.00594832 0.00859089 0.010929 0.011635 0.00939591 0.00463723 0.000661197 0.00110803 0.0057034 0.00999718 0.00989925 
-0.00768803 -0.0106154 -0.00964896 -0.00708762 -0.00648328 -0.0083134 -0.00994503 -0.00906056 -0.00624283 -0.00395522 -0.00356645 -0.0043301 -0.00484136 -0.00442374 -0.00318515 -0.00149497 0.000302484 0.00201472 0.00373719 0.00566846 0.0076697 0.00911458 0.00897613 0.00625314 0.00137293 -0.00291174 -0.00376493 -0.00174722 -0.000565282 -0.00298379 
-0.0179301 -0.0207229 -0.0191048 -0.0152993 -0.0127093 -0.0120076 -0.0110796 -0.00815495 -0.00404656 -0.00113484 -0.000687306 -0.00185881 -0.00301869 -0.00326405 -0.00261009 -0.00137277 0.00018351 0.00185076 0.00353028 0.00520948 0.00673931 0.00767941 0.00727005 0.00473917 0.00039482 -0.00373073 -0.00569217 -0.00618201 -0.00793544 -0.012447 
-0.0232572 -0.0263878 -0.0256266 -0.0224633 -0.0193694 -0.0169345 -0.0138273 -0.00910154 -0.00381551 -0.000198479 0.000582631 -0.000590944 -0.00197077 -0.00252995 -0.00223216 -0.00135376 -9.37564e-05 0.00136574 0.00285117 0.00425283 0.0054406 0.00611085 0.00569143 0.00355997 -0.000157386 -0.00411154 -0.00697129 -0.00917311 -0.0124723 -0.0176723 
-0.0233354 -0.0262471 -0.0264994 -0.0246665 -0.0220742 -0.0190989 -0.0151268 -0.00988278 -0.00444126 -0.000709824 0.000291568 -0.000635424 -0.0018629 -0.00242989 -0.00229686 -0.00168669 -0.000728108 0.000449968 0.00167623 0.00281187 0.00372842 0.00416093 0.003616 0.00157933 -0.0019126 -0.00592814 -0.00934921 -0.0120609 -0.015019 -0.0189894 
-0.0191361 -0.0208368 -0.0212701 -0.0204385 -0.0187809 -0.0164077 -0.0131161 -0.00892202 -0.00460259 -0.00154609 -0.000589074 -0.00118792 -0.00211483 -0.00263271 -0.00268056 -0.00234933 -0.0016535 -0.000669654 0.000414323 0.0014036 0.00212681 0.00230935 0.00150892 -0.000660851 -0.00412416 -0.0081306 -0.0115952 -0.0138907 -0.0153954 -0.0170485 
-0.0133488 -0.0132971 -0.0130353 -0.0125444 -0.0118477 -0.0107786 -0.00915227 -0.00691243 -0.0043788 -0.00235796 -0.00151352 -0.00171132 -0.00231537 -0.00287054 -0.00321585 -0.00320976 -0.00270876 -0.0017635 -0.000644787 0.000330741 0.000918043 0.000873189 -0.000106047 -0.00222473 -0.00535379 -0.00891758 -0.0119751 -0.0136532 -0.013883 -0.0135238 
-0.0101856 -0.00866274 -0.00735459 -0.00660221 -0.00647425 -0.00664073 -0.00668243 -0.00625313 -0.00524091 -0.00397214 -0.00298511 -0.00259333 -0.00278363 -0.00335695 -0.00399065 -0.00427533 -0.00391791 -0.00296876 -0.00179946 -0.000857259 -0.000455054 -0.000750606 -0.00181049 -0.00362015 -0.0060645 -0.00886957 -0.0114382 -0.0129137 -0.0128505 -0.0116966 
-0.0124246 -0.0102296 -0.00806827 -0.00671184 -0.00653651 -0.00723894 -0.00815278 -0.00861451 -0.00821852 -0.00700926 -0.00547017 -0.00428021 -0.00391889 -0.00436213 -0.00512418 -0.00558541 -0.00536673 -0.00453057 -0.00350129 -0.00279444 -0.00276088 -0.00347264 -0.00475544 -0.00635755 -0.00817972 -0.0102936 -0.0125513 -0.0142878 -0.0148158 -0.0140767 
-0.0178723 -0.0158034 -0.0133845 -0.0116034 -0.011053 -0.0115257 -0.0122646 -0.0124746 -0.0116923 -0.00991431 -0.0076369 -0.00573666 -0.00493999 -0.00527457 -0.00612264 -0.00674482 -0.00674194 -0.00619945 -0.00555753 -0.00534421 -0.00591437 -0.00727678 -0.0090718 -0.0108122 -0.0123183 -0.0138821 -0.0157696 -0.0176413 -0.0188245 -0.0189308 
-0.0205956 -0.0191097 -0.0171859 -0.0156247 -0.0148575 -0.0146835 -0.0144777 -0.0136408 -0.0119301 -0.00948098 -0.00681422 -0.00479281 -0.00411447 -0.0047322 -0.00593474 -0.0069317 -0.00732408 -0.00721802 -0.00708108 -0.00746634 -0.00872049 -0.0107833 -0.0131641 -0.0152008 -0.016555 -0.0175065 -0.0185505 -0.0197421 -0.0207242 -0.0211163 
-0.0166738 -0.0158753 -0.0150306 -0.0143214 -0.0136435 -0.0127326 -0.0113156 -0.00927429 -0.00676468 -0.00411802 -0.00181007 -0.000495053 -0.000639732 -0.00205484 -0.00399272 -0.00566734 -0.00666303 -0.00706316 -0.00736204 -0.00818169 -0.00989455 -0.0123834 -0.0150823 -0.0172601 -0.0184249 -0.018631 -0.018336 -0.0179303 -0.0175649 -0.01721 
-0.00797886 -0.00784171 -0.00829532 -0.00864546 -0.00812252 -0.00646153 -0.00389265 -0.000887853 0.00198551 0.00425893 0.00560068 0.00568025 0.00433653 0.00189323 -0.000931281 -0.00341094 -0.00511074 -0.00603678 -0.00665008 -0.00762609 -0.00941247 -0.0119191 -0.0145786 -0.0166497 -0.0175173 -0.0169513 -0.0152174 -0.0129005 -0.0106434 -0.00892939 
-0.000109218 -0.000580203 -0.00210327 -0.00316953 -0.0024797 0.000103042 0.00380185 0.00759458 0.0105916 0.0122845 0.0125512 0.0113954 0.00892951 0.00557454 0.00199532 -0.00117342 -0.00351825 -0.00496982 -0.00588144 -0.00689207 -0.00852979 -0.010827 -0.013267 -0.0150663 -0.0155114 -0.0142319 -0.0114004 -0.00770243 -0.00406592 -0.00133637 
0.00283998 0.00188314 -8.2015e-05 -0.00109404 0.000382521 0.00425415 0.0092371 0.0138591 0.0170288 0.0182907 0.0177426 0.0156554 0.0123331 0.00827211 0.00412322 0.000446735 -0.00241996 -0.00438938 -0.00568266 -0.00682305 -0.00837554 -0.0104963 -0.012693 -0.0140855 -0.0139175 -0.0119376 -0.0085107 -0.00445919 -0.00072707 0.00190255 
0.00168897 0.000286225 -0.00153408 -0.00179449 0.000947403 0.0063023 0.0125824 0.0180236 0.0214782 0.0225948 0.0216235 0.0189802 0.0150715 0.0104631 0.00585105 0.00176584 -0.00154651 -0.00401942 -0.00576093 -0.00716766 -0.00878642 -0.0107991 -0.0126644 -0.0134175 -0.0123606 -0.00955753 -0.00581878 -0.00223574 0.000384031 0.00173067 
0.00113757 -0.000884725 -0.00254897 -0.00213277 0.00147105 0.00759988 0.0144272 0.0202114 0.0239141 0.0252265 0.0243477 0.0216499 0.0175503 0.0126732 0.00778127 0.00340219 -0.000276698 -0.00318088 -0.00530822 -0.00694831 -0.00859097 -0.0103449 -0.0115939 -0.0113992 -0.00923039 -0.00546777 -0.00135573 0.00168227 0.00291327 0.00255079 
0.00506369 0.00234698 0.000311949 0.000270519 0.00297207 0.00781719 0.0134354 0.0185841 0.0224162 0.0244092 0.0243617 0.0223597 0.018744 0.0141815 0.00947689 0.005141 0.00134561 -0.00175022 -0.00399148 -0.00556831 -0.00691325 -0.00803523 -0.00828605 -0.00691251 -0.00365388 0.000946527 0.00552265 0.00848102 0.00901528 0.00754934 
0.0120847 0.00893273 0.00591115 0.00369852 0.00297031 0.00395772 0.00654351 0.0103454 0.0145407 0.0179709 0.019666 0.0192402 0.0169284 0.0134481 0.0096077 0.00585921 0.00237906 -0.000520254 -0.00248134 -0.00360445 -0.00430249 -0.00450477 -0.00356585 -0.001021 0.00303869 0.00803689 0.0128418 0.0159889 0.0165626 0.0148969 
0.0159771 0.0125866 0.00816505 0.00259676 -0.00304259 -0.00695763 -0.00761949 -0.00466389 0.000738653 0.00647144 0.0106581 0.012445 0.012015 0.0101637 0.00767758 0.00491263 0.00204229 -0.000455305 -0.00201092 -0.00263671 -0.00273834 -0.00217759 -0.000305749 0.0030673 0.00749123 0.0123684 0.0169101 0.019933 0.020479 0.0187832 
0.0115671 0.00766248 0.00177251 -0.00678894 -0.0162364 -0.0232554 -0.0251775 -0.0214791 -0.0139493 -0.00555271 0.00120733 0.00521955 0.00667922 0.00644112 0.00524372 0.00333742 0.000870157 -0.00156279 -0.00319315 -0.00387186 -0.00391227 -0.00311703 -0.00087748 0.0027765 0.00713031 0.0115291 0.0153606 0.0176016 0.0173193 0.0148641 
0.0014723 -0.00354211 -0.0106777 -0.0205932 -0.0308998 -0.0376485 -0.0381097 -0.0322692 -0.0225284 -0.0121694 -0.0037146 0.00178662 0.00455044 0.00538718 0.00492871 0.00331663 0.000652855 -0.00240356 -0.00487191 -0.00629369 -0.00674489 -0.00602377 -0.00373142 -0.000122265 0.00398915 0.00790831 0.0109314 0.0119427 0.0100984 0.0060692 
-0.00417858 -0.010875 -0.019217 -0.0292336 -0.0382914 -0.042741 -0.0405645 -0.032585 -0.0216621 -0.010864 -0.002178 0.0036796 0.00693618 0.00823444 0.00799962 0.00622738 0.00297142 -0.00103807 -0.00456609 -0.00674454 -0.00736102 -0.00636134 -0.00379809 -0.000166467 0.00386142 0.00771007 0.0104483 0.0106697 0.00757918 0.00206717 
0.00253057 -0.00605157 -0.0160082 -0.0264556 -0.0347489 -0.0378045 -0.0342704 -0.0256135 -0.0149834 -0.00508777 0.00273706 0.00817501 0.011473 0.0130424 0.0130073 0.0111728 0.00758372 0.00311056 -0.000742566 -0.00276732 -0.00263673 -0.000718413 0.00229347 0.00579504 0.00966077 0.0138063 0.017221 0.0181396 0.0155104 0.00988404 
0.0188219 0.00893707 -0.00292149 -0.0150075 -0.0245852 -0.0287719 -0.0263017 -0.0187573 -0.00939831 -0.00078236 0.00608402 0.0111263 0.0145954 0.0166604 0.0171307 0.0156692 0.0124117 0.00842202 0.00538551 0.00460597 0.00618253 0.00905238 0.0118987 0.0143688 0.0173709 0.0216924 0.0264738 0.0296406 0.0295786 0.0258713 
0.0344818 0.0246477 0.0112916 -0.00308962 -0.0153226 -0.0222343 -0.0222002 -0.0165139 -0.00838905 -0.000499602 0.00606505 0.0112396 0.0152106 0.0179002 0.018895 0.017894 0.0152528 0.0121856 0.0103542 0.010874 0.0133908 0.0161905 0.0176934 0.0181975 0.0197897 0.0240325 0.0301644 0.0359912 0.039566 0.039428 
0.0426396 0.0343188 0.0202443 0.00374148 -0.0110498 -0.020348 -0.0222376 -0.0177861 -0.0101175 -0.00210834 0.00486872 0.0106168 0.0151837 0.0182361 0.0192563 0.0181635 0.0155989 0.0127945 0.011175 0.0115618 0.0133214 0.0146034 0.0141136 0.0128659 0.0135872 0.0179124 0.0249067 0.0326687 0.0396949 0.0439446 
0.0456102 0.0399061 0.0258378 0.00766566 -0.0090168 -0.0196511 -0.022391 -0.0184508 -0.0108601 -0.00252469 0.0049754 0.0112896 0.0162858 0.0193675 0.0199467 0.0181802 0.0149235 0.0112778 0.00834586 0.00681528 0.00627609 0.00539763 0.0034949 0.00190954 0.00306132 0.00782315 0.0150007 0.023626 0.0334457 0.0423041 
0.0493743 0.0473494 0.0343545 0.0152099 -0.00309373 -0.0151392 -0.0191593 -0.0165321 -0.00998097 -0.00210702 0.00544783 0.0121118 0.0175083 0.0207861 0.0212417 0.0191058 0.0152499 0.0105303 0.00576851 0.0017732 -0.0012207 -0.00370698 -0.00583591 -0.00643028 -0.00408222 0.00087325 0.00723696 0.0156445 0.0275507 0.0408912 
0.0541324 0.0569879 0.0467994 0.0278989 0.00780392 -0.00721683 -0.0147561 -0.015608 -0.0117146 -0.0051425 0.00231886 0.00958158 0.0158753 0.0201752 0.0216937 0.0205472 0.0173716 0.0126693 0.00702771 0.00147612 -0.00306429 -0.00637878 -0.00832961 -0.00808273 -0.00527886 -0.00130654 0.0029805 0.01007 0.0231194 0.0403086 
0.0535211 0.0618734 0.0562039 0.0391498 0.0175358 -0.00167935 -0.0145576 -0.0203614 -0.0198477 -0.0145609 -0.0066893 0.00182067 0.00967417 0.0158465 0.0196401 0.0209671 0.0199944 0.0167489 0.0115755 0.005642 0.000302079 -0.00384864 -0.00654736 -0.00707905 -0.00552054 -0.00370662 -0.00214886 0.00284549 0.015669 0.0351467 
0.0436994 0.0572012 0.0571138 0.043585 0.0219018 -0.000567249 -0.0181143 -0.0282449 -0.0306097 -0.0263718 -0.0180895 -0.00847177 0.000755862 0.00872568 0.0149572 0.0190995 0.0206949 0.0192481 0.0148966 0.00884546 0.00257697 -0.00322049 -0.00813999 -0.011077 -0.0116194 -0.0114461 -0.0114106 -0.00818445 0.00306877 0.0225605 
0.0299481 0.0478852 0.0539342 0.0452714 0.025415 0.00208829 -0.0175517 -0.0299213 -0.0342685 -0.031589 -0.0243369 -0.0152848 -0.00618902 0.00229798 0.00980994 0.0156051 0.0185744 0.0178339 0.0134726 0.00668601 -0.00117112 -0.00949639 -0.0175746 -0.0233267 -0.0250159 -0.0238485 -0.0220962 -0.0187285 -0.00948508 0.00799232 
0.0217224 0.043064 0.0549175 0.0511006 0.0335981 0.0110005 -0.00827728 -0.020573 -0.0258453 -0.0253461 -0.0209404 -0.0145994 -0.00754423 -0.000172117 0.00703401 0.0128155 0.0155436 0.0142154 0.00903669 0.00110081 -0.00859974 -0.0196473 -0.030888 -0.0389553 -0.0403123 -0.0353808 -0.0283635 -0.0219603 -0.0138124 0.000606492 
0.0241927 0.0466704 0.0618013 0.060247 0.0431143 0.0207001 0.00280722 -0.00757595 -0.0121673 -0.0131627 -0.0118541 -0.00892739 -0.00460861 0.0010298 0.00723133 0.0122279 0.0141133 0.012 0.00624092 -0.00234332 -0.0133126 -0.0264964 -0.0403541 -0.0503935 -0.051243 -0.0419254 -0.0278106 -0.0155755 -0.00629018 0.00538551 
0.0364007 0.0561581 0.0694934 0.0653425 0.0449408 0.020771 0.00407545 -0.00315147 -0.00505415 -0.00553282 -0.0057296 -0.00500161 -0.00240468 0.00231886 0.00809639 0.0127698 0.0143511 0.0121466 0.00662115 -0.00170565 -0.0129337 -0.0271554 -0.0426587 -0.0543733 -0.0555551 -0.0432586 -0.0223645 -0.00248855 0.0107704 0.0212096 
0.0542488 0.0668748 0.0724173 0.0605529 0.0338463 0.00677192 -0.00852205 -0.0114514 -0.00902603 -0.00723392 -0.00720906 -0.00699382 -0.00459008 0.000427412 0.00666736 0.0117058 0.0135197 0.0115557 0.00646091 -0.00121443 -0.011727 -0.025323 -0.0404545 -0.0523367 -0.053887 -0.0402449 -0.014226 0.0134763 0.0327589 0.0437109 
0.0778695 0.0799954 0.072621 0.0490585 0.0147098 -0.0145183 -0.0270112 -0.0247373 -0.0178645 -0.0139601 -0.0135179 -0.013174 -0.0102801 -0.00459744 0.00215276 0.00740618 0.00911076 0.00679259 0.00142544 -0.00589972 -0.0149733 -0.0259512 -0.0378554 -0.0472069 -0.0478111 -0.0333885 -0.00369249 0.0314279 0.058321 0.0719574 
0.120861 0.110748 0.0860625 0.0469352 0.00359747 -0.0271782 -0.0363561 -0.0299315 -0.0210025 -0.0173979 -0.0180287 -0.0182219 -0.0152993 -0.00961146 -0.00320283 0.00139026 0.00218932 -0.00119709 -0.00744863 -0.014712 -0.021908 -0.0288824 -0.0354935 -0.0401566 -0.038081 -0.0217374 0.0126774 0.0574121 0.0960903 0.117199 
0.20368 0.1799 0.132842 0.0728257 0.0168924 -0.0178593 -0.0266128 -0.0200053 -0.0131537 -0.0129831 -0.0165721 -0.0184589 -0.016458 -0.0116746 -0.00640271 -0.00302246 -0.00332867 -0.00761385 -0.0143671 -0.0212061 -0.0262904 -0.0291246 -0.0302883 -0.0296878 -0.0232351 -0.00171721 0.0422593 0.103233 0.161925 0.198284 
0.323845 0.284419 0.210768 0.125419 0.0527833 0.00967927 -0.00353722 -0.00127016 0.000458773 -0.00423142 -0.0113639 -0.0153836 -0.0146904 -0.0109396 -0.00657361 -0.00386271 -0.0044823 -0.00869042 -0.0149782 -0.0208022 -0.0239133 -0.0235535 -0.0205942 -0.0153047 -0.00293433 0.0278976 0.0875102 0.171797 0.257619 0.314744 
0.432474 0.378017 0.280937 0.173787 0.0861561 0.0340537 0.0147172 0.0117943 0.00906768 0.00101113 -0.00836266 -0.0137103 -0.0136405 -0.00998813 -0.00532967 -0.0020124 -0.00178235 -0.00501239 -0.0103426 -0.0152411 -0.017208 -0.0152417 -0.0101379 -0.00162252 0.0165981 0.0578194 0.133678 0.239722 0.348784 0.422234 
