0.410669 0.36773 0.263663 0.154024 0.0767433 0.0356872 0.0173944 0.00950805 0.00461311 -0.002514 -0.014343 -0.0287429 -0.0410546 -0.0478384 -0.048094 -0.0421438 -0.0304561 -0.014189 0.00312643 0.0161587 0.0218393 0.0223314 0.0225885 0.0255379 0.0318099 0.0458122 0.0811187 0.153884 0.261483 0.365855 
0.393714 0.336785 0.225524 0.117185 0.0475129 0.0160824 0.00591646 0.0034475 0.0015993 -0.00420944 -0.0157717 -0.0302509 -0.0425754 -0.0492768 -0.0494994 -0.0437018 -0.0321974 -0.0154261 0.00401205 0.0209682 0.0313367 0.035871 0.0389885 0.0440543 0.0521808 0.0676726 0.103278 0.173451 0.273533 0.3649 
0.303262 0.238797 0.136771 0.0486926 0.00224987 -0.00853911 -0.00295176 0.00520671 0.0094456 0.00606346 -0.00556807 -0.0214114 -0.0355252 -0.0439649 -0.0457911 -0.0417107 -0.032188 -0.0172226 0.0015931 0.0199409 0.0333739 0.041024 0.0456746 0.0503288 0.0566688 0.068857 0.0975977 0.154062 0.231973 0.296462 
0.194021 0.132042 0.0504817 -0.00922207 -0.029696 -0.0210427 -0.00189614 0.0154053 0.0250611 0.0238323 0.0118646 -0.0059756 -0.0230648 -0.0347998 -0.039756 -0.038615 -0.032134 -0.0203775 -0.00432669 0.0127165 0.0266388 0.0354317 0.0399945 0.0423182 0.044339 0.0502182 0.0689546 0.10908 0.163768 0.20324 
0.116859 0.0636652 0.00332451 -0.0322987 -0.0346158 -0.0157767 0.00830045 0.0280679 0.0389059 0.038005 0.02575 0.00688333 -0.0122115 -0.0267263 -0.0346281 -0.0361945 -0.0323735 -0.0236641 -0.0109568 0.00325551 0.0156095 0.0238988 0.0279306 0.0286385 0.0274934 0.0282083 0.0387864 0.0668803 0.106426 0.131757 
0.0825325 0.0378204 -0.00789179 -0.0287386 -0.0217911 -0.000579933 0.0211859 0.0368367 0.0438961 0.0409236 0.0285879 0.0106652 -0.00781995 -0.0227071 -0.0316748 -0.0344486 -0.0319198 -0.0249945 -0.0146833 -0.00293035 0.00767805 0.0153492 0.0196795 0.0208268 0.0191799 0.0174206 0.0230886 0.0443592 0.0766769 0.096922 
0.0710619 0.0307945 -0.00765229 -0.0207066 -0.00840504 0.0135854 0.0313897 0.04024 0.0407789 0.0342786 0.0221273 0.00673332 -0.00888078 -0.0217975 -0.0298696 -0.0324368 -0.030123 -0.0238505 -0.0144911 -0.00352225 0.00688592 0.015112 0.0206894 0.023233 0.0220639 0.0189431 0.0213874 0.0384105 0.0667118 0.0846577 
0.0613516 0.0220121 -0.0130497 -0.0206651 -0.00248278 0.0227742 0.0388719 0.0418226 0.0359091 0.0259599 0.0143112 0.00189937 -0.0102573 -0.0204989 -0.0271002 -0.0292942 -0.0273557 -0.0217461 -0.0127071 -0.00116808 0.0106317 0.0204793 0.0273867 0.0306039 0.0290799 0.0244523 0.0244159 0.0380402 0.0622513 0.0765851 
0.0482876 0.00843455 -0.0242824 -0.0268062 -0.00195482 0.0285202 0.0453933 0.0447286 0.0341087 0.0217986 0.0109938 0.00125256 -0.00810075 -0.0163912 -0.0222835 -0.0250291 -0.024545 -0.02056 -0.0123801 -0.000324108 0.0130205 0.0242861 0.0315058 0.0338103 0.0308177 0.0250456 0.0242483 0.0362489 0.0568957 0.06671 
0.0395858 -0.000622002 -0.0320442 -0.0316666 -0.00274276 0.0313842 0.0495003 0.0472995 0.0342571 0.0209512 0.0112637 0.00378201 -0.00349924 -0.0107051 -0.0167586 -0.0208759 -0.0226518 -0.0211217 -0.0147215 -0.0032227 0.0104827 0.0218635 0.0278215 0.027558 0.0222464 0.0162212 0.0173372 0.0313178 0.0518968 0.0598099 
0.0446314 0.00561313 -0.0261915 -0.0275012 -0.000502459 0.0323418 0.0497577 0.0469061 0.0332108 0.0198354 0.0111469 0.00544412 -0.000168109 -0.00655148 -0.0128412 -0.0181806 -0.0219639 -0.0228021 -0.0185676 -0.00859125 0.00423823 0.0146682 0.0185505 0.0150068 0.00695076 0.0011183 0.00600116 0.0254818 0.0509989 0.0624624 
0.0640212 0.0289928 -0.00356933 -0.0103226 0.00900353 0.0351872 0.048813 0.0447542 0.0309895 0.0177367 0.00950096 0.00484543 0.000471765 -0.00508632 -0.0111703 -0.0168826 -0.0215957 -0.023871 -0.0214162 -0.0132077 -0.0016936 0.0078282 0.010432 0.00473311 -0.00533014 -0.0109515 -0.00257438 0.022935 0.0557737 0.0749649 
0.0858654 0.0581571 0.0272283 0.0151279 0.0248139 0.0415777 0.0491907 0.0429082 0.029017 0.0160366 0.00806518 0.00390908 0.000196922 -0.00479082 -0.010414 -0.0157083 -0.0201844 -0.0227259 -0.0212765 -0.0145669 -0.00424977 0.00499873 0.00796083 0.00248301 -0.00763808 -0.012963 -0.00341629 0.0244068 0.0615232 0.0878322 
0.0950445 0.0773608 0.0520555 0.0379281 0.039773 0.0475335 0.0488336 0.0400811 0.0263931 0.0145579 0.00767555 0.00423766 0.000864426 -0.0039252 -0.00913381 -0.0136359 -0.0171801 -0.0191963 -0.018103 -0.0125124 -0.00320897 0.00609262 0.0103824 0.00688684 -0.00158792 -0.00668722 0.000871602 0.0250882 0.0598478 0.0887181 
0.0860653 0.0790416 0.0620492 0.0493273 0.0463931 0.0473045 0.0436126 0.0332909 0.0208238 0.0115213 0.00709686 0.00516653 0.00231607 -0.00231709 -0.00712413 -0.0107862 -0.013292 -0.0145799 -0.0135141 -0.00867062 -0.000196092 0.00900712 0.014346 0.0127963 0.00605899 0.000552497 0.00380194 0.0201231 0.0470806 0.0737409 
0.0648983 0.0662874 0.0573468 0.0476127 0.0423098 0.0387005 0.031916 0.0215142 0.0115504 0.00598444 0.00498905 0.00516631 0.00320884 -0.00096693 -0.00519353 -0.0080475 -0.00967278 -0.0102872 -0.00899585 -0.00437036 0.00370965 0.0127003 0.0183075 0.0175442 0.0114058 0.00462772 0.00297008 0.0106455 0.0281687 0.0498076 
0.0414788 0.0470959 0.0439718 0.0375403 0.0316186 0.0253719 0.0169305 0.00745673 0.000721442 -0.000695907 0.00178996 0.0039779 0.00295836 -0.000549314 -0.00402249 -0.00607215 -0.00692703 -0.00686137 -0.0050043 6.74109e-05 0.00841921 0.0174426 0.0229089 0.0219503 0.0153127 0.00683836 0.00119308 0.00221328 0.0117383 0.027312 
0.0226578 0.0286393 0.029149 0.0264665 0.0219123 0.0149193 0.00572415 -0.00282518 -0.00684985 -0.00496459 2.68569e-06 0.00336482 0.00278391 -0.000313667 -0.00321375 -0.0046565 -0.00496984 -0.00440224 -0.00198845 0.00369228 0.0125142 0.0216402 0.0267449 0.0249901 0.0171781 0.00714386 -0.000621371 -0.00278681 0.00200697 0.0121233 
0.0100968 0.0146126 0.0175698 0.0192909 0.018219 0.0126865 0.00379146 -0.00425602 -0.00703527 -0.00371355 0.00205223 0.0054026 0.00447655 0.00116877 -0.00170914 -0.00304557 -0.00333737 -0.00288791 -0.000686698 0.00467889 0.012997 0.0213785 0.0254337 0.0222454 0.012834 0.00172259 -0.00600656 -0.00757558 -0.00345292 0.00353465 
0.00270398 0.00563182 0.0101303 0.0158298 0.0190591 0.0166038 0.00916203 0.00141683 -0.00151318 0.00149609 0.00672371 0.00933312 0.00766585 0.00380561 0.000608226 -0.000939277 -0.00156542 -0.00179975 -0.000796667 0.00278917 0.00891855 0.015105 0.0172271 0.0123543 0.00168012 -0.00955558 -0.0155802 -0.0141356 -0.00777934 -0.00129116 
0.000159118 0.00150956 0.00582654 0.0131228 0.019149 0.0195945 0.0139435 0.00640091 0.00264905 0.00466093 0.00914705 0.0112991 0.00937733 0.00543939 0.00233816 0.000965525 0.000363367 -0.000345978 -0.000713831 0.000425469 0.00342057 0.00668005 0.00688561 0.00133607 -0.00895407 -0.0188648 -0.0226017 -0.0182438 -0.00950163 -0.00249164 
0.00289182 0.00216989 0.00401156 0.0094648 0.0151657 0.0165761 0.011911 0.00441112 -5.10782e-05 0.0013027 0.00570752 0.00834718 0.00723723 0.00425306 0.00217159 0.0018205 0.00209535 0.00179175 0.00088678 0.000299218 0.000807078 0.00192636 0.00151909 -0.00268869 -0.0103772 -0.0177095 -0.0197444 -0.0145345 -0.00544341 0.00135859 
0.00855178 0.00553506 0.00359434 0.00483398 0.00749133 0.00766508 0.00293655 -0.00440718 -0.00888019 -0.00743189 -0.00240228 0.00149235 0.00203444 0.000806516 0.000414561 0.0016401 0.00334167 0.00412979 0.00365044 0.00263954 0.00219413 0.00273811 0.00325418 0.0019207 -0.00191301 -0.00636414 -0.00787441 -0.00417234 0.00290498 0.00827278 
0.0116983 0.00717303 0.00218217 -0.000668635 -0.00164788 -0.00346766 -0.00839825 -0.0149457 -0.0185889 -0.0165607 -0.0107951 -0.00563494 -0.0033766 -0.0027814 -0.00152406 0.00109425 0.00397317 0.00573277 0.00594305 0.00529017 0.00500425 0.00595974 0.00786243 0.00929377 0.0088631 0.00666054 0.00475142 0.00562822 0.00932118 0.0124947 
0.00915163 0.00469572 -0.00119321 -0.00605959 -0.00914883 -0.0119131 -0.0161414 -0.021105 -0.0235617 -0.0212192 -0.0154258 -0.00981073 -0.00654288 -0.00473307 -0.00245429 0.000820887 0.00407527 0.00612217 0.00667146 0.00643028 0.00655806 0.00793334 0.0105513 0.0133588 0.0147442 0.0136924 0.0109912 0.00899509 0.0092498 0.0103168 
0.00300962 0.00013485 -0.00465363 -0.00929787 -0.0123853 -0.0144306 -0.0169261 -0.0199637 -0.0215394 -0.0196981 -0.0149809 -0.0100591 -0.00680493 -0.00464706 -0.00212583 0.00104471 0.00394301 0.00567213 0.00617175 0.0061561 0.00656648 0.0080203 0.0105015 0.0132245 0.014725 0.0136035 0.0098923 0.00569729 0.00352553 0.00346209 
-0.00307908 -0.00376487 -0.00673579 -0.0101718 -0.0121413 -0.0125936 -0.0130048 -0.0142427 -0.0153105 -0.0144607 -0.0114397 -0.00793882 -0.00543149 -0.00357484 -0.00133636 0.00133655 0.00359947 0.00481269 0.00512012 0.00523033 0.00585642 0.00728809 0.00930408 0.0111707 0.0116366 0.00943043 0.00450334 -0.0010471 -0.00423188 -0.00416519 
-0.00775799 -0.00674297 -0.0084652 -0.0111576 -0.0123847 -0.01161 -0.0102809 -0.00986477 -0.0102157 -0.00992486 -0.00826349 -0.00611318 -0.00449203 -0.00314878 -0.00134607 0.000815925 0.00254124 0.00333376 0.00345407 0.00362943 0.00446278 0.00599329 0.00769205 0.00866136 0.00779038 0.00418529 -0.00183732 -0.0079876 -0.0111699 -0.0103421 
-0.0110706 -0.00943071 -0.0110162 -0.0140975 -0.0157565 -0.0148032 -0.0123808 -0.0103219 -0.00930385 -0.00856066 -0.00733238 -0.00594278 -0.00494947 -0.004058 -0.00266305 -0.000907795 0.000451028 0.00095306 0.000870434 0.000946353 0.00179545 0.00336655 0.00490594 0.00534232 0.00366289 -0.000682786 -0.00704435 -0.0130595 -0.0158086 -0.0143833 
-0.0126021 -0.0113134 -0.0135813 -0.0177518 -0.0205968 -0.0202624 -0.0173707 -0.0138568 -0.0111124 -0.00918268 -0.00761068 -0.00643374 -0.00582336 -0.00534386 -0.0043769 -0.00302073 -0.00198561 -0.00175134 -0.00212449 -0.00242884 -0.00203725 -0.000929771 0.000213424 0.000414359 -0.0012002 -0.00505718 -0.0105237 -0.015504 -0.0174948 -0.0158047 
-0.0121032 -0.0114798 -0.0143039 -0.0190675 -0.0226511 -0.0229076 -0.0199735 -0.0156159 -0.0116082 -0.00864701 -0.00666996 -0.00564137 -0.0054562 -0.00549211 -0.00505368 -0.0041801 -0.0035321 -0.00360597 -0.00433066 -0.00522453 -0.00577915 -0.00583706 -0.005666 -0.0057747 -0.00678841 -0.00920309 -0.0127235 -0.015828 -0.0166516 -0.0147867 
-0.010422 -0.00998116 -0.0122191 -0.015995 -0.0188642 -0.018952 -0.0161399 -0.0118264 -0.0077105 -0.0047324 -0.00308174 -0.00270827 -0.0032836 -0.00401511 -0.00419142 -0.00386664 -0.00366048 -0.00404068 -0.00504108 -0.00645799 -0.00805243 -0.00958459 -0.0107723 -0.0114512 -0.0119052 -0.0127269 -0.0140404 -0.0150252 -0.0145884 -0.0126093 
-0.00884702 -0.00801302 -0.00842381 -0.0095579 -0.0101137 -0.00900558 -0.00618802 -0.00263722 0.000414182 0.00221683 0.00256442 0.00159247 -0.000130067 -0.00169111 -0.00248877 -0.0026989 -0.00291825 -0.00353727 -0.00463812 -0.00627904 -0.00853769 -0.0111908 -0.0135271 -0.0148069 -0.0149799 -0.0146316 -0.0141806 -0.0134738 -0.0122187 -0.0104992 
-0.00820561 -0.00726557 -0.00570711 -0.0035829 -0.00090047 0.0022654 0.00551638 0.00818915 0.00970983 0.00979428 0.00838665 0.0057792 0.00280457 0.00045704 -0.000851998 -0.00148732 -0.00204075 -0.00280187 -0.00385121 -0.00543542 -0.00788861 -0.0110499 -0.0139799 -0.0156034 -0.0156216 -0.0145065 -0.0128181 -0.0110007 -0.00956173 -0.00876112 
-0.00881141 -0.00882526 -0.00637017 -0.0016816 0.00413648 0.00973823 0.0139909 0.0163122 0.0167289 0.0154741 0.0126904 0.00882843 0.00495679 0.00212639 0.000549218 -0.00032856 -0.00109104 -0.00192293 -0.00289058 -0.00437739 -0.00688513 -0.0102746 -0.0134645 -0.0152004 -0.0150197 -0.0132645 -0.0105975 -0.00802318 -0.00681968 -0.007478 
-0.0106323 -0.0122532 -0.0100953 -0.00419452 0.0037738 0.0115106 0.0171116 0.0198128 0.0199898 0.0182788 0.0149989 0.0107126 0.00662259 0.0037666 0.00218133 0.0011933 0.000267265 -0.000679698 -0.00171151 -0.00331853 -0.00608593 -0.00981401 -0.0132713 -0.0150918 -0.0147269 -0.012445 -0.00903969 -0.00598949 -0.00516257 -0.00726851 
-0.0130269 -0.0156427 -0.0140875 -0.00817009 0.000489552 0.00936148 0.0160721 0.0195203 0.0201198 0.018718 0.0157779 0.0119217 0.00830821 0.00580326 0.00429039 0.00311468 0.00188077 0.000618355 -0.000723117 -0.00268066 -0.00584417 -0.00992529 -0.0136065 -0.0155354 -0.0151835 -0.0127862 -0.00921235 -0.00616713 -0.00571585 -0.0086114 
-0.0150281 -0.0171964 -0.0157157 -0.0104695 -0.00257185 0.00600926 0.0129648 0.0169148 0.0180777 0.0173175 0.0152259 0.0124494 0.00987568 0.00795967 0.00641933 0.00478275 0.00294141 0.00111373 -0.000668555 -0.00291642 -0.00620616 -0.010246 -0.0138126 -0.0157581 -0.0156744 -0.0137512 -0.0107921 -0.00838633 -0.00831587 -0.0111037 
-0.0167806 -0.0175281 -0.015585 -0.0112092 -0.00491878 0.00227652 0.00856273 0.0124774 0.0139689 0.0138219 0.0127948 0.0115438 0.0104682 0.00936801 0.00774072 0.00541558 0.00273608 0.000253604 -0.00182682 -0.003993 -0.00690856 -0.010431 -0.0135753 -0.0154747 -0.0158374 -0.0147664 -0.0129235 -0.0116008 -0.0120154 -0.0142536 
-0.0199426 -0.0197452 -0.0174694 -0.0137486 -0.00878313 -0.00289744 0.00257676 0.00621911 0.00779118 0.00809734 0.00818611 0.0087151 0.00944102 0.00937428 0.00776701 0.00480584 0.00138856 -0.00150263 -0.00348244 -0.00513246 -0.00737453 -0.010332 -0.0132459 -0.0153848 -0.0163883 -0.016176 -0.0153209 -0.0150027 -0.0160713 -0.0182175 
-0.0255253 -0.0260141 -0.024076 -0.0204924 -0.0156639 -0.00997501 -0.00465543 -0.0010725 0.000533013 0.00121879 0.00245193 0.00483687 0.00740887 0.00842988 0.00699589 0.00368879 -4.62075e-05 -0.0028462 -0.00426056 -0.00510512 -0.00666563 -0.00937512 -0.0126282 -0.015589 -0.0175133 -0.0179498 -0.0174929 -0.0176766 -0.0195897 -0.0228059 
-0.0316701 -0.0341516 -0.0329653 -0.0289472 -0.0232395 -0.0169194 -0.011336 -0.00768053 -0.00599053 -0.00482792 -0.00236541 0.00180067 0.00599773 0.00793891 0.00673119 0.00335868 -0.000294533 -0.00263366 -0.00324783 -0.0031789 -0.00402744 -0.00657275 -0.010413 -0.0144947 -0.0174474 -0.0182937 -0.017746 -0.0180678 -0.0210678 -0.0264122 
-0.0345502 -0.0385831 -0.0376127 -0.032782 -0.0263143 -0.0200319 -0.0150383 -0.0119085 -0.0103046 -0.00857712 -0.00489324 0.000747347 0.00611533 0.00867051 0.00765506 0.00435487 0.000901034 -0.00101833 -0.000989708 -5.12719e-05 7.38586e-05 -0.00179489 -0.00565386 -0.0103571 -0.0139724 -0.0150809 -0.0145521 -0.015269 -0.0195516 -0.0270063 
-0.0318673 -0.0352755 -0.0330916 -0.0272415 -0.0211389 -0.0169239 -0.014632 -0.0135008 -0.0126179 -0.0104867 -0.0058151 0.000785564 0.00676456 0.00962465 0.0087742 0.00560778 0.00228815 0.000514231 0.000831534 0.00249444 0.0038998 0.0034987 0.000742471 -0.00342254 -0.00692301 -0.00827359 -0.00847324 -0.0103899 -0.0159365 -0.0242057 
-0.0251775 -0.025547 -0.0206295 -0.0135709 -0.00899666 -0.00894776 -0.0116716 -0.0143247 -0.0150605 -0.0127876 -0.00727965 -1.17036e-05 0.00626744 0.00928848 0.00863123 0.00566057 0.00244399 0.00066441 0.00105507 0.00326013 0.00594664 0.00738817 0.00656838 0.00402211 0.00145106 -0.000108568 -0.00181046 -0.00576585 -0.0124187 -0.0199006 
-0.0183651 -0.014335 -0.00593122 0.00235777 0.00485868 -0.000220278 -0.009193 -0.0167194 -0.0195614 -0.0170208 -0.0102898 -0.00201361 0.00475692 0.00800731 0.00754787 0.0047459 0.00159274 -0.000223181 0.000172788 0.00268051 0.00619886 0.00903622 0.0100123 0.00934451 0.00810171 0.00640947 0.00277922 -0.00369681 -0.0112999 -0.016972 
-0.0139273 -0.0049098 0.00693222 0.0160596 0.0163599 0.00642011 -0.00847698 -0.0205984 -0.0251006 -0.0215948 -0.0128418 -0.00287872 0.00474465 0.00820787 0.00766432 0.00464874 0.00119549 -0.000930634 -0.000735865 0.00176299 0.00550227 0.00884407 0.0107236 0.0113582 0.0112193 0.00923279 0.00338116 -0.005825 -0.0141609 -0.0173174 
-0.0112239 0.00344352 0.0185862 0.0279708 0.0259274 0.0118354 -0.00772535 -0.023099 -0.028125 -0.0228514 -0.0116223 0.000149762 0.00839329 0.0114973 0.0100845 0.00601761 0.0014969 -0.00153239 -0.00188955 0.000425284 0.00417534 0.00760347 0.00980721 0.0111943 0.0117146 0.00901309 0.000551236 -0.0115662 -0.0204249 -0.0203759 
-0.00768133 0.0130767 0.0314562 0.0405585 0.0358196 0.0180374 -0.00491087 -0.0220323 -0.026531 -0.0192474 -0.00607071 0.00648125 0.0141366 0.0157459 0.0125264 0.00669225 0.000612008 -0.00356827 -0.00446855 -0.00208856 0.00211708 0.00619454 0.00927041 0.0117511 0.0129357 0.00930532 -0.00193094 -0.0170028 -0.0264034 -0.0230263 
-0.000427713 0.0254937 0.0461075 0.0538468 0.0456336 0.0242173 -0.00118873 -0.0189404 -0.0224393 -0.0136841 3.70114e-05 0.0115719 0.0170563 0.0162525 0.0110511 0.00383119 -0.00309036 -0.0075695 -0.00822875 -0.00512535 0.000257722 0.00599072 0.0111296 0.015646 0.0179115 0.0135474 -1.75883e-06 -0.01742 -0.0272238 -0.021074 
0.0116607 0.0401941 0.0604288 0.0646826 0.0517769 0.0266942 -0.000238435 -0.0176234 -0.0199605 -0.0106064 0.00216073 0.0111905 0.0136605 0.0106067 0.00450479 -0.00247073 -0.00844506 -0.0116265 -0.0109179 -0.00646568 0.000481807 0.00829624 0.0159354 0.0226654 0.0259117 0.0209937 0.00617372 -0.0119816 -0.0211128 -0.0125286 
0.0249553 0.0532741 0.0702567 0.0689062 0.0503858 0.0220935 -0.00487335 -0.020383 -0.0209699 -0.0113854 -0.000255412 0.00593894 0.00579881 0.00165352 -0.00372324 -0.00875866 -0.0123735 -0.0133655 -0.0109491 -0.00520768 0.00297986 0.0122598 0.0213903 0.0290172 0.032135 0.0265445 0.0116937 -0.0051754 -0.0120719 -0.001033 
0.0318818 0.0586386 0.0715784 0.0643841 0.0406412 0.0104477 -0.0144547 -0.0260191 -0.0235766 -0.0132359 -0.00337992 0.000648294 -0.00107674 -0.0051886 -0.00892487 -0.0115384 -0.0129058 -0.0124239 -0.00935987 -0.00343931 0.00484239 0.0142321 0.0232458 0.0301996 0.0322445 0.026103 0.0121653 -0.00248151 -0.0070048 0.00558947 
0.0281434 0.0538843 0.0645724 0.0536154 0.0265913 -0.00354514 -0.0243974 -0.0303516 -0.0237841 -0.0120315 -0.00291321 -0.000455868 -0.00323091 -0.00709625 -0.00943494 -0.0103074 -0.010517 -0.00997654 -0.00781706 -0.00329889 0.00346648 0.0115116 0.0195289 0.0258089 0.0275256 0.0216823 0.00874288 -0.0048665 -0.0092053 0.00269819 
0.0189739 0.0446011 0.0549365 0.0426313 0.014732 -0.0134821 -0.0293365 -0.0295686 -0.0191736 -0.00636536 0.00173848 0.00242166 -0.00167255 -0.0057865 -0.00743966 -0.00733435 -0.00703016 -0.00689167 -0.00606892 -0.0036772 0.00049736 0.00631738 0.013466 0.0204794 0.0237716 0.0192266 0.00651565 -0.00823303 -0.0148129 -0.00524156 
0.0160339 0.0403825 0.049149 0.035613 0.00815948 -0.0170421 -0.0281411 -0.0240566 -0.0115764 0.000806298 0.00689941 0.00529504 -0.000346583 -0.00490843 -0.00612393 -0.00517426 -0.00411212 -0.00366506 -0.00330533 -0.00248201 -0.000805871 0.002774 0.00949722 0.0183753 0.0245545 0.0219306 0.00918262 -0.00700277 -0.0152813 -0.00706201 
0.0263533 0.045372 0.0480229 0.0309572 0.00406186 -0.0174694 -0.0241491 -0.0171741 -0.00447914 0.0057703 0.00877914 0.0046798 -0.00207664 -0.0065109 -0.00688681 -0.00481744 -0.00261958 -0.00128259 -0.000728278 -0.000862381 -0.00108742 0.000867391 0.00774747 0.0189985 0.0285186 0.0284219 0.0169649 0.00201855 -0.00430735 0.00514495 
0.0444875 0.0538243 0.0463814 0.024148 -0.00161952 -0.0182065 -0.019708 -0.00987588 0.00237077 0.00944995 0.00845291 0.00155153 -0.00601233 -0.00983996 -0.00908975 -0.00584737 -0.00260024 -0.000586242 -0.000148161 -0.00137539 -0.003058 -0.00160554 0.0068027 0.0213637 0.0344519 0.0370116 0.0279782 0.0168611 0.0154461 0.0272621 
0.0582779 0.0574377 0.0408406 0.0154371 -0.00696481 -0.0168331 -0.0120593 0.00126861 0.0133665 0.0170493 0.0112592 0.000546243 -0.00872469 -0.0126701 -0.0113856 -0.00741685 -0.0034053 -0.000888212 -0.000645821 -0.00275921 -0.00504449 -0.00244204 0.00940536 0.0283131 0.0443727 0.0478158 0.0394566 0.0310647 0.033633 0.0464589 
0.062066 0.0556887 0.0358033 0.012173 -0.00409594 -0.00674365 0.00341515 0.0192564 0.0308765 0.0311357 0.0200327 0.00422584 -0.00840499 -0.0139518 -0.0131435 -0.00891285 -0.00405978 -0.000452234 0.000600624 -0.00112551 -0.00265121 0.00227905 0.018054 0.0405704 0.0575567 0.0589386 0.0478189 0.0384792 0.0417352 0.054043 
0.06076 0.0548505 0.0374362 0.0192885 0.00997062 0.0126465 0.0248621 0.0402854 0.0500396 0.0467851 0.0305208 0.00929378 -0.00740754 -0.0151757 -0.0150807 -0.0104212 -0.00421753 0.00127053 0.00410061 0.00363496 0.00308048 0.0092051 0.0262854 0.0492573 0.0649654 0.0634644 0.049031 0.0374044 0.0400065 0.0525634 
0.0621147 0.0584478 0.043596 0.0296178 0.0249704 0.030065 0.0414287 0.0543186 0.0614124 0.0551795 0.0351199 0.00998783 -0.00952124 -0.0185333 -0.018386 -0.012711 -0.00476886 0.00270393 0.00704624 0.00704373 0.00560982 0.0094033 0.0229804 0.0423753 0.0559785 0.0544214 0.0410915 0.030879 0.0355032 0.0509766 
0.0695132 0.0642399 0.0460484 0.0303966 0.0263522 0.0321118 0.0426005 0.0536217 0.0589449 0.0512831 0.029999 0.00402377 -0.0156582 -0.0241909 -0.0231616 -0.0163206 -0.00696026 0.00182948 0.00673781 0.00593485 0.00169865 0.000164541 0.00655443 0.0196371 0.0313015 0.0334024 0.0271145 0.0242909 0.0354348 0.0560952 
0.0839299 0.0722288 0.0441352 0.0204861 0.0130159 0.0186259 0.0296535 0.0405853 0.0455249 0.0381839 0.018425 -0.00528959 -0.0228293 -0.0298255 -0.0278959 -0.0205409 -0.0107292 -0.00150849 0.00347605 0.0018704 -0.00482291 -0.0112937 -0.0119394 -0.00529121 0.00443988 0.0111248 0.0142899 0.0223244 0.0431153 0.0701085 
0.111241 0.0925436 0.0520198 0.0163367 0.00144379 0.00451591 0.0153708 0.026167 0.0309057 0.0247074 0.00798558 -0.0120657 -0.026954 -0.0328208 -0.0308565 -0.0239606 -0.0145592 -0.00534317 9.17912e-07 -0.00127439 -0.00833351 -0.0167374 -0.0212128 -0.0190022 -0.0115266 -0.00238524 0.00839368 0.0275289 0.0601072 0.0958155 
0.163819 0.141367 0.0885225 0.0376817 0.0101005 0.00510984 0.0114411 0.019347 0.0225279 0.0169963 0.0029849 -0.0141318 -0.0275502 -0.0335897 -0.0326087 -0.0266929 -0.0177222 -0.00804613 -0.00140891 -0.00101446 -0.00657648 -0.0142596 -0.0194339 -0.0194261 -0.0143931 -0.00526924 0.0108294 0.0418347 0.0906441 0.14127 
0.248774 0.224179 0.156954 0.086418 0.0401818 0.020772 0.0171611 0.0186727 0.0185344 0.0125614 -6.06218e-05 -0.0157356 -0.028893 -0.035822 -0.0360352 -0.0307786 -0.0214302 -0.0101079 -0.000745503 0.00272678 -0.000169118 -0.00595452 -0.0102784 -0.0109031 -0.00763223 0.00116898 0.0229313 0.0689946 0.140489 0.213589 
0.34746 0.316875 0.230951 0.137704 0.071284 0.0364287 0.021894 0.0163893 0.0126525 0.00572475 -0.0064267 -0.0214007 -0.0343388 -0.0416093 -0.0422473 -0.0368444 -0.0262815 -0.0123335 0.00102302 0.00899436 0.00989859 0.00677089 0.00424962 0.0046502 0.00832423 0.018878 0.0479861 0.110499 0.205761 0.301464 
