0.619153 0.46444 0.287103 0.166547 0.109805 0.0870685 0.0751701 0.0623673 0.0420579 0.0167122 -0.00268014 -0.00860891 -0.00427647 0.00230879 0.00643723 0.00779578 0.00751517 0.00654368 0.00605845 0.00795366 0.013882 0.0231106 0.0317831 0.037592 0.0490644 0.0895029 0.187044 0.350019 0.535672 0.650436 
0.614946 0.468035 0.289588 0.163214 0.104117 0.0851055 0.0796783 0.0721307 0.0537157 0.0266983 0.0039901 -0.00424926 -0.000292587 0.006694 0.0105353 0.0103833 0.00752234 0.00347597 0.000417169 0.000804059 0.00573001 0.0141487 0.0234752 0.0322416 0.0467131 0.0863859 0.178127 0.333402 0.515504 0.635297 
0.471456 0.368976 0.231061 0.1279 0.0804524 0.0699989 0.0710147 0.0663946 0.0486578 0.0218667 -0.00080613 -0.0091681 -0.00487659 0.00310756 0.0079615 0.00797176 0.0039349 -0.00225255 -0.00729051 -0.00831536 -0.00541005 -0.000363364 0.00585018 0.013019 0.0237971 0.0498336 0.111988 0.224434 0.365966 0.470355 
0.294323 0.245967 0.161128 0.0888954 0.0529102 0.0459799 0.0482836 0.0442194 0.0284998 0.00616995 -0.0116981 -0.0170864 -0.0113661 -0.00220356 0.00387631 0.00458793 0.000261734 -0.00706527 -0.013604 -0.0166034 -0.017099 -0.017079 -0.0157436 -0.0119525 -0.00650161 0.00370178 0.0319506 0.0944174 0.18697 0.270242 
0.171175 0.16053 0.115525 0.0660643 0.0341726 0.0223392 0.019448 0.0142597 0.0031094 -0.01054 -0.0201049 -0.0210697 -0.0144127 -0.00534126 0.00100489 0.00229409 -0.00141689 -0.00835127 -0.0153656 -0.0204862 -0.0248404 -0.029427 -0.0318613 -0.03021 -0.027359 -0.0258798 -0.0184282 0.0110482 0.0688408 0.134257 
0.112596 0.115033 0.0898335 0.0539122 0.0235017 0.00503285 -0.00473586 -0.0111236 -0.0162618 -0.0197351 -0.0206139 -0.0183513 -0.0131656 -0.00665425 -0.00150767 0.000241289 -0.00175468 -0.00642874 -0.0120135 -0.0175838 -0.0237027 -0.0300182 -0.0337615 -0.0333715 -0.0317696 -0.0321167 -0.0297731 -0.0120335 0.0282078 0.0782767 
0.0867941 0.0850034 0.0656622 0.0390568 0.0139635 -0.00529959 -0.0180919 -0.0244211 -0.024393 -0.0199854 -0.0149665 -0.0120488 -0.0105684 -0.00843841 -0.00557267 -0.00352685 -0.00321136 -0.00439732 -0.00650932 -0.0093626 -0.0131353 -0.0174548 -0.0213013 -0.0243178 -0.0267406 -0.027121 -0.0207535 -0.0015107 0.0312099 0.0662102 
0.0691852 0.0576763 0.0392763 0.0214862 0.00625826 -0.00759721 -0.0193769 -0.0253363 -0.0232062 -0.0157892 -0.00914818 -0.00751894 -0.00974384 -0.0116779 -0.0113093 -0.00949076 -0.00735918 -0.00520066 -0.00292023 -0.000532363 0.00139191 0.00113616 -0.00379499 -0.0138166 -0.0236897 -0.0242464 -0.0100625 0.0159833 0.0448781 0.0653034 
0.0547979 0.0358439 0.0191378 0.0105585 0.00658785 -6.95288e-06 -0.0101782 -0.0173982 -0.0167354 -0.0106118 -0.00544237 -0.00546373 -0.00963501 -0.013958 -0.0158706 -0.015251 -0.0127324 -0.00860951 -0.00271519 0.00506842 0.013167 0.016669 0.00949068 -0.00830254 -0.0251054 -0.0246875 -0.00203925 0.0309374 0.0566844 0.0646242 
0.0455053 0.0227413 0.00836599 0.0076937 0.0136413 0.0137247 0.0045932 -0.00511087 -0.00742422 -0.00380422 -0.000629168 -0.00170593 -0.00627087 -0.0116047 -0.0156309 -0.0172722 -0.0160741 -0.0119054 -0.00442216 0.00655762 0.018552 0.024373 0.0160906 -0.00512018 -0.0239079 -0.0212517 0.00640215 0.0420618 0.0642039 0.0636186 
0.0380864 0.0129243 -0.000943242 0.0032877 0.0172981 0.0243748 0.0178815 0.00721735 0.00308401 0.00511316 0.00674742 0.00477994 0.000383062 -0.00491574 -0.0103445 -0.0145487 -0.015828 -0.0132321 -0.00640599 0.00451577 0.0168308 0.0234642 0.017151 -0.000383831 -0.0149115 -0.010034 0.0163104 0.0480296 0.0652921 0.0600393 
0.0252933 -0.00235835 -0.0171558 -0.0100155 0.0108687 0.025925 0.0250995 0.0167253 0.0126197 0.0132883 0.0126594 0.0090907 0.00513886 0.00135121 -0.00374883 -0.00960717 -0.0134007 -0.0129778 -0.00812082 0.000262535 0.00985351 0.0158651 0.0136858 0.0048192 -0.00134485 0.00548209 0.0260802 0.0489304 0.0591945 0.0499413 
0.00603295 -0.0231127 -0.0374918 -0.0276708 -0.00173999 0.0201891 0.0262747 0.0224359 0.0191783 0.0175163 0.0133816 0.00784108 0.00496445 0.00407049 0.000970417 -0.00514391 -0.0105748 -0.0119139 -0.00909107 -0.00391607 0.00180645 0.00618767 0.0078147 0.00777282 0.010035 0.0186229 0.0331472 0.0464796 0.0485303 0.0338799 
-0.0102484 -0.0383957 -0.0505266 -0.0392401 -0.0124757 0.0120879 0.0234136 0.0244755 0.0223334 0.0180534 0.0106898 0.00416255 0.00304588 0.00514878 0.00431705 -0.00116953 -0.00720299 -0.0097512 -0.00878727 -0.00637831 -0.00367239 -0.000553439 0.00346073 0.00870732 0.0153986 0.0239532 0.0338851 0.040928 0.0375208 0.0191232 
-0.0128012 -0.0388241 -0.050061 -0.0410565 -0.018649 0.00388265 0.0180048 0.0238246 0.0238318 0.0184424 0.0096869 0.00352167 0.0039229 0.00750793 0.00777501 0.00300512 -0.00300364 -0.00666251 -0.00782271 -0.00760198 -0.00597765 -0.00226174 0.00341968 0.00962436 0.0149165 0.0199707 0.0265615 0.0326292 0.0306473 0.0144493 
-0.00106081 -0.02736 -0.0420711 -0.0393296 -0.023858 -0.00492179 0.0111664 0.022081 0.0259505 0.0218426 0.0135481 0.00799173 0.00830008 0.0108996 0.0104773 0.00592563 9.43457e-05 -0.00460166 -0.00775466 -0.00883614 -0.00652217 -0.000745744 0.00602957 0.0102068 0.0104962 0.0104731 0.0156971 0.0259251 0.0317343 0.0226768 
0.014553 -0.0156053 -0.0370059 -0.0415241 -0.0316927 -0.0147644 0.00364566 0.0194961 0.0280219 0.0268849 0.020187 0.0148123 0.0133548 0.0130669 0.0105943 0.00559787 -0.000121693 -0.00524637 -0.00908955 -0.0100312 -0.0064745 0.000364396 0.00633567 0.00752202 0.00414836 0.00222673 0.00943448 0.0259963 0.0401597 0.0372543 
0.0214229 -0.012784 -0.0392281 -0.0482977 -0.0413812 -0.0252534 -0.00551091 0.0133127 0.0254691 0.0276943 0.0233634 0.0185393 0.015495 0.0125652 0.00811585 0.0024511 -0.00319778 -0.00793437 -0.0108431 -0.0104244 -0.00631158 -0.00106338 0.00169238 0.000624645 -0.00192985 -0.000364808 0.0111611 0.0315647 0.0483518 0.0460393 
0.0155255 -0.0185494 -0.0446011 -0.0543191 -0.0494673 -0.0361378 -0.0184599 0.000242802 0.0143382 0.0196951 0.0183999 0.0154516 0.0128725 0.00958997 0.00472599 -0.00112118 -0.00669154 -0.0107949 -0.0122822 -0.0104597 -0.00672289 -0.00448871 -0.00547508 -0.00731993 -0.00603497 0.00137194 0.0163126 0.0355776 0.0481939 0.0418953 
0.00507321 -0.0245422 -0.0461594 -0.0548386 -0.0536113 -0.0466942 -0.0345507 -0.0180564 -0.00290758 0.00529399 0.00719682 0.00707754 0.00689344 0.00561526 0.00218674 -0.00294148 -0.00826862 -0.0120575 -0.0129179 -0.0107325 -0.00784204 -0.00779526 -0.0109191 -0.0127396 -0.00855134 0.00257494 0.0184832 0.0341387 0.040728 0.0305305 
0.00180399 -0.023005 -0.0409742 -0.0497619 -0.0532728 -0.0535766 -0.0473156 -0.0331803 -0.0174303 -0.00730228 -0.00323941 -0.00119118 0.000997327 0.00228261 0.00119104 -0.00224341 -0.00658406 -0.00994048 -0.0108853 -0.009355 -0.00747114 -0.00836142 -0.012261 -0.01481 -0.0109827 0.00045229 0.0164138 0.0305143 0.034753 0.0242211 
0.00977997 -0.0125197 -0.0300962 -0.0403869 -0.0468966 -0.0508734 -0.0477303 -0.0354852 -0.0205923 -0.0107743 -0.00686453 -0.00491915 -0.00245895 -6.98964e-05 0.000837849 -0.000135239 -0.00217511 -0.0039517 -0.00442889 -0.0035203 -0.00273093 -0.00460455 -0.00977265 -0.0146399 -0.0135177 -0.00333367 0.0133888 0.0291644 0.0356077 0.0283998 
0.0243552 0.00421233 -0.0139178 -0.0251679 -0.0314916 -0.0347703 -0.0321126 -0.0222676 -0.0107727 -0.00407186 -0.0027831 -0.00344188 -0.00338176 -0.00215099 -0.00041099 0.00113364 0.00231534 0.00346916 0.00485498 0.00611503 0.00585574 0.00199253 -0.00588478 -0.0139723 -0.0155705 -0.00635099 0.0112652 0.0292785 0.0396075 0.0379208 
0.0381195 0.0231908 0.00714776 -0.00312874 -0.00767874 -0.0090459 -0.00677687 -0.000645669 0.00553585 0.00759651 0.00529757 0.00110351 -0.00252121 -0.00394451 -0.00270201 0.000449148 0.00449196 0.00883198 0.0128016 0.0151172 0.0139129 0.00747193 -0.00359072 -0.0143018 -0.0173433 -0.00886516 0.00794836 0.0259099 0.0391824 0.0440858 
0.0451847 0.0387817 0.0281603 0.0204723 0.0172074 0.0162102 0.0167203 0.0185105 0.019504 0.0176172 0.0128094 0.00627944 -0.000182873 -0.00422789 -0.0043424 -0.000970768 0.00450292 0.0108295 0.0164793 0.0193 0.0170906 0.00867866 -0.00416868 -0.0156275 -0.0189449 -0.0120621 0.00119269 0.0160588 0.0304107 0.0417735 
0.0429256 0.0450252 0.0407877 0.0363833 0.0341041 0.0327295 0.0313771 0.0298439 0.0273773 0.0233881 0.0179362 0.0111093 0.00371696 -0.00190201 -0.00356165 -0.00111529 0.00411869 0.0104541 0.0157623 0.0176332 0.0142536 0.0052635 -0.00699164 -0.0171354 -0.0202251 -0.0161502 -0.00837607 0.00166421 0.0154534 0.0314672 
0.0324542 0.0395218 0.03995 0.0390106 0.0390403 0.0390274 0.0377449 0.0349335 0.0308556 0.0261675 0.0212557 0.0155341 0.0087966 0.00279404 -9.01798e-05 0.000860312 0.00456231 0.00910834 0.0122384 0.0119935 0.00749313 -0.000848294 -0.0108836 -0.0188292 -0.0220224 -0.0214471 -0.0190942 -0.0133865 -0.000836376 0.0170245 
0.0174046 0.0252787 0.027778 0.0299474 0.0336317 0.0369456 0.0376156 0.0350996 0.0305603 0.0258982 0.0221109 0.0183362 0.0134555 0.00829255 0.00493953 0.00440693 0.00591499 0.00771996 0.00797458 0.00553076 0.000363134 -0.00675976 -0.0144252 -0.0207779 -0.0250147 -0.0280407 -0.029749 -0.0266351 -0.015176 0.00214154 
0.00173743 0.00822522 0.010955 0.0149084 0.0213556 0.0274256 0.0299 0.0280368 0.0237025 0.0197871 0.0178894 0.0170645 0.015401 0.0125862 0.00992949 0.00839764 0.00770591 0.00683926 0.0047635 0.00100131 -0.0041767 -0.0101547 -0.0163294 -0.0223054 -0.0282526 -0.0342815 -0.0384765 -0.0366858 -0.0264445 -0.0111847 
-0.0117513 -0.0068402 -0.00464238 -0.000702821 0.00594345 0.0122859 0.0150269 0.0134853 0.0098096 0.00730879 0.00794552 0.0108229 0.0134555 0.0143406 0.0136059 0.011868 0.00954957 0.00685195 0.00367754 -0.000251107 -0.00504395 -0.0105507 -0.0165803 -0.0231715 -0.0304875 -0.0378893 -0.0429226 -0.0420958 -0.0339931 -0.0218692 
-0.0215972 -0.0180793 -0.0166347 -0.013715 -0.00848082 -0.0034383 -0.00134532 -0.00273788 -0.00562356 -0.00676998 -0.00401014 0.00203656 0.00871008 0.0135449 0.0153827 0.0142726 0.0113042 0.00795304 0.00489271 0.00158913 -0.00289827 -0.00894 -0.0161471 -0.0238675 -0.0314831 -0.0381032 -0.0422409 -0.0421285 -0.0370168 -0.0288049 
-0.0272523 -0.025645 -0.0251796 -0.0230608 -0.0187483 -0.0144613 -0.0125385 -0.0135115 -0.01576 -0.0163186 -0.0128399 -0.00542694 0.00354616 0.0111362 0.0151969 0.0152008 0.0125916 0.00966154 0.00748242 0.00509921 0.000717538 -0.00648103 -0.0155547 -0.0245249 -0.0316299 -0.0360659 -0.0379878 -0.0377604 -0.0353223 -0.0311203 
-0.0288317 -0.0298263 -0.0305118 -0.0284307 -0.023704 -0.0189 -0.0163332 -0.016583 -0.0183348 -0.0189382 -0.0160189 -0.00917747 -0.000188227 0.00811005 0.0131801 0.0141645 0.0125234 0.0106823 0.00968672 0.00830493 0.00422317 -0.00380023 -0.0144797 -0.0246348 -0.0313509 -0.0336967 -0.0329883 -0.0314421 -0.0301739 -0.0291343 
-0.0269331 -0.0301675 -0.0316414 -0.0290676 -0.023463 -0.0180218 -0.0150033 -0.0147034 -0.0158707 -0.016351 -0.0142476 -0.00905567 -0.00188559 0.00507271 0.00959888 0.0109198 0.0103506 0.00989757 0.0102198 0.0100144 0.00686615 -0.000908861 -0.0122529 -0.0234428 -0.0306111 -0.0321354 -0.0294245 -0.0258482 -0.0240569 -0.0245569 
-0.0225543 -0.0265203 -0.0279472 -0.0249563 -0.0193846 -0.0146455 -0.0123582 -0.0120182 -0.0122946 -0.0118698 -0.00994726 -0.00647481 -0.00204688 0.00217605 0.00491512 0.00590451 0.00633152 0.00751416 0.00946536 0.0108161 0.00928244 0.00281528 -0.00816429 -0.0200905 -0.0285164 -0.0307633 -0.0274235 -0.0221715 -0.0189665 -0.0193251 
-0.0173897 -0.0208958 -0.0217275 -0.0187954 -0.0145033 -0.0118326 -0.011239 -0.0112421 -0.0104893 -0.00861999 -0.00613771 -0.00380136 -0.00199384 -0.000789727 -0.000206666 0.000238981 0.00169042 0.00481348 0.00891661 0.012367 0.0129058 0.00824553 -0.00177591 -0.0140465 -0.0239593 -0.0278948 -0.0252555 -0.0193474 -0.0149308 -0.0144949 
-0.0132366 -0.0165348 -0.016891 -0.014188 -0.0113433 -0.0108075 -0.0120261 -0.0127693 -0.0115561 -0.00852408 -0.00511515 -0.00301018 -0.00279404 -0.00375489 -0.0047567 -0.00463159 -0.00222194 0.00280802 0.00935871 0.015385 0.0182552 0.0153714 0.00629587 -0.00610321 -0.0172319 -0.0228775 -0.0213812 -0.0155151 -0.0106514 -0.010144 
-0.0101335 -0.0141521 -0.0143338 -0.011458 -0.00918897 -0.00998406 -0.0128877 -0.0151023 -0.0145368 -0.0110735 -0.00663881 -0.0038698 -0.00390452 -0.00568647 -0.00734026 -0.00731855 -0.00445919 0.00166464 0.0101186 0.0186099 0.0237873 0.0224202 0.0139179 0.00130257 -0.0106088 -0.0171739 -0.0161023 -0.0100408 -0.00517651 -0.00562516 
-0.00671764 -0.0115551 -0.0114455 -0.0079877 -0.00569039 -0.00731642 -0.01183 -0.0159234 -0.0166089 -0.0131823 -0.00787123 -0.00414359 -0.00369888 -0.00544132 -0.00719703 -0.00733575 -0.00477472 0.00115533 0.0101106 0.0200158 0.0269272 0.0267542 0.018544 0.00562876 -0.0065288 -0.0127634 -0.0107458 -0.00373458 0.00114618 -0.000551536 
-0.00356262 -0.00824956 -0.00722932 -0.00305372 -0.00077186 -0.00296368 -0.00832253 -0.0133672 -0.0147721 -0.0115972 -0.0062336 -0.00241473 -0.00195554 -0.00379313 -0.0057309 -0.00615466 -0.00417722 0.000801158 0.00891048 0.01871 0.0262813 0.0269352 0.0191649 0.00639603 -0.00518643 -0.00993082 -0.00607426 0.00194505 0.00643146 0.00350915 
-0.00408834 -0.00770214 -0.00505012 0.000271189 0.00304812 0.00141354 -0.00295019 -0.00706685 -0.00830234 -0.00598928 -0.00224381 -0.000109804 -0.000858054 -0.00341827 -0.00574404 -0.0062537 -0.00437013 -6.34333e-05 0.00675382 0.0153225 0.0223835 0.0233871 0.0166041 0.0052542 -0.00447556 -0.00718792 -0.00210543 0.00540307 0.00801799 0.00335925 
-0.0105509 -0.0132875 -0.00879602 -0.00133299 0.00373005 0.00478493 0.00336506 0.00147021 0.000592744 0.00105276 0.00156599 0.000558578 -0.00223863 -0.0057201 -0.00817723 -0.00823802 -0.00576683 -0.00152395 0.00418938 0.0110478 0.0166465 0.0173652 0.0121734 0.00409453 -0.00203676 -0.00265867 0.00180195 0.00626474 0.00507797 -0.00230081 
-0.0205436 -0.0236143 -0.0178832 -0.00759389 0.00146231 0.00683393 0.00914318 0.00956951 0.00892052 0.0073926 0.00457825 0.00037372 -0.00443251 -0.00858141 -0.0107568 -0.010084 -0.00700922 -0.00288207 0.00175706 0.00679876 0.0104604 0.0104038 0.00716 0.00386936 0.00295204 0.00463666 0.00711556 0.00678867 0.000587025 -0.0104003 
-0.0292931 -0.0336551 -0.0276701 -0.0152652 -0.00253675 0.00689726 0.0125312 0.0151429 0.0154625 0.0135564 0.00917395 0.00290203 -0.00359351 -0.00852339 -0.0106741 -0.00978572 -0.00694893 -0.00373373 -0.000505506 0.00284383 0.00487242 0.00430145 0.00318995 0.00488519 0.00944864 0.0137426 0.0145443 0.00967456 -0.00153153 -0.0165137 
-0.0337662 -0.0390887 -0.0336624 -0.0211904 -0.00713201 0.00472074 0.0130372 0.0181592 0.0207986 0.020677 0.0168661 0.0097569 0.00169848 -0.00456711 -0.00751855 -0.00738999 -0.00581575 -0.00432021 -0.00284135 -0.000901094 0.00045727 0.000622181 0.00216768 0.00795213 0.0164238 0.0226679 0.0226291 0.0146168 -0.000621887 -0.0189953 
-0.0316252 -0.0371405 -0.0334715 -0.0236215 -0.0109579 0.00172793 0.0122894 0.0199596 0.0251015 0.0272127 0.0246801 0.0174393 0.00830111 0.000850444 -0.00311161 -0.00415793 -0.00417522 -0.00451286 -0.00477246 -0.00399699 -0.00237757 0.000151162 0.00555154 0.0148665 0.0251447 0.0314412 0.0302252 0.0201699 0.00273508 -0.0168517 
-0.0191442 -0.0257023 -0.026631 -0.0224559 -0.013236 -0.000688936 0.0115061 0.020653 0.0265457 0.0290738 0.0268843 0.0199652 0.01126 0.0042841 0.0004043 -0.00125733 -0.00238192 -0.0039816 -0.0055772 -0.00582161 -0.00362784 0.00216668 0.0125925 0.0259197 0.0371812 0.0419348 0.0386111 0.0275302 0.0109354 -0.00629723 
0.00388294 -0.00608523 -0.0150231 -0.0190107 -0.0145573 -0.0031621 0.00930747 0.0180529 0.0224088 0.0231856 0.020243 0.0143247 0.00818244 0.00406614 0.00190587 0.000447681 -0.00126042 -0.00353039 -0.00588033 -0.00686701 -0.00430654 0.00425947 0.0194819 0.0371417 0.0497709 0.0529298 0.047708 0.0375191 0.0255182 0.0141103 
0.0287275 0.0148152 -0.0022861 -0.0142933 -0.0151324 -0.00652446 0.00408426 0.0106562 0.0123683 0.0108489 0.00722768 0.00318176 0.00107674 0.00127602 0.00174091 0.000788591 -0.00147647 -0.00424599 -0.00680809 -0.0079507 -0.00527315 0.0044486 0.0221981 0.0425899 0.056141 0.0580272 0.0519348 0.0447071 0.0399293 0.0361271 
0.0434488 0.0290689 0.00838896 -0.00841884 -0.0140058 -0.0095439 -0.00242137 0.00120434 0.000556091 -0.00230671 -0.00556562 -0.00716559 -0.00534701 -0.00130709 0.00142951 0.000847143 -0.00210084 -0.0054699 -0.00798288 -0.00870667 -0.00598262 0.00309818 0.0199886 0.0395326 0.0515682 0.0512551 0.0444637 0.0406609 0.0431403 0.0468293 
0.043926 0.0340702 0.015749 -0.00172489 -0.0103659 -0.00963473 -0.00577323 -0.00473356 -0.00713457 -0.0103736 -0.0123378 -0.0115742 -0.00736632 -0.00152249 0.00226997 0.00188172 -0.00167847 -0.00591755 -0.00874412 -0.00902705 -0.00610486 0.00160507 0.0153525 0.0308367 0.0386677 0.0347791 0.0265431 0.024701 0.0320359 0.0416732 
0.0355181 0.0329723 0.0208565 0.00606442 -0.00321982 -0.00454917 -0.00296423 -0.00425119 -0.00853542 -0.0121141 -0.0126259 -0.0100873 -0.00532043 0.000123317 0.00369489 0.00335786 -0.000702172 -0.00621183 -0.0101506 -0.0104025 -0.00669879 0.000834603 0.0121645 0.023413 0.0266653 0.0191382 0.00884498 0.00655721 0.0149538 0.0276358 
0.0261617 0.0310084 0.0267808 0.0170406 0.00891374 0.00596491 0.00464873 0.000100477 -0.00693123 -0.0115717 -0.0111845 -0.00742362 -0.00292722 0.0011043 0.0037381 0.00329692 -0.00108372 -0.00773926 -0.0128747 -0.0130568 -0.00766694 0.00187361 0.013702 0.023392 0.0240143 0.0139 0.00120905 -0.00372235 0.00219525 0.0145277 
0.0213722 0.0327594 0.0367081 0.032668 0.0252354 0.0186808 0.0123031 0.00342529 -0.00670266 -0.0129703 -0.0123785 -0.00748989 -0.00275289 0.00022311 0.00176586 0.00105689 -0.00317161 -0.00977082 -0.0147159 -0.013944 -0.00652532 0.00562261 0.0195285 0.0299178 0.0298359 0.0180695 0.00301071 -0.00511729 -0.00276019 0.00762165 
0.0223142 0.0395839 0.050521 0.0503184 0.040892 0.028071 0.0155669 0.00332509 -0.00831786 -0.0155748 -0.0150325 -0.00900088 -0.00328864 -0.000678096 -0.000219415 -0.00142619 -0.00509715 -0.0103194 -0.0134427 -0.0109483 -0.002476 0.00995399 0.0237172 0.0337755 0.0331187 0.0205749 0.00469471 -0.00447594 -0.00351449 0.00625684 
0.0245091 0.0467056 0.0625216 0.0636123 0.0501487 0.0306105 0.0136828 0.00131687 -0.00856932 -0.0149591 -0.0144098 -0.00802724 -0.00177072 0.000602494 8.88149e-05 -0.00180071 -0.00519378 -0.00920411 -0.0105756 -0.00677302 0.00112835 0.010481 0.0196842 0.0256447 0.0229864 0.0111487 -0.00208086 -0.0084232 -0.00567196 0.00554318 
0.0206849 0.0453152 0.06449 0.0671086 0.0514297 0.0279608 0.00965485 2.95475e-05 -0.00557065 -0.009473 -0.0090605 -0.00395291 0.00134332 0.00321797 0.0022663 -9.63449e-05 -0.00395989 -0.00829534 -0.00947096 -0.00524595 0.00160895 0.00665504 0.00854571 0.00712191 0.00103598 -0.00828699 -0.015232 -0.0159469 -0.0106714 0.000982655 
0.00851152 0.0318286 0.0542454 0.0618808 0.0488513 0.0251223 0.00671434 -0.000606421 -0.00239487 -0.0035843 -0.00325716 -0.000304926 0.00294431 0.00414146 0.00342241 0.00109069 -0.00360673 -0.00924361 -0.0109282 -0.00592032 0.00135606 0.00378182 -0.00084102 -0.0097742 -0.0190199 -0.0242692 -0.0232583 -0.018624 -0.0137715 -0.00655115 
-0.00549492 0.0137511 0.0394733 0.0547856 0.0476686 0.0251085 0.00512123 -0.00319666 -0.00392319 -0.002964 -0.00156141 0.00047301 0.00205226 0.00239282 0.00176188 -0.000458899 -0.00559071 -0.011629 -0.0125202 -0.00531929 0.00394135 0.00580461 -0.00270643 -0.0163369 -0.0263345 -0.02623 -0.0178168 -0.0103483 -0.00981821 -0.0115805 
-0.0129682 0.00154632 0.028491 0.0494581 0.0475679 0.0262202 0.00377803 -0.0078294 -0.00987775 -0.00746332 -0.00354218 -0.000168425 0.00105017 0.000311083 -0.00119069 -0.0037462 -0.00841122 -0.0128708 -0.0113539 -0.00192652 0.00831575 0.00938125 -0.00129175 -0.0164583 -0.0245604 -0.0188016 -0.00490255 0.00331711 -0.000988344 -0.0108534 
-0.0133203 -0.00322089 0.0207132 0.0421743 0.043784 0.0260413 0.00452082 -0.00908327 -0.0135973 -0.0115991 -0.00603114 -0.000885651 0.000736556 -0.000890008 -0.00351687 -0.00623498 -0.00928947 -0.0108055 -0.00698942 0.00236675 0.0105778 0.00930494 -0.00296502 -0.0183374 -0.0245737 -0.0155518 0.000800516 0.00941245 0.00409055 -0.00775089 
-0.0120922 -0.00570988 0.0123778 0.0311388 0.0366504 0.0270899 0.011831 -0.00128858 -0.00954148 -0.011579 -0.00825048 -0.00389762 -0.00258855 -0.00439766 -0.00674328 -0.00807228 -0.00835218 -0.00683144 -0.00207238 0.00509081 0.00995643 0.00672822 -0.00609328 -0.0221059 -0.0296544 -0.0222948 -0.00715496 0.00221334 0.000339672 -0.00747175 
-0.0109754 -0.00698676 0.0062663 0.0231965 0.0339249 0.034277 0.0263767 0.0133402 -0.00054492 -0.00968509 -0.0123075 -0.0119595 -0.0124016 -0.0137 -0.0137694 -0.0118175 -0.00864582 -0.00464625 0.000397736 0.00586965 0.00936078 0.00679958 -0.0048501 -0.0221926 -0.0343354 -0.0326669 -0.0210169 -0.0105252 -0.00706317 -0.00888682 
-0.00311256 -0.00160437 0.00840936 0.0250326 0.0400646 0.0466046 0.0414818 0.0253937 0.00487869 -0.0112948 -0.0200336 -0.0242808 -0.0267678 -0.0270227 -0.0237655 -0.0178307 -0.0113953 -0.00542519 0.000395803 0.00618712 0.0108463 0.0108542 0.00143637 -0.0168524 -0.0337647 -0.0378239 -0.0287059 -0.0154893 -0.00583773 -0.00231825 
0.0278884 0.0208192 0.0227593 0.0357973 0.0508151 0.0574826 0.0499339 0.02888 0.00286682 -0.0178157 -0.0299194 -0.0363513 -0.0392524 -0.0378468 -0.0315675 -0.0225354 -0.0138152 -0.00640067 0.000505947 0.0074681 0.0137506 0.0160886 0.00908727 -0.00840768 -0.0269958 -0.0329324 -0.0215731 9.1773e-05 0.0209144 0.0310608 
0.110484 0.0800414 0.057771 0.0553627 0.0625358 0.064262 0.0526076 0.0282546 -0.0003769 -0.0230832 -0.0360658 -0.0418011 -0.0428585 -0.0393764 -0.0314953 -0.021504 -0.0122543 -0.00453287 0.00256732 0.00975986 0.0166466 0.0205595 0.0163896 0.0021507 -0.0135858 -0.01498 0.00789824 0.0510388 0.0969113 0.121023 
0.268251 0.195796 0.125683 0.0891944 0.0779327 0.0708482 0.0562988 0.0326814 0.00496185 -0.0184722 -0.0320229 -0.0361602 -0.0343479 -0.0290793 -0.0215675 -0.0133104 -0.00591588 0.00021325 0.00579356 0.0117579 0.0184917 0.0241595 0.0239795 0.0155054 0.00720474 0.0179931 0.0646951 0.147317 0.238454 0.289448 
0.471665 0.349214 0.217329 0.133932 0.0970651 0.0798146 0.0648353 0.045801 0.0216795 -0.00234124 -0.0179933 -0.0219807 -0.0180949 -0.0118516 -0.0060949 -0.00140548 0.0022278 0.00503248 0.00770758 0.0116078 0.0180226 0.0258629 0.0305972 0.0296139 0.0318231 0.0595618 0.136797 0.267941 0.415068 0.501832 
