0.291346 0.257298 0.177743 0.10354 0.0651204 0.0565994 0.0562375 0.0514737 0.0420569 0.0301796 0.0178525 0.00742105 -0.00113134 -0.00943457 -0.0170958 -0.0218718 -0.0227398 -0.0207096 -0.0166231 -0.00967498 0.000926999 0.0138802 0.0264726 0.035935 0.0405316 0.0441313 0.0598013 0.10319 0.177081 0.255624 
0.27425 0.23971 0.162252 0.0906155 0.0541114 0.0480224 0.0514216 0.0513652 0.0465454 0.0374045 0.0247254 0.0115965 -1.81595e-05 -0.0103788 -0.0190639 -0.0243693 -0.0254222 -0.0230347 -0.0181503 -0.0106703 -0.000709336 0.0101666 0.01973 0.0255019 0.0257802 0.0255936 0.040207 0.0857119 0.1621 0.240524 
0.204794 0.181814 0.124465 0.0694781 0.042166 0.0410921 0.0479609 0.0500311 0.0466364 0.0389832 0.0271245 0.0132839 0.000144351 -0.0112199 -0.020082 -0.0253075 -0.026345 -0.0238556 -0.0188686 -0.011982 -0.003867 0.00460321 0.0126162 0.0177856 0.0166635 0.0125481 0.0199609 0.053876 0.113718 0.175958 
0.134335 0.123984 0.0868721 0.0475782 0.0287044 0.0324364 0.0421078 0.0443729 0.0401493 0.0334186 0.0241567 0.0124542 0.000232196 -0.0106688 -0.0190529 -0.0240402 -0.0253106 -0.0234157 -0.019388 -0.0141653 -0.00831595 -0.00137815 0.00742528 0.0154511 0.0167387 0.0114806 0.0116343 0.0303359 0.0683379 0.110783 
0.0891677 0.0856341 0.059659 0.0286732 0.0150964 0.0233277 0.0357701 0.0372399 0.0304591 0.0233077 0.0167995 0.00886723 -0.000443455 -0.0095629 -0.0170099 -0.0217782 -0.0235243 -0.0227097 -0.0202165 -0.0166828 -0.0118608 -0.00396758 0.00857471 0.0221857 0.028386 0.0244456 0.0195887 0.0253752 0.0448304 0.0709219 
0.0650171 0.0627253 0.0414876 0.0155172 0.00725687 0.0206119 0.035374 0.0348853 0.0239702 0.0143214 0.00872175 0.00382006 -0.00240344 -0.00940987 -0.0158005 -0.020316 -0.0223913 -0.0223607 -0.0208145 -0.0176492 -0.0115941 -0.000255115 0.0175253 0.0368373 0.0477596 0.0461011 0.038769 0.0353536 0.0405299 0.0532245 
0.052018 0.0477845 0.0296545 0.00977782 0.00819716 0.0256086 0.0400331 0.0361202 0.0213311 0.00936733 0.00369536 0.000233151 -0.0043144 -0.0101615 -0.015991 -0.0202891 -0.0222003 -0.0219079 -0.0197781 -0.0151251 -0.00617576 0.00898901 0.0301458 0.0516274 0.0645233 0.0656238 0.0597182 0.0524246 0.0475958 0.0483781 
0.0464564 0.0390635 0.0236729 0.00993014 0.0131533 0.030445 0.0410181 0.0337424 0.0182734 0.00737265 0.00289981 1.4325e-05 -0.00458158 -0.0107581 -0.0168455 -0.0210604 -0.0223185 -0.0207461 -0.0167996 -0.00978284 0.00190061 0.0190587 0.0399219 0.0591357 0.0710332 0.0753003 0.0747505 0.06933 0.0596169 0.0511046 
0.0468846 0.0372158 0.0237334 0.0128586 0.0154882 0.0280224 0.0337252 0.0256274 0.0133675 0.00660261 0.00455344 0.00188408 -0.00371449 -0.0109612 -0.017597 -0.0217193 -0.0222163 -0.0192684 -0.0136776 -0.00523789 0.00723166 0.0238824 0.0422435 0.057892 0.0683913 0.0759711 0.0817121 0.080747 0.0704313 0.0570383 
0.0503475 0.0407216 0.0280751 0.0157059 0.0127737 0.0187803 0.0217685 0.0160303 0.00857625 0.00590665 0.00575394 0.00303678 -0.0033965 -0.0112329 -0.0178948 -0.0217148 -0.0217995 -0.0183495 -0.0124585 -0.00459736 0.00613011 0.0202992 0.0360786 0.0500153 0.0610542 0.0717967 0.0817551 0.0840611 0.0751801 0.0614833 
0.0531401 0.0451988 0.0322767 0.0158226 0.00581065 0.00642252 0.00938291 0.0076815 0.00457007 0.00451305 0.0053317 0.0026877 -0.00382534 -0.0113984 -0.0175029 -0.0209472 -0.021161 -0.0182476 -0.0133538 -0.00750465 3.80141e-05 0.0108173 0.0243569 0.0380146 0.0506161 0.063491 0.0749465 0.0786718 0.0722553 0.0616582 
0.0531691 0.0470615 0.0332826 0.012838 -0.00295543 -0.00624183 -0.00259432 -0.000335626 0.000500995 0.00279368 0.00471155 0.00261164 -0.00346249 -0.0105099 -0.0161573 -0.0195779 -0.020404 -0.0186113 -0.0152228 -0.0114712 -0.0067204 0.00114071 0.0125352 0.0253558 0.0381114 0.0509362 0.0618307 0.0663487 0.06347 0.0577561 
0.0518893 0.0476128 0.0335723 0.0109344 -0.00855646 -0.0152353 -0.0121682 -0.00731949 -0.00286329 0.00213013 0.00549352 0.00412732 -0.00145302 -0.00818493 -0.0138587 -0.0177374 -0.0194343 -0.0188357 -0.0167612 -0.0142624 -0.0107236 -0.00419855 0.00565137 0.0168872 0.0280241 0.038749 0.0476408 0.0524878 0.0532489 0.0525461 
0.052679 0.0508173 0.0378736 0.0153249 -0.00559147 -0.0150913 -0.0141389 -0.00901928 -0.002794 0.00362438 0.00746985 0.00623425 0.00092874 -0.00554312 -0.0112905 -0.015597 -0.0179379 -0.0180688 -0.0165279 -0.0139891 -0.00983366 -0.00274812 0.00692112 0.0171861 0.0266047 0.0346017 0.0404902 0.0441303 0.0466552 0.049645 
0.0559543 0.0570916 0.0467258 0.0265743 0.00666675 -0.00437006 -0.00623799 -0.00323625 0.00176326 0.00697209 0.00949085 0.00742093 0.00206803 -0.00399669 -0.00934531 -0.0134602 -0.0157455 -0.0157318 -0.0136278 -0.0097875 -0.00365275 0.00540206 0.0163624 0.0271645 0.0360775 0.0418535 0.0440966 0.0443123 0.0454869 0.0498733 
0.0576332 0.0615143 0.054912 0.0391734 0.0222493 0.0109782 0.0064277 0.0061457 0.00808514 0.0105467 0.0109361 0.00770464 0.00212809 -0.00350461 -0.0081177 -0.0115093 -0.0131381 -0.0123165 -0.00900449 -0.0033983 0.00497297 0.0162633 0.0290718 0.0412733 0.0506183 0.0549327 0.0536446 0.049288 0.0468089 0.0501354 
0.0526215 0.0574824 0.0548045 0.0447055 0.032144 0.0220664 0.0161627 0.0134394 0.0126989 0.0127371 0.0114636 0.00749694 0.00186845 -0.00337202 -0.00731142 -0.00995622 -0.0108527 -0.00921304 -0.00489238 0.00194019 0.0116346 0.0240625 0.0376446 0.0502899 0.0596616 0.0632035 0.0599438 0.0523913 0.0462175 0.0465348 
0.039123 0.0427138 0.0431065 0.0388176 0.0315443 0.0245124 0.0197011 0.0167119 0.0146488 0.0129298 0.0104 0.00612732 0.000859074 -0.00379556 -0.00713099 -0.00922069 -0.00966033 -0.00768241 -0.00310814 0.00387366 0.0134016 0.0251199 0.0373958 0.0483792 0.0564476 0.0596265 0.0565824 0.0486994 0.0405208 0.0370185 
0.0208574 0.0225141 0.0248822 0.0252997 0.0230582 0.0201181 0.0182612 0.0167243 0.0142941 0.0111124 0.00742744 0.00310147 -0.00137618 -0.00508069 -0.00771022 -0.00938777 -0.00974132 -0.00808669 -0.00421047 0.00171048 0.00960426 0.0189836 0.028354 0.0362965 0.0421908 0.0450047 0.0432715 0.0370819 0.0289645 0.0227353 
0.00410889 0.00493261 0.00819334 0.0110521 0.0120319 0.0124542 0.0135082 0.0136409 0.0112677 0.0072908 0.00318839 -0.000620602 -0.00395705 -0.00654305 -0.00847497 -0.00993064 -0.0105866 -0.00985533 -0.00748988 -0.00362805 0.00155641 0.00764563 0.0135792 0.018514 0.0224552 0.024822 0.0241782 0.020084 0.0136547 0.00735529 
-0.00927748 -0.0078188 -0.00442614 -0.00119945 0.0010189 0.00334625 0.00615202 0.007288 0.00530512 0.0017808 -0.00132587 -0.00371844 -0.00566425 -0.00726481 -0.00872432 -0.0101717 -0.0113461 -0.0117814 -0.0112391 -0.00982696 -0.00771889 -0.00510177 -0.00238469 0.000225967 0.00285266 0.00467801 0.00421149 0.00124582 -0.00321748 -0.00746519 
-0.0222772 -0.0197094 -0.0164124 -0.0135074 -0.0108299 -0.007431 -0.00370058 -0.00187954 -0.00285568 -0.00469182 -0.00562913 -0.00589675 -0.00626185 -0.00700571 -0.00813591 -0.00954899 -0.0110359 -0.0123259 -0.0132549 -0.0138811 -0.0143016 -0.0144635 -0.0141945 -0.0132139 -0.0116015 -0.0107278 -0.0122617 -0.0159534 -0.0200001 -0.0225163 
-0.0345615 -0.0321938 -0.0296462 -0.0272115 -0.02416 -0.0199201 -0.0153307 -0.0123203 -0.0113582 -0.0107286 -0.00915791 -0.00721717 -0.00598406 -0.00585924 -0.0065655 -0.00766723 -0.00897802 -0.0104558 -0.0120266 -0.0136543 -0.01533 -0.0168775 -0.0178334 -0.0177611 -0.0171298 -0.0177689 -0.02131 -0.0270533 -0.032422 -0.0351047 
-0.0406884 -0.0406413 -0.0402538 -0.0388983 -0.0357891 -0.0309388 -0.0253408 -0.0205194 -0.0170369 -0.0139772 -0.0105356 -0.00712307 -0.00472913 -0.00384411 -0.00406027 -0.00470238 -0.00556505 -0.0067373 -0.00817195 -0.00973207 -0.0113424 -0.0128308 -0.0137212 -0.0137489 -0.0139157 -0.0162781 -0.0218949 -0.0293706 -0.035917 -0.0396195 
-0.0377896 -0.0407053 -0.0429715 -0.0429121 -0.0400322 -0.0350391 -0.0288744 -0.0226394 -0.0172665 -0.0128482 -0.00891857 -0.00531837 -0.00258309 -0.00128628 -0.00117656 -0.00155471 -0.00214914 -0.00302182 -0.00408032 -0.00510875 -0.00599758 -0.00664078 -0.00671795 -0.00630396 -0.00689989 -0.010575 -0.0174717 -0.0252366 -0.0312822 -0.0350207 
-0.0294756 -0.0338235 -0.0372895 -0.0375905 -0.0348001 -0.0302752 -0.0247133 -0.0185986 -0.0129662 -0.00866917 -0.00551326 -0.00275431 -0.000372468 0.000985149 0.00120436 0.000804603 0.000126414 -0.00076937 -0.00172092 -0.00245682 -0.00282482 -0.00278127 -0.00221724 -0.00149497 -0.00228616 -0.00639613 -0.0131937 -0.0197115 -0.0238337 -0.0263444 
-0.021338 -0.0250388 -0.027754 -0.0273775 -0.0245515 -0.0209833 -0.0170479 -0.012495 -0.00798058 -0.0046312 -0.00254753 -0.00078203 0.00105233 0.0023224 0.00258312 0.00207236 0.00112611 -7.20834e-05 -0.00129878 -0.00226449 -0.00278966 -0.00286797 -0.00254859 -0.00227984 -0.00344103 -0.00721421 -0.0125232 -0.0166329 -0.0183042 -0.0191186 
-0.0156757 -0.0176625 -0.0189128 -0.0178834 -0.0153486 -0.0128924 -0.0106915 -0.00802901 -0.00499523 -0.00254945 -0.00104082 0.000243272 0.00173405 0.0029226 0.00325311 0.00270799 0.00152154 -5.5184e-05 -0.00174573 -0.00328262 -0.00452001 -0.00549725 -0.00633856 -0.00736419 -0.00931275 -0.0124913 -0.0156071 -0.016793 -0.0159647 -0.0150184 
-0.0114162 -0.0117326 -0.0119799 -0.0110385 -0.00930313 -0.00785231 -0.00683026 -0.00551543 -0.00362982 -0.00175275 -0.000306707 0.0010031 0.00239829 0.00351892 0.00390452 0.00339643 0.00208693 0.000226265 -0.0018731 -0.00398066 -0.00603208 -0.00813631 -0.0104361 -0.0130069 -0.0158663 -0.0185064 -0.0195894 -0.0181783 -0.0151383 -0.0124559 
-0.00707815 -0.00620753 -0.00597947 -0.00553287 -0.00477952 -0.00418783 -0.00387328 -0.00335167 -0.00224586 -0.000772502 0.000727639 0.00219859 0.00357174 0.0045723 0.00491548 0.00443868 0.00312757 0.00116596 -0.00114986 -0.00362983 -0.00628147 -0.00924408 -0.0126046 -0.0162012 -0.0195436 -0.0216518 -0.0212911 -0.0181488 -0.0135579 -0.00948962 
-0.00237726 -0.000649884 4.76052e-05 0.000248742 0.000236728 2.005e-05 -0.000361952 -0.000556469 -0.000151878 0.0008827 0.00229487 0.0038064 0.00510933 0.00593325 0.00614881 0.00568677 0.00448775 0.00262336 0.000305373 -0.00233329 -0.00533737 -0.00878429 -0.0125934 -0.0164154 -0.0195831 -0.0210567 -0.0198041 -0.015809 -0.010477 -0.00565175 
0.00169182 0.00421885 0.00562604 0.00602295 0.00558593 0.00458625 0.00332533 0.00228196 0.00199227 0.00259687 0.00382319 0.00526324 0.00647661 0.00715675 0.00726822 0.00685566 0.00585102 0.00420481 0.00201044 -0.000668372 -0.00389038 -0.00761272 -0.0115107 -0.0150693 -0.0176695 -0.0184918 -0.0167679 -0.0125905 -0.00719556 -0.00213775 
0.00353687 0.00683517 0.00908617 0.0100055 0.00951485 0.00797066 0.00595624 0.00421938 0.00344697 0.00376375 0.00480775 0.00613431 0.00728094 0.00790355 0.00799628 0.00767618 0.00686602 0.00540995 0.00329538 0.000543921 -0.00288442 -0.00683353 -0.0107742 -0.0140658 -0.0161851 -0.0165675 -0.0147028 -0.0107537 -0.00570142 -0.000702186 
0.00252026 0.00643412 0.00954021 0.0112355 0.0111393 0.00957311 0.00730508 0.00527827 0.00425352 0.00431626 0.00510397 0.00626221 0.00736623 0.00801242 0.00815639 0.00792896 0.00723622 0.00584282 0.00366351 0.000732364 -0.00291853 -0.00706264 -0.0111088 -0.0143826 -0.0163827 -0.0166386 -0.0148259 -0.011235 -0.0066709 -0.00191921 
-0.000226425 0.00402566 0.00780589 0.010304 0.0109191 0.00985345 0.00783431 0.00581345 0.00457127 0.00424104 0.00463013 0.00558457 0.00671041 0.00748013 0.00773542 0.00757705 0.00691282 0.00547561 0.00314508 5.92511e-06 -0.00380121 -0.00802342 -0.0121502 -0.0155588 -0.0176838 -0.0180048 -0.0163275 -0.0130903 -0.00900557 -0.00461354 
-0.00275946 0.00142151 0.00530806 0.00810467 0.00927741 0.00891009 0.00741921 0.00556953 0.00414726 0.00341114 0.00342027 0.00424268 0.00549582 0.00650169 0.00694499 0.00686814 0.00620598 0.00471897 0.00229873 -0.000913547 -0.0046935 -0.00880569 -0.0128727 -0.0163319 -0.0185331 -0.0189368 -0.0174784 -0.0146247 -0.0109506 -0.00690534 
-0.00397023 -0.000248416 0.0029829 0.00517135 0.00623394 0.0063264 0.00545476 0.00402263 0.0027139 0.00185297 0.00170561 0.00254387 0.0040313 0.00538144 0.00611788 0.00619954 0.00559006 0.00412887 0.00178452 -0.00125289 -0.00475959 -0.00857615 -0.0124282 -0.0157529 -0.0178573 -0.0183341 -0.0172617 -0.0149232 -0.0116176 -0.00781905 
-0.00442305 -0.00113246 0.00112642 0.00204158 0.00220684 0.0022115 0.00188862 0.00120926 0.000491549 -0.000114654 -0.000221966 0.000720823 0.0025257 0.00432333 0.00545366 0.00576524 0.00524202 0.00384706 0.00169279 -0.000979735 -0.00401147 -0.00735678 -0.0108224 -0.0138446 -0.0157865 -0.0164911 -0.0161341 -0.0146122 -0.0117915 -0.00815059 
-0.00560978 -0.0022404 -0.000527921 -0.000817522 -0.00185781 -0.00232116 -0.00219077 -0.00189575 -0.00173866 -0.00197521 -0.00210597 -0.00114444 0.000970217 0.00325646 0.00481374 0.00534295 0.00484411 0.00344936 0.00146053 -0.000814225 -0.00325102 -0.00588021 -0.00863394 -0.0111122 -0.0129012 -0.014112 -0.0149054 -0.0146895 -0.0127882 -0.00946814 
-0.00847781 -0.0046485 -0.00287886 -0.00379406 -0.00556404 -0.00614015 -0.00534694 -0.00407756 -0.0032862 -0.00352045 -0.0039884 -0.0031822 -0.000825291 0.00192631 0.00388695 0.00457172 0.00399998 0.00252327 0.000660691 -0.00120028 -0.00290567 -0.00449029 -0.0060692 -0.00760951 -0.00910397 -0.0109441 -0.0132151 -0.0148719 -0.0146669 -0.012323 
-0.0123381 -0.00841829 -0.00661459 -0.00773573 -0.00938296 -0.00914339 -0.00717122 -0.00505528 -0.00423808 -0.00511056 -0.00623169 -0.0055944 -0.00292839 0.000311895 0.00265025 0.00343545 0.00274618 0.00120659 -0.000424641 -0.00168906 -0.00241501 -0.00264337 -0.00265889 -0.00280773 -0.00358904 -0.00583771 -0.00969864 -0.0137209 -0.0160007 -0.0154926 
-0.0152416 -0.0121393 -0.0109803 -0.0123755 -0.0134329 -0.011793 -0.00833004 -0.00548107 -0.00507284 -0.00700277 -0.00886443 -0.00818142 -0.00497187 -0.00116667 0.00150018 0.00232159 0.00151727 1.09772e-05 -0.00119832 -0.00159518 -0.00105982 0.000282487 0.00204575 0.00368427 0.00417864 0.00192562 -0.0035603 -0.010284 -0.0153692 -0.0170453 
-0.0161362 -0.0144364 -0.0144874 -0.0163672 -0.0169409 -0.0141277 -0.00940333 -0.00591105 -0.00589312 -0.00878966 -0.0112016 -0.0102448 -0.00638426 -0.002087 0.000758295 0.00152185 0.000608074 -0.000806115 -0.00152577 -0.000975056 0.000894187 0.00381918 0.00736692 0.0109513 0.0130324 0.0109852 0.00382655 -0.00563037 -0.0131828 -0.0165704 
-0.015633 -0.0150757 -0.0163356 -0.0187857 -0.0191825 -0.0157326 -0.01023 -0.00626376 -0.00643111 -0.00986005 -0.0124678 -0.0112233 -0.00702135 -0.00262828 0.00012902 0.000758857 -0.00023703 -0.00157656 -0.00196182 -0.000749155 0.00208701 0.0061857 0.0111109 0.0162822 0.0196919 0.0178027 0.00926045 -0.00227518 -0.011354 -0.0154333 
-0.0141439 -0.013986 -0.016322 -0.0196924 -0.0203624 -0.0165941 -0.010543 -0.00627236 -0.00653317 -0.0100951 -0.0126165 -0.0113305 -0.00742056 -0.00350603 -0.0010909 -0.000563739 -0.00152791 -0.00281434 -0.00314596 -0.0018198 0.00124164 0.00569796 0.0111804 0.0171278 0.0212817 0.0196843 0.0108168 -0.00132053 -0.0106488 -0.0143491 
-0.0111404 -0.0108576 -0.0143764 -0.0194392 -0.0211678 -0.0173378 -0.0106152 -0.00591796 -0.00616034 -0.00968257 -0.0121402 -0.0112361 -0.00821143 -0.0051756 -0.00318767 -0.00263344 -0.00339888 -0.00458364 -0.00501935 -0.00397116 -0.0012824 0.00281225 0.0080875 0.0140965 0.0186827 0.0179664 0.0102281 -0.000973709 -0.0095956 -0.0123628 
-0.00632202 -0.00588006 -0.0106118 -0.0177673 -0.0212261 -0.0177687 -0.0103146 -0.00486405 -0.00484423 -0.00837586 -0.0111358 -0.0111088 -0.00933323 -0.00730883 -0.00573031 -0.00508678 -0.00557665 -0.00653535 -0.00688598 -0.00592986 -0.00356892 -3.42215e-05 0.0046401 0.0103611 0.0153989 0.0160844 0.0102595 0.000670403 -0.00684911 -0.00855469 
-0.000138591 0.00012538 -0.0055655 -0.0141936 -0.0192031 -0.0165251 -0.00874867 -0.00256434 -0.0021639 -0.00585715 -0.00932893 -0.0105409 -0.0101839 -0.00923107 -0.00813296 -0.0075193 -0.0078196 -0.0084573 -0.00836149 -0.00695367 -0.00444106 -0.00130862 0.0025675 0.00768024 0.0128947 0.0146659 0.0104281 0.00252537 -0.00322751 -0.00326902 
0.00630327 0.00606156 -0.000284904 -0.00941422 -0.0153367 -0.0137351 -0.00637487 0.000146426 0.000997391 -0.00272818 -0.00692962 -0.00941641 -0.0104677 -0.0106098 -0.0101027 -0.00968916 -0.00995191 -0.0103213 -0.009685 -0.00758906 -0.00462694 -0.00169533 0.00132998 0.0054195 0.00994701 0.0116161 0.00807776 0.00205932 -0.000673964 0.00211865 
0.0112992 0.0110848 0.00468243 -0.00450005 -0.0112802 -0.0112234 -0.00499346 0.00153419 0.00318336 3.05767e-05 -0.00453143 -0.0081506 -0.0104897 -0.0116066 -0.0116426 -0.0114416 -0.0116902 -0.0118423 -0.0107754 -0.00810508 -0.00467053 -0.00168836 0.000776608 0.00365776 0.00648712 0.00664041 0.00289977 -0.00122387 -0.00044066 0.00564994 
0.0136308 0.0152982 0.0105428 0.00191388 -0.00593199 -0.00806491 -0.00385641 0.00203195 0.00447834 0.00228168 -0.00235799 -0.00701742 -0.0105613 -0.0125235 -0.0129915 -0.0128839 -0.0129154 -0.0125793 -0.01083 -0.00742121 -0.0033701 -1.44141e-05 0.00235166 0.00412781 0.00466626 0.00242208 -0.00221306 -0.00525228 -0.00226815 0.0060563 
0.0133473 0.0191565 0.0188162 0.0128465 0.00494466 0.000307373 0.00103285 0.00448101 0.00637049 0.00453507 -0.000154391 -0.00562105 -0.0102754 -0.0131953 -0.0142754 -0.0142907 -0.0138366 -0.0124534 -0.00933828 -0.0046613 0.00021332 0.00397264 0.00631976 0.00711175 0.00543058 0.000728347 -0.00534754 -0.00874598 -0.00562732 0.00344964 
0.010704 0.0218352 0.0281152 0.0277948 0.0223736 0.0159418 0.0118429 0.0104312 0.00954897 0.00699703 0.00243461 -0.00315585 -0.00860269 -0.0127826 -0.0150398 -0.0155423 -0.0145737 -0.0117962 -0.00688521 -0.00075271 0.00466152 0.00817297 0.00993364 0.00973399 0.00636758 -0.000479206 -0.00868686 -0.0138252 -0.0115973 -0.00197561 
0.00632586 0.0217699 0.0341975 0.0407904 0.0403523 0.0342726 0.0258714 0.0185397 0.0134308 0.00945048 0.00529893 0.00035075 -0.00538581 -0.0109382 -0.0148486 -0.0162893 -0.0151028 -0.0111425 -0.00471183 0.00236799 0.00750325 0.00976727 0.0101908 0.00898826 0.00454913 -0.00405046 -0.0146945 -0.0218783 -0.0200459 -0.00906708 
0.00296811 0.0193113 0.0342796 0.0458882 0.0511935 0.0482466 0.0384386 0.0267302 0.017647 0.0119039 0.0077758 0.00337094 -0.00244204 -0.00905394 -0.0143903 -0.0167839 -0.0157103 -0.0111352 -0.00388935 0.00338927 0.00762871 0.00834412 0.00750839 0.0057127 0.000838615 -0.00869148 -0.0206562 -0.0285083 -0.0259086 -0.0134419 
0.00492596 0.0178616 0.0303493 0.0429008 0.0524015 0.0541292 0.0464002 0.0337164 0.022539 0.0150817 0.0098271 0.00469064 -0.00173176 -0.00898793 -0.0148764 -0.0176078 -0.0166411 -0.0119546 -0.00461496 0.0023402 0.00585063 0.00604792 0.00538013 0.00413391 -0.000347938 -0.00963273 -0.0210355 -0.0276045 -0.0232638 -0.00995172 
0.0140088 0.0207257 0.0262995 0.0350915 0.0456114 0.0516461 0.0484644 0.0385742 0.0281556 0.0197408 0.0124077 0.0050237 -0.00294928 -0.0107183 -0.0163425 -0.0186034 -0.0173655 -0.0127279 -0.00580021 0.000562494 0.00398359 0.00526219 0.00653931 0.00705029 0.00369993 -0.00461227 -0.0146718 -0.0192655 -0.0126422 0.0016497 
0.0257123 0.0262695 0.0229512 0.024611 0.0330598 0.0420458 0.0445131 0.0402472 0.0332301 0.0251058 0.0157404 0.00566295 -0.00419447 -0.0124685 -0.0176001 -0.0190628 -0.0172101 -0.0124612 -0.00605056 -0.000322436 0.00344784 0.0065512 0.0101862 0.0124438 0.01028 0.00302447 -0.00611661 -0.00956026 -0.00104554 0.0148178 
0.0328751 0.0297413 0.0193909 0.0139759 0.0188084 0.0287598 0.0358889 0.0376332 0.0349797 0.0281536 0.0178683 0.00623634 -0.00468928 -0.0132048 -0.0180015 -0.0188702 -0.0163906 -0.0113426 -0.00521986 0.00011584 0.00434935 0.00883641 0.0136738 0.0164965 0.0151171 0.00909871 0.000698524 -0.00278208 0.00582118 0.022323 
0.0349657 0.0309652 0.0174014 0.00720846 0.00788912 0.0161771 0.0249261 0.0303037 0.0308216 0.025669 0.0161574 0.00499674 -0.0055866 -0.0137848 -0.0181906 -0.0185453 -0.0155048 -0.0101366 -0.0040886 0.00122057 0.00602378 0.0112894 0.0162561 0.0189599 0.0184806 0.0142112 0.00683202 0.00265514 0.00942573 0.0246202 
0.0390723 0.0358573 0.0210325 0.00654117 0.00177247 0.00628471 0.0141263 0.0202771 0.021851 0.0181422 0.0107404 0.00170007 -0.00744006 -0.0148051 -0.0185497 -0.0182162 -0.0145946 -0.00897033 -0.00291202 0.00266179 0.00825373 0.0143043 0.0196224 0.022972 0.0240741 0.0214643 0.0147845 0.0100346 0.0150482 0.0286345 
0.0500644 0.0492123 0.0331453 0.012339 -5.29617e-05 -5.52505e-05 0.00651698 0.0120436 0.0128546 0.00960931 0.00438539 -0.00196369 -0.0091328 -0.015438 -0.0185684 -0.0177205 -0.013696 -0.00787319 -0.00163347 0.00452971 0.0112274 0.0185837 0.0254619 0.0309315 0.0337961 0.0312623 0.0238006 0.0188575 0.0238647 0.0377156 
0.0625394 0.0672049 0.0519789 0.0252577 0.00508288 0.000645927 0.00563458 0.00927169 0.00747078 0.00287084 -0.00140849 -0.0054375 -0.0104791 -0.0156635 -0.0185116 -0.0176959 -0.0136993 -0.00778781 -0.00114023 0.00600059 0.0142349 0.0236688 0.0334918 0.0421821 0.0461171 0.0413668 0.0310471 0.0250819 0.0303248 0.0457165 
0.0663565 0.0794474 0.0702406 0.0438743 0.0206676 0.012941 0.0143672 0.0131506 0.0061222 -0.00204121 -0.00708622 -0.00965646 -0.0126941 -0.0166768 -0.019346 -0.0188728 -0.0152644 -0.00953281 -0.00258095 0.00559644 0.015633 0.0277549 0.0413007 0.0534886 0.0580298 0.0503892 0.036151 0.0268745 0.0294226 0.0445818 
0.0649415 0.0845243 0.0829559 0.063053 0.0435042 0.0353027 0.0318408 0.0230611 0.00869398 -0.00447947 -0.0115206 -0.0136029 -0.0151339 -0.0180155 -0.0204582 -0.0203228 -0.0172762 -0.0121669 -0.00557541 0.00297384 0.0144107 0.0290439 0.0459661 0.0612804 0.0671838 0.0588188 0.0422835 0.0291992 0.0273951 0.0405408 
0.0837231 0.100927 0.0970477 0.0788604 0.0635771 0.0572385 0.0507551 0.03588 0.0155402 -0.00181891 -0.0110772 -0.0136846 -0.0147819 -0.0173046 -0.0199609 -0.0204094 -0.0181431 -0.0141091 -0.00872275 -0.000893346 0.0108605 0.0268487 0.0457016 0.0631471 0.0714821 0.0659211 0.0519122 0.0408382 0.0417199 0.0581923 
0.146163 0.148945 0.124165 0.09224 0.0733951 0.0679173 0.0618115 0.0463474 0.0253675 0.0070874 -0.00378279 -0.00810163 -0.0104088 -0.0139418 -0.0178168 -0.0195268 -0.0183868 -0.0155478 -0.0115199 -0.00484637 0.0063377 0.0221481 0.0407204 0.0581071 0.0681719 0.0676786 0.0626875 0.0654014 0.0847265 0.117723 
0.234866 0.216423 0.159396 0.102728 0.0728221 0.0655968 0.0619436 0.0510134 0.0349216 0.0192309 0.00748061 0.000338691 -0.00474651 -0.0104995 -0.0163452 -0.0197657 -0.0198479 -0.0177702 -0.014237 -0.00792545 0.00277742 0.0173764 0.033478 0.047769 0.0565771 0.0601616 0.0676221 0.0929421 0.14263 0.20172 
