0.428892 0.391811 0.271998 0.151315 0.0723393 0.0301967 0.0108726 0.00475155 0.00114539 -0.00454431 -0.00687053 -0.00349369 -0.00119142 -0.00468483 -0.010602 -0.0140056 -0.0136466 -0.0112663 -0.00904735 -0.00718462 -0.00407209 0.000829106 0.0076088 0.0179814 0.0308271 0.041314 0.0549565 0.100528 0.20706 0.346726 
0.36082 0.330358 0.239602 0.150766 0.0915947 0.054329 0.029877 0.0156919 0.00604569 -0.00263747 -0.00605082 -0.00291753 -0.000691032 -0.00439888 -0.0105016 -0.0138569 -0.0131412 -0.00997249 -0.00656549 -0.00351535 0.00040928 0.00578524 0.0124631 0.0216915 0.0335605 0.0453951 0.0611867 0.102209 0.189517 0.299203 
0.227898 0.210021 0.163739 0.12095 0.0907547 0.0658065 0.0439972 0.0286823 0.0179123 0.00843906 0.00274627 0.00179798 6.26127e-05 -0.00571942 -0.0119925 -0.0147251 -0.0134102 -0.00947448 -0.00454685 0.000621645 0.0063204 0.0124701 0.0186409 0.0258998 0.0353118 0.0451979 0.0563769 0.0812772 0.132942 0.195514 
0.113341 0.106696 0.0930697 0.083245 0.0751238 0.0638075 0.0511989 0.0412611 0.0327835 0.0233025 0.0147237 0.00843913 0.00164406 -0.0066972 -0.0133202 -0.0157334 -0.0143727 -0.0103101 -0.0042622 0.00295469 0.0104419 0.0174104 0.0236968 0.0304726 0.0381351 0.0433746 0.0443892 0.0501297 0.0714338 0.0996793 
0.0560631 0.0550461 0.053056 0.0539347 0.0532951 0.0495823 0.0459287 0.0430227 0.0379659 0.0296697 0.0206137 0.0121527 0.00295421 -0.00665021 -0.0136944 -0.0164708 -0.0156445 -0.0119461 -0.00562912 0.00233025 0.0104121 0.0177861 0.0249032 0.0330102 0.0408057 0.0420206 0.0334206 0.025293 0.0312428 0.0469173 
0.0444075 0.0439889 0.040047 0.0374436 0.0334248 0.0292396 0.0286711 0.0295739 0.0274334 0.0223697 0.016847 0.0106634 0.00237187 -0.00691512 -0.0140965 -0.0173446 -0.0168664 -0.0132312 -0.00698556 0.000660477 0.00845221 0.0158916 0.0232659 0.0314784 0.0385389 0.0369961 0.0236096 0.0107838 0.0149022 0.0324294 
0.0486563 0.0468067 0.0382074 0.0307263 0.0230074 0.0162668 0.0137275 0.0129923 0.0108113 0.00889882 0.00849391 0.00648986 0.000440824 -0.00785856 -0.0148255 -0.0182269 -0.0176056 -0.0133846 -0.00669676 0.000929846 0.00864157 0.0158881 0.0218434 0.0267385 0.0294566 0.0243297 0.00991378 -0.000415769 0.00925442 0.0331512 
0.0510365 0.0482192 0.0378098 0.0304213 0.0248988 0.0191909 0.0139981 0.00841907 0.00295026 0.00131469 0.00338169 0.0036998 -0.00094014 -0.00839308 -0.0149362 -0.0182451 -0.0173874 -0.0124829 -0.00494048 0.00334431 0.0112766 0.017696 0.0207623 0.0202646 0.0165408 0.00720585 -0.00648947 -0.0115366 0.00484056 0.0336904 
0.0533794 0.0517215 0.0422008 0.0363729 0.0336747 0.029721 0.0232749 0.0147327 0.0067344 0.00340185 0.00404096 0.0033112 -0.00151444 -0.00839657 -0.0142341 -0.0171554 -0.0161843 -0.0111725 -0.00335859 0.00529106 0.0131657 0.0184166 0.0190036 0.0149567 0.00746277 -0.00391583 -0.0161215 -0.0167532 0.00390038 0.034899 
0.0572742 0.0584368 0.0508156 0.043567 0.0382219 0.0324039 0.0255026 0.0179884 0.0111452 0.00723004 0.00562204 0.00283467 -0.00256418 -0.00875679 -0.0135448 -0.0157688 -0.0147684 -0.0104076 -0.00355458 0.00447352 0.0122545 0.017426 0.0178231 0.0141321 0.00782399 -0.00187286 -0.011944 -0.0105151 0.0101431 0.0390841 
0.0540208 0.0559905 0.0500652 0.0407236 0.0310933 0.022385 0.0157467 0.0112806 0.00786958 0.00548838 0.00372991 0.000712111 -0.00420541 -0.00940925 -0.0132249 -0.0149531 -0.0142425 -0.0111591 -0.00620669 0.000583259 0.00887673 0.015764 0.0179083 0.0162235 0.0130771 0.0073885 0.0007798 0.00303709 0.0195717 0.0408073 
0.0418114 0.0404477 0.0353319 0.0270991 0.0177194 0.00926279 0.00399941 0.00244309 0.0022607 0.00193516 0.00127237 -0.000700631 -0.0045512 -0.00900361 -0.0125929 -0.0147004 -0.0150007 -0.0135962 -0.0106086 -0.00490307 0.00427571 0.0135922 0.0179538 0.0173856 0.015578 0.0131434 0.0107817 0.0145288 0.0263248 0.0376219 
0.0306337 0.0257402 0.0213024 0.0167242 0.0114158 0.00564463 0.00201874 0.00221681 0.00367149 0.0038848 0.0030375 0.00118562 -0.00219185 -0.00646932 -0.0106529 -0.0141248 -0.0162515 -0.0166731 -0.0149654 -0.00964272 0.000182335 0.011189 0.0172643 0.0165182 0.013011 0.0105884 0.0110877 0.0172367 0.0273441 0.0328866 
0.0243699 0.0209018 0.0191831 0.0187068 0.017107 0.0128596 0.00913132 0.00922298 0.0106621 0.00997377 0.00767933 0.00507141 0.00177441 -0.00251409 -0.00755132 -0.0127362 -0.0169087 -0.018841 -0.0174494 -0.0116707 -0.00153419 0.00977382 0.0161546 0.013898 0.00650529 0.00102042 0.00181232 0.0097679 0.020599 0.0260971 
0.0166273 0.0189666 0.0234424 0.0277694 0.0277323 0.0215779 0.0146071 0.0126439 0.0137256 0.0130798 0.0105872 0.00797321 0.00488933 0.000523418 -0.00512812 -0.0113305 -0.0165674 -0.0189894 -0.017105 -0.0105135 -0.00046625 0.0097128 0.0145077 0.00979205 -0.00124229 -0.00979899 -0.00981444 -0.00166165 0.00875728 0.0148037 
0.0065376 0.0136681 0.0253964 0.0353017 0.035948 0.0262578 0.0146145 0.00978483 0.010879 0.0118647 0.0108735 0.00885814 0.00552758 0.00062669 -0.00520342 -0.0110626 -0.0156761 -0.0173619 -0.0147311 -0.0077957 0.00154654 0.00976375 0.0120165 0.00515425 -0.00723677 -0.0162627 -0.0159098 -0.00792365 0.000411351 0.00411618 
0.00128207 0.0087693 0.0244673 0.0387534 0.0408808 0.0299507 0.0160103 0.00928105 0.00985736 0.0114359 0.0109341 0.00842426 0.00386824 -0.00192613 -0.00749534 -0.0120286 -0.014958 -0.015311 -0.012138 -0.00554464 0.00270015 0.00917534 0.00957894 0.00191031 -0.00986537 -0.0176721 -0.0161148 -0.00745889 3.626e-05 0.00128141 
0.00392309 0.00909229 0.0243241 0.0401214 0.0443714 0.0355796 0.0230647 0.0160614 0.0148802 0.0143029 0.0117757 0.00738719 0.00140898 -0.00487377 -0.00984384 -0.013003 -0.0143877 -0.0136394 -0.0102224 -0.00423471 0.00301081 0.00862361 0.00880672 0.00199523 -0.00831792 -0.0153834 -0.0140531 -0.00520239 0.00354503 0.00545601 
0.0107796 0.0136196 0.0255669 0.0401229 0.0461415 0.0409443 0.031428 0.0246018 0.0208349 0.0169061 0.0117635 0.00588853 -0.000495079 -0.00642357 -0.0106277 -0.0128388 -0.0133656 -0.0121467 -0.00880691 -0.00334152 0.00335731 0.00903077 0.0104081 0.00588476 -0.00212064 -0.00867638 -0.00919586 -0.00225205 0.00719231 0.0115385 
0.0155335 0.0164949 0.0241561 0.0358507 0.0426473 0.0405302 0.033495 0.0265524 0.0206571 0.0147405 0.00893776 0.00352993 -0.00190606 -0.00690934 -0.0103135 -0.0118001 -0.0118086 -0.0104592 -0.00733566 -0.00216671 0.00444631 0.0105735 0.0134071 0.0115512 0.00660998 0.00152886 -0.000634934 0.00279003 0.0101474 0.0152302 
0.0125413 0.0116178 0.0152816 0.023469 0.029599 0.0293231 0.0244984 0.0184826 0.0126453 0.00738037 0.00332144 9.76831e-05 -0.00352373 -0.00734512 -0.00993188 -0.0107011 -0.0101253 -0.00846032 -0.00524611 -2.56325e-05 0.00660883 0.0126776 0.015798 0.0152068 0.0123255 0.00880681 0.00603448 0.00617655 0.00959606 0.0127156 
0.00191735 -0.000791455 -0.000187704 0.00449312 0.0087731 0.00943113 0.00734593 0.00420082 0.000850834 -0.00183474 -0.00304983 -0.00355406 -0.0050181 -0.00742234 -0.00921024 -0.00951084 -0.00854156 -0.0064551 -0.00281107 0.00270378 0.00915792 0.0143495 0.0162498 0.0146892 0.0113676 0.00795955 0.00511782 0.0035199 0.00358441 0.00376797 
-0.0101592 -0.0133694 -0.0140868 -0.0118645 -0.00938587 -0.00821665 -0.00786547 -0.00811856 -0.00888684 -0.00912827 -0.00788416 -0.00604076 -0.00543643 -0.00635401 -0.00751005 -0.00786627 -0.00712101 -0.00504893 -0.00123777 0.00428165 0.0101942 0.0142007 0.0144598 0.0109841 0.00586645 0.00160575 -0.0011022 -0.00310491 -0.00497342 -0.00708733 
-0.0180302 -0.0199237 -0.0200187 -0.0185369 -0.0167672 -0.015134 -0.0136302 -0.0129941 -0.0132019 -0.0126422 -0.0101898 -0.00694752 -0.00492737 -0.00472984 -0.00548595 -0.00617161 -0.00605333 -0.00453407 -0.00121844 0.00363342 0.00863717 0.0116673 0.0109759 0.00650972 0.00057962 -0.00383083 -0.00614289 -0.00829147 -0.0115152 -0.0150609 
-0.0204241 -0.0207668 -0.0199814 -0.0184903 -0.0163826 -0.0136437 -0.0112214 -0.0107427 -0.0119001 -0.0122313 -0.0102314 -0.00702576 -0.00466591 -0.0039506 -0.00439831 -0.00521161 -0.00556629 -0.00471443 -0.00224903 0.0016025 0.00567441 0.00812055 0.00737457 0.00352964 -0.0011168 -0.00414655 -0.00586805 -0.00871346 -0.0134955 -0.0180661 
-0.0183353 -0.0186133 -0.018614 -0.018004 -0.0154923 -0.0108962 -0.00643727 -0.0050874 -0.00689064 -0.00888083 -0.00879009 -0.00703958 -0.00528899 -0.0044666 -0.00455758 -0.00517421 -0.00565931 -0.00527405 -0.00354067 -0.000483608 0.00298588 0.00522204 0.00499939 0.00288722 0.00100003 0.000366622 -0.000753489 -0.00470645 -0.0109604 -0.0161836 
-0.0139435 -0.0154365 -0.0176998 -0.0190663 -0.0169863 -0.0111288 -0.00448331 -0.00112339 -0.00216762 -0.00510991 -0.00707535 -0.00725025 -0.00644518 -0.00563232 -0.00532844 -0.00560465 -0.0060282 -0.00591198 -0.00469695 -0.00220947 0.000834836 0.0029774 0.0033894 0.00304247 0.00368057 0.005005 0.00425158 -0.000359493 -0.00694131 -0.0118312 
-0.0104345 -0.0130782 -0.0173364 -0.0204862 -0.0195745 -0.0142727 -0.00718594 -0.00216288 -0.00128706 -0.00343807 -0.00603946 -0.00737757 -0.00729336 -0.00654343 -0.00595886 -0.00594075 -0.00624685 -0.00627722 -0.00547944 -0.00359774 -0.00116035 0.000677811 0.00141585 0.00201659 0.003655 0.00538166 0.00448785 7.3194e-05 -0.00534084 -0.00875303 
-0.00905523 -0.012069 -0.0171043 -0.0210424 -0.0213299 -0.0178246 -0.0120544 -0.00657583 -0.00373105 -0.0038679 -0.00548184 -0.00681953 -0.00707262 -0.00652846 -0.00593838 -0.00580004 -0.00601209 -0.00612004 -0.0056818 -0.00446041 -0.00279577 -0.00146306 -0.000722461 9.31203e-05 0.00152849 0.00252465 0.00112009 -0.0027169 -0.00645516 -0.00811585 
-0.00852109 -0.0113549 -0.0163685 -0.0205327 -0.0217492 -0.0199752 -0.0158677 -0.0107902 -0.00679652 -0.00503762 -0.00507778 -0.00569155 -0.00590688 -0.00558918 -0.00519496 -0.00511761 -0.00532016 -0.00550626 -0.00535803 -0.0046628 -0.00361706 -0.00269885 -0.00200053 -0.00114107 -6.66996e-05 0.000213377 -0.00158477 -0.00496538 -0.00759095 -0.00817061 
-0.00814615 -0.010607 -0.0152567 -0.019492 -0.0214303 -0.0208635 -0.0180152 -0.0136757 -0.00945692 -0.00661611 -0.00532586 -0.00495045 -0.00472295 -0.00437412 -0.00410948 -0.00413246 -0.00438057 -0.00465184 -0.00469626 -0.00429603 -0.00357651 -0.00287053 -0.0021703 -0.00124341 -0.000301036 -0.00030025 -0.0021868 -0.00532778 -0.00761179 -0.00798555 
-0.008307 -0.0103425 -0.0142588 -0.0181127 -0.0203511 -0.0206026 -0.0188336 -0.0155149 -0.0117689 -0.00859097 -0.00638514 -0.00500007 -0.00406071 -0.00339826 -0.00307869 -0.00312845 -0.00340588 -0.00371929 -0.00384902 -0.0035896 -0.00304811 -0.00250381 -0.00188869 -0.000980485 -4.99715e-05 -2.96111e-05 -0.0018081 -0.0048561 -0.00727399 -0.00799797 
-0.00838385 -0.0101211 -0.0130736 -0.0159457 -0.017868 -0.018645 -0.0180212 -0.0160216 -0.0131959 -0.010177 -0.00745251 -0.0052844 -0.00371397 -0.00272665 -0.00230378 -0.00234106 -0.00262032 -0.00292601 -0.00307735 -0.0029185 -0.00253913 -0.00218409 -0.0017541 -0.000946543 5.44483e-05 0.000321491 -0.0011393 -0.00400324 -0.00656626 -0.00773477 
-0.00720526 -0.0089135 -0.0110925 -0.0128914 -0.0142316 -0.0152977 -0.0156741 -0.0149328 -0.0131231 -0.0105553 -0.00773481 -0.00523582 -0.00340758 -0.00232272 -0.00189105 -0.00193227 -0.00219815 -0.00247262 -0.00264197 -0.00261489 -0.00242134 -0.00225367 -0.00203539 -0.00138685 -0.000311701 0.000364036 -0.000431727 -0.00264428 -0.00488654 -0.00619596 
-0.0052084 -0.00698777 -0.00870095 -0.00976719 -0.0106819 -0.0118663 -0.0127779 -0.0127618 -0.0116564 -0.00959606 -0.00703972 -0.00469076 -0.00302295 -0.00210014 -0.00176842 -0.00183194 -0.00207976 -0.00234458 -0.00259729 -0.00279918 -0.00288255 -0.0029836 -0.00312503 -0.00287816 -0.00191811 -0.000752017 -0.000483978 -0.00150626 -0.00293085 -0.00400738 
-0.00412247 -0.00576168 -0.00701718 -0.00751852 -0.00813203 -0.00931684 -0.0103324 -0.0104503 -0.00957743 -0.00786267 -0.00569883 -0.0037472 -0.00246057 -0.00185361 -0.00171994 -0.00186969 -0.00216975 -0.00253911 -0.00301922 -0.00358577 -0.00407101 -0.00460258 -0.00539361 -0.00595657 -0.00540486 -0.00372144 -0.00215344 -0.00179131 -0.00229802 -0.00299216 
-0.00463585 -0.00571476 -0.0062465 -0.00608465 -0.00640596 -0.00760886 -0.00863529 -0.00868329 -0.00780929 -0.00624295 -0.0043475 -0.00272839 -0.00180158 -0.00155409 -0.00172856 -0.00210878 -0.00262451 -0.003287 -0.00418056 -0.00524208 -0.00619044 -0.00718459 -0.00872809 -0.0103352 -0.0104611 -0.00845932 -0.00573173 -0.00409718 -0.0037399 -0.00393417 
-0.00594365 -0.0059997 -0.00551162 -0.0046276 -0.0047857 -0.00620991 -0.00743524 -0.00756766 -0.0067518 -0.00522755 -0.00340391 -0.00196652 -0.00134063 -0.00146857 -0.00202481 -0.00274822 -0.00360042 -0.00467256 -0.00608848 -0.0077121 -0.00910425 -0.0104241 -0.0124983 -0.0150127 -0.0159885 -0.0141466 -0.0107096 -0.00795071 -0.00663836 -0.00608931 
-0.00758244 -0.00647005 -0.00471788 -0.00297307 -0.00299955 -0.00480116 -0.00643831 -0.00685079 -0.00619712 -0.00470803 -0.00292182 -0.00169076 -0.00141534 -0.00191075 -0.00278546 -0.00378791 -0.00491949 -0.00632765 -0.00817245 -0.0102621 -0.0120091 -0.0135092 -0.0158194 -0.0189376 -0.0207922 -0.0194734 -0.0155995 -0.0117387 -0.00954181 -0.0084694 
-0.0100239 -0.00821813 -0.00503312 -0.0019126 -0.00130934 -0.00325673 -0.00532255 -0.00608222 -0.00564486 -0.00432508 -0.00280848 -0.00200918 -0.0021852 -0.00297663 -0.00397246 -0.00502109 -0.00621689 -0.0077338 -0.00972421 -0.0119953 -0.013905 -0.0154609 -0.017839 -0.0213606 -0.023955 -0.0230146 -0.0184744 -0.0134794 -0.0110031 -0.0105698 
-0.0132341 -0.0114093 -0.00683341 -0.00183297 0.000146803 -0.00136581 -0.00359004 -0.00459078 -0.00439347 -0.00349746 -0.00264106 -0.00256874 -0.00330733 -0.004369 -0.00536305 -0.00626026 -0.00728344 -0.00860761 -0.0103196 -0.0122909 -0.0139686 -0.0153653 -0.0177829 -0.0217346 -0.0249166 -0.0239614 -0.0184504 -0.012561 -0.01073 -0.0122505 
-0.016662 -0.0148741 -0.00907549 -0.00226139 0.00135607 0.000772705 -0.00110703 -0.00197148 -0.00189403 -0.00161628 -0.0017368 -0.00260291 -0.00402064 -0.0054851 -0.00660341 -0.00736063 -0.00805245 -0.00883431 -0.00971944 -0.0107367 -0.0116312 -0.0126454 -0.0152719 -0.0199872 -0.0239421 -0.0230264 -0.0168542 -0.0107837 -0.0102999 -0.0141001 
-0.0203665 -0.0180282 -0.0109165 -0.00258801 0.00242089 0.00292609 0.00189116 0.00163627 0.00176623 0.00135857 0.000188905 -0.00160566 -0.00373415 -0.00578209 -0.00728008 -0.00806086 -0.00837387 -0.0083398 -0.00796169 -0.0075469 -0.00735572 -0.00805813 -0.011277 -0.017173 -0.0222227 -0.0218018 -0.0157859 -0.010383 -0.0114711 -0.01703 
-0.0241979 -0.0208511 -0.0120173 -0.00213637 0.00401197 0.00550678 0.00545637 0.00582161 0.00579887 0.00462104 0.00260485 0.000178215 -0.00249317 -0.00513185 -0.00713172 -0.00809284 -0.00813674 -0.00733294 -0.00572333 -0.00392449 -0.00277341 -0.00339405 -0.00735608 -0.0142656 -0.0200516 -0.0200901 -0.0146881 -0.0104231 -0.0131984 -0.0203795 
-0.0266552 -0.0224138 -0.0117536 -0.000375821 0.00661854 0.00884606 0.00952625 0.00996731 0.00918159 0.00709122 0.00458166 0.00197692 -0.000906543 -0.00391276 -0.00629395 -0.00745898 -0.00741506 -0.00617597 -0.00377172 -0.000959464 0.001048 0.000825726 -0.00304462 -0.00971133 -0.0149802 -0.0147528 -0.00987078 -0.00706978 -0.0121975 -0.021808 
-0.0258417 -0.0213244 -0.00983138 0.00196326 0.0090796 0.0118227 0.0131637 0.0134186 0.0116149 0.00866007 0.00590867 0.00334907 0.000436816 -0.00271043 -0.0052328 -0.00645561 -0.00637768 -0.00499415 -0.00220946 0.00134542 0.00439901 0.00548627 0.00336837 -0.00110472 -0.00434155 -0.00315683 0.00110534 0.00170469 -0.00676853 -0.0195287 
-0.0206282 -0.0168436 -0.00666671 0.0033514 0.00939584 0.0126061 0.0151842 0.0160225 0.0139362 0.0105699 0.00761012 0.00484192 0.00163756 -0.00173724 -0.00432864 -0.00551102 -0.0054061 -0.00402701 -0.00104274 0.00319606 0.00747365 0.0104784 0.0113472 0.0106304 0.010595 0.013089 0.0163034 0.0140129 0.00211551 -0.0131504 
-0.0109269 -0.00863601 -0.00188323 0.00411015 0.00773797 0.011189 0.0156181 0.0180752 0.0166336 0.0133409 0.0102279 0.00700727 0.00313084 -0.000816983 -0.00374372 -0.00511727 -0.00518259 -0.00392439 -0.000727313 0.0043034 0.00985656 0.0147312 0.0186654 0.022102 0.0258 0.0298119 0.0317071 0.0265625 0.0125141 -0.00330738 
0.00141329 0.00254434 0.00542733 0.00664601 0.00703603 0.009997 0.0158212 0.0195953 0.0184682 0.0151273 0.0121362 0.00884365 0.00443502 -0.000229248 -0.00379653 -0.00567188 -0.00605499 -0.00483791 -0.00118905 0.00491956 0.0119003 0.0183991 0.0246618 0.0313956 0.0382624 0.0433173 0.0434473 0.0359197 0.0216356 0.00764229 
0.0136391 0.0144326 0.0144909 0.012073 0.00953935 0.0111908 0.0169426 0.0204592 0.0183678 0.014397 0.0117116 0.00889716 0.00441461 -0.000763328 -0.00489803 -0.00712002 -0.00748653 -0.00589304 -0.00145631 0.00593815 0.0144237 0.0222596 0.0297692 0.0378084 0.0453832 0.0492503 0.046587 0.0377821 0.0261394 0.0168596 
0.0261009 0.0263154 0.0236212 0.0183648 0.0135468 0.013594 0.018254 0.0206769 0.0173637 0.0126864 0.0101133 0.00760584 0.00304195 -0.00250023 -0.00688383 -0.00895277 -0.00873676 -0.00637051 -0.00115082 0.00710311 0.0165024 0.0250161 0.0324877 0.0391312 0.0436187 0.0433086 0.0375779 0.0303135 0.0258494 0.0250178 
0.040868 0.0387445 0.0312411 0.0217309 0.0144103 0.0133508 0.0175689 0.0200195 0.016975 0.012409 0.00965744 0.00671459 0.00156647 -0.00442469 -0.00884524 -0.0104582 -0.00943844 -0.00630699 -0.000797334 0.00718373 0.0160799 0.0239949 0.0300032 0.0331377 0.0324313 0.0277989 0.0216856 0.0201397 0.0265217 0.0358968 
0.05359 0.0468606 0.0331018 0.018404 0.00902929 0.00856902 0.0142716 0.0184718 0.0171253 0.0134172 0.0104387 0.00667901 0.000720978 -0.0056595 -0.00995333 -0.0111326 -0.009609 -0.00613162 -0.000902176 0.00579705 0.0127855 0.018697 0.0221589 0.0216077 0.017545 0.0129846 0.0118115 0.0187565 0.0340972 0.0488938 
0.0547051 0.0421088 0.0239003 0.00686387 -0.00148649 0.00134531 0.0100632 0.0161999 0.0161375 0.01313 0.0102186 0.00615332 -4.12067e-05 -0.00627709 -0.0101698 -0.0111556 -0.00984103 -0.00673556 -0.00212478 0.00314976 0.00786968 0.0111919 0.0120373 0.00956875 0.00645079 0.00765092 0.0154873 0.029653 0.0462938 0.0566569 
0.0433869 0.0261917 0.00699227 -0.00847485 -0.0128182 -0.00534542 0.00606474 0.0127992 0.0127584 0.0100788 0.00777629 0.00436601 -0.00112028 -0.00655708 -0.00989153 -0.0110751 -0.0107412 -0.00878568 -0.00511431 -0.00097905 0.00194776 0.00303353 0.00220558 0.000435144 0.00197838 0.0114097 0.0274004 0.0440034 0.0547363 0.0544655 
0.0326718 0.0153118 -0.00314199 -0.0176561 -0.020203 -0.0109706 0.000756972 0.0071841 0.0074944 0.00575457 0.00458523 0.00234101 -0.00204284 -0.00659962 -0.00959003 -0.0112449 -0.0121418 -0.0117271 -0.00941963 -0.00645458 -0.00488677 -0.00527483 -0.00631867 -0.00516659 0.00229091 0.0177323 0.0362431 0.0499388 0.0538256 0.0469584 
0.0339238 0.0212512 0.00273953 -0.0154954 -0.0227703 -0.017739 -0.00865908 -0.00192962 0.000984822 0.00178464 0.00219504 0.00101633 -0.002624 -0.0068271 -0.00980528 -0.0117241 -0.0133013 -0.0141012 -0.0132157 -0.0114251 -0.0107915 -0.0117895 -0.0120517 -0.00773026 0.0037373 0.0202673 0.0350738 0.0430924 0.0446711 0.0414582 
0.0402796 0.0323998 0.0127196 -0.0106298 -0.0250765 -0.0270528 -0.0217189 -0.0136667 -0.00640517 -0.00188378 0.000457196 0.00016508 -0.00319081 -0.00751955 -0.0105849 -0.0122439 -0.0135533 -0.014648 -0.0145333 -0.0134197 -0.0131899 -0.0143657 -0.0142583 -0.00888383 0.0030527 0.0171627 0.0263826 0.029617 0.0326764 0.0380283 
0.0355623 0.027534 0.00727554 -0.0157939 -0.0314421 -0.0366329 -0.0333916 -0.023802 -0.0126539 -0.00484787 -0.000901695 -0.000636615 -0.00391449 -0.00836767 -0.0114118 -0.0125536 -0.0129631 -0.0133334 -0.012917 -0.0117185 -0.0115882 -0.0132113 -0.0139118 -0.0096225 0.000930426 0.0128612 0.0186275 0.0185281 0.0215064 0.0304058 
0.0189306 0.00687556 -0.0130066 -0.0303029 -0.0398853 -0.042526 -0.0387925 -0.0278797 -0.0143606 -0.00486614 -0.000702953 -0.000972437 -0.00463646 -0.00912364 -0.0120928 -0.012924 -0.0124415 -0.0114945 -0.00978486 -0.00763863 -0.00729559 -0.00976952 -0.0121248 -0.00947727 0.000182837 0.0114864 0.0151157 0.0110594 0.0105968 0.0172585 
0.00686613 -0.00823401 -0.0284245 -0.0410028 -0.0438836 -0.042118 -0.0366772 -0.0245229 -0.0095835 0.000184853 0.00289909 0.000524571 -0.00455757 -0.00950465 -0.0126363 -0.0135866 -0.0127169 -0.0105943 -0.0071429 -0.00326048 -0.00220755 -0.00579694 -0.010335 -0.0091404 0.000300612 0.0110042 0.0120058 0.00417228 0.00129113 0.00707572 
0.0094017 -0.00461803 -0.0249868 -0.0371212 -0.038422 -0.035265 -0.0290711 -0.0160258 -0.000346237 0.00868036 0.00897615 0.00377115 -0.00327275 -0.00906615 -0.0125793 -0.0139308 -0.0132744 -0.0107427 -0.00605411 -0.000473786 0.00141986 -0.00324871 -0.00955968 -0.00877947 0.00102256 0.0107431 0.00960522 0.000573759 -0.00140974 0.00695575 
0.019973 0.0110924 -0.00614144 -0.0196274 -0.025134 -0.0252477 -0.0198178 -0.00657108 0.0082874 0.0150665 0.0126726 0.00548457 -0.00242924 -0.00834452 -0.0118593 -0.0134191 -0.0131056 -0.0108752 -0.00622625 -0.000246846 0.00204401 -0.00263347 -0.00814921 -0.00480192 0.00717056 0.0163343 0.0134033 0.00388579 0.0029346 0.0135305 
0.0334209 0.0301452 0.0166694 -8.31676e-05 -0.0136731 -0.0189564 -0.0135479 6.45466e-05 0.0124239 0.0154467 0.0105986 0.00303897 -0.00391023 -0.0087159 -0.0115997 -0.0128532 -0.0123329 -0.0102947 -0.00657028 -0.00161287 0.000795834 -0.00192006 -0.0032587 0.00580124 0.0216888 0.0299104 0.0228098 0.0103984 0.00993344 0.0230841 
0.0628826 0.0601644 0.0409746 0.0132013 -0.0115251 -0.0212274 -0.0139523 0.00113154 0.0113566 0.0112898 0.00531151 -0.00123418 -0.0064799 -0.0101758 -0.012616 -0.013421 -0.0121524 -0.00966832 -0.00663257 -0.00290262 -0.000129725 0.000251496 0.00393436 0.0183188 0.0371205 0.0432684 0.0308543 0.0164994 0.0221019 0.0455585 
0.13356 0.123826 0.0819147 0.0301566 -0.0103406 -0.0261814 -0.0191413 -0.00330081 0.00655203 0.00617617 0.00132884 -0.00313715 -0.00703371 -0.0108393 -0.0138918 -0.0148005 -0.0130638 -0.0101168 -0.00737364 -0.00445815 -0.00131092 0.00144034 0.00784199 0.0235622 0.0421076 0.0469686 0.0345817 0.0274817 0.0525147 0.101474 
0.253811 0.231997 0.153357 0.0667804 0.00582829 -0.0206085 -0.0198898 -0.00733711 0.00164224 0.00200468 -0.000713745 -0.00245498 -0.00497071 -0.00946234 -0.0138327 -0.0155229 -0.0141157 -0.0113995 -0.00913169 -0.00693665 -0.0037938 7.27185e-05 0.00676804 0.0203063 0.0362181 0.0420184 0.0375746 0.0496429 0.108625 0.198281 
0.379943 0.346722 0.233906 0.116581 0.0384209 0.000897688 -0.00873537 -0.00433131 -8.61009e-05 -0.00157703 -0.00341907 -0.00230635 -0.00250646 -0.00684123 -0.0122708 -0.014973 -0.0142751 -0.012031 -0.0101734 -0.00849462 -0.00548831 -0.00103256 0.00551089 0.0167431 0.0303126 0.0383242 0.0444853 0.0785969 0.17251 0.30186 
