0.335086 0.313366 0.249934 0.169969 0.0998894 0.0571479 0.0452057 0.0537547 0.0652843 0.0645976 0.0462231 0.0163818 -0.0121187 -0.0290742 -0.0329036 -0.0291875 -0.0244251 -0.0211489 -0.0180226 -0.0130885 -0.00586086 0.00303275 0.0127228 0.022809 0.0353533 0.057121 0.097556 0.160993 0.238266 0.305515 
0.311219 0.29659 0.241284 0.167901 0.101744 0.0608148 0.0495739 0.0582921 0.0698942 0.0697964 0.0526403 0.0237467 -0.00510553 -0.0237546 -0.0297718 -0.0278474 -0.0241259 -0.0213293 -0.0184586 -0.0135959 -0.00600545 0.00354763 0.0130849 0.0207257 0.0281017 0.0431834 0.0772738 0.135911 0.210465 0.277832 
0.256001 0.247226 0.20307 0.141921 0.0855007 0.0504894 0.0421248 0.0523565 0.065707 0.0685794 0.0553854 0.0298987 0.00230665 -0.0174086 -0.0255969 -0.0254688 -0.0224121 -0.0193054 -0.0157073 -0.0100023 -0.0014147 0.00900633 0.0181286 0.0226693 0.0238153 0.0302093 0.0539935 0.101314 0.164837 0.224254 
0.189688 0.183256 0.148814 0.100685 0.0559242 0.0284875 0.0239069 0.0363854 0.0527234 0.0603791 0.0531536 0.0328781 0.00789796 -0.0120499 -0.0219464 -0.0232596 -0.0203991 -0.0163055 -0.0111344 -0.00371426 0.00654664 0.0181183 0.0267878 0.0282728 0.0236328 0.0218254 0.0348327 0.0686365 0.117331 0.164164 
0.129914 0.123689 0.0962867 0.0591287 0.0251194 0.00509556 0.00422084 0.018602 0.0373128 0.0490313 0.047226 0.0320576 0.0100606 -0.00949365 -0.0204583 -0.0226798 -0.0196089 -0.0142339 -0.00732822 0.00176313 0.0134077 0.0257554 0.0339796 0.0333225 0.0247859 0.0170575 0.0211699 0.0426217 0.0771283 0.111499 
0.0862804 0.0803682 0.0580617 0.0292938 0.00424945 -0.0091045 -0.0068199 0.00816577 0.0269167 0.0398019 0.0408312 0.0292036 0.00973317 -0.00921226 -0.0208592 -0.0237325 -0.020454 -0.0141036 -0.00609915 0.00366865 0.0154429 0.0275021 0.0351525 0.0336741 0.02378 0.0131407 0.0113475 0.0235425 0.0473185 0.0726733 
0.061028 0.0559553 0.037422 0.0149602 -0.00272247 -0.010305 -0.00581718 0.00802248 0.0242 0.0352763 0.0365507 0.0268694 0.009396 -0.00886571 -0.0210795 -0.0247891 -0.0218848 -0.01546 -0.00741902 0.00189242 0.0126384 0.0234893 0.03045 0.0293 0.0203796 0.00989403 0.00571949 0.0125959 0.0297588 0.0497844 
0.0515605 0.046525 0.0304499 0.0127349 0.000882001 -0.00236951 0.00283474 0.0139569 0.0260033 0.0337929 0.034046 0.0255732 0.010083 -0.00705294 -0.0194994 -0.0242429 -0.0225031 -0.0171149 -0.0100414 -0.00180171 0.00765832 0.0172707 0.0238378 0.0239588 0.0178674 0.0103735 0.00745773 0.0128379 0.0263992 0.042594 
0.0524711 0.0454589 0.0305171 0.0162363 0.0083179 0.00723388 0.0114832 0.0191295 0.0270134 0.0316584 0.0308352 0.0235263 0.0104412 -0.00466445 -0.0164789 -0.0219594 -0.0217632 -0.0181654 -0.0127001 -0.00566475 0.00294818 0.0121002 0.0191774 0.0216498 0.0199282 0.0177068 0.018946 0.025479 0.0365749 0.0479865 
0.0566883 0.0459183 0.0312923 0.0194419 0.0135471 0.0125738 0.0148705 0.0194155 0.0242631 0.0267819 0.0253119 0.0192273 0.00886089 -0.0033757 -0.013544 -0.0190635 -0.020191 -0.0184877 -0.0147857 -0.00887144 -0.000595143 0.00901154 0.0177514 0.0238172 0.0277451 0.0321037 0.0386772 0.0469122 0.0548026 0.0592895 
0.0570213 0.0419694 0.0276778 0.0180602 0.013499 0.012134 0.0128684 0.0154942 0.0186864 0.0201282 0.018435 0.0134628 0.00564507 -0.00354752 -0.0116006 -0.0166643 -0.0187006 -0.0185232 -0.0162707 -0.0112286 -0.00300759 0.00751303 0.0186171 0.0291164 0.0393458 0.0503023 0.0613337 0.069634 0.0723404 0.0680396 
0.0486201 0.0300492 0.0167404 0.0101372 0.00806588 0.00784187 0.0086299 0.0106495 0.0130995 0.014113 0.0125299 0.00849949 0.0026685 -0.00404505 -0.0103113 -0.0149968 -0.0177489 -0.0186187 -0.0172285 -0.0126677 -0.00446203 0.00675824 0.0199391 0.0345331 0.0503711 0.0663922 0.0794009 0.0850629 0.0808115 0.0674177 
0.0309767 0.0107381 -0.00069374 -0.00327126 -0.00106469 0.00203328 0.00468143 0.0071338 0.00930215 0.0102005 0.00899778 0.00583158 0.00138613 -0.00371071 -0.00891908 -0.0136078 -0.0170484 -0.0185712 -0.0175132 -0.0131521 -0.00521337 0.00587549 0.0197694 0.0365359 0.055429 0.0734058 0.0852648 0.0862444 0.0751291 0.054798 
0.00803433 -0.0112481 -0.0199468 -0.0183039 -0.0113345 -0.00406691 0.0013185 0.00484216 0.00703948 0.00796428 0.00730519 0.00505917 0.00167204 -0.0024596 -0.00718187 -0.0120514 -0.0159848 -0.017813 -0.0168342 -0.0127459 -0.00564734 0.00411791 0.0167122 0.0325996 0.0506521 0.0667355 0.0749322 0.0711087 0.0556448 0.0326427 
-0.0134418 -0.0293487 -0.0348452 -0.0299358 -0.019643 -0.00939739 -0.00185055 0.00271094 0.00503296 0.00597777 0.00590174 0.00471059 0.00235596 -0.00108531 -0.00550605 -0.0103281 -0.0142417 -0.0159678 -0.0150133 -0.0115229 -0.00593278 0.00142619 0.0109192 0.0230994 0.0368094 0.0481216 0.0518813 0.045115 0.029117 0.0079677 
-0.0264867 -0.0380783 -0.0407687 -0.0342859 -0.023089 -0.0122499 -0.00428281 0.000439913 0.00261089 0.00348813 0.00394395 0.00379507 0.00241369 -0.000448885 -0.00449343 -0.0088216 -0.0120822 -0.013264 -0.0122673 -0.00959235 -0.00584198 -0.00130324 0.00439839 0.0117065 0.0197361 0.0257401 0.0262568 0.0193698 0.00618648 -0.0102611 
-0.0268851 -0.0349931 -0.0362566 -0.0301466 -0.0203507 -0.0112611 -0.0048857 -0.00127859 0.000296122 0.00107077 0.00192325 0.00245864 0.00166329 -0.000824016 -0.00441339 -0.0079322 -0.01016 -0.0105329 -0.0093797 -0.0074101 -0.00520272 -0.0029375 -0.000300401 0.00298841 0.00642888 0.00873568 0.00828767 0.00381541 -0.00462824 -0.015616 
-0.0151635 -0.021234 -0.0227399 -0.0188409 -0.0122854 -0.00664149 -0.00332084 -0.00182495 -0.00119554 -0.00052364 0.000544365 0.00127684 0.000583485 -0.00176512 -0.00495488 -0.00772598 -0.00906031 -0.00877072 -0.00746975 -0.0058891 -0.00444166 -0.00321846 -0.00206764 -0.000898711 0.00015452 0.00107585 0.00174528 0.00118967 -0.00189145 -0.00777238 
0.00363844 -0.00113816 -0.00383472 -0.00338412 -0.00133273 -8.89311e-05 -0.00044503 -0.00147034 -0.00200055 -0.00152537 -0.000389945 0.00033388 -0.00036272 -0.00256971 -0.00545976 -0.00786127 -0.00889809 -0.0085175 -0.00734669 -0.00593238 -0.00444909 -0.00302087 -0.00185858 -0.00113105 -0.000623527 0.000642902 0.00357114 0.00725601 0.0092324 0.00784745 
0.0224887 0.0190259 0.0152283 0.0120854 0.009389 0.0062486 0.0025043 -0.000816531 -0.00254859 -0.00247827 -0.00142856 -0.000646886 -0.00106607 -0.00284682 -0.0054196 -0.00782695 -0.00923443 -0.00946567 -0.00888553 -0.00768092 -0.00576536 -0.00341391 -0.00137049 -0.000134686 0.000853964 0.0033323 0.00871957 0.0159501 0.0218139 0.0239475 
0.0355581 0.0333706 0.0290965 0.0233661 0.0171018 0.0108691 0.00498843 0.000234036 -0.00246564 -0.00303124 -0.00235189 -0.00155692 -0.0014968 -0.00258783 -0.00471343 -0.00722666 -0.00931108 -0.0105451 -0.0108916 -0.0101196 -0.00788944 -0.00460221 -0.00147466 0.000682541 0.00267166 0.00663509 0.0139812 0.0232908 0.0311067 0.0351313 
0.0399904 0.0386198 0.0345126 0.0279122 0.020355 0.0132655 0.00708113 0.00209519 -0.0011199 -0.00245028 -0.00247231 -0.00192365 -0.00150445 -0.00189982 -0.00346332 -0.00588986 -0.0084336 -0.0104867 -0.0116942 -0.0115423 -0.00950494 -0.0059216 -0.00211498 0.00097424 0.00413996 0.00938097 0.0176414 0.0271855 0.0348433 0.0389369 
0.0359826 0.0349073 0.0314827 0.0257234 0.0191657 0.0133018 0.008344 0.00410702 0.000871003 -0.00108075 -0.0018326 -0.0016485 -0.00104873 -0.000882871 -0.00183092 -0.0038575 -0.00633014 -0.00860057 -0.0102341 -0.0107225 -0.00951348 -0.00667808 -0.00313964 0.000353601 0.00436089 0.0102114 0.0181325 0.0263256 0.0323445 0.0352949 
0.0262321 0.025185 0.0227418 0.0188231 0.0145112 0.0108383 0.00770473 0.00465827 0.00184794 -0.000239648 -0.00126276 -0.00114859 -0.00030531 0.000362852 4.74388e-05 -0.00135151 -0.00330411 -0.00522735 -0.00681082 -0.00781463 -0.0078574 -0.00668882 -0.00451185 -0.00158136 0.00243631 0.0080494 0.0147672 0.0209004 0.0248244 0.0262955 
0.014819 0.0137621 0.0122503 0.0101696 0.00804846 0.00638175 0.0048807 0.00304405 0.000997725 -0.000631763 -0.00126609 -0.000722236 0.000580903 0.00174991 0.00201382 0.00125637 -6.64175e-05 -0.00145775 -0.00277097 -0.00410279 -0.00536314 -0.00611957 -0.00591869 -0.00444626 -0.00137205 0.00331226 0.00863895 0.0129736 0.0152198 0.0155231 
0.00517907 0.00422684 0.00332393 0.00242925 0.00175236 0.00144735 0.00114692 0.000366893 -0.000776727 -0.00159587 -0.00143392 -0.00017317 0.00165674 0.00320909 0.003862 0.00355293 0.00267054 0.00164297 0.000540465 -0.000951971 -0.00302763 -0.00528715 -0.00696104 -0.00734389 -0.00590028 -0.00261474 0.00146971 0.00471641 0.00616607 0.00604325 
-0.00159889 -0.00221709 -0.00280824 -0.0031414 -0.00300318 -0.0024157 -0.00183263 -0.00173905 -0.00202911 -0.00200769 -0.00103792 0.000859251 0.00302613 0.00469544 0.00544736 0.00530325 0.00458074 0.00364429 0.00256652 0.000972341 -0.00151467 -0.00466121 -0.0077102 -0.00982385 -0.0102317 -0.00860827 -0.00571498 -0.00304623 -0.00156869 -0.00124354 
-0.0064421 -0.00651845 -0.00687354 -0.00686913 -0.00612516 -0.00482052 -0.00353668 -0.00272544 -0.00225075 -0.0014721 0.000135134 0.00241318 0.00464853 0.00618875 0.00680274 0.00659457 0.00582626 0.00479284 0.0035737 0.00182427 -0.000887826 -0.00449261 -0.0083963 -0.011804 -0.0138251 -0.0138483 -0.0122286 -0.0100901 -0.00828092 -0.00703348 
-0.0104268 -0.00993874 -0.00998913 -0.00962264 -0.00832345 -0.00641875 -0.00457516 -0.00313659 -0.00191122 -0.000393954 0.00173453 0.00420656 0.00635791 0.0076835 0.00808526 0.00771892 0.00681875 0.00562349 0.00420151 0.00227134 -0.000563298 -0.00434908 -0.00869329 -0.0129169 -0.0161202 -0.0175507 -0.0172151 -0.0157793 -0.0138535 -0.0118703 
-0.0136451 -0.0127185 -0.0123932 -0.011676 -0.01002 -0.00776405 -0.00550966 -0.00347722 -0.00148447 0.000770997 0.00336996 0.00596624 0.00801209 0.00916549 0.00940769 0.00890042 0.00786472 0.0065226 0.00495291 0.00295207 0.000175924 -0.00354863 -0.00806149 -0.0128165 -0.0169139 -0.0194927 -0.0202703 -0.0195422 -0.0177677 -0.0155248 
-0.0158439 -0.0145488 -0.0137953 -0.0128176 -0.0111144 -0.00882895 -0.00632078 -0.00374323 -0.00105769 0.00180909 0.00476196 0.00743253 0.00940167 0.0104688 0.0106524 0.0100783 0.00894961 0.00751388 0.00590311 0.00398472 0.00141796 -0.00213688 -0.00675538 -0.0119927 -0.0168902 -0.0204231 -0.0220379 -0.0217925 -0.0201657 -0.017898 
-0.0174449 -0.0157416 -0.0145336 -0.0133529 -0.0117635 -0.0096149 -0.00695548 -0.00393837 -0.000761372 0.00244165 0.00551714 0.0081619 0.0100791 0.0111579 0.0114088 0.0108851 0.0097538 0.00830042 0.00672103 0.00491525 0.00249214 -0.00103517 -0.0058864 -0.0116354 -0.0172306 -0.0215025 -0.0236999 -0.0237231 -0.0220984 -0.0197203 
-0.0191736 -0.0171328 -0.0155827 -0.0142209 -0.012652 -0.0105293 -0.00770193 -0.00436829 -0.000936925 0.0023206 0.00528403 0.00778183 0.0096405 0.0108028 0.0112406 0.0109081 0.00990116 0.00851232 0.00697077 0.005168 0.00265833 -0.00109856 -0.0063173 -0.0125015 -0.0185301 -0.0232096 -0.0257457 -0.0259402 -0.024274 -0.0217113 
-0.0208266 -0.0188157 -0.0172597 -0.0158329 -0.0141434 -0.0118386 -0.00878135 -0.00524001 -0.00171813 0.00146284 0.00422465 0.00650765 0.00825427 0.00947708 0.0101361 0.0100884 0.00931776 0.00806291 0.00654361 0.00463618 0.0018841 -0.00220575 -0.00773579 -0.0140975 -0.0201411 -0.0247587 -0.0272742 -0.0275117 -0.0258886 -0.0233424 
-0.0212412 -0.019769 -0.0186358 -0.0173998 -0.0156424 -0.0131302 -0.00989298 -0.00626663 -0.00272693 0.000415 0.00305456 0.00513943 0.00669226 0.00784549 0.0086287 0.00884869 0.00835801 0.00728694 0.00581468 0.00381868 0.000878207 -0.00340356 -0.00898833 -0.0151555 -0.0207442 -0.0247726 -0.0267938 -0.0268346 -0.0253626 -0.0232243 
-0.0195962 -0.0190065 -0.0185952 -0.0178157 -0.0162045 -0.0136591 -0.010411 -0.00683945 -0.00332042 -0.000133417 0.00251347 0.00446331 0.00576244 0.00668828 0.00741307 0.00776433 0.00749338 0.00661172 0.0052462 0.00328397 0.000349736 -0.00386303 -0.00918592 -0.0147899 -0.0195083 -0.0225118 -0.0236576 -0.0233048 -0.0220701 -0.0206588 
-0.0161715 -0.0165894 -0.0170489 -0.0169148 -0.0156567 -0.0132599 -0.0101298 -0.00668563 -0.00320508 6.24095e-05 0.00278747 0.00466713 0.00572094 0.00633482 0.00682827 0.00710496 0.00688775 0.00611716 0.00488575 0.00308901 0.000374227 -0.00350741 -0.00827234 -0.0129895 -0.0165268 -0.0182779 -0.0184442 -0.0176991 -0.0167701 -0.016193 
-0.0119318 -0.013431 -0.0149207 -0.0156397 -0.0149488 -0.0128445 -0.0098482 -0.00645397 -0.00292877 0.00046997 0.00332014 0.00520533 0.0060997 0.00643312 0.00662156 0.00665951 0.00631123 0.0055217 0.00439693 0.00285182 0.000533176 -0.00278439 -0.00672822 -0.0103079 -0.0125132 -0.0130378 -0.0123867 -0.0113903 -0.0107725 -0.0109479 
-0.00792821 -0.0105376 -0.013225 -0.0150811 -0.015302 -0.0137437 -0.0109039 -0.00738104 -0.00358294 0.000118699 0.00321055 0.00520917 0.00606341 0.00622426 0.00616648 0.00595782 0.00542212 0.00455342 0.00351803 0.00227576 0.000467482 -0.00213582 -0.00511505 -0.00749111 -0.0084563 -0.00801353 -0.00684423 -0.00574108 -0.00534369 -0.00606741 
-0.00494532 -0.00839354 -0.0121483 -0.0152782 -0.016795 -0.0161838 -0.0136723 -0.00992727 -0.00564555 -0.0014552 0.00199837 0.00418996 0.00508272 0.00518057 0.00502464 0.00472889 0.00413578 0.00326813 0.00236129 0.00143977 0.000147772 -0.0017592 -0.00384642 -0.00518472 -0.00518638 -0.00412044 -0.00273688 -0.00167477 -0.00144172 -0.00249746 
-0.00326877 -0.00675678 -0.0108215 -0.0148459 -0.0177408 -0.0184123 -0.016544 -0.0127635 -0.00811583 -0.00356118 0.000120826 0.00240541 0.00330893 0.00341362 0.00332919 0.00317521 0.00273911 0.00200691 0.00125604 0.000588632 -0.000319589 -0.00171496 -0.00314335 -0.00370114 -0.00297985 -0.00150349 -0.000126198 0.000649755 0.000546817 -0.000739346 
-0.00283 -0.00510311 -0.00811543 -0.0120059 -0.0157827 -0.01772 -0.0167925 -0.0134483 -0.00900597 -0.00469586 -0.00133807 0.000638748 0.00134971 0.00144314 0.0015461 0.00170676 0.00157148 0.00102263 0.000356906 -0.000219816 -0.000955815 -0.00207902 -0.00310442 -0.00309725 -0.00176246 7.62572e-05 0.00129205 0.00141777 0.000591606 -0.000915559 
-0.00350286 -0.00330607 -0.00381009 -0.00622608 -0.00989453 -0.0126194 -0.0127003 -0.0102887 -0.00678837 -0.00353355 -0.00126257 -0.000216944 -0.000125658 -0.000266802 -4.33261e-05 0.000439202 0.00060548 0.000189018 -0.000491437 -0.00109464 -0.00177601 -0.00277271 -0.00359646 -0.00323342 -0.00141904 0.00069925 0.00156784 0.000669566 -0.00124224 -0.00291834 
-0.00504959 -0.00176661 0.00108333 0.00119761 -0.0012778 -0.00400386 -0.00483248 -0.00356912 -0.00147023 0.000220999 0.00090019 0.000490972 -0.000566321 -0.00141049 -0.00141555 -0.000830941 -0.000480644 -0.00080115 -0.00144961 -0.00195808 -0.00244676 -0.00325806 -0.00397572 -0.00350168 -0.00152195 0.00057276 0.000826099 -0.00132232 -0.00443461 -0.00617169 
-0.0073897 -0.00127506 0.00492752 0.00805818 0.00762961 0.00573618 0.00464703 0.00487122 0.00551076 0.00561997 0.00473805 0.00280557 0.000315748 -0.00169634 -0.00242762 -0.00212023 -0.00176499 -0.00195211 -0.00234032 -0.0024085 -0.00235434 -0.00273451 -0.00329436 -0.002925 -0.00125613 0.000243935 -0.000531493 -0.00404834 -0.00828107 -0.0100463 
-0.0111216 -0.00284926 0.00627817 0.0125288 0.0146924 0.0142883 0.0134102 0.012803 0.012082 0.0108329 0.00882224 0.00585074 0.00221276 -0.00100885 -0.00274939 -0.00303718 -0.00284598 -0.00284194 -0.00271815 -0.00200193 -0.00107487 -0.000776809 -0.00108363 -0.000995687 -0.00016421 5.51542e-06 -0.00241218 -0.00755375 -0.0129134 -0.0148295 
-0.0163753 -0.00662958 0.0048551 0.0139997 0.0188427 0.0201362 0.0196206 0.0182228 0.0161721 0.0137888 0.0112134 0.00803445 0.00407484 0.000194536 -0.00236206 -0.00328141 -0.00330934 -0.00305189 -0.00224042 -0.000539876 0.00139477 0.00238907 0.00221783 0.00176256 0.00135503 -0.000283367 -0.00476163 -0.0117702 -0.018368 -0.0206423 
-0.0209984 -0.0107554 0.00206249 0.0132423 0.0201104 0.0225619 0.0219456 0.0194591 0.0160581 0.0128497 0.0103488 0.00786924 0.00459427 0.000924885 -0.0018812 -0.00315256 -0.00324552 -0.00256075 -0.000855021 0.0019758 0.00488526 0.00629316 0.00579635 0.00441525 0.00274947 -0.000296357 -0.00623709 -0.0146186 -0.0222742 -0.0251483 
-0.0219276 -0.0127599 -0.000143928 0.0117176 0.0193551 0.0216853 0.0197931 0.0155147 0.0107609 0.00727636 0.00563014 0.00467204 0.00290539 0.000224213 -0.00219381 -0.00335307 -0.00314757 -0.00169011 0.00122299 0.00535668 0.00914734 0.0105676 0.00921188 0.00668493 0.00432842 0.00130135 -0.00429745 -0.0125982 -0.0207591 -0.0247137 
-0.0188554 -0.0124331 -0.0012511 0.0103622 0.01772 0.0185324 0.0139151 0.00695225 0.000833427 -0.00232419 -0.00241309 -0.0013109 -0.00112537 -0.00234009 -0.0038501 -0.004401 -0.00347173 -0.000914652 0.00339425 0.00883712 0.0133349 0.0145091 0.0121727 0.0088431 0.0068765 0.00564611 0.00240465 -0.00429808 -0.0126088 -0.0185842 
-0.0148953 -0.0122864 -0.00287041 0.00856719 0.0155597 0.0143613 0.00636402 -0.00366282 -0.0110845 -0.0136605 -0.0120881 -0.00902646 -0.00696767 -0.00656722 -0.0067981 -0.00631456 -0.0043772 -0.000707182 0.00472687 0.011037 0.0158438 0.0166705 0.01372 0.0104098 0.00994108 0.0117049 0.0119338 0.00755116 -0.00102425 -0.0100931 
-0.0128184 -0.0144856 -0.00689742 0.00467817 0.0118896 0.00948724 -0.000955921 -0.0132106 -0.0214817 -0.0236037 -0.0210354 -0.016888 -0.0136107 -0.0117906 -0.0105479 -0.00873278 -0.00570766 -0.00124966 0.00461385 0.0109615 0.0154475 0.0157727 0.0125681 0.00987344 0.0113459 0.0162721 0.0200885 0.0182585 0.00954526 -0.00289917 
-0.0114686 -0.0173939 -0.0122068 -0.00114516 0.00625826 0.00367968 -0.00740472 -0.0201097 -0.0282146 -0.0299052 -0.0272029 -0.0231827 -0.0197309 -0.0170528 -0.0144303 -0.0111871 -0.00712472 -0.00227328 0.00331855 0.00893367 0.0125469 0.0121683 0.00870142 0.00645565 0.00932949 0.0167179 0.0238033 0.0250072 0.0173312 0.00279296 
-0.00666214 -0.0158862 -0.0136934 -0.00472185 0.00147315 -0.00152509 -0.0122422 -0.0238567 -0.0305875 -0.031459 -0.0290842 -0.0262248 -0.0237786 -0.0211741 -0.0176933 -0.0132533 -0.00832638 -0.00334648 0.00162227 0.00621364 0.00887845 0.0078801 0.00406189 0.00167098 0.00489509 0.0137112 0.023653 0.0285654 0.0237941 0.00971623 
0.00512254 -0.0053694 -0.00581445 -0.000163117 0.00295398 -0.00183152 -0.012482 -0.0224915 -0.027187 -0.0269798 -0.0252978 -0.0245452 -0.0243815 -0.0230964 -0.0197095 -0.0146866 -0.00924075 -0.00427276 0.000109388 0.00390757 0.00607383 0.00500218 0.00114682 -0.0015883 0.00135283 0.0109119 0.0233627 0.0323263 0.0318678 0.0207534 
0.0242172 0.0144444 0.0124575 0.0147735 0.014129 0.00685203 -0.00412161 -0.0127518 -0.0158205 -0.0152896 -0.0153416 -0.0179201 -0.0213554 -0.0226628 -0.0204425 -0.0155992 -0.010031 -0.00509883 -0.00102995 0.00242358 0.00465136 0.00416603 0.000945395 -0.00163189 0.00125201 0.0115787 0.0264929 0.0395462 0.0438806 0.0370534 
0.0467168 0.0382301 0.0353231 0.0350579 0.0316923 0.0230913 0.0125428 0.00508674 0.00245552 0.00165428 -0.00163939 -0.00863827 -0.0164498 -0.0210202 -0.0205843 -0.0163818 -0.0108727 -0.00584322 -0.001751 0.00168428 0.00418022 0.00451176 0.00239057 0.000618132 0.00398135 0.0153298 0.0327514 0.0498291 0.0588657 0.0563926 
0.0651421 0.0569357 0.0524476 0.049938 0.0454303 0.0377158 0.0292629 0.0233018 0.0202755 0.0170701 0.0100325 -0.00113397 -0.0126788 -0.0199572 -0.0210334 -0.0173677 -0.0117996 -0.00645074 -0.00205758 0.00150146 0.00411901 0.00497115 0.00383311 0.00299972 0.0068665 0.0187954 0.0379164 0.0582145 0.0713069 0.0725294 
0.0732472 0.0637874 0.0559601 0.0502478 0.0450263 0.0396139 0.0346953 0.0310735 0.0281098 0.0232358 0.013909 0.000640556 -0.0124827 -0.0207667 -0.0223137 -0.0186644 -0.0127947 -0.00696583 -0.00208317 0.00175233 0.00441016 0.00541883 0.00483991 0.00460534 0.00838876 0.0195077 0.038117 0.0593859 0.0750602 0.0792173 
0.0724649 0.0608483 0.047683 0.0366864 0.0294712 0.0260478 0.0250476 0.0246194 0.0230241 0.0182934 0.00894406 -0.00393417 -0.0162817 -0.0237087 -0.0245228 -0.0202794 -0.0138981 -0.0075459 -0.00205935 0.00233865 0.00534953 0.00664719 0.00656689 0.00673671 0.00984062 0.0185728 0.0339772 0.053351 0.0699444 0.076878 
0.0720086 0.058538 0.0388949 0.0205678 0.00921149 0.00616057 0.00838201 0.011406 0.012045 0.00846056 -3.29641e-05 -0.0117468 -0.0225223 -0.0282495 -0.0275773 -0.0222485 -0.0151825 -0.00834051 -0.002252 0.00297293 0.00692951 0.00929197 0.0104435 0.0114994 0.0139282 0.019542 0.0302571 0.0461523 0.0630789 0.0736057 
0.0807784 0.0668127 0.0411636 0.0147538 -0.00248888 -0.00711582 -0.00295149 0.00315022 0.00596352 0.00298294 -0.00595461 -0.0181639 -0.028719 -0.0333711 -0.0311962 -0.0245301 -0.0166388 -0.00937936 -0.002868 0.00313927 0.00839637 0.0126699 0.0161831 0.0191887 0.0217818 0.0249852 0.0316614 0.0446757 0.0626772 0.0779904 
0.100427 0.0874071 0.0574402 0.0237913 7.27514e-05 -0.00763738 -0.00284991 0.00575322 0.0103981 0.00698865 -0.0044795 -0.019854 -0.0325968 -0.0377223 -0.0346919 -0.0268032 -0.018073 -0.0104959 -0.00386767 0.00247652 0.0086921 0.0149105 0.0212999 0.0272267 0.0314774 0.0343909 0.0395204 0.0517787 0.0720131 0.0925715 
0.128177 0.116105 0.0829544 0.0432867 0.0132582 0.00145992 0.00561407 0.0161031 0.0225545 0.0185278 0.00361973 -0.0164638 -0.0330895 -0.0400909 -0.0371344 -0.0285358 -0.019219 -0.0114974 -0.00504121 0.00108449 0.00741895 0.0146342 0.0232459 0.0322993 0.0397486 0.0452738 0.0524507 0.0669905 0.0907905 0.116171 
0.164375 0.150984 0.11331 0.0671613 0.0303195 0.0132838 0.0153797 0.0269264 0.0353794 0.0316128 0.014169 -0.0101406 -0.0307086 -0.0400947 -0.0379596 -0.0293935 -0.0200526 -0.0125226 -0.00642467 -0.00074091 0.00516864 0.012329 0.0218718 0.0333316 0.0447274 0.055467 0.0687246 0.0897565 0.119814 0.150134 
0.212496 0.19458 0.148809 0.0933566 0.0476853 0.0237551 0.022299 0.0338982 0.0443289 0.0418839 0.0235912 -0.00333159 -0.0268254 -0.0383471 -0.0374066 -0.0295582 -0.0208895 -0.0140396 -0.00844206 -0.00300394 0.00272696 0.00962628 0.0191728 0.0317914 0.0465568 0.0636667 0.0863841 0.118834 0.159717 0.197091 
0.269316 0.245942 0.189728 0.122365 0.0658553 0.0337802 0.0278718 0.0386404 0.0504317 0.049463 0.0312928 0.00300668 -0.0224918 -0.0358094 -0.0362164 -0.0295207 -0.0220537 -0.0163441 -0.0114529 -0.00604097 0.000128424 0.00735056 0.0167704 0.029362 0.0457534 0.0681654 0.101167 0.147999 0.203726 0.251466 
0.317732 0.292315 0.228541 0.151129 0.0849548 0.0456401 0.0357256 0.0452239 0.0572582 0.056831 0.0386235 0.00935993 -0.0177944 -0.0328782 -0.0348281 -0.0295198 -0.0234512 -0.0190742 -0.0151 -0.00982198 -0.00299355 0.00507575 0.0146202 0.0263271 0.0420042 0.0663892 0.106403 0.165366 0.235306 0.294638 
