0.286815 0.225651 0.158388 0.106728 0.0752508 0.0621623 0.0622563 0.0660523 0.0641098 0.0517539 0.0308253 0.00814307 -0.0101215 -0.0223871 -0.0294905 -0.0320869 -0.0309814 -0.0269912 -0.0199361 -0.00974851 0.00262098 0.0176596 0.0370814 0.0592512 0.0814337 0.108634 0.152222 0.2149 0.278208 0.308957 
0.206833 0.156215 0.103187 0.0674121 0.0542098 0.0582043 0.0680344 0.0723213 0.065266 0.0473149 0.0234287 0.00072636 -0.0161202 -0.0270622 -0.0334788 -0.0357901 -0.0342871 -0.029303 -0.0206031 -0.00856098 0.00511299 0.0198638 0.0370159 0.0557775 0.0733849 0.0926737 0.122966 0.167232 0.210956 0.22888 
0.120494 0.0777467 0.0385586 0.0198967 0.0257986 0.0462501 0.064307 0.0678924 0.0559198 0.0347151 0.011914 -0.006912 -0.0199894 -0.0286953 -0.0344031 -0.0370483 -0.0360297 -0.0305293 -0.0199207 -0.00532302 0.0103066 0.0247963 0.0384872 0.0518118 0.0630827 0.0732295 0.08953 0.115845 0.140975 0.145355 
0.0627135 0.0226377 -0.00699519 -0.0126294 0.00495712 0.031855 0.0509644 0.0531138 0.0403332 0.0208338 0.00224682 -0.0116496 -0.0209334 -0.0275667 -0.0327008 -0.0358614 -0.0356216 -0.0299417 -0.0176419 -0.000456699 0.0177295 0.0337024 0.0467038 0.0572369 0.0640573 0.0669428 0.0723305 0.0857643 0.098352 0.092514 
0.0355741 -0.00161274 -0.0244555 -0.0230786 -0.00319895 0.0200605 0.0342273 0.0353333 0.0259788 0.0116816 -0.00220535 -0.012666 -0.019685 -0.0249535 -0.0295178 -0.0328735 -0.0332305 -0.027754 -0.0146565 0.00432636 0.0251024 0.0439474 0.0586935 0.0685751 0.0726601 0.0713525 0.0705406 0.0756424 0.0795849 0.067432 
0.0251037 -0.00483799 -0.0217983 -0.0192041 -0.00375303 0.0118828 0.0207039 0.0224436 0.018048 0.00882752 -0.00205291 -0.0111377 -0.0172909 -0.0216966 -0.0256353 -0.0289909 -0.029943 -0.0252743 -0.0127304 0.00645832 0.0285801 0.0495977 0.0656676 0.0742184 0.0754592 0.0726833 0.0708988 0.0717422 0.068901 0.053447 
0.0181318 -0.00196701 -0.0136291 -0.0127002 -0.00305668 0.0073798 0.0151734 0.0200668 0.0198228 0.0128675 0.00217518 -0.00745134 -0.0138687 -0.01811 -0.0219223 -0.0255856 -0.027214 -0.0235857 -0.0125571 0.00505803 0.0262675 0.0470215 0.0620163 0.0670891 0.0642418 0.0610231 0.0618873 0.0625952 0.0557896 0.039557 
0.00979881 -0.00144547 -0.00853103 -0.00845797 -0.00123116 0.00951992 0.0212265 0.0307212 0.0322513 0.023603 0.00987546 -0.00217697 -0.0100948 -0.0153655 -0.0200152 -0.0241608 -0.0257764 -0.02235 -0.0128301 0.00195715 0.0200798 0.0380194 0.0495486 0.0494689 0.0415426 0.0373539 0.0416989 0.045379 0.038664 0.0241416 
0.00420001 -0.000199991 -0.00289189 -0.00177056 0.00605741 0.0197532 0.0358616 0.0477494 0.0475159 0.0342416 0.0160763 0.00129802 -0.00832299 -0.0151667 -0.0209825 -0.0250514 -0.0253886 -0.0209927 -0.01257 -0.00106857 0.0130018 0.0270094 0.0342339 0.0290536 0.016588 0.0111783 0.0185796 0.0269481 0.0238112 0.0127876 
0.00797564 0.00856381 0.0101362 0.0125405 0.0196862 0.0329855 0.0484153 0.0573571 0.0521466 0.0342896 0.0139154 -0.000963914 -0.0103143 -0.017502 -0.0236002 -0.0268615 -0.025556 -0.0202338 -0.0129383 -0.00430967 0.00653182 0.0175395 0.0216889 0.013529 -0.000972601 -0.00640088 0.00386234 0.0174448 0.0196438 0.0126429 
0.0211537 0.0240121 0.0282169 0.0305807 0.0337918 0.041072 0.0495296 0.0509854 0.0399283 0.0202527 0.00200207 -0.00902478 -0.0150527 -0.020307 -0.0253227 -0.0276667 -0.0257715 -0.0208372 -0.0150184 -0.00815757 0.00137733 0.011378 0.0146961 0.00663706 -0.00653108 -0.0102179 0.00224094 0.019737 0.0270553 0.0238529 
0.0370415 0.0386749 0.0423113 0.0430458 0.0406402 0.0387124 0.0371626 0.0307199 0.0164776 -0.000877059 -0.0134142 -0.0183064 -0.0194479 -0.021426 -0.0246359 -0.0264987 -0.0253193 -0.0218929 -0.0175448 -0.011361 -0.00183844 0.0081573 0.0118406 0.00595282 -0.00327289 -0.00376632 0.00987204 0.0288359 0.0395894 0.0394927 
0.0493098 0.0467939 0.0463723 0.0435685 0.0354518 0.0249164 0.0151743 0.0049863 -0.00705108 -0.0180559 -0.0236141 -0.0231688 -0.0206579 -0.0200877 -0.0219068 -0.0237957 -0.023777 -0.02184 -0.0184936 -0.0126478 -0.00351633 0.00551695 0.00884327 0.00541295 0.00149601 0.00570485 0.0207733 0.0397004 0.0517133 0.053114 
0.0547802 0.0469474 0.0398574 0.0312707 0.0182754 0.00330677 -0.00864945 -0.0163778 -0.02154 -0.0245628 -0.0244507 -0.0214639 -0.0181283 -0.0171223 -0.0187596 -0.0209787 -0.0216356 -0.0203201 -0.0173884 -0.012128 -0.00453746 0.00188796 0.00327524 0.00122602 0.00235607 0.0118962 0.0291972 0.0477907 0.0594507 0.0607306 
0.0533261 0.041488 0.0273284 0.0121755 -0.00349453 -0.0169806 -0.0245226 -0.0257029 -0.0234724 -0.0206012 -0.0178266 -0.0151271 -0.0134226 -0.0140008 -0.0166171 -0.0191591 -0.0196384 -0.0179698 -0.0148935 -0.0100991 -0.00412952 -0.000632325 -0.00222146 -0.00509743 -0.00193884 0.0104385 0.0289067 0.0469985 0.0583015 0.0599545 
0.0475783 0.0354863 0.0173234 -0.0019765 -0.0172763 -0.0254068 -0.0258462 -0.0209966 -0.0148343 -0.0103137 -0.00800538 -0.00733433 -0.00834986 -0.0113528 -0.0153135 -0.0179224 -0.0176579 -0.0151394 -0.0114577 -0.0062964 -0.000528033 0.00147755 -0.00299028 -0.00919332 -0.00879636 0.00157643 0.0184376 0.0354959 0.0473684 0.051547 
0.0400221 0.0322503 0.015681 -0.00303887 -0.0155142 -0.0182386 -0.0137027 -0.00676744 -0.00134821 0.00100506 0.000859236 -0.000903177 -0.00429893 -0.00920016 -0.0139805 -0.0162986 -0.0152511 -0.0120604 -0.0077844 -0.00170424 0.00512165 0.00725808 0.000870691 -0.00954098 -0.0146382 -0.00934132 0.00390713 0.0189751 0.0311287 0.0386762 
0.0315186 0.0306287 0.0204954 0.00675943 -0.00152615 -0.000761389 0.00490585 0.00962074 0.0107067 0.00875745 0.00557738 0.00191622 -0.00279622 -0.00842865 -0.0130678 -0.0146349 -0.0129716 -0.00969618 -0.00551 0.000864224 0.00841209 0.0110804 0.00404621 -0.00886606 -0.0179118 -0.0167426 -0.00701624 0.00515015 0.0158441 0.0250579 
0.0235708 0.0286361 0.0264575 0.0199524 0.016297 0.0185662 0.0224175 0.0225018 0.0179246 0.0113127 0.00536414 0.00041221 -0.00476499 -0.0101251 -0.0137409 -0.0140983 -0.0118662 -0.00891277 -0.00553916 -5.67734e-05 0.00682583 0.00941315 0.00285313 -0.00962751 -0.0189077 -0.0189247 -0.0113544 -0.00202646 0.00611446 0.014628 
0.0189294 0.0267107 0.0304516 0.0306348 0.0309591 0.0330199 0.0335702 0.0291127 0.0201332 0.0101365 0.00213775 -0.00374924 -0.00894438 -0.0134278 -0.0156081 -0.0146866 -0.0118916 -0.00913845 -0.0066086 -0.00266174 0.00238905 0.00407733 -0.00149154 -0.0115423 -0.0185134 -0.0177713 -0.0111464 -0.00350273 0.00298537 0.0101397 
0.0181495 0.0251465 0.0307323 0.0346482 0.0372627 0.0381439 0.0356845 0.0288185 0.0184558 0.00745548 -0.00139959 -0.00772372 -0.012542 -0.0158616 -0.0167263 -0.0149149 -0.0116732 -0.00875325 -0.00660081 -0.00408581 -0.00120095 -0.000853137 -0.00551833 -0.0127951 -0.0171007 -0.0154504 -0.00938088 -0.00222055 0.00430623 0.0108939 
0.0181317 0.0220506 0.0259051 0.0300369 0.0330996 0.033179 0.0298068 0.0234832 0.0146096 0.00470655 -0.003776 -0.00980565 -0.0137551 -0.0157693 -0.0155913 -0.0132967 -0.00978469 -0.00657141 -0.00452809 -0.00312345 -0.00208211 -0.0029431 -0.00693406 -0.0120381 -0.0145175 -0.0126528 -0.00727087 -0.000155081 0.00701502 0.0132273 
0.01578 0.0162353 0.0170968 0.0194112 0.0218557 0.022267 0.0203559 0.0165593 0.0103538 0.00234386 -0.00506716 -0.0101718 -0.0128102 -0.0133775 -0.0122286 -0.00959613 -0.00602922 -0.0028076 -0.00106121 -0.000614035 -0.000907726 -0.00250504 -0.00588104 -0.00950884 -0.0111245 -0.00978544 -0.00547006 0.00126156 0.0084679 0.0136183 
0.0106367 0.00891498 0.00759377 0.00802379 0.00974169 0.0111066 0.0113498 0.0100677 0.00626566 0.000293824 -0.005607 -0.00947017 -0.0107524 -0.00996073 -0.0078923 -0.00499988 -0.00166978 0.00111447 0.0023139 0.00201891 0.000971777 -0.00084787 -0.00362428 -0.00640331 -0.00804558 -0.00807088 -0.00564408 -0.000192003 0.00633011 0.0103725 
0.00390745 0.00219716 0.000575763 0.000290003 0.00158188 0.00337284 0.00453882 0.00446903 0.0025962 -0.000929167 -0.00485449 -0.00759012 -0.00812863 -0.00664229 -0.00409506 -0.00123466 0.0015487 0.00364212 0.0043809 0.00386792 0.00270564 0.000924633 -0.00162174 -0.00438932 -0.0069266 -0.00899303 -0.00915549 -0.00576764 -0.00019523 0.00364113 
-0.00289494 -0.00215281 -0.00166633 -0.00124062 -0.000543487 0.000215448 0.000581693 0.000614247 0.000354511 -0.000631143 -0.00259062 -0.00460965 -0.00517638 -0.00386784 -0.00156598 0.000785751 0.00277806 0.00416924 0.00472912 0.0045085 0.00361812 0.0017643 -0.00118426 -0.00471165 -0.0084941 -0.0123157 -0.0146337 -0.0133257 -0.00892542 -0.00481537 
-0.00885981 -0.00387792 0.000594806 0.00248858 0.00182809 0.000181718 -0.00105526 -0.00120819 -0.000459481 0.000132798 -0.000482412 -0.00185826 -0.0024381 -0.0015712 3.67175e-05 0.00154752 0.00268216 0.00348765 0.00402706 0.00421152 0.00358578 0.00148971 -0.00212261 -0.00651351 -0.0111266 -0.0156901 -0.0190861 -0.0195391 -0.0169101 -0.0130666 
-0.0137692 -0.00469314 0.00346866 0.00645965 0.00415035 0.000150515 -0.00226308 -0.00250328 -0.00163277 -0.000778251 -0.000599546 -0.000827635 -0.00060003 0.00031191 0.00136806 0.0021349 0.00261892 0.00303006 0.00352461 0.00388678 0.00333667 0.00103722 -0.00296847 -0.00772784 -0.0124633 -0.0170343 -0.0210461 -0.0233291 -0.0230359 -0.0200285 
-0.0175463 -0.0067093 0.00265134 0.00581448 0.00283721 -0.00188989 -0.00455701 -0.00498884 -0.0046475 -0.00410373 -0.00319932 -0.0018191 -0.000123616 0.00142099 0.00240867 0.00286331 0.00307325 0.00330615 0.00369561 0.00400325 0.00344053 0.00115978 -0.00277026 -0.0072485 -0.0114578 -0.0157441 -0.0205187 -0.0248692 -0.0269297 -0.024839 
-0.0204234 -0.0108622 -0.00285514 8.09374e-05 -0.0019481 -0.00566292 -0.00815876 -0.00918568 -0.00944293 -0.00879763 -0.00686456 -0.00392698 -0.00090832 0.00132873 0.00256076 0.0031119 0.00339391 0.00366028 0.00400162 0.00424073 0.00376117 0.00180319 -0.00156098 -0.0051534 -0.00830987 -0.0120839 -0.0175913 -0.0238038 -0.027845 -0.0269405 
-0.0229911 -0.0166704 -0.0109545 -0.00786068 -0.00785438 -0.00987587 -0.0123678 -0.0142328 -0.0146349 -0.0130846 -0.00984291 -0.00584029 -0.0022556 0.000208056 0.00164228 0.00247554 0.00303191 0.00348399 0.00389286 0.00415279 0.00386365 0.00247832 0.000117854 -0.00216907 -0.00408305 -0.00723524 -0.013074 -0.0203953 -0.0259279 -0.0268723 
-0.0259977 -0.0230769 -0.0191282 -0.0153508 -0.0131604 -0.0135732 -0.0160225 -0.0183129 -0.0182382 -0.0154223 -0.0111069 -0.00676548 -0.00339041 -0.00117267 0.000314457 0.00142739 0.00224895 0.00283133 0.00323761 0.00344329 0.00328717 0.00255024 0.00138092 0.000368328 -0.000670353 -0.00339448 -0.00908931 -0.0166435 -0.0232182 -0.0264614 
-0.0298793 -0.0290661 -0.0258033 -0.0212058 -0.0173755 -0.0165018 -0.0184846 -0.0204075 -0.0194525 -0.0156287 -0.0108562 -0.00675513 -0.00392443 -0.00206554 -0.000576553 0.000705072 0.00159304 0.00203609 0.00214543 0.00202896 0.00178598 0.00150474 0.00123371 0.000921019 5.06173e-05 -0.00252498 -0.00768413 -0.0148854 -0.0222291 -0.0276115 
-0.0333227 -0.0330082 -0.0295914 -0.024521 -0.0200901 -0.0186923 -0.0201865 -0.0213693 -0.0195207 -0.015123 -0.0103315 -0.00659194 -0.00415572 -0.00246918 -0.000933348 0.000411298 0.0011831 0.00127598 0.000885616 0.000277839 -0.000274346 -0.000577458 -0.000748122 -0.00124176 -0.00253349 -0.00500828 -0.00921843 -0.0155372 -0.0231314 -0.0297941 
-0.0341423 -0.0334812 -0.0297027 -0.0247685 -0.0209214 -0.0200685 -0.0215754 -0.0222099 -0.0198083 -0.0153323 -0.010813 -0.00731446 -0.0049101 -0.00309808 -0.00141137 -9.60529e-06 0.000651783 0.000475225 -0.00024441 -0.00115582 -0.00205984 -0.00295198 -0.0040137 -0.00553736 -0.00756874 -0.00984127 -0.0127029 -0.0173329 -0.0239755 -0.0305708 
-0.0326449 -0.0316605 -0.0278026 -0.0234968 -0.0207986 -0.0207858 -0.0223101 -0.0225183 -0.0200518 -0.016143 -0.0123051 -0.00904771 -0.00644543 -0.0043266 -0.00244268 -0.00097402 -0.000327331 -0.000515939 -0.00114413 -0.00191744 -0.00300367 -0.00481471 -0.00742606 -0.0104789 -0.0134263 -0.0156661 -0.0173171 -0.0197768 -0.0242468 -0.0295701 
-0.0317704 -0.0306849 -0.0271412 -0.0236471 -0.0216912 -0.0215418 -0.022157 -0.0216471 -0.0193744 -0.0163889 -0.0134511 -0.0105637 -0.0079073 -0.0056595 -0.00373381 -0.00227032 -0.00160323 -0.00166473 -0.00197168 -0.00233687 -0.00338071 -0.00596797 -0.0100174 -0.0144849 -0.0184274 -0.0212676 -0.0227695 -0.0237501 -0.0258899 -0.0294106 
-0.0338617 -0.0325868 -0.0294867 -0.0266004 -0.024421 -0.0227894 -0.0215718 -0.0200792 -0.0178842 -0.0154778 -0.0131488 -0.010772 -0.00854929 -0.00665258 -0.00493381 -0.00349278 -0.00273093 -0.00268127 -0.0028475 -0.00300446 -0.00393801 -0.00679025 -0.0114856 -0.0167135 -0.0215406 -0.0256718 -0.0284516 -0.0295655 -0.0304567 -0.0324304 
-0.038537 -0.0367412 -0.0337675 -0.0308848 -0.027647 -0.0240029 -0.0209844 -0.018707 -0.0163919 -0.0139801 -0.011867 -0.0101643 -0.00884911 -0.00766854 -0.00624077 -0.00466529 -0.00355048 -0.00326366 -0.00348673 -0.00382337 -0.00476997 -0.00743728 -0.0119646 -0.0172556 -0.0226785 -0.0283103 -0.0331909 -0.0358613 -0.0369832 -0.038143 
-0.042771 -0.0402369 -0.0369525 -0.0335866 -0.0293646 -0.0245377 -0.0206485 -0.0179848 -0.0154897 -0.0129636 -0.0110935 -0.0101268 -0.00968046 -0.00909908 -0.00787264 -0.00608311 -0.00440234 -0.00353089 -0.00358385 -0.00415328 -0.00521244 -0.00753016 -0.011499 -0.016477 -0.0221807 -0.0289627 -0.0357489 -0.0403415 -0.0424852 -0.0433708 
-0.0424543 -0.0395601 -0.0361821 -0.0327221 -0.0287225 -0.024429 -0.0207902 -0.0179219 -0.0152458 -0.0129253 -0.0115421 -0.0110411 -0.0108648 -0.0104458 -0.0094226 -0.00773725 -0.00572617 -0.00412124 -0.00359352 -0.00409036 -0.00517856 -0.00707702 -0.010297 -0.0147184 -0.0203082 -0.0273775 -0.0348391 -0.0403867 -0.0431627 -0.0437756 
-0.0353386 -0.0332589 -0.0308835 -0.028395 -0.0258961 -0.0233662 -0.0206278 -0.0176805 -0.0149906 -0.0131894 -0.0123088 -0.0118376 -0.0114132 -0.0109476 -0.0103368 -0.00927517 -0.00751996 -0.00552943 -0.00441141 -0.00469849 -0.00579988 -0.00726071 -0.00948298 -0.012882 -0.0175628 -0.0234186 -0.0294626 -0.0340574 -0.0363714 -0.0366093 
-0.0230865 -0.0230615 -0.0227191 -0.0218656 -0.0210757 -0.0202434 -0.0184787 -0.0158873 -0.0137554 -0.0127628 -0.0123036 -0.0117188 -0.011081 -0.0107206 -0.0106543 -0.0103739 -0.00922515 -0.00738798 -0.00617504 -0.00659292 -0.00799046 -0.00917714 -0.0102172 -0.0119739 -0.0146288 -0.0175697 -0.0201881 -0.0221383 -0.0231505 -0.0232558 
-0.00983567 -0.0118595 -0.0133431 -0.0137749 -0.0140593 -0.0142954 -0.0135027 -0.0119616 -0.0111617 -0.0113679 -0.0114906 -0.0110404 -0.0105127 -0.0104127 -0.010747 -0.0109483 -0.0102895 -0.00888443 -0.00805293 -0.00890296 -0.0106623 -0.0115891 -0.0113935 -0.0111894 -0.011264 -0.0107879 -0.0096637 -0.00873951 -0.00838598 -0.00861005 
0.00102778 -0.00120525 -0.00310374 -0.00403748 -0.00484705 -0.0058013 -0.0061357 -0.00619783 -0.00722717 -0.0089538 -0.00999669 -0.0100649 -0.00991804 -0.0101379 -0.0107501 -0.0112161 -0.010864 -0.00984611 -0.00932765 -0.0101376 -0.0113977 -0.0114139 -0.00994093 -0.00821796 -0.00670043 -0.00457438 -0.00173629 0.000714541 0.00205931 0.00223224 
0.00865975 0.00891489 0.00779867 0.00619303 0.00463077 0.00322493 0.00215329 0.000823026 -0.00170917 -0.00487692 -0.00719147 -0.0083073 -0.00892608 -0.00967584 -0.0107292 -0.0116051 -0.0115878 -0.0107581 -0.00997006 -0.00957789 -0.00880542 -0.0068437 -0.00420193 -0.00225055 -0.00141905 -0.00062283 0.00113148 0.00341354 0.00542472 0.00720822 
0.0146741 0.0189906 0.0186018 0.0148752 0.0115142 0.0099336 0.00925192 0.00806341 0.00530811 0.00129136 -0.00259375 -0.0055118 -0.00757999 -0.00928503 -0.010989 -0.0123356 -0.012576 -0.0116505 -0.00997915 -0.0074054 -0.00352883 0.000974473 0.00436272 0.00523615 0.00374114 0.00179853 0.00153376 0.00299774 0.00523429 0.00900341 
0.0223786 0.0298318 0.0292684 0.0222283 0.0160149 0.013908 0.014065 0.0140338 0.0121674 0.00794569 0.0024557 -0.00273823 -0.00681024 -0.00978613 -0.0119955 -0.0132928 -0.0132493 -0.0118902 -0.00915933 -0.00436933 0.00239356 0.00900498 0.0127327 0.0124783 0.00942415 0.00647547 0.00608062 0.00758227 0.00947756 0.013833 
0.0346281 0.0420833 0.0399462 0.0295614 0.0203501 0.0170232 0.0173024 0.0179417 0.0166652 0.0122065 0.00537681 -0.00175152 -0.00762852 -0.0116781 -0.0138668 -0.0142937 -0.013289 -0.0113244 -0.00793185 -0.00183987 0.00654911 0.0142311 0.0182449 0.0182194 0.0163638 0.0159442 0.0184724 0.0216504 0.0232414 0.0264509 
0.0512514 0.0546593 0.0485359 0.0348886 0.0237611 0.0200511 0.0206244 0.0211177 0.019009 0.0134139 0.00546039 -0.00269774 -0.00948567 -0.0140067 -0.0157822 -0.0150712 -0.0129785 -0.0105595 -0.00720242 -0.00113063 0.0073621 0.0151458 0.0196704 0.0215183 0.0235727 0.0285227 0.0360832 0.0423557 0.044626 0.046301 
0.0693457 0.0654672 0.0527722 0.0355962 0.0242353 0.0225494 0.0251836 0.0256245 0.0215035 0.0137913 0.00477787 -0.00361801 -0.0104903 -0.015084 -0.0166322 -0.0153418 -0.0126252 -0.0100126 -0.00728575 -0.00249078 0.00484808 0.01236 0.0179343 0.0224888 0.0290927 0.0397956 0.052863 0.0633224 0.067949 0.0690238 
0.0848772 0.0733905 0.0544877 0.0348687 0.0243103 0.0252822 0.0304174 0.0311484 0.0251922 0.015472 0.00554496 -0.00295975 -0.00984732 -0.014593 -0.0163308 -0.0151132 -0.0122287 -0.00955658 -0.0077769 -0.0051064 0.000384227 0.0079188 0.0152206 0.0219644 0.0309272 0.0448848 0.0624108 0.077996 0.0869915 0.0889834 
0.0935721 0.0775575 0.0568119 0.0381633 0.0287972 0.0301614 0.035408 0.0359186 0.0291467 0.0184363 0.00773183 -0.00142987 -0.00884036 -0.0138522 -0.0157493 -0.0146606 -0.0116928 -0.00893822 -0.00800534 -0.00749832 -0.00399257 0.00358087 0.0123144 0.0194979 0.0273589 0.0408367 0.0606871 0.0814896 0.0962082 0.100492 
0.093344 0.0770007 0.0589526 0.0444194 0.036886 0.0369729 0.0399943 0.0390759 0.0316713 0.0205009 0.00905238 -0.00110054 -0.00912306 -0.014061 -0.015671 -0.0144541 -0.0113589 -0.00836939 -0.00762884 -0.00844572 -0.00686073 -0.000360809 0.00809404 0.0140081 0.0189213 0.0295909 0.0493036 0.0735468 0.0933258 0.100577 
0.0870499 0.0735567 0.0590929 0.0479503 0.041932 0.0411576 0.0420053 0.0391071 0.0306944 0.019191 0.00739547 -0.00314041 -0.011013 -0.0152678 -0.0163445 -0.0150741 -0.0120362 -0.00867195 -0.00720245 -0.00796836 -0.00778614 -0.00346814 0.00309892 0.00733877 0.00988059 0.0172995 0.0343235 0.0584181 0.080785 0.0914457 
0.080203 0.0714469 0.0584777 0.0464496 0.0390087 0.0370434 0.0367029 0.0329515 0.0247377 0.0141571 0.00314721 -0.00672311 -0.0136417 -0.0169264 -0.0176081 -0.0165986 -0.0139527 -0.0103329 -0.00755279 -0.00672197 -0.00621413 -0.00337931 0.00114601 0.00404469 0.00509132 0.00892903 0.0205857 0.0406474 0.0631824 0.0783243 
0.0744591 0.0708366 0.0571619 0.0408404 0.029029 0.0242729 0.0229973 0.0203819 0.0150755 0.00773841 -0.000975737 -0.0094486 -0.0153666 -0.0180268 -0.0186127 -0.0180089 -0.0159953 -0.0125406 -0.00852314 -0.00495522 -0.00177152 0.00178646 0.00514178 0.00648714 0.00551291 0.00489159 0.0094131 0.0230054 0.0441161 0.0644 
0.0669729 0.0672674 0.0523111 0.0324451 0.0174098 0.0102509 0.00831715 0.00791797 0.00702597 0.00428223 -0.00119329 -0.00809839 -0.0136693 -0.0166085 -0.0176934 -0.0177616 -0.016624 -0.0137509 -0.00896467 -0.00265707 0.004192 0.00999607 0.012836 0.01174 0.00752116 0.00245632 0.000745903 0.00792179 0.0262792 0.0500646 
0.056728 0.0592632 0.0440864 0.0241119 0.0102042 0.00406279 0.0029224 0.00437373 0.0066792 0.00759217 0.00499236 -0.000768635 -0.00691243 -0.0113252 -0.0140109 -0.015549 -0.0156831 -0.013527 -0.00840641 -0.000514027 0.00864901 0.0160126 0.0180604 0.0138586 0.00619946 -0.00122662 -0.00541473 -0.00225587 0.0124962 0.0364818 
0.0455158 0.0489842 0.0351305 0.0180893 0.00905713 0.00787208 0.00983589 0.0125309 0.0155661 0.0176568 0.0162692 0.0106185 0.00300443 -0.00392993 -0.0093251 -0.0131698 -0.014881 -0.0133559 -0.00808064 0.000185817 0.00948252 0.0164363 0.0169483 0.0100167 0.000353021 -0.00647372 -0.00936817 -0.00760353 0.00361511 0.0252665 
0.0339591 0.0373493 0.026228 0.0141811 0.0114692 0.0166977 0.0231024 0.0272157 0.0296719 0.0306393 0.0281726 0.0212184 0.0115435 0.00178746 -0.00654913 -0.0127721 -0.0159423 -0.0148483 -0.00923272 -0.000708831 0.00784711 0.0130512 0.0114635 0.00269487 -0.00736372 -0.0122876 -0.013045 -0.0117336 -0.00311744 0.015724 
0.0225651 0.0253059 0.0182901 0.012531 0.0151348 0.024485 0.0340625 0.0398567 0.0420534 0.040978 0.0358635 0.0267801 0.0153294 0.00359423 -0.00680801 -0.0146853 -0.0188216 -0.0179167 -0.0117024 -0.00246789 0.0054874 0.00827943 0.00382876 -0.00669161 -0.0168453 -0.020446 -0.0197071 -0.0178776 -0.00970933 0.00729726 
0.0163576 0.0171342 0.0136889 0.0131828 0.018156 0.0275171 0.037243 0.0438401 0.0461384 0.0434913 0.0362317 0.026025 0.0143795 0.00233483 -0.00883375 -0.0174881 -0.0220992 -0.0213799 -0.0149613 -0.00544515 0.00154111 0.00131218 -0.00673189 -0.0192409 -0.0293458 -0.0314094 -0.0277116 -0.0218766 -0.0107403 0.0053162 
0.0278124 0.0223847 0.0169381 0.016361 0.0196429 0.0258856 0.0331969 0.0386932 0.0402947 0.0369392 0.029741 0.0209058 0.0111556 0.000301903 -0.0106465 -0.0194154 -0.0241802 -0.0239155 -0.0181863 -0.00934681 -0.00350931 -0.00595647 -0.0163513 -0.0294027 -0.0376425 -0.0358222 -0.0255323 -0.0107249 0.00730657 0.0231537 
0.0731014 0.0549789 0.0373583 0.027313 0.0234667 0.0244184 0.0281909 0.031315 0.031237 0.0275429 0.0218521 0.0155076 0.00795472 -0.00155188 -0.0117504 -0.0199332 -0.0244008 -0.024546 -0.0197437 -0.0115324 -0.0054225 -0.00677245 -0.0153705 -0.025374 -0.0288691 -0.0203817 -2.70238e-05 0.0283364 0.0579013 0.0761597 
0.156704 0.120539 0.0815951 0.0530663 0.036165 0.029351 0.029342 0.0307247 0.0295385 0.0253784 0.0197816 0.0132585 0.00517284 -0.00436005 -0.013631 -0.0204314 -0.0238697 -0.0237451 -0.0191809 -0.0107719 -0.00262208 0.000781995 -0.000987196 -0.00352677 0.000343609 0.0171986 0.0499757 0.0958272 0.142147 0.167185 
0.252632 0.198285 0.137365 0.0892425 0.057696 0.0419276 0.0384078 0.039751 0.0390725 0.0338204 0.0247966 0.0135318 0.00162018 -0.00927607 -0.017689 -0.0227283 -0.0245547 -0.0233724 -0.0183301 -0.00942489 0.000885799 0.0101138 0.0180085 0.0262629 0.0391708 0.0642558 0.108871 0.172147 0.236184 0.2696 
0.308236 0.243944 0.171933 0.11442 0.0757907 0.0556789 0.051083 0.0535883 0.0535757 0.0457925 0.0306849 0.012611 -0.00367061 -0.0158383 -0.0235551 -0.0270925 -0.0272391 -0.0246251 -0.0187552 -0.00944665 0.00207055 0.0154967 0.0317518 0.0500831 0.0705739 0.100159 0.149732 0.2207 0.292759 0.329497 
