0.470342 0.382762 0.258938 0.148453 0.0735068 0.0327224 0.0154621 0.0115685 0.0133974 0.0159029 0.0160552 0.0133072 0.010037 0.00830436 0.00767256 0.00728436 0.00825018 0.0125753 0.0191135 0.0226737 0.0194554 0.0126888 0.0101787 0.0163387 0.0325971 0.0671183 0.136123 0.247939 0.379127 0.470619 
0.375976 0.302776 0.198723 0.105744 0.0452232 0.0192119 0.0175249 0.0257194 0.0322373 0.0327262 0.0279051 0.0199574 0.0119656 0.00621249 0.00249489 -4.97123e-05 -0.000106835 0.0046231 0.0120444 0.0149917 0.00939001 0.00084218 -0.000473992 0.00964121 0.0284651 0.0571993 0.108393 0.194201 0.299875 0.375842 
0.220011 0.178933 0.11814 0.0628111 0.0290204 0.0207194 0.0302081 0.0441522 0.0515939 0.049236 0.0399199 0.0276179 0.0154868 0.0056195 -0.00152453 -0.00626732 -0.00737271 -0.0027716 0.00497384 0.00788651 0.00165567 -0.00750682 -0.00884679 0.00194069 0.0200494 0.040411 0.0682335 0.114044 0.173291 0.218017 
0.0791321 0.0703798 0.0516479 0.0317024 0.0214217 0.0264389 0.0417281 0.0564856 0.0620727 0.0564836 0.0440536 0.0304233 0.0183295 0.00805989 -0.00050345 -0.00694768 -0.00955604 -0.00627962 0.000712907 0.00419508 -6.68387e-05 -0.00705435 -0.00778883 0.00100933 0.0137852 0.0228092 0.0284468 0.0386131 0.0563361 0.0734361 
-0.0100867 0.0021305 0.00890649 0.00854525 0.00965839 0.0208461 0.0394977 0.0551995 0.0595551 0.0514519 0.0373538 0.0252662 0.0174024 0.0108109 0.00326722 -0.00419297 -0.00859766 -0.00742983 -0.00196189 0.00238977 0.00216627 0.000604614 0.00326953 0.0105337 0.016015 0.0126121 0.000324708 -0.0134783 -0.021226 -0.0197425 
-0.0489403 -0.0295774 -0.0149229 -0.010947 -0.00902049 0.00299581 0.0246402 0.0435459 0.0486935 0.0392245 0.0243928 0.0147209 0.0118249 0.00963805 0.00387695 -0.00385751 -0.00933394 -0.00970075 -0.00564936 -0.000680502 0.00327957 0.00841185 0.0167408 0.0248859 0.0255377 0.0136861 -0.00908201 -0.0350398 -0.0544254 -0.0596924 
-0.0505383 -0.0359932 -0.0250439 -0.0237235 -0.0242646 -0.0136871 0.00901181 0.0302889 0.0365485 0.0266053 0.0114823 0.00297208 0.00229844 0.00225212 -0.00203469 -0.00876493 -0.0135337 -0.0138838 -0.0104898 -0.00533864 0.00146777 0.0118693 0.0250359 0.0346358 0.0337484 0.0204359 -0.00236556 -0.0282628 -0.0487882 -0.0568706 
-0.0242584 -0.0222524 -0.0209601 -0.0236742 -0.0257102 -0.0176035 0.00191424 0.0211972 0.0269709 0.0173007 0.00239662 -0.00664592 -0.00833305 -0.00857385 -0.0115235 -0.0159906 -0.0186368 -0.0178374 -0.0143633 -0.0091676 -0.00107626 0.0115837 0.0260535 0.035144 0.0344816 0.0259203 0.0129879 -0.00152607 -0.0142392 -0.0221698 
0.0185468 0.00646832 -0.00349381 -0.0107335 -0.0142904 -0.00992689 0.00322346 0.0172311 0.0214149 0.012863 -0.00108351 -0.0112501 -0.0153229 -0.0167982 -0.0187727 -0.0210318 -0.0216104 -0.0195841 -0.0157166 -0.0105279 -0.00266316 0.00883372 0.0205335 0.0268679 0.0275116 0.0276615 0.0302868 0.0333257 0.033583 0.0287488 
0.0561885 0.0338779 0.0158861 0.00480974 -0.00147006 -0.00182622 0.00505413 0.0144515 0.0180929 0.0120476 0.000416189 -0.00975578 -0.0155243 -0.0184663 -0.0207044 -0.02232 -0.022016 -0.0193147 -0.0151202 -0.0101305 -0.00367933 0.0042866 0.0107681 0.0131762 0.0154139 0.0251095 0.043566 0.0632417 0.0748649 0.0725497 
0.0689926 0.0431335 0.0231641 0.0101971 0.000544224 -0.00422212 -0.00120551 0.00649265 0.0118063 0.0102573 0.0033422 -0.00426694 -0.00993551 -0.0142481 -0.0182426 -0.0211625 -0.0214101 -0.018733 -0.0143912 -0.00965113 -0.00485281 -0.000559798 0.00118439 0.000202512 0.00312293 0.0190844 0.0477718 0.0768977 0.0928847 0.0893534 
0.05667 0.0340634 0.016285 0.00185862 -0.01158 -0.019545 -0.0178113 -0.00942524 -0.000848198 0.0037995 0.0040308 0.00142609 -0.00267229 -0.00811662 -0.0144781 -0.0196356 -0.0212815 -0.0190737 -0.014476 -0.00946742 -0.00548909 -0.00324348 -0.00355823 -0.0057334 -0.00335057 0.0123878 0.040777 0.0686328 0.0820313 0.0763192 
0.0331081 0.0176483 0.00306337 -0.0130522 -0.0295844 -0.0389875 -0.0368257 -0.0268801 -0.0150879 -0.00461662 0.00264087 0.00506934 0.0025214 -0.00384628 -0.0120021 -0.0189006 -0.0218291 -0.0200182 -0.0146627 -0.00837694 -0.00380161 -0.00166679 -0.0016142 -0.0031281 -0.0023421 0.00719336 0.0256426 0.0437635 0.0516711 0.0466941 
0.014133 0.00499396 -0.0071059 -0.0233415 -0.039628 -0.0472842 -0.0427525 -0.030895 -0.0177061 -0.00547672 0.00397898 0.00779136 0.00515162 -0.00202111 -0.0108972 -0.0184771 -0.022107 -0.0203724 -0.0138284 -0.0054775 0.000913376 0.00416542 0.0050744 0.00368872 0.00154292 0.00293279 0.00948426 0.0173598 0.0216564 0.0203209 
0.0110285 0.00415492 -0.00753942 -0.0219657 -0.0335513 -0.035151 -0.0255053 -0.0111919 0.000712922 0.00843444 0.01242 0.0119192 0.00682129 -0.00120533 -0.0100077 -0.0174545 -0.0211865 -0.0192266 -0.0115613 -0.00129591 0.00713458 0.0116973 0.0124632 0.00895316 0.00240512 -0.00251736 -0.00237795 0.00209416 0.00805567 0.0120649 
0.0201202 0.0126004 0.000113686 -0.0111568 -0.0151432 -0.00799798 0.00805542 0.024491 0.0330913 0.03237 0.025912 0.017178 0.00788818 -0.00116346 -0.00944281 -0.0160516 -0.0191426 -0.016692 -0.00856203 0.00235575 0.0118041 0.0170805 0.0168349 0.00988648 -0.00136545 -0.00975078 -0.00987436 -0.00222271 0.00917013 0.0185313 
0.0242822 0.0175036 0.00710414 0.000901771 0.00438172 0.0186384 0.0389205 0.0559111 0.0612983 0.0535246 0.0378364 0.0211844 0.00756263 -0.00253398 -0.00996515 -0.0150786 -0.0168878 -0.0139769 -0.00646406 0.00336575 0.0123135 0.0176414 0.0166838 0.00744642 -0.00664659 -0.0162544 -0.0148857 -0.00411723 0.0102572 0.0216351 
0.0132874 0.0108153 0.00737465 0.00780827 0.0155729 0.0313261 0.0511263 0.0670999 0.0715918 0.0620546 0.0429373 0.022354 0.00613436 -0.0045404 -0.0110101 -0.0145449 -0.01516 -0.0123159 -0.00637817 0.00125149 0.00880404 0.0140226 0.0135149 0.0046862 -0.00892503 -0.0179603 -0.0166983 -0.00782688 0.00284385 0.0107874 
-0.00528548 -0.0024392 0.00243788 0.00871228 0.0166696 0.0279358 0.0424315 0.055905 0.0615808 0.0551317 0.0387772 0.0197666 0.00437964 -0.00550655 -0.0109598 -0.0134637 -0.0136527 -0.0115766 -0.00751794 -0.00199205 0.00434488 0.00975624 0.0107409 0.00460708 -0.00562543 -0.0125274 -0.0127678 -0.00974632 -0.00743754 -0.00644512 
-0.0162843 -0.0107978 -0.00125976 0.00776004 0.0134314 0.0175178 0.0238214 0.0324943 0.038336 0.03591 0.0255134 0.0125253 0.00180625 -0.00523331 -0.00924398 -0.01116 -0.0115708 -0.0106063 -0.00813047 -0.0039572 0.00173619 0.00741405 0.00987684 0.0069347 0.00116996 -0.0023959 -0.00323553 -0.00529414 -0.0103608 -0.0155039 
-0.011492 -0.00647608 0.00268836 0.0106449 0.0130999 0.0108986 0.00922094 0.0112407 0.0141411 0.0131839 0.0079673 0.00193057 -0.00251339 -0.00540249 -0.00728101 -0.0083669 -0.00889212 -0.00878291 -0.00740327 -0.00411945 0.000868526 0.00594236 0.00848257 0.00734785 0.00526794 0.0057134 0.0071689 0.00484828 -0.00225043 -0.00952808 
0.00549403 0.00904015 0.0145462 0.018032 0.0163788 0.0102739 0.00398784 0.000903431 -7.00116e-05 -0.00201911 -0.00513034 -0.00720375 -0.00748612 -0.00702789 -0.00656319 -0.00620421 -0.00615675 -0.00623859 -0.00548607 -0.00309134 0.000477912 0.00350022 0.00421689 0.00281673 0.00252854 0.00640843 0.0123459 0.0146604 0.0113267 0.00656093 
0.0232148 0.0256472 0.0262122 0.0231994 0.0167959 0.00919735 0.00312471 -0.000190498 -0.00211366 -0.00477111 -0.00797786 -0.00988394 -0.00977385 -0.00838187 -0.00649107 -0.00468875 -0.00362976 -0.00332076 -0.00279161 -0.00130976 0.000383772 0.000674525 -0.00118507 -0.00394337 -0.00432284 0.000701606 0.00988098 0.017749 0.0208213 0.0214698 
0.0312716 0.0328309 0.0290551 0.0203344 0.0102667 0.00301404 0.000267292 0.000756031 0.00154578 0.000403708 -0.00241223 -0.00519815 -0.00671465 -0.00662457 -0.00515186 -0.00306489 -0.00145973 -0.000763643 -0.000318328 0.000423833 0.000698341 -0.000760458 -0.00399075 -0.00749665 -0.00883668 -0.00541247 0.00316142 0.0133645 0.0212694 0.0268454 
0.0284276 0.0288673 0.0228394 0.011826 0.000817982 -0.00530053 -0.00509209 -0.000807368 0.00364761 0.00570804 0.00528945 0.00329854 0.000679904 -0.00142163 -0.00204638 -0.00126822 -0.000183993 0.000346006 0.000549584 0.000882406 0.000885535 -0.000337703 -0.00283324 -0.00573638 -0.00788531 -0.00743325 -0.00240576 0.00648083 0.0158348 0.0234212 
0.0209247 0.0201293 0.0139236 0.00389108 -0.005895 -0.0113413 -0.0106961 -0.0053957 0.00111058 0.00628526 0.00936435 0.00980913 0.00745315 0.00370456 0.000764155 -0.000352086 -0.000390768 -0.000422118 -0.000496453 -0.000117574 0.000630058 0.000982605 0.000292572 -0.00155003 -0.00431552 -0.00663111 -0.00540859 0.000925807 0.00968579 0.0170285 
0.0142974 0.0129669 0.00767383 -0.000339908 -0.00876834 -0.0147014 -0.015782 -0.0119182 -0.0054332 0.00134384 0.00695582 0.00965547 0.00839828 0.00458744 0.000940159 -0.00102714 -0.00172901 -0.00207609 -0.00208896 -0.00121231 0.000610081 0.00247032 0.00302256 0.00146432 -0.0021538 -0.00638288 -0.00765811 -0.00333233 0.00448516 0.0112711 
0.00938916 0.008432 0.00442666 -0.00190591 -0.00958116 -0.0164076 -0.019568 -0.0179006 -0.0128328 -0.00645232 -0.000495483 0.00302409 0.00302914 0.000787251 -0.00146746 -0.00263992 -0.00303677 -0.00315409 -0.00274904 -0.00120887 0.00146683 0.00409943 0.00486931 0.00278531 -0.00170119 -0.00677942 -0.00908715 -0.00612583 0.00045532 0.00656263 
0.00389127 0.003605 0.00116575 -0.00338393 -0.00973823 -0.016169 -0.0201219 -0.020259 -0.0173577 -0.0129557 -0.00849344 -0.00549169 -0.00454948 -0.00467273 -0.00461482 -0.00411922 -0.00359962 -0.00321966 -0.00245953 -0.00055751 0.00249753 0.00533008 0.00592219 0.00341498 -0.00128071 -0.00616253 -0.00856345 -0.00690365 -0.00255229 0.00168876 
-0.00383153 -0.00326534 -0.00369495 -0.00574524 -0.00940914 -0.0136071 -0.0168539 -0.0181914 -0.0176405 -0.0157886 -0.0134752 -0.0115964 -0.0102956 -0.00887956 -0.00695715 -0.00497176 -0.00355505 -0.00281288 -0.00208721 -0.000378597 0.00250786 0.00520752 0.00577961 0.00354976 -0.000548587 -0.00482259 -0.00741047 -0.00758558 -0.00638023 -0.0049655 
-0.0120234 -0.0102715 -0.00862092 -0.00804902 -0.0086277 -0.0100402 -0.0120277 -0.0140079 -0.0152286 -0.0153738 -0.0147777 -0.0139185 -0.0126967 -0.0106622 -0.00790705 -0.00518883 -0.00327479 -0.00239574 -0.00193723 -0.000738186 0.00161171 0.00395586 0.00467579 0.00319764 -4.64926e-05 -0.00410329 -0.00766714 -0.010158 -0.0119091 -0.0127041 
-0.0169895 -0.014272 -0.0114691 -0.00937247 -0.00792866 -0.00741286 -0.00839351 -0.0104828 -0.0124688 -0.0135377 -0.0137306 -0.0133188 -0.0122068 -0.0102066 -0.00756358 -0.00489385 -0.00284574 -0.00179836 -0.00136668 -0.000481141 0.00133131 0.00319653 0.00392151 0.00297949 0.000233305 -0.00403857 -0.0088146 -0.0131864 -0.016607 -0.018073 
-0.0158493 -0.0129223 -0.0104777 -0.00871778 -0.00713675 -0.00615598 -0.0067594 -0.00880289 -0.0109998 -0.0122687 -0.0124197 -0.0117264 -0.0103982 -0.00859014 -0.00648123 -0.00422545 -0.00212414 -0.000632207 0.000293618 0.00136158 0.00287766 0.00416338 0.00438735 0.00319732 0.000452619 -0.00371881 -0.00863472 -0.0133764 -0.0168118 -0.017667 
-0.00780527 -0.00538542 -0.00461206 -0.00508931 -0.00550595 -0.00576493 -0.00689217 -0.00916829 -0.0115445 -0.0127378 -0.0123229 -0.0107639 -0.00879797 -0.00694021 -0.00522715 -0.00333724 -0.00117918 0.000852119 0.00253283 0.00410683 0.00550336 0.00602327 0.00509201 0.00283773 -0.000112791 -0.00319425 -0.00626936 -0.00917153 -0.0109067 -0.0103152 
0.004281 0.00542132 0.00371113 -5.26919e-05 -0.00380221 -0.0065288 -0.0088501 -0.0113718 -0.0135511 -0.0142669 -0.0130327 -0.0104599 -0.00768507 -0.00548897 -0.00385803 -0.00224521 -0.00027943 0.00187421 0.00398653 0.00593947 0.0071562 0.00670624 0.00424097 0.000613311 -0.00241248 -0.00350914 -0.0030355 -0.00211068 -0.000761251 0.00158742 
0.0136602 0.0128808 0.00886542 0.00251661 -0.00397257 -0.00893215 -0.0122048 -0.0142703 -0.0152425 -0.0148302 -0.0128498 -0.00971358 -0.00640089 -0.00378373 -0.00204088 -0.000749349 0.000581689 0.00216304 0.00405452 0.00595525 0.00676971 0.00529111 0.00146218 -0.00314132 -0.00586522 -0.00476579 -0.000519975 0.00443516 0.0086265 0.0118684 
0.0147626 0.0125184 0.00774106 0.000924073 -0.00632928 -0.0121463 -0.0154636 -0.0162108 -0.0151096 -0.013159 -0.0107909 -0.00786112 -0.0045622 -0.00165679 0.000238807 0.00114228 0.00155028 0.00210858 0.00329768 0.00474007 0.00493021 0.00252922 -0.0021248 -0.00690192 -0.00883358 -0.00594756 0.000662785 0.00756067 0.0123249 0.0146552 
0.00905164 0.00701155 0.00334879 -0.00228504 -0.00892484 -0.0145348 -0.0172526 -0.0164028 -0.0131418 -0.00971829 -0.00727084 -0.00506206 -0.00226987 0.000607685 0.00248875 0.00293055 0.0024105 0.00194297 0.00232175 0.00309703 0.002552 -0.000598666 -0.00563707 -0.0100673 -0.0109988 -0.0070196 5.52278e-05 0.00629849 0.0094273 0.00996116 
0.00286473 0.00272403 0.000875601 -0.00372661 -0.0100102 -0.0154069 -0.0175263 -0.0153671 -0.0103944 -0.00578442 -0.00326768 -0.00174072 0.000374937 0.00285207 0.00434318 0.004139 0.00275464 0.00143808 0.00109406 0.00119638 1.62952e-05 -0.00363824 -0.00891239 -0.0130967 -0.0133505 -0.00899723 -0.0027053 0.0017012 0.00300837 0.00287265 
-0.000140413 0.00237232 0.00196656 -0.00257493 -0.00929337 -0.0148613 -0.0166857 -0.0137363 -0.00770545 -0.00233102 0.00032372 0.00153334 0.00317525 0.00509545 0.00586699 0.00477739 0.00247033 0.000341017 -0.000679867 -0.00111447 -0.00256737 -0.00624304 -0.0115147 -0.0156668 -0.0157443 -0.0115619 -0.00643868 -0.003756 -0.00335825 -0.00259871 
-0.00131279 0.0038403 0.00490909 0.000678635 -0.00602437 -0.0114729 -0.0132735 -0.0104614 -0.00458815 0.000641532 0.00317237 0.00428976 0.0057254 0.00712057 0.00704126 0.00496558 0.00172216 -0.00121629 -0.00289857 -0.00371844 -0.00502804 -0.00805647 -0.0126519 -0.0164707 -0.0165261 -0.0126645 -0.00846481 -0.00717626 -0.00767779 -0.00617525 
-0.00306752 0.00449825 0.00810879 0.00612288 0.00140632 -0.00276516 -0.00472302 -0.00346692 0.000407047 0.00412946 0.00589523 0.00668684 0.00776287 0.00847068 0.00747318 0.00456973 0.000740755 -0.00266726 -0.00482422 -0.00594264 -0.0069354 -0.00880249 -0.011817 -0.0144619 -0.0141446 -0.010393 -0.00669419 -0.00683044 -0.00939618 -0.0089561 
-0.00572861 0.00381171 0.0108098 0.0129276 0.0121783 0.0105141 0.00847323 0.00727669 0.00791132 0.00911146 0.00936926 0.00912683 0.00916385 0.00875533 0.00681232 0.00346384 -0.000290733 -0.00351533 -0.00573543 -0.00698616 -0.00756723 -0.00793306 -0.00856556 -0.00916651 -0.00821784 -0.00496403 -0.00231437 -0.00439899 -0.00975747 -0.0114826 
-0.00838701 0.00237789 0.0121555 0.0184792 0.0221761 0.0234661 0.0218605 0.0189002 0.0167583 0.015305 0.013417 0.0113049 0.00962691 0.00785967 0.00514541 0.00173776 -0.00149507 -0.00409752 -0.00595964 -0.00690399 -0.00663112 -0.00503408 -0.00277311 -0.00112445 -0.000335404 0.00043702 -0.000119389 -0.00483136 -0.0118228 -0.0142602 
-0.0110968 0.000246415 0.0114976 0.0208339 0.0279842 0.0316942 0.0311437 0.0281522 0.0248493 0.0212761 0.0169419 0.0125472 0.00904061 0.00612702 0.00294163 -0.000430054 -0.00329466 -0.00540912 -0.00672108 -0.00678989 -0.0049557 -0.000854107 0.00441604 0.00769936 0.00667813 0.00238522 -0.00368007 -0.0112053 -0.0176307 -0.018159 
-0.0146239 -0.00302609 0.00881382 0.0198508 0.0289883 0.0341682 0.0349276 0.0332074 0.0301972 0.0254804 0.019268 0.013047 0.00813362 0.00436521 0.00076777 -0.00282248 -0.00582056 -0.00787469 -0.0086693 -0.00747542 -0.00351725 0.00342645 0.0114144 0.0153859 0.0113587 0.000998592 -0.0109596 -0.0207771 -0.0255351 -0.0232106 
-0.0187432 -0.00759443 0.00384703 0.0151309 0.0249858 0.0311995 0.0334509 0.033312 0.0312549 0.0267833 0.0204605 0.0138213 0.00813885 0.00349624 -0.000815119 -0.00494562 -0.00835293 -0.0105498 -0.0109108 -0.00835813 -0.00205868 0.00762361 0.0174782 0.021044 0.0138662 -0.00123706 -0.0171291 -0.0281357 -0.0316828 -0.0278004 
-0.0217108 -0.0127748 -0.00346477 0.00635347 0.015968 0.0233952 0.0275065 0.0287345 0.0277095 0.0248804 0.0206576 0.0153441 0.00955691 0.00392963 -0.00135542 -0.00603594 -0.00963104 -0.0118336 -0.0119525 -0.00844061 -0.000259405 0.0112879 0.0214888 0.0234799 0.0139196 -0.0029802 -0.0194147 -0.0298968 -0.032787 -0.0292115 
-0.021365 -0.0167381 -0.0111958 -0.00409854 0.00439692 0.0125666 0.0181166 0.0202053 0.0201475 0.0197656 0.0190053 0.0162598 0.0111057 0.00483123 -0.00114306 -0.00589904 -0.00912898 -0.0111547 -0.0115964 -0.00834699 0.000188651 0.0119095 0.0208648 0.0208667 0.0108426 -0.00407105 -0.0174327 -0.0254488 -0.0274567 -0.0252975 
-0.0177888 -0.0183629 -0.0171472 -0.0131663 -0.00657367 0.000797957 0.00606597 0.00809039 0.00884297 0.0108791 0.0136819 0.0140861 0.0104946 0.0044735 -0.0014265 -0.00558574 -0.00794825 -0.00971301 -0.0111303 -0.00967419 -0.00286609 0.00712833 0.0139425 0.0128513 0.00527786 -0.00391561 -0.011552 -0.0161895 -0.0174274 -0.0172533 
-0.0154599 -0.020362 -0.0225924 -0.0208587 -0.0155183 -0.00929045 -0.00550911 -0.00458383 -0.00380126 -0.000445241 0.00486709 0.0082433 0.00687924 0.0019524 -0.00325444 -0.00644816 -0.00770194 -0.00893853 -0.0111964 -0.0120704 -0.00834227 -0.00139458 0.00320028 0.00273889 0.000609606 -9.20336e-05 -0.00109332 -0.00383706 -0.00692725 -0.0104534 
-0.0198837 -0.0275125 -0.0306965 -0.0282141 -0.0207594 -0.0130166 -0.00980786 -0.010747 -0.01177 -0.00946743 -0.00390816 0.00102102 0.00153555 -0.0020389 -0.00625758 -0.00834814 -0.00830615 -0.00837169 -0.0103513 -0.0127107 -0.0121332 -0.00858857 -0.00550022 -0.00321577 0.00248246 0.0115832 0.0165353 0.0122874 0.00201302 -0.00946743 
-0.0294059 -0.0392154 -0.0406907 -0.0336708 -0.0200245 -0.00730958 -0.00286344 -0.00610636 -0.0111097 -0.0126843 -0.00962657 -0.00529146 -0.00392939 -0.00613448 -0.00894917 -0.00960843 -0.00799327 -0.00627831 -0.00687741 -0.00966592 -0.0117395 -0.011032 -0.00781305 -0.000612476 0.0138508 0.0320432 0.0416737 0.0339312 0.0126881 -0.0111744 
-0.0334838 -0.0471026 -0.0471422 -0.0349183 -0.0145227 0.00364283 0.0100545 0.00473626 -0.00513517 -0.0120943 -0.0129814 -0.0102789 -0.00848276 -0.00916084 -0.0102408 -0.00928111 -0.00607315 -0.00258531 -0.0017024 -0.00472444 -0.0090115 -0.00986848 -0.00439605 0.00901122 0.0309411 0.055487 0.0689671 0.0599535 0.0303208 -0.00570495 
-0.023655 -0.0439262 -0.0464034 -0.0328263 -0.009732 0.010899 0.0189488 0.0130296 -0.000317387 -0.0118176 -0.015839 -0.0138454 -0.010995 -0.010208 -0.0101881 -0.00835308 -0.00414723 0.000518763 0.00228652 -0.00112566 -0.00697207 -0.00811607 0.00059642 0.0195231 0.0461591 0.0740895 0.0913728 0.0857501 0.0552203 0.0127423 
-0.00391683 -0.032072 -0.0409126 -0.0307928 -0.00996109 0.00970468 0.0191489 0.0149447 0.00108076 -0.0124444 -0.0175739 -0.0147184 -0.01013 -0.00850817 -0.00898981 -0.0078842 -0.00368251 0.00162539 0.0041457 0.000973667 -0.00535165 -0.00659923 0.0036399 0.0248917 0.0530344 0.0823956 0.103351 0.103933 0.0789801 0.0374107 
0.0147768 -0.0192867 -0.0353254 -0.0308283 -0.014584 0.00258834 0.0133849 0.012549 0.000928815 -0.011949 -0.0164715 -0.0120241 -0.00570071 -0.00394914 -0.00622267 -0.00720195 -0.00386895 0.0018716 0.00561672 0.00384845 -0.00192063 -0.00404311 0.00437758 0.0233115 0.0490884 0.077484 0.100431 0.106725 0.0902661 0.0556796 
0.0259576 -0.0095028 -0.0302731 -0.0306403 -0.0189381 -0.00472392 0.00653319 0.00892104 0.000803669 -0.00985528 -0.0132167 -0.00766383 -0.000185689 0.00168912 -0.00205393 -0.00507206 -0.00296807 0.00275551 0.0075033 0.00736063 0.00259574 -0.000770327 0.00366218 0.0166238 0.0360497 0.0598657 0.0816693 0.0916381 0.0844169 0.0609292 
0.0287452 -0.00190752 -0.0218968 -0.0241251 -0.0164148 -0.00671642 0.00221657 0.00580895 0.000848293 -0.00744634 -0.0103646 -0.00525997 0.00223433 0.00468936 0.00125172 -0.0022347 -0.00108826 0.00369078 0.00795317 0.0081526 0.00399366 -0.000349741 2.34654e-05 0.00607002 0.017313 0.0339748 0.0519936 0.063633 0.0647564 0.0535847 
0.0239818 0.00419215 -0.00802127 -0.00761739 -0.0029565 -1.68179e-05 0.00277703 0.00464568 0.00175158 -0.00463439 -0.00829053 -0.00572283 -0.000181787 0.00243658 0.000713404 -0.00140123 -0.000479996 0.00263212 0.00473224 0.00341084 -0.0012847 -0.00654894 -0.0091179 -0.00813378 -0.0033695 0.00655593 0.0199671 0.031625 0.0383362 0.037134 
0.0126439 0.00569412 0.00548854 0.0128206 0.0174926 0.0143031 0.00906716 0.00668908 0.00457 -0.000137315 -0.00501603 -0.0065259 -0.00514586 -0.00398457 -0.00421096 -0.00426246 -0.00303427 -0.00177854 -0.00272134 -0.0068255 -0.0130474 -0.0190302 -0.0225454 -0.0231743 -0.021402 -0.0162079 -0.00707559 0.00347006 0.0123565 0.0163692 
-0.00540556 -0.0035535 0.007462 0.0247279 0.0352591 0.0313884 0.019905 0.0115677 0.00813995 0.00467535 -0.000916993 -0.00646122 -0.010027 -0.0114086 -0.0109844 -0.00939883 -0.00794541 -0.00846055 -0.0123347 -0.0191519 -0.0266302 -0.03212 -0.0342238 -0.0340878 -0.0339286 -0.0328451 -0.027468 -0.0179617 -0.00910525 -0.00511392 
-0.0276656 -0.0234873 -0.00450297 0.0242157 0.0461139 0.0478723 0.0333194 0.017792 0.0101086 0.00654409 0.00109198 -0.00674212 -0.0137491 -0.0169838 -0.0161078 -0.0133924 -0.0117728 -0.0133764 -0.0189249 -0.0270433 -0.0345196 -0.0383213 -0.0383724 -0.0385635 -0.0421957 -0.0458902 -0.0425851 -0.032203 -0.0239008 -0.0240833 
-0.037528 -0.0355709 -0.0130043 0.0242958 0.0562324 0.0634404 0.0461044 0.022887 0.00939356 0.00473707 0.000404001 -0.00717504 -0.0150193 -0.0187274 -0.0172782 -0.0135124 -0.011051 -0.0121125 -0.0171529 -0.0245838 -0.0310107 -0.0334433 -0.0333351 -0.0367926 -0.0458586 -0.0521789 -0.0461021 -0.0310965 -0.0223147 -0.0276873 
0.000154985 -0.0043086 0.0114901 0.0440431 0.0729527 0.0761708 0.0526996 0.0232125 0.00623166 0.0018795 -8.15044e-06 -0.00537525 -0.0122379 -0.0157545 -0.0140008 -0.00931166 -0.00529932 -0.00424072 -0.00670253 -0.0115784 -0.0162433 -0.0184468 -0.0203462 -0.0275805 -0.0385288 -0.0401158 -0.023035 0.00322872 0.0183608 0.0136648 
0.115748 0.0959877 0.084981 0.0887844 0.0939997 0.0811238 0.0492421 0.0175329 0.00193507 0.000553787 0.00203677 -0.000454908 -0.00555274 -0.00856225 -0.00697469 -0.00221335 0.00274158 0.00598695 0.00695772 0.00587662 0.00359721 0.000973814 -0.00327228 -0.0112679 -0.0171674 -0.00565362 0.0310235 0.0796396 0.116486 0.127472 
0.289528 0.242869 0.184914 0.139415 0.106909 0.0740615 0.0377903 0.00986115 -0.000778333 0.00132842 0.00532231 0.00519069 0.00228375 0.00047218 0.00173544 0.00529939 0.00953645 0.0137275 0.0175432 0.0199278 0.0194735 0.0160226 0.0107564 0.00583617 0.00911791 0.0356992 0.0945729 0.175528 0.252439 0.295904 
0.437252 0.361783 0.256835 0.164496 0.0995561 0.0553488 0.0243004 0.00648736 0.00201977 0.00543977 0.00909333 0.00930537 0.00775314 0.00709614 0.00790852 0.00954871 0.012039 0.0162413 0.0217408 0.0256174 0.0247717 0.0198837 0.0154785 0.0159533 0.0272755 0.0623382 0.134685 0.24329 0.361206 0.439085 
