0.314297 0.311139 0.240133 0.144373 0.0700254 0.0329016 0.0210817 0.016647 0.0125579 0.0106044 0.0101224 0.00633074 -0.00273565 -0.0135743 -0.02134 -0.0236647 -0.0203958 -0.011727 0.00186854 0.018138 0.0335 0.0453066 0.0529782 0.0580115 0.0627653 0.0695176 0.0830499 0.113855 0.173 0.253046 
0.251553 0.246816 0.1873 0.106839 0.0434451 0.0114759 0.00186119 -0.000348413 -0.00123145 0.000327126 0.00308204 0.00223144 -0.00440022 -0.0137527 -0.0211917 -0.0241677 -0.0221852 -0.0151993 -0.00349329 0.0108266 0.0241109 0.0334789 0.0383164 0.0409922 0.0460227 0.0567542 0.0740249 0.101096 0.145833 0.205676 
0.142774 0.136679 0.101108 0.0549014 0.0190731 0.00148171 -0.00350746 -0.00507108 -0.00626289 -0.00519172 -0.00242447 -0.00223117 -0.00712111 -0.014882 -0.0215912 -0.0248993 -0.0241101 -0.0189479 -0.00950358 0.00235957 0.0133031 0.0208981 0.0251363 0.0290293 0.0372518 0.0510614 0.0657916 0.0787048 0.0961974 0.12222 
0.0533625 0.0456106 0.0307426 0.0156556 0.00617122 0.00335059 0.00362134 0.00232301 -0.00113438 -0.00380558 -0.00470722 -0.00643107 -0.0108908 -0.0167703 -0.0217322 -0.0243388 -0.0238238 -0.0195979 -0.011687 -0.00197202 0.00653386 0.0125256 0.0177028 0.0258476 0.039781 0.0561843 0.0655093 0.0629808 0.0563017 0.0541865 
0.0116821 0.00574107 0.00406984 0.00635828 0.0105745 0.0152121 0.0184162 0.0174272 0.0117024 0.00399933 -0.00306806 -0.00921308 -0.0145584 -0.0186611 -0.0214923 -0.0229326 -0.0220932 -0.0180143 -0.0108064 -0.00264139 0.00346918 0.00727638 0.0127162 0.0248216 0.0442834 0.0632467 0.0689716 0.0570352 0.037394 0.0216033 
0.00586183 0.0071696 0.0145487 0.0229442 0.0284691 0.031446 0.0329884 0.0313471 0.0242702 0.0127219 0.000168614 -0.0101596 -0.0164508 -0.0192515 -0.0207545 -0.0217775 -0.0210466 -0.0172235 -0.0104901 -0.00323336 0.00128962 0.00312333 0.00770274 0.0213771 0.0439696 0.0651854 0.0705523 0.055715 0.0320708 0.0137636 
0.00909482 0.0206379 0.0356234 0.0452046 0.0457815 0.0409861 0.0363903 0.0325636 0.0256055 0.0136593 -0.000290169 -0.01141 -0.0170032 -0.0186221 -0.0196961 -0.0210855 -0.0209604 -0.0177749 -0.0117059 -0.00494017 -0.000729802 0.000559875 0.0041511 0.0166116 0.0381472 0.0588847 0.064339 0.0494599 0.0257144 0.00972542 
0.00390334 0.0245315 0.0453929 0.0552818 0.0507813 0.0375995 0.0256218 0.0190014 0.013392 0.0043181 -0.00667152 -0.0148668 -0.0179412 -0.0181494 -0.0189078 -0.020375 -0.0203525 -0.0175532 -0.0122376 -0.00596373 -0.00144547 0.000227234 0.00249084 0.0107169 0.0260568 0.0414309 0.0445547 0.030097 0.00835913 -0.00330038 
-0.00963704 0.0164221 0.0404239 0.0511711 0.045342 0.0284584 0.0121247 0.00330026 -0.00137736 -0.00726483 -0.0140814 -0.0183737 -0.0189109 -0.0181378 -0.0185697 -0.0194452 -0.0186519 -0.0156714 -0.0110446 -0.00562618 -0.00142502 -0.000244649 -0.00070192 0.00109214 0.00731849 0.0144296 0.0136551 0.000317698 -0.0171635 -0.0231277 
-0.0210591 0.00624134 0.0303236 0.0421046 0.0389539 0.0246321 0.0090057 -0.000627065 -0.00589751 -0.0108165 -0.0153176 -0.0174727 -0.0173469 -0.0171206 -0.0179945 -0.0184929 -0.0170403 -0.0140923 -0.0105703 -0.00688382 -0.00443543 -0.00515606 -0.00868798 -0.0120979 -0.0126854 -0.0114922 -0.0142886 -0.0249722 -0.0371953 -0.0379904 
-0.0205043 0.00410015 0.0248653 0.0357706 0.0359412 0.0275296 0.0165704 0.00805943 0.00158418 -0.00431677 -0.00871763 -0.0108759 -0.0120845 -0.0140341 -0.0165223 -0.0177001 -0.0168002 -0.0150867 -0.0137286 -0.0128563 -0.0130651 -0.0154001 -0.0194872 -0.0232805 -0.0245784 -0.0235578 -0.0244744 -0.0311054 -0.0390034 -0.0372516 
-0.00601627 0.0132641 0.0276698 0.0342578 0.0348797 0.0314314 0.0260324 0.0199523 0.0129199 0.00584927 0.000846793 -0.00211514 -0.00530771 -0.00988833 -0.0144316 -0.0170293 -0.0177281 -0.0181511 -0.0193253 -0.0210088 -0.022748 -0.0242443 -0.0250258 -0.0244328 -0.0215889 -0.0169075 -0.0141324 -0.0170243 -0.0222632 -0.0201723 
0.0150173 0.0289347 0.0365389 0.0373224 0.0356123 0.0339245 0.0317702 0.0273313 0.020134 0.0125929 0.00740398 0.0039415 -0.000585461 -0.00685209 -0.0127113 -0.01645 -0.0186241 -0.0206228 -0.022859 -0.0246334 -0.0248512 -0.022637 -0.0180785 -0.0120561 -0.00492952 0.00251231 0.00697161 0.00547139 0.00138905 0.00341865 
0.0319117 0.0424303 0.0457547 0.042771 0.0387369 0.0363469 0.0339935 0.0288273 0.0208491 0.0131497 0.00812692 0.00467667 2.95699e-05 -0.00626198 -0.0121096 -0.0161442 -0.0188987 -0.0210421 -0.0221704 -0.0213173 -0.0176946 -0.0111657 -0.00282281 0.00569996 0.0138441 0.0210186 0.0246257 0.0227593 0.0191938 0.0216211 
0.038651 0.0472455 0.048994 0.0452895 0.0408864 0.0376597 0.0335598 0.0263631 0.0172025 0.00927993 0.00429315 0.0010849 -0.0026574 -0.00758929 -0.0124121 -0.0161022 -0.0187024 -0.0200702 -0.0193048 -0.015606 -0.00911298 -0.000928711 0.00731235 0.0145569 0.0211309 0.027031 0.030205 0.0290011 0.0265642 0.0293939 
0.034696 0.0410321 0.0424099 0.0399112 0.0369918 0.0343227 0.0297122 0.0219027 0.0127093 0.00488897 -0.000294866 -0.00338307 -0.00598104 -0.00919454 -0.0127321 -0.0158126 -0.0179246 -0.018507 -0.0167869 -0.0124265 -0.00623866 0.000126305 0.00546991 0.010163 0.0155706 0.0218173 0.026696 0.0278056 0.0265707 0.0282213 
0.0220274 0.0256693 0.0277707 0.0277611 0.0269698 0.0254465 0.0219432 0.0160404 0.00893414 0.00221413 -0.00289966 -0.00592289 -0.00774278 -0.0097462 -0.012253 -0.0145894 -0.0160294 -0.0161518 -0.0146849 -0.0116232 -0.00774413 -0.00431304 -0.00158253 0.00200116 0.00815772 0.0163492 0.0234075 0.0257144 0.0231804 0.0206039 
0.00555189 0.00790444 0.0125447 0.0157807 0.0161408 0.014186 0.011328 0.008261 0.00455925 -2.40008e-06 -0.00422886 -0.00673805 -0.00791643 -0.00914176 -0.0108129 -0.0122683 -0.0129103 -0.0127093 -0.0117949 -0.0101759 -0.00817868 -0.0063759 -0.00433319 -0.000119739 0.00774112 0.0177712 0.0253554 0.0256089 0.018235 0.00929967 
-0.00872755 -0.00512505 0.00335392 0.00948809 0.00925764 0.00462186 0.000563148 -0.000803045 -0.00161278 -0.00396079 -0.00678678 -0.00815569 -0.00825885 -0.00845492 -0.00909172 -0.00953781 -0.00937731 -0.00880743 -0.0080675 -0.00705024 -0.00568399 -0.00406094 -0.00159299 0.00341377 0.0121216 0.022474 0.0286149 0.0248022 0.0116949 -0.00243722 
-0.018465 -0.0123434 -0.000312476 0.00801515 0.00687042 -0.000686176 -0.00685726 -0.00817591 -0.00776572 -0.00895041 -0.0107379 -0.0108672 -0.00955299 -0.00834087 -0.00771895 -0.00716948 -0.00635431 -0.0054395 -0.0045815 -0.00359346 -0.002185 -0.000237498 0.00254572 0.00719459 0.0146136 0.0229087 0.0261805 0.0189092 0.00284512 -0.0126988 
-0.0237694 -0.0162441 -0.00258753 0.00733488 0.00682672 -0.00138487 -0.00869842 -0.0106714 -0.0103258 -0.0113544 -0.0128416 -0.0124041 -0.0102618 -0.00810997 -0.00662043 -0.00542515 -0.00424421 -0.00315277 -0.00217877 -0.00105361 0.000676242 0.00316551 0.00607435 0.00935786 0.0135573 0.0176645 0.0173361 0.00855338 -0.0064959 -0.0198279 
-0.0243389 -0.0174079 -0.00488081 0.00520946 0.0065004 0.000307632 -0.00614382 -0.00827462 -0.00822802 -0.00934734 -0.0109814 -0.0109406 -0.00924516 -0.00733507 -0.0058608 -0.00459781 -0.00339776 -0.00234303 -0.00138213 -0.000110883 0.0021105 0.00534482 0.00846673 0.0102905 0.0109511 0.0105354 0.00702673 -0.00146051 -0.0129049 -0.0221775 
-0.0207897 -0.0155662 -0.00629057 0.00181675 0.00419397 0.00100217 -0.00316273 -0.00472241 -0.00481351 -0.00586494 -0.00754325 -0.00820244 -0.00762458 -0.00666738 -0.00576046 -0.00480603 -0.00381565 -0.00294378 -0.00213664 -0.000875835 0.00162483 0.00529318 0.00845562 0.00929184 0.00770995 0.00448541 -0.000580427 -0.00759671 -0.0149116 -0.0200879 
-0.0157154 -0.0123815 -0.00683079 -0.00188863 0.000146473 -0.000881269 -0.00289536 -0.00389553 -0.00420522 -0.00501348 -0.00616765 -0.00682628 -0.00682021 -0.00648049 -0.00595854 -0.00524709 -0.00447608 -0.00383179 -0.00327594 -0.00229907 -0.000139149 0.00307729 0.00569865 0.00600882 0.00391047 0.000284719 -0.00432852 -0.00926149 -0.0133471 -0.0157685 
-0.011981 -0.010255 -0.00748775 -0.0051756 -0.00412031 -0.00435953 -0.00536324 -0.00635465 -0.00702935 -0.00743825 -0.0075255 -0.00729719 -0.00691132 -0.00642163 -0.00576466 -0.00500338 -0.00435244 -0.00395307 -0.00371166 -0.00323465 -0.00201223 -0.00015034 0.00124096 0.00105637 -0.00068459 -0.00326667 -0.00613312 -0.00877019 -0.0107364 -0.011949 
-0.0105244 -0.00982801 -0.00859367 -0.00774978 -0.00751737 -0.00778377 -0.00862503 -0.00985628 -0.0107726 -0.010712 -0.0097036 -0.00836279 -0.00716361 -0.00607842 -0.0049646 -0.00396813 -0.00337065 -0.00323089 -0.0033357 -0.00342211 -0.00334906 -0.00322842 -0.00350002 -0.00456096 -0.0062093 -0.00777867 -0.00879681 -0.00928097 -0.00965418 -0.0102398 
-0.0102519 -0.0101268 -0.00976509 -0.00974182 -0.0100563 -0.0104861 -0.0112558 -0.0124249 -0.0131808 -0.0126198 -0.0108473 -0.00873492 -0.00687336 -0.00522615 -0.00367631 -0.00244343 -0.00184381 -0.0018812 -0.0022634 -0.00282562 -0.00371252 -0.00506974 -0.00687249 -0.00901578 -0.0110896 -0.0122682 -0.0120462 -0.0109229 -0.0100207 -0.00996856 
-0.00914458 -0.00953384 -0.00995578 -0.0106601 -0.0114627 -0.0120721 -0.0127044 -0.0134817 -0.013694 -0.0125812 -0.0103755 -0.00795033 -0.00580518 -0.00386455 -0.00205753 -0.000647922 3.68064e-05 -5.81493e-06 -0.000488237 -0.0012976 -0.00267553 -0.00476733 -0.00736202 -0.010152 -0.012573 -0.0135942 -0.0126929 -0.0107288 -0.00918885 -0.00880616 
-0.00572247 -0.00665293 -0.00782427 -0.00927289 -0.010668 -0.0116587 -0.0123396 -0.0127561 -0.0124003 -0.0108724 -0.00856617 -0.00621911 -0.0041155 -0.00210283 -0.000163698 0.0013806 0.002181 0.00222401 0.00179636 0.00104311 -0.000229116 -0.00215664 -0.0045681 -0.00720036 -0.0094469 -0.0101699 -0.00891351 -0.00677295 -0.0052969 -0.00509 
-0.000854818 -0.00209474 -0.00376074 -0.00582434 -0.00784479 -0.00938429 -0.0103434 -0.0106409 -0.00999198 -0.0083505 -0.00619451 -0.00407931 -0.00210327 -7.31463e-05 0.00196149 0.00360338 0.00446718 0.00455092 0.00421161 0.00371584 0.00296242 0.00175857 8.62257e-05 -0.00193823 -0.00372412 -0.00413519 -0.0028037 -0.000888887 0.000182809 3.13011e-05 
0.00317288 0.00193762 8.76902e-05 -0.00236614 -0.00487992 -0.00694184 -0.00829628 -0.00871786 -0.0080377 -0.00641697 -0.0043411 -0.00225562 -0.000229178 0.00188804 0.00401057 0.00572282 0.00662 0.00670321 0.00640327 0.00611993 0.0058354 0.00526689 0.00419868 0.00266274 0.0012465 0.000982214 0.0021655 0.00374327 0.00445877 0.00408687 
0.00506922 0.00384476 0.00186982 -0.000863569 -0.00371697 -0.00615101 -0.00786382 -0.00849063 -0.00781396 -0.00605766 -0.0037304 -0.00129854 0.00105559 0.00337533 0.00559324 0.00737338 0.00833037 0.00842117 0.00806146 0.00771628 0.00745748 0.00701035 0.00611335 0.00482644 0.00369426 0.00350209 0.00446906 0.00579004 0.00637519 0.00596549 
0.00407374 0.00264702 0.00044306 -0.00253087 -0.00556803 -0.00810113 -0.00984755 -0.0103825 -0.00941357 -0.00718433 -0.00426819 -0.00121524 0.00165067 0.0042606 0.0065841 0.00840799 0.00939446 0.00942776 0.00882902 0.00806194 0.00731138 0.00644891 0.00533092 0.00409914 0.00318823 0.00304095 0.00376235 0.00486054 0.00544922 0.00507902 
-0.000523969 -0.00218497 -0.00453354 -0.00755684 -0.0105212 -0.0127675 -0.0139857 -0.0138127 -0.0120496 -0.00902182 -0.0053518 -0.00163229 0.00173865 0.00463122 0.00704201 0.00884616 0.00975258 0.009586 0.00856008 0.00711993 0.00557482 0.00397679 0.00231718 0.000805927 -0.00018857 -0.000482077 -0.000132734 0.000589069 0.00105101 0.000652183 
-0.00800709 -0.00964886 -0.0118192 -0.0145709 -0.0171726 -0.0187888 -0.0189973 -0.0176082 -0.0147244 -0.0108007 -0.00642196 -0.00216023 0.00156754 0.00463957 0.00708536 0.00881564 0.00956128 0.00910455 0.0075715 0.00540774 0.00304745 0.000658623 -0.00175228 -0.00396537 -0.00552473 -0.00626655 -0.00643888 -0.00630247 -0.00622593 -0.00676537 
-0.0159647 -0.0172405 -0.0189531 -0.0212389 -0.0232985 -0.0240796 -0.0230926 -0.0204222 -0.0165329 -0.0119352 -0.00706312 -0.0024516 0.00144913 0.00455607 0.00694875 0.00854723 0.00908013 0.00829002 0.00623967 0.00340481 0.00034126 -0.00274602 -0.00597675 -0.00918179 -0.011642 -0.0129537 -0.0135625 -0.0139602 -0.0143095 -0.0149253 
-0.0211871 -0.0219861 -0.0234143 -0.0254708 -0.027036 -0.0269003 -0.0247738 -0.0211388 -0.0167205 -0.0119285 -0.00695696 -0.00228596 0.00158796 0.00459273 0.00681803 0.00816858 0.0083788 0.0071813 0.00460697 0.00116523 -0.00248758 -0.00613373 -0.0100647 -0.014196 -0.0174615 -0.0190452 -0.0195612 -0.0199403 -0.0203063 -0.02066 
-0.0214147 -0.0220587 -0.0237838 -0.0260974 -0.0273484 -0.0263462 -0.02332 -0.0192603 -0.0150072 -0.0106917 -0.00618257 -0.00184476 0.00180401 0.00462102 0.00658714 0.00755396 0.00731195 0.00565632 0.00261152 -0.00132855 -0.00544755 -0.0094467 -0.0136885 -0.0182095 -0.0217226 -0.0229653 -0.0225757 -0.0220266 -0.0217096 -0.0214409 
-0.0176425 -0.0186097 -0.0207958 -0.0231827 -0.0239058 -0.0221143 -0.0186449 -0.0149245 -0.0117138 -0.00864128 -0.00515346 -0.0014919 0.00178411 0.00437275 0.00604551 0.0065812 0.00587294 0.00383744 0.000501835 -0.00372431 -0.00810769 -0.0121622 -0.0161572 -0.0203013 -0.0233721 -0.023772 -0.0219615 -0.0198978 -0.0185377 -0.0177567 
-0.0138427 -0.0152545 -0.0171484 -0.0183701 -0.0176679 -0.0149863 -0.011631 -0.00908032 -0.00766237 -0.00631555 -0.00410444 -0.00127451 0.00151597 0.00380783 0.00518274 0.00535664 0.00430826 0.00206659 -0.00133522 -0.00558743 -0.00993953 -0.0136607 -0.0168799 -0.0200885 -0.0224226 -0.0221318 -0.0193196 -0.0161488 -0.0141473 -0.013426 
-0.0127751 -0.0141953 -0.0148706 -0.0138359 -0.0109653 -0.00729208 -0.00446716 -0.00354999 -0.00405092 -0.00426444 -0.00314462 -0.00108729 0.00116195 0.00306894 0.00412311 0.00401152 0.0027483 0.00041587 -0.00295441 -0.00710172 -0.0111772 -0.0141815 -0.0162191 -0.0183164 -0.0202715 -0.0202995 -0.0178088 -0.0145733 -0.0124218 -0.0118917 
-0.0131165 -0.0140644 -0.013515 -0.0105221 -0.00580629 -0.00140591 0.000683362 1.99293e-05 -0.00196513 -0.0031664 -0.0027011 -0.0011539 0.000675626 0.00221205 0.00292581 0.00253441 0.00109226 -0.00130153 -0.00465841 -0.00875361 -0.0125616 -0.0147407 -0.0154152 -0.0164134 -0.0185929 -0.0202229 -0.0194153 -0.0166911 -0.0139439 -0.0126444 
-0.012684 -0.0133618 -0.0124368 -0.00843747 -0.00260735 0.00200997 0.00311623 0.00101411 -0.00200115 -0.00366629 -0.00338508 -0.00195621 -0.00027997 0.00101666 0.00142947 0.000759973 -0.000846998 -0.00326384 -0.00660457 -0.0107735 -0.0146024 -0.0162873 -0.0157662 -0.0156794 -0.0182819 -0.0220997 -0.0235177 -0.0210865 -0.0166582 -0.0133152 
-0.0121881 -0.0132061 -0.0123023 -0.00719634 -0.000149736 0.0043398 0.00397814 0.000292635 -0.00353937 -0.00532156 -0.00489859 -0.00338485 -0.00180237 -0.000749709 -0.000643908 -0.00160045 -0.00338896 -0.00583663 -0.00916277 -0.0134821 -0.0176059 -0.0192501 -0.0179023 -0.0167093 -0.0193087 -0.0248019 -0.0281244 -0.025759 -0.0193198 -0.0136936 
-0.0126988 -0.0142423 -0.0125627 -0.00512893 0.0038006 0.00796123 0.00562451 0.000137431 -0.00438196 -0.00609635 -0.00555697 -0.00424806 -0.00318047 -0.00275479 -0.00321148 -0.004604 -0.00670166 -0.00931915 -0.0127071 -0.0171361 -0.0215003 -0.0231848 -0.0211311 -0.0185879 -0.0202897 -0.0262699 -0.0308085 -0.0287042 -0.0210648 -0.0141934 
-0.0111641 -0.0132331 -0.0102185 -0.000226424 0.0101932 0.0134791 0.00894672 0.0018359 -0.00304301 -0.00457685 -0.00420868 -0.00366265 -0.00371795 -0.00444393 -0.00581969 -0.0078231 -0.0103235 -0.0132234 -0.0167681 -0.0212698 -0.0257027 -0.0272307 -0.0242083 -0.0196919 -0.0193299 -0.0244045 -0.0291666 -0.0271096 -0.0188385 -0.0117897 
-0.00263003 -0.00616203 -0.00351477 0.0066871 0.0165879 0.0182466 0.0119788 0.00416878 -0.000422497 -0.00170619 -0.0018433 -0.00245291 -0.00389984 -0.00590845 -0.00820114 -0.010693 -0.0134219 -0.0164855 -0.0201979 -0.0248863 -0.0295106 -0.0308919 -0.026596 -0.0193343 -0.0157568 -0.0185781 -0.0221541 -0.0188866 -0.00922263 -0.00192352 
0.0121593 0.00510062 0.0043103 0.0117715 0.0194909 0.019618 0.0129458 0.00581925 0.002043 0.00074817 -0.000288196 -0.00213218 -0.00471416 -0.00757754 -0.0103399 -0.01292 -0.0155051 -0.0183807 -0.0220123 -0.0268361 -0.0317752 -0.0331046 -0.0273201 -0.0167701 -0.00936488 -0.00924904 -0.0106312 -0.00495911 0.00702361 0.0148919 
0.0246367 0.0125733 0.00729492 0.0119892 0.018339 0.0181887 0.0123528 0.00649505 0.00326111 0.00140662 -0.000683967 -0.00338553 -0.00643869 -0.00949957 -0.0122673 -0.014667 -0.0168723 -0.0191788 -0.0221799 -0.0265755 -0.031425 -0.0324727 -0.0250867 -0.011348 -0.000543381 0.00193272 0.0022466 0.00972633 0.0231559 0.0306034 
0.0261049 0.0102768 0.00290539 0.00784415 0.0153158 0.0161062 0.0110065 0.00548509 0.00193935 -0.000547312 -0.00305147 -0.00575256 -0.00857709 -0.0114469 -0.0141442 -0.0164723 -0.0183724 -0.0199484 -0.0218475 -0.0251324 -0.029237 -0.0297152 -0.0211751 -0.00546786 0.0072145 0.0105686 0.010791 0.0175878 0.0298545 0.0353404 
0.0170166 0.00123005 -0.00444578 0.00354789 0.0135972 0.0153187 0.00974479 0.00308596 -0.0013444 -0.00384273 -0.00569421 -0.00768593 -0.0101443 -0.0130547 -0.0160096 -0.0185086 -0.0201882 -0.0209704 -0.0215649 -0.0233657 -0.0263054 -0.0262742 -0.017745 -0.00217016 0.0104032 0.0132757 0.0118364 0.0154543 0.0241593 0.0272751 
0.00791086 -0.00413249 -0.00585219 0.00524073 0.0166912 0.0179983 0.0107756 0.00217387 -0.00329486 -0.00538156 -0.00615876 -0.00757245 -0.0103387 -0.0140386 -0.0176361 -0.0202202 -0.0213176 -0.0209394 -0.0199536 -0.0199791 -0.0214384 -0.0209292 -0.0132777 0.000563286 0.0115683 0.0133375 0.0100496 0.00998424 0.0146432 0.0162657 
0.00975566 0.00278805 0.00448054 0.0159846 0.0255576 0.0243171 0.0148263 0.0044388 -0.00189683 -0.00363553 -0.00370323 -0.00532086 -0.00940011 -0.0145933 -0.0188967 -0.0210898 -0.0209409 -0.0188281 -0.0158163 -0.0136118 -0.0129615 -0.0111487 -0.00362336 0.0087378 0.0179018 0.0183509 0.0136243 0.01088 0.0127571 0.0143949 
0.0233252 0.0202579 0.0227088 0.0308801 0.0351444 0.0296442 0.0180436 0.00696194 0.000707544 -0.00040761 -0.000102781 -0.00253131 -0.00836757 -0.0150592 -0.0197394 -0.0211742 -0.0195301 -0.0155079 -0.0102691 -0.00546675 -0.00186247 0.00290603 0.0126248 0.0257021 0.0341961 0.0332761 0.0266629 0.021448 0.0215336 0.024146 
0.0408469 0.039335 0.0395119 0.0413781 0.0386534 0.0289235 0.016368 0.00618752 0.00136473 0.00134591 0.0018011 -0.00146703 -0.00844209 -0.0157699 -0.0203575 -0.0211833 -0.0185425 -0.0130892 -0.00595893 0.00126323 0.0080747 0.0169358 0.0309944 0.0474443 0.0573777 0.0556786 0.0465154 0.0381878 0.0362847 0.039321 
0.0574273 0.0562725 0.052727 0.0471751 0.0375542 0.0245118 0.0119438 0.00355427 0.000796024 0.00164895 0.00150609 -0.00269778 -0.00996867 -0.0170222 -0.0212966 -0.021988 -0.0190937 -0.0128597 -0.00436837 0.00468976 0.0140714 0.0266465 0.0453084 0.0662001 0.0790661 0.0777049 0.0665283 0.0555267 0.0518182 0.0546554 
0.0730383 0.0735741 0.067524 0.0555504 0.0395639 0.0227774 0.00927436 0.00232461 0.00181707 0.00329497 0.00167574 -0.00417964 -0.0118962 -0.0186532 -0.0227796 -0.02366 -0.0208464 -0.0140586 -0.00432511 0.00630476 0.0174912 0.0324311 0.0540954 0.078196 0.0936821 0.0933233 0.0814031 0.0691319 0.0646816 0.0680411 
0.0823737 0.0865646 0.0814731 0.0665794 0.0455667 0.0238642 0.00769301 0.00163643 0.00394913 0.00668179 0.00358823 -0.00447348 -0.013344 -0.0203744 -0.0246707 -0.0258353 -0.0231167 -0.0157626 -0.00469013 0.00752165 0.0199657 0.0357843 0.0580556 0.0826451 0.0988544 0.0993621 0.0878898 0.0754734 0.0706397 0.0745593 
0.0774353 0.0849655 0.0844378 0.0719468 0.049497 0.0239916 0.00522963 0.00012483 0.00539518 0.00963786 0.00549808 -0.00443242 -0.0144742 -0.0220509 -0.0268004 -0.0284658 -0.0261063 -0.0186039 -0.00674274 0.00635395 0.0190188 0.0340774 0.0545735 0.0768606 0.0917718 0.0931188 0.0836497 0.0724021 0.0669253 0.0693813 
0.0618435 0.0703993 0.0754762 0.0693189 0.0502748 0.0251125 0.00607773 0.00182119 0.00804836 0.0116149 0.00563987 -0.00556913 -0.0159152 -0.023613 -0.0288243 -0.0312015 -0.0295598 -0.0225849 -0.0110734 0.00137996 0.0125265 0.0249825 0.04183 0.060244 0.0733232 0.0765261 0.0711352 0.0629804 0.0574597 0.0568507 
0.0476653 0.0560993 0.0655682 0.066459 0.0543245 0.0341401 0.0175885 0.0131013 0.0159778 0.0141857 0.00395113 -0.00851553 -0.018176 -0.0251682 -0.0303597 -0.0330651 -0.0317662 -0.0252287 -0.0145844 -0.00385612 0.00441989 0.012912 0.025118 0.0396038 0.0518878 0.0584281 0.0582741 0.0539032 0.0489233 0.0458127 
0.0395527 0.0495605 0.0630777 0.0703506 0.0659937 0.0530707 0.0406963 0.0348715 0.0305908 0.0195298 0.00301668 -0.0111913 -0.0202321 -0.026522 -0.0314268 -0.033756 -0.0317723 -0.0246935 -0.0143061 -0.00501165 0.000558322 0.00517674 0.0130905 0.0247662 0.0376332 0.0477317 0.0512862 0.0483747 0.0426351 0.0381352 
0.033189 0.0473039 0.0663892 0.0799867 0.0822651 0.0756391 0.0671168 0.0595352 0.0477209 0.0280008 0.00624471 -0.0098179 -0.0197164 -0.0269182 -0.0322883 -0.0341129 -0.0309003 -0.0226418 -0.0117499 -0.00274616 0.00171981 0.00422067 0.00958677 0.0200781 0.0340564 0.0460159 0.0498072 0.0447796 0.0360608 0.0301779 
0.02846 0.047271 0.072008 0.090807 0.0971013 0.093448 0.0860589 0.0759964 0.0590953 0.0355832 0.0128137 -0.0038852 -0.0159237 -0.02579 -0.0326362 -0.0343839 -0.0303401 -0.0213084 -0.00982465 -2.67406e-05 0.00543368 0.0083287 0.0131547 0.0230814 0.036803 0.0477082 0.0490467 0.040901 0.0296004 0.0231188 
0.0392133 0.0603104 0.0840727 0.100631 0.105213 0.100519 0.0914859 0.0784973 0.0595738 0.0375035 0.0181234 0.00283461 -0.0109212 -0.0234425 -0.0317836 -0.0337242 -0.0294954 -0.020398 -0.00847997 0.00296862 0.0112957 0.0168661 0.0225501 0.031142 0.0417155 0.0484212 0.0464997 0.0381318 0.0299584 0.0287581 
0.0888134 0.107418 0.115313 0.113204 0.105385 0.0955407 0.0846411 0.07046 0.0522564 0.034202 0.0198537 0.00715661 -0.00689404 -0.0206111 -0.0296059 -0.0316655 -0.0275297 -0.0185343 -0.00600181 0.00766568 0.0198021 0.0293149 0.0369559 0.0442586 0.0505387 0.0520256 0.0480554 0.0448693 0.0500992 0.0663751 
0.184235 0.195469 0.171909 0.133168 0.100581 0.0811326 0.0694509 0.0571887 0.0421905 0.0288389 0.019092 0.00905094 -0.00413147 -0.0176029 -0.0264483 -0.028496 -0.0244281 -0.0152611 -0.00181111 0.0139281 0.0291506 0.0419267 0.0517839 0.0592505 0.0636211 0.0630508 0.06109 0.0691173 0.097427 0.142948 
0.283264 0.28562 0.228865 0.150656 0.0900176 0.0590703 0.0470268 0.0387275 0.0290136 0.0212343 0.0160393 0.00887967 -0.00257126 -0.0149108 -0.0232031 -0.0252446 -0.0213229 -0.0120029 0.00210867 0.0189059 0.0352132 0.0487539 0.058915 0.0663157 0.0710624 0.0731638 0.078347 0.100446 0.151803 0.22496 
