0.390948 0.358566 0.269843 0.176566 0.116572 0.0915511 0.0805347 0.0662231 0.046959 0.0291259 0.0150602 0.00148011 -0.0134588 -0.0265915 -0.0335409 -0.033396 -0.0284472 -0.0207345 -0.010962 -0.000105381 0.0106106 0.0212268 0.0319252 0.0408773 0.0471266 0.0571389 0.0864196 0.150676 0.247922 0.344908 
0.301613 0.276176 0.203896 0.125261 0.0736343 0.0531032 0.0460748 0.036675 0.0229754 0.0106447 0.00201107 -0.00624089 -0.016999 -0.028031 -0.0346261 -0.0348551 -0.0302634 -0.0225343 -0.0120297 0.000527891 0.0134576 0.0256574 0.0365525 0.0443662 0.0480248 0.0529259 0.0723468 0.119236 0.192144 0.2659 
0.190732 0.174443 0.125606 0.0711876 0.0355592 0.0225355 0.0190345 0.0131699 0.00400875 -0.00351083 -0.00714782 -0.0101297 -0.0165915 -0.025719 -0.032594 -0.0339226 -0.0301757 -0.022758 -0.0122161 0.00036643 0.0127195 0.0230899 0.0309369 0.035324 0.0354074 0.0349153 0.0438519 0.0719794 0.118499 0.166658 
0.109332 0.0992314 0.0687472 0.0354604 0.0146821 0.00771341 0.00543789 0.000927715 -0.00520897 -0.00915616 -0.00946302 -0.0093542 -0.0135567 -0.0222102 -0.0303808 -0.0337391 -0.0316908 -0.0252145 -0.0150861 -0.00292091 0.00846903 0.016871 0.0217818 0.0231907 0.0209611 0.0175045 0.0197747 0.0351213 0.0635216 0.0938954 
0.0722858 0.064436 0.0429499 0.0212241 0.00807178 0.00219589 -0.00196905 -0.00657427 -0.00983632 -0.00996345 -0.00757434 -0.00624357 -0.0101453 -0.0192622 -0.0287748 -0.0340056 -0.0336144 -0.028098 -0.0182745 -0.00594791 0.00597129 0.0149271 0.0198322 0.0206199 0.0174998 0.0122732 0.0104508 0.0188808 0.0386698 0.0610807 
0.0673508 0.0590667 0.0385267 0.0185817 0.00523542 -0.00372834 -0.0109412 -0.0153704 -0.0151233 -0.0108979 -0.00586289 -0.00399165 -0.00803693 -0.0169989 -0.0263438 -0.0318153 -0.0319453 -0.0269834 -0.0175743 -0.00506098 0.00830036 0.0199807 0.0277647 0.0300166 0.0260817 0.0178926 0.0120126 0.0169773 0.0349674 0.0567435 
0.0755112 0.0655219 0.0415449 0.0178296 0.000851656 -0.0110833 -0.0194286 -0.022531 -0.0192481 -0.0119502 -0.00528283 -0.00309441 -0.00660335 -0.0139301 -0.0212146 -0.0252497 -0.0250291 -0.0208105 -0.0128486 -0.00150932 0.0121184 0.0259495 0.0367277 0.040558 0.0351202 0.023097 0.0138313 0.018314 0.0387948 0.063734 
0.0837788 0.072138 0.044409 0.0167677 -0.00227647 -0.0137985 -0.0203708 -0.0219049 -0.0179449 -0.0107152 -0.0044914 -0.00237475 -0.00462517 -0.00932603 -0.013789 -0.0161086 -0.0158946 -0.0133911 -0.00830662 3.03308e-05 0.0115951 0.0248615 0.0362107 0.0402759 0.0334548 0.0193405 0.0097643 0.0169549 0.0419248 0.0706888 
0.0876611 0.0756894 0.0466116 0.0178158 -0.000281583 -0.00863144 -0.0122487 -0.0134761 -0.0118225 -0.00763338 -0.00347886 -0.00164823 -0.00235758 -0.00450419 -0.00675856 -0.00828843 -0.00903711 -0.00900197 -0.00731159 -0.00256552 0.00579076 0.0166061 0.0265332 0.0300357 0.0231728 0.0100916 0.00338497 0.0145457 0.0429414 0.0737643 
0.0868672 0.076888 0.0498205 0.0227291 0.00706327 0.0019252 0.000180433 -0.00252235 -0.00498888 -0.00490608 -0.00288908 -0.00103031 -0.000385207 -0.000925097 -0.00222466 -0.00395515 -0.00606793 -0.00817492 -0.00889508 -0.00645294 -0.000167024 0.00886184 0.0175923 0.020934 0.0152445 0.00475846 0.00123259 0.0142475 0.0423494 0.072355 
0.0809682 0.0757461 0.053847 0.0303071 0.0168207 0.0131994 0.0116742 0.00684122 0.000564871 -0.00259902 -0.00178266 0.000448213 0.00171355 0.00129559 -0.0003945 -0.00288966 -0.00604092 -0.00920661 -0.0106591 -0.00848137 -0.00215279 0.00693668 0.0157028 0.0194666 0.0150103 0.0062329 0.00336614 0.0142753 0.0381172 0.0651823 
0.0701886 0.0717686 0.0569009 0.037377 0.0248115 0.0208682 0.0189109 0.013183 0.00529688 0.000736374 0.00126027 0.00375577 0.00461402 0.00282463 -0.000487706 -0.00421872 -0.00809418 -0.0114857 -0.0125974 -0.00954309 -0.00205264 0.00811918 0.0177245 0.0223537 0.0188748 0.0102307 0.00508651 0.0107397 0.0282879 0.0520155 
0.0579171 0.0659407 0.0576715 0.0414469 0.0285951 0.0232474 0.0210382 0.0162382 0.00920026 0.0049474 0.00566423 0.00811997 0.00797251 0.00412834 -0.00145873 -0.00687012 -0.0115765 -0.0150797 -0.0158342 -0.012167 -0.00386454 0.00738395 0.0184064 0.024797 0.0228211 0.013834 0.00519114 0.00481138 0.0163466 0.0373117 
0.0481556 0.0588089 0.0543041 0.0405554 0.0279084 0.0218005 0.019789 0.0165059 0.011064 0.00753914 0.00834699 0.0106357 0.00987007 0.00473994 -0.00253764 -0.009485 -0.0150921 -0.0187957 -0.01949 -0.0159474 -0.00776748 0.00404457 0.0167158 0.0255519 0.0258149 0.0172701 0.00633214 0.00183737 0.00927894 0.0276313 
0.0410206 0.0483385 0.043535 0.0320326 0.0221909 0.0179893 0.0170062 0.0144377 0.00932758 0.00549223 0.00577052 0.00802674 0.0078458 0.0033428 -0.00386403 -0.0112575 -0.0172076 -0.0207543 -0.0212041 -0.0180172 -0.0107572 0.000363439 0.0132074 0.0231462 0.0251708 0.0183406 0.00828115 0.00368311 0.00982183 0.0249806 
0.0346923 0.0339963 0.0255942 0.0162645 0.0118328 0.0123219 0.0132229 0.0102962 0.00389511 -0.00138877 -0.00208569 0.000370979 0.00174179 -0.000568179 -0.00594818 -0.0122603 -0.0174733 -0.0201983 -0.0199788 -0.0169831 -0.0112047 -0.00265553 0.00720012 0.0148794 0.0168336 0.0127573 0.00727308 0.00703139 0.0147415 0.0264729 
0.0304769 0.0209263 0.00772503 -0.00016518 0.000820701 0.00630732 0.00911801 0.00553809 -0.0023246 -0.00887024 -0.0102803 -0.00765724 -0.005014 -0.00518222 -0.00816413 -0.0123565 -0.0159309 -0.0174885 -0.0166415 -0.0139276 -0.00996934 -0.00524537 -0.000746683 0.00202328 0.00232449 0.00139854 0.00260969 0.00930479 0.0205646 0.0299624 
0.0319389 0.0162003 -0.00114323 -0.00928953 -0.00599165 0.00177876 0.00549052 0.00189818 -0.00599119 -0.0124029 -0.013801 -0.0113023 -0.00845316 -0.00755764 -0.00859338 -0.0105386 -0.012348 -0.0130691 -0.0122654 -0.0103469 -0.00825223 -0.00704351 -0.00747353 -0.00920282 -0.0103821 -0.00846487 -0.00130668 0.0116226 0.0267478 0.035894 
0.0396566 0.0219882 0.00228789 -0.00796632 -0.00670766 -0.00073453 0.00216596 -0.000851254 -0.007221 -0.0121069 -0.0127607 -0.0103952 -0.00782049 -0.00642325 -0.00599264 -0.00619341 -0.0069125 -0.00766268 -0.00778264 -0.00717945 -0.00664495 -0.00749196 -0.0103084 -0.0137111 -0.0147375 -0.0107196 -0.000454827 0.0155409 0.0332219 0.0438956 
0.0488374 0.0331577 0.0136 0.000777123 -0.00273462 -0.00143897 -0.000848821 -0.00343174 -0.00785364 -0.0107858 -0.0104127 -0.0079257 -0.00528329 -0.00311598 -0.00137298 -0.000524961 -0.00111848 -0.00274104 -0.00427816 -0.00504601 -0.00551593 -0.00692531 -0.00963136 -0.0119632 -0.011304 -0.00598973 0.0044884 0.0200843 0.0380737 0.0505147 
0.052331 0.0406437 0.0235875 0.00969026 0.00201092 -0.0010877 -0.0025959 -0.0047399 -0.00752981 -0.00905457 -0.00815848 -0.00570518 -0.00280537 0.000259572 0.00299565 0.00419036 0.00307446 0.000375635 -0.0022917 -0.00390299 -0.00480079 -0.00603535 -0.00765822 -0.00808634 -0.00563276 0.00010586 0.00914796 0.0222557 0.0383888 0.0511542 
0.0466959 0.038664 0.0252554 0.0125941 0.00371525 -0.000945696 -0.00262201 -0.00356308 -0.00493561 -0.00583087 -0.0052198 -0.00330192 -0.000513173 0.00284273 0.00572807 0.00660004 0.00487355 0.00166528 -0.00119936 -0.00281852 -0.00373134 -0.00484108 -0.00590515 -0.0055385 -0.0028097 0.00205731 0.00908443 0.0194638 0.0328812 0.0442501 
0.0358814 0.03005 0.0201075 0.0102333 0.00284674 -0.000830584 -0.00119217 -0.000523688 -0.000711686 -0.00139528 -0.00132793 -7.06974e-05 0.00220216 0.00495389 0.00700317 0.0071015 0.00511007 0.00230223 0.000244085 -0.000687751 -0.00143252 -0.00282426 -0.00439957 -0.00495815 -0.00391643 -0.00125176 0.00379021 0.0125457 0.0241384 0.0336989 
0.0275735 0.0230763 0.0158938 0.00891985 0.0037075 0.00136927 0.00184805 0.00319446 0.00347972 0.0028444 0.00261639 0.00345568 0.00507368 0.00672014 0.00749021 0.00683082 0.00507729 0.00335577 0.00263442 0.00263878 0.00204998 5.79917e-05 -0.00269872 -0.0050345 -0.00633437 -0.00594893 -0.00222581 0.00615329 0.0172689 0.0258211 
0.0253451 0.0224361 0.0175265 0.0126282 0.00865077 0.00641321 0.00611 0.00655946 0.0063784 0.00559146 0.00520105 0.00570535 0.00668631 0.00736189 0.00718685 0.0062185 0.00510202 0.00466254 0.00522244 0.00599644 0.00547899 0.00291533 -0.000867359 -0.0044353 -0.00687892 -0.00724167 -0.00379893 0.00440854 0.0150845 0.0232078 
0.0258475 0.0248458 0.0218619 0.0181688 0.0143516 0.0110688 0.00881236 0.007362 0.0061353 0.00503922 0.00450554 0.00476908 0.00545836 0.00586163 0.00556699 0.0048943 0.00462442 0.00531928 0.00681733 0.00806928 0.00762527 0.004884 0.000862622 -0.00269157 -0.00460247 -0.00417075 -0.000552609 0.00658752 0.0155895 0.0228962 
0.0233141 0.0233788 0.0215251 0.018536 0.0147322 0.010499 0.00644201 0.00315996 0.000891109 -0.000414219 -0.000757715 -0.000131408 0.00111786 0.00223562 0.00269656 0.00282368 0.00344006 0.00496791 0.00702101 0.00856121 0.00838439 0.00607387 0.00266185 -0.000130133 -0.00119535 -0.000245097 0.00278707 0.00791861 0.0144234 0.0202497 
0.014495 0.0138951 0.0120276 0.00972093 0.00688631 0.00314726 -0.00130757 -0.00545578 -0.00827827 -0.00943634 -0.00901449 -0.00721764 -0.00457469 -0.00202993 -0.000287458 0.000867782 0.00219369 0.00406513 0.00618559 0.00783776 0.00815967 0.00675806 0.00427246 0.00184842 0.000228358 -0.000248503 0.000809854 0.00380344 0.00834064 0.0125811 
-0.00016728 -0.00260054 -0.00506516 -0.00617588 -0.00656104 -0.00787703 -0.0109055 -0.0145687 -0.0171198 -0.0176236 -0.0160582 -0.012848 -0.00876422 -0.00486451 -0.00192195 9.33622e-05 0.00169437 0.00323464 0.00478482 0.00618863 0.00691165 0.00632676 0.00429373 0.0010806 -0.00284261 -0.00643967 -0.00810024 -0.00671356 -0.00311732 -0.000151061 
-0.0170885 -0.0210505 -0.023651 -0.0228999 -0.0199207 -0.0176913 -0.0180643 -0.0200536 -0.0213779 -0.0207102 -0.0180492 -0.0139941 -0.00932905 -0.00492037 -0.00143096 0.000922351 0.0022554 0.00288724 0.00335064 0.00405571 0.00468347 0.00425105 0.00180824 -0.00306469 -0.00979037 -0.0164115 -0.0202932 -0.0200179 -0.0170976 -0.0152972 
-0.0311908 -0.0353787 -0.0371498 -0.0343764 -0.0284429 -0.0230172 -0.0205372 -0.0201423 -0.0194976 -0.0174088 -0.0141049 -0.010193 -0.00612534 -0.00228406 0.000914945 0.00302598 0.00375628 0.00335583 0.00267781 0.0024664 0.00248782 0.00152295 -0.0018286 -0.00819665 -0.0166491 -0.0247185 -0.0296954 -0.0304789 -0.0288327 -0.0283941 
-0.0391748 -0.0423771 -0.0426726 -0.0383449 -0.030761 -0.023394 -0.0185806 -0.0156812 -0.0129182 -0.0096792 -0.00641382 -0.00347585 -0.000781635 0.00182153 0.00417611 0.00571063 0.00586401 0.00478921 0.0033865 0.00241447 0.00164073 -0.0001271 -0.00424973 -0.0111839 -0.0197763 -0.0277526 -0.0330853 -0.0351459 -0.0353212 -0.036242 
-0.0412591 -0.0429399 -0.0416996 -0.0364069 -0.0282806 -0.0201227 -0.0137885 -0.00895621 -0.00470328 -0.00102612 0.00163233 0.00332641 0.00460068 0.00593894 0.0073328 0.00820889 0.0079624 0.00669286 0.00513228 0.00378655 0.00234572 -0.000147862 -0.00464976 -0.0113015 -0.0190652 -0.0263593 -0.0319519 -0.0353504 -0.037167 -0.0389013 
-0.0394805 -0.0396549 -0.0371261 -0.0311833 -0.0230016 -0.0148434 -0.0080706 -0.00255614 0.00202905 0.00542866 0.00738517 0.00821819 0.00860709 0.00907317 0.00964432 0.00985723 0.00927641 0.00806429 0.00674195 0.0054338 0.00362645 0.000589576 -0.00408875 -0.0101703 -0.0168796 -0.0234331 -0.0292177 -0.0335986 -0.0363581 -0.0381378 
-0.0356047 -0.0345575 -0.0310511 -0.0246567 -0.0167209 -0.00929356 -0.00329695 0.00153353 0.0054377 0.00824512 0.00986409 0.0105531 0.010748 0.0107896 0.0107281 0.0103165 0.00939327 0.00824724 0.00726321 0.00624522 0.00439547 0.00101951 -0.00383484 -0.00944468 -0.0150985 -0.0206306 -0.0260322 -0.0307086 -0.0338161 -0.0352837 
-0.0309482 -0.0291864 -0.0252226 -0.0188972 -0.0117285 -0.00558851 -0.00094539 0.00274353 0.00578364 0.00811835 0.00972986 0.010679 0.0110408 0.0109338 0.0104683 0.00964313 0.00850166 0.00736486 0.00654896 0.00576251 0.00404387 0.00059535 -0.00429124 -0.00942087 -0.0138898 -0.0178836 -0.0221034 -0.0264486 -0.0297637 -0.0311912 
-0.0271146 -0.0253476 -0.0217948 -0.0164635 -0.0106841 -0.00582839 -0.00192401 0.00153606 0.00452031 0.0067796 0.00831838 0.00923624 0.0095711 0.00938746 0.00882416 0.00797582 0.00688223 0.00572569 0.00477909 0.00390989 0.0022888 -0.000894885 -0.00530617 -0.00957339 -0.012674 -0.0149676 -0.017778 -0.0216854 -0.0254228 -0.0273044 
-0.0262478 -0.0250302 -0.0225659 -0.0188402 -0.0146689 -0.0106254 -0.00632872 -0.00169822 0.00238713 0.00507201 0.00628643 0.00652763 0.00635047 0.00604873 0.00567308 0.00514053 0.0042876 0.00308657 0.00179845 0.000575704 -0.00103848 -0.00363975 -0.00693418 -0.00982301 -0.0115874 -0.0127652 -0.0149294 -0.0189713 -0.0234449 -0.0260206 
-0.0299737 -0.0291312 -0.0272803 -0.0244641 -0.0212248 -0.0174602 -0.0123412 -0.00612345 -0.000540522 0.0027629 0.00347697 0.00262855 0.00162479 0.00116797 0.00110951 0.0009809 0.000344161 -0.000951194 -0.00258663 -0.00416314 -0.00574711 -0.00757 -0.00936805 -0.0106422 -0.0114227 -0.0125528 -0.0154179 -0.0205538 -0.0260995 -0.0293751 
-0.0369454 -0.0355022 -0.0325933 -0.0288463 -0.0252425 -0.0214413 -0.0160841 -0.00926866 -0.00306905 0.000305547 0.000274457 -0.0017158 -0.00351373 -0.00408998 -0.00384214 -0.0036516 -0.00418565 -0.00558765 -0.00741569 -0.00912015 -0.0105079 -0.0114929 -0.0118634 -0.0117901 -0.0121613 -0.0141488 -0.0186783 -0.0255185 -0.0323285 -0.036288 
-0.041236 -0.0383419 -0.0331049 -0.0272755 -0.0227237 -0.0190951 -0.0144736 -0.00849498 -0.00312817 -0.000731001 -0.00192647 -0.00496364 -0.00732093 -0.00791726 -0.00738285 -0.00686499 -0.00716735 -0.00841968 -0.0101094 -0.0116099 -0.012585 -0.0128258 -0.0122871 -0.0116334 -0.0122446 -0.0153256 -0.0212148 -0.0290591 -0.036496 -0.0408433 
-0.0353593 -0.0313717 -0.0246422 -0.0179311 -0.0136491 -0.0112033 -0.00821404 -0.00403439 -0.0005226 8.78751e-05 -0.00255343 -0.00641973 -0.0089921 -0.0094153 -0.00847232 -0.00732789 -0.00681716 -0.00720183 -0.00812435 -0.00897894 -0.00935453 -0.0091092 -0.00842856 -0.00812416 -0.00946913 -0.0131894 -0.0188901 -0.0255558 -0.0317029 -0.035417 
-0.0173133 -0.0136584 -0.00801839 -0.00326724 -0.00146817 -0.00150193 -0.000840437 0.0010357 0.00223766 0.000802793 -0.00314513 -0.00735986 -0.00961581 -0.0094691 -0.00777794 -0.00552552 -0.00347912 -0.00215412 -0.00158416 -0.00133599 -0.000991867 -0.000519354 -0.000222222 -0.000754721 -0.00292661 -0.00663321 -0.0105542 -0.0137702 -0.0163578 -0.0179464 
0.00586541 0.00766239 0.00981637 0.0105262 0.00880335 0.00612257 0.00453935 0.00408069 0.00290173 -0.000458482 -0.00529203 -0.00924375 -0.01058 -0.0093744 -0.00658608 -0.00300986 0.000725036 0.00393161 0.00616185 0.00757113 0.00856105 0.00919938 0.00924063 0.00819759 0.00560743 0.0023403 0.000657471 0.0014951 0.00334918 0.00473025 
0.0233557 0.0220794 0.0197355 0.0164243 0.012401 0.00885815 0.00660641 0.00488951 0.00205377 -0.00267396 -0.00795486 -0.0113308 -0.0115245 -0.00911291 -0.00527727 -0.000784689 0.00390652 0.00817249 0.0113342 0.0132963 0.0145266 0.015344 0.0156366 0.0148994 0.0127355 0.0103766 0.0105497 0.0142412 0.0192269 0.0226328 
0.0291543 0.0241503 0.0176174 0.0116391 0.00756268 0.00581527 0.00548645 0.0048083 0.00216698 -0.00276978 -0.00818501 -0.0113089 -0.01089 -0.00777916 -0.003489 0.00105924 0.00558355 0.0097026 0.0126848 0.0142733 0.0150769 0.0157416 0.0163067 0.016311 0.0154681 0.0149027 0.016833 0.0217882 0.0273914 0.0304347 
0.0253184 0.0174119 0.00796011 0.000469329 -0.00255118 -0.00107076 0.00252219 0.00530625 0.00513875 0.00138674 -0.00406429 -0.00783671 -0.00799918 -0.00523903 -0.0014018 0.00232917 0.00581844 0.00893845 0.0109481 0.0114577 0.0111306 0.0108226 0.0108442 0.0111988 0.0120135 0.0139699 0.0179178 0.0233026 0.027826 0.0289748 
0.0193034 0.0109344 0.000170758 -0.00870889 -0.0116144 -0.00774389 -5.49759e-05 0.00733992 0.0110417 0.00931176 0.00364549 -0.00182909 -0.00392515 -0.0026937 -0.000174922 0.00214852 0.0041963 0.00600861 0.00682503 0.00607896 0.00426707 0.00229962 0.000966193 0.00102991 0.00302359 0.00708093 0.0127766 0.0186351 0.0226059 0.0231605 
0.0185781 0.0121037 0.00120159 -0.00942313 -0.0139093 -0.00971041 0.000566392 0.0117067 0.0186953 0.0184446 0.0119135 0.0038935 -0.00106915 -0.00213844 -0.00135389 -0.000494983 0.000281627 0.00111322 0.00126273 -5.79755e-05 -0.0027428 -0.00598459 -0.0085287 -0.00907572 -0.00703083 -0.0024846 0.00397364 0.0108855 0.0164961 0.0195569 
0.0247213 0.0207869 0.0105675 -0.00110771 -0.00730887 -0.00394981 0.00688108 0.0190765 0.0265227 0.0255587 0.0169828 0.00598013 -0.00197597 -0.00528611 -0.0058772 -0.00579351 -0.00535962 -0.00436539 -0.00345205 -0.00361942 -0.00530402 -0.00815244 -0.0110013 -0.0125351 -0.0120493 -0.0089554 -0.00275923 0.00573583 0.0146217 0.0218366 
0.0326598 0.0301458 0.0214802 0.0109974 0.0051786 0.00825922 0.0180025 0.0278151 0.0319148 0.0276327 0.0162065 0.00269569 -0.00731692 -0.0118712 -0.0127788 -0.0122816 -0.0108671 -0.00823116 -0.00484103 -0.0017944 -9.2113e-05 -0.00036617 -0.00249917 -0.0056131 -0.00824722 -0.00802219 -0.00276531 0.00707416 0.0185284 0.0281227 
0.0360976 0.0330325 0.0264441 0.0194896 0.0165948 0.0204161 0.0278619 0.0326713 0.0310371 0.0225804 0.00918347 -0.00496687 -0.015081 -0.0192801 -0.0192658 -0.0173552 -0.0141202 -0.00911858 -0.00254768 0.00463256 0.0110668 0.0148917 0.0145153 0.0100629 0.00412489 0.00125951 0.00509661 0.0148424 0.0259112 0.033761 
0.0315115 0.0264343 0.0218049 0.0193333 0.0204582 0.025178 0.0295661 0.0287868 0.0219098 0.0109527 -0.00197197 -0.014191 -0.022301 -0.024752 -0.0230341 -0.0193653 -0.0143567 -0.00747509 0.00138428 0.0116237 0.02192 0.0296051 0.0316557 0.0273579 0.0198713 0.0150128 0.0169912 0.0243869 0.0315892 0.0341104 
0.0191596 0.0126672 0.00979103 0.0110958 0.0154214 0.0203604 0.021796 0.0169764 0.00756573 -0.00300687 -0.0131069 -0.021765 -0.0269482 -0.0273076 -0.0238976 -0.01871 -0.0125098 -0.00489336 0.00444594 0.015316 0.0266948 0.0359093 0.0395772 0.0364495 0.0292913 0.0236622 0.0234128 0.0268735 0.0288193 0.0258853 
0.0044637 -0.000136992 -0.00108658 0.00178077 0.00670938 0.0105926 0.00983293 0.00344086 -0.00552477 -0.0135889 -0.0201719 -0.0256637 -0.0287532 -0.0278313 -0.0233407 -0.0171343 -0.0104078 -0.00314521 0.00505238 0.0142916 0.0237993 0.0314006 0.0343427 0.0313358 0.0242743 0.0177 0.0149699 0.0149891 0.0140898 0.0102186 
-0.00332026 -0.00159771 -0.000509882 0.000673595 0.00251057 0.00360649 0.00130519 -0.00472831 -0.0115961 -0.0169459 -0.0214261 -0.0259859 -0.0290368 -0.028221 -0.0234476 -0.0167419 -0.00998935 -0.00364856 0.00277088 0.00953099 0.0158577 0.0200833 0.0204179 0.0157876 0.00724147 -0.00151589 -0.00692446 -0.00847523 -0.00761108 -0.00557958 
0.00191654 0.0122544 0.0146353 0.0111543 0.00684655 0.00388124 0.000741243 -0.00349737 -0.0076578 -0.0114073 -0.0163814 -0.0230337 -0.0285308 -0.0294581 -0.025397 -0.0188186 -0.0123614 -0.00685618 -0.00169903 0.00336281 0.00736175 0.00903775 0.00750253 0.00178146 -0.00813452 -0.0194368 -0.0278319 -0.0301583 -0.024843 -0.0126385 
0.0169254 0.0343988 0.0367535 0.0274843 0.0161828 0.00916868 0.00644416 0.0058263 0.00542703 0.00271332 -0.00466602 -0.0157999 -0.025958 -0.0304409 -0.0284767 -0.0229461 -0.0170879 -0.0119534 -0.00689432 -0.00186167 0.00193018 0.00362788 0.0030848 -0.000889956 -0.00989614 -0.0226866 -0.0344227 -0.0386493 -0.0299947 -0.00864011 
0.0336172 0.0547724 0.056218 0.0420615 0.024793 0.0143754 0.0128352 0.0169271 0.0212933 0.0201892 0.0105451 -0.00533548 -0.0208884 -0.0300285 -0.031298 -0.0275873 -0.0223916 -0.0168654 -0.0105348 -0.0038458 0.00164561 0.00536251 0.00754296 0.00657015 -0.000580392 -0.0141019 -0.0288301 -0.0354191 -0.0252574 0.00163481 
0.048967 0.0709231 0.0709496 0.0532226 0.031403 0.0177768 0.0161139 0.0227843 0.0303081 0.0309182 0.0208655 0.00274237 -0.0162677 -0.0291406 -0.0334044 -0.0313189 -0.0261031 -0.0189266 -0.00989183 -0.000418899 0.00733882 0.0128228 0.0162947 0.0158983 0.00844601 -0.00618904 -0.0222299 -0.0288277 -0.0163118 0.0142113 
0.0619914 0.0829685 0.0812348 0.0613342 0.0369218 0.0204324 0.0159926 0.0204329 0.0268409 0.0279001 0.0195919 0.0032538 -0.0152641 -0.0290827 -0.0347052 -0.0331515 -0.0268033 -0.0168035 -0.00428112 0.00792786 0.0169621 0.0223704 0.024614 0.0221062 0.0125305 -0.00315577 -0.0185835 -0.022784 -0.00679556 0.0264984 
0.0652024 0.0836986 0.0811495 0.062511 0.0396621 0.0224141 0.0138664 0.0124271 0.01425 0.014477 0.00926374 -0.002207 -0.0167898 -0.0288079 -0.0340695 -0.0320976 -0.0241478 -0.0114012 0.0037461 0.0170596 0.025381 0.0290513 0.0295092 0.0258338 0.0160948 0.00118019 -0.0131072 -0.0163587 -0.000106805 0.032124 
0.056215 0.0707047 0.0693497 0.0567225 0.0404657 0.0255918 0.0138296 0.00615509 0.00281828 0.00188075 -0.000260708 -0.00648922 -0.0163111 -0.02557 -0.0298355 -0.0273537 -0.0183889 -0.00433176 0.0112399 0.0231896 0.0287664 0.0298906 0.0297324 0.028051 0.0219368 0.0102344 -0.00303397 -0.00811883 0.00371787 0.0296844 
0.0558841 0.0651266 0.0641844 0.0577827 0.0488001 0.0371752 0.0234093 0.0107888 0.00296974 0.000352285 -0.000506684 -0.00386085 -0.0108294 -0.0183707 -0.0221622 -0.019703 -0.0107214 0.00300885 0.0170741 0.0260262 0.0278773 0.0262277 0.025991 0.0273869 0.0260476 0.0186899 0.00820456 0.00408317 0.0145383 0.036047 
0.0981913 0.10049 0.0920383 0.0824651 0.0739365 0.0628325 0.047343 0.0307165 0.0182024 0.0119906 0.00914027 0.00489716 -0.00242542 -0.010296 -0.0146146 -0.0127212 -0.00441584 0.00805629 0.0199788 0.0260833 0.0249606 0.0210877 0.0202398 0.022889 0.0242909 0.0213146 0.0182133 0.0252723 0.0482927 0.0782946 
0.196587 0.188642 0.158933 0.129952 0.110752 0.096282 0.0795452 0.0598348 0.0419198 0.0297521 0.0217408 0.0133867 0.00299147 -0.00694015 -0.0124549 -0.0112818 -0.00391202 0.00699193 0.0170988 0.0218405 0.0200798 0.0160416 0.0150781 0.0176379 0.0200794 0.0220012 0.0314476 0.0608661 0.112638 0.167516 
0.319387 0.29851 0.238032 0.177942 0.140121 0.120183 0.103736 0.0830143 0.060707 0.0424736 0.0286589 0.0153898 0.00113204 -0.0112829 -0.0179068 -0.0172554 -0.010859 -0.00151565 0.00753318 0.0129372 0.013694 0.0129344 0.0145105 0.0183268 0.0222979 0.0296621 0.0529238 0.107262 0.192223 0.277609 
0.400726 0.369722 0.28472 0.198035 0.143375 0.118936 0.104574 0.0858536 0.0628861 0.0422515 0.0257936 0.0101248 -0.00621351 -0.0199839 -0.0270954 -0.0267403 -0.0212209 -0.0130554 -0.00404857 0.00383558 0.00960253 0.0148504 0.0214422 0.0283088 0.0343157 0.0453111 0.0767002 0.145141 0.248768 0.351735 
