0.283787 0.294527 0.239774 0.151748 0.0677279 0.0112044 -0.0136635 -0.0157861 -0.00752656 0.000331585 0.00215348 -0.00148782 -0.00705021 -0.0114295 -0.0134845 -0.014015 -0.0141363 -0.0133045 -0.00992456 -0.00380791 0.00473151 0.0179699 0.0386644 0.062715 0.0765234 0.0695825 0.0536207 0.0614793 0.11835 0.20982 
0.258043 0.251316 0.192394 0.115439 0.0522554 0.0183025 0.00906926 0.0108738 0.0136926 0.0127788 0.00712933 -0.00105555 -0.00884713 -0.0142735 -0.0166953 -0.0171505 -0.0173042 -0.0171257 -0.0146194 -0.00852707 0.000984304 0.0148482 0.0343682 0.0556019 0.0668812 0.0595274 0.0459061 0.0583863 0.117967 0.202284 
0.198782 0.180337 0.129012 0.0751638 0.0412093 0.0328956 0.03807 0.0407164 0.0351424 0.0236608 0.0100153 -0.00247804 -0.0120683 -0.0182194 -0.0208703 -0.0212482 -0.0214401 -0.0218193 -0.0199226 -0.0134135 -0.00272049 0.0109696 0.0272833 0.0434091 0.0514533 0.0455345 0.0362119 0.0500565 0.101498 0.166094 
0.132458 0.1137 0.0769818 0.0461898 0.0358788 0.0446176 0.0563826 0.0564308 0.0440807 0.0264993 0.00924596 -0.00494849 -0.0153163 -0.0218853 -0.0247597 -0.0250683 -0.0248017 -0.0245425 -0.0220053 -0.0147891 -0.00401859 0.00759697 0.0191481 0.0294368 0.0339174 0.0291714 0.0231023 0.0344564 0.0718787 0.115309 
0.085805 0.0752366 0.0515143 0.0332543 0.0322445 0.0449532 0.0557098 0.0530996 0.0396574 0.023099 0.00725133 -0.00655928 -0.0171662 -0.0238667 -0.0267882 -0.0269135 -0.0255787 -0.0233635 -0.0190517 -0.0113478 -0.00190085 0.00665447 0.0142031 0.0206649 0.0227638 0.0179841 0.0119102 0.0175438 0.0416027 0.0717383 
0.0679083 0.066511 0.0498755 0.0331299 0.0288113 0.0358108 0.04212 0.0395307 0.0303337 0.0189663 0.00625669 -0.00677952 -0.0172357 -0.0233639 -0.0257283 -0.0254478 -0.0230662 -0.0189728 -0.0131792 -0.00563956 0.00207344 0.00839512 0.0145419 0.0211756 0.0243714 0.0199833 0.0114379 0.0100681 0.0247669 0.0499206 
0.069918 0.0740517 0.060404 0.0402175 0.0267549 0.0238916 0.0254784 0.0254596 0.0227619 0.0167697 0.00631104 -0.00622925 -0.015976 -0.020786 -0.0220713 -0.0213657 -0.01872 -0.0141846 -0.00824104 -0.00124699 0.0055493 0.01105 0.0172945 0.0261848 0.0332286 0.0313351 0.0216087 0.0158162 0.0256381 0.0489756 
0.0756124 0.0830999 0.0729069 0.0509912 0.0296304 0.0175293 0.0148332 0.017267 0.0197552 0.0170944 0.00742113 -0.00497193 -0.0139056 -0.0174489 -0.0178332 -0.0170729 -0.015129 -0.0116916 -0.0068442 -0.000407867 0.00663848 0.0125109 0.0189312 0.0293029 0.040032 0.0421052 0.0342352 0.0276004 0.0346158 0.0549922 
0.0705234 0.0826507 0.0792475 0.0611489 0.0381441 0.0208874 0.0142959 0.0166741 0.0209452 0.0191525 0.00930444 -0.00317317 -0.0117273 -0.0147087 -0.0147228 -0.0141774 -0.0132713 -0.0115138 -0.00840265 -0.0029795 0.0042289 0.0108448 0.0176197 0.0284037 0.0409278 0.045976 0.0402384 0.0327124 0.0354018 0.0508554 
0.0507921 0.0686697 0.0739268 0.0638825 0.0451967 0.027345 0.0179139 0.0184489 0.0220963 0.0199931 0.0101863 -0.0019344 -0.0103042 -0.0132787 -0.0131947 -0.0126819 -0.0123614 -0.0118221 -0.0104089 -0.00687972 -0.0010715 0.00520203 0.0120587 0.0223732 0.0344115 0.0400749 0.0349867 0.0251624 0.0218025 0.0314758 
0.0256591 0.0471474 0.0591356 0.0565894 0.0432891 0.026829 0.0163553 0.015965 0.0193253 0.0174953 0.00883279 -0.00190418 -0.00968305 -0.0127149 -0.0126157 -0.0119625 -0.0117622 -0.0118492 -0.0118143 -0.010614 -0.00742589 -0.00276146 0.00341088 0.0122736 0.0219178 0.0264602 0.0220665 0.0115866 0.00375236 0.00790272 
0.00755482 0.0289825 0.0435006 0.044152 0.0327827 0.0166756 0.00658939 0.00760299 0.0125986 0.012301 0.00568556 -0.00286207 -0.00938199 -0.0121602 -0.0121201 -0.0115056 -0.0115119 -0.0122437 -0.0135071 -0.0143617 -0.0134296 -0.0100546 -0.00421814 0.00333076 0.00993444 0.0123345 0.00902464 0.000805023 -0.00757348 -0.00706806 
0.00414898 0.0234497 0.0362516 0.0346795 0.0203466 0.00221708 -0.00717665 -0.00326051 0.00477985 0.00675625 0.00227297 -0.00406912 -0.00898824 -0.0111824 -0.0112622 -0.0110089 -0.0115439 -0.0130938 -0.0154142 -0.0173298 -0.017004 -0.0132277 -0.00645033 0.000551325 0.00404229 0.00309514 -0.000357348 -0.00522713 -0.0100124 -0.00871547 
0.0171484 0.0339578 0.0414407 0.0330669 0.01232 -0.00920965 -0.0178426 -0.0105617 0.000972355 0.00529651 0.00221027 -0.00308544 -0.00723981 -0.00928844 -0.00984114 -0.0102746 -0.0114581 -0.0135702 -0.0162247 -0.0179391 -0.0165119 -0.0107558 -0.00232553 0.00387979 0.00340599 -0.00227939 -0.00731132 -0.0083855 -0.00564029 0.00225295 
0.0368014 0.0506513 0.0513263 0.0356571 0.00961123 -0.0135495 -0.0203559 -0.00975302 0.00480642 0.010887 0.00798109 0.00185134 -0.00336172 -0.00649938 -0.00815492 -0.0094376 -0.0110374 -0.0131915 -0.0156456 -0.0168704 -0.0142499 -0.00652138 0.00325815 0.00811369 0.00339382 -0.00687265 -0.0132133 -0.0100038 0.00163358 0.0183334 
0.0454633 0.0555505 0.0523214 0.0352316 0.010211 -0.010374 -0.0143724 -0.00204025 0.0130712 0.0189007 0.0148975 0.00708489 0.000217074 -0.00432905 -0.00706818 -0.00883874 -0.0102748 -0.0119088 -0.0139812 -0.0153253 -0.0129262 -0.00487675 0.00513087 0.00877141 0.00158292 -0.0105186 -0.0163091 -0.00977371 0.00673079 0.0271412 
0.0387642 0.0446902 0.04267 0.0319408 0.0144552 -0.000925387 -0.00345564 0.00688542 0.0183346 0.0209301 0.0151449 0.00693558 0.00035838 -0.00401049 -0.0067943 -0.00833754 -0.0090597 -0.00975667 -0.0111999 -0.0127702 -0.0113512 -0.00443838 0.00430676 0.00650874 -0.00122333 -0.011814 -0.0146504 -0.0059687 0.00983269 0.0262638 
0.0310479 0.0335984 0.035277 0.033144 0.0237015 0.0117665 0.00739666 0.0121938 0.0170911 0.0150154 0.00808511 0.00171284 -0.00208254 -0.00447157 -0.00636742 -0.00740639 -0.00744376 -0.00724334 -0.00785119 -0.00901769 -0.00793015 -0.00238109 0.00387003 0.003543 -0.00447832 -0.0118933 -0.00973816 0.00204688 0.0160713 0.0260429 
0.0321227 0.0340544 0.0390826 0.0415741 0.0348193 0.0221046 0.0137956 0.012906 0.0123887 0.00725687 0.000639819 -0.00296616 -0.0035901 -0.00389839 -0.00502139 -0.00594842 -0.00580497 -0.00506051 -0.00479788 -0.00498271 -0.003498 0.00082547 0.00409138 0.000712933 -0.00795673 -0.0125075 -0.00529984 0.0105462 0.0247477 0.0311033 
0.033896 0.0382241 0.0459826 0.0488062 0.0400199 0.0246647 0.0138341 0.0106265 0.00862116 0.00343569 -0.00192752 -0.00371959 -0.00281353 -0.00231823 -0.00335361 -0.00454728 -0.00449813 -0.00333983 -0.0020879 -0.00101111 0.00105052 0.00430536 0.00525863 9.45926e-06 -0.00881886 -0.0119471 -0.00281164 0.0141344 0.0278136 0.0328428 
0.0261953 0.0330212 0.0428542 0.0451717 0.0345794 0.0186312 0.00855435 0.00652018 0.0060706 0.00272551 -0.00119504 -0.00232073 -0.00133932 -0.00103377 -0.00232827 -0.0037202 -0.00361982 -0.00194342 0.00039395 0.00276977 0.00549385 0.00832911 0.00858358 0.00359065 -0.00411495 -0.00699547 -0.000119974 0.012491 0.0219289 0.0247004 
0.0122437 0.0190679 0.0293888 0.0319695 0.022096 0.00813638 0.000553486 0.000640067 0.00217665 0.000837061 -0.00160506 -0.00207452 -0.000970133 -0.000699041 -0.00198442 -0.00327581 -0.00297418 -0.000879519 0.00223844 0.00560744 0.0091047 0.0123997 0.0134135 0.0100839 0.00426767 0.00121096 0.00391086 0.00957937 0.0128345 0.0120911 
0.00108879 0.00617452 0.0151366 0.0178131 0.00986292 -0.0013504 -0.00691017 -0.00590533 -0.00358552 -0.00354912 -0.00441274 -0.0036979 -0.0018656 -0.00108929 -0.00192046 -0.00283497 -0.00233751 -0.000172051 0.00313171 0.00698612 0.0112272 0.0154736 0.017774 0.0160129 0.0112814 0.00732201 0.00618425 0.00647439 0.00549641 0.00249352 
-0.00583452 -0.00235373 0.00450972 0.00710848 0.00177491 -0.00637449 -0.0107941 -0.0104746 -0.00870083 -0.00782271 -0.00708808 -0.00514609 -0.00270417 -0.00149913 -0.00178735 -0.00221808 -0.00160639 0.000263763 0.00318814 0.00702279 0.011749 0.0167904 0.0199179 0.0186032 0.0133346 0.00742592 0.00325961 0.000751566 -0.00148189 -0.00434088 
-0.0125761 -0.01035 -0.00518536 -0.00163741 -0.00283495 -0.00686131 -0.0101165 -0.0111393 -0.0105976 -0.00934057 -0.00740704 -0.00478224 -0.00235749 -0.00118664 -0.00115432 -0.00121742 -0.00064365 0.000669877 0.00283623 0.00620049 0.0108641 0.0158742 0.0186642 0.0166433 0.0102037 0.00259184 -0.00341583 -0.00716995 -0.00950482 -0.0115205 
-0.0195309 -0.018577 -0.0146419 -0.00965225 -0.00635153 -0.00582963 -0.00728675 -0.00907798 -0.00974862 -0.00871075 -0.00630329 -0.003438 -0.00120392 -0.000190909 -4.57428e-05 1.28075e-05 0.000378956 0.0010802 0.00245475 0.00516521 0.00926543 0.0133618 0.0148647 0.0118821 0.00521731 -0.00232044 -0.00849903 -0.0128226 -0.0158189 -0.0181329 
-0.0225162 -0.022585 -0.0201779 -0.0154301 -0.0100587 -0.00648162 -0.00591253 -0.00741744 -0.00880846 -0.00837476 -0.00599089 -0.00287421 -0.000465581 0.000622946 0.000792772 0.000758065 0.000839607 0.00109018 0.00195559 0.00415983 0.00756454 0.0105251 0.0108913 0.00785219 0.00250935 -0.00339336 -0.00879115 -0.0135146 -0.0175635 -0.0206703 
-0.0192766 -0.0201386 -0.0201995 -0.0180241 -0.0135426 -0.00900112 -0.00686033 -0.00749175 -0.00903462 -0.0090949 -0.00683324 -0.00344329 -0.000694449 0.00060163 0.000795784 0.000615755 0.000460107 0.000482063 0.00113618 0.00297457 0.0056304 0.00763103 0.00772029 0.00598187 0.00306478 -0.000944628 -0.0059497 -0.0111708 -0.0154455 -0.0180081 
-0.0135308 -0.0154486 -0.0184138 -0.0192544 -0.016331 -0.0116838 -0.00864097 -0.0085573 -0.00992571 -0.0100285 -0.00771521 -0.00423995 -0.00145189 -0.000106413 0.000135991 -8.3296e-05 -0.000355258 -0.000427856 0.000115472 0.0015374 0.00330177 0.00447248 0.00488318 0.00510176 0.00471778 0.00202271 -0.00333761 -0.00909588 -0.0125857 -0.0133429 
-0.0108811 -0.0140209 -0.0189105 -0.0211821 -0.0187707 -0.0140335 -0.0106938 -0.0102684 -0.0112238 -0.0108393 -0.00820231 -0.00479574 -0.00229874 -0.00111179 -0.000811893 -0.000942241 -0.00122835 -0.00139176 -0.00105436 -0.000170698 0.000705434 0.0012083 0.00194556 0.00356192 0.00471896 0.00259931 -0.00318401 -0.00914722 -0.0116939 -0.0110495 
-0.0129661 -0.0166826 -0.0216584 -0.0236428 -0.0211553 -0.0166933 -0.0135414 -0.0128078 -0.0129866 -0.0117753 -0.00873374 -0.00545526 -0.00329007 -0.0022596 -0.00186997 -0.00185549 -0.00212316 -0.00244009 -0.0024694 -0.00222337 -0.00209936 -0.00208775 -0.00137496 0.000473614 0.00178577 -0.000309157 -0.00600085 -0.0115901 -0.0135723 -0.0127066 
-0.0168059 -0.0200505 -0.023821 -0.0250071 -0.0228634 -0.0193289 -0.0166123 -0.0153779 -0.0145524 -0.0125784 -0.00936805 -0.00630868 -0.00437081 -0.00338258 -0.00288505 -0.00275051 -0.00300903 -0.00350583 -0.00397573 -0.00439663 -0.00491068 -0.00529563 -0.0049 -0.00358989 -0.00288878 -0.0050833 -0.0101672 -0.0149727 -0.016666 -0.0161678 
-0.018698 -0.0209434 -0.0233896 -0.0241738 -0.0228996 -0.0205587 -0.0182941 -0.0165889 -0.0150023 -0.0126934 -0.00969006 -0.00697453 -0.00520216 -0.00421569 -0.00367958 -0.00352958 -0.0038315 -0.00450891 -0.00539053 -0.00640118 -0.00743108 -0.00812104 -0.00805432 -0.00733778 -0.00717713 -0.00921266 -0.013382 -0.0172151 -0.0185243 -0.0181719 
-0.0176983 -0.0190352 -0.0206139 -0.0213802 -0.0210029 -0.0196708 -0.0178441 -0.0160376 -0.0142896 -0.012171 -0.00966148 -0.00735255 -0.00569714 -0.00468519 -0.00416923 -0.00411823 -0.00456622 -0.00546767 -0.00670996 -0.00815875 -0.00952822 -0.0103975 -0.0105388 -0.010192 -0.0102327 -0.0118068 -0.0149341 -0.017726 -0.0183767 -0.0176643 
-0.0149024 -0.0155329 -0.0166066 -0.017458 -0.0178147 -0.0173703 -0.016141 -0.0146758 -0.0132554 -0.0116 -0.00962426 -0.00766538 -0.00604315 -0.00490954 -0.00434992 -0.00441392 -0.00508427 -0.0062616 -0.00781034 -0.00952966 -0.0110373 -0.011929 -0.0121703 -0.0121029 -0.0122536 -0.0133065 -0.0154151 -0.0172025 -0.0170369 -0.0155877 
-0.0112903 -0.0113568 -0.0121663 -0.0132091 -0.0143568 -0.0149929 -0.0146661 -0.0137942 -0.0127597 -0.0114185 -0.00976129 -0.00801137 -0.00635111 -0.00502199 -0.00432766 -0.00444071 -0.00530928 -0.00673204 -0.00850078 -0.0103564 -0.0118447 -0.0125935 -0.0128286 -0.0130902 -0.0135412 -0.014266 -0.0154653 -0.0162835 -0.0152236 -0.0128257 
-0.00743303 -0.00713213 -0.00787804 -0.00922628 -0.0112502 -0.0131167 -0.01386 -0.0136075 -0.0127908 -0.0115143 -0.00997072 -0.0083251 -0.00661523 -0.00511817 -0.00428805 -0.00438458 -0.00533596 -0.00687701 -0.00876541 -0.0107028 -0.0121329 -0.0126749 -0.0128503 -0.0134993 -0.0144377 -0.0150287 -0.0154015 -0.0152116 -0.0131617 -0.00975286 
-0.00399134 -0.00352186 -0.00414801 -0.00555241 -0.00817127 -0.0110999 -0.0128606 -0.0132005 -0.0125913 -0.0114095 -0.0100029 -0.00846526 -0.00674383 -0.00515559 -0.00423896 -0.00427996 -0.00519542 -0.00673218 -0.00868745 -0.0107343 -0.0121886 -0.0126285 -0.0128169 -0.0138526 -0.015215 -0.0155985 -0.0151081 -0.0139093 -0.0109448 -0.0067648 
-0.00171409 -0.00108399 -0.00115879 -0.00194945 -0.00457403 -0.00827683 -0.0110191 -0.0120405 -0.0118146 -0.0109258 -0.00977857 -0.00839813 -0.00670387 -0.00506517 -0.00408284 -0.00405989 -0.00492182 -0.00645837 -0.00850034 -0.0106768 -0.012221 -0.0127055 -0.0130328 -0.0144013 -0.0159467 -0.0158666 -0.0144274 -0.0123776 -0.00890326 -0.0045142 
-0.000644847 0.000319612 0.00124269 0.00158331 -0.000627102 -0.00489701 -0.00861477 -0.0104299 -0.0107323 -0.0102587 -0.00946921 -0.00833211 -0.00671881 -0.00503782 -0.00397879 -0.00390016 -0.00476646 -0.00638405 -0.00850205 -0.0106557 -0.0121327 -0.0126519 -0.0131925 -0.0148826 -0.0165276 -0.015943 -0.0135714 -0.0108181 -0.00725535 -0.00320394 
0.000545811 0.0018938 0.00374702 0.00505719 0.00328594 -0.00126471 -0.00564694 -0.00808986 -0.00887437 -0.00888771 -0.00867544 -0.00806453 -0.00674889 -0.00514701 -0.00407674 -0.0039784 -0.00486932 -0.00653129 -0.00851032 -0.0102385 -0.0112807 -0.0117168 -0.012544 -0.0146581 -0.0165994 -0.015807 -0.0125834 -0.00895275 -0.0052608 -0.00170617 
0.00289836 0.00445748 0.00672047 0.00841122 0.00702243 0.00277623 -0.00152742 -0.00405218 -0.00503212 -0.00556477 -0.00626478 -0.00663771 -0.00604826 -0.00488831 -0.00407886 -0.00409889 -0.00498613 -0.00645873 -0.00785265 -0.00864634 -0.00893879 -0.00927066 -0.0104906 -0.0131107 -0.0155551 -0.0149448 -0.0110488 -0.00631661 -0.0022172 0.000945529 
0.0049231 0.00650015 0.00879527 0.0105595 0.00977783 0.00660394 0.00325069 0.00133525 0.000606384 -0.000293066 -0.00201061 -0.00362557 -0.00411987 -0.0037981 -0.00357185 -0.00387782 -0.00471763 -0.00570397 -0.00605019 -0.00550575 -0.00486381 -0.00505929 -0.00661175 -0.00959345 -0.0125243 -0.0124615 -0.00851966 -0.00324482 0.000878421 0.00340714 
0.0040983 0.00541541 0.00774201 0.00989176 0.0103249 0.00901706 0.00738086 0.00661865 0.00643747 0.00536386 0.00282048 8.74757e-05 -0.00150824 -0.00210591 -0.00249429 -0.003048 -0.00372256 -0.00401489 -0.00308256 -0.000987368 0.000826257 0.00105308 -0.000547068 -0.00363984 -0.00690786 -0.00767348 -0.00467656 -0.000277177 0.00257648 0.00356735 
-9.37124e-05 0.000600063 0.00325232 0.00651682 0.0089353 0.0102048 0.0108921 0.0115169 0.0117089 0.0102811 0.00699649 0.00335214 0.000829618 -0.00047621 -0.00116595 -0.00162308 -0.00184733 -0.00131288 0.00082983 0.00441107 0.00759149 0.00861525 0.00724668 0.00417847 0.000744797 -0.000839787 0.00052328 0.00270672 0.00289071 0.00120265 
-0.00639344 -0.00629226 -0.00266359 0.00257487 0.00757151 0.0117176 0.0148166 0.0165296 0.0164336 0.014098 0.00993259 0.00548275 0.00218901 0.000432969 -0.000149498 -5.84548e-05 0.000500186 0.00189113 0.00487294 0.00942013 0.0137126 0.0156387 0.0147589 0.0119697 0.00871386 0.00666187 0.00626294 0.00552736 0.00223102 -0.00280574 
-0.0131744 -0.0131311 -0.00778561 0.000120359 0.0079028 0.0145046 0.0191713 0.0209671 0.0197092 0.016034 0.0110433 0.00606901 0.00227811 0.000312031 5.67099e-05 0.000831022 0.00212109 0.00402816 0.00718777 0.0119234 0.0168392 0.0196874 0.0196743 0.0175808 0.0148216 0.0125901 0.010595 0.0069464 0.000298787 -0.00772529 
-0.0178151 -0.0171316 -0.00987311 0.000543913 0.0103623 0.0179891 0.0225621 0.0231847 0.0202594 0.0153861 0.0100317 0.00508285 0.00128926 -0.000609313 -0.000594326 0.000463616 0.00182362 0.00347921 0.0061466 0.0107305 0.0164662 0.0207817 0.0219508 0.0203011 0.0174072 0.0146109 0.0114232 0.00596976 -0.0025261 -0.0118693 
-0.0171132 -0.0146629 -0.0059133 0.0053302 0.0146525 0.0206147 0.0231925 0.0220831 0.0180201 0.0127798 0.00764023 0.00312811 -0.000225466 -0.00176643 -0.00163584 -0.000913707 -0.000325354 0.000383218 0.00234018 0.00719169 0.0147634 0.0215289 0.0237038 0.0208149 0.0155834 0.0111034 0.0076382 0.00269811 -0.00500597 -0.0129976 
-0.00941214 -0.00327128 0.00629172 0.0151452 0.0196675 0.0204745 0.0196786 0.0174794 0.0137752 0.00933951 0.00488138 0.000972118 -0.00168603 -0.00268172 -0.00260368 -0.00267522 -0.00329323 -0.00363165 -0.00202697 0.00374545 0.0139023 0.0235823 0.0259896 0.0194081 0.0090241 0.00180423 -0.000485088 -0.00219542 -0.00640064 -0.0101917 
0.00448106 0.0164814 0.0260825 0.0286589 0.0237891 0.0167505 0.0125376 0.0106725 0.00866778 0.0057058 0.00221278 -0.000840398 -0.00260092 -0.00313028 -0.00344862 -0.00458911 -0.00635851 -0.00736082 -0.00564108 0.00113879 0.0133764 0.0252925 0.0273132 0.0162119 -6.53928e-05 -0.00991462 -0.00999082 -0.0070928 -0.00637754 -0.00400523 
0.0198792 0.0384955 0.0473382 0.0411223 0.0248691 0.0102118 0.00436114 0.00439722 0.00454193 0.00285916 0.000296376 -0.00172795 -0.0026764 -0.003222 -0.00444067 -0.00677269 -0.00943712 -0.0107652 -0.00887079 -0.00181494 0.0107365 0.0232426 0.0253186 0.0126115 -0.00594313 -0.016399 -0.0146808 -0.00882969 -0.00464055 0.00324391 
0.0289367 0.0516525 0.0590357 0.0451606 0.0204191 0.00183892 -0.00269341 0.000663179 0.00310013 0.00232501 0.000343179 -0.00107728 -0.00194263 -0.00329438 -0.00583533 -0.00935236 -0.0127938 -0.0145188 -0.0128542 -0.00662315 0.00407251 0.0152035 0.0185512 0.00972524 -0.00432617 -0.0117103 -0.00930579 -0.00441899 -0.00110579 0.00802719 
0.0275927 0.0496368 0.0555225 0.0388341 0.01214 -0.00550926 -0.00651247 0.000740092 0.00544167 0.00522417 0.00308327 0.00118873 -0.000678027 -0.00352494 -0.00759673 -0.0123192 -0.0167076 -0.019297 -0.0185771 -0.0140629 -0.00640024 0.00243478 0.00823837 0.00757043 0.00335292 0.00209716 0.00451847 0.005228 0.00349149 0.00866741 
0.02028 0.0387045 0.0439935 0.0296054 0.00659133 -0.00719675 -0.00444886 0.0058255 0.0118382 0.0111812 0.00761031 0.00395993 0.000350952 -0.00409761 -0.00954419 -0.0153792 -0.0207848 -0.0245953 -0.0254813 -0.0230483 -0.0179037 -0.0104594 -0.00162121 0.00617317 0.0118472 0.0162847 0.0179399 0.0137993 0.00654041 0.00645055 
0.0142274 0.0293171 0.0343217 0.0234588 0.00532622 -0.00439105 0.00129642 0.0131929 0.019024 0.0166655 0.0106794 0.00475827 -0.000363188 -0.00564617 -0.0116482 -0.017943 -0.0238616 -0.0286457 -0.0311922 -0.030497 -0.0264107 -0.0189917 -0.00817072 0.00431139 0.0152361 0.0218887 0.0217714 0.014424 0.00511253 0.00344764 
0.0102849 0.0229066 0.0269272 0.0177294 0.00248328 -0.00455502 0.00305135 0.0156069 0.0206208 0.0165517 0.00867949 0.00140092 -0.00397652 -0.00865305 -0.0138755 -0.0195779 -0.0252281 -0.0303488 -0.0338366 -0.0337421 -0.0291906 -0.0213144 -0.0111305 0.000551743 0.0111805 0.0169961 0.0153269 0.00747438 -0.000148539 0.000144264 
0.00393192 0.0151174 0.0187356 0.00994867 -0.00460496 -0.0107504 -0.00237788 0.0103794 0.0150818 0.0105188 0.00216903 -0.00511701 -0.00947611 -0.0123827 -0.0159414 -0.0205113 -0.0254904 -0.0302757 -0.0334309 -0.0322933 -0.0259568 -0.017387 -0.00946414 -0.00190356 0.00523803 0.0089455 0.00640028 -0.000810453 -0.00667492 -0.00533569 
-0.00344765 0.00928683 0.0136952 0.00356962 -0.0123553 -0.0177479 -0.00742387 0.00651862 0.0111508 0.00587317 -0.00313372 -0.0104213 -0.0137977 -0.0151632 -0.0174967 -0.021415 -0.0258464 -0.0296377 -0.0309795 -0.027215 -0.0180958 -0.00796198 -0.00104664 0.0032617 0.00666753 0.00723145 0.00240089 -0.00619817 -0.0131426 -0.0128292 
-0.00384116 0.013174 0.0167819 0.00153359 -0.0168079 -0.0180095 -0.000974373 0.0161314 0.0189821 0.00980553 -0.00222938 -0.010907 -0.0146326 -0.0159667 -0.0184052 -0.0225662 -0.0267325 -0.029036 -0.0275281 -0.0203255 -0.00806343 0.00483226 0.0138964 0.0186645 0.0200588 0.0164382 0.00647082 -0.00686968 -0.0171563 -0.0170779 
0.00402916 0.0239052 0.0231383 0.00142699 -0.0164752 -0.00868321 0.0179332 0.0372751 0.035093 0.0192648 0.00310216 -0.00748477 -0.0125994 -0.0152048 -0.0185916 -0.0232403 -0.0270257 -0.0275591 -0.0231061 -0.0129582 0.00177726 0.0180867 0.0322914 0.04157 0.0436043 0.0359931 0.0190296 -0.00173157 -0.0165046 -0.0149632 
0.0115255 0.0294918 0.0227038 -0.00141619 -0.0135548 0.00399995 0.03589 0.0526014 0.0441204 0.0240254 0.00690015 -0.00384627 -0.0100007 -0.0138695 -0.0178109 -0.0221963 -0.0249198 -0.0234737 -0.0166363 -0.00480553 0.0111129 0.0304494 0.0508348 0.0666747 0.0714447 0.0612361 0.0372554 0.00762916 -0.0128397 -0.0104749 
0.0130767 0.0257059 0.014296 -0.00763383 -0.0128064 0.00872218 0.0374337 0.0478651 0.0367207 0.0192326 0.00632985 -0.00216857 -0.00825639 -0.0124612 -0.0159361 -0.0190614 -0.0200885 -0.0167533 -0.00840797 0.00386058 0.0197462 0.0407819 0.065832 0.0871709 0.0948308 0.0834028 0.0542175 0.0170767 -0.00886345 -0.00761671 
0.0187295 0.027842 0.0138414 -0.00767829 -0.0135958 0.00130739 0.020058 0.0252272 0.0176978 0.00878522 0.00304818 -0.00209287 -0.00724778 -0.0109773 -0.0134272 -0.0150019 -0.0144656 -0.0100308 -0.00146345 0.00994788 0.0244603 0.0449425 0.0711321 0.0945025 0.10348 0.0919791 0.0616308 0.0230807 -0.00313943 -0.00109542 
0.0505494 0.0628283 0.0463167 0.0161324 -0.00499471 -0.00897718 -0.00461848 -0.00221513 -0.00227233 -0.00131065 -0.000523298 -0.00271032 -0.00665067 -0.00969502 -0.0113163 -0.0118418 -0.0105664 -0.00618428 0.00144238 0.0110597 0.0229775 0.0403752 0.0637481 0.0854707 0.0943677 0.0844747 0.0582667 0.0272473 0.0109932 0.0230637 
0.118304 0.139394 0.118118 0.0699128 0.0219058 -0.00927813 -0.0220604 -0.0221821 -0.0154668 -0.00730237 -0.00277422 -0.00345418 -0.00662827 -0.00923884 -0.0104559 -0.0106252 -0.00953082 -0.00606246 0.000230239 0.00817837 0.0176221 0.0314298 0.0509984 0.0706257 0.080082 0.0731474 0.0535778 0.0355341 0.0386086 0.0724496 
0.201107 0.228741 0.198754 0.130141 0.0558537 0.000384268 -0.0271434 -0.0304763 -0.0204054 -0.00880466 -0.00303446 -0.00358056 -0.00683205 -0.00953303 -0.0107333 -0.0110007 -0.0105767 -0.00833174 -0.00327271 0.00369243 0.0120291 0.0243482 0.0429676 0.0635925 0.0754048 0.0705686 0.0550009 0.0487379 0.07398 0.134618 
0.2637 0.288048 0.245437 0.16158 0.0735548 0.00834428 -0.0241817 -0.0288747 -0.01855 -0.00682238 -0.00150147 -0.00274078 -0.00675031 -0.010106 -0.0116612 -0.0121337 -0.0121887 -0.0108473 -0.00672796 -0.000289341 0.00794625 0.0205744 0.0405707 0.0639996 0.0780998 0.0728803 0.0573325 0.059105 0.103408 0.18577 
