0.349124 0.32708 0.253675 0.171434 0.108816 0.0669254 0.0400889 0.0278094 0.0280405 0.0320589 0.0304251 0.020715 0.00710091 -0.00540153 -0.0140985 -0.0184381 -0.0191633 -0.0182415 -0.0179456 -0.0171094 -0.0100172 0.00681892 0.0285263 0.047018 0.0615338 0.0806072 0.113813 0.165697 0.235345 0.308292 
0.317862 0.29676 0.228934 0.152474 0.0946701 0.0583155 0.0375999 0.0290342 0.0286497 0.0296497 0.025761 0.0156085 0.00279074 -0.00828796 -0.0155424 -0.0191402 -0.0203391 -0.0212129 -0.0234033 -0.0243666 -0.0173527 0.000813145 0.0246295 0.046573 0.0658849 0.0877387 0.11771 0.160794 0.219623 0.282725 
0.226669 0.210054 0.158698 0.0997016 0.055793 0.0328569 0.0258063 0.0266294 0.0282121 0.026112 0.0188137 0.00780722 -0.00331696 -0.0118269 -0.0173108 -0.0204913 -0.0224172 -0.02485 -0.0287065 -0.0302954 -0.022357 -0.00236329 0.0232575 0.0463462 0.0646803 0.080504 0.097528 0.122155 0.15981 0.202823 
0.136423 0.122078 0.0846832 0.0424272 0.0129447 0.00334334 0.00909811 0.0192002 0.0240506 0.0204996 0.0108566 -0.000371272 -0.00940528 -0.0153599 -0.0193957 -0.0223413 -0.0246391 -0.0275253 -0.0313218 -0.0318576 -0.0221267 -0.000214054 0.027052 0.050418 0.0652716 0.0718829 0.0743162 0.0810474 0.0993241 0.123905 
0.0818928 0.0653011 0.0340732 0.00234775 -0.0171292 -0.0192782 -0.0078271 0.00728027 0.0158458 0.0136997 0.00401243 -0.0067713 -0.0142559 -0.0184274 -0.0213185 -0.0238686 -0.0261565 -0.0288067 -0.0313561 -0.0294128 -0.0169344 0.00693589 0.035281 0.0584181 0.0701881 0.0701984 0.0636271 0.0600475 0.0667559 0.0790355 
0.0584846 0.0380088 0.00937627 -0.0157588 -0.0296944 -0.0307081 -0.0206576 -0.00500992 0.007199 0.00903266 0.00144502 -0.00878889 -0.0160467 -0.0196381 -0.0217129 -0.0237122 -0.0259111 -0.0283578 -0.0295388 -0.0247962 -0.00942484 0.0157481 0.0434873 0.0648082 0.0742249 0.0721544 0.0642262 0.0586657 0.0603595 0.0641694 
0.0461706 0.0235162 -0.00137806 -0.0203944 -0.0304707 -0.0323696 -0.0258598 -0.0116707 0.00330416 0.00978965 0.00532865 -0.00442418 -0.0126827 -0.0171282 -0.0193592 -0.0213715 -0.0239362 -0.0266731 -0.0271251 -0.0204842 -0.00330115 0.0218572 0.0470984 0.0646989 0.07153 0.0698401 0.0651132 0.0624351 0.0623863 0.059198 
0.0317108 0.00994509 -0.00936314 -0.0220993 -0.0279287 -0.0283932 -0.0226322 -0.00916771 0.00729954 0.0171184 0.0153195 0.00577665 -0.00432477 -0.0110899 -0.0150692 -0.0183206 -0.0219744 -0.0254293 -0.0257305 -0.0182411 -0.00052268 0.0234891 0.0451211 0.0577486 0.0607953 0.0585926 0.0568359 0.0577566 0.0574098 0.0492606 
0.0153664 -0.00255212 -0.0155022 -0.0227894 -0.0246001 -0.0215261 -0.0133392 0.000826809 0.0175613 0.0283726 0.0275184 0.0174474 0.00505411 -0.00481145 -0.0115558 -0.0167505 -0.0215691 -0.0254378 -0.0254725 -0.0175507 -0.000111061 0.0219275 0.0393456 0.0463872 0.0444743 0.0397482 0.0387363 0.0422407 0.0429154 0.0332889 
0.00483613 -0.00813212 -0.0149464 -0.0176359 -0.0167776 -0.0114754 -0.00152548 0.0127547 0.0281664 0.0374741 0.035466 0.0241583 0.00996723 -0.00213042 -0.0109249 -0.0173843 -0.022441 -0.0257122 -0.0248778 -0.0166133 -0.000157332 0.0190722 0.0320125 0.0338901 0.0275075 0.0201953 0.0193004 0.0251836 0.0283819 0.0203416 
0.00610061 -0.00392627 -0.0066822 -0.00563342 -0.00328416 0.00124013 0.009251 0.0208072 0.032743 0.03849 0.0338688 0.0214126 0.00717827 -0.00462832 -0.0132182 -0.0193264 -0.0234484 -0.0252612 -0.0231541 -0.0147737 -8.92957e-05 0.0156452 0.0245746 0.0232146 0.0149656 0.00734374 0.00797387 0.0171505 0.0242035 0.0192264 
0.0183232 0.00772032 0.00481896 0.00717552 0.0101939 0.0126634 0.0164138 0.0228635 0.0294307 0.0302887 0.0226563 0.0100406 -0.00197678 -0.0107791 -0.0169009 -0.0212473 -0.0237903 -0.0240002 -0.0207929 -0.0127658 -0.000479875 0.0116542 0.0178777 0.0159937 0.0088533 0.00300023 0.00610425 0.0191108 0.0309979 0.0300092 
0.0341043 0.021389 0.0147235 0.01488 0.0173417 0.0184943 0.0188347 0.0201855 0.0209476 0.0169313 0.00725548 -0.00387988 -0.0120417 -0.0166464 -0.0195794 -0.0218251 -0.0228519 -0.0218939 -0.0181935 -0.011031 -0.00119977 0.00812987 0.0132992 0.0126864 0.00750105 0.00276959 0.00681234 0.0225328 0.0394937 0.0437234 
0.0461881 0.0330677 0.0221542 0.0174051 0.0169119 0.0166853 0.0151858 0.0131778 0.00990732 0.00329595 -0.00590059 -0.0137731 -0.0176969 -0.0187844 -0.0194371 -0.0202866 -0.0204283 -0.0190553 -0.0156217 -0.009619 -0.00153706 0.00653861 0.0119478 0.0125637 0.00777176 0.00167033 0.00405122 0.0204666 0.0416349 0.0517783 
0.0528929 0.0424699 0.0294089 0.0186094 0.0118934 0.00799987 0.00486202 0.00172651 -0.00208391 -0.00748257 -0.0134276 -0.0171998 -0.0177379 -0.0168467 -0.0166215 -0.0171888 -0.0174425 -0.0165794 -0.0140891 -0.00923331 -0.00182644 0.00653938 0.0127551 0.0135143 0.00732711 -0.00134127 -0.0012801 0.014626 0.0381184 0.0531363 
0.0556786 0.0506153 0.0383126 0.0220299 0.00697461 -0.00313945 -0.00848117 -0.010823 -0.0119646 -0.0134283 -0.0151507 -0.0155749 -0.0142064 -0.0126569 -0.0125499 -0.0137672 -0.0150683 -0.0154 -0.0140385 -0.00994007 -0.00240488 0.00689624 0.0136865 0.0135407 0.00535021 -0.00496393 -0.00573358 0.00946814 0.0329114 0.0504609 
0.055597 0.0572284 0.0479458 0.0282713 0.00576595 -0.0106981 -0.0180386 -0.0184504 -0.0158231 -0.0134822 -0.0124308 -0.0113972 -0.00958584 -0.00817601 -0.00858943 -0.01074 -0.0132328 -0.014557 -0.0137134 -0.00973163 -0.00200957 0.00755124 0.0139838 0.0123555 0.00243981 -0.00828435 -0.00862556 0.00565684 0.02715 0.0452884 
0.0524632 0.0599255 0.0542775 0.0341993 0.00840416 -0.0111252 -0.018832 -0.0171127 -0.0119002 -0.0081772 -0.00717039 -0.00690564 -0.00590399 -0.00508586 -0.0059415 -0.00851973 -0.0113311 -0.0125761 -0.0112715 -0.00707102 -4.41665e-05 0.00799019 0.0126872 0.00954493 -0.00117231 -0.0114769 -0.011261 0.00157595 0.020272 0.0380912 
0.0457214 0.0560675 0.053167 0.03587 0.0128299 -0.00437389 -0.0102406 -0.00730431 -0.00206961 0.000163628 -0.00131865 -0.00357895 -0.00441055 -0.00450561 -0.0055063 -0.0077006 -0.00972343 -0.009879 -0.00759776 -0.00347855 0.00155024 0.00616516 0.00783826 0.00347193 -0.00655531 -0.0151203 -0.0140222 -0.00285901 0.0128252 0.02955 
0.0367208 0.0465989 0.0451938 0.0329404 0.0174255 0.00679664 0.0039393 0.00630704 0.00900246 0.00816793 0.0036212 -0.00153642 -0.00463965 -0.00586459 -0.00683515 -0.00820305 -0.00897309 -0.00782325 -0.00475659 -0.00122703 0.00119383 0.00183381 0.000198211 -0.00497145 -0.0129625 -0.01813 -0.0150748 -0.00517266 0.00741914 0.0217563 
0.0287939 0.0358547 0.0349029 0.0277626 0.0203845 0.0167645 0.0164105 0.0168491 0.0160231 0.0125563 0.00642691 -0.000232191 -0.00488702 -0.00705646 -0.00804361 -0.00873202 -0.00851046 -0.00645688 -0.00303808 -0.000215256 0.000188797 -0.0019688 -0.0058511 -0.0112363 -0.0167085 -0.0178181 -0.0120406 -0.00261919 0.00708973 0.0176887 
0.0241618 0.027176 0.0257172 0.021747 0.0193793 0.0198672 0.0206784 0.0194758 0.0164074 0.0121199 0.00654814 0.000532591 -0.00408608 -0.00655464 -0.00768622 -0.00815764 -0.00749241 -0.00506645 -0.0015862 0.000871764 0.000533448 -0.00250775 -0.00703354 -0.0121077 -0.0155741 -0.0134887 -0.0051735 0.00467349 0.0123238 0.0185361 
0.0224675 0.0209184 0.0181204 0.0151105 0.0140273 0.0151194 0.0159321 0.0145483 0.0116815 0.00846746 0.00477734 0.000753257 -0.00258516 -0.00473829 -0.00604604 -0.00661764 -0.00591882 -0.00355729 -0.000239773 0.00221974 0.00225824 -0.000184087 -0.00432021 -0.00916277 -0.0118575 -0.00814227 0.00220153 0.0135413 0.0205473 0.0227692 
0.0224732 0.016266 0.0113931 0.00795292 0.00613333 0.00592075 0.00620172 0.00585215 0.00499575 0.00395358 0.00245224 0.000549595 -0.0012878 -0.00288679 -0.00417061 -0.00473366 -0.00407707 -0.00206073 0.000768622 0.00316697 0.00392527 0.00252033 -0.00119586 -0.00643354 -0.00949647 -0.00523863 0.00688239 0.0206019 0.028466 0.0280324 
0.0229022 0.0127329 0.00531789 0.00067249 -0.00225346 -0.00368567 -0.00358708 -0.00240241 -0.000806439 0.000453638 0.000863283 0.000506003 -0.000359621 -0.00152999 -0.00254096 -0.00280784 -0.00209724 -0.00057745 0.00136388 0.00317663 0.00417936 0.00341111 -0.000198479 -0.00597981 -0.00950607 -0.00502357 0.00828783 0.0240045 0.0333167 0.031931 
0.0215172 0.00947434 0.000185646 -0.00571035 -0.00926011 -0.0107458 -0.00991211 -0.00712951 -0.00355232 -0.000518381 0.00120245 0.00157092 0.000871922 -0.000315146 -0.00115654 -0.00113152 -0.00039205 0.000545363 0.00133627 0.00202879 0.00256791 0.00191758 -0.00145448 -0.00695531 -0.0101433 -0.00566307 0.00720893 0.0227562 0.0325424 0.0314378 
0.0163634 0.00538947 -0.00381466 -0.0100809 -0.013546 -0.0141505 -0.0119978 -0.00782195 -0.00291133 0.00123641 0.00360102 0.00396196 0.00274894 0.00099971 -0.000104551 -9.9278e-05 0.000526335 0.00091034 0.000643084 0.000142152 -0.00011908 -0.000905283 -0.00371844 -0.00811361 -0.0104052 -0.00649698 0.00397406 0.0167041 0.0251645 0.0247289 
0.0082475 0.000541489 -0.00671329 -0.0123786 -0.0155023 -0.0152603 -0.011925 -0.00662159 -0.000769202 0.00402434 0.00657012 0.00661036 0.00473539 0.00226693 0.000651699 0.000419252 0.000878362 0.000887741 -4.46578e-05 -0.00133811 -0.00223994 -0.00320993 -0.00552157 -0.00889326 -0.0105944 -0.00791057 -0.000881364 0.0076482 0.0135565 0.0136623 
-0.000290671 -0.00428979 -0.00903365 -0.0138219 -0.0168951 -0.0164389 -0.012416 -0.00627439 0.000188932 0.00524264 0.00779974 0.00777421 0.00580518 0.00316897 0.00136571 0.00102355 0.00140407 0.00125688 0.000102789 -0.00142004 -0.00254606 -0.00364062 -0.00579402 -0.00881751 -0.0107079 -0.00971899 -0.00609023 -0.00157412 0.00168753 0.00211059 
-0.00785465 -0.0090917 -0.0118533 -0.0159067 -0.0190623 -0.0186915 -0.0143876 -0.00797707 -0.00162747 0.00314793 0.00572296 0.00622224 0.0051115 0.00328862 0.00199797 0.00186497 0.00227496 0.00212684 0.00106688 -0.000287009 -0.00133754 -0.00252557 -0.00479256 -0.00793532 -0.0104703 -0.0112704 -0.0105243 -0.00917536 -0.0080557 -0.00758148 
-0.0144665 -0.0144324 -0.0160227 -0.0192696 -0.0219578 -0.021272 -0.0168776 -0.0109795 -0.00567918 -0.00174077 0.000869572 0.00233549 0.00274675 0.00244373 0.00218549 0.00247997 0.00297812 0.00290581 0.00201886 0.000832238 -0.000216562 -0.00159815 -0.00403846 -0.00720044 -0.0100399 -0.0120672 -0.0134537 -0.0144479 -0.0150131 -0.014956 
-0.0201555 -0.0205248 -0.0217157 -0.0238099 -0.025136 -0.0235333 -0.0191246 -0.0141915 -0.0102928 -0.00727984 -0.00457941 -0.00211754 -0.000217909 0.000976649 0.0017702 0.00252744 0.00315716 0.00315784 0.00227161 0.000906925 -0.000469708 -0.00218046 -0.00470117 -0.00754071 -0.0100051 -0.0122747 -0.0146948 -0.0170262 -0.0188 -0.0197835 
-0.0246113 -0.0268655 -0.0284315 -0.0292403 -0.0286732 -0.0258247 -0.0213051 -0.0170938 -0.0141008 -0.0115631 -0.00865089 -0.00546387 -0.00262258 -0.000497734 0.00100854 0.00216736 0.00298328 0.00301442 0.00189168 -1.21593e-05 -0.00202079 -0.00415093 -0.00667635 -0.00911503 -0.0110023 -0.0128325 -0.0150626 -0.0173868 -0.019613 -0.0220225 
-0.0277139 -0.032141 -0.0344461 -0.0342028 -0.0318202 -0.0276939 -0.0228343 -0.0188719 -0.0162658 -0.0139107 -0.0108389 -0.00729594 -0.00408857 -0.00161511 0.00023852 0.00170778 0.0027322 0.00275732 0.00128337 -0.00131819 -0.00413221 -0.00677904 -0.00935214 -0.0116131 -0.0132941 -0.0146849 -0.0160523 -0.0173991 -0.0193485 -0.0228727 
-0.0300568 -0.0351254 -0.0375163 -0.0363923 -0.0326384 -0.0275277 -0.0224226 -0.0187737 -0.0167215 -0.0148147 -0.0118947 -0.00831451 -0.00504043 -0.00247648 -0.00046342 0.00120111 0.00235085 0.00232294 0.000540302 -0.00266344 -0.00624174 -0.00943437 -0.0121454 -0.0145146 -0.0165479 -0.018085 -0.0189592 -0.0195117 -0.0210032 -0.0246509 
-0.0327618 -0.0361291 -0.0373727 -0.0354092 -0.030914 -0.0254658 -0.0206564 -0.0177434 -0.0165237 -0.0152674 -0.0127055 -0.00925341 -0.00596162 -0.00328477 -0.00114283 0.000572067 0.00166808 0.00154146 -0.00036816 -0.0038286 -0.00781936 -0.0113695 -0.0142793 -0.0170495 -0.0199692 -0.0224622 -0.0238942 -0.0247376 -0.0262305 -0.0290443 
-0.0362541 -0.0366462 -0.0362061 -0.0337835 -0.0293418 -0.0243028 -0.0202234 -0.017945 -0.0170138 -0.0158861 -0.0134809 -0.0101423 -0.00679056 -0.00393223 -0.00169152 -9.08275e-05 0.000785814 0.000573494 -0.00121738 -0.00453128 -0.00851001 -0.0121809 -0.0153663 -0.0187629 -0.0227685 -0.0265478 -0.0292359 -0.0313406 -0.033541 -0.0353366 
-0.0396299 -0.0376525 -0.0361559 -0.0339707 -0.0302543 -0.026027 -0.0225142 -0.0200504 -0.0183058 -0.0164852 -0.0138806 -0.0105684 -0.00718152 -0.0042684 -0.00212779 -0.000814597 -0.000212365 -0.000411449 -0.00186135 -0.00477329 -0.00856241 -0.012331 -0.015863 -0.0197837 -0.0244327 -0.0289952 -0.0327583 -0.0362946 -0.0395874 -0.0409011 
-0.0423022 -0.0394635 -0.0376926 -0.035906 -0.0328339 -0.0290848 -0.0254909 -0.0221681 -0.0192189 -0.0165748 -0.0137205 -0.0104456 -0.00722177 -0.00463184 -0.00293222 -0.00202202 -0.00160313 -0.00160433 -0.00247504 -0.00472767 -0.00815387 -0.0119253 -0.0155917 -0.019559 -0.0242383 -0.0291164 -0.03367 -0.0383615 -0.0426857 -0.0442396 
-0.0456461 -0.0427504 -0.0403344 -0.0379214 -0.0344576 -0.0302623 -0.026048 -0.0221522 -0.0188495 -0.0160464 -0.0131823 -0.0101177 -0.00741797 -0.00555985 -0.00450322 -0.00393177 -0.00351638 -0.00315596 -0.00322798 -0.00442063 -0.00696646 -0.0102133 -0.0134435 -0.0169447 -0.021547 -0.0271417 -0.0329662 -0.0389439 -0.044378 -0.0469224 
-0.0500353 -0.0466179 -0.0422586 -0.0378689 -0.0330837 -0.0279661 -0.0233474 -0.0198821 -0.0173587 -0.0149724 -0.012289 -0.00973968 -0.00797003 -0.00702036 -0.00648296 -0.00604986 -0.00557776 -0.00496483 -0.00433388 -0.00429055 -0.00547829 -0.00766267 -0.0100429 -0.0128476 -0.0174306 -0.0241136 -0.0316974 -0.0393412 -0.0462232 -0.0502721 
-0.0510588 -0.0463952 -0.0397115 -0.033448 -0.027877 -0.0227353 -0.0188043 -0.0166611 -0.0152984 -0.0133662 -0.0110004 -0.00930614 -0.00865857 -0.00843429 -0.00808674 -0.00766681 -0.00732042 -0.00685687 -0.00601642 -0.00512105 -0.00508771 -0.00627326 -0.00798171 -0.0101313 -0.0142042 -0.0210354 -0.0294906 -0.0382251 -0.0460873 -0.0510283 
-0.0430191 -0.037583 -0.0302987 -0.024069 -0.0193759 -0.0158106 -0.0138144 -0.0133724 -0.0129681 -0.0114514 -0.00968329 -0.00900622 -0.00924046 -0.00930484 -0.00889627 -0.00855709 -0.00857202 -0.00853681 -0.00789131 -0.00673905 -0.00613466 -0.00692747 -0.00849204 -0.0100463 -0.0126188 -0.0176483 -0.024848 -0.0328082 -0.0398185 -0.0438113 
-0.0256226 -0.0212901 -0.0161289 -0.0119633 -0.00922303 -0.00798735 -0.00848115 -0.00985503 -0.0103737 -0.00950345 -0.00858237 -0.00874702 -0.00939213 -0.00946324 -0.00909906 -0.00911023 -0.00960707 -0.00988347 -0.00931809 -0.00814317 -0.00755153 -0.00850019 -0.0101345 -0.0108217 -0.0108782 -0.0123432 -0.016257 -0.0214767 -0.025724 -0.0272856 
-0.00514541 -0.0038099 -0.00223973 -0.000492631 0.000742039 0.000219417 -0.00244616 -0.00562878 -0.00728757 -0.00728317 -0.00714938 -0.00783231 -0.00869724 -0.00900258 -0.00915791 -0.00987594 -0.0108983 -0.0112298 -0.0103704 -0.00899178 -0.00846821 -0.00944107 -0.0106082 -0.00985584 -0.00701755 -0.00445168 -0.00432789 -0.00599309 -0.0070054 -0.00640843 
0.0105458 0.0087634 0.00779693 0.00864096 0.00958532 0.00817683 0.00404171 -0.000548931 -0.00325515 -0.00401605 -0.00443909 -0.00558062 -0.00705572 -0.00826222 -0.00943594 -0.010992 -0.0124835 -0.0128127 -0.0115485 -0.00969189 -0.00871966 -0.00888791 -0.00874054 -0.00645735 -0.00179724 0.00326091 0.00643133 0.0078531 0.00932328 0.0108035 
0.0189482 0.0159246 0.0149657 0.0167549 0.0180062 0.0157633 0.0105669 0.00530711 0.0021251 0.000889416 -3.66511e-05 -0.00197557 -0.00477983 -0.00754749 -0.00991405 -0.0120725 -0.0138366 -0.0142434 -0.0126535 -0.00999962 -0.00786075 -0.00650254 -0.00483005 -0.00182514 0.00262505 0.00762751 0.0119777 0.0155131 0.0186619 0.0203519 
0.0242243 0.0217608 0.0222782 0.0254307 0.0265831 0.0229884 0.0167484 0.0114006 0.00834079 0.00681719 0.00516705 0.00200809 -0.00250608 -0.00695909 -0.010339 -0.0127634 -0.0144852 -0.0146944 -0.0123796 -0.00836979 -0.00468396 -0.00192352 0.000783201 0.00388118 0.00716599 0.0107133 0.0148724 0.0195987 0.0238806 0.025762 
0.0317135 0.0297389 0.0307462 0.0338934 0.034112 0.0288855 0.021411 0.0158898 0.0131094 0.0114114 0.00892087 0.00452769 -0.00131745 -0.00690771 -0.0109482 -0.0134289 -0.0146388 -0.0137425 -0.00968277 -0.0037445 0.00127076 0.00473343 0.00813862 0.0118386 0.0147955 0.0171254 0.0205169 0.0256944 0.0307934 0.033027 
0.0444064 0.0415386 0.040411 0.0411907 0.0395075 0.0325701 0.0234934 0.0171454 0.0144344 0.0127744 0.00967808 0.00443444 -0.00200854 -0.00798402 -0.0123251 -0.0147423 -0.0150432 -0.01227 -0.00584378 0.00204794 0.00794309 0.0116648 0.0157963 0.0207998 0.0245976 0.0266983 0.0295953 0.0351865 0.0416289 0.0452173 
0.0621764 0.0574019 0.0518315 0.0481645 0.0436887 0.035058 0.0244335 0.0170844 0.0143186 0.0126677 0.00892978 0.00291537 -0.00380749 -0.0097594 -0.0141439 -0.016463 -0.0160067 -0.0117803 -0.00374934 0.00534037 0.0118336 0.0158613 0.0206159 0.0268552 0.0322342 0.0356951 0.0394833 0.0462178 0.055011 0.0615908 
0.0802146 0.0739007 0.063666 0.055149 0.0479254 0.0383961 0.0273984 0.0197825 0.0167895 0.0144468 0.00946509 0.0023454 -0.00484163 -0.0108314 -0.0152163 -0.0175162 -0.0169107 -0.0125756 -0.00464001 0.00442338 0.0112659 0.0158433 0.0211893 0.0285591 0.0362296 0.0426328 0.0485948 0.0566554 0.0675902 0.0775095 
0.0909555 0.0843676 0.0712171 0.0594888 0.0512958 0.0429776 0.0334227 0.026082 0.0221283 0.0182162 0.0117209 0.00349908 -0.00434914 -0.0106825 -0.015182 -0.0174557 -0.0170317 -0.0135283 -0.00693715 0.00115535 0.00810778 0.0135506 0.0198666 0.0284987 0.0382865 0.0471877 0.0546493 0.0629602 0.0744535 0.0862875 
0.0909881 0.0852264 0.0712444 0.0587007 0.0519353 0.0468197 0.0396345 0.032233 0.026596 0.021026 0.0135299 0.00463981 -0.00382465 -0.0106073 -0.0151492 -0.0171291 -0.016651 -0.0139127 -0.00872005 -0.00168554 0.00531434 0.0115903 0.0186585 0.0275994 0.0374026 0.0461945 0.0533994 0.0612155 0.0723602 0.0848078 
0.0845207 0.0808265 0.0680486 0.0562632 0.0510164 0.047943 0.0418312 0.0338547 0.0269598 0.0205566 0.012696 0.00350285 -0.00528413 -0.0121663 -0.0163774 -0.017759 -0.0169037 -0.014393 -0.00989627 -0.00343103 0.00344386 0.0095529 0.0156877 0.0227283 0.0301094 0.037001 0.0437244 0.0520175 0.0635768 0.0766559 
0.0777544 0.0780198 0.0691223 0.058698 0.0519292 0.046184 0.0380802 0.0293217 0.022406 0.0161504 0.00841516 -0.000545934 -0.00895743 -0.0153231 -0.018861 -0.0195443 -0.0181238 -0.0152602 -0.0106801 -0.00441395 0.00183742 0.00647063 0.0100107 0.0137756 0.0182862 0.0239013 0.031338 0.0413035 0.0540112 0.0678305 
0.0714563 0.076742 0.0739873 0.0653125 0.0541187 0.0416621 0.0292365 0.0196009 0.0134588 0.00810351 0.00138567 -0.00615508 -0.0131201 -0.0184383 -0.0212798 -0.0213367 -0.0190963 -0.0152605 -0.0100622 -0.00399966 0.00129815 0.00447245 0.00600898 0.00745323 0.010323 0.0157574 0.0240817 0.0349162 0.0474555 0.0604218 
0.0627445 0.0717677 0.0747661 0.0680993 0.0532234 0.0349979 0.0189155 0.00858593 0.0033072 -0.00054813 -0.00509972 -0.0101024 -0.0150441 -0.0193761 -0.0219273 -0.0216286 -0.0184739 -0.0134201 -0.00758122 -0.00189022 0.0028597 0.00631038 0.00846281 0.00973926 0.0118212 0.016629 0.024317 0.033717 0.0433877 0.0527985 
0.0523776 0.0626512 0.0683487 0.0633705 0.0486321 0.0297528 0.0130963 0.00275052 -0.00180607 -0.00403727 -0.00622529 -0.00894494 -0.0125812 -0.0167734 -0.0197579 -0.0196702 -0.0161451 -0.0105044 -0.00457878 0.000774912 0.00615396 0.0121743 0.0173691 0.0196462 0.0202646 0.0227025 0.0280757 0.0346153 0.0400059 0.0447224 
0.043581 0.0541952 0.0598506 0.0557152 0.0440987 0.0289258 0.0144662 0.00499493 0.00122633 0.000240322 -0.000586515 -0.00247215 -0.00615824 -0.0111277 -0.0151739 -0.0160468 -0.0132139 -0.00811605 -0.00272155 0.00269195 0.0099934 0.0200065 0.0289664 0.0317767 0.0293134 0.0275305 0.0297033 0.033558 0.035432 0.0369062 
0.0341397 0.046924 0.0528458 0.0492531 0.040892 0.0301254 0.0187422 0.0108975 0.00826855 0.00821596 0.00785547 0.00578013 0.001342 -0.00470047 -0.010055 -0.0124755 -0.0112166 -0.00740096 -0.00269987 0.00316498 0.01268 0.0261783 0.0376914 0.039711 0.0328653 0.025628 0.0240215 0.0255857 0.0252049 0.025692 
0.0170223 0.0346288 0.0437526 0.0424104 0.0369799 0.0295084 0.0207635 0.014758 0.0133205 0.0139203 0.0138702 0.0117026 0.00666724 -0.000275117 -0.00677265 -0.0107264 -0.0112004 -0.00883043 -0.00491243 0.00111207 0.0118076 0.0267529 0.0384505 0.0381211 0.0262473 0.012925 0.00667408 0.00557291 0.00363952 0.00473042 
-0.00738279 0.0150704 0.0293125 0.0327999 0.0312162 0.0263942 0.019571 0.0150831 0.0144327 0.0151135 0.0150726 0.0129045 0.00754637 0.000155495 -0.00674893 -0.0114265 -0.0132139 -0.0125236 -0.0101956 -0.00513176 0.00546624 0.0203041 0.0304608 0.0266192 0.00954056 -0.00979513 -0.021037 -0.0247097 -0.0267684 -0.0235843 
-0.0224668 2.39362e-06 0.0157429 0.0226289 0.0241037 0.0211653 0.0158963 0.0129556 0.0131521 0.013521 0.0124792 0.00939259 0.00372425 -0.00320638 -0.00927057 -0.0136264 -0.0163727 -0.0178848 -0.0181599 -0.0148751 -0.00459179 0.0104001 0.0194325 0.0126604 -0.0084908 -0.0320362 -0.0460203 -0.0492755 -0.0477444 -0.0404069 
-0.0032151 0.0119072 0.0195298 0.0212174 0.0199111 0.0160834 0.0117667 0.0107787 0.0126663 0.0131623 0.010264 0.00491945 -0.00138343 -0.00724179 -0.0119073 -0.0157292 -0.0192994 -0.022734 -0.0250678 -0.0228328 -0.0121167 0.00417608 0.0142909 0.00769335 -0.0140561 -0.0376548 -0.0491072 -0.0459805 -0.0352891 -0.0207766 
0.0659423 0.0693067 0.0581365 0.0422148 0.0285837 0.0183245 0.0121331 0.0119631 0.0159463 0.0177876 0.0136521 0.0056177 -0.00227192 -0.00828837 -0.0129414 -0.0170361 -0.0208269 -0.0241909 -0.026188 -0.0235386 -0.0123186 0.00533405 0.0185641 0.016368 -0.000759412 -0.0187284 -0.0215219 -0.00587689 0.019875 0.0467493 
0.177043 0.168919 0.132318 0.089571 0.0559793 0.0333994 0.0203096 0.0173136 0.0219962 0.0260261 0.0225332 0.0127882 0.0022592 -0.00626481 -0.0128939 -0.0177641 -0.0205937 -0.0216912 -0.0215178 -0.0182254 -0.00781887 0.00984388 0.0265306 0.0315278 0.0239164 0.0172161 0.0277897 0.0595904 0.104803 0.150405 
0.291113 0.27398 0.213034 0.143991 0.0907933 0.0549492 0.0324664 0.023646 0.0265122 0.0317381 0.0298689 0.0198938 0.0070052 -0.0045359 -0.0131292 -0.0181347 -0.0194856 -0.0184478 -0.0169768 -0.0143098 -0.00581418 0.01101 0.0304253 0.0429225 0.0472075 0.054816 0.079669 0.126159 0.189417 0.254429 
