0.423768 0.377004 0.273107 0.166635 0.0962896 0.0688574 0.0714816 0.0856158 0.0926478 0.0798109 0.0477326 0.00955575 -0.0203152 -0.0358315 -0.0392455 -0.0359996 -0.0306641 -0.02505 -0.0182578 -0.0085244 0.00438574 0.0183345 0.0305716 0.0401404 0.0493372 0.0661854 0.105761 0.181768 0.287864 0.38596 
0.336738 0.296497 0.209964 0.121554 0.0635634 0.042849 0.0498681 0.0688925 0.0815648 0.0731304 0.0427072 0.00426393 -0.026001 -0.0413114 -0.0442271 -0.0404227 -0.0343801 -0.0280707 -0.0211865 -0.0124754 -0.00158691 0.00995008 0.0196333 0.0262344 0.0322841 0.0459648 0.0799311 0.143618 0.230096 0.308295 
0.215997 0.19078 0.133626 0.0723431 0.0299278 0.0146692 0.0231587 0.0446413 0.0623299 0.060008 0.0345836 -0.000774165 -0.0292886 -0.0434402 -0.0453746 -0.0405086 -0.0333501 -0.0265135 -0.020644 -0.0148471 -0.00802121 -0.000433767 0.00596035 0.00957362 0.0125269 0.0217179 0.045663 0.0889169 0.145803 0.196766 
0.121105 0.108884 0.0758117 0.0359662 0.00495049 -0.00727318 0.00113156 0.0233273 0.0441191 0.0469649 0.027121 -0.00393581 -0.0299487 -0.0427896 -0.0437336 -0.0376991 -0.029304 -0.0218519 -0.0168417 -0.0136845 -0.0105865 -0.00655481 -0.00275412 -0.000844055 0.000581183 0.00641824 0.0213604 0.0467656 0.0790973 0.108416 
0.0775048 0.0703795 0.0471719 0.0160331 -0.0103811 -0.0210573 -0.0121932 0.0103059 0.0320333 0.0374542 0.021647 -0.00548252 -0.0288714 -0.0402426 -0.0401711 -0.0332202 -0.0240823 -0.0162864 -0.0115987 -0.00962604 -0.00830269 -0.00580742 -0.00261853 -0.000564292 0.00059834 0.00394781 0.0126921 0.0281501 0.0486506 0.0680952 
0.0795089 0.0711644 0.0454911 0.0115246 -0.0166344 -0.0271911 -0.0173192 0.00530107 0.0261485 0.0315756 0.0178732 -0.00603127 -0.0266366 -0.0362151 -0.035197 -0.0280514 -0.0193664 -0.0122244 -0.00787989 -0.00587219 -0.00427421 -0.00105655 0.00358042 0.0072979 0.00886854 0.0102792 0.0157771 0.0291261 0.0496389 0.0699518 
0.105859 0.0947136 0.0616087 0.0193964 -0.0141647 -0.0264683 -0.0167554 0.00479184 0.0233852 0.0274471 0.014903 -0.00602166 -0.0236335 -0.0313029 -0.0297217 -0.023366 -0.0165184 -0.0113306 -0.00792562 -0.00539588 -0.00221087 0.00312836 0.010148 0.0159397 0.0181119 0.018323 0.0230142 0.0390816 0.0660871 0.0932509 
0.131916 0.118983 0.0800938 0.0314456 -0.00656013 -0.021354 -0.0138909 0.00458454 0.0200621 0.0228669 0.0118982 -0.00573135 -0.0203254 -0.0264401 -0.0249641 -0.0202039 -0.015972 -0.0133739 -0.0112128 -0.00791334 -0.00255376 0.00508372 0.0138025 0.020629 0.0229657 0.0225882 0.0276733 0.0474699 0.0814929 0.115791 
0.140094 0.126228 0.0865975 0.0383397 0.00085684 -0.015249 -0.0116308 0.00195144 0.0139736 0.0165217 0.0083827 -0.00525434 -0.0169102 -0.0221358 -0.0215725 -0.0188686 -0.0171491 -0.0166776 -0.0152936 -0.0109512 -0.00353436 0.00553748 0.0143532 0.0207217 0.0228632 0.0225626 0.0281726 0.0497129 0.086649 0.123414 
0.125977 0.111939 0.0775384 0.0376521 0.0065038 -0.00903791 -0.0100144 -0.0024208 0.0059907 0.00900488 0.00463079 -0.00445106 -0.013297 -0.018393 -0.0195985 -0.0192087 -0.0194094 -0.0200672 -0.0188347 -0.0136926 -0.00522436 0.00404291 0.0120615 0.0179102 0.0208451 0.0219846 0.0279823 0.0478145 0.0811087 0.113183 
0.0966691 0.08403 0.059414 0.0329619 0.011641 -0.00178107 -0.00683484 -0.00502127 -0.000242066 0.00292551 0.00186815 -0.0030986 -0.00968706 -0.0154079 -0.0190251 -0.0210014 -0.0224985 -0.0234913 -0.0222251 -0.0171476 -0.00904601 -0.000347741 0.00752872 0.0146698 0.0206523 0.0250258 0.0312301 0.0457756 0.0691048 0.090458 
0.0663518 0.0565652 0.041912 0.0276887 0.0152508 0.00471339 -0.00212975 -0.00378755 -0.00170073 0.000893354 0.00143883 -0.00116977 -0.00670996 -0.0135991 -0.0196308 -0.0236132 -0.0258682 -0.0267041 -0.0252667 -0.0206617 -0.0134919 -0.00519912 0.00384933 0.0142255 0.0250692 0.0337859 0.0398444 0.0468137 0.0570594 0.0660266 
0.0496937 0.0428574 0.0333763 0.0239273 0.0146766 0.00597043 0.00022209 -0.000986714 0.00086896 0.00302269 0.00349681 0.0010623 -0.00481675 -0.0129724 -0.0207048 -0.0259224 -0.0284232 -0.0286701 -0.0264538 -0.0215046 -0.0143631 -0.00559099 0.00534056 0.0192065 0.0345725 0.046928 0.052282 0.0520363 0.0513205 0.0517245 
0.0507894 0.0462673 0.0361634 0.0230171 0.00984596 0.000149731 -0.00312957 -0.000591861 0.00392798 0.00689525 0.00681662 0.00324472 -0.00379335 -0.0129039 -0.0213507 -0.0269448 -0.0292575 -0.0286101 -0.0249698 -0.0184928 -0.0100115 6.704e-05 0.0125793 0.0282598 0.0452936 0.0583467 0.0620391 0.0573785 0.0519431 0.0508036 
0.0583396 0.0560947 0.0435454 0.0238669 0.00381702 -0.00894539 -0.0104378 -0.00361633 0.00478097 0.00977796 0.00980597 0.00518869 -0.00293588 -0.0125182 -0.020929 -0.0263024 -0.0282111 -0.0267575 -0.0217989 -0.0136367 -0.00349944 0.00777075 0.0206481 0.035404 0.0499863 0.0597088 0.0605158 0.0546994 0.050736 0.0536285 
0.0571186 0.057386 0.0450562 0.0231547 -0.000145204 -0.0149182 -0.0161448 -0.00747789 0.00321131 0.0101365 0.0111655 0.00660089 -0.00173988 -0.0111759 -0.0191031 -0.023987 -0.025514 -0.023705 -0.0183083 -0.00955537 0.00112743 0.0123193 0.0237202 0.0348723 0.0437579 0.0474936 0.0449872 0.0401612 0.0403852 0.0482692 
0.0437108 0.0453598 0.0362151 0.018518 -0.00131404 -0.0147125 -0.0167128 -0.00964386 0.00026847 0.00784479 0.010287 0.00703528 -0.000257665 -0.00869665 -0.0157051 -0.0199508 -0.0212153 -0.0195702 -0.0147972 -0.00701292 0.00241892 0.0117125 0.0198681 0.0259793 0.0286053 0.0269764 0.0226326 0.0200151 0.0239147 0.0340646 
0.0276869 0.0281969 0.022183 0.0114385 -0.000986358 -0.0105387 -0.0135181 -0.00988508 -0.00263535 0.00445037 0.00809058 0.00672299 0.0013952 -0.00524622 -0.010847 -0.0142551 -0.0153164 -0.0142123 -0.0108932 -0.00543636 0.00105957 0.00690702 0.0109825 0.0126349 0.0114424 0.00807597 0.00495949 0.00551395 0.0116151 0.0208514 
0.0198828 0.0174794 0.0124463 0.00659217 0.000136791 -0.00616552 -0.00991018 -0.00902768 -0.00399482 0.00233024 0.00651811 0.00665657 0.00336302 -0.00121463 -0.00515202 -0.00754932 -0.0083834 -0.00801533 -0.00663032 -0.00430659 -0.00170172 0.000106616 0.000574908 -7.77471e-05 -0.00125546 -0.00203556 -0.00098944 0.00331661 0.0105363 0.0173515 
0.0234664 0.0185056 0.0125454 0.00737934 0.00225507 -0.00339657 -0.0075505 -0.00746239 -0.00314935 0.00253431 0.00649254 0.0073042 0.00549865 0.00265966 0.000213375 -0.00123182 -0.00188126 -0.0023294 -0.00293701 -0.00369524 -0.00471758 -0.00625089 -0.00794673 -0.00857832 -0.00688401 -0.00260131 0.00374502 0.0115484 0.0193569 0.0241214 
0.0333483 0.0278641 0.0204643 0.0128061 0.00521226 -0.00170431 -0.00573166 -0.00499435 -0.000613531 0.00428702 0.00740948 0.00819684 0.00720998 0.00550359 0.00405179 0.00318529 0.00245988 0.00113952 -0.00110196 -0.00403732 -0.00733933 -0.0106341 -0.0128586 -0.0120859 -0.00688032 0.00204835 0.0124207 0.0223398 0.030362 0.0344984 
0.0395963 0.0363879 0.0290279 0.0189079 0.00848086 0.000457029 -0.0029784 -0.00154124 0.00251685 0.00633149 0.00852493 0.00907956 0.00843413 0.00724678 0.0061836 0.00536028 0.00419063 0.00201318 -0.00122963 -0.00507787 -0.00907272 -0.0126375 -0.0143528 -0.0120614 -0.00465638 0.0062423 0.0174306 0.026836 0.0340079 0.0385593 
0.0336607 0.0349897 0.0307911 0.0216036 0.0112619 0.00378235 0.000986367 0.00213851 0.00503657 0.00781361 0.00968792 0.0104105 0.00997731 0.00884343 0.00764492 0.00646543 0.0047363 0.00201154 -0.00147912 -0.0052133 -0.00889178 -0.0120144 -0.0130993 -0.0102001 -0.00288743 0.00657283 0.0149091 0.0207244 0.0250804 0.0294868 
0.0153373 0.02111 0.022464 0.0183018 0.0118244 0.00675958 0.00454459 0.00463554 0.00609269 0.00838143 0.0108362 0.0123451 0.0122172 0.0108798 0.00926106 0.00768418 0.00574009 0.00312466 8.15903e-05 -0.0030567 -0.00619166 -0.0088635 -0.00971759 -0.00738673 -0.00219768 0.00342115 0.00678826 0.00737392 0.0073395 0.00970965 
-0.0068874 0.000376733 0.00648022 0.00864512 0.00786971 0.00637834 0.00528427 0.00484772 0.00559311 0.00807275 0.0115368 0.0140199 0.0142189 0.0126252 0.0106007 0.00886392 0.00720742 0.00527245 0.0029784 0.000320589 -0.00259212 -0.0050829 -0.00600529 -0.00480288 -0.00240868 -0.000844059 -0.00180862 -0.00536536 -0.0094698 -0.0107298 
-0.0232841 -0.0182347 -0.0109127 -0.00479813 -0.000999875 0.00109335 0.00216356 0.00277087 0.00402563 0.00702791 0.0111822 0.0142678 0.0147069 0.013011 0.0108091 0.00912228 0.00789934 0.00662764 0.00478945 0.00208466 -0.00113469 -0.00376396 -0.00483123 -0.00455162 -0.00419322 -0.0050179 -0.00770486 -0.0124146 -0.0183788 -0.0230878 
-0.0299136 -0.0286478 -0.0234287 -0.0171932 -0.0117717 -0.00734035 -0.00372691 -0.000950027 0.00161427 0.00512057 0.00943874 0.0127091 0.0133995 0.0119098 0.00980594 0.00817725 0.00707916 0.00593813 0.00397294 0.000746201 -0.00310908 -0.00610183 -0.00734436 -0.00752252 -0.00799 -0.00931663 -0.0114243 -0.0147676 -0.0200568 -0.026216 
-0.0293151 -0.0304673 -0.0282354 -0.024402 -0.0201742 -0.0155372 -0.0105441 -0.00596456 -0.00204481 0.00205676 0.00654687 0.0100381 0.0111662 0.0101598 0.00832598 0.00665572 0.00528188 0.00372658 0.00123473 -0.00258329 -0.00693565 -0.0101825 -0.0114664 -0.0116293 -0.0120757 -0.013145 -0.0143705 -0.0161065 -0.0196076 -0.0248332 
-0.026801 -0.0276702 -0.0269563 -0.0256061 -0.0238648 -0.0210266 -0.0167368 -0.0117965 -0.00695185 -0.00192314 0.00328518 0.00739281 0.00915227 0.00871504 0.00719004 0.00543886 0.00361199 0.00138596 -0.00173925 -0.00592137 -0.0103111 -0.013363 -0.0142913 -0.0139866 -0.0140872 -0.0152529 -0.0169179 -0.0187103 -0.0211104 -0.0242044 
-0.0265643 -0.0251842 -0.0237845 -0.023321 -0.0236341 -0.0233504 -0.0211525 -0.0170559 -0.0117788 -0.00567247 0.000611192 0.00553825 0.00791198 0.00795956 0.00674395 0.00499878 0.00278916 -9.27548e-05 -0.00378078 -0.00806871 -0.0120835 -0.0145439 -0.0148656 -0.0140411 -0.0140323 -0.0159992 -0.0193875 -0.0228665 -0.0255063 -0.0268145 
-0.029315 -0.0254954 -0.0222637 -0.0211658 -0.0222356 -0.0236922 -0.0232527 -0.0200348 -0.0145719 -0.0077153 -0.000708155 0.0046853 0.00737173 0.00773739 0.00684182 0.00525075 0.00287351 -0.000425475 -0.0044288 -0.00858689 -0.0120642 -0.0139532 -0.0139882 -0.0132616 -0.0138166 -0.0169828 -0.0221883 -0.027533 -0.0310815 -0.0316545 
-0.0324821 -0.027558 -0.0231391 -0.0211794 -0.0219177 -0.0234428 -0.0231334 -0.0198623 -0.0142021 -0.00724761 -0.000392631 0.00471983 0.0072536 0.00773398 0.00712623 0.00577905 0.0034663 0.000122487 -0.00379548 -0.00756957 -0.0105321 -0.012202 -0.0126137 -0.0127793 -0.0143929 -0.0184977 -0.0245068 -0.0306156 -0.0347636 -0.0354263 
-0.0332638 -0.029084 -0.0251107 -0.0230469 -0.0229485 -0.0230469 -0.0212431 -0.0169826 -0.0111278 -0.00473989 0.00109443 0.00521623 0.00718596 0.00759739 0.00719532 0.00608374 0.00396647 0.000868017 -0.00262968 -0.00581903 -0.0083095 -0.0100251 -0.0111559 -0.0123869 -0.0147845 -0.0189568 -0.0244493 -0.0300408 -0.0341849 -0.0354019 
-0.0314427 -0.0293288 -0.0269702 -0.0253583 -0.0242124 -0.0222371 -0.018404 -0.0130387 -0.00724867 -0.001867 0.00250893 0.00532909 0.00657905 0.00685492 0.00661487 0.00572348 0.0038492 0.00109034 -0.00191934 -0.00453177 -0.00658374 -0.00827083 -0.00979662 -0.0114463 -0.0137226 -0.0169932 -0.0211351 -0.0256338 -0.0295978 -0.0317732 
-0.0290145 -0.0291507 -0.028352 -0.026962 -0.0247005 -0.0210581 -0.0159986 -0.0103065 -0.00499917 -0.000668167 0.00241705 0.0041675 0.00489586 0.00515235 0.00513588 0.00453138 0.0029661 0.000521974 -0.00219152 -0.00452263 -0.00631108 -0.00777909 -0.00907141 -0.0102408 -0.0115445 -0.0134198 -0.0161833 -0.0198386 -0.0238917 -0.0272702 
-0.0280904 -0.0295435 -0.0293238 -0.0275477 -0.0244018 -0.0202227 -0.0153927 -0.0103802 -0.00576208 -0.00206919 0.000383612 0.00168019 0.00231471 0.00277524 0.00308947 0.00285937 0.00166511 -0.000534559 -0.00324603 -0.00576112 -0.00769707 -0.00904838 -0.00983454 -0.0100685 -0.0100788 -0.0106282 -0.0125183 -0.0159938 -0.0205051 -0.0249148 
-0.0295998 -0.0309577 -0.0301522 -0.0275124 -0.0238382 -0.0200817 -0.0165078 -0.0127354 -0.00870288 -0.00506082 -0.0025111 -0.00107275 -0.000180631 0.000621521 0.0012799 0.00138642 0.00049527 -0.00158172 -0.00452 -0.00759297 -0.0101464 -0.0118193 -0.0124115 -0.0119128 -0.0108147 -0.0103171 -0.0118037 -0.0156909 -0.0209961 -0.0260821 
-0.0327958 -0.0330999 -0.0310007 -0.0272279 -0.0229888 -0.0196439 -0.0173514 -0.0148968 -0.0114362 -0.00761895 -0.0046246 -0.00277912 -0.00154903 -0.000467935 0.000394656 0.000639633 -0.000174303 -0.00230013 -0.00553748 -0.00921337 -0.0125274 -0.014845 -0.015754 -0.0151366 -0.0134626 -0.0121956 -0.0133514 -0.0177608 -0.0240231 -0.0296357 
-0.0351586 -0.0344665 -0.0311878 -0.0263022 -0.021115 -0.0174156 -0.0157669 -0.0145493 -0.0119848 -0.00827882 -0.0049116 -0.0026733 -0.00122718 -8.18719e-05 0.000752388 0.000885644 -0.000114672 -0.00244371 -0.0058743 -0.00978081 -0.0133895 -0.0160657 -0.0174429 -0.0173492 -0.0159257 -0.0143592 -0.0149988 -0.0193857 -0.0262328 -0.032312 
-0.0336124 -0.0325762 -0.0288381 -0.0233654 -0.0173031 -0.0128443 -0.0113524 -0.0112824 -0.00994659 -0.00672751 -0.00316157 -0.000617213 0.000855981 0.00178155 0.00232773 0.00215038 0.000811488 -0.00173961 -0.00507808 -0.0085406 -0.0114915 -0.0135992 -0.0149497 -0.0156029 -0.0152295 -0.0141115 -0.0142695 -0.0179167 -0.0245268 -0.0307724 
-0.0270092 -0.0258634 -0.0221666 -0.0169078 -0.0109204 -0.00638562 -0.00522306 -0.00621433 -0.00612945 -0.00355818 5.90491e-05 0.00278066 0.0040776 0.00452174 0.00457273 0.00400189 0.00237421 -0.000188205 -0.00299669 -0.00531679 -0.00669374 -0.00720762 -0.0075953 -0.00843992 -0.0091619 -0.0090264 -0.00923313 -0.0121957 -0.0181921 -0.0242383 
-0.0172204 -0.0155007 -0.0116246 -0.00704895 -0.00235182 0.000945653 0.00112082 -0.000914971 -0.00195261 -0.000142856 0.00326371 0.00594277 0.00694324 0.00686831 0.00646033 0.00562304 0.00395396 0.00174963 -0.000101562 -0.000906973 -0.000439716 0.000964973 0.00220709 0.00223348 0.00141034 0.000823344 -4.43485e-05 -0.00320548 -0.00907636 -0.0148832 
-0.00714162 -0.00448784 -2.97889e-05 0.00386581 0.00657213 0.00759095 0.00610172 0.00291386 0.000782127 0.00160804 0.00442791 0.00685749 0.0076775 0.00742727 0.00695333 0.0062028 0.00482329 0.00328333 0.00254579 0.00306152 0.00475262 0.00730951 0.00989177 0.0114116 0.0116681 0.0112111 0.00975357 0.00604944 9.04379e-05 -0.00543599 
0.00134898 0.00458299 0.00949881 0.0129048 0.0136962 0.0121562 0.00863976 0.00415128 0.000856198 0.000445011 0.0023255 0.00439322 0.00533395 0.00546611 0.00546771 0.00520272 0.00438077 0.00360607 0.00377186 0.00494999 0.00675145 0.00911284 0.0119181 0.0144596 0.0159395 0.0160742 0.014758 0.0116269 0.00683849 0.00239333 
0.00681986 0.0099635 0.0148623 0.0181446 0.0178699 0.014402 0.00909498 0.00339539 -0.00104383 -0.00286101 -0.00220613 -0.000619762 0.000647687 0.0015496 0.00235786 0.00278194 0.0026082 0.0024687 0.00304378 0.00406872 0.00502056 0.00617432 0.0081091 0.010503 0.0121473 0.0123444 0.0116438 0.0106276 0.0089846 0.00701703 
0.00838601 0.010983 0.0153559 0.0188052 0.0185643 0.0144368 0.00831511 0.00206449 -0.00310875 -0.00619187 -0.00683705 -0.00584141 -0.0042704 -0.00258319 -0.000995742 6.11295e-05 0.000429806 0.000597679 0.000932177 0.00104178 0.000585475 0.000183721 0.00074264 0.00202373 0.00262608 0.00201178 0.00176599 0.00340891 0.00591289 0.00740278 
0.0082475 0.00986132 0.0126491 0.015421 0.015291 0.0114477 0.00576745 0.000108473 -0.00488314 -0.00856079 -0.0100937 -0.00951896 -0.00768666 -0.00541088 -0.00327198 -0.00172932 -0.000927765 -0.000695354 -0.00103007 -0.00224071 -0.00424141 -0.00612399 -0.00700389 -0.00724717 -0.00820616 -0.00994189 -0.00993566 -0.00591632 0.000609557 0.00583104 
0.0116261 0.011545 0.0109302 0.0107753 0.0092637 0.00550631 0.000901165 -0.00332186 -0.0072623 -0.0106442 -0.0122624 -0.0115722 -0.00933802 -0.00667512 -0.00428066 -0.00240057 -0.00108875 -0.000531632 -0.001138 -0.00313847 -0.00608202 -0.00898584 -0.0112171 -0.0132309 -0.0159717 -0.0187642 -0.0183489 -0.011962 -0.00143974 0.00769218 
0.0221584 0.0198029 0.0144808 0.00948481 0.00488152 0.000281121 -0.00363129 -0.00663117 -0.0095106 -0.0122228 -0.0133327 -0.012039 -0.00930329 -0.00660276 -0.00452203 -0.00272044 -0.000833642 0.000771674 0.00122242 6.39144e-05 -0.00232108 -0.00527107 -0.00860801 -0.0127529 -0.0177857 -0.0217804 -0.020578 -0.011206 0.00376214 0.0169013 
0.038157 0.0335363 0.0238705 0.0140954 0.00608007 0.000122735 -0.00379856 -0.00641001 -0.00888824 -0.0112193 -0.0119001 -0.0101478 -0.00730351 -0.00527585 -0.00442309 -0.00349236 -0.00128208 0.00197043 0.00489225 0.00636336 0.00615352 0.0042843 0.000391319 -0.00584572 -0.0133491 -0.0184737 -0.015967 -0.003112 0.0160892 0.0323265 
0.0536726 0.0471996 0.0346279 0.0215604 0.0110718 0.00406549 4.69588e-05 -0.0023501 -0.00454872 -0.00673268 -0.00757392 -0.00626005 -0.00421998 -0.00361331 -0.00460678 -0.00509255 -0.00293935 0.00194395 0.00774158 0.0124432 0.014974 0.0147837 0.0111819 0.00399082 -0.00476232 -0.0100463 -0.00591007 0.00968608 0.0312627 0.0484402 
0.0627662 0.0552878 0.0413826 0.0265526 0.0145132 0.00676811 0.0029144 0.00139073 0.000264947 -0.00149013 -0.00300434 -0.00307139 -0.0025318 -0.00338046 -0.00576005 -0.0072584 -0.00525976 0.000608568 0.00833279 0.0152944 0.0198517 0.0212736 0.0189565 0.0128704 0.00517034 0.000896726 0.00581632 0.0216312 0.0426299 0.0586692 
0.0636912 0.0569619 0.0433614 0.0277456 0.0141121 0.00483835 0.000513295 -1.99238e-05 0.000518111 -0.000313967 -0.00228444 -0.00357033 -0.00402914 -0.00522895 -0.00751795 -0.00887232 -0.00685225 -0.000975249 0.00693679 0.0143388 0.0196292 0.0223192 0.0221903 0.0191884 0.0144198 0.0112337 0.0146114 0.0272341 0.0451925 0.0596133 
0.0598267 0.0559115 0.0438089 0.0274695 0.0111671 -0.00139838 -0.00786839 -0.00848856 -0.00666606 -0.00621545 -0.00758664 -0.00862253 -0.0084719 -0.00837536 -0.00904849 -0.00923924 -0.00707827 -0.0020629 0.00452033 0.0108068 0.0157405 0.0193239 0.0217935 0.0227519 0.0213228 0.0182288 0.0178105 0.0251005 0.0394333 0.0535136 
0.0561523 0.0555262 0.0443621 0.0262977 0.00642134 -0.0100933 -0.0193233 -0.020805 -0.018373 -0.0166612 -0.016656 -0.0162989 -0.0145117 -0.0123782 -0.0109623 -0.00980341 -0.00766455 -0.00395484 0.00080999 0.00564951 0.0100422 0.014323 0.0190057 0.0231463 0.0238722 0.0197861 0.0152907 0.0180297 0.0303587 0.0460607 
0.0550668 0.0555408 0.0427292 0.0217676 -0.000547109 -0.0183106 -0.0277574 -0.0289418 -0.0260802 -0.0238977 -0.0234181 -0.0226072 -0.0201964 -0.0170426 -0.0144158 -0.0125705 -0.0108762 -0.00850129 -0.00498661 -0.000528676 0.00437059 0.00969857 0.015693 0.020838 0.0212893 0.0153029 0.00826843 0.00953696 0.0227853 0.0416403 
0.0557006 0.0538958 0.0365828 0.0127207 -0.00853657 -0.0221676 -0.0271674 -0.0257126 -0.0223931 -0.0212794 -0.0226896 -0.0239979 -0.0233113 -0.0210598 -0.018659 -0.0170443 -0.0161344 -0.0147474 -0.0113936 -0.00570782 0.00127455 0.00839515 0.0148324 0.0184612 0.0157792 0.0066516 -0.0016576 0.000986331 0.0177752 0.0406083 
0.0561806 0.0505657 0.0281632 0.0029251 -0.0136606 -0.0188036 -0.0160523 -0.0106266 -0.00728068 -0.00885211 -0.0143835 -0.0200397 -0.0228604 -0.0228095 -0.0215638 -0.0206546 -0.0203457 -0.0191288 -0.014812 -0.0068347 0.00300273 0.0121184 0.018247 0.018665 0.0109183 -0.0026553 -0.0125115 -0.00786501 0.0133691 0.040406 
0.0557739 0.0481553 0.0233933 -0.000993266 -0.0118736 -0.00839388 0.00181051 0.0106577 0.0132611 0.00806068 -0.00254838 -0.0132482 -0.0198776 -0.0220817 -0.0219579 -0.0214911 -0.0210525 -0.0189986 -0.013071 -0.00297523 0.00888356 0.019063 0.0243546 0.0216709 0.0094475 -0.00816127 -0.0200098 -0.0147042 0.00927097 0.0392445 
0.0540318 0.0477794 0.0253708 0.00393842 -0.00316123 0.00486379 0.0190632 0.0296676 0.0311675 0.0225386 0.0073409 -0.00767358 -0.0172396 -0.0207829 -0.02085 -0.0198676 -0.0183908 -0.0150147 -0.00798356 0.00254903 0.0142648 0.0241924 0.029291 0.0262999 0.0136983 -0.00424662 -0.0167389 -0.0128517 0.00917122 0.0376431 
0.0484268 0.0455629 0.0298664 0.0134209 0.00747797 0.0145104 0.0279496 0.0383941 0.0391607 0.0284304 0.0102014 -0.00759255 -0.0186694 -0.0221359 -0.0208929 -0.0180334 -0.0148016 -0.010533 -0.00417472 0.00412146 0.0133759 0.0226502 0.0299655 0.0315678 0.0246897 0.0117826 0.00106061 0.00139695 0.0152891 0.0353822 
0.0366131 0.0369668 0.0302395 0.0207029 0.015006 0.0174149 0.026329 0.0350267 0.0357534 0.0246775 0.00527591 -0.0136898 -0.0249322 -0.0270782 -0.0233018 -0.0176424 -0.0125817 -0.00855584 -0.00496042 -0.00101121 0.00483542 0.0144277 0.0267734 0.0367955 0.0392544 0.0336944 0.0252153 0.0205083 0.02285 0.0301317 
0.0244966 0.0271566 0.0283238 0.0254865 0.0201582 0.017316 0.0203749 0.0264787 0.0275582 0.0174441 -0.00161782 -0.0205143 -0.0311292 -0.0316108 -0.0253445 -0.017309 -0.011299 -0.00876216 -0.00898897 -0.00947526 -0.00594808 0.00547523 0.0237456 0.0417519 0.0514051 0.0498509 0.0411116 0.0318622 0.0258886 0.0235843 
0.0311099 0.035317 0.0386019 0.0367138 0.0292387 0.021274 0.0189407 0.0222389 0.0234105 0.0146286 -0.00324054 -0.0213722 -0.0313395 -0.0309417 -0.0235487 -0.0146464 -0.00889131 -0.00831425 -0.0116911 -0.0147849 -0.0115792 0.00213956 0.0242222 0.0458093 0.0569525 0.0540913 0.0431075 0.0335171 0.0293908 0.0290141 
0.081505 0.0846258 0.0784909 0.0650195 0.0482009 0.0338284 0.0272269 0.0281643 0.0287817 0.0205592 0.00337917 -0.0146478 -0.0252202 -0.0257477 -0.0191466 -0.0108253 -0.00576724 -0.00625732 -0.0106654 -0.0138545 -0.00960208 0.0051958 0.0272058 0.0473932 0.0561152 0.0509442 0.0411614 0.0403448 0.052443 0.0693657 
0.186984 0.1821 0.151287 0.111054 0.0761969 0.05387 0.0450558 0.0453779 0.0452717 0.0359251 0.0169976 -0.00367594 -0.0176106 -0.0215032 -0.0174959 -0.0106096 -0.00586331 -0.00568668 -0.00848325 -0.00936753 -0.00326599 0.0111993 0.0302658 0.0467429 0.0536853 0.0511922 0.051638 0.0715577 0.113577 0.160063 
0.321182 0.300055 0.23404 0.158889 0.102679 0.0734744 0.0657551 0.0684764 0.0686549 0.0568112 0.0331275 0.0064508 -0.0135179 -0.0224805 -0.0220145 -0.0169029 -0.0120717 -0.00992259 -0.00913507 -0.00588162 0.0029815 0.0170938 0.0329909 0.0464283 0.0544681 0.0604208 0.0786991 0.126645 0.203979 0.28226 
0.419369 0.380591 0.284577 0.182549 0.112039 0.080747 0.0774855 0.0854254 0.0879382 0.0741658 0.0449354 0.0112592 -0.0149386 -0.0283971 -0.0307973 -0.0271186 -0.0221087 -0.0178681 -0.013275 -0.00570046 0.00610931 0.0204667 0.0343619 0.0459664 0.0558266 0.0701941 0.104494 0.175042 0.278035 0.376728 
