0.428864 0.440833 0.369394 0.254267 0.145501 0.0725208 0.035254 0.0177672 0.00828962 0.00495024 0.00644414 0.00696965 0.00264859 -0.00400191 -0.00879819 -0.0107668 -0.010586 -0.00698599 0.00326483 0.0209342 0.0399307 0.0496684 0.0437421 0.0256201 0.00611819 -0.000876572 0.0215183 0.0896596 0.204283 0.335309 
0.36816 0.386831 0.328489 0.221759 0.111855 0.0328931 -0.00658414 -0.0179364 -0.0154968 -0.00708761 0.00210297 0.00593261 0.00192865 -0.00563856 -0.0110274 -0.0126315 -0.0117096 -0.00809421 0.000736026 0.01577 0.0321442 0.0408937 0.0363912 0.0213304 0.00475359 -0.00178024 0.0156364 0.0712214 0.167461 0.281378 
0.245718 0.266658 0.230499 0.151916 0.0641732 -0.00157385 -0.0328143 -0.0362499 -0.0254987 -0.0109566 0.000594923 0.00413266 -0.00114346 -0.0101576 -0.0165387 -0.0181218 -0.0164103 -0.0121794 -0.00371495 0.009946 0.0248871 0.0335541 0.0310523 0.0193808 0.00567583 -0.00163689 0.0065349 0.0399524 0.102226 0.180577 
0.133595 0.15251 0.135856 0.0875086 0.0286243 -0.0160997 -0.0347041 -0.0315612 -0.0182806 -0.00460945 0.00373663 0.00397838 -0.0033166 -0.0134998 -0.0207682 -0.0227378 -0.0207127 -0.0158619 -0.00714948 0.00606995 0.0204843 0.0297532 0.0296255 0.0214579 0.010725 0.00321483 0.00377414 0.0176873 0.0486658 0.0923443 
0.0694334 0.0825015 0.0750606 0.0461163 0.00953195 -0.0157513 -0.0213309 -0.0130251 -0.00163422 0.00568557 0.00682032 0.00218585 -0.00680795 -0.0170078 -0.0241852 -0.0262278 -0.0240598 -0.0188153 -0.0100065 0.00256576 0.0163788 0.0269439 0.0310672 0.02909 0.024021 0.0189436 0.0159145 0.0176177 0.0278148 0.0471951 
0.0457829 0.0496621 0.0410173 0.0192915 -0.00399051 -0.0140004 -0.00733276 0.00598365 0.014223 0.0132625 0.00581503 -0.00408297 -0.0143141 -0.0233844 -0.0290536 -0.030111 -0.0274535 -0.0220764 -0.0137399 -0.00238105 0.0107543 0.0237666 0.0349297 0.0429099 0.0467593 0.0460897 0.0415247 0.0357245 0.033422 0.0376895 
0.0404902 0.0342911 0.0190392 -0.0022802 -0.0180238 -0.0168851 -0.000524266 0.0168158 0.0224315 0.0149298 0.00101152 -0.0126266 -0.0232593 -0.0304155 -0.0335422 -0.0327102 -0.0292947 -0.024223 -0.0170379 -0.00720674 0.00555159 0.0217605 0.0407582 0.0589632 0.0710656 0.0736167 0.0672392 0.056236 0.0467372 0.0423759 
0.0395761 0.0276194 0.00720589 -0.014906 -0.0265743 -0.0196485 0.000497822 0.0177993 0.0204553 0.0096212 -0.00612426 -0.0196623 -0.0285012 -0.0328175 -0.0331272 -0.0304344 -0.0265641 -0.022449 -0.0172378 -0.00958401 0.00221973 0.0203334 0.0442157 0.0678627 0.0829607 0.085292 0.0768748 0.0634691 0.0518033 0.0451851 
0.0394867 0.0302082 0.010726 -0.010733 -0.0218175 -0.0159034 0.000627734 0.0127497 0.0112393 -0.000626117 -0.0142313 -0.0238584 -0.0283494 -0.0288866 -0.0267114 -0.0229755 -0.0193424 -0.0167326 -0.014219 -0.00988057 -0.000903979 0.0158655 0.0394878 0.0620961 0.0744971 0.0740908 0.064782 0.0524394 0.0433676 0.0407853 
0.0390265 0.0390363 0.0260513 0.00672697 -0.00676252 -0.00682071 0.00221532 0.00779554 0.00255122 -0.00960433 -0.0205762 -0.0258029 -0.0255242 -0.0223624 -0.0183809 -0.0144392 -0.011509 -0.0104121 -0.010541 -0.00988243 -0.00503644 0.00758361 0.0268021 0.044325 0.051813 0.0487574 0.0400217 0.0306115 0.0263245 0.0309628 
0.0350245 0.0445867 0.0397659 0.0236671 0.00756376 0.00155205 0.00512426 0.0078095 0.00150091 -0.0112232 -0.0221396 -0.0259433 -0.0231795 -0.0177849 -0.012809 -0.00897463 -0.00660169 -0.00638566 -0.00809117 -0.00982211 -0.00821098 -3.50098e-05 0.0136736 0.0259761 0.0301731 0.0262266 0.0182225 0.0105441 0.00932761 0.0191507 
0.0267593 0.0415386 0.0434422 0.0316461 0.0155299 0.00726146 0.00992981 0.0141057 0.00914483 -0.00467824 -0.0182019 -0.0238857 -0.0215614 -0.0159232 -0.0108267 -0.00713042 -0.00487936 -0.0047281 -0.0066582 -0.00886546 -0.0084538 -0.00310227 0.00675118 0.0167044 0.0212762 0.0183912 0.00992987 0.000860591 -0.00118547 0.00880166 
0.0187762 0.0343388 0.0406127 0.0338326 0.020722 0.0136298 0.0176485 0.0241774 0.0207883 0.00594 -0.0104505 -0.0189611 -0.0186537 -0.0143845 -0.0102036 -0.00700047 -0.00477123 -0.00424049 -0.00561114 -0.00733557 -0.00714051 -0.00329188 0.00503831 0.0161335 0.0245339 0.0242905 0.0145699 0.00204136 -0.0033874 0.00330203 
0.015759 0.0293285 0.0375566 0.0356289 0.0272231 0.0224346 0.0266017 0.033012 0.0301295 0.0156239 -0.00133384 -0.0113275 -0.0132036 -0.0113605 -0.00918972 -0.00718549 -0.00526669 -0.0042749 -0.0048212 -0.00605692 -0.0063864 -0.00391807 0.00392137 0.0174772 0.0305907 0.0336456 0.0235925 0.00870167 0.000709119 0.00415325 
0.017447 0.0268209 0.0343582 0.0362244 0.0328162 0.0298812 0.0318863 0.0355229 0.0327541 0.0210196 0.00671348 -0.00280029 -0.0064818 -0.00752864 -0.00796196 -0.00756927 -0.00612959 -0.00456204 -0.00397867 -0.00456821 -0.00549865 -0.00443249 0.0025857 0.0169955 0.0324286 0.0379152 0.029451 0.0155585 0.00794351 0.00985604 
0.019334 0.0224955 0.027042 0.0312982 0.0323465 0.0307231 0.0296835 0.0299649 0.0279753 0.0209392 0.0113339 0.00354848 -0.00134265 -0.00483965 -0.00745938 -0.00836631 -0.00722342 -0.00492915 -0.00292806 -0.00231304 -0.00298003 -0.00250014 0.00337283 0.0162474 0.0305945 0.0367539 0.0310118 0.0206598 0.0153981 0.0164768 
0.0163633 0.0133676 0.0148123 0.0208462 0.0257073 0.0255126 0.0224048 0.0202911 0.0192166 0.0163546 0.0109813 0.00506975 -0.00010774 -0.00468124 -0.00825009 -0.00970671 -0.00862284 -0.0057561 -0.00255828 -0.000484476 0.000130837 0.00131309 0.00654997 0.0169977 0.0285045 0.0339223 0.0303086 0.0230662 0.0193119 0.0186398 
0.00740253 0.00181783 0.00310405 0.0115979 0.0197247 0.0212345 0.017443 0.0135811 0.0117461 0.00979974 0.00601933 0.00134348 -0.00304136 -0.0070391 -0.0102701 -0.0116533 -0.0105954 -0.00760294 -0.00389043 -0.000777721 0.00130342 0.00376972 0.00894145 0.0173392 0.0260708 0.0302598 0.0274681 0.0211569 0.0165457 0.0131449 
-0.00248439 -0.00567601 -0.000879088 0.010639 0.0207877 0.0234003 0.0194944 0.0138275 0.0089565 0.00423767 -0.000786711 -0.00501264 -0.0079335 -0.0103953 -0.0126806 -0.0137858 -0.0128385 -0.0100669 -0.0064561 -0.0031197 -0.000490222 0.00233913 0.00678534 0.0130452 0.0194236 0.0228711 0.0209846 0.0150516 0.00887673 0.00340445 
-0.00657103 -0.00491315 0.00431237 0.017571 0.0274557 0.0297803 0.0258611 0.018845 0.0104738 0.00172051 -0.00561055 -0.00983103 -0.0114584 -0.0125916 -0.0141333 -0.0150428 -0.0141891 -0.0116639 -0.00847053 -0.00579155 -0.00414999 -0.00288475 -0.000914112 0.00222065 0.00630716 0.0100776 0.0109631 0.00769768 0.00220826 -0.00310974 
-0.00388845 0.00113777 0.0123955 0.0248212 0.0324484 0.0336587 0.0302134 0.0233042 0.0132674 0.0021194 -0.00655147 -0.0107402 -0.0117911 -0.0124505 -0.0137349 -0.0144954 -0.0135572 -0.0111467 -0.00856999 -0.00730327 -0.00793197 -0.0096985 -0.0113633 -0.0118197 -0.00976784 -0.00486561 0.000319687 0.00223815 0.000318933 -0.00295266 
-0.000154958 0.00473467 0.014875 0.024961 0.030414 0.0313029 0.0293423 0.0240914 0.0147268 0.00365292 -0.0047864 -0.00864369 -0.0096237 -0.0103835 -0.0116332 -0.0121465 -0.0109275 -0.0085328 -0.0066834 -0.00713152 -0.010341 -0.0151541 -0.0198795 -0.0228122 -0.0218621 -0.0158766 -0.00709727 -0.000203373 0.00189408 0.000404536 
-0.00116454 0.00040366 0.00766069 0.0160436 0.021519 0.0241227 0.0247747 0.0220392 0.0145863 0.00488641 -0.00255523 -0.00584205 -0.00667368 -0.00741236 -0.00847394 -0.00862647 -0.00707062 -0.00463732 -0.00335911 -0.00514525 -0.01025 -0.0170209 -0.0231962 -0.0267253 -0.0257329 -0.0193114 -0.00922774 -2.57807e-05 0.00388555 0.00197359 
-0.00629215 -0.00976277 -0.00596466 0.0018398 0.00937543 0.0152818 0.0191748 0.0191263 0.0137422 0.00544724 -0.0011329 -0.00380107 -0.0040405 -0.00416723 -0.00466606 -0.00441388 -0.0026597 -0.000247467 0.000728201 -0.00167297 -0.00758445 -0.0150441 -0.0213134 -0.0241488 -0.0223569 -0.0159055 -0.00632975 0.00253398 0.00574004 0.00135484 
-0.00884733 -0.0173111 -0.0173609 -0.0106254 -0.00141835 0.00741484 0.0141295 0.0164243 0.0128632 0.00567695 -0.000370562 -0.00249999 -0.00182142 -0.000827471 -0.000429737 0.000235094 0.00197855 0.004182 0.00495336 0.0024977 -0.00327043 -0.0103865 -0.0159444 -0.0175768 -0.0145867 -0.00783833 0.000901266 0.00840619 0.0099841 0.00298858 
-0.00340695 -0.0154957 -0.0196418 -0.0157399 -0.00720581 0.00252594 0.0106619 0.0144718 0.0123844 0.00625432 0.000695281 -0.00106147 0.000363288 0.00241957 0.00373694 0.00482172 0.00649491 0.00839939 0.00898721 0.00678717 0.00180069 -0.00421194 -0.00852625 -0.00878501 -0.00444612 0.00307108 0.0115365 0.0180736 0.0186835 0.0105871 
0.00744545 -0.00643823 -0.0141343 -0.0140567 -0.00814219 0.000421387 0.00832023 0.012598 0.0116739 0.00692119 0.00225956 0.000830994 0.00249586 0.00504273 0.00696819 0.00844529 0.0101388 0.0118294 0.0123326 0.0105771 0.00667239 0.00209512 -0.000812688 0.000127955 0.00546126 0.0136181 0.0221143 0.0283396 0.0290103 0.0214517 
0.0150977 0.0012281 -0.00853072 -0.0116535 -0.00878116 -0.0025317 0.00392983 0.0079702 0.00825293 0.00561136 0.00276766 0.00210999 0.00377767 0.00626968 0.00841148 0.0101756 0.0119165 0.0134149 0.0138472 0.0125356 0.00962861 0.00626233 0.00434982 0.00581451 0.0111962 0.019014 0.0269137 0.0327126 0.0337802 0.0276239 
0.0128716 0.000720949 -0.00928635 -0.0142602 -0.0140024 -0.0104487 -0.00594619 -0.00225792 -0.00036446 -2.322e-05 8.44051e-05 0.00112762 0.00317032 0.00552081 0.00767156 0.00957961 0.0112419 0.0123598 0.0124655 0.0112572 0.00885481 0.00601301 0.00423801 0.00521844 0.00944595 0.01556 0.0215833 0.0260461 0.0271575 0.022772 
0.0012652 -0.00793234 -0.0168724 -0.0226216 -0.0244162 -0.0234187 -0.0208208 -0.0173444 -0.0136446 -0.00997301 -0.00623346 -0.00259909 0.000541078 0.00308937 0.00527825 0.00721634 0.00863317 0.00914474 0.00858304 0.00696674 0.00438401 0.00125024 -0.00129256 -0.001776 0.000222041 0.00347713 0.00652936 0.00886356 0.00978567 0.00759874 
-0.0131132 -0.0191833 -0.0267366 -0.0327439 -0.03595 -0.0368422 -0.0356914 -0.0324362 -0.0274042 -0.0209975 -0.0138808 -0.00739398 -0.00263437 0.00050857 0.00283639 0.00470482 0.00575671 0.00558608 0.00422822 0.00192018 -0.00124473 -0.0050853 -0.0088062 -0.0112233 -0.0119885 -0.0120713 -0.012266 -0.0120417 -0.0110069 -0.0106025 
-0.0231607 -0.0269302 -0.0335213 -0.0395908 -0.0434405 -0.0452266 -0.0449031 -0.042045 -0.0365802 -0.0286761 -0.0192849 -0.0105491 -0.004272 -0.000457897 0.00197817 0.00362666 0.00419997 0.003356 0.00127082 -0.00166661 -0.0053034 -0.00960555 -0.0141546 -0.0181537 -0.0213201 -0.0242372 -0.0269833 -0.0281426 -0.0265659 -0.0237423 
-0.0264924 -0.0289895 -0.0349916 -0.0408726 -0.0446335 -0.0464029 -0.0462973 -0.0438473 -0.0385996 -0.0303901 -0.0202127 -0.0105524 -0.00358253 0.000510148 0.00282652 0.00405209 0.00400959 0.00249293 -0.000177536 -0.00348865 -0.00721251 -0.0114174 -0.0160765 -0.020834 -0.0254233 -0.0299428 -0.0338903 -0.0354378 -0.0332074 -0.0288408 
-0.0257276 -0.0274659 -0.0326051 -0.037725 -0.0408331 -0.0420304 -0.0416073 -0.0391837 -0.0341725 -0.0263671 -0.0168032 -0.00783063 -0.00141925 0.00225534 0.00413245 0.00476731 0.00402926 0.00191011 -0.00109189 -0.00442298 -0.00788566 -0.0116399 -0.0159796 -0.0209422 -0.0261629 -0.031131 -0.0349686 -0.0360605 -0.0333729 -0.0286014 
-0.0245757 -0.0253876 -0.0287259 -0.0320767 -0.0339766 -0.034388 -0.0333914 -0.0305821 -0.0255439 -0.0184551 -0.0104839 -0.00346758 0.00132249 0.00394991 0.00511497 0.00507423 0.0036706 0.00112722 -0.00187532 -0.00488428 -0.00792164 -0.0112645 -0.0153946 -0.0205991 -0.0262766 -0.0312077 -0.0342871 -0.0345546 -0.0316931 -0.027322 
-0.0240584 -0.0233147 -0.0237347 -0.0241793 -0.0242584 -0.0238925 -0.0225841 -0.0195863 -0.0146914 -0.00862592 -0.00268816 0.00193434 0.00475304 0.0060611 0.00631526 0.00551707 0.00351259 0.000723769 -0.00206073 -0.00459127 -0.00722042 -0.010372 -0.0146033 -0.0202856 -0.0265134 -0.0314285 -0.0338067 -0.0333948 -0.0305747 -0.0267791 
-0.0217157 -0.0187485 -0.0156973 -0.0129067 -0.0111525 -0.0103833 -0.00945014 -0.00710049 -0.00314571 0.00138799 0.00524186 0.00776992 0.0089422 0.00902365 0.00825088 0.00660138 0.00407353 0.00120712 -0.00124835 -0.00326107 -0.00544516 -0.00835494 -0.0125994 -0.0185368 -0.0250034 -0.0297956 -0.0317301 -0.0310274 -0.0284173 -0.0249719 
-0.0143094 -0.00899408 -0.0030659 0.00168944 0.00388894 0.0039999 0.00377529 0.00470987 0.00698753 0.00961286 0.0115614 0.0125333 0.0125918 0.0117414 0.0100274 0.00760901 0.00477505 0.00210933 0.000190332 -0.00111339 -0.00248862 -0.00456697 -0.00807175 -0.0133482 -0.0191136 -0.0232197 -0.0247089 -0.0239768 -0.0217134 -0.0184597 
-0.00271091 0.00406712 0.0112104 0.0156101 0.016027 0.0140916 0.0122432 0.0117946 0.012621 0.0137518 0.0143725 0.0143636 0.0137706 0.0123697 0.0100855 0.00728406 0.00452197 0.00238132 0.00125939 0.000975678 0.000943928 0.000488236 -0.00130369 -0.00483493 -0.00892761 -0.0118134 -0.0127664 -0.0120593 -0.0102089 -0.0073324 
0.00563511 0.0123088 0.0190052 0.0215287 0.0190335 0.0145657 0.0113933 0.010558 0.0113361 0.0124328 0.0129366 0.0127459 0.0119805 0.0104537 0.00811782 0.00543017 0.00302627 0.00145536 0.00106748 0.00180895 0.0032874 0.00476786 0.0051137 0.00375207 0.00148348 -0.000448604 -0.00132482 -0.00102188 1.93536e-05 0.00177349 
0.00150301 0.00711145 0.0132116 0.0146301 0.0104465 0.00459028 0.00119036 0.00139064 0.00392512 0.00682317 0.00869454 0.00928112 0.00886683 0.00757391 0.00555054 0.00322234 0.00108087 -0.000393703 -0.000719414 0.000386789 0.00281101 0.00575585 0.00783866 0.00818094 0.00699892 0.00499408 0.00302465 0.00166894 0.000541435 -0.000251201 
-0.0166569 -0.011436 -0.00420365 -0.00138915 -0.00468934 -0.0100289 -0.0125123 -0.0104035 -0.00514949 0.000552491 0.00465242 0.00661022 0.00684141 0.00586429 0.00411727 0.00195397 -0.000406439 -0.00261031 -0.0039508 -0.00362162 -0.0012869 0.00228769 0.00543598 0.00681276 0.00594817 0.00299415 -0.00121387 -0.00587139 -0.0110756 -0.0158647 
-0.0388078 -0.0319041 -0.0213146 -0.015153 -0.0160872 -0.0200526 -0.0214632 -0.0178416 -0.0105138 -0.00262063 0.00328933 0.00637125 0.00703899 0.00612138 0.0043366 0.00196161 -0.00109347 -0.00465236 -0.0077877 -0.00907871 -0.00756644 -0.00383198 0.000158929 0.00244731 0.00180145 -0.00222688 -0.00905188 -0.0178142 -0.0279187 -0.036705 
-0.0503715 -0.0394407 -0.0245788 -0.0156318 -0.015507 -0.0193461 -0.0207456 -0.0169482 -0.00940121 -0.00132631 0.00474691 0.00785864 0.00834337 0.00721684 0.00533663 0.00276947 -0.00092687 -0.00572286 -0.0104666 -0.0131932 -0.0123773 -0.00836364 -0.00332736 0.000188609 0.000157998 -0.00454864 -0.0136125 -0.0258509 -0.0394675 -0.0498584 
-0.0436457 -0.0276397 -0.0098859 -0.00126405 -0.00348541 -0.009578 -0.0121473 -0.00917696 -0.00314335 0.00282307 0.00697439 0.00875011 0.00851835 0.00735593 0.0059662 0.00390646 0.000299646 -0.00485209 -0.0101125 -0.0131786 -0.0123027 -0.00772853 -0.00161802 0.00326781 0.00427087 -0.000522194 -0.0110139 -0.025159 -0.0394431 -0.0477727 
-0.0242103 -0.00471937 0.01273 0.01754 0.0104052 0.00100678 -0.00260422 -0.000233748 0.00372298 0.00628679 0.00722055 0.00699916 0.00618646 0.00570094 0.00576581 0.00521289 0.00269239 -0.00174379 -0.00635732 -0.00872468 -0.00726939 -0.00233515 0.00424346 0.0101386 0.0124645 0.00840022 -0.00238961 -0.0168073 -0.0294796 -0.0336003 
-0.00705609 0.0123581 0.0267235 0.0268086 0.0156266 0.00460265 0.00149069 0.00424401 0.00655754 0.00585254 0.00379461 0.00216624 0.00161246 0.00257382 0.00469856 0.00624301 0.00546273 0.00236212 -0.0011792 -0.00280649 -0.00132893 0.00277211 0.00840861 0.0144423 0.0182821 0.0160736 0.00645785 -0.00704975 -0.0178087 -0.0189003 
-0.00360137 0.0127143 0.0239091 0.0220481 0.0108006 0.00129258 0.000118979 0.00366304 0.00476224 0.00166879 -0.00217883 -0.00403978 -0.00361822 -0.00116666 0.00267283 0.0060713 0.00705442 0.00535202 0.0026557 0.00101706 0.00114646 0.00255484 0.00538428 0.0104095 0.015882 0.0168661 0.0101564 -0.00167488 -0.0118872 -0.0135185 
-0.01143 0.000654374 0.010815 0.0114648 0.00456493 -0.0011834 -0.000586662 0.00275727 0.00242117 -0.00229505 -0.0069411 -0.00855075 -0.0074753 -0.00451816 -0.000133246 0.00425467 0.00660783 0.00620651 0.00424984 0.00225167 0.000342245 -0.00194247 -0.00300163 0.000302307 0.00755647 0.0128879 0.0105937 0.000922659 -0.0103963 -0.0160252 
-0.0180058 -0.0101315 0.000441176 0.00607912 0.00556964 0.00369809 0.00428164 0.00544036 0.0030265 -0.00282913 -0.00796103 -0.00990231 -0.00940453 -0.00729284 -0.00351776 0.00103727 0.00435425 0.00523959 0.00427475 0.00240738 -0.000727786 -0.00566777 -0.00971956 -0.00763308 0.00171712 0.0119097 0.0146878 0.00740087 -0.00561842 -0.0163577 
-0.012743 -0.00866586 0.00114002 0.0100735 0.0144089 0.0147135 0.0131519 0.010263 0.00509818 -0.00167425 -0.00735932 -0.0105038 -0.0117167 -0.011225 -0.00844928 -0.00398222 0.000107903 0.00219342 0.00227055 0.000996379 -0.00197714 -0.00720625 -0.0117959 -0.0095006 0.00213642 0.01686 0.0245785 0.0201205 0.00677011 -0.00684113 
0.00595002 0.00670446 0.0126254 0.0201094 0.0253911 0.0257861 0.0211827 0.0136723 0.00529041 -0.00269483 -0.00924241 -0.0140528 -0.0173281 -0.0183832 -0.0162133 -0.0114869 -0.00653918 -0.00344437 -0.00269074 -0.00354127 -0.00565188 -0.00930833 -0.0123038 -0.00886114 0.00440353 0.022502 0.0349489 0.0348349 0.0245012 0.0124876 
0.0316895 0.0290695 0.027978 0.0293096 0.031888 0.031387 0.0249721 0.0144632 0.00345868 -0.00605956 -0.0138363 -0.0203119 -0.0253434 -0.0274342 -0.0252684 -0.0197873 -0.0137543 -0.00970649 -0.00858404 -0.00954496 -0.011297 -0.0134209 -0.0145194 -0.0101698 0.00341116 0.0233637 0.0404519 0.0468006 0.0430679 0.0363557 
0.0552787 0.0486996 0.0390721 0.0318169 0.0296287 0.0282141 0.0225046 0.0126048 0.00163867 -0.00828834 -0.0168593 -0.0244982 -0.0307037 -0.0334465 -0.031213 -0.0251034 -0.0181091 -0.013089 -0.01159 -0.0132107 -0.0160543 -0.0184392 -0.0187823 -0.0138761 -0.000445764 0.0203239 0.0413871 0.0548122 0.0589002 0.0581327 
0.0717543 0.0608113 0.0431523 0.0272869 0.0193855 0.0167067 0.0134998 0.00778562 0.00048035 -0.0073909 -0.0153528 -0.0231977 -0.0299017 -0.0332171 -0.0315618 -0.0258057 -0.0185889 -0.0127735 -0.0107041 -0.0130903 -0.0179994 -0.0221325 -0.0225263 -0.0165993 -0.00263707 0.0184241 0.0418093 0.0606092 0.0710001 0.0743925 
0.0832938 0.0678398 0.0437892 0.0209857 0.0076269 0.00335639 0.00312145 0.00287873 0.00053459 -0.00446342 -0.0113223 -0.0187791 -0.0253412 -0.0290947 -0.0286236 -0.0241383 -0.0173479 -0.0108204 -0.00763585 -0.00974299 -0.0155741 -0.0206363 -0.0205855 -0.0132568 0.00125306 0.0216563 0.0453588 0.0671745 0.0817622 0.0873501 
0.0926139 0.0723254 0.0436353 0.0169806 0.00090588 -0.00327632 -0.000180974 0.00374953 0.00379376 -0.00100876 -0.00848286 -0.0159884 -0.0220402 -0.0257974 -0.0263332 -0.0230482 -0.0165164 -0.00887237 -0.00358573 -0.00340907 -0.00735876 -0.0108865 -0.00941576 -0.00128804 0.0124673 0.0308097 0.0530596 0.0757704 0.0928153 0.0993164 
0.095576 0.0706044 0.0394017 0.0133021 -0.000239596 -0.000534205 0.00654392 0.0121531 0.0105735 0.00240432 -0.00782123 -0.016266 -0.0219491 -0.0253207 -0.0261059 -0.0232521 -0.0164907 -0.00745754 0.000464877 0.00427707 0.00425463 0.00394876 0.0071682 0.0153007 0.0274885 0.0430762 0.0621366 0.0827775 0.0996267 0.105615 
0.0841669 0.0569313 0.0270839 0.00686091 0.00159146 0.00888046 0.020086 0.0250808 0.0193814 0.00634628 -0.00741895 -0.0175912 -0.0236293 -0.0266021 -0.0268337 -0.0236443 -0.0166172 -0.00684758 0.00285496 0.00969743 0.0132855 0.0157739 0.0200491 0.027887 0.039109 0.0522799 0.0662899 0.0807982 0.0934233 0.0969712 
0.0560354 0.0319945 0.00947109 0.000314985 0.00718361 0.0237058 0.0384123 0.0413533 0.0306406 0.0123872 -0.00549088 -0.0184862 -0.0258929 -0.028618 -0.027622 -0.0234307 -0.0162028 -0.00658017 0.00346411 0.0115753 0.0168091 0.0200215 0.0235887 0.0305009 0.0414259 0.0527165 0.0602621 0.0650441 0.0694917 0.0690772 
0.0193939 0.004645 -0.00527597 -0.000678532 0.0185641 0.0432265 0.0603992 0.0610107 0.0452768 0.0212348 -0.00199932 -0.0191381 -0.0287675 -0.0315518 -0.0292213 -0.0236592 -0.0158305 -0.00618382 0.00393143 0.0124534 0.0178587 0.019816 0.0205656 0.0249783 0.0350049 0.0444808 0.045354 0.0390242 0.0333155 0.0289114 
-0.0108606 -0.014324 -0.0119556 0.00364726 0.0313267 0.0609813 0.0797775 0.0792384 0.0600438 0.031002 0.00253159 -0.0188342 -0.0310402 -0.0348017 -0.0323275 -0.0260879 -0.0174475 -0.00689164 0.00439761 0.0143253 0.0206068 0.0215026 0.018786 0.0190589 0.0262256 0.0331125 0.0284742 0.013005 -0.00117122 -0.00756672 
-0.0204562 -0.0172703 -0.0105624 0.00749728 0.0370531 0.0684375 0.0886813 0.0887285 0.0686659 0.0376383 0.00699855 -0.0163116 -0.0304452 -0.0362306 -0.0355321 -0.0303347 -0.0217649 -0.010227 0.00320701 0.0163309 0.0258959 0.0282573 0.0236903 0.0193313 0.0213564 0.0243459 0.0166134 -0.0022725 -0.0187847 -0.023304 
6.75937e-05 0.0019625 0.00151281 0.0112224 0.0358391 0.0664367 0.0877294 0.0883408 0.0681571 0.0376766 0.00875051 -0.0129853 -0.0271674 -0.0347436 -0.0366165 -0.0337568 -0.0266686 -0.0152287 0.000111188 0.0172629 0.0318506 0.0380219 0.0338546 0.025722 0.0216706 0.0203292 0.0131144 -0.000839508 -0.0102788 -0.00749456 
0.0559918 0.05196 0.0356738 0.0276839 0.0403375 0.0660814 0.0856452 0.0841174 0.0619548 0.0321087 0.00666015 -0.0112008 -0.02341 -0.0312695 -0.0348219 -0.0341883 -0.0292642 -0.0190754 -0.00292643 0.0174895 0.0366312 0.0466061 0.043576 0.0327693 0.0233592 0.0186892 0.0159174 0.0154719 0.0239393 0.0420203 
0.149863 0.142026 0.106375 0.0728963 0.0639649 0.0760788 0.0876531 0.0805964 0.0553318 0.0261074 0.00431399 -0.00939655 -0.0189572 -0.0260149 -0.0301046 -0.0309086 -0.0279864 -0.0196147 -0.00385073 0.0182183 0.0400669 0.0520863 0.049134 0.0357099 0.0217635 0.0149474 0.0193851 0.0392163 0.07657 0.121574 
0.273063 0.26776 0.213003 0.147371 0.105033 0.0912802 0.0872386 0.0733503 0.0476897 0.0221627 0.00544527 -0.00419514 -0.0116112 -0.0180078 -0.0222801 -0.0239627 -0.0226599 -0.0162747 -0.00187783 0.0201727 0.0427919 0.0550216 0.0507515 0.0342115 0.0162257 0.00812506 0.0208856 0.0641942 0.137774 0.220264 
0.386894 0.389552 0.320491 0.222728 0.141404 0.0944618 0.0712153 0.0528315 0.0326099 0.0162896 0.00779453 0.00305421 -0.0026593 -0.00896142 -0.0134588 -0.0155603 -0.0152968 -0.0106914 0.00167293 0.0221083 0.0436463 0.0548535 0.0490875 0.0303514 0.0100528 0.00197794 0.0219933 0.0847403 0.189717 0.307428 
