0.611532 0.468086 0.262125 0.110482 0.0351235 0.00894943 0.00682972 0.0114725 0.0120902 0.00676648 -0.000543938 -0.00589206 -0.00830321 -0.00921725 -0.0103013 -0.0114328 -0.0109603 -0.00835664 -0.00524877 -0.00297394 -6.03421e-05 0.00544177 0.0103746 0.00877292 0.00358003 0.0116678 0.0606561 0.184239 0.385199 0.574085 
0.505662 0.378754 0.206376 0.0842491 0.0256011 0.00357803 -0.00164141 -0.00026801 0.000946299 0.000160042 -0.00089577 -0.00128087 -0.00183388 -0.00374979 -0.00743647 -0.0113795 -0.0128206 -0.0109216 -0.0075962 -0.00443338 -0.000163095 0.00680748 0.0129606 0.012015 0.00686757 0.0145677 0.0600077 0.168224 0.335628 0.48534 
0.307262 0.22027 0.114363 0.0446641 0.0119277 -0.0039827 -0.0120961 -0.0136333 -0.0108548 -0.00585217 -0.000201078 0.00340566 0.00312619 -0.000676572 -0.00667066 -0.0124308 -0.0148929 -0.0132661 -0.00946049 -0.0049107 0.00135997 0.0102338 0.0181024 0.0187 0.013279 0.0159724 0.046568 0.119172 0.223932 0.308081 
0.138269 0.0890588 0.0416918 0.0167554 0.00526274 -0.00570337 -0.015771 -0.0193976 -0.0155074 -0.00636257 0.00350556 0.00820482 0.00584036 -0.000600877 -0.00794796 -0.0139399 -0.0163865 -0.0148843 -0.0110834 -0.00602169 0.00113108 0.0108882 0.0202508 0.0233516 0.0185193 0.0148226 0.0278686 0.0663465 0.118584 0.151711 
0.0454667 0.0221639 0.00753172 0.00526357 0.00429365 -0.00286702 -0.0118912 -0.0153907 -0.0110376 -0.000486304 0.0106188 0.0142349 0.00838598 -0.00139049 -0.00998858 -0.0157156 -0.0178613 -0.0165627 -0.0131968 -0.0085881 -0.00201042 0.00728274 0.0174264 0.0227148 0.0180257 0.00761986 0.00539979 0.0208324 0.0453947 0.0574452 
0.0116175 0.00396203 0.000884062 0.00306877 0.00370874 -0.00083853 -0.00654842 -0.00780716 -0.00283973 0.00752409 0.0182268 0.0205099 0.0118876 -0.000826611 -0.0109694 -0.0170535 -0.0194547 -0.0186114 -0.0157098 -0.0117263 -0.0061277 0.00241309 0.0129863 0.0191692 0.0128494 -0.00409102 -0.0172422 -0.0142628 0.00116345 0.0129994 
0.00952879 0.00916231 0.00667153 0.00549556 0.0040839 0.000952624 -0.00137541 0.000345031 0.00638162 0.0156886 0.0243444 0.0248769 0.0149074 0.000925471 -0.0102722 -0.0171862 -0.020346 -0.0200569 -0.0174892 -0.0139663 -0.00903787 -0.000931552 0.00947851 0.0146043 0.00526907 -0.0159852 -0.0334774 -0.0337104 -0.0177616 0.000688159 
0.0212129 0.0206431 0.0145834 0.00975082 0.00755464 0.00680512 0.00824159 0.0130774 0.0199089 0.0265633 0.0302885 0.0269468 0.0158696 0.00220819 -0.00891794 -0.0162819 -0.019924 -0.0198684 -0.0174792 -0.0142273 -0.00944349 -0.00157024 0.00740274 0.00935799 -0.00315228 -0.0248423 -0.0394177 -0.0351265 -0.0143586 0.00893115 
0.0323274 0.0267142 0.016353 0.00988564 0.0101497 0.0152776 0.0228679 0.0311247 0.0375902 0.0399077 0.036689 0.0276864 0.0148894 0.00206931 -0.00809061 -0.0149575 -0.0181608 -0.0177292 -0.015275 -0.0120281 -0.00698435 0.000474663 0.00676054 0.00458581 -0.00962971 -0.0277016 -0.0346286 -0.0227955 0.00171346 0.0240568 
0.0346977 0.023353 0.00967006 0.00263082 0.00682523 0.0202203 0.0357471 0.0469285 0.0514812 0.0493547 0.0406577 0.0272366 0.0128603 0.000604175 -0.00842422 -0.0140624 -0.0159617 -0.0145046 -0.0115239 -0.00796195 -0.0026666 0.00393565 0.00719846 0.001957 -0.0108628 -0.0218841 -0.0202169 -0.00363148 0.0189904 0.0342965 
0.0330746 0.0177767 0.00175611 -0.0064177 0.000157267 0.0201524 0.0418383 0.053839 0.0552284 0.0501104 0.039774 0.0253931 0.0106017 -0.00147735 -0.00979839 -0.0141899 -0.0145204 -0.0115991 -0.00754375 -0.00336557 0.00203491 0.00772134 0.00891648 0.00299765 -0.0054811 -0.00810992 0.000197325 0.0170087 0.0333785 0.0397763 
0.0344416 0.0175011 -7.64395e-05 -0.0100824 -0.00376693 0.0184256 0.0419824 0.0526177 0.0510562 0.044987 0.0361278 0.0234699 0.0093463 -0.00268262 -0.0107345 -0.0142861 -0.0133443 -0.00902981 -0.00382129 0.000919819 0.00622671 0.0113309 0.0121093 0.00794126 0.00497062 0.00912373 0.020423 0.0343675 0.0443779 0.0447173 
0.0375192 0.0217932 0.00468518 -0.00618941 -0.00186148 0.0175949 0.0380625 0.0460215 0.0433053 0.0383366 0.0322251 0.0221883 0.00942682 -0.00214335 -0.00987283 -0.0129082 -0.0112886 -0.00627091 -0.000541699 0.00425256 0.00905314 0.0135896 0.0150213 0.0141634 0.0167567 0.0252682 0.036 0.0448957 0.0495728 0.0474734 
0.0409913 0.0286146 0.014307 0.00487424 0.00717836 0.0199677 0.0323781 0.0358911 0.0332527 0.030402 0.0268205 0.019325 0.0087158 -0.00138198 -0.0083114 -0.0110752 -0.00954317 -0.0047631 0.000769289 0.00528135 0.00932046 0.0129212 0.014847 0.0173218 0.0250235 0.0367951 0.0458484 0.049442 0.0500721 0.0480546 
0.0474137 0.0380579 0.0265224 0.0198454 0.0215777 0.0274195 0.030021 0.027621 0.0241764 0.0220388 0.0190441 0.0129623 0.0048126 -0.00292542 -0.00859279 -0.0113012 -0.0104787 -0.00653706 -0.00139347 0.0031085 0.006742 0.00938546 0.0110661 0.015208 0.0258407 0.0395398 0.0478214 0.0492401 0.0496406 0.0505498 
0.0549453 0.0472775 0.0366015 0.0315779 0.0338053 0.036234 0.0330205 0.0263751 0.0208265 0.0165537 0.0112222 0.00449161 -0.00200621 -0.00728545 -0.0113595 -0.0138778 -0.0139157 -0.0111057 -0.00650547 -0.00177552 0.00214529 0.00461525 0.00587874 0.00946238 0.0190367 0.0311856 0.0385802 0.0415764 0.0466653 0.0536341 
0.057186 0.0508223 0.0398029 0.0339785 0.0354171 0.0374437 0.0345428 0.0282768 0.0216171 0.0141544 0.00512872 -0.0034641 -0.009228 -0.0123854 -0.0146029 -0.0164651 -0.0171882 -0.0158665 -0.0125415 -0.00814501 -0.00370381 -0.000404375 0.00109655 0.0030213 0.00843211 0.0154629 0.0203178 0.0259663 0.0377246 0.0516031 
0.0521608 0.0470371 0.0356681 0.0271792 0.0251336 0.0263809 0.0267379 0.0248341 0.020013 0.011329 0.000155302 -0.00938398 -0.0143851 -0.0158174 -0.0163392 -0.0173243 -0.0184454 -0.0186607 -0.0172023 -0.0140064 -0.00953357 -0.00516355 -0.00281369 -0.0021655 -0.00102561 0.000387945 0.00196076 0.00914123 0.0256754 0.0439891 
0.0444959 0.0401083 0.0286564 0.0173933 0.0105216 0.008828 0.0109968 0.0137866 0.0127825 0.00586568 -0.00427705 -0.0125468 -0.0162769 -0.0167286 -0.0164709 -0.0169204 -0.0180739 -0.0191037 -0.0190064 -0.0170807 -0.0130973 -0.0082076 -0.00509705 -0.00489299 -0.00612532 -0.0080191 -0.0085895 -0.00125757 0.0166193 0.0358308 
0.0384529 0.0345848 0.0237743 0.0116058 0.00124284 -0.00462632 -0.00401442 0.000459172 0.00246841 -0.00125162 -0.00795465 -0.0132002 -0.0154299 -0.0158044 -0.0158538 -0.0163203 -0.0172352 -0.0181096 -0.0181665 -0.0166602 -0.013103 -0.00833119 -0.00506669 -0.00500262 -0.00702801 -0.009886 -0.0110573 -0.00436951 0.0122919 0.0302306 
0.0342918 0.0311946 0.0223395 0.0122397 0.00154629 -0.00767432 -0.0109871 -0.00866475 -0.00658816 -0.00824739 -0.0114508 -0.0133731 -0.013988 -0.0143466 -0.0148747 -0.0155347 -0.0161668 -0.0164193 -0.0157693 -0.0137855 -0.0102826 -0.00601661 -0.00326705 -0.00361987 -0.0061071 -0.00915463 -0.0102739 -0.00441609 0.0102456 0.0264844 
0.0306224 0.0283887 0.0223746 0.0164551 0.00833386 -0.00198526 -0.00920231 -0.0112619 -0.0120677 -0.0141005 -0.0155175 -0.014995 -0.0138013 -0.0132275 -0.0133748 -0.013859 -0.0142091 -0.0138713 -0.0123721 -0.0096644 -0.00611893 -0.00256296 -0.000630643 -0.00150518 -0.00440025 -0.00763632 -0.008844 -0.0040238 0.00856978 0.0232104 
0.0253952 0.0241422 0.0210192 0.0191177 0.0142708 0.00495169 -0.00400779 -0.00969389 -0.0140304 -0.0178249 -0.0191188 -0.017414 -0.0146012 -0.0124021 -0.0113522 -0.0111973 -0.0111825 -0.0103812 -0.00823431 -0.00501161 -0.00155414 0.00127995 0.00248623 0.00134145 -0.00154503 -0.00465502 -0.00607463 -0.00291876 0.00666497 0.0188012 
0.0171081 0.0173152 0.0166475 0.0167266 0.0135615 0.0061204 -0.00167905 -0.00790291 -0.0137568 -0.0186973 -0.0204018 -0.0185225 -0.0148825 -0.0114161 -0.0092304 -0.00837873 -0.00795234 -0.0067217 -0.00403897 -0.000393887 0.00304226 0.00534709 0.00591259 0.00443539 0.00162578 -0.00107044 -0.00254534 -0.00152196 0.00372532 0.0118172 
0.00721057 0.00924086 0.0102656 0.0101339 0.00669686 0.00103471 -0.0037645 -0.00776815 -0.0126228 -0.0171534 -0.0188061 -0.0171616 -0.0136466 -0.00996827 -0.00739192 -0.00614879 -0.00533695 -0.00366765 -0.000509704 0.00350755 0.0069702 0.00882222 0.00865925 0.00652621 0.00343925 0.000972006 -0.000558255 -0.00155388 -0.000691708 0.00309821 
-0.000851158 0.00277926 0.00455836 0.00311953 -0.00139863 -0.00578121 -0.00762838 -0.0087508 -0.0114048 -0.0143245 -0.015175 -0.0137212 -0.0110219 -0.00814647 -0.00593635 -0.00457913 -0.00338925 -0.00135665 0.00197948 0.00594215 0.00904378 0.0102144 0.00926963 0.006502 0.00307467 0.000569439 -0.00120533 -0.00358659 -0.00553436 -0.00449864 
-0.004997 -0.000492447 0.000976996 -0.00217401 -0.00783978 -0.0115834 -0.0115411 -0.0103379 -0.0105615 -0.0113364 -0.0109935 -0.0096685 -0.00808866 -0.00647775 -0.00493715 -0.00353467 -0.00199674 0.000183378 0.00322335 0.0065164 0.00876517 0.00910157 0.0075445 0.00444698 0.000823534 -0.00195288 -0.00412953 -0.00694227 -0.00944071 -0.00893966 
-0.0064163 -0.00190605 -0.00167148 -0.00671411 -0.0134613 -0.0171018 -0.0161078 -0.0130914 -0.0108302 -0.00930329 -0.007714 -0.00644391 -0.0058162 -0.00527423 -0.00428065 -0.00285415 -0.00113734 0.000921868 0.00331538 0.00554382 0.00670974 0.00633271 0.00453107 0.00148394 -0.00220392 -0.00551171 -0.00830642 -0.0109422 -0.0124483 -0.0109766 
-0.00764367 -0.00380312 -0.00496757 -0.0113272 -0.0186374 -0.022401 -0.0212256 -0.0170605 -0.0126203 -0.00890678 -0.00603346 -0.00448095 -0.00419057 -0.0041302 -0.0034333 -0.00209985 -0.000476098 0.00125542 0.00289798 0.00397607 0.00401725 0.00305223 0.00133253 -0.00121386 -0.00456317 -0.00822377 -0.0116836 -0.014281 -0.0148537 -0.0124358 
-0.00935806 -0.00655095 -0.00840533 -0.014571 -0.0212617 -0.0250273 -0.0244934 -0.0203886 -0.0148518 -0.00966839 -0.0057321 -0.00353322 -0.00283181 -0.00259713 -0.00195209 -0.000811176 0.000524204 0.00184696 0.00287166 0.00307867 0.00221393 0.000713506 -0.000907898 -0.00278991 -0.00538781 -0.00877609 -0.0124373 -0.0152339 -0.0157995 -0.0135002 
-0.0106744 -0.00903345 -0.0107314 -0.0152873 -0.0202489 -0.0236202 -0.0240547 -0.0210087 -0.0157598 -0.0103718 -0.00607229 -0.00320661 -0.00162785 -0.000777178 1.41054e-05 0.000995749 0.00203158 0.00299489 0.00367322 0.00354127 0.00225959 0.000318899 -0.00149941 -0.00315387 -0.00523994 -0.0080986 -0.0113627 -0.0140317 -0.0149028 -0.0134568 
-0.0120417 -0.0115232 -0.0127561 -0.0153592 -0.018259 -0.020649 -0.0213564 -0.0192287 -0.0149111 -0.0102297 -0.00618832 -0.00287956 -0.000454384 0.000994312 0.00191844 0.00277855 0.00358686 0.0042668 0.00474841 0.00459412 0.00326181 0.00100746 -0.0012957 -0.00338642 -0.00572574 -0.00847137 -0.0111624 -0.0131728 -0.0139467 -0.0133233 
-0.0158583 -0.0161641 -0.0168794 -0.0177473 -0.0185828 -0.0193156 -0.0191558 -0.0170364 -0.0132926 -0.009271 -0.0055657 -0.00209103 0.000723659 0.00234323 0.00315154 0.00381227 0.00439962 0.00475632 0.00487942 0.00454539 0.00321006 0.000848027 -0.00187808 -0.00472287 -0.00794047 -0.0111739 -0.0135936 -0.0149772 -0.0156389 -0.015827 
-0.0224018 -0.0231323 -0.0231778 -0.0223295 -0.0209702 -0.0196849 -0.0181509 -0.0154582 -0.0116831 -0.00782438 -0.00433352 -0.00107436 0.00152361 0.0028694 0.00336253 0.00374308 0.00402696 0.00385458 0.00322177 0.00230037 0.000897717 -0.00121354 -0.00391122 -0.0072906 -0.0114499 -0.0154279 -0.0179689 -0.0192003 -0.0201684 -0.0213144 
-0.0277673 -0.0288961 -0.0283848 -0.0259428 -0.0225239 -0.0195181 -0.0169764 -0.0138408 -0.00987222 -0.00600614 -0.00285642 -0.000244691 0.00171327 0.00262579 0.00281901 0.00289355 0.00272523 0.00176833 4.81387e-05 -0.00175413 -0.00326198 -0.00479454 -0.00687105 -0.0100602 -0.0144659 -0.0188012 -0.0214955 -0.0227293 -0.0239459 -0.025815 
-0.0292061 -0.0308841 -0.0300949 -0.0264663 -0.0215082 -0.0173701 -0.0143744 -0.0112021 -0.0073336 -0.00374444 -0.00121227 0.000540543 0.00176029 0.00224665 0.00214041 0.00180496 0.00104532 -0.000716507 -0.00340235 -0.00595738 -0.00752866 -0.00841082 -0.00949849 -0.0116708 -0.0153017 -0.0193372 -0.0220086 -0.0230922 -0.0241869 -0.02645 
-0.0284819 -0.0301948 -0.0288887 -0.0243509 -0.0183417 -0.0134309 -0.010237 -0.00738459 -0.00412482 -0.00126664 0.000492249 0.00149093 0.00208048 0.00210517 0.00156357 0.000698526 -0.000594163 -0.00278397 -0.00580816 -0.00856583 -0.0100385 -0.0104514 -0.0107242 -0.011771 -0.0143125 -0.0178099 -0.0203724 -0.0213088 -0.0224158 -0.0251793 
-0.0274993 -0.028312 -0.0260592 -0.0208224 -0.0141044 -0.00855047 -0.00523076 -0.0030202 -0.000936354 0.000720102 0.00160802 0.00203761 0.00217701 0.00179941 0.000867658 -0.000378009 -0.00188179 -0.00395942 -0.0066567 -0.00911648 -0.0104261 -0.0107747 -0.0109719 -0.0117119 -0.0136166 -0.0163615 -0.0182905 -0.0190099 -0.0206569 -0.0242177 
-0.0250908 -0.0248315 -0.0220075 -0.0166681 -0.00968649 -0.00369795 -0.000375757 0.000965698 0.00153952 0.00172581 0.00165396 0.00158277 0.00144658 0.000935969 -3.29897e-05 -0.00128658 -0.00266137 -0.00430301 -0.00639583 -0.00846934 -0.0098366 -0.0106728 -0.0116309 -0.0128634 -0.0141983 -0.0152396 -0.015412 -0.0156077 -0.0180356 -0.0222942 
-0.0195898 -0.0189005 -0.0165645 -0.0120462 -0.00552151 0.000338021 0.00328231 0.0036186 0.00282705 0.0018637 0.00110229 0.000662341 0.000369334 -7.50581e-05 -0.000855219 -0.00195928 -0.00315275 -0.00437126 -0.00590247 -0.0077013 -0.00934658 -0.010951 -0.0128584 -0.0144258 -0.0144967 -0.0129001 -0.010845 -0.0105527 -0.0134601 -0.0176114 
-0.0125723 -0.0116941 -0.0104195 -0.00740738 -0.0021619 0.00275983 0.00474359 0.00394076 0.0022632 0.00105392 0.000447185 0.000117352 -0.000179532 -0.000606586 -0.0013848 -0.00260454 -0.00389584 -0.0049083 -0.00595129 -0.00741053 -0.00917307 -0.0112005 -0.0134017 -0.0145281 -0.0129896 -0.00924903 -0.00606491 -0.00604955 -0.00904731 -0.0120004 
-0.00840161 -0.00662764 -0.00591036 -0.00444092 -0.00100521 0.00241218 0.00316277 0.00136734 -0.000584622 -0.00112122 -0.000680443 -0.000298953 -0.000363805 -0.000831228 -0.00184996 -0.00352908 -0.0052955 -0.00638807 -0.00696355 -0.00779796 -0.0091851 -0.0109648 -0.0127068 -0.0131123 -0.010829 -0.00679825 -0.00434545 -0.00562483 -0.00874396 -0.00994562 
-0.00805111 -0.0047876 -0.00406249 -0.00412258 -0.00295946 -0.00133806 -0.00147254 -0.0034426 -0.00492217 -0.00441052 -0.00276271 -0.00150316 -0.00113829 -0.00146089 -0.00257325 -0.00466551 -0.00703096 -0.00844889 -0.0087044 -0.0087573 -0.00935141 -0.0104412 -0.0115534 -0.0117192 -0.00999324 -0.00727822 -0.00660678 -0.00942046 -0.0125717 -0.0119562 
-0.00614414 -0.00208148 -0.00207633 -0.00455691 -0.00663921 -0.00728105 -0.00776611 -0.00876301 -0.00903631 -0.00763757 -0.00533854 -0.00349774 -0.00261588 -0.00251716 -0.00336035 -0.00546618 -0.00818856 -0.010066 -0.010423 -0.0099933 -0.00976631 -0.0100738 -0.0106852 -0.0109173 -0.0100334 -0.00872017 -0.00943119 -0.0127582 -0.0148426 -0.0120161 
0.00172847 0.00500865 0.00286453 -0.00308084 -0.0091617 -0.0124858 -0.0132044 -0.0127148 -0.011474 -0.00944431 -0.00700141 -0.00487902 -0.00356244 -0.00311563 -0.00367211 -0.00551731 -0.00827777 -0.010662 -0.0115956 -0.0112032 -0.010432 -0.0100893 -0.0102063 -0.0100528 -0.00896652 -0.00778714 -0.00857754 -0.0108942 -0.0105245 -0.00514455 
0.0127178 0.014312 0.00982312 0.000927005 -0.00839747 -0.0141306 -0.0154606 -0.0140442 -0.0116475 -0.00917086 -0.00673422 -0.00451832 -0.00310187 -0.00280082 -0.00346406 -0.00510059 -0.007709 -0.0104447 -0.011969 -0.0117591 -0.0106515 -0.00985059 -0.00940644 -0.00817829 -0.00554478 -0.00295713 -0.00257719 -0.00324286 -0.000674628 0.00616235 
0.021223 0.0218251 0.0165093 0.00674944 -0.00380289 -0.0110394 -0.0134203 -0.0121233 -0.00943329 -0.00697366 -0.00485777 -0.00296847 -0.00196224 -0.00224241 -0.00331236 -0.00488002 -0.00718168 -0.00975109 -0.0111783 -0.0106157 -0.00890239 -0.00749462 -0.00633777 -0.00386754 0.000513859 0.00479169 0.00644375 0.00660807 0.00939151 0.0156746 
0.0258467 0.0263019 0.0213266 0.0125503 0.00280329 -0.00472808 -0.00803717 -0.0074338 -0.00520256 -0.00337109 -0.00214533 -0.00124845 -0.00116259 -0.00215432 -0.00363803 -0.00524517 -0.00717069 -0.00899673 -0.00934824 -0.00742662 -0.00429606 -0.00171405 0.000253861 0.00318471 0.0076316 0.0117922 0.0135431 0.0137097 0.0157584 0.0209424 
0.0290927 0.0281317 0.0221275 0.0142987 0.00656023 0.000219628 -0.00293587 -0.00252357 -0.00049842 0.000987119 0.00136188 0.000853082 -0.000475929 -0.00240289 -0.00440543 -0.00625854 -0.00797315 -0.0088805 -0.00754841 -0.0034202 0.00188156 0.00601175 0.00853529 0.0107105 0.0129947 0.0146744 0.0154085 0.0161947 0.0191211 0.02465 
0.032085 0.0272014 0.0176292 0.00942546 0.00395163 0.00024165 -0.00110806 0.000403691 0.00342999 0.00583264 0.00616157 0.00425514 0.000994162 -0.00248027 -0.00546853 -0.00787072 -0.00958686 -0.00969056 -0.00666746 -0.000276541 0.00716233 0.0126451 0.015447 0.0165939 0.0163803 0.0151332 0.0146474 0.0167115 0.0220088 0.0289403 
0.033124 0.0238713 0.010811 0.00199898 -0.00151894 -0.00214298 -0.000685159 0.00283144 0.00753818 0.0113798 0.0120143 0.00885816 0.00349897 -0.00200997 -0.0064788 -0.00964267 -0.0113538 -0.0107049 -0.006386 0.00146573 0.0101302 0.0163288 0.0193342 0.020306 0.0194783 0.0172557 0.0161499 0.018625 0.0250592 0.0322947 
0.0314629 0.0204745 0.00754837 -0.00035613 -0.0028675 -0.00177587 0.00197934 0.00741046 0.0131915 0.0172988 0.0174448 0.0132284 0.00640797 -0.000810839 -0.00678079 -0.0107036 -0.0123103 -0.0110356 -0.00613469 0.00191022 0.0104711 0.0164528 0.0193558 0.0209558 0.0218785 0.0216784 0.0214227 0.0231908 0.0281022 0.0332536 
0.0290283 0.0201734 0.0116563 0.00599831 0.00253012 0.00243629 0.00678007 0.013551 0.0195791 0.022424 0.0209678 0.0158884 0.00862327 0.000588488 -0.0064545 -0.0110142 -0.0125741 -0.0110307 -0.00633837 0.000821392 0.00830095 0.0134763 0.0161386 0.0188021 0.0227657 0.0265395 0.028625 0.0296102 0.031356 0.0327197 
0.0293533 0.0254247 0.0228192 0.0186658 0.0118858 0.00792761 0.0110795 0.018656 0.0248778 0.0260865 0.0224989 0.0164157 0.00903442 0.000683473 -0.00708796 -0.0122006 -0.0137454 -0.0119661 -0.0075442 -0.0013263 0.00525855 0.0103129 0.0136664 0.0176642 0.0238326 0.0305157 0.0347093 0.0354369 0.0345581 0.0329001 
0.0364191 0.0376775 0.0381157 0.0320356 0.0201563 0.0118068 0.0133783 0.0216232 0.0285795 0.0288902 0.0233146 0.0156541 0.00744546 -0.00157264 -0.0101202 -0.0157051 -0.0169304 -0.0142818 -0.00926311 -0.00298199 0.00392501 0.0103398 0.0155578 0.0204397 0.026188 0.032488 0.0370883 0.038371 0.0376514 0.0367223 
0.0508969 0.0558371 0.0541918 0.0417972 0.0242552 0.0134116 0.0146665 0.0235678 0.0313975 0.0317315 0.0249028 0.0153343 0.00534884 -0.0050224 -0.0145142 -0.0204023 -0.0209485 -0.0169161 -0.0105978 -0.00333283 0.00481716 0.0129928 0.0195134 0.0236965 0.0266838 0.0301241 0.0337128 0.0365348 0.0397922 0.0447658 
0.0661575 0.0726377 0.0657534 0.045888 0.024713 0.0145671 0.0169903 0.02591 0.0338566 0.0348372 0.027933 0.0167818 0.0045815 -0.00742123 -0.0176581 -0.0235783 -0.0235462 -0.0185696 -0.0112844 -0.00298215 0.00635937 0.0151176 0.0205148 0.0218053 0.0212059 0.0215538 0.0237944 0.0288331 0.0387117 0.0527035 
0.0724322 0.0762897 0.0637712 0.040047 0.0199374 0.0135658 0.0181517 0.0269074 0.0348967 0.0372523 0.0311985 0.0188795 0.00465905 -0.00842551 -0.0185948 -0.024137 -0.0239794 -0.0191006 -0.0117496 -0.00275023 0.00758311 0.015868 0.0180103 0.014753 0.0108913 0.00967304 0.0116976 0.0194284 0.0356167 0.0562714 
0.0673661 0.0625417 0.0441546 0.020739 0.00540878 0.00407391 0.0116873 0.0221741 0.0322024 0.0368461 0.0316489 0.0183673 0.00311819 -0.00963453 -0.0185377 -0.0231639 -0.0230854 -0.0189096 -0.0120537 -0.0026804 0.0085423 0.016318 0.0151402 0.00772548 0.00215481 0.00190733 0.00605265 0.0169658 0.0365102 0.0570387 
0.0572285 0.0402319 0.0154439 -0.00674702 -0.0173676 -0.0145389 -0.00332099 0.0111766 0.0249956 0.0318598 0.0270257 0.0136091 -0.000765361 -0.0115349 -0.0183275 -0.0216717 -0.0213591 -0.0175076 -0.0110286 -0.00183796 0.00940837 0.016744 0.0140795 0.00547918 0.00101674 0.00391002 0.0116442 0.0252832 0.0443689 0.0585859 
0.0461308 0.0190038 -0.011061 -0.0328304 -0.040334 -0.0341239 -0.0191088 -0.000764108 0.0153759 0.0227326 0.0182197 0.00651455 -0.00495655 -0.0129111 -0.0177699 -0.0200015 -0.0189572 -0.0144519 -0.00776599 0.000602913 0.010459 0.0171448 0.0153705 0.0092309 0.0082385 0.0145253 0.0246961 0.038587 0.0535864 0.058864 
0.0336433 0.00152542 -0.0308879 -0.0519992 -0.0568366 -0.0471608 -0.0288009 -0.00881147 0.00650432 0.0124096 0.00848041 -0.000190517 -0.00805966 -0.0136143 -0.0174118 -0.0189933 -0.0169224 -0.0110266 -0.00356077 0.0038859 0.0118012 0.0180485 0.018744 0.016636 0.0189647 0.026716 0.036428 0.0473796 0.0561712 0.0534517 
0.0243387 -0.00791104 -0.0402413 -0.0604687 -0.0637671 -0.0523721 -0.0326712 -0.0128706 0.000416694 0.00429491 0.000508669 -0.00586433 -0.0111411 -0.0152158 -0.018462 -0.0194587 -0.0162276 -0.00882793 -0.000334517 0.00677625 0.0135053 0.0198525 0.0227283 0.0228068 0.0251991 0.0310208 0.0378872 0.045302 0.0502267 0.0449015 
0.0311235 0.00187619 -0.0313742 -0.0542039 -0.0606462 -0.051834 -0.0331761 -0.0136348 -0.00138693 0.000606324 -0.00454002 -0.0109036 -0.015314 -0.0184735 -0.0208645 -0.0207886 -0.0163013 -0.00774272 0.00162268 0.00904025 0.0155157 0.0217523 0.0245165 0.0226843 0.0205206 0.0211592 0.0248912 0.0324656 0.0416839 0.0442676 
0.07339 0.0449846 0.00284012 -0.0315808 -0.0482335 -0.0457097 -0.0288129 -0.00893744 0.00269567 0.00231461 -0.00575565 -0.0141684 -0.0191824 -0.0217277 -0.0228089 -0.0212818 -0.0157692 -0.00685676 0.0025742 0.010073 0.0162754 0.0215047 0.0221298 0.0159548 0.00720478 0.00209651 0.00522247 0.0204923 0.0470584 0.0716698 
0.177597 0.136551 0.0668198 0.00710093 -0.0263279 -0.0320427 -0.0175999 0.00127586 0.0107747 0.00738386 -0.00356546 -0.01416 -0.0201922 -0.0223981 -0.0223209 -0.0197663 -0.0141159 -0.00609524 0.00204705 0.00850413 0.013756 0.0178866 0.017268 0.00882921 -0.00368882 -0.0111423 -0.00289957 0.0318727 0.0945412 0.158293 
0.354148 0.278383 0.156179 0.0569331 0.00246059 -0.0128897 -0.00342202 0.0114026 0.0171157 0.0111496 -0.000924375 -0.0119117 -0.0179761 -0.0197432 -0.0191056 -0.0166118 -0.0120326 -0.00593528 -5.55515e-06 0.00454032 0.00852354 0.0125802 0.0134197 0.00680901 -0.00449327 -0.00870103 0.0124185 0.0807808 0.200421 0.319939 
0.541048 0.420583 0.238981 0.099735 0.0272338 0.0034588 0.00635771 0.0155892 0.0177736 0.0108414 -0.000132872 -0.00927732 -0.0138999 -0.0149746 -0.0145611 -0.013325 -0.0106622 -0.00662264 -0.00265563 0.000178099 0.00317948 0.00787411 0.0112193 0.00789026 0.000319082 0.00307636 0.0412635 0.147071 0.325822 0.499186 
