0.405179 0.424984 0.373056 0.272058 0.161253 0.0707905 0.0130587 -0.0129875 -0.0165767 -0.0104196 -0.00525446 -0.00616008 -0.0125728 -0.0208349 -0.027048 -0.0287896 -0.0253908 -0.0172939 -0.00538739 0.00890178 0.0228605 0.0324249 0.034162 0.028975 0.0247113 0.03405 0.0683817 0.132982 0.224509 0.326261 
0.387555 0.41363 0.371077 0.276785 0.167619 0.075218 0.0144333 -0.0140061 -0.0183693 -0.0113684 -0.00461181 -0.00428682 -0.0104674 -0.0193201 -0.0263408 -0.0288119 -0.0262135 -0.0190136 -0.00768223 0.0068357 0.0219306 0.0333171 0.0372764 0.0343148 0.0314867 0.04039 0.0716007 0.130238 0.214014 0.309385 
0.323873 0.355054 0.328714 0.253062 0.157793 0.0728452 0.0144914 -0.0143815 -0.0196243 -0.0121992 -0.00368974 -0.00152372 -0.00689545 -0.0161691 -0.0242973 -0.0279092 -0.0261606 -0.019499 -0.00845633 0.0059499 0.0210953 0.0329162 0.037995 0.0364923 0.0338967 0.0395951 0.0626555 0.108046 0.174924 0.254035 
0.241254 0.2765 0.268374 0.216634 0.141815 0.0697564 0.0170473 -0.0111351 -0.0175589 -0.0106708 -0.00139267 0.00202148 -0.00265832 -0.012312 -0.0217052 -0.0266901 -0.0256353 -0.0188517 -0.00743307 0.00688654 0.0212779 0.0323179 0.0375419 0.0369884 0.0340064 0.0348311 0.0467006 0.0751995 0.121937 0.182095 
0.16509 0.202857 0.210011 0.180422 0.126275 0.068298 0.0224455 -0.00422959 -0.0118537 -0.00661643 0.00171014 0.00502739 0.000672452 -0.00897998 -0.0191589 -0.0253015 -0.0248568 -0.0177895 -0.00585473 0.00823333 0.0213942 0.0311361 0.0363876 0.0373179 0.0349063 0.0315957 0.0324127 0.0441748 0.0720609 0.115496 
0.106003 0.144604 0.16223 0.149609 0.112657 0.0671972 0.0279452 0.0030662 -0.00583479 -0.00316894 0.0028953 0.0052888 0.00139672 -0.00728721 -0.0170064 -0.0234334 -0.0234482 -0.0165344 -0.00474462 0.00850726 0.0200197 0.0282769 0.0336795 0.036775 0.036486 0.0314336 0.0239336 0.0217313 0.0339237 0.0640704 
0.0638188 0.101422 0.125023 0.124006 0.099934 0.0644141 0.0305706 0.00695528 -0.00370024 -0.00411998 -0.000553377 0.00115822 -0.00158134 -0.00815121 -0.0158995 -0.0212489 -0.0211494 -0.0147131 -0.00379669 0.00802832 0.0175465 0.0239118 0.0287707 0.0334471 0.0358276 0.0315609 0.0199764 0.00845987 0.00891456 0.0285712 
0.0353785 0.069689 0.0956262 0.10211 0.0875696 0.0599518 0.0303933 0.00718065 -0.00601778 -0.00995896 -0.0087834 -0.00732243 -0.00839207 -0.0121016 -0.0166884 -0.0195688 -0.0183539 -0.0120815 -0.00211634 0.00827538 0.0158593 0.0199099 0.0228963 0.0274001 0.0317311 0.0300902 0.018998 0.00373148 -0.00338999 0.00740539 
0.0180287 0.0470461 0.0729046 0.0843289 0.077343 0.0566584 0.0309752 0.00763133 -0.00891401 -0.0171495 -0.0189081 -0.0180759 -0.0177199 -0.0185191 -0.0194469 -0.0189976 -0.015764 -0.00900316 0.000450287 0.00990991 0.0161319 0.0180092 0.0183057 0.0210973 0.0263581 0.0283801 0.0213728 0.00708205 -0.00420569 -0.00148639 
0.0100129 0.0331818 0.0578608 0.0726333 0.0717823 0.0573903 0.0355703 0.0121661 -0.00791619 -0.0209732 -0.026494 -0.0272882 -0.0264634 -0.0251082 -0.02286 -0.0192237 -0.0137835 -0.00619215 0.00311056 0.0121241 0.0177226 0.0181937 0.0160885 0.0167709 0.0224145 0.0283702 0.027113 0.0163999 0.00323257 -0.00105414 
0.0096308 0.027444 0.0501923 0.0666482 0.0702073 0.0611519 0.0432952 0.0207593 -0.00165315 -0.0187196 -0.0280135 -0.0312149 -0.0311427 -0.0290297 -0.0249945 -0.0193013 -0.0123187 -0.0041529 0.0049403 0.0136172 0.0190939 0.0191556 0.0157515 0.0149174 0.0208093 0.0302056 0.0345209 0.0281085 0.0147389 0.00546841 
0.0138178 0.0262888 0.0456634 0.0616949 0.0678217 0.0632698 0.0499429 0.0301486 0.00789125 -0.0111223 -0.0232346 -0.0289768 -0.0305253 -0.0289913 -0.0247474 -0.0184835 -0.0110515 -0.0029577 0.00555056 0.0136727 0.0191871 0.0196924 0.0163112 0.0149065 0.020907 0.0326166 0.0413053 0.0390854 0.0269724 0.0149677 
0.0176291 0.0239637 0.0382747 0.0521503 0.0597182 0.0595354 0.0518233 0.0369572 0.0174643 -0.00138008 -0.0151274 -0.0229757 -0.0262214 -0.0258511 -0.0224202 -0.0167443 -0.0098282 -0.00241725 0.0051731 0.0124944 0.0179292 0.0192253 0.0167222 0.0154183 0.02115 0.0337111 0.0452328 0.0467729 0.0368614 0.0235207 
0.0160875 0.0161452 0.0249761 0.036305 0.0450864 0.049361 0.0479919 0.0395702 0.0247341 0.00765636 -0.00668115 -0.0159484 -0.0204727 -0.0212627 -0.0190729 -0.0146195 -0.00878031 -0.0023415 0.00429728 0.0107519 0.0157706 0.0174623 0.0157577 0.01458 0.0194249 0.0312957 0.0438967 0.0482052 0.0405317 0.0263871 
0.00756844 0.0029846 0.00774381 0.0173165 0.0272971 0.0354125 0.0398552 0.0381324 0.0290551 0.0151155 0.00124916 -0.0088511 -0.0144451 -0.0164331 -0.0156662 -0.0126837 -0.00813232 -0.00269881 0.00314732 0.00881462 0.0130598 0.014398 0.012814 0.0113258 0.0146087 0.0244032 0.0362077 0.0416573 0.0355036 0.0209725 
-0.00458 -0.0112754 -0.00853393 0.000237413 0.0110743 0.0215982 0.0300266 0.0337758 0.0304641 0.0206366 0.00829133 -0.00216905 -0.00886976 -0.0121699 -0.0128126 -0.0112584 -0.00800422 -0.00357078 0.00158066 0.00659018 0.0100292 0.0107232 0.00888783 0.0068257 0.00822491 0.0151542 0.0247408 0.0297222 0.0242193 0.00991845 
-0.014405 -0.0213899 -0.0193298 -0.0109332 0.000103799 0.0112741 0.0210744 0.0276254 0.0284397 0.0225937 0.0125575 0.00251123 -0.00486301 -0.00915919 -0.0108683 -0.0104705 -0.008399 -0.00497589 -0.000540806 0.00394441 0.00694102 0.0074457 0.00574727 0.00347432 0.00338037 0.00762622 0.0146255 0.0183541 0.0130676 -0.000389459 
-0.0176613 -0.0241517 -0.0223648 -0.014522 -0.00423293 0.00574866 0.0141656 0.0202218 0.0223594 0.0192492 0.011945 0.00357997 -0.00321101 -0.00760235 -0.00982267 -0.0102619 -0.00920299 -0.00675598 -0.00310419 0.000897413 0.00383859 0.00483199 0.00400321 0.00229182 0.00163544 0.00411839 0.00908045 0.0117337 0.00691941 -0.00503183 
-0.0142209 -0.0197558 -0.0183061 -0.0116926 -0.00342125 0.00369511 0.00872799 0.0119285 0.0130475 0.0112491 0.00676626 0.00131715 -0.00344331 -0.00694163 -0.00922037 -0.0103059 -0.0101095 -0.00854349 -0.00573791 -0.00235447 0.00056865 0.00232055 0.00273155 0.00207654 0.00160801 0.00321025 0.00688812 0.00911876 0.00559232 -0.00385095 
-0.00732809 -0.0113749 -0.0104185 -0.00586985 -0.00081032 0.00243773 0.00355011 0.00350799 0.00297942 0.00182402 -2.15322e-06 -0.00207323 -0.00414107 -0.00631845 -0.00851071 -0.0101619 -0.0106513 -0.00976553 -0.0077788 -0.00522322 -0.00261848 -0.000383942 0.000984279 0.00113279 0.000781854 0.00166933 0.00442293 0.0068367 0.00553872 -0.000239691 
-0.00113547 -0.00328738 -0.00277514 -0.000652468 0.000750419 0.000175819 -0.00178744 -0.0037932 -0.0049985 -0.00526632 -0.00477908 -0.00404333 -0.00395257 -0.00517256 -0.00740602 -0.00949886 -0.0103543 -0.00977988 -0.00840114 -0.00676667 -0.00485344 -0.00267135 -0.00100275 -0.000841691 -0.00189142 -0.00231044 -0.000639237 0.00222563 0.00366067 0.0021173 
0.00157221 0.00134507 0.00180018 0.00200014 0.000404467 -0.00290688 -0.00629961 -0.00835555 -0.00869838 -0.0075264 -0.00533599 -0.00315001 -0.002269 -0.00335654 -0.00580446 -0.00807774 -0.00887527 -0.00819643 -0.00711771 -0.00631697 -0.00529937 -0.00359548 -0.00217705 -0.0027059 -0.00530584 -0.0077984 -0.00763853 -0.00452102 -0.000694557 0.00142317 
0.000334489 0.00162124 0.00248643 0.00184887 -0.00123566 -0.00550695 -0.00850759 -0.00900967 -0.00744078 -0.0047238 -0.00178311 0.000299191 0.000598048 -0.00101907 -0.00364899 -0.0057493 -0.00616374 -0.00517118 -0.00420384 -0.00405176 -0.00387379 -0.00277237 -0.0018012 -0.00321214 -0.00757481 -0.0123849 -0.014047 -0.0112757 -0.00620428 -0.00195833 
-0.00326539 -0.00129661 2.21387e-05 -0.000569199 -0.00362929 -0.00717837 -0.00844364 -0.00664521 -0.0030731 0.000637664 0.0033463 0.00436049 0.00353964 0.00139094 -0.00108662 -0.00268068 -0.0026116 -0.0013885 -0.000554853 -0.000884374 -0.00133418 -0.000750994 -0.000175082 -0.00219215 -0.00775111 -0.0142887 -0.0175985 -0.0157532 -0.0107907 -0.0061671 
-0.0067059 -0.00521781 -0.00414075 -0.00471344 -0.00719178 -0.00930012 -0.00841608 -0.00441494 0.000604434 0.00456788 0.00656559 0.00660436 0.00522418 0.00322549 0.0014236 0.000564279 0.00103671 0.0022467 0.00279322 0.00205326 0.00113323 0.00124595 0.00147409 -0.000721841 -0.00648501 -0.0135189 -0.0176305 -0.0166871 -0.0126126 -0.00886133 
-0.00823933 -0.00839702 -0.00871896 -0.0101431 -0.0125723 -0.0136226 -0.0110241 -0.00536561 0.000540251 0.00443783 0.00596604 0.0058771 0.00502631 0.00405308 0.00338748 0.00334642 0.0040482 0.00497136 0.0050386 0.00385615 0.00247661 0.00203001 0.00184029 -0.000224725 -0.00526937 -0.0114553 -0.0151161 -0.0143654 -0.0111318 -0.00874657 
-0.00816913 -0.0106217 -0.0131742 -0.0162428 -0.0193301 -0.0200554 -0.0165335 -0.00989059 -0.00339402 0.000657697 0.00237992 0.00302661 0.00347364 0.00400151 0.0046273 0.00532435 0.00604266 0.00643459 0.0058517 0.00416631 0.0022971 0.0012081 0.000531949 -0.00125207 -0.00504382 -0.00950867 -0.0117773 -0.0105118 -0.00776558 -0.00671953 
-0.00836142 -0.0129264 -0.0175821 -0.0221406 -0.0258026 -0.0264384 -0.0226047 -0.0156373 -0.00880161 -0.00431006 -0.00187591 -0.000123415 0.00170883 0.00361249 0.00530442 0.00650403 0.00704483 0.00677486 0.00549212 0.00333744 0.00106268 -0.000578745 -0.00167542 -0.00313529 -0.00561459 -0.00826836 -0.00908894 -0.00732722 -0.00505943 -0.00519685 
-0.0103286 -0.0161427 -0.0218852 -0.026855 -0.0301781 -0.0302931 -0.0263107 -0.019516 -0.0127455 -0.00793939 -0.00482434 -0.0021608 0.000648542 0.00341619 0.00569056 0.00705468 0.00729346 0.0064246 0.00460873 0.00219646 -0.000236717 -0.00217547 -0.00353962 -0.00474958 -0.00624189 -0.00761593 -0.00768069 -0.00613556 -0.00478353 -0.00602213 
-0.0136958 -0.019682 -0.0252511 -0.0294012 -0.0313812 -0.030362 -0.0260745 -0.0196803 -0.0134101 -0.00877709 -0.00549234 -0.00248386 0.000687113 0.00369633 0.00600031 0.00717119 0.00704797 0.00578815 0.00376858 0.00142767 -0.000858473 -0.0028329 -0.0043628 -0.0055051 -0.00646978 -0.00720846 -0.0072699 -0.00666749 -0.00666835 -0.00891329 
-0.0164923 -0.0218191 -0.0263834 -0.0290694 -0.0292834 -0.0268616 -0.0221342 -0.0161975 -0.0107105 -0.00671713 -0.0038398 -0.00110712 0.00181642 0.00450836 0.00637747 0.00706569 0.00654438 0.00508945 0.00315409 0.00112647 -0.000852129 -0.00277614 -0.00450698 -0.00579148 -0.00656076 -0.00698443 -0.0072582 -0.00768043 -0.00894321 -0.0118582 
-0.0170313 -0.0213576 -0.0247676 -0.0260793 -0.0247525 -0.0211066 -0.0160119 -0.0105872 -0.00601337 -0.00288879 -0.00073243 0.00135413 0.00365019 0.00569405 0.00688856 0.006964 0.0060334 0.00446578 0.00269961 0.000976747 -0.000805661 -0.00283702 -0.0049452 -0.00657512 -0.00732164 -0.00740355 -0.00751662 -0.00829263 -0.0100702 -0.0130235 
-0.0154491 -0.018917 -0.0214873 -0.0218534 -0.0194458 -0.0149245 -0.00963624 -0.00479515 -0.00119515 0.000994333 0.00238177 0.00379579 0.00545184 0.0068674 0.00745777 0.0070165 0.00575155 0.00408781 0.00241139 0.000797119 -0.00105881 -0.00346089 -0.00617637 -0.00838147 -0.00930005 -0.00899357 -0.00842392 -0.00860215 -0.0098972 -0.0122465 
-0.0133259 -0.016348 -0.0184536 -0.018173 -0.014971 -0.00980392 -0.00441091 -0.000144869 0.00247515 0.00369763 0.00434771 0.00523932 0.0065001 0.00758716 0.00789789 0.00723702 0.00583947 0.00414408 0.0024883 0.000828689 -0.00126304 -0.00416279 -0.00762349 -0.0106468 -0.0120796 -0.0116081 -0.010169 -0.00913511 -0.00928141 -0.0107405 
-0.0120511 -0.015009 -0.0168381 -0.0159653 -0.0120527 -0.00634023 -0.000817487 0.00302472 0.00478853 0.00506596 0.00498591 0.00546178 0.0065701 0.00767747 0.00810323 0.00759242 0.00634274 0.00477551 0.00320497 0.00154244 -0.00070382 -0.0039973 -0.00817512 -0.0121786 -0.014502 -0.0143092 -0.012268 -0.0100284 -0.008975 -0.00970008 
-0.0118057 -0.0148313 -0.016413 -0.0150032 -0.0105542 -0.00449057 0.00116083 0.00482768 0.00605769 0.00559545 0.00484485 0.00492012 0.00596269 0.00729459 0.00812 0.0080569 0.00721842 0.0059936 0.00469327 0.00322354 0.00104483 -0.00242639 -0.00716852 -0.0121261 -0.0155052 -0.0159613 -0.0138096 -0.0108593 -0.00904797 -0.00941528 
-0.011932 -0.0148702 -0.0162023 -0.0145393 -0.0100385 -0.00408721 0.00149709 0.00517314 0.00630805 0.0055375 0.00435488 0.00407359 0.00502402 0.00659816 0.00791397 0.00843889 0.00818442 0.00750418 0.00669665 0.00564307 0.00374018 0.000296476 -0.00477028 -0.0104142 -0.0146749 -0.0158867 -0.0140947 -0.0111288 -0.00919163 -0.00952371 
-0.0118242 -0.014312 -0.0153654 -0.013869 -0.00999543 -0.00483309 0.000233624 0.00386186 0.00523944 0.00467376 0.00346709 0.00299697 0.00382866 0.00553895 0.00724521 0.00830954 0.00867316 0.00866653 0.00854186 0.0080942 0.00663696 0.0034312 -0.00162387 -0.00749928 -0.0122405 -0.014123 -0.0130609 -0.0107445 -0.00924996 -0.00968653 
-0.0112202 -0.0127972 -0.0134236 -0.0123749 -0.00969906 -0.00599403 -0.00203289 0.00124986 0.00298364 0.00302126 0.00219674 0.00175548 0.00246462 0.00414723 0.00600641 0.00738666 0.00823665 0.00890537 0.00957726 0.00990071 0.00907911 0.00636422 0.0016847 -0.00397187 -0.00879507 -0.0112047 -0.0110989 -0.00990169 -0.00922566 -0.00975257 
-0.00987907 -0.0101379 -0.0100968 -0.00953863 -0.00835023 -0.00655733 -0.00420036 -0.00160443 0.000451542 0.00129782 0.00109 0.000788139 0.00132503 0.00279479 0.00453406 0.00593336 0.00701896 0.00822289 0.00970075 0.0109427 0.0109812 0.00898724 0.00489145 -0.000327371 -0.00497783 -0.00769522 -0.00849175 -0.008549 -0.00884554 -0.00940578 
-0.00774755 -0.0064997 -0.00557501 -0.00533948 -0.00557253 -0.00578306 -0.00527343 -0.00362369 -0.00136816 0.000303496 0.00074845 0.000547255 0.000792257 0.00188836 0.00333261 0.00455216 0.0056351 0.00714056 0.00931092 0.0115526 0.0126389 0.011466 0.00787832 0.00298719 -0.00140547 -0.00409502 -0.00539628 -0.0064779 -0.00772298 -0.00834364 
-0.00599129 -0.00330539 -0.00120298 -0.000675028 -0.00161848 -0.00334443 -0.00461912 -0.00419707 -0.00209745 0.000173676 0.00117766 0.00100664 0.000858176 0.00149592 0.00262237 0.00364192 0.00458626 0.00611927 0.00871225 0.0118438 0.0139884 0.0135566 0.0101878 0.00528386 0.00105809 -0.00130856 -0.00260506 -0.00431744 -0.00645279 -0.00736995 
-0.00705101 -0.00311665 0.000766962 0.00293797 0.00289075 0.000854858 -0.00182497 -0.00301903 -0.00177378 0.000576568 0.0019677 0.0018457 0.00131866 0.00148588 0.00231771 0.00316366 0.00386184 0.0050925 0.00763217 0.0112064 0.0140919 0.0141651 0.0107649 0.00558476 0.00136881 -0.000609218 -0.00164992 -0.0037825 -0.00691085 -0.00861512 
-0.0124953 -0.00751224 -0.00109464 0.00439043 0.00724436 0.00647824 0.00304468 -5.30869e-05 -0.000432442 0.0013481 0.00290965 0.00292561 0.00212596 0.00180921 0.00224998 0.00278516 0.00301013 0.00351975 0.00534685 0.0085679 0.0115169 0.0117819 0.00842966 0.00322268 -0.000830751 -0.00244714 -0.00334783 -0.00605605 -0.0104924 -0.0135757 
-0.021156 -0.0153868 -0.00605271 0.00378903 0.0109068 0.0126505 0.00922057 0.00432785 0.00193289 0.00265869 0.004149 0.00431785 0.00329946 0.00240612 0.00219592 0.00208476 0.001498 0.000887683 0.00138386 0.00338025 0.00556853 0.00574435 0.00294342 -0.00131281 -0.00438358 -0.00538801 -0.00638714 -0.0100753 -0.0162386 -0.0212037 
-0.030229 -0.0240366 -0.011955 0.00225389 0.0138333 0.0185353 0.0157183 0.00948877 0.00513616 0.00453827 0.00564198 0.00578439 0.00446108 0.00284882 0.00171715 0.000645983 -0.000960857 -0.00278228 -0.00378836 -0.00344945 -0.00255247 -0.00257874 -0.00411065 -0.00604893 -0.0068407 -0.00664386 -0.00789612 -0.0130554 -0.0214497 -0.028775 
-0.0377585 -0.0314585 -0.0170279 0.000892449 0.0162062 0.0235202 0.021542 0.0144505 0.00837776 0.00627766 0.00660019 0.00639669 0.00463546 0.00227549 0.000195126 -0.00183169 -0.00427809 -0.00687508 -0.0088289 -0.00973627 -0.00995745 -0.00999272 -0.00965633 -0.0082384 -0.00574892 -0.00392219 -0.00566054 -0.0128741 -0.0241329 -0.0343768 
-0.0433078 -0.0369821 -0.0206005 4.2551e-05 0.017763 0.0267062 0.0253779 0.0178242 0.0104428 0.00687288 0.00611866 0.0052593 0.00297642 3.36138e-05 -0.00268173 -0.00526395 -0.00800818 -0.0105845 -0.0124311 -0.0134789 -0.0139542 -0.0134964 -0.0110337 -0.00611846 -0.000380733 0.00275558 -1.54051e-05 -0.00985442 -0.0244299 -0.0378801 
-0.0468983 -0.040351 -0.0224953 -0.000382115 0.0181033 0.0274308 0.0264876 0.0190839 0.0112434 0.0066752 0.00477994 0.00294908 -4.03921e-05 -0.00343257 -0.00637762 -0.00899416 -0.0114931 -0.0134147 -0.0142943 -0.0144149 -0.0141319 -0.0126061 -0.00815257 -0.000567071 0.00722307 0.0105538 0.00607125 -0.00649178 -0.0239848 -0.0399982 
-0.048597 -0.0414564 -0.0226501 -0.000209239 0.017761 0.0266556 0.0261747 0.0198191 0.0126651 0.00783642 0.00485268 0.00162823 -0.00253525 -0.00658191 -0.00965823 -0.0120785 -0.0141807 -0.0154224 -0.0152627 -0.0141233 -0.0125192 -0.00955522 -0.00351712 0.00536572 0.0133846 0.0154995 0.00890433 -0.00568161 -0.0245964 -0.0414703 
-0.0487592 -0.040643 -0.0212019 0.00109557 0.0182289 0.0265924 0.0267818 0.0220285 0.0162759 0.011721 0.00776961 0.00288008 -0.00292068 -0.00805955 -0.0115619 -0.0139836 -0.0159769 -0.0170527 -0.0164583 -0.0144058 -0.0113952 -0.0068141 0.000417024 0.00933562 0.0159437 0.0157132 0.00696537 -0.00855374 -0.0270244 -0.0427701 
-0.0471389 -0.0377356 -0.0177427 0.00440031 0.0207731 0.0284213 0.0287246 0.0249472 0.0202651 0.0160856 0.0115839 0.00548589 -0.00173024 -0.00806456 -0.0122877 -0.0150274 -0.0172579 -0.0186504 -0.0181616 -0.0154927 -0.0109644 -0.00452643 0.00375895 0.0120247 0.0163699 0.013319 0.00255854 -0.0131701 -0.0300054 -0.0432715 
-0.0422136 -0.0312811 -0.0108952 0.0106829 0.0256091 0.0313209 0.0299642 0.0253043 0.0204096 0.0163446 0.0120599 0.00608789 -0.00131191 -0.00814215 -0.0128767 -0.0159091 -0.018331 -0.019965 -0.0194623 -0.0159109 -0.00946442 -0.000865559 0.00849507 0.0159935 0.0181703 0.0126883 0.000299358 -0.0154863 -0.030565 -0.0409746 
-0.0331042 -0.0206692 -0.000263527 0.0199247 0.0321935 0.0343312 0.029262 0.0215716 0.0147878 0.0101693 0.00665248 0.00227651 -0.00359214 -0.00956381 -0.0139902 -0.0168094 -0.0189343 -0.0202229 -0.0190805 -0.0141146 -0.00548037 0.00520865 0.0154598 0.0223743 0.0232542 0.0166322 0.00355288 -0.0122699 -0.0262384 -0.0343594 
-0.0216639 -0.00849918 0.0114337 0.0300062 0.0395878 0.0380068 0.0285979 0.0166733 0.00652066 0.000146895 -0.00301726 -0.00526828 -0.00842998 -0.0122635 -0.0154065 -0.0173718 -0.0186607 -0.0190169 -0.0167151 -0.0101599 0.000290644 0.0123033 0.0228624 0.0294367 0.0302901 0.0243773 0.0121176 -0.00338871 -0.017097 -0.0242716 
-0.0111368 0.00103227 0.0197029 0.0372668 0.0459771 0.0429062 0.0308657 0.0152826 0.00114831 -0.0083257 -0.0125161 -0.0134657 -0.0139957 -0.0152819 -0.0166936 -0.0175398 -0.017826 -0.0170883 -0.0136054 -0.00584351 0.00553027 0.0177588 0.0279316 0.0343855 0.0363496 0.0327946 0.0229008 0.0084635 -0.00543739 -0.0131501 
-0.00305686 0.00616344 0.0222749 0.039101 0.0489646 0.0475544 0.0361191 0.0192174 0.00197827 -0.011147 -0.0178021 -0.0190483 -0.0181605 -0.0176023 -0.0176757 -0.0177103 -0.0172887 -0.0157766 -0.0115887 -0.0033746 0.00797461 0.0195938 0.0290221 0.0355611 0.0391993 0.0387333 0.032104 0.0196442 0.0059483 -0.002897 
0.00386462 0.00920296 0.0214318 0.0365756 0.0477762 0.0496521 0.041575 0.0263943 0.00835451 -0.00753436 -0.0171833 -0.020125 -0.0194152 -0.0183398 -0.017994 -0.0178454 -0.0172564 -0.0155879 -0.0114906 -0.00375045 0.00677669 0.0173864 0.026052 0.0327276 0.0378452 0.0401283 0.0368786 0.0273759 0.0152867 0.00624157 
0.0126669 0.0144701 0.0220051 0.0336253 0.044131 0.0482438 0.0442196 0.0330684 0.0171238 0.000653061 -0.0112425 -0.0164309 -0.0171299 -0.0168012 -0.0169498 -0.0171948 -0.0169403 -0.0157428 -0.0125043 -0.00600389 0.0031787 0.0125981 0.0203902 0.0267275 0.0323635 0.0364353 0.0365057 0.0313154 0.023083 0.0159377 
0.0265087 0.0252015 0.0272341 0.0330906 0.0397656 0.0433061 0.0420762 0.0358234 0.0244789 0.0102148 -0.00212374 -0.00914708 -0.0118406 -0.0131543 -0.014475 -0.0154676 -0.0157887 -0.0153381 -0.0131977 -0.0080191 -9.54958e-05 0.00818561 0.0147205 0.0196479 0.0243734 0.029294 0.0330463 0.034002 0.0322179 0.0292608 
0.047066 0.0421967 0.0371826 0.0347937 0.0346195 0.0347147 0.0342909 0.0324887 0.0270555 0.0173897 0.00680388 -0.00095217 -0.00562373 -0.00906084 -0.0119514 -0.0137792 -0.0145272 -0.0145042 -0.0129149 -0.00829655 -0.000885227 0.00661584 0.0115371 0.0140001 0.0166114 0.0218145 0.0298109 0.0385751 0.0454505 0.0485298 
0.073925 0.0648911 0.0509977 0.0379118 0.0284554 0.0230089 0.021586 0.0228593 0.0230063 0.018956 0.0117966 0.00460416 -0.00149979 -0.00696135 -0.0113678 -0.0138023 -0.0144792 -0.014076 -0.0119714 -0.00680429 0.000919112 0.00795557 0.0110875 0.0106262 0.010653 0.0158897 0.0282817 0.0456215 0.0626014 0.0733114 
0.10578 0.0932007 0.069407 0.0436382 0.0229412 0.0104191 0.00647992 0.00896716 0.0130318 0.014015 0.0108332 0.00519713 -0.00141149 -0.00813926 -0.0135011 -0.0161098 -0.01614 -0.0144458 -0.0107463 -0.00419972 0.00411058 0.0104922 0.0115894 0.00819386 0.00573543 0.0108924 0.0273172 0.053123 0.0810476 0.101231 
0.142317 0.12835 0.0949562 0.055385 0.0219184 0.00087792 -0.00714928 -0.00545494 0.000375056 0.00485323 0.00517435 0.00153072 -0.00463336 -0.0115981 -0.01721 -0.0196645 -0.0187189 -0.0151186 -0.00914046 -0.000922203 0.00770247 0.0129136 0.0117264 0.00559592 0.000991347 0.0060609 0.025985 0.0596982 0.099037 0.130824 
0.185743 0.173534 0.132029 0.0784546 0.0309084 -0.000575923 -0.0148524 -0.0161081 -0.0105734 -0.00434574 -0.00156899 -0.00339467 -0.00864704 -0.0152069 -0.0206612 -0.0228699 -0.0209383 -0.0153279 -0.00700019 0.00274061 0.0114085 0.0153976 0.0123032 0.00408722 -0.00209692 0.00305262 0.0261029 0.0671758 0.118266 0.163808 
0.240479 0.233699 0.18618 0.118546 0.0549959 0.010047 -0.0135333 -0.0200846 -0.0165672 -0.0100716 -0.00605955 -0.00681972 -0.0114964 -0.0177579 -0.0230405 -0.0249812 -0.0221911 -0.0149191 -0.00468951 0.00632593 0.0153083 0.0189658 0.01522 0.00608407 -0.000913313 0.004659 0.0308604 0.0792897 0.142847 0.204417 
0.306941 0.308812 0.25712 0.175016 0.0931111 0.031421 -0.0044254 -0.0181155 -0.0175479 -0.0115568 -0.00725567 -0.00792646 -0.0128857 -0.0194584 -0.0247827 -0.0264264 -0.0229636 -0.0146363 -0.00314789 0.00909087 0.0192101 0.0239681 0.0211049 0.0123044 0.00533897 0.0118487 0.0415546 0.0977 0.174446 0.253777 
0.371158 0.382717 0.328774 0.233658 0.133819 0.0550476 0.00647149 -0.0144204 -0.0164908 -0.0107937 -0.00638216 -0.00742911 -0.0132474 -0.0206456 -0.0262891 -0.0277816 -0.0240448 -0.0154331 -0.00337433 0.0100719 0.0220953 0.0291089 0.0282856 0.0209011 0.0149193 0.022924 0.0559745 0.11872 0.206648 0.301672 
