0.432587 0.49052 0.441032 0.31345 0.172249 0.0679624 0.0138646 -0.0038916 -0.00410187 0.00170628 0.00736542 0.00845703 0.0040987 -0.00199018 -0.00542065 -0.0054756 -0.00474349 -0.00493279 -0.00346863 0.00518909 0.0234841 0.0453497 0.0584071 0.054522 0.0383555 0.0241148 0.0284336 0.0697641 0.163452 0.300849 
0.359675 0.420217 0.388795 0.283682 0.157994 0.058758 0.00323577 -0.0168963 -0.0176036 -0.00990339 -0.000512396 0.00459489 0.00280671 -0.0025761 -0.006362 -0.00709347 -0.00730273 -0.00911334 -0.0103699 -0.00522799 0.0100585 0.0305532 0.0437809 0.0411767 0.0273349 0.0151873 0.0177644 0.0496364 0.125483 0.241782 
0.221459 0.272859 0.263001 0.196877 0.108767 0.0352125 -0.00712747 -0.0230019 -0.0240359 -0.0169755 -0.00601536 0.00218038 0.00254828 -0.00300485 -0.00880949 -0.0121624 -0.0146214 -0.0180189 -0.0204461 -0.0161228 -0.000782099 0.0211128 0.0369819 0.0376895 0.0264458 0.0135596 0.00840709 0.0212422 0.064089 0.138415 
0.0945561 0.132219 0.137909 0.106598 0.0559523 0.0120197 -0.0114036 -0.0186065 -0.0187137 -0.0140535 -0.00484256 0.00335793 0.00405391 -0.00249872 -0.0108469 -0.0170861 -0.0212423 -0.0244563 -0.0252492 -0.0186685 -0.000887431 0.0238306 0.0434895 0.0486513 0.0400942 0.0248703 0.0100515 0.00338204 0.0143384 0.0477008 
0.0213276 0.0466986 0.0582114 0.0466307 0.0203452 -0.00146832 -0.00821963 -0.00589126 -0.00377969 -0.00213656 0.00223214 0.00654248 0.00498137 -0.00320684 -0.0133489 -0.0209037 -0.0246865 -0.0255742 -0.0231731 -0.014102 0.0047084 0.0299994 0.0519342 0.0616445 0.0571509 0.0418889 0.0212499 0.00202502 -0.00750689 -0.000720399 
-0.00429928 0.0119652 0.0216619 0.0164378 0.00204687 -0.0063379 -0.00151928 0.00828223 0.0126239 0.0113721 0.00968047 0.00797279 0.00257968 -0.00736403 -0.0180408 -0.0249568 -0.0266822 -0.0247031 -0.0201768 -0.0113377 0.00459498 0.0264827 0.0479218 0.0614746 0.0629498 0.0522465 0.0325153 0.00956467 -0.00848088 -0.0137236 
-0.00800352 0.00113011 0.00532616 -0.000270931 -0.00915203 -0.00925513 0.00271411 0.0166849 0.0218813 0.0181708 0.0117085 0.0052547 -0.00287488 -0.0132818 -0.0228607 -0.0277126 -0.0270344 -0.0233676 -0.0191033 -0.0133558 -0.00301573 0.0130972 0.0318851 0.047673 0.0553159 0.0520454 0.0381153 0.0174324 -0.00201973 -0.0113628 
-0.00697239 -0.00386395 -0.00569571 -0.0137613 -0.0200131 -0.015136 0.000312147 0.0150614 0.0192353 0.0136881 0.0053799 -0.00193874 -0.00918305 -0.0170517 -0.0233003 -0.0250448 -0.0223413 -0.0183675 -0.0158537 -0.0140045 -0.00931301 0.000871075 0.0156844 0.0312098 0.0426854 0.045988 0.0387319 0.022497 0.00442941 -0.00636109 
-0.00336946 -0.00335444 -0.00896328 -0.0198597 -0.0268178 -0.0218526 -0.00765401 0.00443208 0.00613207 -0.000308309 -0.00750671 -0.0118752 -0.0145909 -0.0169688 -0.0180162 -0.0161213 -0.0118761 -0.00825825 -0.00759627 -0.00896214 -0.00887004 -0.00413181 0.00581461 0.0187512 0.030912 0.0378083 0.0355969 0.0241587 0.00914408 -0.00111871 
0.00539561 0.0076332 0.00315374 -0.00941317 -0.0209832 -0.0226639 -0.0157441 -0.00950791 -0.0104964 -0.0162463 -0.0203948 -0.0203745 -0.0177799 -0.0144414 -0.0105611 -0.00566099 -0.000475282 0.00262881 0.00179129 -0.00211841 -0.00585145 -0.00595188 -0.000724666 0.00905777 0.0204304 0.0288765 0.0302096 0.0235331 0.0129018 0.00552058 
0.0155469 0.0237875 0.0257237 0.0149919 -0.0021302 -0.0147951 -0.0193546 -0.0204021 -0.0227467 -0.0256986 -0.0259157 -0.0225244 -0.0171281 -0.0112245 -0.00528404 0.000693425 0.00600243 0.00862507 0.0067515 0.00104513 -0.00526259 -0.0083873 -0.00593725 0.0021898 0.0134916 0.023357 0.0274129 0.0243124 0.0170006 0.0122001 
0.0182611 0.0313541 0.0419265 0.0375797 0.0189503 -0.0026036 -0.0175963 -0.0245298 -0.0262521 -0.0248385 -0.0211096 -0.016343 -0.0118139 -0.00765218 -0.00330474 0.00152663 0.0061393 0.0084637 0.00647621 0.000671109 -0.00562557 -0.00860246 -0.00596741 0.0026092 0.0149153 0.0260779 0.031178 0.0284861 0.0206324 0.0146105 
0.0105072 0.0244796 0.0419983 0.0466201 0.0326104 0.00909933 -0.0109918 -0.0209069 -0.0210374 -0.015371 -0.0085455 -0.00413795 -0.00304166 -0.00339811 -0.00287377 -0.000559512 0.0027562 0.00494761 0.00398851 0.000235733 -0.00329074 -0.00340751 0.00144827 0.0114139 0.0244025 0.0352973 0.0387724 0.0330997 0.0212069 0.0104976 
-0.000895251 0.0110073 0.0316921 0.0443134 0.0387281 0.0197465 -0.000185859 -0.011237 -0.010648 -0.00234895 0.00638513 0.00971788 0.00688444 0.00160283 -0.00212372 -0.00288556 -0.00147332 0.000331704 0.000899642 0.000319293 0.000701443 0.00413308 0.0112913 0.0219743 0.0342426 0.0432841 0.0440028 0.0347996 0.0187951 0.00353808 
-0.00733546 0.000762076 0.0202752 0.0372638 0.0401205 0.0285889 0.0114159 -0.000654574 -0.00121586 0.00774087 0.0176326 0.0205507 0.0152606 0.00641056 -0.00100121 -0.00510174 -0.00627236 -0.00550359 -0.00385004 -0.00165597 0.00201781 0.0081178 0.0165051 0.0266978 0.0373979 0.0450184 0.0449882 0.0350696 0.0177486 0.000382787 
-0.00717151 -0.004351 0.0106009 0.0280811 0.0369932 0.0325952 0.0187204 0.00540314 0.00219641 0.00998871 0.0203597 0.0240744 0.0188181 0.00877793 -0.0009562 -0.00794172 -0.0116843 -0.0122477 -0.0102055 -0.00625174 -0.000365578 0.00741848 0.016168 0.0253088 0.034802 0.0428248 0.0450044 0.0374919 0.0213586 0.00346643 
-0.00599282 -0.00805209 0.00228603 0.018683 0.030992 0.0317651 0.020898 0.00668466 0.000124645 0.00480086 0.0140491 0.0188048 0.015585 0.00692781 -0.00290494 -0.0110402 -0.0160609 -0.0173738 -0.01525 -0.0103333 -0.00294251 0.00608341 0.0149685 0.0231454 0.0319201 0.0409902 0.0458324 0.0409479 0.0260576 0.00752857 
-0.00914793 -0.0128523 -0.00385687 0.0123997 0.0264614 0.0304327 0.022252 0.00792968 -0.00212092 -0.002431 0.00333398 0.00790733 0.00716884 0.0015594 -0.00617984 -0.0132801 -0.0178379 -0.0190301 -0.0169401 -0.0117299 -0.00349753 0.00634483 0.0152083 0.0224232 0.0301231 0.0389119 0.0442528 0.0399069 0.0249951 0.00572236 
-0.0146654 -0.0167956 -0.00642009 0.0105535 0.0254035 0.0313853 0.0259517 0.0126469 -0.000147995 -0.00605914 -0.00544135 -0.00281616 -0.00213553 -0.00471057 -0.00954886 -0.0145836 -0.0179585 -0.0188561 -0.017156 -0.0123983 -0.00426825 0.00550042 0.0137472 0.0195991 0.0254564 0.0324928 0.036717 0.0321006 0.0175657 -0.000959672 
-0.0162104 -0.0165199 -0.00531328 0.0113857 0.025783 0.0326833 0.0298424 0.0188256 0.00543382 -0.00427663 -0.0083117 -0.00857212 -0.00814726 -0.0091869 -0.0120384 -0.015558 -0.0182673 -0.0193693 -0.0184569 -0.0146436 -0.00747106 0.00112131 0.00780152 0.0116533 0.0151713 0.0201996 0.0239799 0.0211926 0.0100149 -0.00512425 
-0.0123339 -0.0126819 -0.00263906 0.0123935 0.0251184 0.0313688 0.0299108 0.0217553 0.0105327 0.000719956 -0.00526066 -0.0078041 -0.00884349 -0.0102323 -0.0126933 -0.015733 -0.0183858 -0.0199347 -0.0197316 -0.016816 -0.0110274 -0.00451654 -0.000365427 0.00083694 0.00176182 0.00505468 0.00968927 0.0113128 0.00647761 -0.00351322 
-0.00744551 -0.00930116 -0.00126215 0.0120322 0.0229415 0.0274556 0.0257491 0.0198512 0.0123853 0.00573796 0.00100416 -0.00218821 -0.004829 -0.00764643 -0.0107587 -0.0138304 -0.016395 -0.0179733 -0.0178926 -0.0154339 -0.0110059 -0.00695034 -0.00581049 -0.00757607 -0.00937851 -0.00790045 -0.0023779 0.00393703 0.00566906 0.000379928 
-0.00399543 -0.0076568 -0.00155225 0.0104649 0.0202546 0.0233066 0.0207188 0.0160423 0.0120397 0.00953823 0.00771116 0.00524772 0.00164222 -0.00256102 -0.0065067 -0.00969909 -0.0119731 -0.0130775 -0.0124901 -0.0099249 -0.00639792 -0.00435142 -0.00573934 -0.010006 -0.0142075 -0.0146242 -0.00909772 9.82419e-05 0.00616876 0.00377823 
0.000569536 -0.00449193 -0.000534869 0.0098005 0.0187689 0.021307 0.0183828 0.01432 0.0124151 0.0128593 0.0134445 0.0119222 0.0079869 0.00304957 -0.00141477 -0.00478025 -0.0068788 -0.00741334 -0.00601401 -0.00291083 0.000371532 0.00144167 -0.00117069 -0.00665587 -0.0121985 -0.0139823 -0.00908537 0.000962262 0.00895593 0.00817009 
0.00903444 0.00344917 0.00490496 0.0124229 0.0199401 0.0224311 0.0199275 0.0162871 0.0149809 0.0162482 0.0175102 0.0162275 0.0122675 0.00733525 0.00289088 -0.000534923 -0.00256986 -0.00261116 -0.000375261 0.0034018 0.00685711 0.00782362 0.00520986 -0.000166119 -0.00577741 -0.00803121 -0.00384157 0.00589164 0.0145784 0.0153631 
0.0203574 0.0153472 0.0144057 0.0181486 0.0231372 0.0253176 0.0235848 0.0203053 0.0185077 0.018851 0.0192853 0.0176125 0.0138486 0.00953825 0.00571901 0.00267073 0.000950993 0.00146638 0.00444221 0.008747 0.012353 0.0134155 0.0111868 0.00647718 0.0015399 -0.000463077 0.0032892 0.0123976 0.0214535 0.0242296 
0.0302433 0.0264861 0.0237368 0.0236091 0.0254199 0.0267731 0.0257267 0.022786 0.020146 0.0190118 0.0182961 0.0163497 0.0131645 0.00989324 0.00712771 0.00492261 0.0038745 0.00500484 0.00848692 0.012969 0.0163916 0.0172489 0.01517 0.0110798 0.00706097 0.00578583 0.00952326 0.0180221 0.0270528 0.0314788 
0.0339179 0.0312152 0.0274905 0.024485 0.0233948 0.0234542 0.0225606 0.0199102 0.0168931 0.0150481 0.0140786 0.0127052 0.0106818 0.00871855 0.00714456 0.00593579 0.00563425 0.00720941 0.0107914 0.0149898 0.0178594 0.0182613 0.0162237 0.0128272 0.00998317 0.00982752 0.0138443 0.021457 0.0293345 0.0337881 
0.0281608 0.0257139 0.0218962 0.0176863 0.0146489 0.0130663 0.011575 0.00927156 0.00700613 0.00607335 0.00636244 0.00669224 0.0065127 0.00613462 0.00576639 0.00544057 0.00566758 0.00730671 0.0104596 0.0138811 0.0159502 0.0159356 0.0141637 0.0117383 0.0102949 0.0113688 0.0155067 0.0214709 0.0265587 0.0287498 
0.0125975 0.00980228 0.00667115 0.00285911 -0.00094875 -0.00402909 -0.00633385 -0.00784289 -0.00805171 -0.00651605 -0.00373191 -0.000893383 0.00126778 0.00273619 0.00359998 0.00397165 0.00437602 0.005572 0.00768855 0.00983137 0.010904 0.0105424 0.00912685 0.00756134 0.00714014 0.00885801 0.0124005 0.0158498 0.0169843 0.0153878 
-0.00890561 -0.0119598 -0.0139367 -0.0164009 -0.0198407 -0.0234259 -0.0257634 -0.0257853 -0.0232857 -0.0187825 -0.0132505 -0.00783888 -0.00334239 -6.47167e-05 0.00191264 0.00273176 0.00291481 0.003139 0.00366467 0.00411119 0.00396285 0.00307396 0.00163108 0.000188706 -0.000250064 0.000989423 0.0030569 0.00365586 0.00103279 -0.00403128 
-0.0294125 -0.0321776 -0.0330125 -0.033982 -0.0361645 -0.0387567 -0.0398153 -0.0379131 -0.0331289 -0.0264484 -0.01893 -0.0115926 -0.00534682 -0.000795198 0.00184329 0.00273143 0.00233769 0.00125586 -6.07411e-05 -0.00147725 -0.00305418 -0.0048724 -0.00700084 -0.00919661 -0.0106458 -0.0107858 -0.0106054 -0.0123282 -0.0171964 -0.0238543 
-0.0432556 -0.0452219 -0.0452366 -0.0450143 -0.0454517 -0.0458737 -0.0446864 -0.0408795 -0.0347861 -0.0272777 -0.0190413 -0.010895 -0.00392981 0.000999137 0.00364453 0.00421577 0.0030847 0.000737525 -0.00222783 -0.00532538 -0.00836869 -0.0114378 -0.0147305 -0.0181643 -0.021055 -0.0228419 -0.0243195 -0.0272704 -0.0324668 -0.0385771 
-0.0487911 -0.0497229 -0.0491147 -0.0478872 -0.0464463 -0.0443823 -0.0408503 -0.0355052 -0.028902 -0.0216586 -0.013986 -0.00639064 5.11527e-05 0.00444227 0.00658882 0.00669374 0.0049695 0.00175632 -0.00230999 -0.00659385 -0.010834 -0.0151166 -0.0196438 -0.0243884 -0.0287388 -0.0319901 -0.0344957 -0.0375119 -0.0415926 -0.0458404 
-0.0476075 -0.0474907 -0.046095 -0.0436457 -0.040313 -0.0361403 -0.030942 -0.0247536 -0.018232 -0.0119407 -0.00583302 1.25269e-06 0.00486241 0.0080886 0.00955164 0.00932301 0.00737441 0.00385792 -0.000651858 -0.00551785 -0.0105021 -0.0157023 -0.0212936 -0.0272587 -0.0329328 -0.0372548 -0.0400053 -0.0420995 -0.0443041 -0.0463902 
-0.0423457 -0.0412863 -0.038807 -0.034787 -0.0296016 -0.0239351 -0.0180747 -0.012049 -0.00635887 -0.00155609 0.00248835 0.00605612 0.00893863 0.0108104 0.0116074 0.0112331 0.00940575 0.0060643 0.00163681 -0.00334379 -0.00870206 -0.0145132 -0.0208782 -0.0277432 -0.0343413 -0.0392207 -0.0415889 -0.042167 -0.0422575 -0.0424415 
-0.0342369 -0.0325649 -0.029171 -0.0238767 -0.0174658 -0.0111942 -0.00566 -0.000787986 0.00322495 0.00608937 0.00812072 0.00978296 0.0110675 0.0118252 0.012074 0.0116613 0.0101478 0.00726971 0.00323654 -0.00159529 -0.00707463 -0.0130986 -0.0195443 -0.0263365 -0.0328603 -0.0376013 -0.0392912 -0.0383185 -0.0364609 -0.0351481 
-0.0224535 -0.0209428 -0.0176987 -0.0126006 -0.00666325 -0.00120652 0.00315261 0.00636972 0.00829712 0.00906465 0.00942598 0.0099199 0.0103772 0.0105645 0.0105497 0.01024 0.00916749 0.0069151 0.00344731 -0.00105875 -0.00634727 -0.0118953 -0.0171875 -0.022259 -0.0271186 -0.0307245 -0.0315255 -0.0293097 -0.025947 -0.0236005 
-0.00795953 -0.00756331 -0.00583954 -0.00274161 0.000792445 0.00398509 0.00658635 0.00825226 0.00844028 0.00747969 0.00663582 0.0066006 0.00695729 0.00721352 0.00735874 0.00735924 0.00682137 0.00528477 0.00254058 -0.00135554 -0.00597208 -0.0102869 -0.0133446 -0.0153584 -0.0172289 -0.0188034 -0.0185569 -0.0155836 -0.0114135 -0.00866452 
0.00308751 0.00218163 0.0022251 0.00297806 0.00356263 0.00390974 0.00442957 0.0047813 0.00403305 0.00234348 0.00114567 0.00125352 0.00210821 0.00295839 0.00361338 0.00404066 0.0039931 0.00313919 0.00127843 -0.00159585 -0.00505523 -0.00789312 -0.00882838 -0.00801174 -0.00696707 -0.00654074 -0.00562664 -0.0027966 0.00105654 0.00330806 
0.00420791 0.00305447 0.00311529 0.00325983 0.00210978 -7.97695e-05 -0.00203977 -0.00324036 -0.00426124 -0.00526216 -0.00536868 -0.00413306 -0.00225913 -0.000575524 0.000656838 0.00141869 0.00161777 0.0011595 4.79384e-05 -0.00171441 -0.00399559 -0.00593225 -0.00610791 -0.00413103 -0.00150137 4.53441e-05 0.000798143 0.00236254 0.00458278 0.00537104 
-0.00306087 -0.00307019 -0.000894254 0.000898767 -0.000307023 -0.00453818 -0.00951828 -0.0128891 -0.013924 -0.0130072 -0.0105571 -0.00724073 -0.0040919 -0.00176252 -0.000270345 0.000504983 0.000542278 -0.000116903 -0.0012067 -0.00258351 -0.00443198 -0.00645469 -0.00722975 -0.00554949 -0.0024353 -0.000381758 -0.000167765 -0.00032006 -0.000322092 -0.00136445 
-0.00934237 -0.00766655 -0.00296212 0.00103936 0.000362288 -0.00561858 -0.0136152 -0.0191698 -0.0200359 -0.0168281 -0.0114984 -0.00609957 -0.00204493 0.000364777 0.00159165 0.00200098 0.00151258 7.63454e-05 -0.00188086 -0.00394828 -0.00630076 -0.00891695 -0.01044 -0.00916738 -0.00574723 -0.00322528 -0.00326663 -0.00455232 -0.00598146 -0.007938 
-0.00617714 -0.0033952 0.00203507 0.00636848 0.00518704 -0.00233123 -0.0120482 -0.0182815 -0.0183671 -0.0135665 -0.00688384 -0.000966081 0.00289011 0.00478913 0.00550693 0.00549333 0.0045093 0.00234781 -0.000477891 -0.00330198 -0.00604755 -0.00863912 -0.0099696 -0.00855792 -0.00498597 -0.00230176 -0.00238941 -0.00386021 -0.00508566 -0.00610113 
0.00678398 0.00922522 0.0125874 0.0142655 0.0108382 0.00229851 -0.00660493 -0.0106681 -0.008821 -0.00369942 0.00158564 0.00538476 0.00752687 0.00854442 0.00898795 0.00893346 0.00794072 0.00585811 0.00336583 0.00123505 -0.000373373 -0.00147684 -0.00156989 0.000182566 0.00339767 0.00575836 0.00567201 0.00457531 0.00449255 0.00539271 
0.021611 0.0218365 0.0211642 0.0183778 0.0119491 0.003525 -0.00182785 -0.000885948 0.00419323 0.0088307 0.0105672 0.0100633 0.00917841 0.00899416 0.00942472 0.00976346 0.00931903 0.00816482 0.00720599 0.00720162 0.00815639 0.00961346 0.0112545 0.0134841 0.016644 0.0193807 0.0199707 0.0192379 0.0193598 0.0205827 
0.0277293 0.0244332 0.0198175 0.0133864 0.00520786 -0.00158457 -0.00198366 0.00498441 0.0139331 0.0183983 0.016607 0.0115801 0.0073201 0.00564815 0.0059996 0.00691002 0.00731539 0.00726382 0.00767073 0.00932085 0.0122544 0.0157117 0.0187998 0.0219754 0.026524 0.031524 0.034069 0.0334188 0.0316056 0.0298992 
0.0202488 0.0138757 0.00733557 0.000150636 -0.00708691 -0.0109886 -0.00716518 0.00406906 0.0158417 0.0207072 0.0171132 0.00932722 0.00268955 -0.000250562 -2.80291e-06 0.00162703 0.00306403 0.00379341 0.00435808 0.00567079 0.00825565 0.011629 0.0149042 0.0188442 0.0253453 0.0333482 0.0383712 0.0377288 0.0329618 0.0267021 
0.00499358 -0.00218029 -0.00803977 -0.0130354 -0.0168442 -0.0172396 -0.0112121 0.000677389 0.0122911 0.016719 0.0124778 0.00386211 -0.00360504 -0.00699979 -0.00642064 -0.00364837 -0.000865998 0.000499341 0.000451823 9.01272e-05 0.000550569 0.00190192 0.00360372 0.0066692 0.0132316 0.0222741 0.028675 0.0284431 0.022303 0.0135575 
-0.00643006 -0.0119072 -0.0153614 -0.0167625 -0.0161577 -0.0131252 -0.00662757 0.00269394 0.0106279 0.0122292 0.00661395 -0.00243119 -0.0100263 -0.0132807 -0.0118614 -0.00748562 -0.0030304 -0.000829724 -0.00123101 -0.00285239 -0.00417236 -0.00492165 -0.0055422 -0.00501254 -0.00104831 0.00605688 0.0120383 0.0128106 0.0081404 0.000750065 
-0.00731025 -0.0105355 -0.0114446 -0.00945077 -0.00499207 0.000747018 0.00689867 0.0123336 0.0146326 0.0114707 0.0031895 -0.00699855 -0.0151829 -0.0186209 -0.0165462 -0.010637 -0.00443787 -0.00106986 -0.00107188 -0.0026644 -0.0040484 -0.00514264 -0.00674589 -0.00818032 -0.00720637 -0.00315631 0.00146791 0.00345677 0.00164667 -0.00270282 
0.000623777 -0.00234937 -0.00207087 0.00206561 0.00883178 0.0159393 0.0213505 0.0233455 0.0205988 0.0130035 0.0020682 -0.00958895 -0.0189661 -0.0233628 -0.0214969 -0.0147587 -0.00697273 -0.00194906 -0.000721963 -0.00136015 -0.00166817 -0.00146408 -0.00175163 -0.00242521 -0.00196201 0.000630619 0.00457073 0.00778215 0.00806659 0.00499183 
0.0125446 0.0070913 0.00643501 0.0106884 0.0175587 0.0242022 0.028381 0.0282022 0.022732 0.012848 0.000545715 -0.0119657 -0.0222185 -0.0276263 -0.0266079 -0.0199407 -0.0109795 -0.0039121 -0.000812457 -0.000385992 -0.000139329 0.00101912 0.00287725 0.00521075 0.00812187 0.0120025 0.017216 0.0224067 0.0239455 0.0197598 
0.0256621 0.0166006 0.0130513 0.0149816 0.0195553 0.0239521 0.0264139 0.0252912 0.0194108 0.00933002 -0.00299576 -0.0152051 -0.0249397 -0.0302062 -0.0298544 -0.0240877 -0.0150625 -0.0065959 -0.0018336 -0.000895741 -0.00152166 -0.00125946 0.00142218 0.00651489 0.012645 0.0193 0.0275987 0.0364681 0.040541 0.0359045 
0.0398946 0.0278274 0.0198704 0.0172173 0.0177138 0.0190493 0.0199925 0.0189675 0.0139507 0.00453549 -0.007228 -0.0181694 -0.0258589 -0.0294898 -0.0291772 -0.0249933 -0.0175922 -0.00950774 -0.00420473 -0.00327414 -0.00526188 -0.00685402 -0.00501754 0.000639544 0.00794806 0.0161625 0.0274916 0.0414779 0.0512288 0.0501617 
0.0549263 0.0399279 0.0260853 0.0173523 0.0134101 0.0127451 0.0140682 0.0148264 0.0113699 0.00240932 -0.00919253 -0.018906 -0.0241703 -0.0255521 -0.0247903 -0.0223247 -0.0175088 -0.0110877 -0.00591144 -0.00441778 -0.00618054 -0.00819415 -0.00737665 -0.00332079 0.00202212 0.00882341 0.0210846 0.0398274 0.0572052 0.0629327 
0.0665809 0.0466113 0.0254661 0.0105664 0.00380005 0.00434028 0.00980022 0.0150109 0.0138611 0.00472329 -0.00776671 -0.0172683 -0.0209349 -0.0204097 -0.0188703 -0.0173891 -0.0144872 -0.00924957 -0.00345413 0.000311788 0.00157924 0.00206663 0.00344008 0.00561715 0.00757162 0.0109397 0.0214166 0.0417832 0.0640238 0.0743727 
0.0680971 0.0412436 0.0129646 -0.00598077 -0.0119374 -0.0059791 0.00707636 0.0183427 0.0193147 0.00901867 -0.00539797 -0.01567 -0.0186253 -0.0166707 -0.0140511 -0.0124341 -0.00994897 -0.00456783 0.00293477 0.0102806 0.0165023 0.0219079 0.0262594 0.0286103 0.0286517 0.0287733 0.0350326 0.0514561 0.0713474 0.0798896 
0.0563047 0.0251798 -0.00625986 -0.0245322 -0.0251011 -0.0109671 0.00952456 0.0244468 0.0247888 0.0116296 -0.00537791 -0.0167518 -0.0194314 -0.0165148 -0.0128988 -0.0105654 -0.00759614 -0.00153543 0.00757263 0.0180631 0.0289995 0.0398591 0.0488647 0.0538502 0.0542033 0.0517783 0.0516315 0.0586983 0.0697427 0.0723286 
0.035059 0.00763773 -0.0193381 -0.03106 -0.0231375 -0.001635 0.0217498 0.0343973 0.0296844 0.0118944 -0.00779741 -0.0202698 -0.0233241 -0.0205259 -0.0168058 -0.0141596 -0.0109528 -0.00482352 0.00473253 0.0167492 0.0305169 0.045217 0.0581828 0.0659048 0.0666228 0.0611044 0.0532872 0.0492407 0.0505632 0.0493713 
0.0122054 -0.00321917 -0.0187227 -0.0202154 -0.00412903 0.0211238 0.0422491 0.0481085 0.0359547 0.0132158 -0.00877391 -0.0226604 -0.0274376 -0.0264775 -0.024074 -0.0221863 -0.0197104 -0.0144101 -0.00520704 0.00728018 0.0220009 0.0377586 0.0515671 0.0590924 0.0577244 0.0478848 0.0332576 0.0209618 0.016787 0.0174346 
-0.00517012 -0.0061882 -0.00890376 -0.00118475 0.0199719 0.0458773 0.0636274 0.0637287 0.0460213 0.0197743 -0.004135 -0.0201293 -0.0279458 -0.0301451 -0.0301304 -0.0299844 -0.0291135 -0.0250401 -0.0159832 -0.00275264 0.0123187 0.0269867 0.0380954 0.0414548 0.0350501 0.0205038 0.00200609 -0.0133604 -0.0179342 -0.011766 
-0.0106257 -0.00191591 0.00259293 0.0137931 0.0355316 0.0608207 0.0778309 0.0770039 0.0581209 0.0308655 0.00592765 -0.0119746 -0.0227584 -0.0281146 -0.0306665 -0.0325776 -0.0335479 -0.030709 -0.0215518 -0.00707515 0.00883095 0.0221316 0.0290344 0.0262155 0.0137918 -0.00419856 -0.0229 -0.0365855 -0.0381573 -0.0262259 
0.00531076 0.0164567 0.0185859 0.0236248 0.0390145 0.0612818 0.0792168 0.0811734 0.0650371 0.040058 0.0167005 -0.000950128 -0.0130218 -0.0205474 -0.0252389 -0.0288668 -0.0313045 -0.0297615 -0.0211758 -0.0059431 0.0113708 0.0247511 0.029063 0.0218213 0.00557721 -0.0133195 -0.0293412 -0.037996 -0.0337286 -0.0157168 
0.0552185 0.0651342 0.0552379 0.041382 0.0390908 0.0512785 0.0672365 0.072015 0.060772 0.0414334 0.023138 0.00857719 -0.0028874 -0.0115454 -0.0177162 -0.0222757 -0.0253935 -0.0250707 -0.0179822 -0.00301235 0.015995 0.0316076 0.0368843 0.029292 0.0126474 -0.00528353 -0.0174628 -0.0183535 -0.00305442 0.0265456 
0.148806 0.161264 0.133203 0.0870482 0.0521158 0.0421085 0.0483967 0.0527273 0.0465771 0.0347573 0.0234646 0.01337 0.00344346 -0.00552185 -0.0122048 -0.016587 -0.0193519 -0.0196189 -0.014029 0.000314001 0.0211925 0.040603 0.0495962 0.0442862 0.028419 0.0110839 0.00267408 0.0128717 0.04787 0.101466 
0.277488 0.301794 0.255967 0.169647 0.0897991 0.0450096 0.0320671 0.0310366 0.0286228 0.0241509 0.0195537 0.0135854 0.0053393 -0.00312746 -0.00914263 -0.0122388 -0.0137531 -0.0137925 -0.00908847 0.00463292 0.0268567 0.04967 0.0622509 0.0586839 0.0424631 0.0248233 0.0205782 0.0449623 0.107337 0.197501 
0.395098 0.438013 0.383105 0.26362 0.141135 0.0588596 0.0220042 0.0121062 0.011551 0.0131151 0.0140649 0.0115641 0.00506651 -0.00226319 -0.0068296 -0.00809476 -0.00809821 -0.00777886 -0.0041195 0.00795641 0.029422 0.0530305 0.0667739 0.0632012 0.0462548 0.029397 0.0301788 0.0675201 0.154551 0.279912 
