0.338811 0.286375 0.179281 0.0727292 0.00649725 -0.0133519 -0.00507797 0.00594833 0.00540537 -0.00344617 -0.0113263 -0.0153133 -0.0177334 -0.0199604 -0.0218972 -0.0239358 -0.0259096 -0.0260287 -0.0226265 -0.0160285 -0.0089288 -0.00436399 -0.0001206 0.0135407 0.0450467 0.0906326 0.138769 0.188395 0.25034 0.315337 
0.303765 0.26841 0.185314 0.0975738 0.0386351 0.0163765 0.0178465 0.021628 0.0149756 0.000968552 -0.0115478 -0.0187336 -0.0218032 -0.0228918 -0.0236434 -0.024996 -0.0264014 -0.0263672 -0.0239889 -0.0188522 -0.0105965 0.000487587 0.0152929 0.038489 0.074164 0.117 0.154679 0.186426 0.227863 0.279034 
0.207312 0.196101 0.152018 0.0977243 0.0555814 0.0358227 0.0333053 0.0325842 0.0232431 0.00779408 -0.00651596 -0.0161276 -0.021059 -0.0227883 -0.0234976 -0.0245762 -0.0255284 -0.0251887 -0.0229534 -0.0176252 -0.00662162 0.0114742 0.0351481 0.0625843 0.092976 0.121478 0.138586 0.144774 0.157459 0.185422 
0.114229 0.120516 0.108237 0.0829874 0.0567469 0.0408362 0.0365034 0.0337314 0.0243672 0.0104401 -0.00247102 -0.0118536 -0.0173887 -0.0197698 -0.0209096 -0.0222017 -0.0231566 -0.0225597 -0.0192832 -0.0111662 0.00492469 0.0292764 0.0565803 0.0803635 0.0985954 0.109728 0.108256 0.095494 0.0875732 0.0969839 
0.0619875 0.070503 0.069617 0.0581491 0.0415352 0.0295877 0.0262995 0.0251632 0.0191894 0.00921119 -0.000597938 -0.00823948 -0.0133148 -0.0161258 -0.0179699 -0.0197594 -0.0209271 -0.0201527 -0.0154443 -0.00343447 0.018702 0.0481467 0.0751282 0.0911047 0.0964077 0.0941078 0.0824066 0.0633164 0.0497193 0.0511619 
0.0480494 0.0460066 0.0387804 0.0274391 0.0151721 0.0082159 0.00950163 0.0138734 0.0143475 0.00957164 0.00238254 -0.00460342 -0.0101984 -0.0143016 -0.0174658 -0.0199713 -0.0213895 -0.0206809 -0.0152762 -0.000670073 0.0256364 0.0577753 0.0825691 0.0914607 0.0880688 0.0791425 0.0659019 0.0513364 0.0438472 0.0453348 
0.0544465 0.0388931 0.0188169 0.00156647 -0.00844596 -0.00899964 -0.0012325 0.00893022 0.0144651 0.0127349 0.00602339 -0.00198034 -0.00915242 -0.0150779 -0.0197474 -0.0230079 -0.0247178 -0.0242684 -0.0190205 -0.00418671 0.0221543 0.0524162 0.0725116 0.0754679 0.0675102 0.057587 0.0494295 0.0466186 0.0518883 0.0582374 
0.0608892 0.037552 0.00907251 -0.0118457 -0.0183287 -0.0114761 0.00224863 0.014717 0.0196534 0.0158149 0.00684029 -0.00269902 -0.0107728 -0.0174025 -0.0226233 -0.026223 -0.0281281 -0.0277289 -0.0226935 -0.00931404 0.0130322 0.036477 0.0485535 0.0450298 0.0341154 0.0261276 0.0263408 0.0371526 0.0551894 0.0672084 
0.0501149 0.0275814 0.000819773 -0.0164177 -0.0162214 -0.0017949 0.0163493 0.0279683 0.0278795 0.0179293 0.00477957 -0.00606533 -0.0136528 -0.019315 -0.0237571 -0.0269895 -0.0287069 -0.0278288 -0.0224981 -0.0110231 0.00534322 0.0193884 0.021994 0.0123707 4.67688e-05 -0.00468375 0.00269683 0.021429 0.0439427 0.0565817 
0.021984 0.00638896 -0.010788 -0.0189965 -0.0110011 0.00952609 0.0306446 0.0410879 0.0362825 0.0204854 0.00335685 -0.00841417 -0.0149772 -0.0191533 -0.0223833 -0.024833 -0.0259189 -0.0241803 -0.0182953 -0.00854247 0.0020057 0.00722095 0.00223666 -0.0100275 -0.020133 -0.0205917 -0.0103538 0.00648338 0.0221416 0.0283471 
-0.00275037 -0.0103534 -0.0184456 -0.0203804 -0.00871752 0.0142704 0.0368658 0.0474049 0.0413148 0.0235638 0.00513687 -0.00660121 -0.0124785 -0.0161202 -0.0189968 -0.0209844 -0.0214173 -0.019041 -0.0130593 -0.00479779 0.00166288 0.00132249 -0.00668089 -0.0163351 -0.0200985 -0.015766 -0.00667275 0.00180018 0.00524744 0.00292667 
-0.00214714 -0.004833 -0.0116485 -0.0170325 -0.0103168 0.00941974 0.0311976 0.0428452 0.0393005 0.0247714 0.00926767 -0.000628652 -0.0061754 -0.0106674 -0.0145508 -0.0169216 -0.0172681 -0.0150506 -0.00980143 -0.0026503 0.00248438 0.00150124 -0.00397306 -0.0066802 -0.00248076 0.00529597 0.0109612 0.0111755 0.00626592 0.000568966 
0.0270454 0.0253868 0.0116276 -0.00655298 -0.0133241 -0.00332036 0.0142987 0.027127 0.0289314 0.0217748 0.0127432 0.00632967 0.00114937 -0.00478031 -0.0103377 -0.0137852 -0.0148631 -0.0136767 -0.00961489 -0.00276966 0.00376054 0.00627232 0.00688828 0.0118956 0.0216161 0.0294251 0.0310454 0.0279032 0.0240076 0.0237435 
0.0678896 0.0650509 0.0418474 0.00901324 -0.0139133 -0.0174088 -0.00697338 0.00614703 0.0140737 0.0154533 0.0135404 0.0107027 0.00604763 -0.000824623 -0.00765132 -0.0122858 -0.0146221 -0.0148877 -0.0118276 -0.00439388 0.00482776 0.0116434 0.0170342 0.0253818 0.0350744 0.0400038 0.0397563 0.0400778 0.0457886 0.0572191 
0.0963403 0.0926608 0.0645009 0.0240093 -0.00944189 -0.0243949 -0.0218334 -0.00994923 0.00236292 0.00999202 0.0126764 0.0117337 0.00737428 0.00031917 -0.00693918 -0.0123173 -0.0157044 -0.0170967 -0.0145611 -0.00637256 0.00469851 0.0131362 0.0179847 0.022606 0.027149 0.0293787 0.0317569 0.0403141 0.0577616 0.0801064 
0.0982886 0.0963416 0.0711635 0.0335091 -0.000508579 -0.0200328 -0.0228421 -0.013378 0.000104668 0.00997498 0.0135051 0.0119333 0.00683142 -0.000395719 -0.00757717 -0.0129861 -0.0165439 -0.0181619 -0.0157905 -0.00771757 0.00285441 0.00926608 0.00898989 0.00569897 0.00372505 0.00547217 0.0132331 0.0291665 0.0530591 0.0798023 
0.0764481 0.0793182 0.0637384 0.0364276 0.00951554 -0.00750326 -0.0114065 -0.00413858 0.00800752 0.0169866 0.0186347 0.0142357 0.00677835 -0.00143488 -0.0085118 -0.0133385 -0.0161496 -0.0171167 -0.0147674 -0.00805594 -0.00031539 0.002012 -0.00380318 -0.0134233 -0.0193586 -0.0166739 -0.00532382 0.0122855 0.0344672 0.0583729 
0.0444369 0.0536009 0.0504402 0.0358245 0.0181296 0.00636945 0.00410089 0.010325 0.0206538 0.0278754 0.0269075 0.0187615 0.007896 -0.00197046 -0.00898511 -0.0128776 -0.014477 -0.0143971 -0.0120823 -0.00748748 -0.00364872 -0.00529487 -0.0138566 -0.024796 -0.0305474 -0.0268181 -0.0159295 -0.0025569 0.0120336 0.0285131 
0.0173731 0.0312512 0.0390797 0.0358434 0.0258286 0.017823 0.0165521 0.0219393 0.0308593 0.0368434 0.0339974 0.0228184 0.00901539 -0.00221731 -0.00892625 -0.0116677 -0.0119621 -0.0109021 -0.00872203 -0.00613578 -0.00555908 -0.00953485 -0.0177538 -0.0260625 -0.0289473 -0.0244058 -0.0160781 -0.0087232 -0.00276703 0.00511947 
0.00484298 0.0189506 0.0328794 0.037976 0.0338636 0.027441 0.024697 0.0275616 0.0343305 0.0391036 0.0354669 0.0232821 0.00858784 -0.00272617 -0.00860485 -0.0100729 -0.0091913 -0.00743987 -0.00540681 -0.0039456 -0.00474328 -0.00888195 -0.0152324 -0.0204415 -0.0208551 -0.015811 -0.00886001 -0.00441537 -0.00345346 -0.00226043 
0.00782932 0.0173266 0.031278 0.0406831 0.0408682 0.0349042 0.0288038 0.0269712 0.0297802 0.0324584 0.0289567 0.0184846 0.00593754 -0.00349546 -0.00786043 -0.00815019 -0.00650986 -0.00444916 -0.00243066 -0.00102788 -0.00145814 -0.00450127 -0.00935655 -0.0133784 -0.0132586 -0.00778859 0.000444317 0.00678915 0.00818416 0.00638142 
0.0189119 0.0214609 0.0308163 0.0401582 0.0422232 0.0361438 0.0267547 0.0200036 0.0182092 0.0183904 0.0158828 0.00940803 0.00164338 -0.0040992 -0.00634347 -0.00573241 -0.00391569 -0.00195023 5.85169e-05 0.00176672 0.00198083 -0.000439041 -0.00522999 -0.00982941 -0.0102401 -0.00406875 0.00697639 0.0178025 0.0232039 0.0219171 
0.0275745 0.0235742 0.0262141 0.0320695 0.0336784 0.0277179 0.017325 0.00831284 0.00379429 0.00247374 0.00147504 -0.000511605 -0.00284519 -0.00433253 -0.00433061 -0.00313307 -0.00155243 1.81417e-05 0.00170559 0.00314402 0.00300732 -1.17523e-05 -0.00559537 -0.010861 -0.0115327 -0.00493439 0.00782535 0.0221354 0.0318897 0.032972 
0.0281995 0.0197893 0.0160603 0.0170067 0.0170936 0.0123984 0.00423915 -0.00324233 -0.00754779 -0.00902153 -0.00886876 -0.0077368 -0.005979 -0.00407051 -0.00235535 -0.000913385 0.000260481 0.00126809 0.00221214 0.00263025 0.0013281 -0.00257405 -0.00819714 -0.0126753 -0.0128314 -0.00706558 0.0042494 0.0185901 0.0305765 0.0340565 
0.0221496 0.0133073 0.00628243 0.00312273 0.0013627 -0.00166036 -0.00600587 -0.0100211 -0.0126865 -0.0139206 -0.0134411 -0.0108617 -0.00680793 -0.00291689 -0.00036741 0.000928238 0.00157471 0.00189828 0.00188812 0.00113193 -0.00111423 -0.00497189 -0.0090335 -0.011135 -0.0103111 -0.006858 -0.000262305 0.0101274 0.0211708 0.0262278 
0.0137074 0.00914747 0.00354979 -0.00126503 -0.0050304 -0.00784024 -0.00997383 -0.011808 -0.0135563 -0.0147514 -0.0141216 -0.0107445 -0.00550972 -0.000769943 0.00186822 0.00268544 0.00265955 0.00223614 0.00140613 -5.80585e-05 -0.00242635 -0.00521913 -0.00689933 -0.00640421 -0.00499797 -0.00470029 -0.00429431 -0.000154774 0.00761408 0.0136417 
0.00560156 0.00727576 0.00632343 0.00263706 -0.00252812 -0.00697265 -0.010027 -0.0124472 -0.0144859 -0.0152991 -0.013712 -0.00930238 -0.00335078 0.00162096 0.00400184 0.00422767 0.00350264 0.00245753 0.00122872 -0.000254192 -0.00205588 -0.00356459 -0.00355682 -0.00193575 -0.00115655 -0.0039119 -0.00857552 -0.00985917 -0.00548613 0.0010512 
-0.00203197 0.00338695 0.00640989 0.00499815 -0.000308037 -0.00651141 -0.0117705 -0.0158423 -0.0180369 -0.0173719 -0.0137753 -0.00801626 -0.00161341 0.00330667 0.00540796 0.00516946 0.00391715 0.00253057 0.00133303 0.000298225 -0.00073363 -0.00145471 -0.0011874 -0.000324497 -0.00124263 -0.00614971 -0.0132011 -0.0169995 -0.0146133 -0.00846586 
-0.0096837 -0.0047576 -0.00111095 -0.00149082 -0.00616792 -0.0123938 -0.0179757 -0.0219497 -0.0228751 -0.0198227 -0.0138822 -0.00694525 -0.000512661 0.0040513 0.00586374 0.00535223 0.00381403 0.00229626 0.00125171 0.000644961 0.000130012 -0.000419687 -0.000820127 -0.00153196 -0.00417426 -0.00990894 -0.0168165 -0.0205366 -0.0190404 -0.0145875 
-0.0171459 -0.0148542 -0.0128531 -0.0136532 -0.0174356 -0.0217692 -0.025058 -0.0267916 -0.0255726 -0.0204345 -0.0129067 -0.0054943 0.000411108 0.00423956 0.00564512 0.00499028 0.00338547 0.00185206 0.000859916 0.000376811 -4.67559e-05 -0.00087367 -0.00225457 -0.00450487 -0.00831788 -0.0137143 -0.018901 -0.0213112 -0.0205881 -0.018836 
-0.0236043 -0.0231819 -0.0221295 -0.0227422 -0.0250011 -0.0268721 -0.0275664 -0.0272513 -0.0247659 -0.0189443 -0.01115 -0.00403232 0.00107247 0.00410521 0.0051404 0.00450625 0.00308503 0.00173599 0.000841993 0.000342269 -0.000300494 -0.00180375 -0.0044943 -0.0083631 -0.0131049 -0.0176961 -0.0206973 -0.0216005 -0.0217173 -0.0225939 
-0.0285251 -0.0284857 -0.0265657 -0.0252477 -0.0251997 -0.0252924 -0.0251063 -0.024605 -0.0224441 -0.0173027 -0.0102595 -0.00380751 0.000745425 0.00345304 0.00449901 0.0041625 0.0031794 0.00227316 0.00172164 0.00133957 0.000382987 -0.00205827 -0.00624076 -0.0116554 -0.0171579 -0.0211248 -0.0226218 -0.0226465 -0.0234793 -0.0260741 
-0.03199 -0.0318363 -0.0285074 -0.0248266 -0.0226834 -0.0219887 -0.0222057 -0.0225225 -0.0213029 -0.0172909 -0.011304 -0.00544305 -0.000932415 0.00210228 0.0036462 0.00386728 0.00345045 0.00309055 0.00301181 0.00283675 0.00155102 -0.00175921 -0.00695803 -0.013036 -0.0185807 -0.0221635 -0.0234214 -0.023761 -0.0253635 -0.0288591 
-0.0336484 -0.0336194 -0.0298536 -0.0252263 -0.0222978 -0.0214428 -0.0218592 -0.0223534 -0.0215113 -0.0183765 -0.0134038 -0.00805312 -0.00335733 0.000272821 0.00248986 0.00331957 0.00343334 0.0035356 0.00379639 0.00362457 0.00182465 -0.00224819 -0.00781143 -0.0134376 -0.0180043 -0.0210038 -0.0227481 -0.0241917 -0.0265506 -0.0303015 
-0.0332829 -0.0338022 -0.030961 -0.0269893 -0.0242006 -0.022974 -0.0225053 -0.0219251 -0.0206158 -0.0180977 -0.0143395 -0.00990384 -0.00543298 -0.00155202 0.00107738 0.00234055 0.00286816 0.00331093 0.00369623 0.00320806 0.000602668 -0.00437699 -0.0102981 -0.0152925 -0.0185188 -0.0205352 -0.0224381 -0.0245855 -0.0270288 -0.0302029 
-0.0322712 -0.0340712 -0.033085 -0.0301953 -0.0271294 -0.0245424 -0.0221387 -0.019682 -0.017408 -0.0153609 -0.0131008 -0.0101959 -0.00664574 -0.00308251 -0.000405831 0.00109508 0.00192264 0.00259102 0.00293772 0.00197316 -0.00150255 -0.00749464 -0.0142333 -0.0193977 -0.0219282 -0.0228933 -0.0240694 -0.0256902 -0.0272283 -0.0293395 
-0.0323822 -0.0363506 -0.0375393 -0.0353159 -0.0310378 -0.0261544 -0.0213717 -0.0170756 -0.0138956 -0.0121545 -0.0112104 -0.00986714 -0.0074353 -0.00438808 -0.00177924 -0.000108453 0.000907576 0.00161218 0.00174032 0.000299261 -0.00378129 -0.0104558 -0.0180129 -0.0238452 -0.026302 -0.0262864 -0.0260435 -0.0263351 -0.0268488 -0.0285666 
-0.0337557 -0.03998 -0.0429517 -0.0409774 -0.0352147 -0.0279271 -0.0210367 -0.0155926 -0.0121365 -0.010766 -0.010645 -0.0101902 -0.0083496 -0.00553622 -0.00290254 -0.00107798 2.25912e-05 0.000580207 0.000350182 -0.00145224 -0.00565266 -0.0122249 -0.0197408 -0.0256006 -0.0276711 -0.0265404 -0.024967 -0.0246123 -0.025438 -0.0281915 
-0.0339753 -0.0411171 -0.0448462 -0.0430166 -0.0364879 -0.0278582 -0.0199918 -0.0145224 -0.0116749 -0.0109912 -0.0113522 -0.0110772 -0.00918899 -0.00629499 -0.00360499 -0.0016669 -0.000444515 6.6635e-05 -0.000388727 -0.00230767 -0.00614086 -0.0117772 -0.0181109 -0.0228519 -0.0237925 -0.0215372 -0.019583 -0.0202919 -0.0230329 -0.0273719 
-0.0286815 -0.0344713 -0.0379077 -0.0366747 -0.0310369 -0.0233141 -0.016599 -0.0125849 -0.01104 -0.0111169 -0.0117314 -0.0114154 -0.00942949 -0.00656927 -0.00397332 -0.00192608 -0.000336284 0.000532143 0.000205297 -0.00162206 -0.00488203 -0.00912425 -0.0135017 -0.0163103 -0.0157459 -0.0128354 -0.0117262 -0.0146358 -0.0192551 -0.0235732 
-0.01629 -0.0187018 -0.0212371 -0.0215163 -0.0188305 -0.0145241 -0.0110766 -0.00967093 -0.00961735 -0.0101274 -0.0107649 -0.0106546 -0.00916065 -0.00684793 -0.00454125 -0.00231574 -0.000153282 0.00132724 0.00130256 -0.000463689 -0.00330288 -0.00618434 -0.0083906 -0.00896651 -0.00695993 -0.00410178 -0.00461169 -0.00941459 -0.0140513 -0.0155234 
-0.00216228 -0.000656646 -0.00202839 -0.00431266 -0.00565277 -0.00563353 -0.00554315 -0.00626036 -0.00721231 -0.00794345 -0.00870324 -0.00926517 -0.00893274 -0.0076048 -0.00562667 -0.00317172 -0.000562032 0.00132007 0.00143544 -0.00047239 -0.00326553 -0.00528645 -0.00574409 -0.00432494 -0.00109831 0.00147616 -0.00033746 -0.00575053 -0.00877444 -0.00632215 
0.00707619 0.011337 0.0110249 0.00702336 0.00235601 -0.000362623 -0.00137474 -0.002298 -0.00360375 -0.00495828 -0.00644231 -0.00805792 -0.00906928 -0.00871038 -0.0069487 -0.00434218 -0.00163331 0.000295527 0.000409988 -0.00166999 -0.004614 -0.00626961 -0.00562727 -0.00273225 0.00167255 0.0047596 0.00314813 -0.00174281 -0.0037249 0.000377573 
0.0123486 0.0178466 0.0178818 0.0124455 0.00599103 0.00280655 0.00265338 0.00238463 0.000406465 -0.00240742 -0.00515819 -0.00778953 -0.00976203 -0.0100194 -0.00839041 -0.00578773 -0.003162 -0.0012242 -0.000939396 -0.00282351 -0.00550082 -0.00655181 -0.00486791 -0.00070268 0.00510681 0.00989517 0.0100202 0.00587932 0.00299355 0.00566943 
0.0193724 0.0256858 0.0253406 0.0185581 0.0113965 0.00853244 0.00869156 0.00761369 0.00367617 -0.00119002 -0.00527632 -0.00868427 -0.0112204 -0.0118386 -0.0103855 -0.00787049 -0.00518667 -0.00294155 -0.00212179 -0.0032751 -0.004992 -0.00484087 -0.00184825 0.00348703 0.0104738 0.0169446 0.018937 0.0154435 0.0113619 0.012595 
0.029273 0.0369203 0.0364557 0.0288368 0.0210833 0.0175657 0.0162838 0.0129255 0.00655459 -0.000194121 -0.005573 -0.00995001 -0.0131706 -0.0142186 -0.0130783 -0.0106974 -0.00776344 -0.00488018 -0.0031843 -0.00330884 -0.00393781 -0.00277052 0.0010446 0.00678739 0.0137343 0.0202598 0.0229842 0.0207316 0.0179088 0.0206076 
0.0367437 0.045229 0.044984 0.0369903 0.0280701 0.0228856 0.0201916 0.0159785 0.00901376 0.00152248 -0.00496341 -0.0105501 -0.0146592 -0.0163014 -0.0156678 -0.0135671 -0.0104279 -0.00689731 -0.00438954 -0.0037905 -0.00393706 -0.00257037 0.00118214 0.0064479 0.0121926 0.0171242 0.0193976 0.0191716 0.0200815 0.0261399 
0.0362136 0.0426557 0.0413453 0.0329965 0.0232817 0.0174653 0.0158649 0.0143175 0.00977393 0.00320928 -0.00358264 -0.00983547 -0.0145787 -0.01695 -0.0170786 -0.0153864 -0.0121602 -0.0083677 -0.00579726 -0.00533218 -0.0055084 -0.00399214 -0.000197224 0.00469323 0.00925901 0.0121797 0.0131433 0.0142958 0.0185129 0.026543 
0.0293216 0.0299772 0.0254376 0.0172911 0.0093442 0.00594015 0.00800147 0.010976 0.0100252 0.00514045 -0.00120087 -0.00742794 -0.0126277 -0.0160236 -0.017135 -0.0157184 -0.0122381 -0.00845989 -0.00653086 -0.00664494 -0.00636385 -0.00352008 0.00135315 0.0065812 0.0108128 0.012463 0.0117171 0.0123433 0.01718 0.0241798 
0.0260637 0.0187716 0.00939428 0.00168623 -0.00248516 -0.00139097 0.0048534 0.0112648 0.0124418 0.008362 0.00216761 -0.00426154 -0.0102523 -0.0148667 -0.0168331 -0.0153415 -0.0112125 -0.00710539 -0.00540714 -0.00527625 -0.00318399 0.00235028 0.00908212 0.0151379 0.0201584 0.0223233 0.0209098 0.0201695 0.0235249 0.0273989 
0.0352372 0.0205186 0.00544176 -0.00407081 -0.00687201 -0.00299177 0.00606866 0.014359 0.0160979 0.0115671 0.00443653 -0.00310643 -0.0101407 -0.0154023 -0.017463 -0.0155263 -0.0105155 -0.00537287 -0.00256056 -0.000619243 0.00440415 0.012911 0.0212401 0.0281401 0.0350298 0.0399441 0.0402613 0.0394534 0.0414699 0.042332 
0.0538966 0.0354156 0.0158875 0.00192684 -0.00468617 -0.00285977 0.00632753 0.0157681 0.018021 0.0126235 0.00362613 -0.00573212 -0.0134449 -0.0180758 -0.0191124 -0.0164691 -0.0107346 -0.00424858 0.00067608 0.00533795 0.013068 0.0230879 0.0313529 0.0381838 0.0469936 0.0556879 0.0595277 0.0605099 0.0629084 0.0631512 
0.0695813 0.0533391 0.0339816 0.016815 0.00425924 0.000392606 0.00676971 0.0161181 0.0186972 0.012256 0.00105414 -0.0100612 -0.0177144 -0.0207224 -0.0201284 -0.016872 -0.0110496 -0.00386602 0.00285212 0.00969855 0.0184757 0.0274386 0.0333829 0.0386142 0.0479709 0.0592861 0.0662857 0.0694591 0.0734645 0.0759867 
0.0735235 0.064805 0.0508489 0.0348329 0.0196092 0.0117226 0.0149246 0.0222867 0.023005 0.0140917 0.000342486 -0.012167 -0.0194387 -0.020993 -0.0192423 -0.0159813 -0.0110838 -0.00463855 0.00245569 0.0100564 0.0180027 0.0240693 0.0268203 0.0299694 0.0383749 0.049956 0.0581651 0.062313 0.0674162 0.0733999 
0.0684131 0.0694499 0.0628988 0.0508761 0.037974 0.0318454 0.0352225 0.040036 0.0360777 0.0221195 0.00444446 -0.0102256 -0.0181401 -0.0196604 -0.0179816 -0.0154614 -0.0122438 -0.00773219 -0.00163876 0.00551776 0.0118007 0.0150261 0.0157452 0.0179143 0.0249719 0.0350444 0.0424738 0.0459466 0.0509128 0.0602337 
0.060342 0.0708171 0.0708253 0.0629961 0.0552718 0.055633 0.0630996 0.066762 0.0574453 0.0368334 0.0133914 -0.00535031 -0.0159343 -0.0193324 -0.0190003 -0.0176181 -0.0159579 -0.0133784 -0.0086833 -0.00233365 0.00275178 0.00476752 0.00562772 0.0085079 0.0147826 0.0224598 0.0269702 0.0275511 0.0312545 0.0438717 
0.0478579 0.0650475 0.0702622 0.0673177 0.0665923 0.0750563 0.0877221 0.0914223 0.0780651 0.0516915 0.0228013 -0.000130158 -0.0139778 -0.0201732 -0.0219486 -0.0218513 -0.0211748 -0.019694 -0.0158924 -0.00990807 -0.00473353 -0.00171465 0.00150807 0.00677705 0.0131366 0.017465 0.0159349 0.0102599 0.0108524 0.0254415 
0.0265811 0.0441237 0.0524467 0.0566558 0.065858 0.0828708 0.0993136 0.102324 0.0862616 0.0573056 0.0270644 0.00365777 -0.0111557 -0.0193449 -0.0233144 -0.0247611 -0.0249455 -0.0239716 -0.0203158 -0.0138261 -0.00732866 -0.0019542 0.00471801 0.0132847 0.0201214 0.0200762 0.0103984 -0.00328582 -0.00752769 0.00502239 
0.00120469 0.0111652 0.0192601 0.031798 0.0529216 0.0782493 0.0964786 0.097618 0.0804 0.0531592 0.0269019 0.00737963 -0.00583067 -0.0149239 -0.0209307 -0.0242206 -0.0255273 -0.0249397 -0.0209483 -0.0133435 -0.00513822 0.00230924 0.0115201 0.0223417 0.0286693 0.0239285 0.00798281 -0.0099907 -0.0174877 -0.0110521 
-0.0175018 -0.018463 -0.0123847 0.00708642 0.0378096 0.068485 0.086595 0.0865588 0.0713644 0.0495785 0.0294623 0.0139758 0.001729 -0.00862998 -0.0166654 -0.0216947 -0.0240275 -0.0237468 -0.0194343 -0.0108107 -0.00103414 0.00784771 0.0177533 0.0279601 0.031295 0.0219748 0.00418983 -0.0109138 -0.0167392 -0.0167952 
-0.0278558 -0.0349347 -0.0281774 -0.00372489 0.0308528 0.0612346 0.0772673 0.0781915 0.0685051 0.053614 0.0377992 0.02278 0.00859715 -0.00413884 -0.0139419 -0.0199983 -0.0228133 -0.0226901 -0.0182956 -0.00887153 0.00287907 0.0136658 0.0230903 0.0296603 0.0273138 0.0129612 -0.00482199 -0.0139594 -0.0149274 -0.0183169 
-0.037669 -0.0425751 -0.0305508 -0.0021609 0.0315207 0.0574454 0.0706027 0.0738594 0.0701371 0.0603548 0.0458655 0.0287434 0.0113533 -0.00362404 -0.0141855 -0.0202221 -0.0229215 -0.0227019 -0.0181129 -0.00779179 0.00634563 0.019615 0.0282719 0.0298883 0.0207056 0.000408244 -0.0195555 -0.0260955 -0.0236619 -0.0269964 
-0.0471517 -0.04671 -0.030378 -0.00133253 0.0291833 0.0512302 0.0636998 0.0698346 0.0695034 0.0613098 0.0465685 0.0281254 0.00927697 -0.00626966 -0.0162537 -0.0213533 -0.023381 -0.0225839 -0.0174722 -0.00677624 0.00819262 0.0224932 0.0302095 0.0277817 0.012779 -0.0131918 -0.0367424 -0.0436952 -0.0396095 -0.0404371 
-0.0429987 -0.0422034 -0.031852 -0.0115877 0.0124244 0.0332707 0.0492978 0.0599213 0.0616701 0.0536804 0.0395395 0.0225273 0.00502513 -0.00940686 -0.0181002 -0.0219041 -0.0229133 -0.0212059 -0.01566 -0.00603475 0.00652446 0.0185685 0.0246706 0.0202354 0.00225903 -0.0263519 -0.0502497 -0.054914 -0.0465505 -0.041509 
-0.00940076 -0.0172488 -0.0276083 -0.0296247 -0.0191933 -6.37015e-05 0.0219471 0.0394066 0.0452645 0.0399535 0.0293093 0.0163634 0.00188254 -0.0109527 -0.0186248 -0.0215014 -0.0217475 -0.0194261 -0.0138255 -0.0060059 0.00229575 0.00949659 0.0128471 0.00824349 -0.00819001 -0.0331196 -0.0505922 -0.0469058 -0.028498 -0.0127502 
0.0633037 0.0393833 -0.00296914 -0.0382368 -0.0495172 -0.036804 -0.0109716 0.0129346 0.024211 0.0239504 0.0189179 0.0111623 4.48629e-05 -0.011281 -0.018361 -0.0209925 -0.0212852 -0.0191297 -0.0136591 -0.00670348 -0.00144458 0.000804839 0.000442721 -0.00306613 -0.0119962 -0.0240165 -0.0267129 -0.0088152 0.0248951 0.0557069 
0.171414 0.129431 0.0521213 -0.0194984 -0.0562588 -0.0548651 -0.0308016 -0.00559388 0.00724071 0.00931776 0.00789831 0.0042093 -0.00347359 -0.0125127 -0.0185677 -0.0212987 -0.022387 -0.0211056 -0.0159139 -0.00857333 -0.00372211 -0.00418058 -0.00754107 -0.00844676 -0.00424018 0.00544224 0.0247128 0.0603034 0.111369 0.159221 
0.282688 0.228612 0.125192 0.025595 -0.0322462 -0.0433003 -0.0262715 -0.00655025 0.00114897 -0.000622741 -0.00352287 -0.00592784 -0.0102738 -0.0157736 -0.0198598 -0.022472 -0.0243723 -0.0240653 -0.0195559 -0.0119555 -0.00595656 -0.00562831 -0.00814169 -0.00353118 0.0159648 0.04863 0.0889981 0.138704 0.202477 0.264554 
