0.396828 0.360277 0.278607 0.193103 0.124203 0.0722093 0.033432 0.00831574 -0.00262814 -0.00388169 -0.00262588 -0.00340103 -0.00672623 -0.0114372 -0.0165115 -0.0208788 -0.023335 -0.023783 -0.0236706 -0.0240611 -0.0238507 -0.0206032 -0.0131063 -0.0036191 0.00472042 0.0178277 0.0558555 0.137705 0.253438 0.356858 
0.367205 0.323848 0.243075 0.164089 0.10192 0.0531258 0.0149952 -0.00870761 -0.0159463 -0.0123454 -0.00699626 -0.00549584 -0.00815287 -0.0127676 -0.0174554 -0.0211654 -0.0232801 -0.0240161 -0.0245619 -0.0256273 -0.0259779 -0.0229439 -0.0148661 -0.00371037 0.00721116 0.0228033 0.0613333 0.139793 0.247375 0.338998 
0.274573 0.228244 0.160541 0.103846 0.0640068 0.0310126 0.00126567 -0.0181839 -0.0218559 -0.0141399 -0.00493136 -0.00119313 -0.0036094 -0.0090486 -0.0145516 -0.0189258 -0.0220968 -0.0245498 -0.0270497 -0.0296156 -0.0304503 -0.0263913 -0.0155658 -0.000443951 0.0141804 0.0302057 0.0615232 0.121988 0.202493 0.265668 
0.174756 0.133287 0.0857479 0.0553863 0.0395133 0.0231464 0.00201958 -0.0142348 -0.0166218 -0.0073268 0.0036994 0.00820751 0.00493498 -0.00225173 -0.00947603 -0.0154942 -0.0207866 -0.0260074 -0.0312003 -0.0352614 -0.0355821 -0.0287474 -0.0133795 0.00667064 0.024457 0.0386162 0.0587663 0.0963298 0.145847 0.180375 
0.109639 0.0779614 0.0490056 0.0377351 0.0366588 0.0296586 0.012906 -0.00273809 -0.00625841 0.002032 0.012622 0.0165243 0.0120028 0.00327798 -0.00534236 -0.0128171 -0.0201917 -0.028111 -0.0355373 -0.0399121 -0.0379302 -0.0266193 -0.00593278 0.018492 0.0379073 0.048943 0.0587907 0.077875 0.104467 0.120505 
0.0804532 0.0577332 0.0407323 0.0385303 0.0422399 0.037346 0.0211539 0.00463618 -0.00068653 0.00595989 0.0156215 0.0190215 0.0140546 0.00495824 -0.00389073 -0.0117794 -0.02026 -0.0297891 -0.0380234 -0.0408937 -0.0347564 -0.0178022 0.0081088 0.035622 0.0549753 0.0622609 0.0641578 0.0712531 0.08446 0.0912835 
0.065533 0.0466856 0.0349239 0.035913 0.0404519 0.0356161 0.0194537 0.0025654 -0.00356197 0.00252152 0.0123378 0.0164136 0.0122268 0.00385754 -0.00430004 -0.0117188 -0.0202353 -0.0299794 -0.0374005 -0.0372447 -0.025937 -0.00320886 0.0270157 0.055985 0.0736992 0.0767393 0.0723059 0.0714802 0.0764404 0.0773282 
0.0499425 0.029241 0.0184191 0.0218826 0.0293785 0.0273506 0.0131276 -0.0031316 -0.00948094 -0.00344534 0.00713088 0.012585 0.00981459 0.00254518 -0.00482433 -0.0116702 -0.0196913 -0.0285414 -0.0338506 -0.0298404 -0.0134424 0.0140128 0.0467716 0.0752251 0.089925 0.0886472 0.07933 0.0730353 0.0718228 0.0664771 
0.0353817 0.0103129 -0.00114526 0.00596602 0.0196942 0.023552 0.0125564 -0.00346798 -0.0112345 -0.00655658 0.00377612 0.0101271 0.00868969 0.00244913 -0.00445786 -0.0111267 -0.0186476 -0.0260325 -0.0285631 -0.020716 -0.000412621 0.0295473 0.0622049 0.0879078 0.0985237 0.0935048 0.0814418 0.0726769 0.0680497 0.057713 
0.029276 0.00211254 -0.00962139 0.000648801 0.0201099 0.02921 0.0203253 0.00305911 -0.00776818 -0.00622267 0.00221828 0.00844609 0.0081103 0.00305033 -0.00334797 -0.00997398 -0.0170772 -0.022983 -0.0230074 -0.0124599 0.00945205 0.0387961 0.0682462 0.0889463 0.0946236 0.0866857 0.0743786 0.0670075 0.0636856 0.0532809 
0.0342363 0.00959128 -0.00140216 0.00930062 0.0298453 0.0398999 0.0305736 0.0112213 -0.00282216 -0.0049057 0.000632619 0.00583697 0.00637248 0.00289761 -0.00231668 -0.00826368 -0.0145831 -0.0191828 -0.0177095 -0.00646468 0.0142532 0.0399658 0.0636765 0.0778113 0.0782048 0.0683446 0.0581368 0.0557227 0.0583998 0.0537223 
0.046758 0.0277146 0.0181138 0.0263581 0.0428254 0.049234 0.0374785 0.0165682 0.000839537 -0.00377541 -0.00103422 0.00257359 0.00343985 0.00159756 -0.00169195 -0.00588359 -0.0106214 -0.0139484 -0.0120993 -0.00218598 0.015033 0.035286 0.052354 0.0600333 0.056145 0.0459671 0.0396892 0.0440482 0.0546656 0.0583078 
0.0588488 0.0464776 0.0388226 0.0433882 0.0530357 0.0533154 0.0384892 0.0173067 0.00216171 -0.00278068 -0.00152506 0.000565917 0.001063 0.000267694 -0.00103219 -0.00294484 -0.00571235 -0.00799868 -0.00675862 0.000387369 0.0128966 0.0273875 0.0387221 0.0418915 0.0360117 0.0270841 0.0247935 0.034584 0.0513541 0.062239 
0.0617399 0.0573748 0.0529151 0.0542468 0.0567663 0.0505895 0.0330678 0.0128863 0.000330037 -0.00258937 -0.000864167 0.000547403 0.000386296 -0.000142978 -0.000185835 -0.000441349 -0.00192983 -0.00402707 -0.00430014 -0.000587791 0.00716565 0.0167805 0.0242865 0.0254707 0.0195898 0.011868 0.0108289 0.0216262 0.040545 0.0567396 
0.051955 0.0568537 0.056742 0.0559368 0.0526577 0.0415422 0.0227139 0.00462241 -0.00433523 -0.00398522 -0.000409087 0.001355 0.000861226 0.000205084 0.000468155 0.000575238 -0.000997161 -0.0040229 -0.00636613 -0.00585485 -0.00184649 0.00444948 0.00994073 0.0107215 0.0052631 -0.00293018 -0.00655177 0.000518288 0.017899 0.0380083 
0.0340895 0.0464753 0.050111 0.0482889 0.0418255 0.0287776 0.0107874 -0.00444747 -0.00999265 -0.0066774 -0.00111445 0.00157127 0.00134533 0.000736827 0.00083727 0.000365383 -0.0022624 -0.00674854 -0.0108972 -0.0124134 -0.01038 -0.00564798 -0.000939912 -0.000127294 -0.00565168 -0.015625 -0.0236124 -0.022218 -0.00841708 0.0134181 
0.017053 0.0320065 0.0373433 0.0357422 0.0291996 0.0171992 0.00158166 -0.010885 -0.0141197 -0.00914522 -0.00246447 0.000969457 0.00134179 0.00118565 0.00129701 0.000221712 -0.00339913 -0.00888603 -0.013792 -0.0157569 -0.0139971 -0.00956116 -0.00509608 -0.00427221 -0.00989508 -0.0210386 -0.0319595 -0.0348702 -0.0250697 -0.00488554 
0.00746413 0.0206153 0.0262703 0.0263889 0.0221787 0.0127344 -0.000460789 -0.0111823 -0.0136499 -0.00866847 -0.00225953 0.00106556 0.00170244 0.00200543 0.00236051 0.00114337 -0.0027586 -0.00830946 -0.0129084 -0.0143384 -0.012225 -0.00798744 -0.00408597 -0.00349315 -0.00860292 -0.0188761 -0.0294878 -0.0335853 -0.0268292 -0.0108042 
0.0057437 0.0161104 0.0225398 0.0257806 0.0249661 0.0180864 0.00646053 -0.00375126 -0.00680334 -0.0031727 0.00174174 0.00395637 0.00401702 0.00409676 0.00435062 0.00311605 -0.00058538 -0.00564363 -0.00962209 -0.0106804 -0.00885209 -0.00570463 -0.0032307 -0.00329309 -0.00727712 -0.0147078 -0.0220822 -0.0244941 -0.0191376 -0.00746996 
0.00723559 0.0162864 0.0247672 0.031744 0.0340968 0.0289571 0.0179238 0.00741111 0.00322621 0.00519581 0.00844053 0.00927952 0.00818966 0.00723432 0.00669246 0.00511974 0.00158619 -0.00304358 -0.00683223 -0.00842534 -0.00798306 -0.00677537 -0.00613374 -0.0068345 -0.00919701 -0.0127934 -0.0157161 -0.0153489 -0.0104716 -0.00218218 
0.00741091 0.0161166 0.0266886 0.0366003 0.0410235 0.0366071 0.0254191 0.0143333 0.0093446 0.0104811 0.0130713 0.0133459 0.0114571 0.00940434 0.00785437 0.00579214 0.00232457 -0.00211497 -0.0062579 -0.00915416 -0.0106857 -0.0113705 -0.0118024 -0.0121018 -0.0121238 -0.0118512 -0.0109628 -0.00872702 -0.0047977 0.000602625 
0.00628232 0.0135842 0.0241087 0.034686 0.0396778 0.0353129 0.0238158 0.0124345 0.00736826 0.00873486 0.0118859 0.012797 0.0111723 0.0088683 0.00690727 0.00472342 0.00149108 -0.00277895 -0.00741838 -0.0116658 -0.0148296 -0.0164493 -0.0164276 -0.0147748 -0.0117397 -0.00819259 -0.00504812 -0.00254085 -0.000381293 0.00212572 
0.00642731 0.0104168 0.0178828 0.026362 0.0304482 0.0260246 0.0149215 0.00415389 -0.000280079 0.00175211 0.00585733 0.00803911 0.00763024 0.00615696 0.0047056 0.0029895 0.000274441 -0.00369007 -0.00858625 -0.0136152 -0.0174797 -0.018895 -0.0173064 -0.0129883 -0.0070408 -0.00130531 0.00267245 0.00459974 0.00511545 0.00524125 
0.00801704 0.00810453 0.0109191 0.0155789 0.0178391 0.0137203 0.00431702 -0.00453771 -0.00780487 -0.00536763 -0.000849879 0.00232163 0.00333085 0.00323083 0.00285012 0.0019437 -0.000138814 -0.00370744 -0.00852191 -0.0136353 -0.0173668 -0.0180434 -0.0149954 -0.00883704 -0.00134482 0.00507006 0.00882291 0.0101097 0.00998267 0.00910521 
0.00852919 0.00629367 0.00538667 0.00648695 0.00704186 0.00388658 -0.00265447 -0.00868275 -0.0106988 -0.0085385 -0.00462419 -0.00138778 0.000439624 0.00143893 0.00202618 0.00184454 0.000312725 -0.00279868 -0.00718194 -0.0118053 -0.0149437 -0.014983 -0.0113961 -0.00501337 0.00213751 0.00755135 0.00997325 0.0103707 0.0103556 0.0100401 
0.00573709 0.00385885 0.00190218 0.00141474 0.00144641 -5.36156e-05 -0.00342008 -0.00678606 -0.00814782 -0.00710988 -0.00474885 -0.00239988 -0.000613386 0.000785866 0.00182955 0.00205511 0.00096907 -0.00153501 -0.00509487 -0.00875555 -0.011029 -0.0106248 -0.00726399 -0.00187275 0.0035355 0.00658902 0.00646865 0.00504635 0.00482642 0.00578445 
-0.00118328 -0.000753457 -0.00109586 -0.000711147 0.00036481 0.000905231 0.000101228 -0.00163536 -0.00322278 -0.00383911 -0.00335615 -0.00220148 -0.000833041 0.000534989 0.00164691 0.00204571 0.00137579 -0.000370908 -0.00285717 -0.00531522 -0.00659399 -0.0057886 -0.00288367 0.00114835 0.00439521 0.00462302 0.00128762 -0.00300712 -0.0046752 -0.00316448 
-0.0116535 -0.00859207 -0.0060176 -0.00325013 -0.000259774 0.00208387 0.00280556 0.00169994 -0.00045641 -0.00241068 -0.00319631 -0.00267622 -0.00137657 8.94884e-05 0.00125886 0.00177685 0.00146543 0.000391374 -0.00115845 -0.00257763 -0.00298316 -0.00180216 0.000732886 0.00363539 0.00513938 0.00306542 -0.0031922 -0.0107778 -0.0151943 -0.0147417 
-0.0231718 -0.0182794 -0.0130945 -0.00812283 -0.00370522 -0.0004799 0.000823162 1.42038e-05 -0.00216472 -0.00429953 -0.00509384 -0.00421611 -0.00235074 -0.000430829 0.000957035 0.00158535 0.00144551 0.000693433 -0.000362415 -0.00116049 -0.000975605 0.000496592 0.00280746 0.00499346 0.00545458 0.001994 -0.00629588 -0.016745 -0.0243373 -0.0261072 
-0.032312 -0.0266615 -0.0201449 -0.0143257 -0.00982128 -0.00683385 -0.00550785 -0.00576312 -0.00696326 -0.00793136 -0.00754288 -0.00557835 -0.00284835 -0.000389309 0.00122698 0.00188077 0.00167563 0.000878646 -8.88914e-05 -0.000630053 -0.000134771 0.00148844 0.00365582 0.00545154 0.00539085 0.00125295 -0.00813039 -0.0204203 -0.0304901 -0.0344542 
-0.0373111 -0.0317533 -0.0251523 -0.0197072 -0.0160779 -0.0139074 -0.0126624 -0.011991 -0.011511 -0.0105715 -0.00854691 -0.00549153 -0.00221337 0.000422245 0.00201568 0.00253149 0.00212332 0.00116191 0.000176332 -0.000255305 0.000333185 0.00192482 0.00395882 0.00557302 0.00528353 0.000878762 -0.00886139 -0.0218677 -0.033209 -0.0386018 
-0.0387323 -0.0336517 -0.0274665 -0.0226467 -0.0198523 -0.0183283 -0.0170264 -0.0154028 -0.0133462 -0.0107593 -0.00756479 -0.00407003 -0.000936836 0.00131195 0.00252264 0.00273606 0.00214992 0.00121062 0.00043147 0.000203921 0.000802283 0.00224616 0.00417554 0.00578645 0.00548726 0.0010781 -0.0085644 -0.0215334 -0.0332191 -0.0393208 
-0.038084 -0.0335437 -0.0276884 -0.0231 -0.0205297 -0.0191157 -0.0176177 -0.0154275 -0.012575 -0.00928005 -0.00581535 -0.00261624 -0.000149887 0.00137502 0.00199947 0.00184915 0.00122388 0.00063152 0.000427744 0.000658417 0.00136862 0.002703 0.00460652 0.00637591 0.00629709 0.00213323 -0.00716943 -0.0198167 -0.0314965 -0.038029 
-0.0370696 -0.0332874 -0.0277677 -0.0231186 -0.0202188 -0.0183611 -0.0164997 -0.0141406 -0.0112711 -0.00807631 -0.00491141 -0.00225519 -0.000455898 0.0004414 0.00056568 0.000131918 -0.000400491 -0.00045249 0.000126738 0.000993176 0.00193934 0.003212 0.00507243 0.00702277 0.00734613 0.00373218 -0.00497519 -0.0172019 -0.0289323 -0.0360917 
-0.036708 -0.0341282 -0.0293055 -0.0246818 -0.0211946 -0.0184885 -0.016028 -0.0135671 -0.0109114 -0.00797169 -0.0050454 -0.002671 -0.00118749 -0.000593946 -0.000741298 -0.00134134 -0.0017807 -0.00140687 -0.000225554 0.00110113 0.00212213 0.00311768 0.0046368 0.00650963 0.00721382 0.00442892 -0.00326152 -0.0147479 -0.0264602 -0.0344358 
-0.0355998 -0.0343999 -0.0307148 -0.0264811 -0.0225347 -0.0189517 -0.0158035 -0.0130931 -0.0104313 -0.00747338 -0.00449144 -0.00212318 -0.000737359 -0.000305929 -0.00065807 -0.00144895 -0.00196816 -0.00152874 -0.000244188 0.00100966 0.00159963 0.00182632 0.00250478 0.00384182 0.0046551 0.00279188 -0.00336623 -0.0133179 -0.0241771 -0.0323128 
-0.0303591 -0.0302549 -0.0280322 -0.0247415 -0.0209054 -0.0169381 -0.0133658 -0.010355 -0.00746915 -0.00434212 -0.00131363 0.000919842 0.00201283 0.00205687 0.00128305 0.00010431 -0.000718603 -0.000530504 0.000428122 0.00111318 0.000786219 -0.0001682 -0.000664187 -0.000179759 0.000430062 -0.000629208 -0.00484665 -0.0121483 -0.0205152 -0.0271563 
-0.0193567 -0.0200848 -0.0196185 -0.0178783 -0.0149294 -0.011326 -0.00779092 -0.0045932 -0.00148879 0.00164703 0.0043798 0.00607559 0.00648773 0.00578975 0.00430743 0.00256454 0.00137403 0.00130923 0.00193073 0.00198154 0.000649818 -0.00150027 -0.00307353 -0.00336165 -0.00307505 -0.0035738 -0.00575936 -0.00952208 -0.0137935 -0.0172839 
-0.00583894 -0.00755491 -0.00902916 -0.00909588 -0.00741782 -0.00455231 -0.00125442 0.0020731 0.00530503 0.00823227 0.0104061 0.0113588 0.0109401 0.0093646 0.00707399 0.00477234 0.00337006 0.00333685 0.00395415 0.00367684 0.0016342 -0.00134083 -0.00353802 -0.00425474 -0.00432133 -0.00467887 -0.00523846 -0.00538966 -0.00505938 -0.00496141 
0.00395868 0.000930896 -0.00218932 -0.00350027 -0.00254201 7.09313e-05 0.00351334 0.00716115 0.0105313 0.0132254 0.0149178 0.0153137 0.0142562 0.0119167 0.0088737 0.00609854 0.00466008 0.00490853 0.00579306 0.00548559 0.00314472 -9.69514e-05 -0.00238453 -0.00330296 -0.00396654 -0.00482645 -0.00458032 -0.00197983 0.00198051 0.00456172 
0.00676086 0.00244547 -0.00146553 -0.00280586 -0.0013496 0.00203552 0.00631024 0.0106035 0.0142482 0.0168734 0.0183462 0.0184715 0.0169837 0.01396 0.0101357 0.00681032 0.00525174 0.00568608 0.00674964 0.00645926 0.00413873 0.00111232 -0.000976468 -0.00223322 -0.00392866 -0.00579758 -0.00539585 -0.00116437 0.00475902 0.00811148 
0.00596169 0.0010095 -0.00282774 -0.00341825 -0.000857973 0.00372167 0.00907275 0.0141543 0.0182348 0.0209923 0.022388 0.022253 0.0202356 0.0163643 0.0115364 0.00735932 0.00529345 0.00548347 0.00637455 0.00599621 0.00386463 0.00122463 -0.000817214 -0.00281146 -0.0057457 -0.00844542 -0.00774148 -0.00231324 0.00464295 0.00804436 
0.00859603 0.00408688 0.000367807 -0.000381813 0.00198059 0.00662722 0.0123949 0.0180786 0.0226969 0.0257109 0.0269731 0.026332 0.023498 0.018567 0.0125715 0.00731652 0.00439544 0.00395394 0.00443995 0.00402371 0.00226221 -5.23021e-05 -0.00248217 -0.00559138 -0.00951514 -0.0121959 -0.0103457 -0.00322541 0.00531518 0.00989851 
0.0181905 0.0147799 0.00991587 0.00627285 0.00539486 0.00781555 0.012849 0.0188844 0.0242048 0.0276659 0.0288488 0.0276746 0.0240784 0.0183164 0.0114886 0.00544049 0.00180109 0.0007893 0.00106141 0.00102713 5.14577e-05 -0.00190073 -0.00505907 -0.00948288 -0.0139914 -0.0158079 -0.012013 -0.00243392 0.00899052 0.0167706 
0.0305941 0.0275585 0.0194336 0.00992923 0.00303622 0.00146598 0.00516354 0.0117496 0.0183036 0.0227847 0.0244305 0.0232997 0.0196465 0.0139088 0.00716354 0.00116087 -0.00252485 -0.00357131 -0.00297846 -0.00204587 -0.00178095 -0.00324447 -0.00723455 -0.0129939 -0.0178709 -0.0185315 -0.0126302 -0.000432028 0.0143523 0.026066 
0.0373865 0.0328619 0.0199126 0.00356492 -0.00962396 -0.0148651 -0.0117768 -0.00369473 0.00508706 0.0115197 0.0144935 0.014274 0.0114898 0.00674235 0.00101764 -0.00409087 -0.00709436 -0.00757835 -0.00622577 -0.00414276 -0.00278756 -0.00408709 -0.00908722 -0.0161187 -0.0212773 -0.0209144 -0.0133593 0.000649361 0.017582 0.0316167 
0.0341422 0.0266704 0.00911257 -0.0123405 -0.0294123 -0.0360931 -0.031873 -0.0209629 -0.00895043 0.000122521 0.00487418 0.00591618 0.0043453 0.000923064 -0.00349703 -0.0074867 -0.00962036 -0.00940659 -0.00735691 -0.00462087 -0.00313894 -0.00530684 -0.0119084 -0.0202788 -0.0256132 -0.0243192 -0.0156391 -0.00103118 0.0159836 0.0296627 
0.025965 0.0155617 -0.00487341 -0.0284931 -0.0464198 -0.052269 -0.0455396 -0.0311179 -0.0157576 -0.00440645 0.00147196 0.00308203 0.0021427 -0.00041792 -0.00395124 -0.00725714 -0.00897644 -0.00851405 -0.00626958 -0.0035861 -0.00290841 -0.00685545 -0.0156243 -0.0254324 -0.0306992 -0.0281214 -0.0181617 -0.00339133 0.0124624 0.0240795 
0.0238249 0.0112351 -0.0105008 -0.0344371 -0.051801 -0.056219 -0.0471839 -0.030103 -0.0127487 -0.000765529 0.00459907 0.00540773 0.0041114 0.001753 -0.00137306 -0.00445938 -0.00629235 -0.00612208 -0.00411805 -0.00169407 -0.00171019 -0.0070443 -0.0174621 -0.0281395 -0.0325966 -0.0276783 -0.0152284 0.000565363 0.0153962 0.0246175 
0.0334072 0.018678 -0.0043189 -0.0287328 -0.0459759 -0.0498072 -0.0398733 -0.0220912 -0.00496892 0.00558841 0.00890717 0.00800879 0.0059561 0.00372252 0.00107232 -0.00173788 -0.0037333 -0.0039894 -0.00228347 0.000218379 0.000562028 -0.00441226 -0.0145155 -0.0243832 -0.0266753 -0.0180704 -0.00171913 0.0161651 0.0303305 0.0370149 
0.0479065 0.0302652 0.00499185 -0.0208704 -0.038571 -0.0421975 -0.0321189 -0.0150073 0.000281306 0.00825515 0.00919979 0.00694886 0.00477015 0.00328041 0.00161594 -0.000550914 -0.00252119 -0.00321414 -0.0019029 0.000860198 0.00254107 -6.71653e-05 -0.00725072 -0.0140007 -0.0127783 -0.000112304 0.0198773 0.0391842 0.0517705 0.0550377 
0.0538296 0.0329299 0.0051392 -0.0219402 -0.0390409 -0.0409051 -0.0294551 -0.0125984 0.000810981 0.00642632 0.00581066 0.00329726 0.00188713 0.00166273 0.00121053 -0.000304522 -0.00248598 -0.00414637 -0.00396552 -0.00154186 0.00154284 0.00247159 0.000345626 -0.001161 0.00433816 0.0197572 0.0405295 0.0581062 0.0666708 0.065114 
0.0449231 0.022059 -0.00646871 -0.0325252 -0.0463575 -0.0437445 -0.0288088 -0.0109842 0.00127466 0.00530718 0.00396861 0.00168392 0.000944323 0.00146391 0.00158182 8.00987e-05 -0.00301849 -0.00652232 -0.00852638 -0.00754267 -0.003881 0.000514194 0.0043916 0.00947691 0.019488 0.0355648 0.0531374 0.064948 0.0669534 0.059823 
0.0290207 0.00738074 -0.0185031 -0.0403994 -0.0486073 -0.0402962 -0.0217407 -0.00338099 0.00739416 0.00980794 0.00759806 0.00482842 0.00349038 0.00331963 0.0027884 0.000452252 -0.00404592 -0.00959957 -0.0139448 -0.0148302 -0.0114092 -0.00440564 0.00511659 0.0169075 0.0310586 0.0459405 0.0573355 0.0609744 0.0560058 0.0448578 
0.0202879 0.00354771 -0.0167975 -0.0328228 -0.0356583 -0.0239966 -0.00527474 0.0104988 0.0177987 0.0175083 0.0136016 0.00942567 0.00649931 0.00472667 0.00285906 -0.000582313 -0.00609973 -0.0125913 -0.0177811 -0.0193697 -0.0159323 -0.00699205 0.00699427 0.024135 0.0408305 0.0526508 0.0564688 0.0523588 0.0433248 0.0326243 
0.0263178 0.0156029 0.000490214 -0.0112287 -0.0120213 -0.00192075 0.0118705 0.0213197 0.0232127 0.0195177 0.0138557 0.00869795 0.00496702 0.00241895 -0.000100798 -0.00389456 -0.00918722 -0.014651 -0.0182397 -0.0182614 -0.0134422 -0.0025783 0.014424 0.0344222 0.0508868 0.0576474 0.0538964 0.044863 0.0368377 0.0318127 
0.0417124 0.0339492 0.020208 0.00893727 0.00635559 0.011282 0.0174427 0.0193654 0.0160288 0.00991855 0.00396232 -0.000268827 -0.00262372 -0.00392314 -0.0054806 -0.00826048 -0.0119035 -0.0147248 -0.0149774 -0.0117818 -0.0044282 0.00838687 0.0268833 0.0470481 0.0606813 0.0613784 0.0515516 0.0412322 0.038271 0.0411448 
0.0527818 0.0436349 0.0277263 0.0146906 0.0095597 0.00988773 0.00998368 0.00645812 5.60681e-05 -0.00647263 -0.0109537 -0.0126498 -0.0121269 -0.0108353 -0.0103136 -0.0111682 -0.0124695 -0.0123169 -0.00933352 -0.00330198 0.00603342 0.0198548 0.0382437 0.0566977 0.0664894 0.0619576 0.0484337 0.0391103 0.0415824 0.0501461 
0.0504807 0.0392158 0.0223967 0.00999222 0.00536393 0.00459192 0.00218567 -0.00374189 -0.0111079 -0.0170147 -0.0199637 -0.0197802 -0.0172621 -0.0140735 -0.0118864 -0.0110834 -0.0104011 -0.00806506 -0.00334531 0.00339464 0.0123871 0.0251216 0.0417984 0.0578113 0.0645181 0.0569917 0.0419891 0.03371 0.038765 0.0488476 
0.0376327 0.027669 0.0153366 0.00887337 0.00885147 0.00995301 0.00733584 0.000646737 -0.00707172 -0.0130852 -0.0164868 -0.0171329 -0.0153012 -0.0123427 -0.00998919 -0.00857959 -0.00674089 -0.00315386 0.00183097 0.00707836 0.0131474 0.0224993 0.0360161 0.049461 0.0546335 0.0467907 0.0321764 0.0240962 0.0284907 0.0370883 
0.0228786 0.0168299 0.0124912 0.0150262 0.0215327 0.0255545 0.0235004 0.0166459 0.00848849 0.00119181 -0.00470939 -0.00846888 -0.00932947 -0.00815566 -0.00678038 -0.00557031 -0.00308344 0.00141727 0.00618572 0.00900675 0.0107673 0.0152041 0.0243487 0.0349819 0.0398957 0.0341659 0.0219845 0.0143396 0.0167609 0.0227626 
0.0126699 0.00759783 0.00756874 0.0160575 0.0277537 0.0351578 0.035216 0.0297945 0.0220445 0.013521 0.0050106 -0.00164524 -0.00476518 -0.00507206 -0.00461713 -0.0036919 -0.000631503 0.00483901 0.00959435 0.010205 0.00762736 0.00667415 0.0107155 0.0181925 0.0235317 0.0217332 0.0143793 0.00929384 0.0109809 0.0144218 
0.0112855 -0.000300323 -0.00577251 0.000689052 0.0142384 0.0260829 0.031273 0.0299745 0.0242603 0.0157473 0.00636427 -0.000896857 -0.00411856 -0.00445568 -0.00423346 -0.0034812 -0.000130854 0.00588817 0.0104879 0.00934214 0.00332292 -0.00216364 -0.00265911 0.00202802 0.00816218 0.0111357 0.0106255 0.0113957 0.0157137 0.0178334 
0.0259131 0.00166276 -0.0185243 -0.0221332 -0.0104577 0.00601165 0.0177848 0.021406 0.0180079 0.0103822 0.00201447 -0.00363662 -0.00531252 -0.00490652 -0.00484253 -0.00473562 -0.0020981 0.00318134 0.00677083 0.00422886 -0.00351329 -0.0110081 -0.0134847 -0.0098284 -0.00251689 0.0048283 0.0118587 0.0217136 0.0335737 0.0380073 
0.067658 0.0313891 -0.0065979 -0.0250508 -0.019917 -0.00297082 0.0113834 0.0162843 0.0129246 0.00579637 -0.000827889 -0.00432092 -0.0047057 -0.0043751 -0.00542987 -0.00700379 -0.00635153 -0.0031731 -0.00133797 -0.00460354 -0.011762 -0.0178053 -0.0186018 -0.0134541 -0.00470134 0.0055241 0.0193663 0.0409327 0.0665082 0.0804382 
0.143477 0.102747 0.0499137 0.0140894 0.00525028 0.0126735 0.0201498 0.0197653 0.0133904 0.00607128 0.000989721 -0.00123226 -0.00183243 -0.00303653 -0.00620001 -0.0100547 -0.0118571 -0.0111004 -0.0108222 -0.0137612 -0.0184501 -0.020637 -0.0174121 -0.00945889 0.00013661 0.0111719 0.0306202 0.0663811 0.112879 0.146615 
0.245737 0.20833 0.144413 0.0889314 0.0576989 0.0442774 0.0353721 0.0247921 0.014461 0.00742354 0.00375993 0.00178217 -0.000180519 -0.00346214 -0.00852107 -0.0139472 -0.0173113 -0.0180419 -0.0183857 -0.0202176 -0.0220546 -0.0205052 -0.0138379 -0.00409845 0.00493267 0.0154464 0.0404362 0.0931592 0.166978 0.229628 
0.345546 0.311755 0.237852 0.163026 0.107442 0.0697672 0.0421831 0.0217329 0.00943443 0.00435637 0.0026043 0.000740254 -0.00244942 -0.00702196 -0.0126512 -0.0180668 -0.0214148 -0.02229 -0.0224232 -0.0231687 -0.0232447 -0.0199517 -0.0121698 -0.00246083 0.0054966 0.0163326 0.0481705 0.118662 0.219792 0.310755 
