0.418759 0.324496 0.204706 0.115968 0.0706231 0.0494051 0.0301757 0.00402664 -0.0235466 -0.0406286 -0.0404115 -0.0276555 -0.0140212 -0.00760487 -0.00810437 -0.0109521 -0.0131876 -0.0144066 -0.014089 -0.0104919 -0.0031513 0.00450858 0.00751523 0.00552789 0.00648232 0.0263855 0.0861107 0.196399 0.331033 0.423916 
0.359991 0.2793 0.171255 0.0899168 0.0510253 0.0383352 0.0289139 0.0104601 -0.0140916 -0.0321536 -0.0339074 -0.021718 -0.00718884 3.0005e-05 -0.00099953 -0.00541118 -0.00890759 -0.0101639 -0.00904785 -0.00506725 0.00155284 0.00814056 0.010928 0.00949652 0.00987766 0.0246884 0.0712786 0.160839 0.275147 0.359134 
0.263411 0.205786 0.12331 0.0601548 0.0325465 0.0291852 0.0295144 0.0195978 -0.000328994 -0.0183924 -0.0230702 -0.0141735 -0.00160239 0.00499778 0.00357178 -0.00169439 -0.00603895 -0.00741487 -0.00578325 -0.00144795 0.00488198 0.0108718 0.0131098 0.0105617 0.00763973 0.0141673 0.0435373 0.105668 0.190036 0.256868 
0.172712 0.139533 0.0852194 0.0417399 0.0242477 0.0269713 0.0334926 0.0297373 0.013612 -0.00464309 -0.0130965 -0.0093011 -0.000493991 0.00482049 0.00367397 -0.00121611 -0.00556955 -0.00697574 -0.00514288 -0.000449034 0.00638015 0.0129741 0.0153017 0.0111864 0.00404351 0.00230019 0.016339 0.0540804 0.110672 0.160633 
0.114891 0.101261 0.0691599 0.03977 0.0268733 0.0299447 0.037411 0.0362142 0.0224397 0.00406092 -0.00771331 -0.00880569 -0.00366378 0.000797526 0.000928449 -0.00231352 -0.00570764 -0.00676226 -0.00467712 0.000593281 0.00857754 0.0166868 0.0199065 0.0148629 0.00449089 -0.00299813 0.00116481 0.0228954 0.0602893 0.0981637 
0.0891382 0.0879629 0.0697368 0.0474592 0.0336 0.0320623 0.0362159 0.0348867 0.0228362 0.00541185 -0.00772515 -0.0116578 -0.00857392 -0.00391932 -0.00176779 -0.00267814 -0.00452431 -0.00481388 -0.00215788 0.0039336 0.0130665 0.0224352 0.0265917 0.0216651 0.0102982 0.000538779 0.000224273 0.0136205 0.0397886 0.0698401 
0.0774756 0.0826054 0.0723625 0.0537079 0.0373652 0.0301307 0.0296866 0.0272774 0.0170379 0.00186572 -0.0105068 -0.0150851 -0.0125754 -0.0072454 -0.00323904 -0.00205439 -0.00236605 -0.00170515 0.00175018 0.00859638 0.0180888 0.0273502 0.0316383 0.0278157 0.0181595 0.00941176 0.00794757 0.0167717 0.035347 0.0587291 
0.0631544 0.0710298 0.0669636 0.0531317 0.0374242 0.0273865 0.0237792 0.0205628 0.0121894 -0.000305631 -0.0111783 -0.0158565 -0.0140674 -0.00897358 -0.00436713 -0.00211739 -0.00141659 6.20415e-05 0.00425197 0.01148 0.020358 0.028165 0.0318713 0.0300891 0.0244615 0.0188626 0.0170955 0.0213652 0.0321843 0.0478224 
0.0430406 0.0527414 0.0554709 0.0494397 0.0386657 0.0295183 0.0246682 0.0210397 0.0142614 0.00395247 -0.00618367 -0.0121242 -0.0126002 -0.00949407 -0.00596059 -0.00394224 -0.00300079 -0.00107884 0.00358944 0.0108913 0.018817 0.0249544 0.028222 0.029153 0.0284911 0.0264092 0.0235788 0.0220485 0.0244062 0.0319573 
0.0255666 0.0372636 0.0467562 0.0493031 0.0449608 0.0380039 0.0323087 0.0279133 0.0221562 0.0133888 0.00312254 -0.00515071 -0.00898736 -0.00888791 -0.00735663 -0.00636388 -0.00575453 -0.00374964 0.00116571 0.00853019 0.0159383 0.0211625 0.0244041 0.0275661 0.0307576 0.0311977 0.0269415 0.0201989 0.0157803 0.0173841 
0.0181153 0.0312011 0.0451996 0.0537497 0.0539261 0.0479639 0.0404551 0.0343069 0.0288087 0.0213373 0.0112377 0.00130242 -0.0050963 -0.0073198 -0.00735909 -0.00721581 -0.00695251 -0.00500934 -2.40952e-05 0.0074586 0.0148559 0.019704 0.0224017 0.0256436 0.029998 0.0318252 0.0276691 0.0192282 0.0121209 0.0111802 
0.0181707 0.0305784 0.0455075 0.056293 0.0583055 0.0520883 0.0422976 0.0338714 0.02801 0.0218899 0.0132376 0.00379394 -0.00293943 -0.00570207 -0.00604095 -0.00590484 -0.00557042 -0.0037038 0.00104766 0.00833848 0.0155428 0.0195687 0.0202617 0.0209813 0.0240649 0.0270279 0.0256708 0.0198377 0.0138573 0.012465 
0.0171996 0.0262544 0.0391176 0.0497837 0.0526822 0.0467245 0.0358386 0.0258168 0.0194354 0.0146633 0.00858727 0.00163887 -0.00346824 -0.00533825 -0.00498636 -0.00414771 -0.00337426 -0.00168298 0.00229723 0.00857594 0.014643 0.0168434 0.014451 0.0116216 0.0129693 0.0177814 0.021135 0.0201041 0.0165115 0.0143997 
0.0111313 0.0151401 0.0246686 0.0348463 0.0393009 0.0351416 0.025051 0.0147806 0.00817537 0.00456046 0.00121884 -0.00268469 -0.00569524 -0.00649162 -0.00541673 -0.00384603 -0.0026523 -0.00136554 0.00126291 0.00557832 0.00946011 0.00927482 0.00418209 -0.00100562 -5.44995e-05 0.00744098 0.0156174 0.0189481 0.0169082 0.0128401 
0.00438826 0.00358845 0.0100657 0.0201082 0.026557 0.0248309 0.0164821 0.00696649 0.000629388 -0.00213098 -0.00359202 -0.00544745 -0.00725539 -0.00771879 -0.00654552 -0.00474615 -0.00346491 -0.00278438 -0.00176629 0.000131654 0.00147486 -0.000605024 -0.00664994 -0.0118691 -0.00977818 0.000306724 0.0119498 0.0181094 0.0167124 0.0104673 
0.00356949 -0.000368334 0.00403536 0.013885 0.0214762 0.0212059 0.0141513 0.00564208 -6.19104e-05 -0.00236543 -0.00329495 -0.00470527 -0.00644531 -0.00717772 -0.00633632 -0.00476247 -0.00372655 -0.00368432 -0.00406797 -0.00429071 -0.00494523 -0.00764238 -0.0125259 -0.0157873 -0.0120518 -0.00065156 0.0125145 0.0202655 0.0195696 0.0122976 
0.00986538 0.00454375 0.00788641 0.0172295 0.0245678 0.0241136 0.0171899 0.00922954 0.00401667 0.00163385 0.00014614 -0.00180888 -0.0037771 -0.00452515 -0.00375761 -0.0024291 -0.00175823 -0.0022559 -0.00361745 -0.00530123 -0.00709725 -0.00927386 -0.0117027 -0.0122386 -0.00736591 0.00377119 0.0169667 0.025844 0.02647 0.0195002 
0.0188734 0.0129553 0.01575 0.0244578 0.0308117 0.0291772 0.0213641 0.0130375 0.00759725 0.00460812 0.00229039 -3.29018e-06 -0.00147272 -0.00132063 5.39144e-05 0.00141339 0.00174833 0.000779046 -0.00128223 -0.0039653 -0.00644394 -0.00787668 -0.00797583 -0.00624796 -0.000975817 0.00911873 0.021936 0.0321155 0.0346361 0.028662 
0.0260519 0.0191904 0.0208063 0.0284603 0.0338407 0.0311535 0.0222078 0.0128217 0.00646772 0.00272309 0.00011644 -0.00151208 -0.00139463 0.000511447 0.00297457 0.00451038 0.00445451 0.00292431 0.000171798 -0.00340971 -0.00664279 -0.00794509 -0.00681596 -0.00376439 0.00168631 0.0110729 0.0238873 0.0356279 0.0403809 0.0358282 
0.0305792 0.0218913 0.0205663 0.0258306 0.0301471 0.0271669 0.0178 0.00760578 0.000427151 -0.00365196 -0.00569553 -0.0057191 -0.00337034 0.000512362 0.00398158 0.00548943 0.00482146 0.00253595 -0.00100941 -0.00550122 -0.00967292 -0.0115499 -0.0102485 -0.00644005 -0.000325565 0.00930536 0.0225185 0.035605 0.0425964 0.040035 
0.0340375 0.0229461 0.0169522 0.0180708 0.0206743 0.0180295 0.00952082 -0.000238619 -0.00730251 -0.0109818 -0.0118732 -0.0100098 -0.00558798 -0.000202466 0.00377064 0.0049215 0.00348227 0.000371281 -0.00393779 -0.00919451 -0.0142198 -0.0168994 -0.0158492 -0.0113171 -0.00385857 0.00679039 0.0203624 0.0340383 0.0428332 0.0426801 
0.0370154 0.0237554 0.0127207 0.00876322 0.00888572 0.00676954 0.00034542 -0.00740992 -0.0131647 -0.0158485 -0.0155171 -0.0121738 -0.00645229 -0.000375202 0.00360762 0.00431671 0.0022565 -0.00148005 -0.00632349 -0.012038 -0.017596 -0.0209051 -0.0201206 -0.0148699 -0.00591688 0.00578378 0.0192095 0.0325306 0.0423732 0.0445042 
0.0379166 0.0234494 0.00867153 0.0002755 -0.00220181 -0.00378395 -0.00739895 -0.0120531 -0.015676 -0.0170988 -0.0158253 -0.0117456 -0.00568637 0.000331169 0.00408906 0.00457469 0.002281 -0.00172974 -0.00681912 -0.0127111 -0.0185175 -0.022268 -0.0218257 -0.0162623 -0.00642234 0.00568682 0.0183098 0.0305223 0.0405489 0.0442565 
0.0342668 0.0198231 0.00365425 -0.00711358 -0.0112248 -0.0120647 -0.0127589 -0.0140697 -0.015306 -0.0154028 -0.0135038 -0.00941076 -0.0038673 0.00151627 0.00494702 0.00544567 0.0032486 -0.000761233 -0.00591333 -0.0118638 -0.0178195 -0.0219884 -0.0221617 -0.0170308 -0.00732061 0.00440423 0.0158534 0.0265633 0.0358214 0.0398688 
0.0248925 0.0115542 -0.00341966 -0.0137253 -0.0175837 -0.0171411 -0.0152974 -0.0138213 -0.0129507 -0.0118425 -0.00962463 -0.00608786 -0.00166132 0.00268809 0.00563866 0.00616398 0.00415555 0.00025012 -0.00490314 -0.0108947 -0.0169772 -0.0215693 -0.0226183 -0.0186488 -0.0100243 0.000772955 0.0111089 0.0202255 0.0276816 0.030493 
0.0112781 -0.000190546 -0.0118536 -0.0190606 -0.0206664 -0.0183945 -0.0147528 -0.0115995 -0.00941558 -0.00759946 -0.00550006 -0.00287326 0.000271654 0.0035268 0.00589901 0.00632162 0.00443727 0.000664133 -0.00441691 -0.0103562 -0.0164364 -0.0213238 -0.0232964 -0.0208945 -0.0139673 -0.00440821 0.00497565 0.0124969 0.0173128 0.0175602 
-0.00314827 -0.0123439 -0.0196505 -0.0223927 -0.0207525 -0.0166552 -0.0121452 -0.00852139 -0.00602263 -0.0042232 -0.00266507 -0.00093786 0.00130099 0.00385603 0.00579445 0.0060634 0.00426352 0.000703234 -0.00412568 -0.00979391 -0.015663 -0.0206701 -0.0234382 -0.0225813 -0.0174829 -0.00934864 -0.00101183 0.00483401 0.00673238 0.00399718 
-0.014972 -0.0219967 -0.0253603 -0.024153 -0.0198557 -0.0146481 -0.0100275 -0.00659468 -0.00431767 -0.00290701 -0.0019307 -0.000711745 0.00127186 0.00370652 0.00551989 0.00572508 0.00405294 0.000816614 -0.00358227 -0.00881357 -0.0143862 -0.0194542 -0.0228121 -0.0230848 -0.01944 -0.0127191 -0.00569842 -0.00160225 -0.00221926 -0.00732051 
-0.0222756 -0.0278337 -0.0289567 -0.0257803 -0.0204288 -0.0149976 -0.0104582 -0.00701708 -0.00469192 -0.00339329 -0.00261682 -0.00142934 0.000745928 0.00339832 0.00530929 0.00556892 0.00406342 0.00115393 -0.00282812 -0.00767861 -0.0130524 -0.0181873 -0.0218367 -0.022604 -0.0197803 -0.0142817 -0.00875143 -0.00625995 -0.00845865 -0.0146752 
-0.0249088 -0.029966 -0.0308998 -0.0279015 -0.0229005 -0.0176534 -0.0128673 -0.00880431 -0.00583825 -0.0041502 -0.00317712 -0.00180985 0.000569314 0.0033883 0.00540155 0.00573977 0.00434537 0.00160501 -0.00216851 -0.00683568 -0.012121 -0.0172361 -0.0208276 -0.0215648 -0.019114 -0.0146831 -0.010623 -0.00929648 -0.0119035 -0.0178647 
-0.0239497 -0.02908 -0.0310399 -0.0293323 -0.0251632 -0.0199834 -0.0146131 -0.00966716 -0.00591666 -0.00374438 -0.00254562 -0.00111788 0.00121034 0.00394305 0.00591028 0.00623989 0.00482883 0.00206559 -0.0016886 -0.00627215 -0.0114258 -0.0163523 -0.0196895 -0.0202684 -0.018126 -0.0146737 -0.0118286 -0.0110719 -0.0131226 -0.0178446 
-0.021266 -0.0263069 -0.0291819 -0.0286191 -0.0250499 -0.0197359 -0.013806 -0.00828216 -0.00418589 -0.00192753 -0.000807729 0.00043157 0.00248364 0.00493535 0.00670292 0.00689557 0.00534822 0.00247395 -0.00126605 -0.0056567 -0.0104962 -0.0151185 -0.0183047 -0.01901 -0.0173595 -0.0147099 -0.0126013 -0.0119153 -0.013065 -0.0163097 
-0.0191283 -0.0234194 -0.0262458 -0.0260289 -0.0226789 -0.0172576 -0.0110913 -0.00548263 -0.00156711 0.000329907 0.00106455 0.00196863 0.00371812 0.0058918 0.00741725 0.0073857 0.0056327 0.00266277 -0.000938025 -0.00493336 -0.00927904 -0.0136026 -0.0169399 -0.0182409 -0.0173558 -0.0153372 -0.0135429 -0.0127354 -0.0132367 -0.015372 
-0.0192477 -0.0221735 -0.0239783 -0.0233189 -0.0199277 -0.0146255 -0.00867507 -0.00341043 4.28175e-05 0.00144455 0.00177572 0.0024473 0.00410406 0.00622055 0.0076342 0.00741948 0.00549784 0.00253157 -0.000778947 -0.0042388 -0.00803106 -0.0121368 -0.0158697 -0.0181084 -0.0182769 -0.0170091 -0.0155646 -0.0148332 -0.0151545 -0.0166586 
-0.0218005 -0.023193 -0.0234967 -0.0218678 -0.0182345 -0.0133287 -0.00815174 -0.00370996 -0.000883087 0.000163258 0.000390381 0.0011893 0.00314056 0.00556657 0.00716401 0.007004 0.00514847 0.0024293 -0.00039797 -0.00324634 -0.00651089 -0.0104248 -0.0145113 -0.017669 -0.0190852 -0.0190408 -0.018555 -0.018461 -0.0190448 -0.0202394 
-0.0255476 -0.0256362 -0.0243471 -0.0213784 -0.0172776 -0.0130312 -0.00927357 -0.00627502 -0.00434006 -0.00351688 -0.00303111 -0.00169024 0.000943524 0.00404021 0.00618482 0.00647632 0.00511777 0.00305673 0.00101575 -0.00107616 -0.00375319 -0.0073204 -0.0114146 -0.0151417 -0.0178271 -0.0195808 -0.0209452 -0.0222642 -0.0235605 -0.0247179 
-0.0288275 -0.0278293 -0.0248837 -0.0203019 -0.0156018 -0.0122718 -0.0104878 -0.00950391 -0.00883007 -0.00833266 -0.00749015 -0.0054289 -0.00193033 0.00203851 0.00501349 0.00615365 0.00576925 0.00484509 0.00399145 0.00294023 0.00106031 -0.00190984 -0.00565046 -0.00958759 -0.0134465 -0.0173406 -0.0212131 -0.0245869 -0.0270167 -0.0284277 
-0.0302578 -0.028106 -0.0234387 -0.0173204 -0.0122353 -0.0100543 -0.010437 -0.0116799 -0.0125481 -0.0126771 -0.0117188 -0.00910325 -0.0048565 -7.1618e-05 0.00378838 0.00597165 0.00686893 0.00744038 0.00812033 0.00838874 0.00748556 0.00521635 0.00193307 -0.00204625 -0.00686576 -0.0127482 -0.0191282 -0.024688 -0.0284294 -0.0302412 
-0.0290408 -0.0255392 -0.0193447 -0.0123293 -0.00748424 -0.00661313 -0.00891262 -0.0121133 -0.0145018 -0.0154708 -0.0147243 -0.0119203 -0.00730154 -0.00204911 0.00243432 0.00552782 0.0076935 0.009816 0.0120968 0.0137166 0.01376 0.0121348 0.00933864 0.00556801 0.000321602 -0.00682853 -0.0150559 -0.0224359 -0.0274185 -0.0296031 
-0.0254291 -0.0205113 -0.0132417 -0.00624719 -0.00241252 -0.00296634 -0.00672585 -0.0112873 -0.0147779 -0.0164416 -0.0160287 -0.0133901 -0.00890554 -0.00372925 0.000898727 0.00452864 0.00765789 0.0110244 0.014569 0.0172241 0.0180136 0.0170509 0.0150589 0.0121262 0.00734492 -4.38303e-05 -0.00921853 -0.0179456 -0.0241272 -0.026716 
-0.0206774 -0.0143475 -0.00635645 -4.54744e-05 0.00218727 3.23183e-05 -0.00488836 -0.0102022 -0.0141304 -0.0160153 -0.0158078 -0.0135518 -0.00962995 -0.00499244 -0.000616917 0.00319175 0.00685977 0.0108972 0.0150414 0.0181823 0.0194941 0.0193649 0.0186614 0.0172268 0.0136596 0.00682928 -0.00259232 -0.0122999 -0.0196746 -0.0227406 
-0.0158534 -0.00797641 0.000680689 0.00611036 0.00647766 0.00247837 -0.00366567 -0.00947761 -0.0133617 -0.0150287 -0.0148339 -0.0130185 -0.00982336 -0.00585071 -0.00180734 0.00201486 0.00582511 0.00988239 0.0138866 0.016972 0.0186458 0.0194809 0.0202355 0.0203514 0.0179993 0.0118614 0.00254549 -0.0076738 -0.0158003 -0.0189755 
-0.0108639 -0.00141057 0.00783925 0.0124646 0.0111223 0.00526984 -0.00231787 -0.00885731 -0.0127723 -0.0141749 -0.0139398 -0.0125432 -0.0100212 -0.00657778 -0.00273027 0.00107288 0.00472551 0.00830259 0.0116627 0.0143758 0.0163054 0.0180178 0.0199252 0.0210027 0.0191721 0.0132868 0.00425133 -0.00560533 -0.0132574 -0.0155227 
-0.00520518 0.00515174 0.0144383 0.0183587 0.0159662 0.00892903 9.5929e-05 -0.00747439 -0.0118914 -0.0133534 -0.0132068 -0.0122731 -0.0104373 -0.00749938 -0.00382712 -0.000101956 0.00324125 0.00617236 0.00879227 0.0110856 0.0131465 0.0154276 0.0179852 0.0193677 0.0173418 0.0112374 0.0027515 -0.00553433 -0.0111074 -0.0114099 
0.000652531 0.0106177 0.0190034 0.0222264 0.0197009 0.0127642 0.00364005 -0.00470958 -0.0098665 -0.0116597 -0.0117387 -0.011414 -0.010539 -0.00845098 -0.00523932 -0.00173702 0.00131069 0.00374419 0.00581708 0.0077555 0.00973834 0.0121623 0.0149561 0.0163722 0.0139631 0.00757189 -1.59501e-05 -0.00581835 -0.00830366 -0.00634577 
0.00560402 0.0143345 0.0212231 0.0236285 0.0214255 0.0155758 0.00733771 -0.000901343 -0.00635553 -0.00828291 -0.00849668 -0.00889956 -0.00940296 -0.0087438 -0.0064615 -0.00335889 -0.000501261 0.00167636 0.00339024 0.00495049 0.00658313 0.00877676 0.0115934 0.0131374 0.0106306 0.00419498 -0.00238895 -0.0057002 -0.00523199 -0.00143919 
0.00972543 0.017825 0.0235472 0.0248405 0.0222791 0.0171374 0.0101596 0.00293759 -0.00190314 -0.00334436 -0.003392 -0.00453768 -0.00674124 -0.00799881 -0.00705048 -0.00449293 -0.00172958 0.000357729 0.00176209 0.00282353 0.00391231 0.00572849 0.00853306 0.0103291 0.00798087 0.00166558 -0.00414673 -0.00564374 -0.00297565 0.00233345 
0.014659 0.0239684 0.0295908 0.029313 0.0246908 0.0184693 0.011961 0.00610106 0.00267945 0.00232737 0.00267146 0.000755983 -0.00331634 -0.00673975 -0.00735786 -0.00544917 -0.00272613 -0.000615798 0.000514494 0.0010278 0.00156162 0.00304671 0.0058033 0.0077156 0.00546895 -0.000694791 -0.00592201 -0.00615729 -0.00174847 0.00546175 
0.0212121 0.0333691 0.0399345 0.0377921 0.0295542 0.0203667 0.0131711 0.00856594 0.00698155 0.00800284 0.00870389 0.00586158 -0.000195235 -0.00587175 -0.00815625 -0.00696579 -0.00425477 -0.0020091 -0.00104153 -0.0010075 -0.000975044 0.000175342 0.00272621 0.00455303 0.00245506 -0.00323686 -0.00765859 -0.00674408 -0.000700696 0.00890504 
0.0268562 0.0418403 0.0498443 0.0463933 0.0346426 0.0220843 0.0137269 0.0102362 0.0106096 0.0130479 0.0139658 0.0100585 0.00202357 -0.00582095 -0.00972959 -0.00927647 -0.00659374 -0.00417039 -0.00327338 -0.00364772 -0.00412875 -0.00338251 -0.0010055 0.00111565 -4.59085e-05 -0.00445241 -0.00777523 -0.00609229 0.000811603 0.0119953 
0.0267975 0.042987 0.0525745 0.0495601 0.0364454 0.0218593 0.0126334 0.0100874 0.0123078 0.0161782 0.0174215 0.0127366 0.00318979 -0.00636027 -0.0116203 -0.0118689 -0.00933216 -0.00684397 -0.00601185 -0.00670726 -0.00759562 -0.00698375 -0.00403838 -0.000312946 0.000876571 -0.00157834 -0.00441957 -0.00366524 0.00180608 0.0119468 
0.0180281 0.0336989 0.0451003 0.0447491 0.0331638 0.0184667 0.00877734 0.00677087 0.0104963 0.0158681 0.0179446 0.0133636 0.00332873 -0.00708331 -0.0132238 -0.0140876 -0.0118691 -0.00950265 -0.00871614 -0.00947324 -0.0102977 -0.00899548 -0.00413454 0.00281193 0.00741668 0.00653522 0.00215956 -0.00100892 -0.000141261 0.00591991 
0.00234512 0.0165704 0.0297963 0.0334338 0.0254281 0.0122301 0.00259155 0.000823285 0.00562157 0.0124287 0.0158154 0.0122399 0.00269996 -0.00782687 -0.0144346 -0.0157835 -0.0139221 -0.0116953 -0.0107648 -0.0111401 -0.0112578 -0.00844466 -0.000731791 0.0101606 0.0181413 0.0176425 0.00952827 -0.000128031 -0.00607553 -0.00572975 
-0.0141305 -0.00238531 0.0114582 0.0187153 0.0152719 0.00536567 -0.00274776 -0.00386382 0.00151805 0.0090648 0.0133924 0.0108359 0.00195715 -0.00856435 -0.0155898 -0.0173616 -0.0157026 -0.0133329 -0.0118551 -0.0113968 -0.0104756 -0.00613044 0.00406899 0.0182579 0.0289327 0.028356 0.0163132 0.00014479 -0.0125261 -0.0178202 
-0.024585 -0.0172665 -0.00517559 0.00434236 0.00616799 0.00193444 -0.00228712 -0.00194834 0.00309235 0.00968382 0.0134052 0.0107824 0.00186325 -0.00913876 -0.0169318 -0.0192603 -0.0176229 -0.0146783 -0.012162 -0.0105377 -0.00866533 -0.00352956 0.00783107 0.0240037 0.0370353 0.0376778 0.0243179 0.00444813 -0.0129586 -0.0231884 
-0.0253714 -0.0239025 -0.0152368 -0.00445085 0.00308988 0.00610909 0.00714798 0.00887905 0.012019 0.015453 0.0165601 0.0124222 0.00257487 -0.00943028 -0.0183319 -0.0213553 -0.0195718 -0.0156466 -0.0116561 -0.00860611 -0.00591603 -0.000738344 0.0104271 0.0272332 0.0425079 0.0464494 0.0355986 0.0159025 -0.00380662 -0.0182839 
-0.0170193 -0.0204083 -0.014806 -0.00323161 0.00900861 0.0180681 0.0230636 0.0248085 0.0246378 0.0235279 0.0207765 0.0142497 0.00314467 -0.00974595 -0.0194713 -0.0228936 -0.0206387 -0.0153704 -0.00955548 -0.00480033 -0.00123724 0.00347413 0.0130671 0.0286064 0.0450259 0.0533236 0.0480262 0.0318434 0.0120838 -0.00534529 
-0.00306905 -0.00876086 -0.00498135 0.00638809 0.02033 0.0316161 0.0374313 0.0376917 0.0341596 0.0289173 0.0225013 0.0137232 0.00192731 -0.0107832 -0.0201977 -0.0232374 -0.0201393 -0.0133667 -0.00555991 0.00113349 0.0056026 0.00909464 0.0151052 0.0264495 0.041563 0.0537992 0.0558963 0.0460168 0.0287038 0.0105912 
0.0114317 0.00477412 0.00689698 0.0163079 0.0285582 0.0383845 0.042674 0.0413209 0.0359911 0.0284862 0.0196669 0.00948677 -0.00190593 -0.0129457 -0.020685 -0.0226723 -0.0188081 -0.0109485 -0.00145045 0.00712192 0.0122896 0.0135506 0.0138684 0.0182573 0.029679 0.0449699 0.0555784 0.0544553 0.0421347 0.0253704 
0.0224378 0.0136734 0.0129984 0.0190522 0.0279895 0.0351969 0.0380095 0.0364593 0.0315598 0.0239299 0.0141458 0.00337492 -0.00696228 -0.0156025 -0.0211237 -0.0221163 -0.0182143 -0.0103013 2.11477e-05 0.00998784 0.0155851 0.0142544 0.00834377 0.00513495 0.0121034 0.029838 0.049239 0.058283 0.0524703 0.0374386 
0.0302899 0.0168432 0.0119834 0.0144568 0.0205113 0.0260548 0.0288251 0.028723 0.0259087 0.0197313 0.0101939 -0.000710462 -0.0103027 -0.0172024 -0.0211545 -0.0218277 -0.018774 -0.0118894 -0.00179581 0.00886202 0.014886 0.0118859 0.00144007 -0.0076576 -0.00448837 0.0150156 0.0423607 0.0617205 0.0629216 0.0487997 
0.0409783 0.0200839 0.00964581 0.00871696 0.0127025 0.0173227 0.0204677 0.0219528 0.0215409 0.0177935 0.009832 -0.000533339 -0.00993133 -0.0163483 -0.0197974 -0.0207064 -0.018855 -0.0135432 -0.00449851 0.00614838 0.0127803 0.00970192 -0.00266261 -0.0153125 -0.0152711 0.00486641 0.0388541 0.0688154 0.0783588 0.0651862 
0.0632336 0.0323709 0.0141809 0.00898805 0.0105175 0.01317 0.0147278 0.0156445 0.0164329 0.015546 0.0107378 0.0022955 -0.00664966 -0.0131583 -0.0165719 -0.0175997 -0.0165672 -0.0127938 -0.00538272 0.0044787 0.0116574 0.0096996 -0.00260194 -0.017286 -0.0203769 -0.000914074 0.0389861 0.0813684 0.103062 0.0935757 
0.104028 0.0613186 0.0321332 0.0201581 0.0173146 0.0154762 0.0119067 0.00857479 0.00802836 0.00932773 0.00861189 0.00364764 -0.00368655 -0.00979615 -0.0128827 -0.0134727 -0.0125685 -0.0100586 -0.00472726 0.00355701 0.0109506 0.0107205 -0.000310204 -0.0161099 -0.0224532 -0.0046313 0.0410585 0.0987601 0.138525 0.138455 
0.167053 0.111427 0.066956 0.0438971 0.0335606 0.0246079 0.0129485 0.00196602 -0.00322129 -0.00208685 0.000591231 -4.10294e-05 -0.00432028 -0.00898143 -0.0112813 -0.0111596 -0.0100547 -0.00860742 -0.00550223 0.000833746 0.00829152 0.0102734 0.00165267 -0.0139033 -0.0226193 -0.00644442 0.0450662 0.120501 0.184471 0.20131 
0.251308 0.181818 0.116586 0.0766186 0.0553457 0.0381703 0.0180418 -0.00191706 -0.0145841 -0.0169262 -0.0128884 -0.0091515 -0.00910598 -0.0112733 -0.0126335 -0.0121858 -0.0111922 -0.0107584 -0.00956538 -0.00488684 0.00279752 0.00737037 0.00230042 -0.0109195 -0.0195786 -0.00354786 0.053904 0.147745 0.239962 0.280541 
0.343089 0.259388 0.169141 0.107733 0.0739896 0.0503564 0.0247942 -0.00233546 -0.0231443 -0.0312733 -0.0278572 -0.0201416 -0.0149827 -0.0139808 -0.0145934 -0.0146022 -0.0143325 -0.0148129 -0.0148072 -0.0111061 -0.00313393 0.00374957 0.00259807 -0.00648996 -0.0122184 0.00580893 0.0686335 0.178203 0.297427 0.364106 
0.410471 0.316278 0.204173 0.12346 0.0801783 0.0548079 0.029443 -0.0001236 -0.0266025 -0.0403303 -0.0384548 -0.0274973 -0.0173697 -0.0132217 -0.0135181 -0.0147289 -0.0156304 -0.016682 -0.0169182 -0.0135098 -0.00559917 0.0024075 0.00421721 -0.000547242 -0.00216963 0.0182238 0.0830554 0.199978 0.336109 0.42287 
