0.459611 0.45701 0.367753 0.242433 0.134439 0.0683777 0.0396666 0.0307642 0.0255825 0.0158215 0.00136005 -0.0125935 -0.0204749 -0.0207268 -0.0163042 -0.0117535 -0.0100878 -0.0117043 -0.0149641 -0.0171471 -0.0161869 -0.0136257 -0.0154011 -0.0260842 -0.0395575 -0.0368626 0.00408498 0.0953538 0.228917 0.369174 
0.456928 0.452972 0.360411 0.228337 0.111607 0.038112 0.00633074 0.000264625 0.00327553 0.00436128 -0.000445749 -0.00875589 -0.0151083 -0.0159625 -0.0123613 -0.00819837 -0.00666172 -0.00842339 -0.0120358 -0.0148678 -0.0145784 -0.0119918 -0.0123545 -0.0201868 -0.0302425 -0.0251051 0.0158286 0.10411 0.232839 0.368766 
0.380596 0.374914 0.293712 0.176767 0.0711539 0.00308671 -0.0259642 -0.0279512 -0.0173862 -0.00623509 -0.00154985 -0.00388714 -0.00867994 -0.0110223 -0.00968433 -0.00682671 -0.00500221 -0.00514531 -0.00659804 -0.00774352 -0.00688702 -0.00443784 -0.00438309 -0.010458 -0.0184407 -0.0138295 0.0204551 0.0934977 0.198988 0.309601 
0.269603 0.264542 0.203699 0.114648 0.0319554 -0.0232377 -0.0471617 -0.0464521 -0.0316011 -0.0138466 -0.00218868 0.000157264 -0.00373216 -0.00835068 -0.0102239 -0.00910818 -0.00638609 -0.00338689 -0.000861573 0.00110946 0.00311628 0.0050766 0.00443246 -0.00170074 -0.0103315 -0.0101231 0.0124867 0.0643589 0.140094 0.219215 
0.167837 0.165967 0.126713 0.0668629 0.00864112 -0.0328572 -0.0526397 -0.0523761 -0.0378252 -0.0181577 -0.00319038 0.00165232 -0.0022679 -0.00938689 -0.01437 -0.0146748 -0.0105696 -0.00392694 0.00296232 0.00838396 0.011982 0.0138966 0.0124844 0.00514442 -0.00634213 -0.0128752 -0.00292875 0.0293966 0.0798083 0.133246 
0.0986968 0.102079 0.0815142 0.0454047 0.00630349 -0.0254997 -0.0442833 -0.0478928 -0.0377155 -0.0202003 -0.00511278 0.000420807 -0.00388719 -0.0127682 -0.0197075 -0.0206131 -0.0150918 -0.00548236 0.00493232 0.0135395 0.0194777 0.0227895 0.0218252 0.0135795 -0.00110219 -0.0141638 -0.0147003 0.00315609 0.0361496 0.0729495 
0.0643515 0.0742774 0.0684483 0.0486961 0.0210235 -0.00674365 -0.0277522 -0.0371807 -0.0333297 -0.0202339 -0.00701566 -0.00175981 -0.00608315 -0.0153291 -0.0226796 -0.0234594 -0.0170288 -0.00580595 0.00680999 0.0181406 0.0271333 0.0333304 0.0343501 0.0264556 0.00989528 -0.00769189 -0.0155262 -0.00742745 0.0145004 0.0418288 
0.0552433 0.0713734 0.076041 0.0662181 0.0439755 0.0165654 -0.007669 -0.0224295 -0.024694 -0.0168989 -0.00691917 -0.00273036 -0.00674502 -0.015203 -0.0218572 -0.0222782 -0.0157408 -0.0042403 0.00938138 0.0228118 0.0348644 0.0443765 0.0480918 0.0417125 0.0251747 0.00568492 -0.00637123 -0.00451712 0.0105381 0.0328684 
0.0584339 0.0786002 0.0896574 0.0856717 0.0665567 0.0394962 0.0136938 -0.00439374 -0.0117858 -0.00975824 -0.00422742 -0.00205497 -0.00595241 -0.0132461 -0.0188882 -0.0191935 -0.0133064 -0.00242698 0.0114054 0.0262118 0.0405278 0.0525139 0.0584228 0.0539945 0.0391928 0.0204937 0.00719609 0.00564445 0.0164636 0.035837 
0.0636563 0.084978 0.0990551 0.0987034 0.0826655 0.057628 0.0324933 0.0129203 0.00139631 -0.00216147 -0.00134088 -0.00147035 -0.00535237 -0.0114943 -0.0162867 -0.0168677 -0.0120867 -0.00217929 0.0115711 0.0272528 0.0428381 0.0558481 0.0626164 0.0597788 0.0478584 0.0323614 0.0206219 0.017936 0.0257822 0.0422544 
0.0655361 0.0854793 0.0998338 0.10113 0.0875764 0.0651168 0.04173 0.0220051 0.00792599 0.000426843 -0.00202992 -0.00335803 -0.00648309 -0.0111609 -0.0151558 -0.0161624 -0.0125133 -0.00345944 0.0103461 0.0268116 0.0430306 0.0557915 0.0619247 0.0597338 0.050907 0.0399968 0.0317102 0.0292933 0.0344273 0.047122 
0.0617094 0.0780572 0.090079 0.0906776 0.0781526 0.0579118 0.0369488 0.018725 0.00446858 -0.00445102 -0.00799553 -0.00875446 -0.00980163 -0.0122451 -0.0150995 -0.0162774 -0.0134448 -0.00497806 0.0089846 0.0261113 0.0425198 0.0541928 0.0585667 0.0559099 0.0494258 0.0429806 0.0386224 0.0370641 0.0395741 0.047786 
0.0509952 0.0617331 0.0693703 0.0679187 0.0561299 0.0388252 0.0217871 0.00708784 -0.00521199 -0.0137855 -0.0171559 -0.0163628 -0.014496 -0.0140823 -0.0153379 -0.016246 -0.0138892 -0.00606184 0.00746906 0.0243139 0.0399761 0.0498693 0.0519341 0.0480794 0.0428861 0.0398813 0.0390386 0.0387056 0.0391595 0.042779 
0.0340755 0.0384508 0.0414873 0.0388327 0.0294693 0.0170073 0.005548 -0.00435362 -0.0138174 -0.021639 -0.024913 -0.022944 -0.018588 -0.0155962 -0.0152647 -0.0157034 -0.0137491 -0.00708103 0.00468049 0.0193975 0.0326925 0.0399925 0.0396035 0.0343505 0.0296886 0.0291111 0.0313405 0.0328046 0.0322873 0.0319111 
0.0145236 0.0142526 0.0147188 0.0131441 0.00827883 0.0019363 -0.00363449 -0.0089882 -0.0158844 -0.0231683 -0.0269214 -0.0250029 -0.0197567 -0.0155482 -0.0143691 -0.0145652 -0.0131695 -0.00822678 0.000534936 0.011443 0.0208938 0.0249018 0.0220251 0.0152954 0.0105391 0.011478 0.016308 0.0199998 0.0197015 0.0168367 
-0.00244912 -0.00373624 -0.00279675 -0.00135879 -0.0010578 -0.00182009 -0.00286736 -0.00509052 -0.0101816 -0.0171052 -0.0217707 -0.0212479 -0.0170845 -0.0134019 -0.0123556 -0.012642 -0.0118638 -0.00871289 -0.00318007 0.00353108 0.00881351 0.00951201 0.00434301 -0.00389749 -0.00936788 -0.00802089 -0.00169776 0.00372452 0.00430108 0.0010511 
-0.0128696 -0.0116797 -0.00785169 -0.00278226 0.00163147 0.00436883 0.00552728 0.00462408 0.000468396 -0.00626519 -0.0120993 -0.0138629 -0.0120635 -0.00991832 -0.00942857 -0.00980611 -0.00941181 -0.00756498 -0.00450486 -0.00109551 0.000926812 -0.00076995 -0.007339 -0.0164728 -0.0227491 -0.0220711 -0.0160471 -0.0105094 -0.00937498 -0.0113801 
-0.0154784 -0.0102281 -0.00266379 0.00539001 0.0118279 0.0153918 0.016408 0.0152379 0.0112053 0.00439416 -0.00266169 -0.00675866 -0.00730406 -0.00647537 -0.00618731 -0.00633399 -0.00598459 -0.00483383 -0.00323802 -0.00185529 -0.00173854 -0.00439747 -0.0107762 -0.0192839 -0.0255649 -0.0260284 -0.0218559 -0.0178892 -0.017023 -0.0173649 
-0.0107678 -0.00237189 0.00792237 0.0173887 0.0236582 0.0258994 0.025243 0.0228646 0.0183818 0.0113094 0.00335007 -0.00233249 -0.00427884 -0.00389569 -0.00323366 -0.00290452 -0.00246987 -0.00170204 -0.00093273 -0.000687959 -0.00145407 -0.00386261 -0.00850424 -0.0146701 -0.0196494 -0.0207891 -0.0186179 -0.0164457 -0.0160314 -0.0151847 
0.000147372 0.00884207 0.0193724 0.0283073 0.0329687 0.0330369 0.0303416 0.0264977 0.0212966 0.0140303 0.005854 -0.000321293 -0.00264975 -0.00210059 -0.000900871 -0.000206351 0.000158597 0.000518808 0.000657009 0.000155951 -0.00101681 -0.00264509 -0.00482559 -0.0076388 -0.0101285 -0.0106405 -0.00891461 -0.00685732 -0.00591178 -0.0045309 
0.01499 0.0207202 0.0286776 0.0354951 0.0381355 0.0362783 0.0318928 0.0266984 0.0207685 0.0136192 0.00608344 0.000483228 -0.00150817 -0.000670145 0.000785716 0.00149325 0.00154164 0.00138798 0.000962041 -6.98219e-05 -0.00148418 -0.00242614 -0.00240659 -0.00188386 -0.00122642 0.000409369 0.00390921 0.00815597 0.0110002 0.0124302 
0.029256 0.0301027 0.0337309 0.0376009 0.038329 0.0350509 0.0294574 0.0233033 0.0170542 0.0106173 0.0045804 0.000472452 -0.00060133 0.000572743 0.00200103 0.00244211 0.0020492 0.00141076 0.000604412 -0.000680153 -0.0022208 -0.0028486 -0.00149769 0.0015069 0.00515339 0.00968567 0.0161735 0.0236629 0.0288987 0.0300684 
0.037134 0.0332667 0.0324231 0.0332085 0.0321768 0.0279106 0.0217853 0.0156013 0.0100706 0.00525734 0.00146419 -0.000487191 -0.000124537 0.0016243 0.00302751 0.00314388 0.00231041 0.00128826 0.000316207 -0.000950169 -0.00249997 -0.0031742 -0.00148845 0.00268989 0.00830382 0.0151513 0.0240028 0.0337437 0.0404416 0.0410692 
0.034707 0.0276165 0.0232888 0.0213909 0.0189831 0.0145368 0.00913518 0.00440645 0.000970318 -0.00127302 -0.00233424 -0.0018589 0.000172446 0.00269377 0.00418736 0.0040006 0.00268721 0.00124152 0.000116409 -0.00105929 -0.00258025 -0.00354488 -0.0023055 0.00179318 0.00800909 0.0157887 0.0252284 0.0349578 0.0411937 0.0407688 
0.0224696 0.0137397 0.00727198 0.00353944 0.000652084 -0.00260298 -0.00562315 -0.00739725 -0.00768326 -0.00682611 -0.00508022 -0.00237978 0.0010536 0.00416682 0.00566931 0.00510579 0.00317104 0.00108909 -0.000421466 -0.00168292 -0.00327144 -0.00466366 -0.00425598 -0.000942192 0.00496356 0.0125519 0.0209621 0.0284918 0.032207 0.029895 
0.00472412 -0.00442037 -0.011662 -0.0160662 -0.0182927 -0.0190723 -0.0184949 -0.0165107 -0.0133754 -0.00957148 -0.00546584 -0.00118547 0.0029619 0.0061337 0.00735854 0.00631439 0.0036987 0.000842522 -0.0013022 -0.0029236 -0.00476413 -0.00665235 -0.00710402 -0.00466185 0.000716132 0.00767718 0.0142382 0.0182835 0.0180837 0.0131331 
-0.0130724 -0.0214754 -0.0280811 -0.0319134 -0.0326314 -0.0305012 -0.0262593 -0.0208133 -0.0148977 -0.00902594 -0.00353739 0.00137287 0.00544106 0.00814928 0.00889699 0.00746364 0.00441709 0.000993483 -0.00176294 -0.003876 -0.00610663 -0.00851545 -0.00973528 -0.00807433 -0.00327329 0.00285584 0.00730889 0.00761789 0.00329459 -0.00425682 
-0.0265611 -0.0329108 -0.0375129 -0.0397476 -0.0386866 -0.0341859 -0.0273472 -0.0197523 -0.0124855 -0.00599973 -0.000453476 0.00407929 0.00749389 0.00956489 0.00996542 0.00851342 0.00557033 0.00211777 -0.000879858 -0.00333023 -0.00591443 -0.00880902 -0.010778 -0.0100519 -0.00625755 -0.00146119 0.000773625 -0.00209749 -0.00951334 -0.0185159 
-0.0335556 -0.0366791 -0.038289 -0.0383743 -0.0357851 -0.0300153 -0.022219 -0.014291 -0.00744314 -0.00192747 0.00243302 0.00584842 0.00842166 0.0100697 0.0105178 0.00951205 0.00720394 0.0042935 0.0015634 -0.000871841 -0.00360448 -0.00686406 -0.00959163 -0.0101251 -0.00803845 -0.00527821 -0.00528728 -0.010307 -0.0190582 -0.0277225 
-0.0344699 -0.0339464 -0.032354 -0.0303228 -0.0267257 -0.0207874 -0.0135275 -0.00684525 -0.00181754 0.00167071 0.00421536 0.00632836 0.00824556 0.0098457 0.0107129 0.010444 0.00903266 0.00697027 0.00484704 0.00271975 4.8389e-05 -0.00341033 -0.00679319 -0.00869836 -0.00871799 -0.00837197 -0.0104072 -0.0164623 -0.024894 -0.0317391 
-0.031886 -0.0284803 -0.0244844 -0.0209337 -0.0168309 -0.0113219 -0.00531793 -0.000566247 0.00219495 0.00356481 0.00452965 0.00575373 0.00742503 0.00926451 0.0106844 0.0111661 0.0106122 0.0093728 0.00787024 0.00607867 0.0035061 -4.13698e-05 -0.0038481 -0.00683709 -0.00871855 -0.0105297 -0.0140918 -0.0203178 -0.0274758 -0.0320035 
-0.0289849 -0.0244699 -0.0196607 -0.015539 -0.0112203 -0.00603304 -0.0010078 0.00220842 0.00326882 0.00327567 0.00350217 0.00455627 0.00640234 0.00858946 0.0104748 0.0115382 0.011634 0.0109787 0.0098438 0.00815946 0.00554336 0.0019315 -0.00203693 -0.00559754 -0.00866539 -0.0119399 -0.0164032 -0.0222859 -0.0279669 -0.030649 
-0.027919 -0.0242048 -0.0201339 -0.0162173 -0.0116743 -0.00627015 -0.00139984 0.00125652 0.00166262 0.00132772 0.00168118 0.0031427 0.00539925 0.00789907 0.0100772 0.0114976 0.011975 0.0115793 0.0104641 0.00860374 0.00581766 0.00221113 -0.0016488 -0.00529655 -0.00888501 -0.0129326 -0.0177848 -0.0231393 -0.02765 -0.0294758 
-0.029088 -0.0271973 -0.0244472 -0.0208132 -0.015773 -0.0096993 -0.00439716 -0.00157788 -0.0010569 -0.00109074 -0.000221652 0.00177894 0.00440582 0.00709448 0.00939348 0.01094 0.0115012 0.011038 0.00967189 0.0075263 0.00467854 0.00135718 -0.00204041 -0.00538766 -0.00906673 -0.0134805 -0.0185058 -0.0234777 -0.0274085 -0.0293651 
-0.0312437 -0.0309289 -0.0289644 -0.0250792 -0.0192529 -0.0124886 -0.00681997 -0.00381682 -0.00309768 -0.00285009 -0.00167343 0.000559207 0.0032916 0.00599017 0.0082495 0.00969865 0.0100588 0.00927694 0.00756533 0.00527008 0.0027063 0.000114524 -0.00241051 -0.00514209 -0.00867454 -0.0133099 -0.0185689 -0.0235218 -0.0274522 -0.030059 
-0.0323634 -0.0325749 -0.0304779 -0.0258971 -0.0193833 -0.012382 -0.00687115 -0.00410347 -0.00353424 -0.00341729 -0.00244161 -0.000465765 0.00202369 0.00452881 0.00660287 0.00778992 0.00777548 0.00658277 0.00460453 0.00241948 0.000497862 -0.00101885 -0.00240361 -0.00432928 -0.00758203 -0.0123955 -0.0180195 -0.02325 -0.0274013 -0.0304606 
-0.0310532 -0.0307619 -0.028021 -0.0229205 -0.0163749 -0.00988901 -0.00508689 -0.00284166 -0.00259588 -0.00285396 -0.00244124 -0.00110952 0.000830754 0.00295224 0.00474335 0.00563211 0.0052633 0.00375714 0.00169725 -0.000154061 -0.00127356 -0.00168501 -0.00198638 -0.00314622 -0.00609055 -0.0110307 -0.0170164 -0.0225233 -0.0266698 -0.0295007 
-0.0273777 -0.0260875 -0.0227268 -0.0177082 -0.0120394 -0.00686583 -0.0031467 -0.00134528 -0.00111885 -0.00150892 -0.00162628 -0.0010839 0.000109454 0.00171052 0.00319767 0.00388339 0.00333803 0.00173499 -0.000196694 -0.00158136 -0.00193867 -0.00149875 -0.00108931 -0.0017952 -0.00455843 -0.00955921 -0.0157017 -0.0211788 -0.0248855 -0.0268769 
-0.0223485 -0.0200027 -0.0161817 -0.0117304 -0.00766403 -0.00448522 -0.00217591 -0.000658055 5.48472e-05 8.23021e-05 -0.000215762 -0.000364611 3.80427e-05 0.00107603 0.00230143 0.00292147 0.0023955 0.000902441 -0.000723977 -0.00155111 -0.00123018 -0.000258892 0.000364501 -0.000380449 -0.00325205 -0.00828241 -0.0142536 -0.0192446 -0.0221293 -0.0230444 
-0.0170687 -0.0136874 -0.00939831 -0.00564368 -0.00352057 -0.00280126 -0.00229357 -0.00118442 0.000210493 0.00104672 0.000963944 0.000407478 0.000184705 0.000757795 0.00180351 0.00245359 0.00206548 0.000820917 -0.000355816 -0.000520234 0.000461382 0.00174593 0.00216877 0.000902288 -0.00241352 -0.00748349 -0.0129784 -0.0171008 -0.0189714 -0.0188554 
-0.0129764 -0.00849406 -0.00356508 -0.000307038 3.94556e-05 -0.00168016 -0.0032046 -0.00292562 -0.00122732 0.000306041 0.000643941 7.40784e-05 -0.000381031 -5.40378e-06 0.000995089 0.00174875 0.00158937 0.000736221 0.000178433 0.000797414 0.00243262 0.00386327 0.00379304 0.00168599 -0.00228208 -0.00740447 -0.0123263 -0.0155811 -0.0166311 -0.0157358 
-0.0123646 -0.00662036 -0.000701114 0.00265094 0.00205135 -0.00132013 -0.00458568 -0.0055364 -0.00430838 -0.00265834 -0.00195087 -0.00214824 -0.002339 -0.00180525 -0.000670945 0.00030042 0.000533081 0.000305685 0.000585275 0.00205468 0.0041933 0.00547927 0.00464137 0.00154604 -0.0031066 -0.00834929 -0.0130265 -0.0160886 -0.0171082 -0.0159679 
-0.0170268 -0.00966837 -0.00216741 0.00217669 0.00188733 -0.0017927 -0.00594448 -0.00815219 -0.00807293 -0.00698679 -0.00613765 -0.00576921 -0.00538008 -0.004471 -0.00309354 -0.00179525 -0.000986099 -0.000367904 0.000857782 0.00302407 0.0052495 0.00591303 0.00401994 -7.93684e-05 -0.00533725 -0.0108774 -0.0160277 -0.0200692 -0.0221999 -0.0214437 
-0.0255491 -0.0160068 -0.00636449 -0.000450852 0.000391911 -0.00248636 -0.00650616 -0.00951882 -0.010748 -0.0106243 -0.00993245 -0.00914467 -0.00827545 -0.00711032 -0.00560693 -0.00405629 -0.00271757 -0.00136538 0.000507104 0.00284056 0.00452891 0.00411481 0.00106251 -0.00384761 -0.00948285 -0.0153863 -0.0215478 -0.0274035 -0.0313239 -0.0311185 
-0.0327036 -0.0205806 -0.00886785 -0.00186201 -0.000296659 -0.00226044 -0.00554152 -0.00868027 -0.0108332 -0.0116702 -0.0114275 -0.0106678 -0.0097923 -0.00879663 -0.0075444 -0.0061227 -0.00471383 -0.00322963 -0.00144579 0.000340672 0.0010593 -0.000409248 -0.00421343 -0.00937831 -0.014866 -0.0206944 -0.0275152 -0.034871 -0.0401991 -0.0400185 
-0.0327801 -0.0186026 -0.0058957 0.000727052 0.00157828 -0.000352094 -0.00298136 -0.00573668 -0.00819017 -0.00970408 -0.0101285 -0.00995287 -0.00968914 -0.00939946 -0.00888695 -0.00812748 -0.00728205 -0.00638514 -0.00535971 -0.00446093 -0.00445792 -0.00614698 -0.00962382 -0.014049 -0.0184731 -0.0231438 -0.0292924 -0.0368079 -0.0425239 -0.0418446 
-0.024461 -0.0100581 0.00191425 0.00674039 0.00570459 0.00287653 0.00043422 -0.00179249 -0.00404168 -0.00586838 -0.00705253 -0.00793093 -0.00884194 -0.00972763 -0.0103212 -0.0105343 -0.0105225 -0.0104216 -0.0102 -0.00985085 -0.00965583 -0.0101859 -0.011856 -0.0142622 -0.0164778 -0.0186961 -0.0226777 -0.029047 -0.0345822 -0.0338788 
-0.0129313 -0.000577534 0.00942981 0.0124537 0.00998144 0.00637127 0.00385181 0.00196596 5.63641e-05 -0.00182384 -0.00370339 -0.00585721 -0.00828842 -0.0106102 -0.0123771 -0.0134131 -0.0138897 -0.0141134 -0.0141619 -0.0137232 -0.0124726 -0.0107398 -0.00943445 -0.00883658 -0.00815885 -0.00744374 -0.00885539 -0.0138828 -0.0196722 -0.0203955 
-0.00667851 0.00277145 0.0113722 0.0145476 0.0128521 0.00972641 0.00720606 0.00518316 0.0032809 0.00137447 -0.0010122 -0.00432795 -0.00825808 -0.011933 -0.014598 -0.0159687 -0.0162939 -0.0161707 -0.0159437 -0.0150946 -0.0126397 -0.00852159 -0.00411654 -0.000635013 0.00222319 0.00455296 0.00424703 -0.000592702 -0.00755757 -0.0108284 
-0.0106262 -0.0023763 0.00737921 0.0138069 0.0155738 0.0142904 0.011682 0.00865856 0.00594839 0.00368174 0.000892379 -0.00328305 -0.00834669 -0.0129302 -0.0159682 -0.0171643 -0.0169387 -0.0161979 -0.015578 -0.0144606 -0.0112826 -0.00553494 0.000996839 0.0059621 0.00882977 0.00991809 0.00795292 0.0015306 -0.00710705 -0.0124932 
-0.021377 -0.0110975 0.00303698 0.015382 0.0221938 0.0229767 0.0193651 0.0139082 0.00909023 0.00567413 0.00225625 -0.00257977 -0.0083192 -0.0132342 -0.016126 -0.0169071 -0.0162588 -0.0152165 -0.0144408 -0.0132 -0.0096209 -0.00298909 0.00444637 0.00919606 0.00988047 0.00723905 0.00142939 -0.00773345 -0.0177802 -0.0236429 
-0.0297216 -0.0150345 0.00545028 0.0246778 0.0362797 0.0378421 0.0314064 0.0217131 0.0133547 0.00785895 0.00340024 -0.00207096 -0.00820734 -0.0131385 -0.0157263 -0.0162603 -0.0157056 -0.0149277 -0.0141496 -0.0123999 -0.00792382 -0.000358321 0.00747457 0.0113284 0.00938207 0.00287572 -0.00673141 -0.0184371 -0.0293338 -0.0344203 
-0.0282872 -0.00940489 0.0167528 0.0415158 0.0560253 0.056346 0.0454071 0.0304163 0.017994 0.0102147 0.00470607 -0.00131543 -0.00783961 -0.0129638 -0.0155683 -0.016245 -0.0161934 -0.0159186 -0.014858 -0.0116967 -0.00524054 0.00393873 0.0124623 0.0160272 0.0129584 0.00477007 -0.00659549 -0.0196082 -0.0309694 -0.0353221 
-0.0165338 0.00353085 0.0316238 0.0582752 0.0729788 0.0707562 0.0554171 0.0361907 0.0210567 0.0121441 0.0063655 0.00013529 -0.0069187 -0.012704 -0.0157644 -0.0167275 -0.0170178 -0.016862 -0.0148977 -0.0094876 -0.000262599 0.0109795 0.0204987 0.0246275 0.022288 0.014917 0.00413372 -0.00860353 -0.0198609 -0.0240651 
0.000438661 0.0169807 0.0413772 0.065221 0.0778416 0.0735918 0.056384 0.0361245 0.0210343 0.0128911 0.00799525 0.00207619 -0.00553827 -0.0122696 -0.0158825 -0.0167909 -0.0167368 -0.0159583 -0.0125462 -0.00463816 0.00732325 0.020385 0.0306376 0.035361 0.0342801 0.0287074 0.0198368 0.0089489 -0.000926261 -0.00511199 
0.0157755 0.024329 0.0401827 0.0579368 0.068039 0.0641579 0.0489755 0.0312949 0.0185341 0.0122476 0.00880415 0.0036443 -0.0042127 -0.0116987 -0.0156149 -0.0159993 -0.014959 -0.013004 -0.00798371 0.0021225 0.0163128 0.0307474 0.0413026 0.0459532 0.0451959 0.0406508 0.0337493 0.0258384 0.018736 0.0146162 
0.024398 0.022683 0.0282008 0.0395923 0.0488961 0.048675 0.0390034 0.0260649 0.0159672 0.0108065 0.00822189 0.00397317 -0.00349033 -0.0111755 -0.0151681 -0.0149952 -0.0129349 -0.00981012 -0.00344022 0.00835264 0.0243831 0.0402466 0.0513228 0.0555444 0.0538353 0.0486903 0.0427321 0.037739 0.0337034 0.0292435 
0.0262911 0.0149568 0.0112099 0.0177927 0.0284191 0.0342538 0.0318838 0.0239959 0.015336 0.00940331 0.00625697 0.00262746 -0.00386762 -0.0111324 -0.0151261 -0.0148282 -0.0123278 -0.00858332 -0.00148559 0.0113163 0.0288489 0.0465411 0.059046 0.0633986 0.0602957 0.0533002 0.0468945 0.0437122 0.0420243 0.0369445 
0.0276464 0.00904209 -0.00226859 0.00018117 0.0121776 0.0239641 0.0286545 0.0251799 0.0168022 0.0085736 0.0034126 -0.00039583 -0.00584717 -0.0121965 -0.0159581 -0.0158275 -0.0134987 -0.00985166 -0.00289018 0.00987708 0.0280074 0.0472621 0.0617202 0.0671456 0.0634859 0.0550861 0.0482182 0.0464982 0.0470172 0.0421409 
0.0363282 0.0123149 -0.00604327 -0.00903457 0.0018725 0.0171758 0.0273505 0.0277137 0.0195558 0.00871629 0.000600776 -0.00449301 -0.00940013 -0.01455 -0.0175309 -0.017293 -0.0152624 -0.0121507 -0.00609597 0.00542919 0.0225986 0.0418985 0.0574057 0.0641693 0.0616294 0.0545052 0.0499112 0.0516738 0.055793 0.0526376 
0.0542996 0.0251845 -0.000709264 -0.0109154 -0.00383781 0.0122806 0.026291 0.0302954 0.0231304 0.0103516 -0.000945628 -0.00825039 -0.013366 -0.0173648 -0.0191214 -0.0183233 -0.0163914 -0.0138735 -0.0090066 0.00063378 0.0155621 0.0329436 0.0474701 0.0547237 0.0546991 0.0523516 0.0542529 0.0628818 0.0725009 0.0719087 
0.0756702 0.0411018 0.00758837 -0.0100314 -0.00745596 0.0084049 0.0253405 0.0328931 0.0275375 0.0138379 -0.000271468 -0.0102021 -0.0161677 -0.0194042 -0.020058 -0.0187255 -0.0169018 -0.0149046 -0.0109377 -0.00277935 0.00988151 0.0243134 0.0359837 0.0421092 0.0444924 0.048626 0.059618 0.0772651 0.0933179 0.0951333 
0.0937225 0.0545491 0.0147371 -0.00868818 -0.0093176 0.00666629 0.0260449 0.0365877 0.0330934 0.0189992 0.0024551 -0.0101741 -0.0173422 -0.0202637 -0.0203317 -0.0189658 -0.0175522 -0.0160123 -0.0123749 -0.0046616 0.00674769 0.0184671 0.0263141 0.0294077 0.0321266 0.0412419 0.0606593 0.0872712 0.109978 0.114535 
0.110141 0.0696097 0.0258733 -0.00177684 -0.00483744 0.0109775 0.0314637 0.0432434 0.0402138 0.0250008 0.00580055 -0.00953967 -0.0179284 -0.020701 -0.0205169 -0.0194493 -0.018557 -0.0172885 -0.0135225 -0.0055414 0.00547951 0.015136 0.0189669 0.0173596 0.0172115 0.0275275 0.0525353 0.0873341 0.118172 0.128603 
0.137796 0.1012 0.0552028 0.022021 0.0135553 0.025603 0.0435895 0.0533469 0.0481985 0.0302938 0.00794007 -0.00993203 -0.0192462 -0.0216983 -0.0210992 -0.0200405 -0.0192874 -0.0179972 -0.0141016 -0.00611522 0.00436456 0.0122528 0.0124547 0.00547889 -0.000143509 0.00754082 0.0353217 0.07876 0.122288 0.146119 
0.193836 0.166625 0.116869 0.071521 0.0490318 0.0493735 0.059028 0.0631614 0.0540333 0.0329367 0.00790967 -0.0117144 -0.0214493 -0.0232837 -0.0217919 -0.0200632 -0.0189289 -0.0176079 -0.0142602 -0.0074654 0.0014432 0.00752482 0.00509944 -0.00632075 -0.017874 -0.0145815 0.0148574 0.0692301 0.132837 0.181306 
0.284414 0.269154 0.209967 0.141483 0.0931347 0.0724394 0.0684635 0.0654762 0.0534419 0.0314585 0.00612691 -0.0137059 -0.0233129 -0.0243632 -0.0215995 -0.0187065 -0.0170696 -0.0162604 -0.0146458 -0.01055 -0.00434031 -9.33905e-06 -0.00357863 -0.0171575 -0.0325928 -0.0324637 -0.000313702 0.0679022 0.158467 0.241866 
0.388526 0.382632 0.307897 0.20843 0.127253 0.0812321 0.0626641 0.054596 0.0436995 0.0254909 0.0036782 -0.0142939 -0.0232783 -0.0236841 -0.0197284 -0.015715 -0.0138963 -0.0142901 -0.015304 -0.0147154 -0.0115526 -0.00849896 -0.01168 -0.024766 -0.0406765 -0.0405524 -0.00386202 0.0786599 0.196459 0.315673 
