0.427722 0.394436 0.292281 0.18287 0.106722 0.065463 0.0415902 0.0197418 -0.00416521 -0.0234141 -0.0295432 -0.0227583 -0.0122746 -0.00693103 -0.00799853 -0.0111578 -0.012616 -0.0119107 -0.0102089 -0.00753122 -0.00267092 0.00365841 0.00711775 0.00401482 -0.00171283 0.00355482 0.0386741 0.119047 0.240887 0.364721 
0.375993 0.346272 0.25092 0.147575 0.0763731 0.0407674 0.0246605 0.0120372 -0.00366879 -0.0179218 -0.0222196 -0.0149646 -0.00396689 0.00172629 2.41041e-05 -0.00471589 -0.00784137 -0.00817612 -0.00684939 -0.00436878 0.000137642 0.0063685 0.0106135 0.00868215 0.00256917 0.00385227 0.0304609 0.0981035 0.205205 0.317173 
0.284844 0.265967 0.192187 0.108905 0.0504159 0.0222192 0.012591 0.00731844 -0.00166305 -0.0121238 -0.0160618 -0.0102102 -0.000247645 0.00553408 0.00425692 -0.000699808 -0.00478475 -0.00620457 -0.0054965 -0.0030448 0.00192399 0.00916869 0.014824 0.0136629 0.00587603 0.00107785 0.0152809 0.0628942 0.144458 0.233939 
0.198552 0.194084 0.146289 0.0854982 0.0386387 0.014195 0.00667791 0.00497648 7.7951e-05 -0.008213 -0.0129979 -0.00979234 -0.00189826 0.00382888 0.00397008 0.000347894 -0.00340108 -0.00522643 -0.00493414 -0.0024613 0.00303866 0.0111834 0.0175972 0.0161961 0.00636198 -0.0033819 0.000635416 0.0301321 0.0869175 0.154158 
0.139608 0.14619 0.118847 0.0750043 0.035212 0.0110825 0.003163 0.00323069 0.0012932 -0.00538751 -0.0113768 -0.0112529 -0.00589506 -0.000401447 0.00160487 0.000380207 -0.0017849 -0.00311077 -0.00294426 -0.000725999 0.0045752 0.0124255 0.018126 0.0155256 0.00437971 -0.00703083 -0.00740217 0.0113878 0.0507747 0.100863 
0.103389 0.113422 0.0975312 0.0646458 0.0300941 0.00687272 -0.000480462 0.00188755 0.0031312 -0.0018016 -0.00887165 -0.0117159 -0.0088841 -0.00379956 -0.000102185 0.00120526 0.00105955 0.000616896 0.000676454 0.00224954 0.00663251 0.0132584 0.017474 0.0136769 0.00248068 -0.00778972 -0.00787561 0.00670222 0.0354992 0.0723233 
0.0766502 0.0837074 0.073007 0.0488419 0.0214421 0.00221607 -0.0027687 0.00222041 0.00641416 0.00312575 -0.00482081 -0.010255 -0.00972251 -0.005267 -0.000521428 0.00257426 0.00389122 0.00403092 0.0038834 0.00484843 0.00848475 0.0143153 0.0178753 0.0139782 0.00369181 -0.00470755 -0.0033241 0.00949643 0.0308974 0.0559543 
0.0544184 0.0567297 0.049504 0.034417 0.0162586 0.00252809 -0.00063147 0.00513967 0.0107376 0.00868072 0.000346807 -0.00704312 -0.0086291 -0.00524747 -0.00041319 0.00326002 0.00495243 0.00508084 0.00480152 0.00580727 0.00976524 0.0162727 0.0209068 0.0182995 0.00926663 0.00192619 0.00359105 0.0143188 0.029382 0.0440876 
0.0408779 0.0407041 0.0371925 0.0304069 0.0204289 0.0104011 0.00607963 0.0092842 0.0141757 0.0132765 0.00580718 -0.00236382 -0.0057809 -0.00399161 -2.70108e-05 0.00310154 0.00419674 0.00387632 0.00376423 0.00567857 0.0110422 0.0193087 0.025985 0.0252555 0.0173125 0.0100023 0.0105683 0.0187069 0.0290495 0.0370251 
0.0393725 0.0396929 0.0388122 0.0365518 0.0307669 0.0214066 0.0133623 0.0115871 0.0143454 0.0150119 0.0101507 0.00287354 -0.00165614 -0.00158767 0.00100934 0.00304522 0.00315589 0.00236061 0.00279629 0.00614468 0.0131177 0.0227662 0.0307969 0.0314122 0.024201 0.0163857 0.0152554 0.0212488 0.0297397 0.0363266 
0.0446539 0.0465846 0.0457654 0.0433452 0.0379562 0.0280887 0.0168716 0.0105148 0.0109281 0.0132659 0.0119953 0.00695698 0.00227009 0.00100424 0.00235729 0.00347374 0.00291399 0.00200855 0.00322245 0.00786344 0.0156752 0.0252885 0.0331855 0.0343713 0.0278668 0.0195825 0.0166095 0.0209205 0.0296942 0.0386965 
0.0457977 0.0487357 0.0464366 0.0417984 0.0357554 0.0267426 0.0155418 0.00728654 0.00599257 0.00924896 0.0109709 0.00839041 0.00418579 0.00213633 0.00268563 0.00343888 0.00286871 0.00228214 0.00414251 0.0093534 0.0168953 0.0252491 0.0321076 0.0337835 0.0286601 0.02055 0.015693 0.0176793 0.0260307 0.037089 
0.0373127 0.0405341 0.0375133 0.0317582 0.0259586 0.0192833 0.0107408 0.00320483 0.00105563 0.00420156 0.00748827 0.0067922 0.00335134 0.00101412 0.00114529 0.00192057 0.00174257 0.00157661 0.0036017 0.00849335 0.0149626 0.0216205 0.027366 0.029959 0.0273229 0.0207468 0.0145862 0.0131938 0.0184633 0.0283123 
0.025237 0.0286686 0.0263418 0.0208467 0.0153098 0.0100822 0.00395836 -0.00201768 -0.00431499 -0.0016672 0.00225498 0.00305242 0.000749184 -0.00133225 -0.00139606 -0.000652529 -0.00058398 -0.000627932 0.000995393 0.00493564 0.0100434 0.0151231 0.0199075 0.0235626 0.0241806 0.0208301 0.0150957 0.0107196 0.0114806 0.0177359 
0.0193833 0.0233176 0.0219991 0.0163714 0.0093662 0.00287731 -0.00304091 -0.00805532 -0.0100265 -0.00759264 -0.00321923 -0.000937638 -0.00162828 -0.00291996 -0.00305986 -0.0026372 -0.00274372 -0.00306836 -0.00221543 0.000536257 0.00436102 0.00818457 0.0120947 0.0164421 0.0201951 0.0211452 0.0180038 0.0128006 0.0102923 0.0132975 
0.021418 0.0262099 0.0256531 0.0191113 0.00941739 3.98554e-05 -0.00724547 -0.0120434 -0.0135893 -0.0112487 -0.00673453 -0.00332841 -0.00240414 -0.00267163 -0.00276896 -0.00278956 -0.00331898 -0.00414026 -0.00417236 -0.00261038 0.000102734 0.00301701 0.0062386 0.0108529 0.0169383 0.0219901 0.0225125 0.0184579 0.0146648 0.0158652 
0.0240573 0.0300341 0.0307939 0.024374 0.0134501 0.00238096 -0.00594227 -0.0108472 -0.0124558 -0.0108812 -0.00726185 -0.0038471 -0.00200255 -0.00135477 -0.00117528 -0.00141383 -0.00231995 -0.0036964 -0.00465554 -0.00429269 -0.00262649 -0.000332005 0.00263395 0.00753212 0.0151018 0.0229563 0.0263249 0.0234754 0.0189038 0.0187382 
0.0215606 0.0287635 0.0318966 0.0278958 0.0187729 0.00862327 0.000435369 -0.00486263 -0.007501 -0.0077741 -0.00620697 -0.00393181 -0.00193382 -0.000497643 0.000296763 0.00020017 -0.000988742 -0.0030372 -0.00507672 -0.00604068 -0.00547143 -0.00356013 -0.000216462 0.00550502 0.0141296 0.0231997 0.0275601 0.024712 0.0188086 0.0168701 
0.0175411 0.0251601 0.0304624 0.0297035 0.0238072 0.0157342 0.00788185 0.00148942 -0.00302825 -0.00555042 -0.00608864 -0.00498137 -0.00284754 -0.000480851 0.00118752 0.00138277 -0.000175049 -0.00312495 -0.00646597 -0.00890625 -0.0094772 -0.00774692 -0.00344064 0.00377709 0.0134616 0.0228033 0.0270986 0.0240645 0.0173741 0.0139668 
0.020326 0.0263855 0.0314909 0.0319926 0.027744 0.0203413 0.0115457 0.00317571 -0.00325431 -0.0070547 -0.00819086 -0.00691877 -0.00386596 -0.000283213 0.00224303 0.00256702 0.000444725 -0.00355096 -0.00825431 -0.0121603 -0.0138247 -0.0122077 -0.00681316 0.00205338 0.0128202 0.0224645 0.0274699 0.0263126 0.0214849 0.018249 
0.0325126 0.0346727 0.0362857 0.034782 0.0293031 0.0202543 0.00908803 -0.00149259 -0.00885161 -0.0120619 -0.0116866 -0.00862048 -0.00388977 0.000919533 0.0039762 0.00414221 0.00139266 -0.00350125 -0.00931738 -0.0144509 -0.0171122 -0.0158215 -0.0099453 -0.000228224 0.0111263 0.021461 0.0288926 0.0326268 0.0330474 0.0321402 
0.0475038 0.0444872 0.0403991 0.0346844 0.026365 0.0148933 0.00153668 -0.0101997 -0.0169323 -0.01795 -0.0147957 -0.00930026 -0.00295095 0.00260952 0.00573065 0.00557187 0.00237558 -0.00300879 -0.00946567 -0.0154461 -0.0190054 -0.0184725 -0.0132176 -0.00412134 0.00673327 0.0176314 0.0282875 0.0383349 0.045742 0.0485919 
0.055542 0.0475847 0.0375429 0.0274924 0.0170227 0.00477456 -0.00854894 -0.0192859 -0.0238881 -0.0220837 -0.016286 -0.0090256 -0.00194793 0.00359831 0.00639167 0.00591777 0.00255755 -0.00290198 -0.00953902 -0.0159585 -0.0202508 -0.0208011 -0.0170945 -0.00986477 -0.000526248 0.0102606 0.0232299 0.0381485 0.0512925 0.0576424 
0.0514486 0.0396653 0.025047 0.0122413 0.0018318 -0.0082628 -0.0184654 -0.0258477 -0.0273035 -0.0229705 -0.0156422 -0.00798178 -0.00134851 0.00346388 0.00569223 0.00497825 0.00163209 -0.00370695 -0.0102681 -0.016795 -0.0215385 -0.0231122 -0.0211361 -0.0160074 -0.00833943 0.00183274 0.015321 0.0317391 0.0469476 0.0546422 
0.0368419 0.022835 0.00617931 -0.00688113 -0.0149092 -0.0204869 -0.0253267 -0.0278814 -0.026007 -0.0201197 -0.0127518 -0.00605546 -0.000770537 0.00289664 0.00449791 0.00361897 0.000328277 -0.00491127 -0.0113751 -0.0178482 -0.0227496 -0.0249408 -0.0241106 -0.0203008 -0.0135921 -0.00406038 0.00833353 0.022775 0.0357781 0.0417269 
0.0171723 0.0031573 -0.0122824 -0.0229383 -0.0271551 -0.027612 -0.0268391 -0.0247442 -0.0204044 -0.0143659 -0.00834489 -0.00350303 0.000115895 0.00267312 0.00379491 0.00287411 -0.000323936 -0.00551689 -0.0119633 -0.0183923 -0.0232919 -0.0256436 -0.0251038 -0.0215151 -0.0149166 -0.00597946 0.00419481 0.0142877 0.0220284 0.0238993 
-0.00195973 -0.0134914 -0.0247568 -0.0311124 -0.0313828 -0.0279252 -0.0232779 -0.0182863 -0.0130558 -0.00811504 -0.00416961 -0.0013081 0.000951062 0.00282243 0.00379537 0.00304379 7.0652e-05 -0.005015 -0.0114614 -0.0179061 -0.0228002 -0.0250915 -0.0243268 -0.0203257 -0.0134887 -0.00535029 0.00194431 0.00678416 0.00831175 0.0056699 
-0.0168793 -0.0242457 -0.0300401 -0.0318433 -0.0292058 -0.023886 -0.0178332 -0.0121176 -0.00733541 -0.00389365 -0.0017464 -0.000255495 0.00130873 0.00303109 0.00420094 0.00382276 0.00121579 -0.00365112 -0.0100292 -0.0164826 -0.0214138 -0.0237048 -0.0227892 -0.0185211 -0.0117346 -0.00475418 -0.000441979 -0.000378495 -0.00405037 -0.00989378 
-0.0261754 -0.0293553 -0.0306174 -0.0293293 -0.025378 -0.0198017 -0.0139041 -0.00863673 -0.00464851 -0.00220071 -0.000929099 5.58734e-05 0.00151645 0.00341703 0.00492201 0.00493397 0.00265759 -0.00200402 -0.00826102 -0.0146287 -0.0195527 -0.0219759 -0.0213284 -0.0174914 -0.0115116 -0.00607953 -0.00429618 -0.00747841 -0.0140946 -0.0210261 
-0.0300722 -0.0304781 -0.0295454 -0.027349 -0.0234322 -0.0181075 -0.0123974 -0.00735203 -0.00365594 -0.00146195 -0.000304789 0.000723782 0.00234173 0.0044569 0.00618917 0.00638807 0.00420945 -0.000406592 -0.00654757 -0.0126897 -0.0174385 -0.0199859 -0.0199529 -0.0173147 -0.0130576 -0.00959351 -0.00961572 -0.014054 -0.0210265 -0.0270822 
-0.0300073 -0.0294493 -0.0285276 -0.0270424 -0.0237773 -0.0184478 -0.0121981 -0.00657866 -0.00254933 -0.00021393 0.00104345 0.00221456 0.00400332 0.00625937 0.00804822 0.00818861 0.00586638 0.0011546 -0.00486303 -0.0106424 -0.0150171 -0.0175388 -0.0181827 -0.0171603 -0.0152743 -0.0141158 -0.0153423 -0.0193991 -0.024753 -0.0287592 
-0.0282366 -0.0279466 -0.028097 -0.0277919 -0.0251546 -0.0195699 -0.012443 -0.005894 -0.001263 0.0013112 0.00262493 0.00386084 0.0057789 0.00815146 0.00993629 0.00992022 0.0073845 0.00259358 -0.00320889 -0.00850818 -0.0123854 -0.0147419 -0.0159336 -0.0164894 -0.0170566 -0.0182378 -0.0203658 -0.0233235 -0.0262922 -0.028046 
-0.0268216 -0.0271525 -0.0283073 -0.0287882 -0.0264885 -0.0207915 -0.0132424 -0.00616103 -0.00107032 0.00177229 0.00318051 0.00447291 0.00651578 0.00905253 0.0109282 0.0108764 0.00827627 0.00358914 -0.00181805 -0.00652059 -0.00986029 -0.0120294 -0.0136754 -0.01558 -0.0182615 -0.0214768 -0.0243799 -0.0263285 -0.0271953 -0.0271547 
-0.0267345 -0.0274547 -0.0289684 -0.0294769 -0.0271061 -0.0215657 -0.0144001 -0.00763887 -0.00260378 0.000364933 0.00190768 0.00330974 0.00552188 0.0083301 0.0105139 0.0107251 0.0083779 0.00408176 -0.000707461 -0.00468793 -0.00747603 -0.0095262 -0.0116829 -0.0148231 -0.019255 -0.0240799 -0.0276494 -0.0289894 -0.0284819 -0.0273134 
-0.0277449 -0.0284439 -0.0295615 -0.029289 -0.0263113 -0.0209314 -0.0147042 -0.00910332 -0.00490983 -0.00233529 -0.000890367 0.000578241 0.00301449 0.00623689 0.00898932 0.00982857 0.00812674 0.00455355 0.00060643 -0.00253222 -0.00473723 -0.00672379 -0.00949225 -0.013874 -0.0198367 -0.0259402 -0.0300935 -0.0312378 -0.0301028 -0.0284342 
-0.0287803 -0.0291474 -0.0293745 -0.0278238 -0.0238285 -0.0183686 -0.0131321 -0.00911236 -0.00646728 -0.00503673 -0.00422959 -0.00293124 -0.000279413 0.0034713 0.00699268 0.00875046 0.00803994 0.00549944 0.00259524 0.000404449 -0.00115222 -0.00303534 -0.00638891 -0.0119237 -0.0192027 -0.0263397 -0.0310487 -0.0323502 -0.0311861 -0.029499 
-0.0284536 -0.028483 -0.0279207 -0.0252875 -0.0203703 -0.0146809 -0.0101464 -0.00757203 -0.00669681 -0.00691629 -0.00726892 -0.00646412 -0.00370617 0.000568498 0.004885 0.00763456 0.00806276 0.00673154 0.00500661 0.00385988 0.00305663 0.00141392 -0.00233833 -0.00874136 -0.0169519 -0.0247677 -0.0298942 -0.0315044 -0.0306204 -0.0291478 
-0.0256751 -0.0257278 -0.0250622 -0.0221809 -0.0169943 -0.0112969 -0.00725273 -0.00570816 -0.00626562 -0.00802082 -0.00960824 -0.00945143 -0.00675509 -0.00214627 0.00273977 0.00626721 0.00770084 0.00753876 0.00701455 0.00698212 0.0070541 0.00581528 0.0018921 -0.00499911 -0.0135681 -0.0214225 -0.0264709 -0.0281462 -0.0274838 -0.026238 
-0.0202018 -0.0207636 -0.0207344 -0.0184969 -0.013893 -0.00879214 -0.0054381 -0.00467855 -0.00609396 -0.00871982 -0.0110477 -0.011364 -0.00886124 -0.00424987 0.000796509 0.00471401 0.00684117 0.00762272 0.00815869 0.00918991 0.0101704 0.00943131 0.00551233 -0.0015136 -0.00981886 -0.0168834 -0.021027 -0.022157 -0.0214219 -0.0203979 
-0.0127728 -0.0139623 -0.0146722 -0.0133995 -0.0100101 -0.00629152 -0.00425308 -0.00445006 -0.00634233 -0.0090927 -0.0114289 -0.0118238 -0.00953996 -0.00522686 -0.000386681 0.00360046 0.00612709 0.00753224 0.0087891 0.0105875 0.0123014 0.0120699 0.00835753 0.0015675 -0.00595332 -0.0115682 -0.0140866 -0.0140925 -0.0130609 -0.0123819 
-0.00459254 -0.00576753 -0.0064219 -0.00573064 -0.0038635 -0.00232711 -0.00246737 -0.00416657 -0.00658051 -0.00907845 -0.0109126 -0.0110446 -0.00892069 -0.00502212 -0.000513139 0.0034456 0.00619682 0.00788515 0.00938406 0.0114542 0.0135746 0.0138706 0.0107298 0.00464611 -0.00176126 -0.00575735 -0.00652634 -0.00532682 -0.00404662 -0.00380171 
0.00336128 0.00339994 0.00398921 0.00472068 0.00490449 0.00357999 0.000470228 -0.00336597 -0.00664593 -0.00892762 -0.0101235 -0.00987787 -0.00788729 -0.00438457 -0.000136148 0.0038489 0.00673923 0.00843354 0.00975419 0.0116486 0.0138955 0.0148065 0.0126527 0.00766307 0.00239208 -0.000324647 0.000193764 0.00223595 0.00365725 0.00376052 
0.0102165 0.0123439 0.0148577 0.0159876 0.0145208 0.0102 0.00393086 -0.0022913 -0.00669297 -0.00890506 -0.00951335 -0.00896481 -0.00722454 -0.00419301 -0.000216646 0.00378488 0.00675705 0.00834466 0.00931164 0.0108055 0.0130106 0.0145577 0.0135466 0.00967157 0.00522765 0.0032382 0.00449019 0.00706286 0.00876074 0.00934013 
0.0143627 0.0184637 0.0227902 0.024564 0.0221346 0.0157403 0.00711782 -0.00106173 -0.00649287 -0.00865427 -0.00870718 -0.00796943 -0.0067128 -0.00445428 -0.0010499 0.00275108 0.005749 0.00731413 0.00800726 0.0090477 0.0110447 0.01305 0.013008 0.00997796 0.00593802 0.00418988 0.00577807 0.00869491 0.0107588 0.0120725 
0.0138555 0.0193356 0.0253101 0.0284 0.0264558 0.0196809 0.0100732 0.000726259 -0.005423 -0.00745677 -0.00694919 -0.0060804 -0.00550691 -0.00440086 -0.0020319 0.00122949 0.00420261 0.00593534 0.00654792 0.00712451 0.00868496 0.0108358 0.0114989 0.00910266 0.00519268 0.00326557 0.00466233 0.00737293 0.00926974 0.0107717 
0.00858181 0.0155198 0.0236959 0.0291204 0.0289219 0.0228965 0.0131149 0.00314369 -0.00339517 -0.00518747 -0.00414453 -0.00319864 -0.0034029 -0.00366553 -0.00263693 -0.000146826 0.00277718 0.00482599 0.00549774 0.00557391 0.006458 0.00844293 0.00963688 0.00790214 0.00410722 0.00160766 0.00197743 0.00342639 0.00414536 0.00507377 
0.00087353 0.0102171 0.0215638 0.0298771 0.031378 0.0256631 0.0154152 0.00503777 -0.00138733 -0.00262708 -0.00107435 -0.000202319 -0.0012738 -0.00292861 -0.00325375 -0.00155574 0.00130361 0.00366932 0.0044111 0.00396963 0.00406466 0.00568463 0.00731252 0.00640639 0.00293949 -0.000344123 -0.00178084 -0.00257167 -0.00373798 -0.00354162 
-0.00713963 0.00520405 0.0200856 0.0309977 0.0331853 0.0265497 0.0152071 0.00478442 -0.000644858 -0.000699336 0.00144778 0.00202726 -8.75617e-05 -0.00313856 -0.00473344 -0.00380243 -0.00111214 0.00141385 0.00219382 0.00140609 0.000920937 0.00220269 0.00417556 0.00418035 0.00132826 -0.00259134 -0.00603242 -0.00937319 -0.01254 -0.0129069 
-0.015261 -0.000906449 0.0167846 0.0298425 0.0323842 0.024581 0.0121844 0.00221419 -0.00146541 0.000245917 0.00316976 0.00335765 6.36136e-05 -0.00443217 -0.00731761 -0.00726901 -0.00498453 -0.00250514 -0.00161553 -0.00231888 -0.00285955 -0.00167293 0.000565633 0.00144508 -0.000459273 -0.00439397 -0.00923674 -0.01476 -0.0199511 -0.0214263 
-0.0231581 -0.00918337 0.00998939 0.0253548 0.0294625 0.0217704 0.0088864 -0.000781164 -0.00304587 0.000313809 0.00413712 0.0041429 -0.000158635 -0.00602529 -0.0102527 -0.0112568 -0.00959272 -0.00726313 -0.00609502 -0.00627238 -0.00638898 -0.00505672 -0.00254841 -0.000665566 -0.000965518 -0.00370955 -0.00865425 -0.0156135 -0.0231461 -0.0272854 
-0.0287815 -0.0176752 0.00176481 0.0199592 0.0273337 0.0213631 0.00836287 -0.0019798 -0.00422385 -5.00441e-05 0.00466394 0.00496886 0.000163855 -0.00680308 -0.012312 -0.0143783 -0.0133196 -0.0110718 -0.00949592 -0.00897347 -0.00852589 -0.00702085 -0.00423744 -0.00104056 0.00122565 0.00127183 -0.00208973 -0.00952229 -0.019728 -0.0282468 
-0.0300908 -0.0234165 -0.00477956 0.0159298 0.0269533 0.0234173 0.0106705 -0.000801758 -0.00401971 0.00018104 0.00564863 0.00662552 0.0017708 -0.00603117 -0.0126794 -0.0156217 -0.0149407 -0.0126299 -0.0106144 -0.00937193 -0.00832177 -0.00672165 -0.00390953 0.000470587 0.00576562 0.00985016 0.00968215 0.00296403 -0.00970236 -0.023411 
-0.0259457 -0.0243245 -0.00808738 0.0129322 0.025877 0.0245843 0.0133204 0.00208548 -0.00165852 0.00217944 0.00787289 0.00930518 0.00447116 -0.00399728 -0.0115906 -0.0152 -0.0147677 -0.0124267 -0.0100305 -0.00788912 -0.00582664 -0.00393225 -0.00154304 0.00307358 0.0107303 0.019181 0.0234835 0.0189919 0.00499778 -0.0132602 
-0.0152543 -0.0188152 -0.00729654 0.0104316 0.0225037 0.0231645 0.0154132 0.0068264 0.00351676 0.00629794 0.0109089 0.0118878 0.00689094 -0.00195979 -0.0101825 -0.0144088 -0.0144984 -0.012542 -0.0099622 -0.00659982 -0.00277645 7.27822e-06 0.00177233 0.00558607 0.0144951 0.0271063 0.036882 0.0363354 0.0229146 0.00200938 
0.00103472 -0.00746418 -0.00238353 0.00949154 0.0190419 0.0218395 0.019098 0.0144923 0.0115562 0.0118262 0.0135163 0.0128503 0.00751506 -0.00123734 -0.00963613 -0.0145048 -0.0155899 -0.0145874 -0.0121335 -0.00744473 -0.00140973 0.00280721 0.00425047 0.00712728 0.0168736 0.0334175 0.049061 0.0535857 0.0424929 0.0210882 
0.0174693 0.00494797 0.00423897 0.0109267 0.0186453 0.0238865 0.0258306 0.0244114 0.0207555 0.0171951 0.0146694 0.0115195 0.00574892 -0.00240401 -0.0103701 -0.015572 -0.0176752 -0.0177945 -0.0156919 -0.00999088 -0.00204255 0.00362247 0.00523291 0.00780306 0.0184657 0.0381565 0.0586128 0.0678435 0.0597342 0.0390726 
0.0283923 0.0133732 0.00951795 0.0138974 0.021446 0.0286549 0.0331906 0.0328708 0.0275599 0.0201928 0.0136707 0.00810441 0.00201675 -0.00507402 -0.0118291 -0.0165474 -0.0190079 -0.0198248 -0.0180318 -0.0117658 -0.00259758 0.00410507 0.00601566 0.00845963 0.0192714 0.0400078 0.0628373 0.0754378 0.070312 0.0508725 
0.0350569 0.0185613 0.0132839 0.0169563 0.0246581 0.0324131 0.0371045 0.0360619 0.02904 0.0192352 0.0103201 0.00337433 -0.00253444 -0.00814002 -0.0130444 -0.0165089 -0.0185925 -0.0195086 -0.0177167 -0.0109836 -0.000951445 0.00642505 0.00816887 0.00938621 0.0181707 0.0370958 0.0601169 0.0757539 0.0747479 0.0577067 
0.0441878 0.0256096 0.0176298 0.0190994 0.0254691 0.0323769 0.0360059 0.0336578 0.025535 0.0149406 0.00548567 -0.00150217 -0.00659159 -0.0105382 -0.0135752 -0.0157493 -0.0172995 -0.0179857 -0.0157818 -0.00823701 0.00286602 0.0108379 0.0116298 0.00979348 0.0140405 0.0290654 0.05185 0.0722495 0.0783578 0.0661909 
0.0590744 0.0368475 0.0233337 0.0197416 0.0229277 0.0284609 0.0313495 0.0283029 0.0198941 0.00959025 0.000715187 -0.00548475 -0.00944302 -0.0119973 -0.0138003 -0.0152945 -0.0166061 -0.0169856 -0.0140553 -0.00532248 0.00715936 0.0157588 0.0150188 0.00888062 0.00728083 0.0179321 0.0413801 0.0687804 0.0849122 0.0799309 
0.0759641 0.0493511 0.0288219 0.0186255 0.0177222 0.0219888 0.0250277 0.022304 0.0143756 0.00493192 -0.00292834 -0.00814916 -0.0111639 -0.0129109 -0.0142159 -0.0155286 -0.0167163 -0.0166992 -0.0129852 -0.00314332 0.01055 0.0196226 0.0172409 0.00679737 -0.000354893 0.00652699 0.0312339 0.0660552 0.0926901 0.0954898 
0.0899436 0.0595562 0.0326418 0.0163387 0.0115701 0.014699 0.0182319 0.0163033 0.0092232 0.000960116 -0.005598 -0.0098456 -0.0123246 -0.0137965 -0.0148571 -0.0157942 -0.0164506 -0.01585 -0.0116484 -0.00142529 0.0126623 0.0218139 0.0181443 0.00438017 -0.00715527 -0.0033711 0.0220753 0.0626473 0.0980458 0.107888 
0.102006 0.0689617 0.0369046 0.0158018 0.007967 0.00988781 0.0132716 0.0112922 0.00423673 -0.00330772 -0.00856606 -0.0118063 -0.0139586 -0.0152923 -0.0157809 -0.0156207 -0.0150846 -0.0137584 -0.00963923 -0.000157539 0.0132024 0.0221027 0.0180183 0.0025742 -0.0118594 -0.0107026 0.0144376 0.0586106 0.100974 0.117543 
0.121334 0.0868696 0.049815 0.0240575 0.0132617 0.0132273 0.0146285 0.0100963 0.000471624 -0.00835725 -0.0132412 -0.0155366 -0.0171279 -0.0180076 -0.0174742 -0.0157269 -0.0136994 -0.0117276 -0.00823728 -0.000405975 0.0114321 0.020167 0.0170332 0.00202477 -0.0135025 -0.0142806 0.00998475 0.0567989 0.106424 0.131903 
0.162576 0.12831 0.0841977 0.050657 0.0341612 0.0293843 0.0254936 0.0148307 -0.000822846 -0.0138048 -0.0198887 -0.0213025 -0.0216201 -0.0215088 -0.0199683 -0.0170409 -0.0140104 -0.0117608 -0.00914529 -0.00318314 0.00701917 0.015979 0.015079 0.00248694 -0.0121918 -0.0135979 0.0105921 0.061518 0.122209 0.162714 
0.235792 0.203158 0.14727 0.0986052 0.069774 0.0552226 0.0423872 0.0230792 -0.00044055 -0.0191021 -0.0272085 -0.0273643 -0.0253866 -0.0238298 -0.0219245 -0.0190607 -0.0160904 -0.0140115 -0.0121277 -0.00764341 0.00117194 0.0104182 0.0120435 0.00278796 -0.00954085 -0.00967588 0.0169577 0.0759824 0.154257 0.218368 
0.330365 0.299024 0.225645 0.153598 0.105508 0.0775104 0.0551544 0.0286251 -0.000730848 -0.0235382 -0.0327535 -0.0307956 -0.0256704 -0.0225182 -0.021154 -0.0197299 -0.0178084 -0.0161034 -0.0145207 -0.0109626 -0.00347578 0.00536973 0.00855715 0.00221802 -0.0071838 -0.00442194 0.0273006 0.0980048 0.198389 0.291342 
0.408703 0.376552 0.2844 0.187867 0.120632 0.0817463 0.0547711 0.0270237 -0.00256407 -0.0255154 -0.0338527 -0.0292035 -0.0208871 -0.0163816 -0.0162056 -0.0170525 -0.0167221 -0.0154057 -0.0137409 -0.0107227 -0.00467996 0.0028908 0.00636342 0.001946 -0.00498633 0.000433846 0.0366253 0.117034 0.235467 0.35211 
