0.423983 0.389507 0.294247 0.191639 0.114816 0.066453 0.0350314 0.00980753 -0.0124621 -0.0275772 -0.030845 -0.0244277 -0.016099 -0.0116995 -0.0111872 -0.0113534 -0.0100829 -0.00771838 -0.00551167 -0.00349828 -0.000571524 0.00272319 0.00269047 -0.00339038 -0.0102006 -0.002371 0.0393687 0.127046 0.250875 0.368911 
0.388739 0.354766 0.260719 0.159588 0.0859919 0.0433063 0.0194001 0.002076 -0.0137315 -0.0248644 -0.0260168 -0.0180296 -0.00842409 -0.00395525 -0.00498703 -0.00734896 -0.00760316 -0.00555787 -0.00285584 -0.000415079 0.00228358 0.00523266 0.00606862 0.00248862 -0.00185284 0.00548301 0.0414343 0.118015 0.228814 0.337194 
0.306994 0.281989 0.205333 0.121262 0.0602987 0.026499 0.00987785 -0.000841099 -0.0115624 -0.0201691 -0.020936 -0.0131449 -0.00334817 0.00130849 -0.000280108 -0.00391629 -0.00548618 -0.00415851 -0.0013381 0.00181254 0.00537219 0.00928096 0.0114818 0.00938738 0.00495215 0.00768274 0.0315446 0.0877112 0.173695 0.261895 
0.222032 0.212235 0.159888 0.0966669 0.0476053 0.0190746 0.00557956 -0.00184527 -0.0095528 -0.0167986 -0.0181189 -0.0115714 -0.00233726 0.00270249 0.00172902 -0.00177648 -0.00376904 -0.0029192 -7.19428e-05 0.00375412 0.00834037 0.0132194 0.015941 0.0134372 0.00686588 0.0039449 0.0156739 0.0514036 0.112126 0.180404 
0.159424 0.163419 0.131594 0.0841458 0.0419409 0.0147774 0.00194102 -0.00351081 -0.00867296 -0.0145906 -0.0167016 -0.0121477 -0.00430609 0.000980415 0.00149217 -0.000461097 -0.00162089 -0.000566175 0.00235613 0.00637341 0.0111203 0.0157805 0.0175361 0.0132845 0.00452349 -0.00162327 0.00305429 0.0249538 0.0667895 0.119655 
0.116773 0.127222 0.107925 0.0709226 0.0338225 0.00864043 -0.00223258 -0.00467317 -0.00670682 -0.0111686 -0.014469 -0.0127404 -0.00714641 -0.00199272 0.000316735 0.000690069 0.00113083 0.00276913 0.0055794 0.00905564 0.0128817 0.0162168 0.0163234 0.0105958 0.0013515 -0.00449521 -0.00137603 0.0134397 0.0422944 0.081986 
0.0815486 0.0912082 0.079053 0.051717 0.0225563 0.00281832 -0.00393669 -0.0026373 -0.0016653 -0.00519595 -0.010331 -0.0120149 -0.00913306 -0.00448159 -0.00070287 0.00168728 0.00342305 0.00530482 0.00760026 0.0101147 0.0127328 0.014841 0.0140357 0.00820731 0.00015591 -0.00354576 0.000526005 0.0116538 0.0303753 0.0565609 
0.0497303 0.0557864 0.0498551 0.034223 0.0160616 0.00325644 -5.65507e-05 0.00335171 0.00595796 0.00269018 -0.0043289 -0.00920068 -0.00894641 -0.0051648 -0.000817209 0.00237965 0.00427668 0.00564753 0.00719332 0.00905654 0.011291 0.013436 0.0131799 0.00835769 0.00166725 -0.000525514 0.00419648 0.0127075 0.0231393 0.0363981 
0.0276067 0.0315122 0.0324725 0.0288114 0.020856 0.0123958 0.0086677 0.0106647 0.0130744 0.010164 0.00250673 -0.00426672 -0.00606497 -0.00347197 0.000429203 0.00313255 0.00409154 0.00442238 0.00542144 0.00751203 0.0106493 0.0141318 0.0152847 0.0113982 0.00484954 0.00235273 0.00667124 0.0135687 0.0188458 0.023034 
0.0214193 0.0256432 0.0319829 0.0362622 0.0339473 0.0255846 0.0175393 0.0150157 0.0158946 0.0141837 0.0080378 0.00135285 -0.00156103 -0.000223293 0.00267293 0.00430778 0.00403491 0.00344375 0.00442643 0.00753789 0.012267 0.0172583 0.0193507 0.0154541 0.00783831 0.00389606 0.00747491 0.014331 0.0186786 0.0199559 
0.0282131 0.0332849 0.0406383 0.046352 0.044814 0.0346494 0.0219011 0.0144 0.0133446 0.013419 0.0104076 0.00549361 0.00235596 0.00257787 0.00445371 0.00530701 0.0044124 0.00356352 0.00498007 0.00920292 0.0151134 0.0206514 0.02257 0.0180767 0.00950262 0.00442443 0.0075452 0.0154267 0.0219478 0.0253706 
0.0367869 0.0411594 0.0451688 0.047527 0.0447521 0.0345473 0.0205778 0.010492 0.00793183 0.00939017 0.00950659 0.00684966 0.00391617 0.00317251 0.00423507 0.00491912 0.00428956 0.00382692 0.00565992 0.0103081 0.0163228 0.0213257 0.0225729 0.0181294 0.0101193 0.00511025 0.00780977 0.016129 0.0249213 0.0316841 
0.0380423 0.0401888 0.0393378 0.0373242 0.0338246 0.0262723 0.0150443 0.00546271 0.00220493 0.00410687 0.00620149 0.00538214 0.00283966 0.00143185 0.0019441 0.00281682 0.00285009 0.00285896 0.00459883 0.00869201 0.0138364 0.0178513 0.0188779 0.0159736 0.0105441 0.00692533 0.00883295 0.015689 0.0243339 0.0323375 
0.0329674 0.0329132 0.0283377 0.0230385 0.0191397 0.0144706 0.00704981 -0.000521754 -0.00379001 -0.00199236 0.0011681 0.00192547 0.000289673 -0.00109592 -0.000793288 0.0002172 0.000624996 0.000640632 0.00164104 0.00446757 0.00828863 0.0114425 0.0130059 0.0128737 0.0114651 0.0103147 0.0113753 0.0152544 0.0212883 0.02811 
0.0284859 0.0273648 0.0208501 0.0131989 0.00789833 0.00387942 -0.00140714 -0.00724745 -0.0101527 -0.00838524 -0.00434587 -0.00182983 -0.00183578 -0.00243149 -0.00205317 -0.00117572 -0.000942895 -0.00144535 -0.00154983 -0.000183609 0.00235957 0.00499521 0.00752134 0.010388 0.0131979 0.0150549 0.0159334 0.0169423 0.0197102 0.0245445 
0.0275525 0.0264792 0.0194696 0.0102421 0.00286625 -0.00232364 -0.00722471 -0.0120657 -0.0145273 -0.0127179 -0.00804644 -0.00396997 -0.00220989 -0.0017436 -0.00122173 -0.000701134 -0.000969616 -0.00216431 -0.00329305 -0.00313797 -0.00156746 0.000802939 0.00418694 0.00929787 0.0153247 0.0199148 0.0214316 0.0207619 0.0209821 0.024079 
0.0263683 0.026173 0.0202374 0.0111485 0.0029267 -0.00301448 -0.00773173 -0.011885 -0.0141443 -0.0128133 -0.00852166 -0.00402164 -0.00125393 2.85953e-06 0.000642403 0.000787962 -7.09494e-06 -0.00178145 -0.00361306 -0.00426843 -0.00339713 -0.00130125 0.00245145 0.00866595 0.01644 0.0228432 0.0251974 0.023706 0.0219443 0.0232972 
0.0211149 0.022615 0.0195475 0.0128589 0.00592242 0.000692707 -0.00331328 -0.00695533 -0.00953331 -0.00953829 -0.00690341 -0.00336427 -0.000543871 0.00120248 0.00206998 0.00198366 0.000699265 -0.00160247 -0.00396819 -0.00524487 -0.00503824 -0.0034233 0.000217465 0.00673153 0.0152085 0.0225047 0.0252971 0.0230396 0.0192782 0.0185549 
0.0145269 0.0180953 0.0186699 0.0152866 0.0103282 0.00602004 0.00238249 -0.00135252 -0.00472535 -0.00636863 -0.00572683 -0.00354112 -0.000885979 0.00144983 0.00281046 0.00265203 0.000831469 -0.00215188 -0.00521288 -0.00727492 -0.00789916 -0.00688707 -0.00341919 0.00332993 0.0123387 0.0202453 0.0232926 0.0204118 0.0149873 0.012384 
0.0130905 0.0177012 0.0205574 0.0190911 0.0146691 0.00972987 0.00501046 0.000300134 -0.00384707 -0.00632752 -0.00656889 -0.00475938 -0.00159589 0.00174322 0.00383567 0.00370697 0.00132067 -0.00250773 -0.00654519 -0.0096952 -0.0112928 -0.010738 -0.00705361 0.000412082 0.0104069 0.0193671 0.0233135 0.0208916 0.0151353 0.0115206 
0.0187656 0.0221032 0.024458 0.0225048 0.0167045 0.0095152 0.00252261 -0.00352367 -0.0077757 -0.00961978 -0.00900058 -0.006133 -0.00166259 0.00291686 0.0057435 0.00569259 0.00287686 -0.0017136 -0.00679839 -0.0111638 -0.0137162 -0.0133707 -0.00910653 -0.000603446 0.0106747 0.0212202 0.0271347 0.0268083 0.0224256 0.018613 
0.0263516 0.0262684 0.0257143 0.0217155 0.0140743 0.00481552 -0.00398717 -0.0106626 -0.0140456 -0.0140935 -0.0115114 -0.00689653 -0.00103338 0.0044653 0.00772224 0.0077552 0.00480073 -0.00020268 -0.00608769 -0.0114995 -0.0148535 -0.014651 -0.00998978 -0.000944059 0.0110124 0.0228661 0.0311566 0.0339523 0.0320678 0.0285032 
0.0290036 0.0247118 0.0202351 0.0140805 0.00587403 -0.00334006 -0.0118796 -0.017715 -0.0194625 -0.0174463 -0.012959 -0.0070002 -0.000470929 0.00517064 0.00837699 0.00844019 0.00560202 0.000554834 -0.00575307 -0.0118549 -0.0157812 -0.0158525 -0.0114698 -0.00305531 0.00817625 0.0200602 0.0298662 0.0354874 0.0363331 0.0334501 
0.0243306 0.0164755 0.00845802 0.00100896 -0.00590801 -0.0125675 -0.0185407 -0.0221602 -0.0219907 -0.0183894 -0.0128328 -0.00652557 -0.000341789 0.00464223 0.00736188 0.00732812 0.00464196 -0.000316629 -0.00679781 -0.0132517 -0.0175102 -0.0179694 -0.0144413 -0.00758981 0.00174832 0.0122336 0.0219104 0.0289231 0.0319101 0.0301568 
0.0147442 0.00506095 -0.00485326 -0.0122404 -0.0166295 -0.0194689 -0.021766 -0.0226341 -0.0208141 -0.0164917 -0.0109287 -0.00524736 -0.000144609 0.00374546 0.00577159 0.00550484 0.00282154 -0.0021426 -0.00873464 -0.015352 -0.0197885 -0.020617 -0.017979 -0.0126785 -0.00533691 0.0030934 0.0111595 0.0176641 0.021444 0.0207697 
0.00400061 -0.00508044 -0.0143201 -0.0201125 -0.0217449 -0.021241 -0.0204205 -0.0190964 -0.0163909 -0.0123277 -0.00769334 -0.00324682 0.000573876 0.0034315 0.00485646 0.0043356 0.00154091 -0.00351372 -0.0101977 -0.0169211 -0.0215341 -0.0226943 -0.0206182 -0.0161783 -0.0101159 -0.00355254 0.00215461 0.00655013 0.00942606 0.00916441 
-0.00517009 -0.0114367 -0.0177087 -0.0209104 -0.0204426 -0.018192 -0.0158735 -0.0135768 -0.0108574 -0.00772649 -0.00447573 -0.00135653 0.00145518 0.00369307 0.00483201 0.00421687 0.0013956 -0.00365616 -0.0103309 -0.0171426 -0.0220587 -0.0236771 -0.0220005 -0.0178662 -0.0123628 -0.00711828 -0.00369398 -0.0020424 -0.00120156 -0.00170202 
-0.0116887 -0.0144318 -0.017212 -0.0181348 -0.0167418 -0.0142858 -0.0118288 -0.00940532 -0.00694509 -0.00463637 -0.00249523 -0.000327648 0.00193402 0.00399076 0.00517166 0.00469642 0.00204384 -0.0028318 -0.00936692 -0.0162357 -0.0215906 -0.023948 -0.022929 -0.0191441 -0.0139476 -0.00947063 -0.00759064 -0.0081244 -0.00925934 -0.0101572 
-0.0161109 -0.0166046 -0.0173343 -0.0173149 -0.0159428 -0.0137079 -0.0111235 -0.008277 -0.00549425 -0.00325886 -0.00153862 0.000168274 0.00218702 0.0042526 0.0056022 0.0053606 0.00293737 -0.00173715 -0.00811016 -0.0149884 -0.0207739 -0.0240359 -0.024052 -0.0210217 -0.0162489 -0.0121116 -0.010766 -0.0122232 -0.0144526 -0.0157216 
-0.0196887 -0.0201901 -0.0208774 -0.021026 -0.0196976 -0.0168591 -0.0129963 -0.00869486 -0.0048098 -0.00206678 -0.000360701 0.00109647 0.0029156 0.00494555 0.00638548 0.00626828 0.00392674 -0.000702372 -0.00699128 -0.0137895 -0.0197654 -0.0237209 -0.0247992 -0.022784 -0.0186457 -0.0146657 -0.0131242 -0.0144251 -0.0169561 -0.0188706 
-0.0230821 -0.025201 -0.0268777 -0.0272557 -0.0252376 -0.0207051 -0.0145748 -0.00824059 -0.00311498 4.1305e-05 0.00162226 0.00277251 0.00436026 0.00630667 0.007739 0.00758931 0.00514842 0.000425021 -0.0057984 -0.0123289 -0.0180668 -0.0221634 -0.0238932 -0.0228303 -0.0195393 -0.0159044 -0.0140743 -0.0148635 -0.0174674 -0.0204985 
-0.0260471 -0.0298406 -0.0321817 -0.0321559 -0.0288884 -0.0225106 -0.0144179 -0.00662955 -0.000867453 0.0022701 0.00354553 0.00440979 0.00587234 0.00782218 0.00926209 0.00903676 0.00645842 0.00167232 -0.0043471 -0.0103305 -0.0153741 -0.0190253 -0.0208972 -0.0206258 -0.0184588 -0.0156836 -0.0140166 -0.0145265 -0.0172753 -0.0215162 
-0.028009 -0.0322923 -0.0343311 -0.033426 -0.0291639 -0.0219763 -0.0134173 -0.00556212 -7.24296e-06 0.00287344 0.00399286 0.00484574 0.00642615 0.00855344 0.0101272 0.00993612 0.00734799 0.00267395 -0.0029171 -0.00809534 -0.0121569 -0.0150567 -0.0168328 -0.0173484 -0.0166538 -0.0153625 -0.0145006 -0.0150993 -0.0178645 -0.0226239 
-0.0285609 -0.0318877 -0.032879 -0.0311309 -0.0266264 -0.0199883 -0.0125982 -0.00604148 -0.00138974 0.00118992 0.00244502 0.00360277 0.00551766 0.00798225 0.00986987 0.00992859 0.00755418 0.003204 -0.00177685 -0.00603321 -0.00908664 -0.0112835 -0.0130513 -0.0145002 -0.0155796 -0.0162813 -0.0167863 -0.0177145 -0.0200221 -0.0240168 
-0.027531 -0.0290367 -0.0288095 -0.0265259 -0.0223197 -0.0169481 -0.0115614 -0.00705248 -0.00377789 -0.00168492 -0.000311093 0.00118443 0.00347676 0.00636812 0.00874876 0.00930988 0.00741106 0.0035947 -0.000657464 -0.00398988 -0.00615182 -0.00783536 -0.00977047 -0.0122691 -0.0152591 -0.01823 -0.0204554 -0.0218081 -0.0231185 -0.0251633 
-0.0249751 -0.0247446 -0.0236828 -0.0212364 -0.0174466 -0.0132157 -0.00964903 -0.00714458 -0.00545002 -0.00425287 -0.00320799 -0.00168971 0.000859427 0.00421788 0.00724365 0.00853532 0.00737029 0.00431011 0.000920588 -0.00144959 -0.00275275 -0.00399172 -0.00615143 -0.00970433 -0.014562 -0.0197616 -0.0236847 -0.0253662 -0.0253929 -0.0250674 
-0.0212331 -0.0202382 -0.0191874 -0.0170905 -0.013724 -0.0101126 -0.00755657 -0.00639118 -0.006104 -0.00613305 -0.00594761 -0.00480131 -0.0021322 0.00172736 0.00548706 0.0076271 0.00736054 0.00524789 0.0028985 0.00164723 0.00134491 0.000654167 -0.00168164 -0.0062193 -0.0126915 -0.0196051 -0.0246159 -0.0262407 -0.0250559 -0.0229106 
-0.0167084 -0.0163449 -0.0163559 -0.0152677 -0.0125076 -0.00914675 -0.00681575 -0.00616486 -0.00678864 -0.00796367 -0.00878718 -0.00815687 -0.00541785 -0.00107853 0.00335063 0.00626285 0.00688795 0.00581151 0.00465702 0.00471724 0.00561616 0.00562325 0.00318963 -0.0021693 -0.00970988 -0.0173092 -0.0222721 -0.0232435 -0.0212043 -0.0184356 
-0.0115048 -0.0128063 -0.014568 -0.0149728 -0.0131343 -0.0100881 -0.00775681 -0.00719035 -0.0082267 -0.0100867 -0.0115698 -0.0112747 -0.00847716 -0.0038355 0.00100084 0.00445097 0.00584098 0.00577934 0.00585094 0.00726937 0.0094309 0.0102154 0.00780511 0.00193131 -0.00595829 -0.0131016 -0.0168696 -0.0166533 -0.0141816 -0.0119554 
-0.00547433 -0.00838877 -0.0116028 -0.0133302 -0.0125761 -0.0102831 -0.00845302 -0.00827764 -0.00965608 -0.0117846 -0.0134253 -0.0131848 -0.0103959 -0.0057546 -0.000839252 0.00292496 0.00495131 0.005784 0.00689243 0.0094162 0.0126381 0.0141896 0.0120282 0.00605779 -0.00162007 -0.00768369 -0.00973458 -0.00812661 -0.00546012 -0.00428625 
0.00137785 -0.00192104 -0.0052184 -0.00733839 -0.00754701 -0.00664539 -0.00635859 -0.00753822 -0.0097594 -0.0121342 -0.0136715 -0.0133486 -0.010692 -0.00629734 -0.00148026 0.0025209 0.00508935 0.00658272 0.0083102 0.0114067 0.0152618 0.0175191 0.0159465 0.010344 0.00311006 -0.00200278 -0.00264239 0.00014942 0.00302944 0.00345879 
0.00852215 0.00650961 0.00477735 0.00333711 0.0023136 0.00114738 -0.00120145 -0.00477113 -0.00846785 -0.0112684 -0.0126655 -0.0122772 -0.00987775 -0.00583306 -0.00111752 0.00313198 0.00613041 0.00798623 0.00985398 0.0129299 0.0169153 0.0197436 0.0190487 0.014196 0.00742499 0.00276781 0.00284172 0.00641555 0.00969957 0.0101823 
0.0145078 0.0148591 0.0156054 0.0153829 0.0136014 0.0100662 0.00466651 -0.00161817 -0.00690993 -0.0100736 -0.0112496 -0.0108388 -0.00883295 -0.00525837 -0.000726815 0.00366354 0.00692394 0.00891904 0.0106215 0.0132487 0.0168875 0.0199628 0.0201019 0.0161161 0.00980864 0.0053247 0.00565452 0.00969686 0.0135257 0.0147346 
0.0168052 0.0195697 0.0228726 0.02416 0.0221641 0.0169515 0.00919687 0.000776883 -0.00567434 -0.00888198 -0.0096525 -0.00921451 -0.0077752 -0.0049785 -0.00100986 0.00318003 0.00650934 0.00859147 0.0100686 0.0120201 0.0148806 0.01768 0.0182467 0.0149918 0.00924475 0.00504278 0.00551422 0.00966568 0.0136901 0.0155262 
0.0131416 0.0178737 0.0238085 0.0274675 0.0267621 0.0215179 0.0127251 0.00296823 -0.00425816 -0.00731514 -0.00753848 -0.00700714 -0.0062608 -0.0046298 -0.0017618 0.00179796 0.00505526 0.00730026 0.00861282 0.00976082 0.0114869 0.0135023 0.0140461 0.0113655 0.00632681 0.00256743 0.00296065 0.00645532 0.00960313 0.0110848 
0.00406837 0.0106149 0.0197098 0.0269841 0.0291825 0.0253145 0.0163277 0.00554903 -0.00241681 -0.00533291 -0.00494939 -0.00421966 -0.00415659 -0.00389051 -0.00245022 0.000246642 0.00341572 0.00592765 0.00712701 0.00739287 0.00778382 0.00874209 0.00904948 0.00691454 0.00265139 -0.000789827 -0.00103132 0.000805757 0.00186627 0.00191841 
-0.00658945 0.00197778 0.0145908 0.0258336 0.0310911 0.028493 0.0191466 0.00737718 -0.00110859 -0.0036804 -0.002602 -0.00163068 -0.0021865 -0.00321263 -0.0031309 -0.00121533 0.00194877 0.00477978 0.00589742 0.00533333 0.00445487 0.00439382 0.00449007 0.0029357 -0.000617785 -0.00406365 -0.00548163 -0.00584047 -0.00724522 -0.00882349 
-0.0150299 -0.00442884 0.011189 0.0252651 0.032021 0.0292657 0.0189414 0.00658874 -0.00151357 -0.00308969 -0.00118488 -0.000106585 -0.00133146 -0.00348137 -0.00447811 -0.00315154 1.04725e-05 0.00308018 0.00417848 0.00310172 0.00140013 0.000660918 0.000659686 -0.000375229 -0.00335305 -0.00694782 -0.00957715 -0.0118636 -0.0151508 -0.0177364 
-0.020349 -0.00816536 0.00938143 0.0246687 0.0311767 0.0270116 0.01545 0.00321983 -0.00349115 -0.00348495 -0.000759887 0.000149817 -0.00190497 -0.00508735 -0.0069792 -0.00622943 -0.00329647 -0.000207096 0.00100721 -1.81297e-06 -0.00178287 -0.002707 -0.00274481 -0.00340474 -0.0057373 -0.00902714 -0.0122106 -0.0157703 -0.0203675 -0.0235732 
-0.0232352 -0.0101999 0.00844851 0.0241795 0.0300079 0.0243925 0.0117539 -0.000208319 -0.00553894 -0.00413629 -0.000834081 -0.000264656 -0.00320586 -0.00740292 -0.0102197 -0.0102487 -0.00787257 -0.00495617 -0.00342536 -0.00379675 -0.00505296 -0.00587615 -0.00598474 -0.00618413 -0.00716978 -0.00886914 -0.0113838 -0.0156954 -0.0218422 -0.0262884 
-0.0237474 -0.0108509 0.00852634 0.0250308 0.0310331 0.0247943 0.0112427 -0.0011193 -0.00611565 -0.00410389 -0.000457842 -8.71127e-05 -0.00375975 -0.0089929 -0.0128954 -0.0138972 -0.0122135 -0.009467 -0.00745362 -0.00696702 -0.00763563 -0.00853188 -0.00883472 -0.00812962 -0.00648229 -0.00478618 -0.0051251 -0.0097398 -0.0181672 -0.0252381 
-0.0218661 -0.0106047 0.00905688 0.0269241 0.0341228 0.0280879 0.0138621 0.00069235 -0.00465871 -0.00247281 0.00156665 0.00204258 -0.00218526 -0.00852995 -0.0136514 -0.0156075 -0.0144596 -0.0117536 -0.00926298 -0.00806093 -0.00842569 -0.00977896 -0.0105079 -0.00862569 -0.00342505 0.00305176 0.00627394 0.0021203 -0.00889458 -0.0199398 
-0.0182644 -0.0105462 0.00827877 0.0272855 0.0359184 0.030653 0.0166784 0.0036761 -0.00141252 0.00116211 0.00564122 0.00626762 0.00151954 -0.00593249 -0.012203 -0.0149077 -0.0140936 -0.0114474 -0.00870597 -0.00696514 -0.00701555 -0.00880569 -0.0101894 -0.00763681 0.000646308 0.0119773 0.0196286 0.0171883 0.0043187 -0.011223 
-0.0131486 -0.0107023 0.00539808 0.024133 0.0336894 0.029947 0.0180868 0.00724428 0.00347614 0.00633758 0.0105977 0.0109005 0.00564305 -0.00259929 -0.00969418 -0.0129929 -0.012617 -0.0103776 -0.00771901 -0.0053551 -0.00445296 -0.00593319 -0.00790034 -0.00570773 0.00400333 0.0190595 0.0314095 0.0321771 0.0191042 -0.00025471 
-0.00598647 -0.00989654 0.00144847 0.0181664 0.0283339 0.0274405 0.0197818 0.0125937 0.0101727 0.0120627 0.0145425 0.0136363 0.00795083 -0.000484846 -0.00793658 -0.0118109 -0.0122313 -0.0108525 -0.0084971 -0.00522289 -0.00250943 -0.00261812 -0.00465693 -0.0034212 0.00627478 0.0237782 0.0406715 0.0457609 0.0342022 0.0124292 
0.0028186 -0.00765766 -0.00210985 0.0118645 0.0231538 0.0264537 0.0239866 0.0203034 0.0179526 0.0170144 0.0160355 0.0130451 0.00700742 -0.00098623 -0.0081912 -0.0124091 -0.013694 -0.013282 -0.0112264 -0.00690289 -0.00201781 -0.000115226 -0.00152179 -0.000895222 0.00849916 0.0277039 0.0485546 0.058111 0.0489653 0.0259649 
0.0119693 -0.0040549 -0.00370786 0.00792336 0.0208182 0.0284452 0.0303401 0.0285458 0.024614 0.0196594 0.014533 0.00917237 0.00291376 -0.00407625 -0.0102496 -0.0141152 -0.0157725 -0.0159913 -0.0141084 -0.0089119 -0.00216823 0.00169067 0.00134974 0.0020347 0.0113491 0.0315684 0.0552216 0.0685737 0.062066 0.0387042 
0.0221049 0.00237558 -0.00142164 0.00771535 0.0212064 0.031715 0.0362355 0.0346898 0.0282965 0.0194489 0.01084 0.00368681 -0.00244584 -0.00801688 -0.0125219 -0.0153621 -0.0168577 -0.0173403 -0.0154972 -0.0096263 -0.00146841 0.00393083 0.00447901 0.00513436 0.0138327 0.0337896 0.0588753 0.0756373 0.0726438 0.0505234 
0.0364393 0.0139047 0.00531309 0.00982398 0.0212756 0.0326981 0.0388994 0.0374551 0.0291465 0.0175684 0.00684079 -0.00108542 -0.00661794 -0.0106372 -0.0134402 -0.015251 -0.0165781 -0.0172481 -0.0153085 -0.00867517 0.000815502 0.00740521 0.00814286 0.00766468 0.0142649 0.0324434 0.058271 0.0794279 0.0824536 0.0644233 
0.0566639 0.0302642 0.0143707 0.0111118 0.0177345 0.0286369 0.036721 0.0366705 0.0281192 0.0153805 0.00373982 -0.00419297 -0.00880799 -0.0114093 -0.0129593 -0.0142202 -0.0156488 -0.0165073 -0.0142868 -0.00665084 0.00431882 0.0119212 0.012077 0.00909961 0.0121273 0.0276753 0.0546558 0.0822006 0.0943573 0.0832026 
0.0796173 0.0478495 0.0227385 0.00999057 0.0103249 0.0197637 0.0297813 0.0322617 0.0251852 0.0128184 0.00113173 -0.00653596 -0.0102865 -0.0117404 -0.0124019 -0.0132956 -0.0146896 -0.0154482 -0.0127574 -0.00411696 0.00823891 0.0166948 0.0158202 0.00950587 0.00818647 0.0209813 0.0497715 0.0849862 0.107915 0.104861 
0.0996938 0.0627706 0.0291987 0.0079712 0.00226975 0.00938546 0.0201997 0.0248503 0.0199283 0.00905858 -0.00193267 -0.00931442 -0.0125916 -0.0132153 -0.0129306 -0.0129684 -0.0136341 -0.0138022 -0.0106559 -0.00149919 0.0116699 0.0207284 0.0188347 0.00907943 0.0031182 0.012837 0.0430024 0.0852803 0.118555 0.123564 
0.114491 0.0745952 0.0355672 0.00889243 -0.00128057 0.00287694 0.0124246 0.017173 0.0132978 0.00388491 -0.00604536 -0.0131273 -0.0163148 -0.0163126 -0.0147013 -0.013071 -0.0122417 -0.0115317 -0.00830938 0.000448418 0.0134857 0.0228271 0.0203728 0.00778292 -0.00284277 0.00285338 0.0326724 0.0800808 0.122499 0.135702 
0.12953 0.0895432 0.0480535 0.0188516 0.00593022 0.00660935 0.0122973 0.0136447 0.00772855 -0.00202774 -0.0113874 -0.0180923 -0.0211629 -0.0204923 -0.0172485 -0.0134863 -0.0108597 -0.00936109 -0.00662984 0.000752652 0.012654 0.0219539 0.0197193 0.00561681 -0.00899359 -0.00797418 0.0198258 0.0707995 0.122226 0.145345 
0.159176 0.121627 0.0780819 0.0459832 0.0294872 0.0246468 0.0229906 0.0167528 0.0049283 -0.0078263 -0.0175667 -0.0235551 -0.0259142 -0.0244044 -0.0197826 -0.0143183 -0.0103113 -0.00836955 -0.00649352 -0.00102813 0.00906968 0.0180513 0.0167831 0.00284589 -0.0140563 -0.0168098 0.00918197 0.0643553 0.127319 0.164942 
0.218583 0.184891 0.135363 0.0940306 0.0679717 0.0527192 0.0398619 0.0231915 0.00343386 -0.0135673 -0.0238007 -0.0280896 -0.0286585 -0.0262019 -0.0211655 -0.0153328 -0.0109319 -0.00890019 -0.00776512 -0.00406686 0.00405277 0.0123597 0.0122114 -0.00029697 -0.017172 -0.0208482 0.0063138 0.0691823 0.148899 0.208126 
0.3058 0.27499 0.212118 0.151267 0.107038 0.0766417 0.0514982 0.0255922 -0.000205851 -0.0198366 -0.029168 -0.0302706 -0.0279069 -0.024529 -0.0203187 -0.0156951 -0.0118945 -0.00985375 -0.0088903 -0.00635342 -0.000184036 0.0067872 0.00711337 -0.00348315 -0.0180742 -0.0189559 0.0135595 0.0880951 0.188876 0.274964 
0.389391 0.357944 0.276569 0.190832 0.125795 0.081807 0.0491586 0.0199186 -0.00673922 -0.0255069 -0.0320877 -0.029098 -0.023383 -0.0193022 -0.0168172 -0.0144478 -0.0117963 -0.00957677 -0.00812445 -0.00610919 -0.00181766 0.00318054 0.00324551 -0.00526358 -0.0160435 -0.0119269 0.0273665 0.112849 0.231783 0.3412 
