0.308634 0.26234 0.199107 0.138858 0.0933442 0.0634164 0.0425474 0.0248653 0.00948784 -0.00221251 -0.00968245 -0.012624 -0.0107751 -0.00582614 -0.0015929 -0.00115082 -0.00445468 -0.00878526 -0.0110443 -0.0097182 -0.0049144 0.00286769 0.0136373 0.0291255 0.0542067 0.0951998 0.154283 0.22401 0.286196 0.318614 
0.320922 0.272834 0.205669 0.139454 0.0869473 0.0515941 0.0289675 0.0128452 0.0002388 -0.00919746 -0.0152375 -0.0171677 -0.0143504 -0.00828383 -0.0027588 -0.00107172 -0.00360628 -0.00799262 -0.0110284 -0.0105241 -0.00574454 0.00309309 0.015346 0.0315439 0.055805 0.0951803 0.153997 0.226467 0.293488 0.32988 
0.275441 0.242091 0.188746 0.131623 0.0827505 0.0479703 0.0256646 0.0104029 -0.00153634 -0.0108428 -0.0167766 -0.018284 -0.0149591 -0.00846222 -0.00244995 -0.000277942 -0.00282327 -0.00822593 -0.0131759 -0.0146241 -0.0110062 -0.00268363 0.00859219 0.0217656 0.0392452 0.0673789 0.112383 0.172816 0.234163 0.273611 
0.199388 0.190441 0.162122 0.124764 0.0878823 0.0581701 0.0366515 0.020095 0.00595241 -0.00550179 -0.0126603 -0.0144367 -0.0111114 -0.0047352 0.00121058 0.00343487 0.00062843 -0.00589599 -0.0128531 -0.0165803 -0.0150573 -0.0090803 -0.00134144 0.00601112 0.0136505 0.0262295 0.0508586 0.0911709 0.140327 0.181561 
0.124045 0.138424 0.135416 0.119622 0.0971162 0.0736658 0.0521941 0.0326543 0.0150184 0.000985837 -0.00724475 -0.0088811 -0.00507309 0.00158224 0.00771132 0.0102193 0.00757845 0.000600001 -0.00773119 -0.0136546 -0.0150585 -0.0129704 -0.0102519 -0.0091341 -0.00996665 -0.0102063 -0.00357535 0.0169432 0.0520609 0.0923891 
0.0698475 0.0975594 0.110966 0.110497 0.0991121 0.0806819 0.0588785 0.0365802 0.0164502 0.00137265 -0.00634173 -0.00638805 -0.000815022 0.00705589 0.0138364 0.016866 0.0148135 0.00815208 -0.000731696 -0.00851742 -0.0131556 -0.0152934 -0.0169973 -0.0196526 -0.0237416 -0.0287805 -0.0312691 -0.0241568 -0.00187752 0.0329985 
0.0429378 0.0702119 0.0876802 0.0935021 0.0884658 0.0742138 0.053488 0.0303902 0.00949654 -0.00527645 -0.0114242 -0.00891509 -0.000650005 0.00901907 0.0164393 0.0196203 0.0179683 0.0119644 0.00328062 -0.0055573 -0.0125554 -0.0173896 -0.0207009 -0.0226841 -0.0234808 -0.0242529 -0.0253629 -0.0231146 -0.0112201 0.0126304 
0.0362996 0.0527636 0.0653215 0.0714232 0.0704698 0.0616218 0.0448132 0.0230874 0.00198491 -0.0130754 -0.0185343 -0.0140689 -0.00335059 0.00792364 0.0155054 0.0180954 0.0162134 0.0107896 0.00298413 -0.00552333 -0.0128304 -0.017559 -0.0189886 -0.0165123 -0.0101363 -0.00201689 0.00430223 0.00779218 0.0119228 0.0212356 
0.0381661 0.0412835 0.0463217 0.0513308 0.0548012 0.053101 0.0421507 0.0225225 0.000345681 -0.0166903 -0.0231445 -0.0181196 -0.00600985 0.00619835 0.0135887 0.01532 0.0129064 0.00794184 0.00146788 -0.00544682 -0.0111193 -0.0135587 -0.0112711 -0.00358817 0.00899532 0.0239224 0.0365908 0.0428291 0.0422616 0.0390052 
0.0433157 0.0362024 0.0345074 0.0385046 0.0463544 0.0514962 0.0457852 0.0274152 0.00327878 -0.0164617 -0.0245841 -0.0199393 -0.00752202 0.00503379 0.0125119 0.0141576 0.011828 0.00751436 0.00238717 -0.0027405 -0.00642461 -0.00650165 -0.00121357 0.00967437 0.0246451 0.0409954 0.0552417 0.0633135 0.0623543 0.053801 
0.0521979 0.0380579 0.029393 0.0308083 0.0412223 0.051282 0.0492285 0.0315513 0.00593435 -0.0156646 -0.0250345 -0.0211391 -0.00916861 0.00348477 0.0117894 0.0147111 0.0136668 0.0104812 0.00638763 0.00221432 -0.00063879 0.000108063 0.00639408 0.0180231 0.032313 0.0463172 0.0587121 0.0681135 0.0711775 0.0652254 
0.0591492 0.0387206 0.0217515 0.0187799 0.0305499 0.0450674 0.0470609 0.0314421 0.00620928 -0.0158116 -0.0259388 -0.0230519 -0.0119776 0.00065289 0.0101815 0.0150932 0.0159602 0.0140574 0.010527 0.00635358 0.00310112 0.0032367 0.00896211 0.0199476 0.0326111 0.0435383 0.0532251 0.0635671 0.0720046 0.0717839 
0.0521245 0.0262941 0.00242082 -0.00361928 0.0107256 0.0311644 0.0392397 0.0281203 0.00541541 -0.0158352 -0.0264575 -0.0247218 -0.0147531 -0.00246692 0.00775699 0.0139835 0.0160542 0.0147442 0.0111555 0.00651706 0.00250716 0.00152079 0.0058713 0.0154382 0.0263473 0.0346533 0.0415179 0.0510245 0.0618664 0.0649752 
0.0284721 0.0018503 -0.0230909 -0.0283556 -0.0105585 0.0152309 0.0293372 0.0237471 0.00498607 -0.0144351 -0.0249916 -0.0241309 -0.0152558 -0.00380842 0.00601315 0.0120954 0.013921 0.0120698 0.00781474 0.00266862 -0.00187309 -0.0040653 -0.00189539 0.00498164 0.0132154 0.0186903 0.0222342 0.0285649 0.0377288 0.0409536 
0.00217851 -0.0178777 -0.0371378 -0.0394845 -0.0213213 0.00442925 0.0203861 0.0187772 0.00437336 -0.0120795 -0.0215156 -0.0208481 -0.0128279 -0.00249342 0.00616346 0.0110778 0.0116886 0.00863678 0.00350283 -0.00194718 -0.00666416 -0.0100422 -0.010846 -0.00825447 -0.00435434 -0.00258756 -0.00259152 -1.61782e-05 0.00642039 0.0101646 
-0.0103417 -0.0189037 -0.0294988 -0.0303391 -0.0174704 0.00100046 0.0130122 0.0124684 0.00199242 -0.0106531 -0.0179408 -0.0167553 -0.00919979 0.000219219 0.00778452 0.0115619 0.0110865 0.00716342 0.0016657 -0.00346769 -0.00770577 -0.0117469 -0.0155014 -0.0179282 -0.0194277 -0.0217791 -0.0245073 -0.0239848 -0.0181814 -0.0110895 
-0.0075506 -0.00553389 -0.00880472 -0.0102621 -0.00576281 0.00181174 0.00651842 0.00470405 -0.0028363 -0.0115998 -0.0162286 -0.0140708 -0.00663154 0.00229358 0.00934677 0.0127258 0.0120991 0.00844417 0.00379557 8.88278e-05 -0.00267453 -0.00639431 -0.0122134 -0.0191296 -0.0257816 -0.0316617 -0.0356241 -0.0349888 -0.0279213 -0.016697 
-0.00152354 0.00614491 0.00756337 0.00584265 0.00409385 0.00270872 0.000580589 -0.00340261 -0.00921555 -0.0147032 -0.0166112 -0.0132299 -0.00576196 0.0027961 0.00962244 0.013167 0.0133102 0.0111514 0.0086176 0.00730065 0.00660517 0.00373702 -0.00335757 -0.0137219 -0.0244227 -0.0326799 -0.0365849 -0.034785 -0.0267677 -0.0141781 
-0.00233086 0.00608967 0.0104364 0.0107064 0.00753001 0.00195312 -0.00438535 -0.0104114 -0.0156178 -0.0187117 -0.018022 -0.0132011 -0.00568897 0.00219871 0.00841529 0.0119837 0.0131588 0.0130282 0.0130283 0.0140366 0.0148744 0.0123707 0.00419947 -0.00852162 -0.0216944 -0.0308892 -0.0338073 -0.0307539 -0.0232691 -0.0130513 
-0.00866971 -0.0024543 0.00346387 0.00698455 0.00587708 0.000123687 -0.00783768 -0.0154688 -0.0209567 -0.0225817 -0.0195886 -0.013155 -0.00550633 0.0013919 0.00641015 0.00948051 0.0113441 0.0128656 0.0146756 0.016811 0.017795 0.0147569 0.00579255 -0.00764332 -0.0209252 -0.0290555 -0.0300496 -0.0259107 -0.0201006 -0.0144208 
-0.0117609 -0.0092329 -0.00384628 0.00155674 0.00289963 -0.00138384 -0.009526 -0.0184421 -0.0248119 -0.0258032 -0.021023 -0.0130183 -0.00507393 0.000860254 0.004528 0.0068455 0.00894741 0.0112901 0.0136516 0.0154309 0.0153197 0.0113816 0.00265569 -0.0090662 -0.0194131 -0.0240523 -0.0220874 -0.0169293 -0.0130786 -0.0120562 
-0.0044566 -0.00613477 -0.00383318 0.000320365 0.00204853 -0.00144153 -0.00978441 -0.019988 -0.0274567 -0.0283086 -0.0223551 -0.0131679 -0.0049071 0.000409762 0.00318791 0.00502945 0.00718482 0.00967227 0.0116681 0.0122904 0.0107342 0.00629611 -0.000841396 -0.00868192 -0.0137464 -0.0132213 -0.0076555 -0.00126742 0.00142574 -0.000593896 
0.0119373 0.00692194 0.0049094 0.00528674 0.00477558 7.77394e-05 -0.00953983 -0.0211627 -0.0294266 -0.0301692 -0.0236599 -0.0140214 -0.00568152 -0.000558806 0.00207987 0.00400045 0.006281 0.00864845 0.0100723 0.00969519 0.00724464 0.00307501 -0.00169002 -0.00505278 -0.00467513 0.000632765 0.00925058 0.016985 0.0199809 0.0175 
0.0283542 0.0224857 0.017522 0.0139854 0.00986816 0.00229191 -0.00943215 -0.0220905 -0.0303474 -0.0308196 -0.0244698 -0.0153456 -0.00742178 -0.00232783 0.000647947 0.00298582 0.00545362 0.00770946 0.00885244 0.00821272 0.00585592 0.00268703 0.000242888 0.000257834 0.00404066 0.0116738 0.0213058 0.0295881 0.0336759 0.0328542 
0.0359283 0.0322224 0.0273651 0.0218782 0.0147163 0.0042967 -0.00891685 -0.0213752 -0.0287136 -0.0290009 -0.0236764 -0.0160653 -0.00922405 -0.00444147 -0.00124553 0.00138324 0.00394037 0.00618342 0.00748766 0.00737378 0.00598094 0.00422212 0.00347409 0.0049805 0.00933311 0.0162062 0.0242375 0.0313675 0.0359341 0.0373897 
0.0325981 0.0328406 0.0306859 0.0257123 0.017483 0.00609334 -0.006635 -0.0173706 -0.0233255 -0.0238862 -0.0203838 -0.0150366 -0.00991664 -0.00602353 -0.00314347 -0.000630757 0.00186605 0.00424362 0.00608856 0.0069764 0.00688117 0.00638386 0.00641755 0.00775374 0.0106666 0.0149039 0.0197364 0.0242121 0.0278256 0.0306723 
0.0226137 0.0265629 0.0279237 0.0251331 0.0181449 0.00836114 -0.00180275 -0.00992697 -0.0146831 -0.0160386 -0.0147285 -0.0119201 -0.00890717 -0.00644498 -0.00445007 -0.00244627 -0.000106999 0.00253237 0.00508823 0.00701388 0.00797228 0.00814301 0.00811922 0.00850629 0.00961873 0.0113457 0.0131401 0.0145074 0.0158945 0.0185079 
0.0122087 0.0182016 0.0222254 0.022026 0.0177831 0.0113467 0.00470866 -0.00090089 -0.00496161 -0.00729139 -0.0079554 -0.00743991 -0.00652743 -0.00572486 -0.00492017 -0.00363705 -0.00152376 0.0013502 0.00448675 0.00713938 0.00867387 0.00899462 0.00861773 0.00829058 0.00850451 0.00906235 0.00903772 0.00782463 0.00657213 0.00768829 
0.00557494 0.0116016 0.0166343 0.0183778 0.0170204 0.0140592 0.0105394 0.00676832 0.00309594 0.000114862 -0.00184517 -0.00298863 -0.00377314 -0.00443135 -0.00472554 -0.00412903 -0.0022966 0.00060763 0.00395881 0.00689524 0.00866062 0.00907808 0.00871045 0.00844507 0.00882145 0.00938353 0.00870587 0.00595543 0.00268581 0.00202971 
0.00268575 0.00734752 0.0119739 0.0146414 0.0153143 0.014779 0.0132728 0.0107057 0.0075413 0.00457982 0.00216895 0.00014332 -0.0017022 -0.00331125 -0.00431341 -0.00419069 -0.00267539 -1.62887e-05 0.00313697 0.00598317 0.00786494 0.00865472 0.00885391 0.00920425 0.0100891 0.0109032 0.0100971 0.00682375 0.00267393 0.00073432 
0.000684722 0.00386031 0.00761127 0.0104352 0.0120321 0.0126426 0.0121648 0.0105106 0.00820974 0.00591624 0.00372924 0.0014576 -0.000851979 -0.00287923 -0.00418322 -0.00434042 -0.00319777 -0.00102137 0.00164557 0.00420294 0.00620455 0.00755784 0.00849305 0.00933666 0.0102441 0.0107332 0.00962269 0.00634491 0.00229185 -5.64051e-05 
-0.00267408 6.24739e-05 0.00335033 0.00597777 0.00762594 0.0084724 0.00849502 0.00770873 0.00651334 0.00518311 0.00350658 0.00131907 -0.0010825 -0.00319918 -0.00460772 -0.00501273 -0.00434074 -0.00279212 -0.000721804 0.00150401 0.00360323 0.00539752 0.00672261 0.0074509 0.00757258 0.00689294 0.00488494 0.00155464 -0.00181194 -0.00348372 
-0.00798916 -0.00442038 -0.000905081 0.00153281 0.00287239 0.00363622 0.00406613 0.00418758 0.00410359 0.00367474 0.00248294 0.000472808 -0.00186082 -0.00396232 -0.00548856 -0.00623808 -0.00614266 -0.00528768 -0.00383601 -0.00197054 8.06599e-05 0.00195877 0.00314422 0.0031957 0.00199786 -0.000411596 -0.00387774 -0.00759224 -0.0100755 -0.0102035 
-0.0155867 -0.0106195 -0.00644744 -0.0039266 -0.00263842 -0.00163607 -0.000478646 0.00073909 0.00176977 0.00215644 0.00142259 -0.00033996 -0.00252962 -0.00462573 -0.00636365 -0.00756689 -0.00811954 -0.00800359 -0.00724508 -0.0059051 -0.00420413 -0.00265914 -0.002012 -0.00287778 -0.00549198 -0.00973361 -0.0148849 -0.01931 -0.0211483 -0.0196495 
-0.0254317 -0.0193248 -0.0144993 -0.0116214 -0.00984656 -0.00794527 -0.00547054 -0.00275267 -0.00037532 0.000991845 0.000892561 -0.000464987 -0.00244646 -0.00457395 -0.00660097 -0.00831751 -0.00955175 -0.0102282 -0.0103038 -0.0097548 -0.00875985 -0.00788808 -0.00798524 -0.00979591 -0.0137126 -0.0195961 -0.0263002 -0.0315823 -0.033287 -0.0308245 
-0.0349451 -0.0282846 -0.0231595 -0.020008 -0.0175602 -0.0144084 -0.0102495 -0.00573057 -0.00175782 0.000822771 0.00155236 0.000687196 -0.00112079 -0.00336895 -0.00575725 -0.0080254 -0.00996514 -0.0114695 -0.0124569 -0.0128349 -0.0126958 -0.0125677 -0.0133492 -0.0159385 -0.02088 -0.0279616 -0.0357229 -0.0416711 -0.0435973 -0.0409058 
-0.0391233 -0.0324477 -0.0275734 -0.0246582 -0.0219573 -0.0179008 -0.0123796 -0.00635407 -0.00100514 0.00264601 0.00406454 0.00349207 0.00162441 -0.00093421 -0.00379172 -0.00665768 -0.00931523 -0.0116198 -0.0134262 -0.0145567 -0.0150023 -0.0152335 -0.0162177 -0.0190277 -0.0242957 -0.031673 -0.0395639 -0.0456046 -0.0477215 -0.0451543 
-0.0354144 -0.0291691 -0.0249876 -0.0227628 -0.0203488 -0.0160986 -0.0101051 -0.00350967 0.00240581 0.00650683 0.00813579 0.00747627 0.00527166 0.00224064 -0.00113931 -0.00457217 -0.00785931 -0.0108119 -0.0131644 -0.0145999 -0.0150196 -0.0149081 -0.0153586 -0.0175756 -0.022162 -0.0286538 -0.0356148 -0.0411379 -0.0433385 -0.0411233 
-0.027696 -0.0221712 -0.018623 -0.0169095 -0.0148275 -0.0108504 -0.00523743 0.00092137 0.00651222 0.0104261 0.011893 0.0109975 0.00846802 0.00507191 0.001337 -0.00244412 -0.00610459 -0.00941267 -0.0119372 -0.0131784 -0.0130001 -0.0120257 -0.0115219 -0.0127122 -0.0160414 -0.021007 -0.0265781 -0.0314628 -0.0339572 -0.0325572 
-0.022705 -0.0179101 -0.0144662 -0.0125693 -0.0104104 -0.00672829 -0.00183148 0.00345913 0.0083993 0.0120197 0.0134544 0.0126289 0.0101556 0.006767 0.00300864 -0.000825036 -0.00458338 -0.00797762 -0.0104023 -0.0112036 -0.0103026 -0.00855742 -0.00738329 -0.00789747 -0.0103314 -0.0141902 -0.0188174 -0.0234146 -0.0264943 -0.0263108 
-0.0225685 -0.0183218 -0.0145546 -0.0119647 -0.00937906 -0.00582148 -0.00151858 0.00308975 0.00768442 0.0114418 0.0133494 0.0130873 0.0110789 0.00798766 0.00437253 0.000554265 -0.00328142 -0.00675563 -0.00912782 -0.00969009 -0.00850006 -0.00661558 -0.00546091 -0.005975 -0.00827902 -0.0119313 -0.016363 -0.0208948 -0.024307 -0.0250452 
-0.0229848 -0.0191773 -0.0152307 -0.0121137 -0.00922628 -0.00584066 -0.00202346 0.00220058 0.00689335 0.0112824 0.0140899 0.0146628 0.0132127 0.0103456 0.00666 0.00256323 -0.00164263 -0.00546697 -0.00812352 -0.00897218 -0.00819733 -0.00684883 -0.00612148 -0.00678132 -0.00910994 -0.0128765 -0.0173274 -0.0214634 -0.0242975 -0.0249428 
-0.0185614 -0.0154339 -0.0120847 -0.009305 -0.00681018 -0.00405587 -0.000904562 0.00300668 0.00798745 0.0131817 0.0169708 0.0183421 0.0172849 0.014339 0.0101721 0.00537431 0.000457932 -0.00398534 -0.0072438 -0.00883939 -0.00898829 -0.00845548 -0.00797846 -0.00819658 -0.00982096 -0.0130427 -0.0168733 -0.0197889 -0.0209834 -0.0205164 
-0.00834703 -0.00675892 -0.00527239 -0.0040329 -0.00277655 -0.00111361 0.00122309 0.00482166 0.0100357 0.0158584 0.0204175 0.0224208 0.0216186 0.0184243 0.0135749 0.00792097 0.00225377 -0.00276402 -0.00659854 -0.00898039 -0.0100633 -0.010172 -0.00951807 -0.00864467 -0.00871822 -0.0103694 -0.0124782 -0.0131766 -0.0119999 -0.0100823 
0.00335757 0.00217404 0.000620003 -0.00045474 -0.000660648 9.905e-05 0.00193635 0.00539505 0.0107379 0.016885 0.0219191 0.0244215 0.0239239 0.0206616 0.0153866 0.00918566 0.00312345 -0.00208663 -0.00612543 -0.00894007 -0.0106057 -0.0110546 -0.0100877 -0.00815421 -0.00663849 -0.00634004 -0.00603907 -0.00388741 -0.000155883 0.00278776 
0.0105682 0.00622971 0.00161882 -0.00140901 -0.00238383 -0.00170563 0.000259113 0.00381854 0.00919584 0.0154231 0.0207276 0.0236973 0.0237126 0.0208215 0.0156916 0.00950391 0.00351143 -0.00151667 -0.00543251 -0.00838009 -0.0104051 -0.0111933 -0.0103017 -0.00807484 -0.00584136 -0.0042461 -0.00190827 0.00276808 0.00853992 0.0118158 
0.0104119 0.00431065 -0.0017939 -0.00542964 -0.00612637 -0.00481602 -0.00242855 0.00115865 0.00634079 0.0124581 0.017973 0.0215066 0.0223004 0.0201991 0.0156951 0.0099169 0.00419788 -0.000631403 -0.00450976 -0.00771235 -0.0102723 -0.0117311 -0.0115169 -0.00988061 -0.00798221 -0.00620304 -0.00301796 0.002897 0.00960506 0.0128334 
0.00558162 -0.000249523 -0.00589256 -0.00881264 -0.00870253 -0.00693852 -0.00471756 -0.00171651 0.00288913 0.00879906 0.0146334 0.0189358 0.0207282 0.0196221 0.0159272 0.0106765 0.00519913 0.000343741 -0.00384446 -0.00762736 -0.0109289 -0.0131809 -0.0138103 -0.0130843 -0.0120315 -0.0107845 -0.00774184 -0.00182802 0.00478724 0.00792141 
0.00257728 -0.00257122 -0.00721083 -0.00923546 -0.00894458 -0.00808748 -0.00747209 -0.00594966 -0.00215942 0.00369996 0.010128 0.0154352 0.0183844 0.0183889 0.0156415 0.0111075 0.00604416 0.00122711 -0.0032766 -0.00753286 -0.0112046 -0.0136508 -0.0144924 -0.0142119 -0.0137476 -0.0128647 -0.00984899 -0.00403034 0.00213506 0.00482911 
0.00626836 -0.000126937 -0.00526354 -0.0077495 -0.00894404 -0.0108041 -0.0130864 -0.0134638 -0.0102865 -0.00410111 0.00321317 0.00972818 0.0140489 0.0154656 0.0140827 0.0107982 0.00676013 0.0026197 -0.00152505 -0.0054768 -0.00861003 -0.0102594 -0.0103116 -0.00951077 -0.00866359 -0.00705713 -0.00291135 0.0036476 0.00931311 0.0103746 
0.0150851 0.00473073 -0.00321914 -0.00803413 -0.0120732 -0.0172061 -0.0220824 -0.0236512 -0.0205143 -0.0137835 -0.00559171 0.00216424 0.00809889 0.0113459 0.011806 0.0102606 0.00779402 0.00500564 0.00202817 -0.00080142 -0.00274916 -0.00314583 -0.00189156 0.000338379 0.00296602 0.00690968 0.0135212 0.0213998 0.026017 0.0236621 
0.022476 0.00679061 -0.00513226 -0.0128862 -0.0192373 -0.0258188 -0.0310104 -0.0321852 -0.0286387 -0.0217206 -0.0132439 -0.0046357 0.00283649 0.00796346 0.0102094 0.0101719 0.00898866 0.00737879 0.00557491 0.00392268 0.00302241 0.00346932 0.00565714 0.00950932 0.0148928 0.0224714 0.0323783 0.0414876 0.0441403 0.0369953 
0.0247322 0.00443406 -0.0107766 -0.0203744 -0.0268 -0.0316429 -0.0343698 -0.0339395 -0.0302862 -0.0242056 -0.0165225 -0.00791978 0.000431226 0.00679899 0.0100327 0.0104955 0.00947473 0.00797585 0.00647821 0.00538306 0.00502701 0.00567312 0.00790641 0.012555 0.0203838 0.0318342 0.0453813 0.0558074 0.0564221 0.0446396 
0.0267614 0.003656 -0.0135185 -0.0236496 -0.0283333 -0.0295114 -0.0288223 -0.0272733 -0.024819 -0.0208647 -0.014983 -0.00730122 0.000944697 0.00751816 0.0107038 0.0106354 0.0087652 0.00645136 0.00452509 0.00353931 0.00353301 0.00413546 0.0057006 0.00990263 0.0189126 0.0335883 0.0510378 0.0638809 0.0641891 0.0498898 
0.0370388 0.0124156 -0.00633122 -0.0170923 -0.0205154 -0.0191827 -0.0170195 -0.0165377 -0.0168844 -0.0157439 -0.011843 -0.00537349 0.00215468 0.00824081 0.01089 0.0100779 0.00734995 0.00432826 0.00210285 0.00130508 0.00168726 0.00224775 0.00293533 0.00606045 0.0153389 0.0326369 0.0544257 0.0715622 0.0745767 0.0609615 
0.0562986 0.0302502 0.00923072 -0.00351094 -0.00797312 -0.00736436 -0.00701531 -0.00976987 -0.0134818 -0.0145336 -0.0116408 -0.00570862 0.00135548 0.00709138 0.00956577 0.00868732 0.00595449 0.0030172 0.000967397 0.000375013 0.00088494 0.00128842 0.00135526 0.00377509 0.0133965 0.0331394 0.0594945 0.0822487 0.0903054 0.0797126 
0.0737917 0.0459448 0.022366 0.00712281 0.000202915 -0.00213207 -0.00542107 -0.0117656 -0.0178283 -0.019512 -0.0161592 -0.0096277 -0.00222239 0.00379081 0.00674277 0.00654518 0.00451179 0.00207287 0.00014715 -0.000657237 -0.000379134 2.17016e-05 0.000199768 0.00275229 0.0129728 0.0345408 0.0643778 0.0918943 0.104652 0.0969635 
0.0768029 0.0475924 0.0231284 0.00753027 -0.000264166 -0.00473805 -0.010823 -0.0193147 -0.0261177 -0.0272493 -0.0226712 -0.0149355 -0.00671138 -0.000146964 0.00338893 0.00388711 0.00244624 0.000188323 -0.00208731 -0.00341784 -0.00314516 -0.00193888 -0.000674319 0.00254152 0.0128781 0.0344632 0.0648343 0.0936395 0.107856 0.10074 
0.0646699 0.0360439 0.0139028 0.00161842 -0.00377358 -0.00785204 -0.0147432 -0.0239232 -0.0308835 -0.0317695 -0.0266197 -0.0182093 -0.00956543 -0.00289292 0.000702048 0.00136386 4.06146e-05 -0.00238752 -0.00511613 -0.00671582 -0.00588145 -0.00321823 -0.000389863 0.00353353 0.0132013 0.0327288 0.060173 0.0860431 0.0979521 0.0893058 
0.0508671 0.025821 0.00857433 0.00155731 0.000148636 -0.0022473 -0.00926425 -0.0194397 -0.0278649 -0.0303779 -0.0264959 -0.018814 -0.0106383 -0.00434746 -0.000930898 -0.000182406 -0.00130666 -0.00359288 -0.00623721 -0.00763938 -0.00628744 -0.00276494 0.000950994 0.00516375 0.0137257 0.0302027 0.0530232 0.0741475 0.0829227 0.0737009 
0.0487029 0.0299654 0.0181724 0.0154234 0.0167373 0.0150065 0.00652412 -0.00675798 -0.0192276 -0.0259017 -0.0254225 -0.0198753 -0.0126178 -0.00632447 -0.00226895 -0.000544958 -0.000649941 -0.00203597 -0.00398873 -0.00511259 -0.00410099 -0.00137659 0.0014873 0.00474281 0.0115437 0.0249366 0.0439424 0.0622635 0.0711437 0.0655687 
0.0582223 0.0471192 0.0398545 0.0391864 0.0411191 0.0384383 0.0268258 0.00842817 -0.0101267 -0.0227342 -0.0269898 -0.0241482 -0.0174082 -0.0100174 -0.00409311 -0.000422571 0.00109287 0.000853771 -0.000508098 -0.00185282 -0.00214098 -0.0015744 -0.00110355 -0.000224612 0.00393476 0.0144394 0.0312958 0.0499654 0.0631921 0.0657103 
0.0694037 0.0653875 0.061136 0.0608759 0.0623495 0.0583681 0.0436862 0.0203884 -0.00397944 -0.0222656 -0.0309696 -0.0303236 -0.0233575 -0.0142079 -0.00617152 -0.000804869 0.00169423 0.00170603 -5.39124e-05 -0.00242531 -0.00437048 -0.00585301 -0.00742274 -0.00847559 -0.00639433 0.00184114 0.0170617 0.0366318 0.0551431 0.0669119 
0.0747732 0.0755816 0.0725142 0.0714982 0.0722715 0.0678987 0.0522114 0.0267949 -0.000568346 -0.0221644 -0.0335931 -0.0341587 -0.0267893 -0.0164884 -0.00757346 -0.00211013 -0.000307967 -0.00155313 -0.0048098 -0.00863699 -0.0117677 -0.0138934 -0.0153631 -0.015766 -0.0132361 -0.0057158 0.00757662 0.0259514 0.0467916 0.0648918 
0.0791949 0.0812185 0.0768083 0.0733085 0.0725447 0.0684339 0.0541456 0.0301257 0.0034115 -0.0184173 -0.0305882 -0.0318714 -0.0249847 -0.0152172 -0.00734681 -0.00363856 -0.00407891 -0.00753522 -0.0124523 -0.0171375 -0.0202879 -0.0215106 -0.0210134 -0.0185278 -0.0130028 -0.0037765 0.00905991 0.0258277 0.0462978 0.0664253 
0.101247 0.0991313 0.0885945 0.0785471 0.0731101 0.0677277 0.0551761 0.0341904 0.0103038 -0.00965967 -0.0213269 -0.0235166 -0.018451 -0.0108324 -0.00528944 -0.00416476 -0.00719386 -0.0125617 -0.0181046 -0.0221307 -0.0238274 -0.0231631 -0.020252 -0.0145036 -0.00472834 0.00939786 0.0269531 0.0473427 0.0698468 0.0902534 
0.158565 0.144908 0.120371 0.0968276 0.0810457 0.0702339 0.0569179 0.0379501 0.0170036 -0.000395497 -0.0110297 -0.014221 -0.0114228 -0.0061625 -0.00263488 -0.00332961 -0.00786594 -0.0138131 -0.0184873 -0.0204127 -0.0195619 -0.0164815 -0.0112005 -0.00237958 0.0125272 0.0353006 0.0650922 0.0986774 0.13077 0.153388 
0.241524 0.210321 0.165135 0.122274 0.0912672 0.0709979 0.0540373 0.0356171 0.0172739 0.00263088 -0.00659227 -0.0101556 -0.00860471 -0.0043201 -0.0011873 -0.00196704 -0.00634871 -0.0115703 -0.0146548 -0.0142947 -0.0109042 -0.00525595 0.00274374 0.0150424 0.0358286 0.0693557 0.115927 0.169403 0.217402 0.244768 
