0.372551 0.326233 0.248293 0.180232 0.135294 0.102495 0.0687228 0.0318915 7.26859e-05 -0.0181776 -0.022322 -0.0193939 -0.016945 -0.0172047 -0.0177399 -0.0163869 -0.0136789 -0.0109625 -0.0085278 -0.00655444 -0.0064102 -0.00892121 -0.0113029 -0.00762052 0.00782616 0.0398645 0.0944192 0.175473 0.272751 0.352034 
0.36413 0.31569 0.236946 0.169485 0.126815 0.0973222 0.0662492 0.0306544 -0.000882149 -0.0191184 -0.0233026 -0.0205333 -0.0184501 -0.0191534 -0.0199002 -0.0183459 -0.0150666 -0.0116197 -0.00868335 -0.00674279 -0.00680293 -0.00858957 -0.00858938 -0.00163654 0.0162349 0.0485913 0.101156 0.178584 0.271652 0.346919 
0.288074 0.246333 0.182177 0.129178 0.0975748 0.0766447 0.0529288 0.02371 -0.00301664 -0.0185892 -0.0220957 -0.0198462 -0.0185977 -0.0198384 -0.0206848 -0.0190019 -0.0155418 -0.0119027 -0.00888139 -0.00707745 -0.00709317 -0.00773977 -0.00534302 0.0035598 0.0203169 0.0467266 0.0877822 0.148074 0.220477 0.277847 
0.187197 0.154899 0.109808 0.0752723 0.0572672 0.0465153 0.0319336 0.0113512 -0.00828803 -0.0193471 -0.0209043 -0.0184383 -0.0176032 -0.0190954 -0.0199558 -0.0183801 -0.0152461 -0.0119955 -0.00931565 -0.00775884 -0.00757563 -0.00703959 -0.00280293 0.00666706 0.0201121 0.0375712 0.063318 0.101952 0.148873 0.184644 
0.102158 0.0769082 0.04672 0.027011 0.020148 0.0178049 0.0108634 -0.00234297 -0.0156377 -0.0220938 -0.0209159 -0.017236 -0.0159806 -0.0172234 -0.017958 -0.0165687 -0.0138237 -0.0108385 -0.00813699 -0.00628096 -0.00547866 -0.00405386 0.000768467 0.00932284 0.0188864 0.0282414 0.0409184 0.0615825 0.087777 0.106075 
0.0500754 0.0295507 0.00918024 -0.000591783 -0.000157678 0.00241218 -0.000548843 -0.0100186 -0.0199878 -0.0237611 -0.0207073 -0.0159771 -0.0141334 -0.0149121 -0.0153933 -0.0140596 -0.01137 -0.00796547 -0.00415323 -0.000608991 0.00200899 0.00447998 0.00866914 0.0147658 0.0203722 0.0239572 0.0281164 0.0372013 0.0502527 0.0577513 
0.0289226 0.0142726 0.00189532 -0.00100021 0.00331662 0.00698859 0.0037986 -0.00615153 -0.0165519 -0.0207199 -0.0181644 -0.0140236 -0.0125096 -0.0131921 -0.0134639 -0.0120461 -0.00913377 -0.00485859 0.000820059 0.00720718 0.0129341 0.0171913 0.020428 0.0231755 0.0246605 0.0240138 0.0230179 0.0255742 0.0320222 0.0355614 
0.0296147 0.0235836 0.0192376 0.021337 0.0267526 0.0283475 0.0215744 0.00798092 -0.00556968 -0.0125435 -0.0127118 -0.0110109 -0.0111099 -0.0124548 -0.0129028 -0.0115798 -0.00861641 -0.00379761 0.0032883 0.012147 0.0209599 0.0274634 0.030593 0.0309417 0.02919 0.0253623 0.0210271 0.0202563 0.0248934 0.0301876 
0.0412625 0.0440076 0.0465741 0.0518812 0.0566205 0.0546458 0.0431041 0.0251788 0.00827734 -0.00171406 -0.00520534 -0.00678775 -0.00932633 -0.0120608 -0.0132989 -0.012588 -0.010133 -0.00560564 0.00159905 0.0112499 0.0216019 0.0299152 0.0343198 0.0349656 0.0325649 0.0272646 0.0210296 0.0189996 0.024542 0.0341805 
0.0517731 0.0599662 0.0665545 0.0733389 0.0770066 0.0721811 0.0574122 0.0373409 0.0194926 0.008361 0.00248312 -0.00217736 -0.00727625 -0.0116096 -0.0138698 -0.0140535 -0.0125184 -0.00894709 -0.00272312 0.00608295 0.0161729 0.025348 0.0318502 0.0350872 0.0344491 0.0293249 0.0223302 0.0199973 0.0267618 0.039658 
0.0518123 0.0617388 0.0696705 0.076726 0.0796837 0.0738135 0.0587025 0.0398727 0.0242429 0.014318 0.00747758 0.000575396 -0.00643272 -0.011686 -0.0142903 -0.0148668 -0.0140711 -0.0116381 -0.00696224 4.21981e-05 0.00872824 0.017901 0.0262578 0.0323284 0.0338362 0.0292909 0.0218224 0.0188434 0.0252728 0.0384913 
0.0401959 0.0504296 0.0589423 0.0658443 0.0681773 0.062292 0.048782 0.0334086 0.0218238 0.0144214 0.00773455 -0.000230838 -0.00788631 -0.0127895 -0.0145411 -0.0145157 -0.0138214 -0.012336 -0.00944178 -0.00477294 0.00182571 0.010212 0.0194601 0.0272881 0.030178 0.0260139 0.0178645 0.0131352 0.0170446 0.0279377 
0.023464 0.0343091 0.0439392 0.0507523 0.0520808 0.0459804 0.03436 0.0228251 0.0153673 0.0105301 0.00450547 -0.00350945 -0.0107045 -0.014376 -0.014597 -0.013352 -0.0121914 -0.0112416 -0.00993323 -0.00760995 -0.0033915 0.00345557 0.0124163 0.0209115 0.0248371 0.0214156 0.0127813 0.00561608 0.00561029 0.0128375 
0.0100354 0.0217101 0.0327055 0.0396202 0.039905 0.0333247 0.0231564 0.0147142 0.010361 0.00725594 0.00165899 -0.00619353 -0.0127675 -0.0153752 -0.0144125 -0.0121586 -0.0104222 -0.00955979 -0.00908991 -0.00822317 -0.00579461 -0.000685867 0.00707518 0.015366 0.0201583 0.0179368 0.009432 0.000364441 -0.00311204 0.000792769 
0.0052641 0.0173453 0.0291505 0.0364225 0.0365051 0.0299206 0.0206656 0.0138407 0.0108255 0.008065 0.00206948 -0.00616626 -0.0127352 -0.0150828 -0.0137917 -0.0112104 -0.00920953 -0.00821844 -0.00774803 -0.00701143 -0.00507903 -0.00107541 0.00529895 0.0127523 0.0177348 0.0163058 0.00828334 -0.00120465 -0.00591093 -0.00335994 
0.0104831 0.0220562 0.0333139 0.0406729 0.0414064 0.0355042 0.0265877 0.0196501 0.0160395 0.0122568 0.00514098 -0.00388938 -0.0108545 -0.013437 -0.0123844 -0.0100364 -0.00819121 -0.00717184 -0.00635715 -0.00501832 -0.00270587 0.000938905 0.00638001 0.0130282 0.0177476 0.0165766 0.00932609 0.00112595 -0.0020831 0.00159221 
0.0234688 0.0330992 0.0415423 0.0472888 0.0482224 0.0432279 0.0345667 0.0267758 0.0216012 0.0162169 0.00802664 -0.00136993 -0.00830658 -0.0109272 -0.0101802 -0.00831399 -0.00690729 -0.00606513 -0.00505161 -0.00328077 -0.000728563 0.00267548 0.00767837 0.0141981 0.0192789 0.0190582 0.0136387 0.00818959 0.00809985 0.0141768 
0.0382467 0.0446155 0.048142 0.049927 0.0495442 0.0453387 0.0377604 0.0299823 0.0237203 0.0171522 0.00866538 -7.40288e-05 -0.00611828 -0.00830043 -0.00774273 -0.00643097 -0.00556019 -0.00500691 -0.00406132 -0.00235394 -8.11915e-05 0.00286379 0.00759035 0.0144206 0.0206719 0.0227254 0.0205935 0.0186953 0.0215716 0.0293882 
0.0470873 0.0500674 0.0486238 0.0457251 0.0430838 0.0395116 0.0339251 0.0274798 0.0212606 0.0145165 0.00682379 -0.000253286 -0.00474227 -0.00618251 -0.00571609 -0.00490182 -0.00450096 -0.00426448 -0.00361147 -0.00228102 -0.000420552 0.00215644 0.00654661 0.0132207 0.0201888 0.0246369 0.0262153 0.0276225 0.0320627 0.0397726 
0.0457156 0.0463136 0.0420128 0.0361333 0.0317108 0.028479 0.0246923 0.0199186 0.0145935 0.00881871 0.00299773 -0.00171254 -0.00432171 -0.004867 -0.00432015 -0.00376669 -0.00364281 -0.0037266 -0.00356109 -0.00275227 -0.00114514 0.00140606 0.00542406 0.0110744 0.0172707 0.0226158 0.0266982 0.0302413 0.0347205 0.0406698 
0.0359456 0.0351907 0.0304339 0.0241362 0.0191549 0.015815 0.012712 0.00908165 0.00514932 0.00133349 -0.0018903 -0.00398531 -0.00467504 -0.00422726 -0.00337113 -0.00279261 -0.00273859 -0.00310058 -0.00351239 -0.00333386 -0.00199943 0.000621411 0.00432633 0.00862523 0.0129789 0.0174017 0.0219751 0.0261572 0.0298007 0.0333668 
0.0223242 0.0206021 0.0166555 0.0117428 0.0073787 0.00384507 0.000698433 -0.00208755 -0.00420418 -0.00555194 -0.00618462 -0.00606953 -0.00519154 -0.00384762 -0.00260844 -0.00189997 -0.00183659 -0.00238735 -0.00326962 -0.00371935 -0.00286629 -0.000433195 0.00299144 0.0062652 0.00878701 0.0113514 0.0147961 0.0183471 0.0208085 0.0221215 
0.00775741 0.00512854 0.00230389 -0.000427948 -0.00323399 -0.00631211 -0.00911776 -0.0106944 -0.010737 -0.00981665 -0.00858056 -0.00712415 -0.0052974 -0.00334303 -0.0018309 -0.0010936 -0.00112368 -0.00184003 -0.00299467 -0.00389 -0.00360827 -0.00169023 0.0012939 0.00386871 0.0050799 0.00581923 0.00746502 0.00957509 0.0105367 0.00975313 
-0.00658474 -0.00979974 -0.0114277 -0.0118181 -0.0125045 -0.0142475 -0.0158703 -0.0157932 -0.0139214 -0.0114212 -0.00919373 -0.00712798 -0.00481382 -0.00247804 -0.000808253 -0.000182178 -0.000498963 -0.00149544 -0.00283419 -0.00396522 -0.00418319 -0.00302129 -0.000857561 0.00091988 0.00117032 0.000525744 0.000434145 0.000764968 -7.1385e-05 -0.00282597 
-0.0186467 -0.0217975 -0.0221687 -0.0204827 -0.019098 -0.0192113 -0.0194021 -0.0178618 -0.0147173 -0.0114087 -0.00875617 -0.0063774 -0.0037445 -0.00115647 0.00058322 0.00101854 0.000298622 -0.00109586 -0.00264912 -0.00393141 -0.00456623 -0.00426611 -0.00323314 -0.00248658 -0.00305182 -0.00463144 -0.0060835 -0.00739815 -0.0098583 -0.0140071 
-0.0253657 -0.0278697 -0.0271347 -0.0240133 -0.0211735 -0.0200646 -0.0193143 -0.0171176 -0.0136416 -0.0102378 -0.00749211 -0.00491464 -0.00210337 0.000517601 0.00214062 0.00231719 0.00122603 -0.000512439 -0.00224718 -0.00362134 -0.00452403 -0.00487995 -0.00480332 -0.00493463 -0.00606104 -0.0081699 -0.0105243 -0.0129947 -0.0163713 -0.020894 
-0.0256601 -0.0272447 -0.0258549 -0.0222271 -0.0187938 -0.017013 -0.0158336 -0.0137195 -0.0107319 -0.00782804 -0.00529435 -0.00272679 -2.53777e-05 0.00227269 0.00349083 0.00331642 0.00198118 0.000135024 -0.0015652 -0.00282711 -0.00367851 -0.00418791 -0.00447238 -0.00495049 -0.00622302 -0.00848747 -0.0113456 -0.0144935 -0.0181136 -0.0221388 
-0.0216513 -0.0222985 -0.0208162 -0.0176001 -0.0142998 -0.012119 -0.0105891 -0.0087716 -0.00661778 -0.00452087 -0.00244033 -0.00015224 0.00211498 0.00377865 0.00438245 0.00383095 0.00242991 0.000771238 -0.000605807 -0.00150798 -0.00203709 -0.00235104 -0.00260859 -0.0030998 -0.00425577 -0.0063885 -0.0093951 -0.012861 -0.01636 -0.0194599 
-0.0164279 -0.0164275 -0.0153309 -0.0130556 -0.0102537 -0.00777295 -0.00580827 -0.00413832 -0.00266629 -0.00127761 0.000316554 0.00216088 0.00381229 0.00474693 0.00476053 0.00396977 0.00270998 0.00142869 0.0004706 -9.33359e-05 -0.000414119 -0.000703456 -0.00113979 -0.00184799 -0.00296753 -0.00474965 -0.00737092 -0.0105407 -0.0134847 -0.0154932 
-0.0120681 -0.0121356 -0.0117942 -0.0105108 -0.00824757 -0.00560781 -0.00323017 -0.00140618 -8.45025e-05 0.00106487 0.00237847 0.003777 0.00479897 0.00510248 0.00473149 0.00393604 0.0029664 0.00203041 0.00125539 0.000636294 5.44403e-05 -0.000677258 -0.00171522 -0.00298582 -0.00421733 -0.00539835 -0.00691999 -0.00889766 -0.010719 -0.0117386 
-0.00970129 -0.0106566 -0.0112563 -0.010721 -0.00886217 -0.00618273 -0.00339746 -0.00101181 0.000839036 0.00233649 0.00366396 0.004702 0.00516239 0.00498738 0.0044423 0.00380538 0.00312955 0.00233236 0.00135606 0.000213211 -0.00105318 -0.00248553 -0.00418366 -0.00594604 -0.00715718 -0.0074893 -0.00746408 -0.00775843 -0.00835266 -0.00896003 
-0.00959627 -0.0116681 -0.0130217 -0.0129172 -0.0113324 -0.0086777 -0.00547547 -0.00227652 0.000489471 0.00265439 0.00417847 0.00497182 0.00499858 0.00449688 0.00390004 0.00343984 0.00294644 0.0020941 0.000711289 -0.00111329 -0.00311248 -0.00510524 -0.00710337 -0.00889069 -0.00974104 -0.0091718 -0.00781054 -0.00683447 -0.00683441 -0.00780539 
-0.0107269 -0.0133032 -0.0149198 -0.0150681 -0.0138249 -0.0113836 -0.007984 -0.00417066 -0.000648692 0.00208898 0.00382923 0.00452149 0.00431216 0.00363962 0.0030341 0.00266766 0.00222599 0.00126652 -0.000422985 -0.00270075 -0.00513932 -0.00735112 -0.00923172 -0.0106069 -0.0108652 -0.00961701 -0.00762554 -0.00632866 -0.00654429 -0.00818623 
-0.0114044 -0.0136554 -0.0151693 -0.0156357 -0.014961 -0.0130148 -0.00980493 -0.00585448 -0.00202928 0.00098024 0.0028591 0.00355981 0.00328732 0.0025562 0.00192755 0.00153987 0.00105507 4.63928e-05 -0.00169767 -0.00405501 -0.00655859 -0.00868551 -0.0102084 -0.011 -0.0106751 -0.00909334 -0.00715088 -0.00625895 -0.00701625 -0.00897602 
-0.0108254 -0.0124345 -0.0138574 -0.0147903 -0.0147757 -0.0133952 -0.0105723 -0.00683208 -0.003079 -6.92601e-05 0.0018305 0.00254243 0.0022594 0.00149904 0.000804609 0.000301468 -0.000282515 -0.00127537 -0.00287687 -0.00504196 -0.00734624 -0.00919586 -0.0102738 -0.0105171 -0.00978018 -0.00815703 -0.00657851 -0.00623437 -0.00732835 -0.00908182 
-0.00972852 -0.0108736 -0.0123444 -0.0137169 -0.0141822 -0.0131596 -0.0106417 -0.00720559 -0.00369976 -0.000822362 0.00103863 0.00173977 0.00143669 0.00063084 -0.000174188 -0.000856279 -0.00158173 -0.00255019 -0.00394194 -0.00579365 -0.00774942 -0.00920579 -0.00983608 -0.00968433 -0.00879245 -0.00734523 -0.00615874 -0.00616286 -0.00729111 -0.00864112 
-0.00970279 -0.0106127 -0.0120958 -0.0136599 -0.0142961 -0.013365 -0.0109753 -0.00775946 -0.0044418 -0.00158707 0.00037831 0.00117507 0.000887621 6.47356e-06 -0.000979334 -0.00191447 -0.00284239 -0.00383969 -0.005051 -0.00655408 -0.00806384 -0.00905347 -0.00929736 -0.00897168 -0.00820125 -0.00710404 -0.0063067 -0.00657012 -0.00774981 -0.00892728 
-0.0121176 -0.0128899 -0.0141815 -0.0155595 -0.015994 -0.0148749 -0.0123811 -0.00912334 -0.00567532 -0.00250325 -0.000142996 0.000926817 0.000694641 -0.000336818 -0.00162522 -0.00291623 -0.00412618 -0.00523973 -0.00635165 -0.00752491 -0.0085438 -0.00904879 -0.00900056 -0.00867774 -0.00817838 -0.00751231 -0.00721255 -0.00800843 -0.0097127 -0.0112598 
-0.0173689 -0.0179677 -0.0187334 -0.0193873 -0.0190452 -0.0172838 -0.0143382 -0.0106879 -0.00675801 -0.00302045 -0.000168219 0.00115925 0.000898427 -0.000400599 -0.00209189 -0.00379592 -0.00533765 -0.00665658 -0.00778545 -0.00872177 -0.00931298 -0.00941048 -0.00915718 -0.00885089 -0.00852896 -0.00823655 -0.00864782 -0.0105478 -0.0135371 -0.0161041 
-0.0247336 -0.024953 -0.0246921 -0.0238829 -0.0219658 -0.0189545 -0.0152281 -0.0110439 -0.00663964 -0.00253188 0.000491216 0.0017845 0.00132665 -0.0002818 -0.00232578 -0.00436517 -0.00621147 -0.00779511 -0.00906877 -0.00993527 -0.0102938 -0.0101732 -0.00979532 -0.00938846 -0.00901315 -0.00900335 -0.0103855 -0.0139698 -0.018896 -0.0229374 
-0.0329147 -0.0324806 -0.0307024 -0.0277353 -0.0235234 -0.0187818 -0.0141723 -0.00967484 -0.00523528 -0.00131034 0.00138633 0.00236779 0.00168465 -9.64741e-05 -0.00229819 -0.00450886 -0.00657218 -0.00840108 -0.00985868 -0.0107806 -0.0111247 -0.0110135 -0.0106204 -0.010082 -0.00962599 -0.0100291 -0.0126602 -0.0182057 -0.0252116 -0.0307165 
-0.0405731 -0.0393171 -0.0358958 -0.0306068 -0.0239533 -0.0174507 -0.0121174 -0.00766969 -0.00368026 -0.000368295 0.00180687 0.00255653 0.00188333 0.000162766 -0.00204782 -0.0043562 -0.00657215 -0.00852636 -0.0100065 -0.0108756 -0.0112086 -0.0111866 -0.0109122 -0.0105125 -0.0104515 -0.0118126 -0.0159988 -0.0233657 -0.0319467 -0.0383453 
-0.0462864 -0.0441308 -0.039452 -0.0325217 -0.0241857 -0.0165294 -0.0108453 -0.00667252 -0.00325241 -0.000471846 0.00151335 0.002479 0.00216455 0.000629934 -0.00165852 -0.00419405 -0.00660412 -0.00854851 -0.00975146 -0.0102013 -0.0101979 -0.0100722 -0.00999209 -0.0102094 -0.0113507 -0.0144236 -0.0204034 -0.0291325 -0.0383424 -0.0446457 
-0.0486943 -0.0455354 -0.0402086 -0.0328544 -0.0242542 -0.0165781 -0.011148 -0.00737816 -0.00429343 -0.00152306 0.000924001 0.00263478 0.00290128 0.00146389 -0.00116839 -0.00420702 -0.00697218 -0.00888343 -0.00957451 -0.00919781 -0.00840469 -0.00784917 -0.00791295 -0.00901457 -0.0117959 -0.0168767 -0.0245221 -0.0340181 -0.0429792 -0.0482862 
-0.0472103 -0.0428417 -0.0371006 -0.0302095 -0.022661 -0.016266 -0.0120219 -0.0090536 -0.00616177 -0.00287542 0.000633224 0.00345918 0.0043337 0.00276947 -0.000517748 -0.00433886 -0.00765148 -0.00960025 -0.00968618 -0.00823311 -0.00636398 -0.00518331 -0.00524655 -0.00696551 -0.0108863 -0.0172869 -0.0258905 -0.0356331 -0.0440977 -0.0482705 
-0.0419482 -0.0359755 -0.0292855 -0.022808 -0.0170076 -0.0131609 -0.0115066 -0.0104 -0.00812959 -0.00419644 0.000711736 0.00485564 0.00629671 0.00442131 0.000292354 -0.0044287 -0.0083246 -0.0102808 -0.00969059 -0.00708737 -0.00412545 -0.00233977 -0.00223881 -0.00394956 -0.00789472 -0.0143141 -0.022835 -0.0324109 -0.0406652 -0.0442762 
-0.0320677 -0.0240229 -0.0156137 -0.00907942 -0.00539064 -0.00535647 -0.00805558 -0.0104822 -0.00995787 -0.00585427 0.000401165 0.00593393 0.00798679 0.00583945 0.000968775 -0.00445856 -0.00866486 -0.0103531 -0.00893111 -0.00521566 -0.00133017 0.000939424 0.00131917 5.8198e-05 -0.00316915 -0.00866603 -0.0161265 -0.0247773 -0.0325267 -0.0356632 
-0.0147588 -0.00480953 0.00492629 0.0111174 0.0121284 0.00743561 -0.000877677 -0.00831497 -0.0110242 -0.00799397 -0.00119188 0.00542382 0.00818743 0.00612022 0.000980736 -0.00463763 -0.00864503 -0.00963573 -0.00715502 -0.00236788 0.00227775 0.00497255 0.00566539 0.00478258 0.00213699 -0.00222157 -0.00764133 -0.0136453 -0.0189509 -0.0201674 
0.0122731 0.0224654 0.0310976 0.0351181 0.0328115 0.0236902 0.0102626 -0.00229007 -0.00934769 -0.00924084 -0.00371546 0.00288496 0.00619008 0.00468756 -4.70479e-06 -0.00515498 -0.00845758 -0.00838959 -0.00463383 0.00130402 0.00677279 0.0100283 0.011036 0.0101484 0.00757045 0.00443651 0.00234652 0.00150015 0.00169516 0.0047082 
0.0462011 0.0536813 0.0577783 0.0574664 0.0518364 0.0401319 0.0241 0.00820776 -0.00305662 -0.00733594 -0.00527346 -0.00046452 0.00266391 0.00194809 -0.00167757 -0.00580581 -0.0080845 -0.00682966 -0.00174216 0.00546962 0.012035 0.0161515 0.0175352 0.0164565 0.0139374 0.0126629 0.0152854 0.0215255 0.0292095 0.0374825 
0.0773266 0.0793408 0.0768793 0.0716883 0.0639203 0.0522047 0.0367296 0.0203208 0.00656784 -0.0018724 -0.00430193 -0.00272507 -0.000752743 -0.000909567 -0.0032328 -0.00605806 -0.00722883 -0.00494387 0.00120643 0.00955386 0.0173174 0.0224707 0.024383 0.0235212 0.0219881 0.0236981 0.0316279 0.0445987 0.0585372 0.0700792 
0.093676 0.0891951 0.0809918 0.0728409 0.065241 0.0558095 0.0431216 0.0285272 0.0147255 0.00419234 -0.00165416 -0.00329193 -0.00296539 -0.00297621 -0.00413481 -0.00565879 -0.00583221 -0.00288326 0.00379012 0.0127907 0.0214319 0.0274236 0.0299615 0.0300616 0.0307342 0.0360743 0.0482043 0.0647603 0.0805373 0.090963 
0.0899127 0.0799205 0.0684994 0.0602943 0.0553474 0.0499047 0.0410149 0.0291868 0.0170127 0.00685697 4.09901e-05 -0.00327212 -0.00416479 -0.00427318 -0.0046231 -0.0050857 -0.00450367 -0.00127214 0.00547658 0.0147539 0.0239465 0.0304562 0.033489 0.034765 0.0377472 0.0456875 0.0591235 0.0748034 0.08758 0.0931732 
0.0724975 0.0589886 0.0461326 0.0392418 0.0381197 0.037582 0.0328054 0.0235845 0.0132537 0.0047907 -0.000821015 -0.00379372 -0.00491144 -0.00519214 -0.00529984 -0.00523318 -0.0042651 -0.0010003 0.00575662 0.0154742 0.025452 0.0325587 0.0359024 0.0377346 0.0415549 0.0494572 0.0607376 0.0722418 0.0799335 0.0804137 
0.0545468 0.0391545 0.0246451 0.0178559 0.0195561 0.0235451 0.0226856 0.0156117 0.0066051 -8.09491e-05 -0.00347695 -0.00470011 -0.00517159 -0.00573558 -0.00636357 -0.00656704 -0.0056945 -0.00252268 0.00443706 0.0150776 0.0264641 0.0346705 0.0383953 0.040053 0.0429371 0.0483223 0.0553109 0.0619878 0.06592 0.0641244 
0.0446781 0.0280035 0.0104256 0.00120076 0.00327192 0.0101903 0.012624 0.00762124 -0.000160601 -0.00527479 -0.00638388 -0.00540139 -0.00481431 -0.00574746 -0.0074765 -0.00862196 -0.0082183 -0.00515009 0.00218607 0.0139795 0.0270748 0.0367313 0.0410223 0.0422204 0.0433818 0.0454654 0.0482015 0.0514697 0.054336 0.0534623 
0.0415541 0.0239101 0.00276204 -0.0103725 -0.0101096 -0.00230133 0.00247386 -0.000252829 -0.00639821 -0.0100774 -0.00937638 -0.00643472 -0.00462595 -0.00561167 -0.00827627 -0.0103717 -0.0104095 -0.00732181 0.00036826 0.0129687 0.0272967 0.0380978 0.0428357 0.0434862 0.0429429 0.0421926 0.041853 0.0434549 0.0470861 0.0486101 
0.0392995 0.0222185 -0.00027378 -0.0160521 -0.01839 -0.0118812 -0.00661337 -0.00769436 -0.0123085 -0.0150606 -0.0134281 -0.00910741 -0.00589502 -0.00609581 -0.00869615 -0.0109936 -0.0110526 -0.00783221 -0.0001355 0.0123643 0.0267457 0.0377286 0.042407 0.0423893 0.040327 0.0373049 0.0348298 0.0357155 0.0405192 0.0443311 
0.0356292 0.021786 0.00221747 -0.0127751 -0.0171239 -0.0139512 -0.010939 -0.0123556 -0.0166667 -0.0195895 -0.0181581 -0.0132695 -0.00873089 -0.00742413 -0.00882191 -0.010314 -0.00985641 -0.00652617 0.000558518 0.011756 0.0246581 0.0344801 0.0384353 0.0378656 0.0349321 0.0305551 0.0268717 0.027496 0.0330394 0.0383113 
0.0321488 0.0231385 0.00963192 -0.00145838 -0.00625776 -0.00679332 -0.00755291 -0.011026 -0.0165401 -0.020932 -0.0209368 -0.016672 -0.0116844 -0.00908685 -0.00883704 -0.00882107 -0.00734997 -0.0038566 0.00216042 0.0110456 0.0209912 0.0281786 0.0306568 0.02993 0.0275926 0.0239631 0.0209814 0.0220656 0.027552 0.032881 
0.0290679 0.0240892 0.0164938 0.0101226 0.00668821 0.00461908 0.00171282 -0.00328166 -0.010416 -0.0171674 -0.0197502 -0.0175284 -0.0135739 -0.010726 -0.00912587 -0.00733133 -0.0043979 -0.000376175 0.00469897 0.0109371 0.016989 0.0202812 0.0203557 0.0194932 0.0190397 0.0184879 0.0184846 0.0208853 0.0254494 0.0292117 
0.0246232 0.021955 0.0180374 0.0151383 0.0139716 0.0131198 0.0112274 0.00692037 -0.000962288 -0.0101332 -0.015871 -0.0166237 -0.0147816 -0.0125537 -0.0100146 -0.00643758 -0.001793 0.00318799 0.00789386 0.0119589 0.0141493 0.0130186 0.00980563 0.00797211 0.00910489 0.0120875 0.015797 0.019795 0.0231916 0.0249741 
0.0201754 0.0189805 0.0168798 0.0157548 0.0161317 0.0168818 0.0170355 0.0145144 0.0068255 -0.00399086 -0.0123617 -0.0158524 -0.0160845 -0.0145602 -0.0112569 -0.00614292 -2.32051e-05 0.00592012 0.0107497 0.0135804 0.0128888 0.00785163 0.00105903 -0.00287731 -0.00181359 0.00305437 0.00940588 0.0150002 0.0184326 0.0199297 
0.0233705 0.0231005 0.0215502 0.0207006 0.0206338 0.0204785 0.0201175 0.0175951 0.00982898 -0.00151959 -0.0109169 -0.0157415 -0.0170974 -0.0159169 -0.0121033 -0.00613812 0.000625784 0.0069128 0.0118683 0.0143015 0.0121779 0.00468021 -0.0049496 -0.011313 -0.0115646 -0.00633324 0.00201837 0.0105089 0.0170135 0.0212573 
0.0471684 0.0455946 0.0414112 0.0379363 0.0345369 0.0298702 0.0246507 0.0182712 0.0086583 -0.00261717 -0.0111959 -0.0155037 -0.0168262 -0.0158163 -0.0121868 -0.00649942 -0.000263765 0.00538016 0.00995919 0.0123778 0.010228 0.00224306 -0.00849721 -0.0162731 -0.0173551 -0.0111254 0.00112507 0.0165209 0.0314027 0.0424565 
0.105317 0.097679 0.0833847 0.0707991 0.0598978 0.0476477 0.0340459 0.0199943 0.00593685 -0.00578281 -0.0125325 -0.0149333 -0.0153985 -0.0146987 -0.0121251 -0.00778081 -0.00299686 0.00123234 0.00486914 0.00727731 0.00604847 -0.000655852 -0.0104677 -0.017678 -0.0174891 -0.00751255 0.0128916 0.041705 0.0729095 0.0969981 
0.199927 0.180327 0.145877 0.115387 0.0923059 0.0708733 0.0477603 0.0240912 0.00343428 -0.01004 -0.015122 -0.0151355 -0.0143698 -0.014075 -0.012942 -0.0102565 -0.00701243 -0.00418208 -0.00155735 0.00072449 0.000551794 -0.00417849 -0.0116651 -0.0162039 -0.0120096 0.00504602 0.0379562 0.0864834 0.142195 0.186467 
0.305432 0.270687 0.210889 0.158144 0.121421 0.091959 0.0612242 0.0289486 0.00144933 -0.0146966 -0.0189345 -0.0169594 -0.0150437 -0.0150432 -0.0150276 -0.0134324 -0.0109441 -0.00866842 -0.0065003 -0.00440659 -0.00411606 -0.00737497 -0.0122012 -0.0126955 -0.00262021 0.0231018 0.0694664 0.138588 0.22046 0.286803 
