0.244285 0.241515 0.190732 0.124585 0.0755827 0.0509381 0.0420189 0.0411439 0.0424041 0.038338 0.0253309 0.00793553 -0.00648854 -0.0144056 -0.0164111 -0.0144889 -0.0104204 -0.00488915 0.00324296 0.014858 0.0269464 0.0346399 0.0368279 0.0364014 0.037599 0.0449983 0.062401 0.0933505 0.141419 0.200546 
0.222127 0.216164 0.166493 0.104374 0.0619223 0.0460722 0.0459859 0.0506316 0.0526252 0.0455764 0.0278878 0.0062519 -0.0103545 -0.0182716 -0.0191444 -0.0158325 -0.0102975 -0.00323068 0.00629186 0.0188054 0.0307977 0.0367883 0.0355213 0.0308193 0.0287065 0.0354233 0.054841 0.087639 0.133362 0.18555 
0.144365 0.141327 0.109873 0.0718723 0.0503411 0.0483536 0.0546101 0.0588347 0.0561648 0.0439444 0.0230067 0.000235528 -0.0162584 -0.0237015 -0.0242502 -0.0206331 -0.0143208 -0.00587873 0.00515473 0.0187359 0.03099 0.0359983 0.0320975 0.0235962 0.0176767 0.0209084 0.035633 0.0592064 0.0886512 0.120931 
0.0612303 0.0622326 0.0519666 0.0424801 0.0449972 0.0565579 0.0660883 0.0667158 0.057733 0.0402488 0.0172304 -0.00490605 -0.0201109 -0.0271709 -0.0283117 -0.0253453 -0.0189255 -0.0095571 0.00261978 0.0169176 0.0293362 0.0339824 0.0289743 0.0187279 0.0104496 0.00935138 0.0157683 0.0260163 0.0374064 0.0501977 
0.012622 0.0145227 0.0159644 0.0240525 0.0422012 0.0623737 0.0731776 0.0708669 0.0581012 0.0381029 0.0148363 -0.00585717 -0.019773 -0.0270077 -0.0294663 -0.0277942 -0.0218974 -0.012279 0.000456572 0.0150696 0.0274647 0.0321677 0.0277486 0.0187117 0.011083 0.00738585 0.00644275 0.00639013 0.00695475 0.00920778 
0.0014841 0.00208325 0.00483109 0.0161388 0.0375605 0.0593111 0.0695986 0.066187 0.0533628 0.0347256 0.013827 -0.00440605 -0.0169672 -0.0245232 -0.0284435 -0.0284438 -0.0239311 -0.0153116 -0.00321441 0.010926 0.0229471 0.0280978 0.0261754 0.0217409 0.0184402 0.0154035 0.0105758 0.0049945 0.00139059 0.000709826 
0.00828667 0.00857719 0.00885322 0.0150973 0.0302129 0.0464846 0.0536218 0.0500894 0.0399798 0.0257873 0.00958426 -0.00496269 -0.0155046 -0.0226421 -0.0272478 -0.0285841 -0.0258691 -0.0193509 -0.00929038 0.00316214 0.0139698 0.0192175 0.0202597 0.0217717 0.0248259 0.0254918 0.0209292 0.0137019 0.00848801 0.00725508 
0.0162599 0.018185 0.0173082 0.0170633 0.0214533 0.0274684 0.0293351 0.0263518 0.0205283 0.0120208 0.00129028 -0.00905615 -0.0169987 -0.022768 -0.0268236 -0.0283623 -0.0267168 -0.0220862 -0.0143017 -0.00399907 0.00504682 0.0094895 0.0117912 0.0168127 0.0241962 0.0286409 0.0268947 0.021077 0.0156873 0.0141093 
0.0206503 0.0241434 0.0230496 0.0178374 0.0124173 0.00855322 0.00604334 0.0047417 0.00317523 -0.00100773 -0.00775484 -0.014641 -0.0199677 -0.0238295 -0.0264203 -0.0270262 -0.025224 -0.0212128 -0.0144918 -0.00531065 0.00272457 0.00643431 0.0084856 0.0133421 0.0200762 0.0241648 0.023784 0.0207055 0.0176051 0.0172548 
0.0210688 0.0243498 0.0220794 0.0142179 0.00431655 -0.00371742 -0.00699818 -0.00606161 -0.00550137 -0.00879973 -0.0146048 -0.0197245 -0.0229171 -0.0247305 -0.0254834 -0.02466 -0.0220272 -0.0176767 -0.0108224 -0.00150723 0.00677152 0.0108809 0.0130259 0.0162395 0.0185546 0.0171188 0.0137308 0.012043 0.0130403 0.0162583 
0.0159696 0.0180271 0.0143359 0.00688469 -0.000816338 -0.00590871 -0.00631168 -0.00375037 -0.00395408 -0.00960703 -0.0172732 -0.0226989 -0.0249749 -0.0253087 -0.0245105 -0.022453 -0.0191013 -0.0144834 -0.00762812 0.00169995 0.0103852 0.0153957 0.0181454 0.0199228 0.0173584 0.00867576 -0.000486751 -0.00293485 0.00194525 0.00961963 
0.00907468 0.00970552 0.00533682 0.000487255 -0.00121793 0.000629985 0.00500188 0.00861291 0.00630837 -0.00281635 -0.0137152 -0.0213683 -0.0247108 -0.0251257 -0.023861 -0.0212703 -0.0176483 -0.0132638 -0.00722666 0.00112417 0.00942709 0.0147076 0.017365 0.0176285 0.0117647 -0.00147711 -0.0144267 -0.0172476 -0.00919279 0.00195067 
0.0119329 0.00970766 0.00363138 0.000211634 0.00322397 0.0110792 0.0196584 0.0241957 0.0205013 0.00902305 -0.00472671 -0.0154185 -0.0213482 -0.0234504 -0.0230443 -0.0207871 -0.0173039 -0.0132865 -0.00815833 -0.000943048 0.00680646 0.0121726 0.0145038 0.0136047 0.00672791 -0.00647196 -0.0180958 -0.0182108 -0.00686081 0.00602062 
0.0306762 0.0232276 0.0126241 0.00704162 0.0104393 0.0201464 0.0301387 0.0348036 0.0307875 0.0190081 0.00433313 -0.00821188 -0.0163735 -0.0204736 -0.021555 -0.0202124 -0.0171623 -0.0133465 -0.0084885 -0.00157584 0.00640122 0.0127475 0.0160225 0.0156298 0.0101409 0.000686389 -0.00533969 1.39053e-05 0.0148718 0.0280308 
0.0541568 0.0411217 0.0254416 0.0160987 0.0168763 0.0247263 0.0330507 0.0362685 0.0319235 0.0211188 0.00770107 -0.00423386 -0.0126259 -0.0175621 -0.0196747 -0.019191 -0.0166392 -0.012922 -0.00794503 -0.000893643 0.00755033 0.0151705 0.0202985 0.0219422 0.0194687 0.0152542 0.0159407 0.0267382 0.0437944 0.0556807 
0.0632482 0.047806 0.0310176 0.0205005 0.0189647 0.0237376 0.0290127 0.029899 0.0247364 0.0149812 0.00392679 -0.00540281 -0.0118809 -0.0159258 -0.0179219 -0.0177103 -0.0154932 -0.0119298 -0.00704941 -0.000409146 0.00743971 0.0150187 0.0211988 0.0249822 0.0257616 0.0260331 0.0312921 0.0442561 0.0599616 0.0683783 
0.0516426 0.0382812 0.0256193 0.0177061 0.0154304 0.0174006 0.0198396 0.0187821 0.0129402 0.00421423 -0.00409951 -0.00989018 -0.0132464 -0.0151961 -0.0161129 -0.0156563 -0.013709 -0.0105351 -0.00617611 -0.000623635 0.00552228 0.0115861 0.0175264 0.0227775 0.0261707 0.029035 0.0351477 0.0455109 0.0556701 0.0587732 
0.0302083 0.0216697 0.0156597 0.0119134 0.00945708 0.00880331 0.00880227 0.00636765 0.000341648 -0.00692325 -0.0121102 -0.0141124 -0.0142118 -0.0139081 -0.0135582 -0.0127756 -0.0112139 -0.00870082 -0.00511439 -0.000714107 0.00379987 0.00831675 0.0137167 0.0199587 0.0253077 0.0292999 0.0334587 0.0378418 0.0401014 0.0376082 
0.0116369 0.00853274 0.00894869 0.00888853 0.0059966 0.00264398 0.000137951 -0.00368034 -0.00970541 -0.0152855 -0.0174424 -0.0161595 -0.0136629 -0.0116595 -0.0103558 -0.00930594 -0.00806868 -0.00620992 -0.00339677 0.0001555 0.00384512 0.00774583 0.0128795 0.0195207 0.0259924 0.0304111 0.0319354 0.0299943 0.0248555 0.0180044 
-0.000451492 0.00120796 0.0065137 0.00899199 0.00559447 -7.67271e-05 -0.00488889 -0.00986869 -0.015584 -0.0196494 -0.0197636 -0.0165755 -0.0126393 -0.00965308 -0.00770147 -0.00631332 -0.00510441 -0.00364964 -0.00152621 0.0012825 0.00449623 0.00812792 0.0126539 0.0183674 0.0243359 0.0284175 0.0282148 0.0224725 0.013001 0.00406954 
-0.00759842 -0.00307003 0.00461492 0.00818069 0.00457732 -0.00219891 -0.00803507 -0.012904 -0.0173604 -0.019987 -0.0192917 -0.0158835 -0.011842 -0.0086094 -0.0063089 -0.00461256 -0.00331613 -0.0021616 -0.000791986 0.000980122 0.00323539 0.00597529 0.00901628 0.0123614 0.0159454 0.0185948 0.0179586 0.0122888 0.00305631 -0.00509402 
-0.0101643 -0.00524328 0.00201852 0.00532979 0.0021098 -0.00409268 -0.00918305 -0.0126418 -0.0153317 -0.0168843 -0.0163663 -0.0139037 -0.0107024 -0.00783094 -0.005588 -0.0039154 -0.00278794 -0.00210036 -0.00164471 -0.00122211 -0.000486126 0.000736336 0.0019206 0.00263974 0.00324044 0.00384064 0.00342513 0.000574964 -0.00460145 -0.00942836 
-0.00784076 -0.00402902 0.00108658 0.00354615 0.00145807 -0.00287773 -0.00639736 -0.00867018 -0.0106658 -0.0123266 -0.0127178 -0.0114702 -0.00919615 -0.00682198 -0.00491633 -0.00364716 -0.00302369 -0.002965 -0.00337659 -0.00412524 -0.00474633 -0.00484363 -0.0048681 -0.00546581 -0.00648234 -0.00735948 -0.00777447 -0.00788004 -0.00823791 -0.00876311 
-0.00238393 0.000182935 0.00290443 0.00452694 0.00394289 0.00172936 -0.000723324 -0.00319895 -0.00613278 -0.00896147 -0.0104404 -0.010004 -0.00817478 -0.00602706 -0.00442031 -0.00364596 -0.00361168 -0.00412547 -0.00508829 -0.00640349 -0.00761456 -0.00819294 -0.00824906 -0.00827132 -0.00859555 -0.00935544 -0.00998402 -0.0093147 -0.00718056 -0.00469056 
0.0024643 0.00404612 0.00491423 0.00585662 0.00650975 0.00588509 0.00370611 0.00018434 -0.00410395 -0.00788983 -0.00986946 -0.00965124 -0.00787188 -0.0057224 -0.0042359 -0.00378658 -0.00419304 -0.00511937 -0.00636701 -0.0077969 -0.00898369 -0.00937531 -0.00876297 -0.00726145 -0.0054615 -0.0045124 -0.00475065 -0.00474352 -0.00308519 -0.000203974 
0.00341078 0.0040428 0.00374974 0.00425453 0.0056619 0.00605911 0.00406202 2.22565e-05 -0.00459585 -0.00819375 -0.0098238 -0.00942492 -0.00762722 -0.00549723 -0.0040563 -0.00375122 -0.0044233 -0.00567244 -0.00718322 -0.00871201 -0.00983659 -0.0100728 -0.00911191 -0.00673281 -0.00329782 -0.000385694 0.000523625 3.2897e-05 9.53669e-05 0.0015788 
0.000530046 0.000173683 -0.00069917 -0.000280081 0.00154592 0.00261682 0.00122766 -0.00215831 -0.00579084 -0.00826037 -0.00910833 -0.00846482 -0.00677022 -0.00481458 -0.00347784 -0.00324232 -0.0040583 -0.0055656 -0.00737006 -0.00913347 -0.0104682 -0.0110209 -0.0105332 -0.00860402 -0.00516124 -0.00149259 0.000472989 0.000382038 -0.000228964 -2.52758e-05 
-0.00274791 -0.00401044 -0.0051505 -0.00461725 -0.00264673 -0.00126689 -0.00187732 -0.00394286 -0.00601214 -0.00720204 -0.00740002 -0.00668802 -0.00524743 -0.00359698 -0.00242893 -0.00221519 -0.00304167 -0.00466161 -0.00667077 -0.00869118 -0.0104082 -0.0115838 -0.0119951 -0.0111921 -0.00882708 -0.00563302 -0.00320533 -0.00230138 -0.00224996 -0.00230659 
-0.00324108 -0.00519993 -0.00659407 -0.00611166 -0.00434328 -0.00307885 -0.00320852 -0.00412171 -0.00488631 -0.00520985 -0.00514085 -0.00457396 -0.0034654 -0.00213529 -0.00110775 -0.000828374 -0.00150965 -0.00305801 -0.0051362 -0.00735637 -0.00941522 -0.0110893 -0.01214 -0.0121598 -0.0107624 -0.00825739 -0.00566214 -0.00371797 -0.00252684 -0.00224162 
-0.00113509 -0.00352522 -0.00523708 -0.00509089 -0.0037602 -0.00278826 -0.00271646 -0.00291986 -0.00290095 -0.00280709 -0.00273905 -0.00240351 -0.00159035 -0.000491886 0.000471801 0.000870991 0.000405234 -0.000971783 -0.00302322 -0.00535099 -0.00757112 -0.00938335 -0.010544 -0.0107702 -0.00976834 -0.00761775 -0.00490012 -0.00227718 -0.000347873 0.000169667 
0.000526824 -0.00202153 -0.00389009 -0.00404558 -0.00302532 -0.00210051 -0.00169967 -0.00133272 -0.000784581 -0.000407834 -0.000314509 -0.000115663 0.00051057 0.00146673 0.00238749 0.00284995 0.00251604 0.00127206 -0.000701124 -0.00300012 -0.00517439 -0.00686737 -0.00788201 -0.00809589 -0.00732149 -0.00548249 -0.00287627 -0.000152903 0.00179864 0.00210361 
-0.000309399 -0.00270236 -0.00434708 -0.00449162 -0.00349951 -0.00229711 -0.00129723 -0.000277898 0.000796484 0.00156564 0.00189913 0.00214516 0.00267744 0.00350268 0.00431834 0.00471579 0.00435524 0.00313436 0.00124906 -0.000906392 -0.0029011 -0.00440908 -0.00531865 -0.00565549 -0.00532306 -0.00410624 -0.00205364 0.000214925 0.00166933 0.00148271 
-0.00266779 -0.00472162 -0.00592752 -0.00588624 -0.00482301 -0.00327271 -0.00164867 -4.80251e-05 0.00148284 0.00271409 0.0034627 0.00390211 0.00438933 0.0050481 0.00567282 0.0058955 0.00540312 0.00413874 0.00233332 0.000363318 -0.00139269 -0.00267146 -0.00344512 -0.00387819 -0.00401745 -0.00359071 -0.00239647 -0.000900972 -0.000119359 -0.000786083 
-0.00525255 -0.00726589 -0.00825653 -0.00807722 -0.00689955 -0.0049938 -0.00283847 -0.000831084 0.000998279 0.00263654 0.00384911 0.00457508 0.00509289 0.00562006 0.00606238 0.00612477 0.00554751 0.00430896 0.00263802 0.00088166 -0.000605287 -0.00156966 -0.00200772 -0.00221621 -0.00249262 -0.00267021 -0.00235828 -0.00177454 -0.00179827 -0.00306968 
-0.00831735 -0.010974 -0.0122173 -0.0119701 -0.0105037 -0.00809327 -0.00535518 -0.00293452 -0.000850627 0.00109737 0.00271501 0.00378543 0.00447989 0.00505002 0.0054955 0.00560355 0.00516615 0.00416371 0.00277403 0.00128927 6.67375e-05 -0.000559394 -0.000497782 -0.000147858 -0.000160625 -0.000660105 -0.00119127 -0.00170073 -0.0028611 -0.005207 
-0.0122985 -0.0160162 -0.017793 -0.0174709 -0.0155364 -0.0124693 -0.00900103 -0.00597009 -0.00353055 -0.00136558 0.000512474 0.00190487 0.00289405 0.00370257 0.00438449 0.00478664 0.00471819 0.00412703 0.00312123 0.00192466 0.000892979 0.000491684 0.000996143 0.00196857 0.00237322 0.00165802 0.000218266 -0.00159783 -0.00416315 -0.00788576 
-0.0169226 -0.0213637 -0.0234641 -0.0229098 -0.0204142 -0.0166825 -0.012429 -0.00861847 -0.00572339 -0.00345961 -0.00155182 2.40468e-06 0.00125596 0.00234987 0.00332934 0.00406218 0.00434768 0.00409654 0.00337754 0.00236775 0.00138686 0.00097922 0.0016143 0.00291465 0.00355728 0.00253886 0.000108229 -0.00306206 -0.00690252 -0.0116458 
-0.0211503 -0.0253654 -0.0271772 -0.0261171 -0.0230418 -0.0187899 -0.0139246 -0.00943527 -0.00618431 -0.00405673 -0.00246738 -0.00105886 0.000283572 0.00157007 0.00273252 0.00360037 0.0039655 0.00374452 0.00303219 0.00200324 0.000906024 0.000253151 0.000638137 0.0018278 0.00239029 0.00097218 -0.00235975 -0.00663225 -0.0112176 -0.0160906 
-0.0233773 -0.0263759 -0.0273786 -0.0257787 -0.0223512 -0.0179186 -0.012882 -0.00815838 -0.00487198 -0.00312855 -0.00213017 -0.00112841 0.000123443 0.0014786 0.00266117 0.00340297 0.00351139 0.00297272 0.0019614 0.000681307 -0.000697114 -0.00176374 -0.00188371 -0.00113146 -0.000892205 -0.00266558 -0.00650874 -0.0112508 -0.0157533 -0.0197047 
-0.0227312 -0.0239777 -0.0241863 -0.0226047 -0.019577 -0.0156512 -0.011075 -0.00663945 -0.0035355 -0.00207139 -0.00143728 -0.000669036 0.000547397 0.00190201 0.00293369 0.00332534 0.00296349 0.00194242 0.000507605 -0.00112761 -0.00287304 -0.00442578 -0.00513858 -0.00496475 -0.00517515 -0.00718399 -0.0110252 -0.015466 -0.0190535 -0.0212438 
-0.0199199 -0.019301 -0.0191912 -0.0186393 -0.0171729 -0.0146963 -0.0111859 -0.00730564 -0.00425577 -0.00254215 -0.00154564 -0.000388552 0.00111407 0.00247839 0.00320007 0.00309666 0.00223652 0.000809436 -0.000944076 -0.00286859 -0.00496455 -0.00697037 -0.00814879 -0.0083699 -0.00888529 -0.0109997 -0.0146559 -0.0185803 -0.02099 -0.0210319 
-0.0166258 -0.0140159 -0.0140459 -0.01541 -0.0163736 -0.015848 -0.0135105 -0.0100619 -0.00678242 -0.00435069 -0.00244322 -0.000483701 0.00147333 0.00281541 0.00313258 0.00252086 0.00127526 -0.000384845 -0.00232474 -0.0045141 -0.00701384 -0.0094411 -0.0107841 -0.0108329 -0.0110714 -0.0130456 -0.016821 -0.0209298 -0.0227462 -0.0206792 
-0.0153598 -0.0105958 -0.0108301 -0.0142754 -0.0175198 -0.0182839 -0.0162507 -0.012631 -0.00893131 -0.00583894 -0.00318212 -0.000640181 0.00155449 0.00274162 0.00265555 0.00166805 0.000230552 -0.0015146 -0.00362362 -0.00620391 -0.00926472 -0.0120968 -0.0132628 -0.0124871 -0.0117415 -0.0133283 -0.0178484 -0.0234457 -0.0259339 -0.022376 
-0.0188729 -0.0121112 -0.0121096 -0.0167914 -0.021149 -0.0217491 -0.0185702 -0.0138667 -0.00966704 -0.0064127 -0.00357123 -0.000794306 0.00147733 0.00246242 0.00205083 0.000871058 -0.000570175 -0.00231391 -0.00464301 -0.00772509 -0.0113476 -0.0143684 -0.0150121 -0.013094 -0.0112059 -0.0126435 -0.0187486 -0.0271463 -0.0317656 -0.0280213 
-0.0266641 -0.0180083 -0.0168281 -0.0213121 -0.0255891 -0.025241 -0.0202925 -0.0141028 -0.00953137 -0.00662882 -0.00395415 -0.000916307 0.00158768 0.0024665 0.00180506 0.000516761 -0.000887531 -0.00265575 -0.00523526 -0.00872375 -0.0125987 -0.0154109 -0.0153932 -0.0127071 -0.010471 -0.0126662 -0.0210834 -0.0327572 -0.040055 -0.0370432 
-0.0332691 -0.021893 -0.018265 -0.0214836 -0.0255461 -0.0250867 -0.0195644 -0.0128934 -0.00862294 -0.00643622 -0.00401948 -0.000687858 0.00205159 0.0028079 0.00190321 0.000481078 -0.000980561 -0.00284504 -0.00555991 -0.00907946 -0.0127283 -0.0151146 -0.0148239 -0.0123833 -0.0110266 -0.014815 -0.0255355 -0.0396301 -0.0484677 -0.0453951 
-0.0329375 -0.0173173 -0.0100293 -0.011629 -0.0162409 -0.0174485 -0.0137232 -0.00873773 -0.0060688 -0.00515451 -0.00341689 -0.000362065 0.00209581 0.00249686 0.00136169 -0.000112469 -0.00156239 -0.00336654 -0.00581765 -0.00878392 -0.0117935 -0.0139004 -0.0140765 -0.0127638 -0.0126971 -0.0177171 -0.0296842 -0.0446395 -0.0532176 -0.0483719 
-0.0243996 -0.00397732 0.00742151 0.00744297 0.00177474 -0.00222726 -0.00209708 -0.000754567 -0.00116565 -0.0025801 -0.00259747 -0.000910177 0.000540084 0.000386409 -0.000800632 -0.00196577 -0.00296234 -0.00417134 -0.00570566 -0.00750953 -0.00963977 -0.0117351 -0.0128162 -0.0125824 -0.0128323 -0.0173471 -0.0286727 -0.0430291 -0.050521 -0.0435133 
-0.0104427 0.0133736 0.0279357 0.0292296 0.0227826 0.0164639 0.0130388 0.0100953 0.00553968 0.000673244 -0.0021001 -0.00253789 -0.00246404 -0.00315244 -0.00413741 -0.00462512 -0.00470096 -0.00474247 -0.00475019 -0.00492823 -0.00605075 -0.00823656 -0.0100665 -0.0100615 -0.00905647 -0.0109808 -0.0195695 -0.0321862 -0.0390514 -0.0314777 
0.00315692 0.0282128 0.0439818 0.0454427 0.0384382 0.0311852 0.0259013 0.0197136 0.0112162 0.0029199 -0.00227157 -0.00433091 -0.00523624 -0.00624646 -0.00700997 -0.00693377 -0.00618339 -0.00504077 -0.00343622 -0.00192456 -0.00205179 -0.00429515 -0.00649745 -0.00592601 -0.00268809 -0.000940815 -0.00575758 -0.016416 -0.0238128 -0.0176708 
0.010009 0.0345748 0.0493136 0.0490905 0.0408434 0.0335034 0.0284509 0.0214678 0.0112085 0.00150896 -0.0040333 -0.00589758 -0.00661988 -0.0075393 -0.00827449 -0.00819088 -0.00730116 -0.0057036 -0.00324219 -0.000655346 1.04265e-05 -0.00199563 -0.00401869 -0.00249248 0.00288803 0.00768916 0.00562333 -0.0043289 -0.0134346 -0.00960877 
0.0105946 0.0329471 0.0442852 0.0404205 0.0297242 0.0219461 0.0180281 0.0125188 0.00352569 -0.00459163 -0.00797167 -0.00775093 -0.00712003 -0.00748095 -0.00826838 -0.00861698 -0.0082776 -0.00718997 -0.00505497 -0.00232161 -0.000840254 -0.00153679 -0.00210844 0.000882528 0.00784138 0.0141499 0.0127238 0.00180796 -0.00939437 -0.00749797 
0.0142043 0.0328511 0.0386976 0.0296121 0.0151841 0.00553889 0.00190278 -0.00146338 -0.00736053 -0.0121108 -0.0122762 -0.00957576 -0.00754061 -0.00736808 -0.00820194 -0.00902357 -0.00946978 -0.00943101 -0.00834713 -0.00581834 -0.00279967 -0.000455462 0.00209103 0.00716642 0.0152169 0.021878 0.0199176 0.00782337 -0.00424864 -0.00265493 
0.027543 0.0424673 0.0422506 0.0271172 0.00768869 -0.00544848 -0.00997322 -0.0113865 -0.0139992 -0.0157037 -0.0136852 -0.00988709 -0.00770944 -0.00778925 -0.00891377 -0.0101529 -0.0113341 -0.0123972 -0.0123307 -0.00953771 -0.00392563 0.00266605 0.00889429 0.0157041 0.0241459 0.0308834 0.0290437 0.0175593 0.00718259 0.010782 
0.0455059 0.0584557 0.0542067 0.03405 0.009555 -0.00733346 -0.0128089 -0.0125624 -0.0129359 -0.0134194 -0.0113905 -0.00846821 -0.0075705 -0.00874114 -0.0105422 -0.0123024 -0.014204 -0.0162314 -0.0167659 -0.0130738 -0.00449142 0.0059033 0.0144655 0.0213831 0.0292539 0.0364064 0.0363375 0.0278131 0.0211635 0.0278984 
0.0595672 0.073135 0.068511 0.0462064 0.0186449 -0.000443244 -0.00642068 -0.00568208 -0.00599306 -0.0076382 -0.00770922 -0.00706357 -0.00801386 -0.0104242 -0.0130116 -0.0153623 -0.0178695 -0.0204468 -0.0209584 -0.0160926 -0.00535239 0.00687274 0.0154554 0.0207004 0.027071 0.0346787 0.037446 0.0333698 0.0311435 0.0406998 
0.0711163 0.0875993 0.0851487 0.0629593 0.0346686 0.0151755 0.00853603 0.00768356 0.00486762 -0.000101517 -0.00387725 -0.00633846 -0.00922277 -0.0127213 -0.0160479 -0.0189078 -0.0216 -0.0238773 -0.0235207 -0.0175075 -0.00597363 0.00609335 0.0133474 0.0164367 0.0208936 0.0285289 0.0343931 0.0354839 0.0378561 0.0500781 
0.0858526 0.106398 0.106515 0.0847341 0.0565775 0.0372729 0.0292221 0.024999 0.0179537 0.00846696 0.00023766 -0.00571455 -0.0106731 -0.0153173 -0.0193697 -0.0225041 -0.0247413 -0.0257659 -0.0239027 -0.0171006 -0.00593731 0.00519212 0.0117042 0.0140573 0.0175847 0.025708 0.0351397 0.0413528 0.0474005 0.0617841 
0.0991146 0.123523 0.12625 0.105202 0.0773616 0.0578315 0.0474261 0.0387449 0.0268256 0.0131272 0.0015113 -0.00687075 -0.0133028 -0.018736 -0.0230633 -0.0258382 -0.0268476 -0.0259643 -0.0225684 -0.0157667 -0.00594135 0.00412139 0.0110501 0.01453 0.018761 0.0283586 0.0413487 0.051117 0.0582349 0.0727796 
0.101064 0.128576 0.135152 0.11726 0.0910537 0.0708088 0.0566618 0.0421019 0.0247436 0.00807065 -0.00416193 -0.0121064 -0.0180058 -0.0229501 -0.0265698 -0.0281552 -0.0273652 -0.0244355 -0.0198343 -0.0135827 -0.00557581 0.00305141 0.0100432 0.01432 0.0188651 0.0289229 0.0433445 0.0540746 0.0603662 0.0738237 
0.0920936 0.122229 0.134222 0.123269 0.101773 0.0811213 0.0613793 0.0386871 0.0147605 -0.00410147 -0.0146263 -0.0194541 -0.0227227 -0.0259135 -0.0282113 -0.0284146 -0.025991 -0.0213841 -0.015596 -0.00915034 -0.00206807 0.004847 0.0098366 0.0118682 0.0137465 0.0211361 0.0335534 0.0432179 0.0494622 0.0636531 
0.0810944 0.11294 0.130062 0.128389 0.115124 0.0959828 0.0704399 0.0387683 0.00779283 -0.0134384 -0.0223235 -0.0239554 -0.0244 -0.0257758 -0.0270687 -0.0265888 -0.0233645 -0.0175256 -0.00987839 -0.00126512 0.00700696 0.0126733 0.0138883 0.0109715 0.00796385 0.0106189 0.0185819 0.0257991 0.033164 0.0504882 
0.0733093 0.104614 0.123853 0.129703 0.125457 0.110527 0.0826877 0.0455339 0.00992223 -0.0133344 -0.022139 -0.0228761 -0.0224134 -0.0231429 -0.0242628 -0.0240498 -0.0209474 -0.0141955 -0.00398694 0.00835657 0.0195193 0.0250698 0.0231277 0.0161793 0.00983942 0.00886363 0.0118749 0.0150305 0.0220647 0.0416239 
0.0685389 0.0970991 0.114498 0.122215 0.122833 0.11242 0.0868309 0.0504824 0.0156103 -0.00693039 -0.0157923 -0.0175424 -0.0183476 -0.0199446 -0.0217297 -0.022385 -0.0199999 -0.0128753 -0.000602235 0.0149657 0.0289096 0.0354755 0.0331688 0.0261203 0.0204308 0.0187611 0.0178971 0.0158676 0.0196967 0.0382107 
0.0697015 0.0947778 0.107074 0.109985 0.108283 0.098689 0.0763296 0.0449465 0.0159435 -0.00178939 -0.00872492 -0.0113305 -0.0141676 -0.0175379 -0.0205065 -0.0220833 -0.0205137 -0.0138401 -0.00131697 0.0151581 0.0303257 0.0384261 0.0383954 0.0345463 0.0321336 0.0318717 0.0292607 0.0236091 0.0244101 0.0411957 
0.0882793 0.109258 0.112383 0.104106 0.0933089 0.079415 0.0581446 0.0325117 0.0116369 0.000680192 -0.00334341 -0.00639801 -0.0110713 -0.0161823 -0.0201697 -0.0221357 -0.0209789 -0.0153397 -0.00434694 0.0108348 0.0257385 0.0351932 0.0381297 0.0379149 0.0385179 0.0401002 0.0387345 0.0348708 0.0386818 0.0588122 
0.135803 0.150509 0.1377 0.111073 0.0861963 0.0654098 0.0447119 0.025603 0.0130908 0.00735013 0.00366976 -0.00170553 -0.00869006 -0.0150889 -0.0192627 -0.020686 -0.0192417 -0.0145256 -0.00555869 0.00759979 0.0215414 0.0315563 0.036354 0.038327 0.0405536 0.0440336 0.0473411 0.0525812 0.0689248 0.101092 
0.201948 0.207719 0.173423 0.123657 0.0833421 0.0575828 0.0407345 0.0304368 0.0258942 0.0223216 0.0148954 0.00401378 -0.0065526 -0.0138953 -0.0172624 -0.0172179 -0.0147277 -0.0101363 -0.00233003 0.00942006 0.0222568 0.0316068 0.0362134 0.0382839 0.0408786 0.0465945 0.0571559 0.0763381 0.111139 0.160279 
