0.256275 0.25327 0.203931 0.147249 0.110562 0.0929532 0.079456 0.0601674 0.0358035 0.0128767 -0.00292787 -0.0112817 -0.0159824 -0.0191771 -0.0190438 -0.0136202 -0.00422542 0.00628721 0.015834 0.0222958 0.0249476 0.0274151 0.0324464 0.0349033 0.0296488 0.0233206 0.0296454 0.0609151 0.123455 0.202249 
0.227631 0.22508 0.178179 0.124865 0.0927044 0.081065 0.0744819 0.0615246 0.0415685 0.0206639 0.00456601 -0.00561604 -0.0125262 -0.0179055 -0.0201818 -0.0172403 -0.00956157 0.00081922 0.0119327 0.021085 0.0267496 0.0318179 0.0384716 0.0414059 0.0357935 0.0284821 0.0320781 0.0566122 0.10863 0.177857 
0.154033 0.15634 0.125499 0.0901332 0.0727547 0.0722101 0.073927 0.0669263 0.050442 0.0302069 0.0121712 -0.00124967 -0.0109818 -0.0182093 -0.0221821 -0.0215753 -0.0165449 -0.0080363 0.00285605 0.0135989 0.0221669 0.0306516 0.0407588 0.0472238 0.0447972 0.0383139 0.0366268 0.0457517 0.0727881 0.116827 
0.0754307 0.0813212 0.068917 0.0559403 0.0567449 0.0674024 0.0746044 0.0705172 0.0563373 0.0372959 0.0182845 0.0022024 -0.0101209 -0.0187639 -0.0235115 -0.0241918 -0.0212671 -0.0149088 -0.00512168 0.00620373 0.0168571 0.0282257 0.0416861 0.0521787 0.0539114 0.0492068 0.0427827 0.0366272 0.0378849 0.0541641 
0.0231893 0.028506 0.0279229 0.0315407 0.0460963 0.0638751 0.0726647 0.0689237 0.0567257 0.0403082 0.0222233 0.00492526 -0.00922844 -0.0189267 -0.0240414 -0.0253629 -0.023908 -0.0195052 -0.011279 -0.000372775 0.0110464 0.0239304 0.0395089 0.0529866 0.0584521 0.0566474 0.0492128 0.0349038 0.0198252 0.0160329 
0.00151599 0.00360193 0.00634353 0.0166588 0.0373217 0.0582395 0.0675894 0.0642793 0.0539709 0.039906 0.0228842 0.00516948 -0.00975783 -0.0197244 -0.0246988 -0.0261262 -0.0255769 -0.0229759 -0.0170382 -0.00827178 0.00155825 0.01357 0.0292254 0.0441659 0.0529425 0.0557274 0.0519325 0.0375616 0.016968 0.00340069 
-0.00349833 -0.00449231 -0.00355914 0.00585403 0.0261978 0.0474007 0.0576679 0.0557568 0.0469307 0.0339085 0.0174143 0.000231696 -0.0137596 -0.0224891 -0.0262324 -0.0267957 -0.0262279 -0.0248768 -0.0214531 -0.0160092 -0.00973715 -0.000968184 0.0123316 0.0264697 0.0367312 0.0434298 0.0449293 0.0353158 0.0168319 0.00183271 
-0.00203088 -0.00483366 -0.00714738 -0.00211292 0.0135437 0.0311774 0.0398875 0.0380757 0.0301298 0.018461 0.00411345 -0.00999545 -0.0205706 -0.0263181 -0.0277525 -0.0265902 -0.0250745 -0.0239924 -0.0221725 -0.0193572 -0.0164318 -0.0114859 -0.00201696 0.00891347 0.0172394 0.0242151 0.0291866 0.0258364 0.0138764 0.00278803 
0.00552006 0.00125963 -0.00470635 -0.00514735 0.0034561 0.013603 0.0163134 0.0114617 0.00378674 -0.00474028 -0.0139637 -0.0221832 -0.0274185 -0.0292247 -0.0280468 -0.0250143 -0.0221187 -0.0204147 -0.018869 -0.0169255 -0.0153342 -0.0125204 -0.00625546 0.000494187 0.00433217 0.00841798 0.0146333 0.0172995 0.0134179 0.00838257 
0.0164641 0.0100062 0.000154206 -0.00520908 -0.00291968 -0.000418317 -0.00496057 -0.01418 -0.0219157 -0.0266117 -0.0298728 -0.0319448 -0.0321446 -0.0305448 -0.0273586 -0.0229672 -0.0188011 -0.0160278 -0.013887 -0.0115527 -0.00946081 -0.00657379 -0.0017199 0.0016387 0.000932408 0.00155479 0.00794801 0.0152655 0.0182196 0.0182435 
0.0237529 0.0144507 0.00138674 -0.00679993 -0.00727062 -0.0078942 -0.0154922 -0.0266272 -0.0342393 -0.0366896 -0.0365491 -0.0353413 -0.0330626 -0.0299336 -0.0260587 -0.0213359 -0.0165981 -0.0129325 -0.00993917 -0.00685477 -0.00390767 -0.000381559 0.00409951 0.00571371 0.00227874 0.00023467 0.00589411 0.0158535 0.0233399 0.0261731 
0.0267924 0.0148135 -0.000176473 -0.00892858 -0.00848552 -0.00677641 -0.0114836 -0.0206602 -0.0278308 -0.0306123 -0.0309162 -0.030297 -0.0287722 -0.0264469 -0.0234686 -0.0196597 -0.0154485 -0.0116159 -0.00795566 -0.00420659 -0.000998418 0.00230075 0.00645839 0.0081579 0.00467056 0.0013548 0.00559177 0.0164718 0.0267152 0.0307972 
0.0306691 0.017096 0.00188585 -0.00577107 -0.00283188 0.0031655 0.00351483 -0.00233991 -0.00928571 -0.0140204 -0.0170548 -0.0193431 -0.0205962 -0.0205939 -0.0194829 -0.0172788 -0.014317 -0.0110235 -0.00711308 -0.00286816 0.000317357 0.00298794 0.00702772 0.0104648 0.00985648 0.00800792 0.0117456 0.0222642 0.0329143 0.0365021 
0.0360694 0.0228516 0.00981529 0.00449582 0.00910713 0.0168689 0.0193886 0.014929 0.00762412 0.00114876 -0.00422785 -0.00910159 -0.0129199 -0.0150588 -0.0155473 -0.0146649 -0.0128759 -0.0103598 -0.00658458 -0.00198732 0.0015547 0.00429261 0.00880446 0.0147039 0.0187673 0.0212524 0.0263785 0.0353787 0.0431286 0.0437338 
0.0389503 0.0280912 0.0191006 0.0162965 0.0202387 0.0255706 0.0260948 0.0207473 0.01314 0.00641656 0.000654086 -0.00481793 -0.00939776 -0.012201 -0.0131483 -0.0127438 -0.0115941 -0.00971075 -0.00629389 -0.00154669 0.00267134 0.00613659 0.011247 0.0188426 0.0268474 0.0339931 0.0411697 0.0480079 0.0510812 0.0476798 
0.0359471 0.0283914 0.0235622 0.0223627 0.0238908 0.0248174 0.0219708 0.0155446 0.00843991 0.00266419 -0.00213397 -0.00663831 -0.0103241 -0.0123348 -0.0126221 -0.0118536 -0.0107184 -0.00916635 -0.00628446 -0.00190827 0.00253359 0.00649065 0.0117092 0.0195682 0.0291628 0.0387708 0.0469429 0.0516307 0.0506777 0.0444157 
0.0267261 0.022028 0.0203062 0.0200709 0.0198541 0.0181887 0.0139886 0.00787295 0.00170859 -0.00340917 -0.00763163 -0.0111237 -0.013424 -0.0140375 -0.0131396 -0.0115009 -0.00988169 -0.0083913 -0.00630465 -0.00313455 0.000517294 0.00433655 0.00947611 0.0170742 0.0266211 0.0364203 0.0441068 0.0466671 0.0426444 0.0345068 
0.0145366 0.0112426 0.0112687 0.0119644 0.0120855 0.0113267 0.00892392 0.00456638 -0.000929554 -0.00651812 -0.0113075 -0.0145003 -0.0157017 -0.0150499 -0.0130851 -0.0105889 -0.00835015 -0.0067901 -0.00560526 -0.00410293 -0.00181997 0.00171083 0.00728173 0.0152052 0.0244623 0.0332646 0.0393039 0.0394801 0.0326633 0.0225161 
0.00448585 0.00111826 0.00143073 0.00250124 0.00369797 0.00550471 0.00652985 0.00472631 -0.000105261 -0.00641356 -0.0119786 -0.0150986 -0.0155207 -0.0140257 -0.0114661 -0.00851757 -0.00589089 -0.00424658 -0.00367531 -0.00340605 -0.00210737 0.00146538 0.00784679 0.0163991 0.0251945 0.0321289 0.0355798 0.0334268 0.0247975 0.0132556 
-0.000546834 -0.00455055 -0.00518207 -0.00518346 -0.00454619 -0.00176462 0.00175856 0.00265252 -0.000456146 -0.0060093 -0.011087 -0.0135712 -0.0133404 -0.0114546 -0.00881458 -0.00591521 -0.00331633 -0.00173508 -0.00145147 -0.00170349 -0.000806092 0.0027593 0.00923781 0.0173744 0.0246515 0.0288467 0.0295084 0.0263004 0.0185155 0.00807843 
-0.00175315 -0.00606977 -0.0078802 -0.00981368 -0.0117555 -0.0109499 -0.00728653 -0.00407029 -0.00398863 -0.00666268 -0.00961805 -0.0108454 -0.0101407 -0.00831919 -0.00605772 -0.00367718 -0.00157698 -0.000388028 -0.0004072 -0.00094444 -0.000457351 0.00228551 0.00721887 0.013011 0.0173315 0.0185354 0.0176045 0.015791 0.0119511 0.00530124 
-0.00123812 -0.00526877 -0.00729729 -0.010114 -0.0144832 -0.0169872 -0.0151225 -0.0107285 -0.00742163 -0.00667178 -0.00723776 -0.00743946 -0.00671437 -0.00534835 -0.0037611 -0.00220178 -0.000939865 -0.000432778 -0.000894212 -0.00175859 -0.00193016 -0.000764877 0.00144351 0.00369777 0.00446675 0.00332183 0.0026003 0.00419956 0.0057597 0.00372711 
0.000439753 -0.00288684 -0.00400272 -0.00573293 -0.0102947 -0.0149043 -0.0153891 -0.0116199 -0.00714824 -0.00475082 -0.00434384 -0.00450511 -0.00425343 -0.00346746 -0.00250622 -0.00170651 -0.00129214 -0.00151401 -0.00240829 -0.00351251 -0.00424028 -0.0045157 -0.00470043 -0.00532808 -0.00708771 -0.00927471 -0.00873535 -0.00371409 0.00220332 0.00367405 
0.00259589 0.000128637 0.00015922 0.000298688 -0.00264584 -0.00735849 -0.00954644 -0.00764177 -0.00425642 -0.00235118 -0.00240458 -0.00315977 -0.00345835 -0.00307868 -0.00247149 -0.00213281 -0.00233232 -0.00315666 -0.00441009 -0.00563574 -0.00661348 -0.007634 -0.00897696 -0.0107029 -0.0129103 -0.0145062 -0.0125512 -0.00585269 0.001703 0.00466483 
0.00344099 0.00191473 0.00245423 0.00340015 0.00178175 -0.00212713 -0.00487635 -0.00446543 -0.00251807 -0.00152578 -0.00206842 -0.00309416 -0.0035874 -0.00339983 -0.00300133 -0.00294401 -0.00355515 -0.00484524 -0.0064491 -0.00786449 -0.00903811 -0.0104053 -0.012075 -0.0136059 -0.0146411 -0.0144139 -0.0112375 -0.00478138 0.00182151 0.00460905 
0.00181618 0.00124655 0.00147199 0.00155653 -0.000186908 -0.00342651 -0.00563571 -0.00527426 -0.00355415 -0.00248366 -0.00261417 -0.00319828 -0.00352301 -0.00347221 -0.0033419 -0.00357128 -0.00449364 -0.00612062 -0.00805539 -0.0097997 -0.0113329 -0.0130697 -0.0149576 -0.0161487 -0.0158926 -0.0139009 -0.00998993 -0.00473579 -0.000110468 0.00199874 
-0.00109192 -0.000942743 -0.00150185 -0.00306536 -0.00570775 -0.00838752 -0.00934546 -0.00798645 -0.00557432 -0.00371761 -0.00290367 -0.00273203 -0.00279426 -0.00291432 -0.00310621 -0.00360745 -0.00471321 -0.00647693 -0.00858141 -0.0106044 -0.0124908 -0.0145347 -0.0166256 -0.0178396 -0.017254 -0.0147697 -0.011005 -0.00700279 -0.00383757 -0.0019511 
-0.00277533 -0.00233986 -0.00368994 -0.0065358 -0.00970727 -0.0115885 -0.0111461 -0.00877121 -0.00584239 -0.00350091 -0.00205996 -0.0013917 -0.0013296 -0.00163188 -0.00208393 -0.00274475 -0.00385452 -0.00551643 -0.00754005 -0.00961296 -0.0116168 -0.0136704 -0.0156809 -0.0169914 -0.0168639 -0.015162 -0.0124074 -0.00941489 -0.00674391 -0.0044691 
-0.00190617 -0.00154924 -0.00344591 -0.00682608 -0.00988644 -0.0108522 -0.00931233 -0.00638783 -0.00350399 -0.00133726 7.39897e-05 0.000758526 0.00074969 0.000303631 -0.000279082 -0.000966069 -0.00194225 -0.00333978 -0.00508316 -0.00696768 -0.0088332 -0.0106255 -0.0122398 -0.0133676 -0.0136825 -0.0130747 -0.0116236 -0.00949117 -0.00685332 -0.00404458 
0.000569989 0.000736356 -0.00139276 -0.00481662 -0.00755818 -0.00789033 -0.0057513 -0.00262939 1.77957e-05 0.00177279 0.00282143 0.0032514 0.00309524 0.00259114 0.00200719 0.00138877 0.000602043 -0.000478605 -0.00184467 -0.00337807 -0.00493404 -0.00635753 -0.00748042 -0.00819499 -0.00854226 -0.00859895 -0.00820075 -0.00691917 -0.0045323 -0.00159937 
0.00237095 0.00245447 0.00045368 -0.00270489 -0.00511939 -0.00514988 -0.00282944 0.000331245 0.00290655 0.00450192 0.0053378 0.00558757 0.00536292 0.00488317 0.00434956 0.00380906 0.00318706 0.00238408 0.00137229 0.000203275 -0.00103056 -0.00216024 -0.0029588 -0.00334173 -0.0035204 -0.00380166 -0.00408147 -0.00366389 -0.00198171 0.000486937 
0.00227529 0.00230965 0.000658032 -0.00195042 -0.00383484 -0.0035635 -0.00121802 0.00189507 0.00454255 0.00627954 0.00719972 0.00748835 0.00732368 0.00689711 0.00636153 0.00580937 0.00525244 0.00461962 0.00384267 0.00291143 0.00186057 0.000821672 4.50034e-05 -0.000304907 -0.000411002 -0.000709288 -0.00130355 -0.00156384 -0.000759937 0.000894647 
0.00108727 0.00077378 -0.000735998 -0.00279956 -0.0040039 -0.00327497 -0.000840719 0.00222324 0.00497082 0.00695674 0.00812357 0.00861582 0.00862448 0.00828023 0.00769633 0.00704234 0.00644188 0.0058677 0.00522043 0.00442819 0.00345348 0.00235948 0.00139768 0.000850615 0.000691867 0.000521934 3.97054e-05 -0.000446014 -0.000314657 0.000452974 
0.000158346 -0.000964307 -0.00286746 -0.00486153 -0.00571671 -0.00466412 -0.00211223 0.000968525 0.00384686 0.00611328 0.00760546 0.00841705 0.00871683 0.00856072 0.00801635 0.0073091 0.00666277 0.00611963 0.0055939 0.00496822 0.00410903 0.00298869 0.0018579 0.00111287 0.000912733 0.0010146 0.00101771 0.00079342 0.000593782 0.000519153 
4.14727e-05 -0.0020636 -0.00474211 -0.00725709 -0.00842194 -0.00753 -0.00506902 -0.00203412 0.000933776 0.00348286 0.00537582 0.00661033 0.00730793 0.0074899 0.00719238 0.00663577 0.00608231 0.0056458 0.00529745 0.00490804 0.00425942 0.00323634 0.00207896 0.00125989 0.001086 0.00150627 0.00213226 0.00243421 0.00217239 0.00140236 
-5.09987e-05 -0.00286138 -0.00622205 -0.00944276 -0.0113031 -0.0109431 -0.00880623 -0.0059854 -0.00308909 -0.000331699 0.00200329 0.00372358 0.00486427 0.00548055 0.00561195 0.00540909 0.0050933 0.00483057 0.0046704 0.00450245 0.00406628 0.00318244 0.00204593 0.00115081 0.00092527 0.00152293 0.00263956 0.00344018 0.00322974 0.00200004 
-0.00156409 -0.00472616 -0.00837603 -0.0119636 -0.0143022 -0.0143384 -0.0124079 -0.00972918 -0.00691568 -0.00398215 -0.00121232 0.000959244 0.00246244 0.00345301 0.00401877 0.00420769 0.00414043 0.00400533 0.00392694 0.00382131 0.00341506 0.00249218 0.00118152 -3.62769e-05 -0.000593874 -8.58642e-05 0.00130512 0.00249444 0.00238754 0.000893903 
-0.00483496 -0.0082599 -0.0117975 -0.015112 -0.0173153 -0.0173089 -0.0152386 -0.0123465 -0.00933861 -0.00615838 -0.00306396 -0.000643188 0.000977077 0.00210148 0.00292295 0.00340032 0.0035077 0.00338758 0.00319447 0.0028655 0.00213877 0.000797006 -0.00107562 -0.00300288 -0.00423061 -0.00401422 -0.00236631 -0.000629918 -0.00038271 -0.00197943 
-0.00878607 -0.012389 -0.0153136 -0.0175543 -0.01895 -0.0186326 -0.0164069 -0.013234 -0.00992912 -0.00659863 -0.00348079 -0.00113062 0.000345845 0.00138769 0.00231048 0.00299715 0.00322569 0.00300532 0.00246906 0.00159849 0.000199869 -0.00190649 -0.00467097 -0.00762746 -0.00979158 -0.00996268 -0.00789721 -0.00521335 -0.00412903 -0.00554392 
-0.0123179 -0.015618 -0.0170904 -0.0173172 -0.0173411 -0.0168146 -0.0150743 -0.0124132 -0.00948606 -0.00653339 -0.00377585 -0.00168168 -0.000352428 0.000689489 0.00180561 0.00275921 0.00309389 0.00266359 0.00160224 2.56846e-06 -0.00219887 -0.00513066 -0.00881412 -0.0128465 -0.0160121 -0.0165892 -0.0140328 -0.010216 -0.00800889 -0.00895749 
-0.0155445 -0.0178602 -0.0168398 -0.0140693 -0.0122483 -0.0117738 -0.0114763 -0.0106736 -0.00934278 -0.00747449 -0.00527604 -0.00332535 -0.00187072 -0.000516074 0.00103597 0.00237749 0.00282909 0.0021465 0.000546533 -0.00170526 -0.00453759 -0.00806995 -0.0124397 -0.0173249 -0.0212897 -0.0221677 -0.0192265 -0.0145893 -0.0116094 -0.0122636 
-0.0193024 -0.0203854 -0.016252 -0.00983166 -0.00580549 -0.00549672 -0.00722813 -0.00910517 -0.010016 -0.00945608 -0.00772605 -0.00572414 -0.00393894 -0.00210736 -4.64434e-05 0.00168618 0.00226648 0.00142663 -0.000490925 -0.00305872 -0.00613472 -0.00991107 -0.0146864 -0.0201885 -0.0247295 -0.0257952 -0.0226324 -0.0176883 -0.014708 -0.0157954 
-0.02347 -0.0239059 -0.0171163 -0.00730043 -0.00108016 -0.00083959 -0.00444753 -0.00866419 -0.011264 -0.0114865 -0.0099667 -0.00791813 -0.00591712 -0.00374048 -0.00131014 0.000699666 0.00141262 0.00061241 -0.00124946 -0.00367856 -0.00655775 -0.0102117 -0.0151443 -0.0211389 -0.0262118 -0.0274502 -0.0240727 -0.0189969 -0.0165806 -0.0189568 
-0.0273803 -0.0284523 -0.0205002 -0.00836545 -0.000146751 0.000542783 -0.00407921 -0.00961971 -0.0129029 -0.0131731 -0.0115913 -0.00962273 -0.00767102 -0.00533715 -0.00262418 -0.000378453 0.000502792 -7.2825e-05 -0.00156719 -0.0035281 -0.00593795 -0.00924084 -0.0141072 -0.0203883 -0.0258669 -0.0272259 -0.023552 -0.018278 -0.0166446 -0.0209293 
-0.0312847 -0.0343396 -0.0268616 -0.0132986 -0.00268233 -0.000299375 -0.00465113 -0.0106639 -0.0141951 -0.0142922 -0.0125885 -0.0108126 -0.00907597 -0.00665914 -0.00364348 -0.00110833 1.88639e-05 -0.000239297 -0.00131928 -0.00285673 -0.00488961 -0.00784853 -0.0124149 -0.0185002 -0.0239461 -0.0254083 -0.021829 -0.0167361 -0.0160044 -0.0223048 
-0.0351486 -0.0408122 -0.0347618 -0.0200289 -0.00616514 -0.000671153 -0.00358749 -0.00958462 -0.0134639 -0.0137464 -0.0122677 -0.0109156 -0.00954473 -0.00720004 -0.00404553 -0.00130539 8.25902e-05 0.000116858 -0.00076331 -0.00224538 -0.00420318 -0.00681192 -0.0106578 -0.0158747 -0.0208596 -0.0227877 -0.0203605 -0.016273 -0.0163004 -0.0239077 
-0.0371784 -0.0450996 -0.0407705 -0.025256 -0.00809685 0.00101208 0.000145312 -0.00542849 -0.009653 -0.0105284 -0.00982494 -0.00933752 -0.00872125 -0.00694022 -0.00417333 -0.00159407 -0.000113389 9.92249e-05 -0.000746333 -0.002301 -0.00405737 -0.00581798 -0.00824841 -0.0121024 -0.0166965 -0.0198335 -0.0195845 -0.0169701 -0.0171377 -0.02476 
-0.0347141 -0.0438409 -0.0410958 -0.025593 -0.00630621 0.00555845 0.006485 0.00149149 -0.00297603 -0.00470008 -0.00528657 -0.0062467 -0.00701903 -0.00649745 -0.00475933 -0.00280468 -0.00150822 -0.0012028 -0.00181385 -0.00286701 -0.00351851 -0.00345908 -0.00389372 -0.00654441 -0.0114825 -0.0165491 -0.0186892 -0.0171218 -0.0164263 -0.0226283 
-0.026689 -0.035771 -0.0339704 -0.0187875 0.00123472 0.0140432 0.0154578 0.0104661 0.00549093 0.00262365 0.000354652 -0.00252928 -0.00519818 -0.00639248 -0.00603283 -0.00495452 -0.00401227 -0.0035884 -0.00354221 -0.0032521 -0.0018185 0.000736289 0.00225618 -4.79003e-05 -0.00645389 -0.0138951 -0.017819 -0.0161419 -0.0132766 -0.0165287 
-0.0165438 -0.0252128 -0.0237344 -0.00846977 0.011484 0.0234063 0.0235819 0.0175622 0.0116886 0.00780911 0.00430988 -2.49493e-05 -0.0042287 -0.00684817 -0.00762491 -0.00727068 -0.00662181 -0.00598972 -0.0050457 -0.00312753 0.000443258 0.00520633 0.00817637 0.00561814 -0.00273913 -0.0125092 -0.0175604 -0.0149533 -0.00918356 -0.00879502 
-0.00952744 -0.0188465 -0.017975 -0.00276989 0.0162463 0.0257965 0.0234121 0.0157151 0.0091819 0.00547337 0.00255423 -0.00133191 -0.00544801 -0.00823828 -0.00925825 -0.00909101 -0.00848619 -0.0075635 -0.00579653 -0.00267945 0.00212681 0.00814005 0.0123542 0.0104774 0.00173313 -0.00914852 -0.0151339 -0.0124257 -0.00512603 -0.00265027 
-0.0048227 -0.015509 -0.0159341 -0.00224805 0.0137598 0.0191116 0.0131657 0.00370927 -0.00272833 -0.00488563 -0.0055045 -0.00711306 -0.00940544 -0.010909 -0.01113 -0.0105483 -0.00973093 -0.00851884 -0.00621772 -0.00258519 0.00244101 0.00893861 0.0149293 0.0162123 0.0106844 0.0013532 -0.00544492 -0.00487216 0.00083605 0.00276226 
0.00408012 -0.00625469 -0.00757396 0.00292435 0.0132709 0.0123458 0.00185157 -0.00959001 -0.0158749 -0.0164997 -0.0149675 -0.0143437 -0.0145464 -0.0142663 -0.0132341 -0.0119859 -0.0108997 -0.00956965 -0.00720089 -0.00374832 0.000780135 0.00740386 0.0158391 0.0224899 0.0234003 0.0182494 0.0112154 0.00819097 0.0103949 0.0111895 
0.0197555 0.012767 0.0119551 0.0189207 0.0228856 0.0154891 0.000282445 -0.0139481 -0.0215108 -0.0223001 -0.0203081 -0.0189458 -0.0181423 -0.0167043 -0.0147725 -0.0130992 -0.0119293 -0.0107647 -0.00892145 -0.00648949 -0.0032402 0.00297318 0.0135341 0.0253766 0.032758 0.0322606 0.0259888 0.0207265 0.0211469 0.0232203 
0.0364207 0.0343184 0.0350377 0.0397159 0.0398654 0.0291509 0.0109787 -0.00650145 -0.0172046 -0.0202919 -0.0196649 -0.0190478 -0.0185133 -0.0170237 -0.0150581 -0.013511 -0.0125278 -0.0117501 -0.0109351 -0.0103285 -0.0091334 -0.00406982 0.0072402 0.0216892 0.0323802 0.0345809 0.029824 0.0255524 0.0280215 0.0342481 
0.0476832 0.0505489 0.0533458 0.0575895 0.0574762 0.0473212 0.0286244 0.00855886 -0.00580131 -0.0123142 -0.0142881 -0.0154687 -0.0162075 -0.0157349 -0.0146251 -0.0136988 -0.0130999 -0.012834 -0.013215 -0.0145271 -0.0152576 -0.011379 -0.000450752 0.0139166 0.0245094 0.0269763 0.023568 0.0220938 0.0286001 0.0398141 
0.0563161 0.0643984 0.069775 0.0744988 0.075083 0.0660445 0.0472853 0.025542 0.00850935 -0.0012459 -0.00650105 -0.0103971 -0.0132549 -0.0145301 -0.0147316 -0.0145948 -0.0144959 -0.0148413 -0.0161417 -0.0184123 -0.0197085 -0.0160732 -0.00567863 0.00743577 0.0164918 0.0182774 0.0158554 0.0168822 0.0269091 0.0427289 
0.0686956 0.0818612 0.0893537 0.0936614 0.0929365 0.082562 0.0626337 0.040085 0.0219828 0.00975545 0.000849808 -0.00652123 -0.0119775 -0.0150389 -0.0163138 -0.0167729 -0.0172184 -0.0181619 -0.019653 -0.0212268 -0.0212258 -0.0167251 -0.00681622 0.00441989 0.0113746 0.0125317 0.0114128 0.0148031 0.0281065 0.0489087 
0.081392 0.0978522 0.105951 0.108618 0.104835 0.0916848 0.0709151 0.0492919 0.0316575 0.0174374 0.00457264 -0.00659034 -0.0143535 -0.0183325 -0.0197836 -0.0203697 -0.021257 -0.0225022 -0.0231008 -0.0221718 -0.0191282 -0.012803 -0.00345523 0.00482938 0.00807704 0.00730363 0.00689369 0.0126675 0.0298234 0.0561238 
0.0849437 0.102407 0.110507 0.112259 0.106474 0.0920395 0.072542 0.053603 0.0369726 0.020489 0.00342087 -0.0112865 -0.0204775 -0.0241413 -0.0247332 -0.0248722 -0.0258319 -0.026724 -0.0252327 -0.0202562 -0.0126015 -0.0029959 0.00676939 0.0117632 0.00912159 0.00293282 -0.000143161 0.00600524 0.0261533 0.0566625 
0.0781653 0.0951779 0.103751 0.106504 0.101606 0.0889057 0.0726415 0.0566485 0.0402002 0.0208922 -1.68169e-05 -0.0174004 -0.0272431 -0.0301001 -0.0295181 -0.0288303 -0.0292048 -0.028819 -0.0242777 -0.0143795 -0.000966692 0.0138797 0.0265859 0.030022 0.0209775 0.00632742 -0.00368421 -0.00102033 0.0187924 0.0500015 
0.0687472 0.0841558 0.0927869 0.0971247 0.0954371 0.0873653 0.075669 0.0618789 0.0442678 0.0219565 -0.00152117 -0.0201581 -0.030317 -0.0330616 -0.0321221 -0.0307769 -0.0300074 -0.0276436 -0.0198739 -0.00539767 0.0136833 0.0348097 0.0528625 0.0578795 0.0449963 0.0225976 0.00420522 0.000333327 0.0157309 0.0434827 
0.0633724 0.0761602 0.0835046 0.0883214 0.0902419 0.0882328 0.0817544 0.0692956 0.0493485 0.0241628 -0.000334784 -0.0186802 -0.0288929 -0.0324307 -0.0322209 -0.0307429 -0.0288263 -0.0246559 -0.0146961 0.00251045 0.0253243 0.0514748 0.0751258 0.0843189 0.072163 0.04654 0.0222739 0.0117891 0.0207802 0.0426237 
0.0649788 0.0755906 0.081073 0.0846259 0.0880579 0.0903523 0.0874844 0.0748529 0.0518401 0.0242031 -0.000184738 -0.0171545 -0.0268326 -0.0309947 -0.0314846 -0.0299199 -0.0271919 -0.0221871 -0.0119465 0.00513673 0.0281733 0.0556987 0.0824092 0.0961713 0.0885791 0.0653049 0.0402442 0.0265906 0.0310302 0.0479615 
0.0782494 0.0888708 0.092104 0.0915916 0.0920228 0.0935588 0.0900073 0.0750003 0.0490612 0.020051 -0.00351596 -0.0186656 -0.0270567 -0.0307296 -0.0308111 -0.0285083 -0.025084 -0.0201682 -0.0113923 0.00276251 0.0219636 0.0459738 0.071365 0.0875274 0.0854191 0.068168 0.0477126 0.0369149 0.0428443 0.0605443 
0.11127 0.122744 0.120044 0.110322 0.10257 0.0982597 0.0899932 0.0711384 0.0431642 0.0141036 -0.00810264 -0.0212269 -0.0277879 -0.0301375 -0.0289668 -0.0252266 -0.0206954 -0.0158705 -0.00916208 0.000443774 0.0128739 0.02947 0.0494943 0.0646034 0.065939 0.0552091 0.0430256 0.0416649 0.0580621 0.0862257 
0.166542 0.175641 0.159134 0.133636 0.11434 0.10257 0.0889741 0.066802 0.037989 0.00994346 -0.0102902 -0.0211451 -0.0259084 -0.0272076 -0.0250274 -0.0196198 -0.0131191 -0.0071725 -0.0014436 0.00419417 0.00978812 0.0182203 0.0311436 0.0421956 0.0434936 0.0372613 0.0343384 0.0469389 0.0817581 0.129454 
0.227052 0.229625 0.193799 0.149411 0.118718 0.101628 0.0856727 0.0629375 0.03517 0.00930965 -0.00840275 -0.0172497 -0.0211673 -0.0227055 -0.0207706 -0.0144281 -0.00569415 0.00274426 0.00973518 0.014261 0.0162238 0.0193699 0.026516 0.032373 0.0305758 0.025547 0.0296868 0.0555693 0.10967 0.178391 
