0.467978 0.464527 0.378798 0.259821 0.160872 0.104253 0.0809891 0.0713819 0.061633 0.0476458 0.0309683 0.0140065 -0.00178213 -0.0150722 -0.0242196 -0.028038 -0.0261017 -0.018653 -0.00680771 0.00811027 0.0257532 0.0455358 0.0638434 0.0751761 0.0779966 0.080198 0.100385 0.160182 0.26499 0.386222 
0.458556 0.452048 0.363487 0.242712 0.142593 0.0852015 0.062647 0.0563995 0.0519976 0.0429975 0.0288893 0.0118831 -0.00505552 -0.0189506 -0.0277553 -0.030966 -0.0286399 -0.0206011 -0.00723086 0.0102863 0.0310239 0.0537053 0.0740304 0.0853371 0.0851976 0.0824786 0.098085 0.155073 0.258607 0.378828 
0.356913 0.351298 0.279628 0.181619 0.0990239 0.0504818 0.0322105 0.0310834 0.0341622 0.032531 0.0228261 0.00699411 -0.0100248 -0.0234514 -0.0310952 -0.0333489 -0.0308388 -0.0230917 -0.00977513 0.00817352 0.0291456 0.0509605 0.0691443 0.0772376 0.0725757 0.0633873 0.06939 0.111679 0.194658 0.29239 
0.226809 0.224677 0.178248 0.112658 0.0545291 0.0180799 0.00476718 0.00816474 0.017701 0.0225843 0.0169542 0.00248487 -0.0142534 -0.0271062 -0.0338818 -0.0356248 -0.0333234 -0.0264238 -0.014305 0.00210141 0.0204634 0.0378382 0.0503984 0.0535198 0.0453407 0.0323888 0.0305601 0.0565736 0.113459 0.18155 
0.127345 0.127378 0.101322 0.0627791 0.0258317 0.00031687 -0.00888445 -0.00309843 0.00952857 0.0177759 0.0145267 0.00109702 -0.0153239 -0.0280187 -0.0348073 -0.0369048 -0.0353504 -0.029664 -0.019319 -0.00542001 0.00918693 0.0211774 0.0277645 0.0267044 0.0174251 0.00471893 0.0003214 0.0163455 0.0539255 0.0983049 
0.0783065 0.0768405 0.0601024 0.0364304 0.0129194 -0.00445389 -0.0105812 -0.00451475 0.00784025 0.0165298 0.0145203 0.00245889 -0.0131308 -0.0257944 -0.0332169 -0.0362647 -0.035785 -0.0314513 -0.0229644 -0.0114994 5.90647e-05 0.00843989 0.01158 0.00870539 0.000166908 -0.0101477 -0.013048 0.000385107 0.0291342 0.0602388 
0.0676764 0.0622692 0.045538 0.0255252 0.00759493 -0.00488397 -0.00892308 -0.00379021 0.00642835 0.0142112 0.0135366 0.0039914 -0.00966325 -0.0218268 -0.0298366 -0.0338064 -0.0342296 -0.0308952 -0.0236672 -0.0136606 -0.00349089 0.00387626 0.00655395 0.00389163 -0.00353588 -0.0117378 -0.0120864 0.00276184 0.0298345 0.0558041 
0.0722701 0.063278 0.0426398 0.020195 0.00284595 -0.00710345 -0.00957494 -0.00548742 0.0023178 0.00907454 0.0101889 0.00410932 -0.00659745 -0.0174733 -0.0254923 -0.0299112 -0.0307639 -0.0277525 -0.0207208 -0.0107706 -0.000430438 0.00748369 0.0108971 0.00858517 0.00102022 -0.00698007 -0.0060843 0.0104446 0.0381687 0.0629927 
0.073767 0.0622133 0.0377106 0.0121331 -0.00537164 -0.012975 -0.0134335 -0.00960879 -0.0034905 0.0025641 0.00538188 0.00268824 -0.00473494 -0.0135595 -0.0207012 -0.0248524 -0.0256148 -0.0223758 -0.0147486 -0.00389861 0.00734492 0.0158766 0.0192554 0.0157492 0.00588653 -0.00431838 -0.00424446 0.0127256 0.040968 0.0656131 
0.0679604 0.0530247 0.0253114 -0.00146053 -0.0172521 -0.0214374 -0.0191329 -0.014533 -0.00903221 -0.00339083 0.000403752 7.5083e-05 -0.00449915 -0.0108863 -0.0163416 -0.0194919 -0.0197173 -0.0160556 -0.00778732 0.00394324 0.0159378 0.0245745 0.0270081 0.021262 0.00804824 -0.00553139 -0.00741455 0.00933942 0.037927 0.0619877 
0.0611467 0.0414688 0.0109126 -0.0153856 -0.0282937 -0.029053 -0.0240728 -0.0179704 -0.0120963 -0.00673519 -0.00297277 -0.00241897 -0.00530251 -0.0097476 -0.0134952 -0.0154594 -0.0151114 -0.011356 -0.00318622 0.00852691 0.0206351 0.0292987 0.0313983 0.0247274 0.00985586 -0.00577448 -0.00913722 0.00738544 0.0361966 0.0589705 
0.0576338 0.0348321 0.00319531 -0.0219727 -0.033016 -0.0321342 -0.0255058 -0.0176577 -0.0106938 -0.00544518 -0.00247685 -0.00250374 -0.00540271 -0.00943398 -0.0125892 -0.0141085 -0.0138331 -0.0108544 -0.00397051 0.00649064 0.0179748 0.0269835 0.0304026 0.0257093 0.0127928 -0.00177511 -0.00533675 0.0102542 0.0378812 0.0586714 
0.0559727 0.0350255 0.0057493 -0.0181685 -0.0295453 -0.0293726 -0.0223842 -0.0130849 -0.0047947 0.000654018 0.00269544 0.00117709 -0.00330282 -0.00873284 -0.012953 -0.0153189 -0.0160966 -0.0147318 -0.0098993 -0.00134842 0.00909509 0.0185489 0.0242229 0.0234899 0.0154007 0.0046305 0.00177695 0.0147873 0.03868 0.0570616 
0.055064 0.0406946 0.0165734 -0.00632282 -0.0198785 -0.0221428 -0.015951 -0.00601556 0.00320419 0.00899616 0.0104314 0.00740208 0.000801279 -0.00698182 -0.0134135 -0.0176499 -0.0200915 -0.0204258 -0.0173044 -0.010173 -0.000458636 0.00938159 0.0169729 0.019957 0.0169391 0.0105588 0.00844738 0.0176267 0.0362117 0.0526422 
0.0557491 0.0492276 0.0307108 0.00858481 -0.00771908 -0.0131717 -0.00875891 0.000691607 0.00992604 0.0157305 0.0168912 0.0130553 0.00500801 -0.00477706 -0.0134594 -0.0197312 -0.0236914 -0.0250604 -0.0226294 -0.0158416 -0.00599725 0.00454256 0.0134778 0.018692 0.0188412 0.0153255 0.0133028 0.0187468 0.032626 0.0482628 
0.0562474 0.0554673 0.0414343 0.0206154 0.00277068 -0.00533951 -0.0032378 0.00456064 0.0125897 0.0176956 0.0187565 0.0150893 0.00693781 -0.00357231 -0.0135182 -0.0210604 -0.0257631 -0.0273151 -0.0248086 -0.0177374 -0.00715322 0.00455384 0.0146243 0.0207287 0.0218104 0.0190831 0.0164529 0.0191228 0.029799 0.0450501 
0.0517524 0.0532338 0.0425251 0.0247034 0.00820452 -0.000578907 -0.000571279 0.00451734 0.0100274 0.0136748 0.0147395 0.0121196 0.00526439 -0.00433965 -0.0139652 -0.0214271 -0.0258246 -0.0268791 -0.0240595 -0.016828 -0.0057596 0.00679745 0.0173907 0.0232169 0.0236593 0.0204864 0.0172163 0.0182465 0.0265684 0.0402244 
0.0404506 0.0410602 0.0329111 0.0200878 0.00822322 0.00127373 -0.000152316 0.00155148 0.00373559 0.0056256 0.00683529 0.00574707 0.00110058 -0.0062809 -0.014128 -0.0202566 -0.0235197 -0.0237028 -0.0206169 -0.0137242 -0.00318283 0.00878026 0.0182775 0.022325 0.0210462 0.0171693 0.0140974 0.014933 0.0215026 0.0319914 
0.0269289 0.0247821 0.0184037 0.0113674 0.00581326 0.00207297 -0.000255553 -0.0017391 -0.00240071 -0.00168615 -0.000132895 0.000170979 -0.0023047 -0.00713696 -0.0126339 -0.0169548 -0.0189541 -0.0184361 -0.0154081 -0.00944079 -0.000578884 0.00907781 0.0157008 0.0166668 0.013088 0.00878737 0.00716338 0.00967292 0.015912 0.0231369 
0.0183417 0.0131755 0.00748016 0.00479808 0.00432435 0.0031496 0.000132043 -0.00336708 -0.00522354 -0.00448879 -0.00239406 -0.00127828 -0.00239938 -0.00532246 -0.00883115 -0.0116404 -0.0128647 -0.0123074 -0.00995661 -0.00547274 0.000994013 0.00745399 0.0105301 0.00831549 0.0028149 -0.00129518 -0.000531035 0.00514474 0.0129085 0.0184603 
0.0186002 0.0115041 0.00521554 0.00364635 0.00478734 0.00423863 0.000677533 -0.00332445 -0.0047295 -0.00305012 -0.000349285 0.00103339 0.000408026 -0.00147289 -0.00364114 -0.00540173 -0.00632769 -0.00627259 -0.00504746 -0.00227482 0.00177058 0.00523004 0.00537242 0.00108806 -0.00512942 -0.00837506 -0.005173 0.00379897 0.0141673 0.0202336 
0.0252101 0.0178059 0.0100238 0.0065104 0.00608133 0.0047322 0.00111893 -0.00225156 -0.00257977 1.57297e-05 0.00302604 0.00430415 0.00369533 0.00230691 0.0010119 1.84337e-05 -0.000715173 -0.00112198 -0.000822837 0.000628277 0.00285468 0.00416729 0.00254201 -0.00242225 -0.00823522 -0.0104971 -0.00595913 0.00486764 0.0175468 0.0257348 
0.0308715 0.0246039 0.0156921 0.00957968 0.00695085 0.00506223 0.00226274 -3.51546e-05 0.00023734 0.00283141 0.00544643 0.00628258 0.00551014 0.00438653 0.00366554 0.0032227 0.00273998 0.00227531 0.00231921 0.00327253 0.00461165 0.0048119 0.0024857 -0.00227299 -0.00736336 -0.00935016 -0.00533581 0.00500529 0.0184385 0.0288568 
0.0298711 0.0257833 0.0175888 0.010885 0.00777623 0.0065892 0.00519646 0.00370379 0.00356328 0.00498176 0.00643811 0.00658696 0.00566085 0.00475803 0.00439883 0.00427527 0.0040402 0.00385212 0.0042388 0.00544869 0.00677967 0.00681141 0.00455215 0.000277207 -0.00444383 -0.00712921 -0.00523393 0.00249334 0.0144667 0.0255767 
0.0225758 0.0213218 0.0160963 0.0114453 0.00966163 0.00975847 0.00955654 0.00833481 0.00711268 0.00671839 0.00666122 0.006118 0.00517149 0.00451195 0.00437695 0.00441443 0.00439658 0.00460884 0.00556174 0.00735138 0.00917497 0.00967031 0.00791896 0.00406579 -0.000735247 -0.00458758 -0.00529403 -0.00117334 0.0075076 0.0171848 
0.0128563 0.0146241 0.0134987 0.0119546 0.011629 0.0123509 0.0127404 0.0118095 0.00993287 0.00812164 0.0068151 0.00579294 0.00493701 0.0044474 0.00435568 0.00441253 0.00454668 0.00508874 0.00646045 0.00865313 0.0109036 0.0119466 0.0107463 0.0071512 0.00211446 -0.0026511 -0.00533649 -0.00448735 0.00033141 0.00731656 
0.00322785 0.00762634 0.00998438 0.0105597 0.0104386 0.0107668 0.0115627 0.0117387 0.0105524 0.00853144 0.00673405 0.00558514 0.00485402 0.00432309 0.00396145 0.00376546 0.00383268 0.00444439 0.0058556 0.00795862 0.0101122 0.0112562 0.0103074 0.00686645 0.00179365 -0.00326161 -0.00694223 -0.00834541 -0.00671797 -0.00225845 
-0.00629543 -0.000110072 0.0041093 0.0051104 0.00405565 0.00360406 0.00506912 0.00715349 0.00785754 0.00689218 0.00555084 0.00474531 0.00421794 0.00349078 0.00259965 0.00186664 0.00157373 0.00192605 0.0029872 0.00452531 0.00600274 0.00664747 0.005553 0.00225788 -0.00252927 -0.00741455 -0.0115248 -0.0143586 -0.014836 -0.0119452 
-0.0163774 -0.00926507 -0.00439994 -0.00369064 -0.00561121 -0.00649184 -0.00429803 -0.000445832 0.00234455 0.00313668 0.00304951 0.00307069 0.00291173 0.00203506 0.000641838 -0.000649962 -0.00141919 -0.00152453 -0.00103114 -0.000263819 0.000289887 0.000120226 -0.0013646 -0.00454294 -0.00896849 -0.0137204 -0.0183348 -0.0223628 -0.0242636 -0.0222357 
-0.0271499 -0.019621 -0.014098 -0.0127992 -0.0143158 -0.0149507 -0.0124615 -0.00789846 -0.00376428 -0.00123173 0.00028508 0.00137383 0.00166499 0.000769716 -0.000868642 -0.00245506 -0.00356329 -0.00412727 -0.00422767 -0.00416169 -0.00437735 -0.00524054 -0.00710205 -0.0102723 -0.0146134 -0.0196692 -0.0251982 -0.0305926 -0.0338894 -0.0328033 
-0.0381181 -0.0305401 -0.0236825 -0.020171 -0.0195972 -0.0191928 -0.0167811 -0.0125428 -0.00802985 -0.00429899 -0.00143801 0.000506144 0.00109269 0.000225365 -0.00140344 -0.00297226 -0.00418921 -0.00509065 -0.00569451 -0.00615522 -0.00684256 -0.00807757 -0.0101419 -0.0134 -0.0180018 -0.0237801 -0.0305134 -0.0374158 -0.0423398 -0.042775 
-0.0475204 -0.0406372 -0.0324618 -0.0259607 -0.0222269 -0.0199578 -0.0172869 -0.0135288 -0.00916958 -0.00497803 -0.00153707 0.00063809 0.0011692 0.000276347 -0.00121257 -0.00258708 -0.00374211 -0.00481569 -0.00577207 -0.00661944 -0.00761284 -0.00902744 -0.0111576 -0.0145015 -0.0194594 -0.0260012 -0.0337701 -0.0418177 -0.0481256 -0.0503675 
-0.0521899 -0.0470494 -0.0388244 -0.0302686 -0.0236359 -0.0190615 -0.0153236 -0.011436 -0.00724444 -0.00322377 -8.74793e-05 0.00159275 0.00169921 0.000700851 -0.000615269 -0.00174194 -0.00273428 -0.00380472 -0.00492436 -0.00603963 -0.00729957 -0.00888358 -0.011053 -0.0144031 -0.0195435 -0.0265071 -0.0346657 -0.0428542 -0.0494675 -0.0529298 
-0.050099 -0.0473703 -0.0407709 -0.0321423 -0.0239912 -0.0174419 -0.0121886 -0.00760043 -0.00339895 0.000146959 0.00245379 0.00320729 0.00267651 0.00150791 0.000339447 -0.000548961 -0.00132821 -0.00225677 -0.0033518 -0.00457521 -0.00602301 -0.00777152 -0.0099692 -0.0132001 -0.0182275 -0.0251153 -0.0328701 -0.0400475 -0.0456161 -0.0491566 
-0.0430817 -0.0428072 -0.0388777 -0.031846 -0.0236526 -0.0159218 -0.00934971 -0.00396345 0.000419597 0.00363684 0.00521869 0.00511014 0.00394718 0.00255081 0.00144357 0.000712512 9.6331e-05 -0.000677582 -0.00165178 -0.00283082 -0.00432969 -0.00616936 -0.0083293 -0.0112508 -0.0157744 -0.0220354 -0.0287702 -0.0343178 -0.0381891 -0.041071 
-0.0355289 -0.0375024 -0.036436 -0.0316158 -0.0241244 -0.0158586 -0.008428 -0.00241715 0.00233723 0.00571316 0.00715621 0.00662987 0.00499966 0.00332057 0.00213728 0.00139809 0.000752774 -3.37482e-05 -0.0009482 -0.00202375 -0.00347239 -0.00534057 -0.00740699 -0.00981634 -0.0133782 -0.0184411 -0.0238122 -0.0278134 -0.0302994 -0.0326504 
-0.0307621 -0.0345754 -0.0358119 -0.0327775 -0.0259318 -0.0174672 -0.00964946 -0.00329307 0.00190382 0.00583596 0.00770791 0.00724486 0.00535322 0.00335339 0.00194661 0.000996326 6.58015e-05 -0.000979434 -0.00196466 -0.00290974 -0.0041908 -0.0059926 -0.00792893 -0.00973827 -0.0120862 -0.0156815 -0.0197683 -0.0228067 -0.0246904 -0.0270164 
-0.0294041 -0.0340922 -0.0363642 -0.0339998 -0.0273002 -0.0188338 -0.0111667 -0.00497596 0.000309123 0.00463983 0.00700097 0.00678179 0.00475566 0.00242591 0.000691708 -0.000603048 -0.00194738 -0.0033463 -0.00441278 -0.00509537 -0.00592664 -0.00733014 -0.00892239 -0.0101188 -0.0114008 -0.0138603 -0.0173247 -0.020367 -0.0225309 -0.025168 
-0.029722 -0.0340373 -0.0359623 -0.0332319 -0.0263038 -0.0180779 -0.0111231 -0.00575553 -0.00107446 0.00300167 0.00539901 0.00526394 0.00313216 0.000507393 -0.00156609 -0.00317545 -0.00479659 -0.00635441 -0.00732207 -0.00753514 -0.00754917 -0.00801318 -0.00878235 -0.00923086 -0.00970185 -0.0115568 -0.0151826 -0.0192218 -0.0225107 -0.0256485 
-0.0287468 -0.0320978 -0.0331528 -0.0299288 -0.0230433 -0.0154897 -0.00964533 -0.0054654 -0.0018203 0.00147737 0.00344322 0.00316656 0.000936445 -0.00191218 -0.00426055 -0.00602635 -0.00760002 -0.00892976 -0.00952213 -0.0091264 -0.00815433 -0.00734519 -0.00690868 -0.00640244 -0.00603501 -0.00726476 -0.0110618 -0.0163467 -0.0212007 -0.0250805 
-0.0244895 -0.0273683 -0.0280525 -0.0249846 -0.0188466 -0.0124573 -0.00786515 -0.00476058 -0.00198603 0.000598104 0.00208493 0.00160842 -0.000717317 -0.00374725 -0.0062999 -0.00805681 -0.0092757 -0.0100086 -0.00995773 -0.0088873 -0.0070288 -0.00509398 -0.00355667 -0.00209677 -0.000645473 -0.000600577 -0.0036448 -0.00943705 -0.01569 -0.0206786 
-0.0174994 -0.0210569 -0.0221876 -0.0197992 -0.014737 -0.00964204 -0.00622158 -0.00391962 -0.00157402 0.000810838 0.00220664 0.00166917 -0.000768376 -0.00398509 -0.00667966 -0.00832022 -0.00904679 -0.00902894 -0.00821232 -0.00646177 -0.00391166 -0.00122585 0.00103033 0.00327084 0.00600345 0.00798584 0.00674305 0.00147143 -0.00577434 -0.0123977 
-0.00980693 -0.0151405 -0.0172805 -0.0155416 -0.0112048 -0.00706294 -0.00466908 -0.00310656 -0.000896991 0.00190421 0.00383497 0.00355249 0.00106802 -0.00227836 -0.00500454 -0.00648376 -0.00682025 -0.0062653 -0.00492781 -0.0027442 0.000216182 0.00335568 0.00613179 0.00910944 0.0131656 0.0172247 0.0181979 0.0141155 0.00629445 -0.0023407 
-0.00286224 -0.0100447 -0.013041 -0.0114955 -0.00736012 -0.00394494 -0.00281923 -0.00241588 -0.000430035 0.00318278 0.00618883 0.00651372 0.00416775 0.000867498 -0.00173263 -0.00305511 -0.00326046 -0.00264266 -0.00135715 0.000686632 0.00355196 0.0068196 0.010061 0.0138338 0.019013 0.0245993 0.0273722 0.0247034 0.0169998 0.00688367 
0.00321622 -0.00412775 -0.00661318 -0.00437814 -0.000221966 0.00196663 0.000836483 -0.000897512 0.00027766 0.00449024 0.00850881 0.0094171 0.00724593 0.00407563 0.00165771 0.000459716 0.000239387 0.000654239 0.00150409 0.00288954 0.00502991 0.00786907 0.0113068 0.015766 0.0216331 0.0277596 0.0313334 0.02992 0.0233043 0.0133944 
0.0091429 0.00428447 0.00427151 0.00807685 0.0119882 0.0119345 0.00745921 0.00280761 0.00251219 0.00648608 0.0105932 0.011382 0.00898697 0.0057056 0.00329419 0.00216127 0.00203965 0.00249239 0.00311027 0.00376504 0.00469781 0.00639507 0.00945775 0.0142963 0.0205007 0.0264661 0.0300011 0.0295255 0.0247875 0.0170646 
0.0157793 0.0152384 0.0183819 0.0231825 0.0256096 0.0224016 0.0146624 0.00779003 0.00627045 0.0092727 0.0122439 0.0119106 0.00869953 0.00494454 0.00229649 0.00115223 0.00129919 0.00221077 0.00311002 0.00333506 0.00290812 0.00289741 0.00491051 0.00967437 0.0160857 0.0219223 0.0253835 0.0257959 0.0233882 0.0193007 
0.023181 0.0272705 0.0320563 0.0350495 0.0335231 0.0265554 0.017046 0.0102611 0.00902226 0.0112227 0.0125303 0.0106163 0.00641367 0.00214824 -0.000773388 -0.00200089 -0.00162152 -0.000117947 0.00142599 0.00172448 0.000375639 -0.00122612 -0.000598159 0.00351236 0.00975077 0.0154802 0.0190134 0.0203288 0.0204946 0.0210155 
0.0297375 0.037732 0.0417298 0.0396477 0.0317861 0.0208332 0.0113126 0.00702606 0.00792021 0.0103498 0.0105807 0.00757335 0.00282404 -0.00164575 -0.00475726 -0.00620371 -0.00583844 -0.00389297 -0.00148776 -0.000303838 -0.00121779 -0.00303276 -0.00311607 2.05298e-05 0.00512758 0.00964723 0.012182 0.0134926 0.0158944 0.0214343 
0.0336048 0.0440533 0.0456779 0.0374342 0.0229812 0.00853618 -0.000110923 -0.000951628 0.00306408 0.0068557 0.00718464 0.00405782 -0.000633086 -0.00511488 -0.00854517 -0.0104762 -0.0103782 -0.00810551 -0.00454508 -0.00139673 7.21949e-05 0.000292527 0.00105245 0.00338832 0.00621738 0.00759782 0.00702166 0.00658886 0.0101724 0.0200766 
0.0354782 0.0462459 0.0449805 0.0320179 0.013158 -0.00340547 -0.0111792 -0.00928115 -0.00248174 0.00314676 0.00446331 0.00192624 -0.00247192 -0.00717794 -0.0113235 -0.0140181 -0.0142548 -0.011561 -0.00649709 -0.000538117 0.00468187 0.00836518 0.0107456 0.0120289 0.0115449 0.00856035 0.00398412 0.0014217 0.00583896 0.018936 
0.038193 0.0471287 0.0426787 0.0269853 0.00663388 -0.0101634 -0.017206 -0.0141062 -0.00600906 0.000886213 0.00333311 0.00160101 -0.00259557 -0.00788134 -0.0130878 -0.0166702 -0.017163 -0.0139073 -0.00719575 0.00173788 0.01076 0.017488 0.0203509 0.0190406 0.0141863 0.00708986 0.000199338 -0.00213572 0.00474588 0.0207304 
0.043125 0.0494698 0.0418128 0.0245611 0.00476238 -0.0106079 -0.0169525 -0.0144544 -0.00739236 -0.000779694 0.00232964 0.00145889 -0.0024754 -0.00833253 -0.0145315 -0.0188975 -0.0196168 -0.0159312 -0.00792129 0.00340655 0.0154052 0.0240207 0.0258668 0.020551 0.0108831 0.000846466 -0.0058464 -0.00517823 0.0060456 0.0253611 
0.0483755 0.0535089 0.0437795 0.0257791 0.00752323 -0.0055439 -0.0114998 -0.0115096 -0.00806381 -0.00362296 -0.000490807 -0.000318926 -0.00354025 -0.00940269 -0.0159773 -0.0206799 -0.0215517 -0.0178224 -0.00939496 0.00307139 0.0168542 0.0267869 0.0279347 0.0196984 0.00672238 -0.00483623 -0.0105963 -0.00720286 0.00746262 0.0296318 
0.0513246 0.0574853 0.047301 0.0289977 0.0123399 0.00164595 -0.00429212 -0.00795805 -0.00967351 -0.0086119 -0.00588597 -0.00441821 -0.00628862 -0.0112988 -0.0172823 -0.0214543 -0.0219801 -0.018324 -0.0103814 0.00164326 0.0156529 0.0265495 0.0286859 0.0208378 0.0077827 -0.00400322 -0.0101796 -0.00731745 0.00734961 0.0306991 
0.0519744 0.0600716 0.04935 0.029556 0.0132753 0.0046373 -0.00064172 -0.00694367 -0.0131424 -0.0154537 -0.0134493 -0.0107494 -0.0108907 -0.0143678 -0.0189034 -0.0216066 -0.0209684 -0.0169764 -0.0097948 0.000716961 0.0134731 0.0245353 0.0287241 0.0241054 0.013765 0.00246814 -0.00588124 -0.00655603 0.00549382 0.0289465 
0.052024 0.0609713 0.0476218 0.023846 0.00616822 -0.0003702 -0.00283425 -0.00847749 -0.0165082 -0.0213975 -0.0208117 -0.0178035 -0.0166017 -0.0184539 -0.0212836 -0.0222627 -0.020203 -0.0155602 -0.00883688 0.000197562 0.011275 0.0219247 0.0281608 0.0275332 0.0206222 0.00965648 -0.00169891 -0.00656911 0.00284893 0.0267079 
0.0517456 0.059827 0.0422212 0.0132963 -0.00632129 -0.0100828 -0.00726817 -0.008574 -0.0153029 -0.0217179 -0.0235253 -0.0218658 -0.0205101 -0.0213476 -0.0230442 -0.0231831 -0.0206344 -0.0157655 -0.00913485 -0.000644962 0.00971205 0.0204587 0.0285695 0.0310225 0.0261902 0.0145526 0.000254813 -0.00771259 0.000376903 0.0250663 
0.050546 0.0571151 0.0361528 0.00371671 -0.0168823 -0.017653 -0.00890663 -0.00412351 -0.00744995 -0.0142776 -0.018935 -0.0200154 -0.0198223 -0.0206115 -0.0222558 -0.0230304 -0.0214593 -0.0171417 -0.0103207 -0.00116633 0.0100636 0.0220759 0.0319103 0.035607 0.0302689 0.0164133 -0.000373626 -0.00972862 -0.00164846 0.0237078 
0.0493602 0.0549537 0.0335097 0.000863608 -0.0195452 -0.0186255 -0.00594959 0.00386444 0.00412267 -0.00242014 -0.00963527 -0.0138951 -0.0156695 -0.0172244 -0.0196447 -0.0219113 -0.0220257 -0.0185992 -0.0113969 -0.000823848 0.0123443 0.0263321 0.0373791 0.0403545 0.0321783 0.0151229 -0.00306495 -0.0116735 -0.00226648 0.0233778 
0.048847 0.0535629 0.0344355 0.00495889 -0.0141336 -0.0133221 4.7786e-05 0.0120031 0.0143328 0.00806577 -0.000974063 -0.00797476 -0.0119427 -0.0147317 -0.0180574 -0.0214539 -0.0227816 -0.020142 -0.0129213 -0.00148825 0.0131315 0.0286212 0.0401822 0.0416737 0.0305779 0.011603 -0.00550926 -0.0108963 0.000752217 0.0255073 
0.0464229 0.0487937 0.0333082 0.00986674 -0.00582456 -0.00530542 0.006461 0.0175508 0.0199005 0.013663 0.00383608 -0.00490277 -0.0108732 -0.0150781 -0.0189577 -0.0224134 -0.0239056 -0.0218966 -0.0157172 -0.0054158 0.00839944 0.023627 0.0350978 0.0361853 0.0249621 0.00776026 -0.00498418 -0.00543837 0.00784226 0.0289716 
0.0401622 0.0384105 0.0264627 0.0108953 0.00138459 0.00335143 0.0129708 0.0211472 0.021806 0.0152617 0.00537961 -0.00422351 -0.0117858 -0.0172622 -0.021236 -0.0238306 -0.0245751 -0.0229087 -0.0185139 -0.0111708 -0.000592161 0.0123306 0.023238 0.0257567 0.0180147 0.00611375 -0.000577884 0.00338604 0.0163199 0.0312003 
0.0369801 0.0314369 0.0218319 0.0131345 0.01019 0.0145649 0.0221076 0.0263942 0.0242203 0.01661 0.00634515 -0.00400526 -0.0127069 -0.0189686 -0.0227194 -0.0242396 -0.0239194 -0.0220803 -0.0189167 -0.0142427 -0.00706214 0.00311349 0.0133713 0.0182357 0.0154807 0.00938991 0.00726652 0.0133181 0.0249525 0.0347601 
0.0554423 0.0493466 0.038839 0.0302211 0.0277416 0.0311473 0.0354496 0.0355251 0.0300598 0.0205134 0.00899298 -0.00234485 -0.0117492 -0.0183507 -0.0220082 -0.0230212 -0.0219883 -0.0195599 -0.0162662 -0.0121322 -0.00606497 0.00291831 0.0128775 0.0194591 0.0203067 0.0177439 0.0175897 0.0250598 0.039153 0.0518497 
0.118794 0.115905 0.0971929 0.0747176 0.0593281 0.0535645 0.0518332 0.0477287 0.0392105 0.0273288 0.0140591 0.00163864 -0.00838341 -0.0155764 -0.0199026 -0.0213285 -0.0201031 -0.0168446 -0.0122987 -0.00673713 0.000608567 0.0103021 0.0204687 0.0276044 0.0298069 0.0288063 0.0309219 0.0445549 0.0714974 0.10137 
0.2357 0.236353 0.198566 0.145639 0.102559 0.0790355 0.0687218 0.060977 0.0501829 0.0361088 0.0209727 0.00718583 -0.00415003 -0.0129777 -0.0189865 -0.021482 -0.020208 -0.0157491 -0.00918602 -0.00115382 0.00875732 0.0205702 0.0319679 0.0396112 0.0423034 0.0430903 0.0512514 0.0796752 0.132444 0.194013 
0.375094 0.375488 0.311097 0.219786 0.143483 0.0998829 0.0812048 0.0712526 0.0596423 0.044341 0.0276692 0.0121053 -0.00146655 -0.0127531 -0.0207798 -0.0243072 -0.0227891 -0.016749 -0.00753895 0.00375594 0.017222 0.0326054 0.0470005 0.0563196 0.0596076 0.062437 0.0787947 0.126379 0.210359 0.308056 
