0.61424 0.58009 0.472366 0.331466 0.201333 0.108563 0.0559794 0.0309058 0.0186339 0.0109378 0.00613359 0.00446744 0.00476756 0.00480203 0.00337493 0.00122869 -1.55926e-05 0.000570329 0.00274889 0.00574104 0.00877316 0.0112726 0.013841 0.0204635 0.0403849 0.0871788 0.172992 0.298056 0.44108 0.560889 
0.603821 0.564223 0.454637 0.316907 0.193955 0.109235 0.0622116 0.038687 0.0249338 0.0150886 0.00936395 0.00836262 0.0100334 0.0110874 0.00987321 0.00726864 0.00512873 0.00443875 0.00511095 0.00698772 0.0101971 0.014568 0.0200238 0.0291317 0.0500192 0.096163 0.180293 0.302934 0.442352 0.556871 
0.519275 0.481596 0.386512 0.271701 0.173399 0.10879 0.0736535 0.0534739 0.0370679 0.0224052 0.0128152 0.0100468 0.0114284 0.0124407 0.0105995 0.00660586 0.00253123 -0.000234302 -0.00111709 0.00064044 0.00587701 0.0141844 0.0239226 0.035225 0.0539605 0.0923526 0.16302 0.267447 0.38638 0.48265 
0.396649 0.366358 0.295559 0.21433 0.1493 0.110265 0.0897185 0.0736809 0.0541343 0.0332444 0.0177894 0.0110712 0.0102041 0.0096928 0.00623937 0.000242583 -0.00605871 -0.010741 -0.0124519 -0.00970512 -0.00144854 0.0112182 0.0249725 0.0375644 0.0523618 0.0796089 0.131047 0.209236 0.299119 0.371069 
0.273059 0.251829 0.206475 0.158732 0.125764 0.110832 0.104052 0.0923584 0.0705787 0.0443387 0.0232174 0.011915 0.00771106 0.00472221 -0.000754416 -0.00853068 -0.0163086 -0.021814 -0.0232124 -0.0187538 -0.00760405 0.00844815 0.0249895 0.0381709 0.0491743 0.0658234 0.0982107 0.14965 0.209785 0.257418 
0.169511 0.155575 0.130525 0.108861 0.100328 0.103593 0.107541 0.100169 0.0783951 0.0499418 0.0258413 0.0115118 0.0045747 -0.000588036 -0.00749884 -0.0159583 -0.023747 -0.028622 -0.028769 -0.022612 -0.00962954 0.0081618 0.0261776 0.0398813 0.0486265 0.0574612 0.0741681 0.102387 0.136275 0.162556 
0.0914508 0.081306 0.0689758 0.0635158 0.0697083 0.0836766 0.0942447 0.0907535 0.071568 0.0450904 0.0222202 0.00811477 0.000645705 -0.00508903 -0.0119594 -0.0195557 -0.0258582 -0.0290205 -0.0276849 -0.0206756 -0.00755835 0.0101105 0.0284757 0.0430419 0.0515711 0.0560481 0.0614525 0.0713385 0.0838393 0.092436 
0.0373845 0.0274618 0.0207475 0.0226004 0.0348103 0.0524952 0.0654293 0.0647549 0.0499673 0.0290348 0.0113593 0.000924555 -0.00437352 -0.00855333 -0.013655 -0.0190333 -0.0229808 -0.0242424 -0.0220864 -0.0157141 -0.00445169 0.0111842 0.0287368 0.0443384 0.0544901 0.0580987 0.0570458 0.0542714 0.0509289 0.0457313 
0.0039596 -0.00824412 -0.0144093 -0.0113864 0.000888915 0.0173728 0.0293932 0.0302559 0.0204373 0.00677458 -0.00364824 -0.00850397 -0.00996648 -0.0111532 -0.0133729 -0.0159479 -0.0176416 -0.0177917 -0.0161359 -0.0120181 -0.00430299 0.00771977 0.0232527 0.0395171 0.0523603 0.0580918 0.0555314 0.0463553 0.033343 0.0186472 
-0.01386 -0.0289766 -0.036797 -0.0352673 -0.0253632 -0.0120448 -0.0023462 -0.000793756 -0.00611253 -0.0129049 -0.0165781 -0.0163702 -0.0143359 -0.0126577 -0.0121248 -0.0123553 -0.012776 -0.013189 -0.0134114 -0.0125695 -0.00902893 -0.00114668 0.0116456 0.0277898 0.0431856 0.0525067 0.0520807 0.0419253 0.0250464 0.00527814 
-0.0227188 -0.0390712 -0.0476792 -0.047052 -0.0389347 -0.0282556 -0.0206427 -0.0187399 -0.0206927 -0.0225227 -0.0217967 -0.0188539 -0.0153069 -0.012352 -0.0104231 -0.00965687 -0.0102269 -0.0121931 -0.0150253 -0.0173182 -0.0170834 -0.0123886 -0.002084 0.0131295 0.0296604 0.0416928 0.04418 0.03577 0.0189479 -0.00201423 
-0.0286116 -0.0426939 -0.0490703 -0.0469316 -0.0387229 -0.0293157 -0.0231125 -0.0211894 -0.0212544 -0.0204712 -0.0180007 -0.0148244 -0.0119943 -0.00981559 -0.00842394 -0.00838456 -0.0104059 -0.014525 -0.0196109 -0.0236865 -0.0247617 -0.021371 -0.0127019 0.000781 0.0161458 0.0280841 0.0314911 0.0245417 0.0093326 -0.0098996 
-0.0341784 -0.0423158 -0.043386 -0.0376776 -0.0281738 -0.0193651 -0.0144045 -0.0130598 -0.0126716 -0.0111312 -0.00860095 -0.00648166 -0.00553593 -0.0055365 -0.00631888 -0.00845752 -0.0126523 -0.0185815 -0.0245436 -0.0283579 -0.0286197 -0.0250007 -0.017635 -0.00708072 0.00457938 0.0132863 0.0148748 0.00791116 -0.00539435 -0.0208124 
-0.0375351 -0.0378701 -0.0326675 -0.0234231 -0.0131762 -0.00547666 -0.00215688 -0.00202127 -0.00219205 -0.00090346 0.00120521 0.00236916 0.00162554 -0.000787848 -0.00443227 -0.00937179 -0.0156471 -0.0222863 -0.027282 -0.028907 -0.0270453 -0.0229658 -0.0178322 -0.0120029 -0.00615362 -0.00249702 -0.00383902 -0.0110211 -0.0216555 -0.0316189 
-0.0333106 -0.0266147 -0.0170041 -0.00664438 0.00213365 0.00727294 0.0082092 0.00661444 0.00527699 0.00582126 0.00753342 0.00837759 0.00685414 0.00278446 -0.00323234 -0.0104683 -0.017919 -0.0238604 -0.0263182 -0.0246167 -0.020445 -0.0168276 -0.0156509 -0.0163813 -0.0174777 -0.0187492 -0.0216053 -0.0267779 -0.0324583 -0.0353443 
-0.0161574 -0.0049562 0.00547484 0.0133033 0.0176669 0.0183306 0.015828 0.0118445 0.00872208 0.00793177 0.00892693 0.00964459 0.0081131 0.00360842 -0.00331596 -0.0113047 -0.0184333 -0.0224011 -0.0215127 -0.0163517 -0.0104485 -0.00840103 -0.0124482 -0.0206521 -0.0286752 -0.0334463 -0.0349001 -0.034264 -0.0315534 -0.0255989 
0.014309 0.0271497 0.0348885 0.0370409 0.034661 0.0293095 0.0223627 0.015224 0.00955292 0.00655694 0.00596246 0.00602816 0.00472398 0.000951617 -0.00501479 -0.0117185 -0.0168817 -0.0180203 -0.013803 -0.0058079 0.00108912 0.00117112 -0.00798019 -0.0231109 -0.037141 -0.0438779 -0.0414363 -0.0317172 -0.0176207 -0.00150719 
0.0508569 0.0627786 0.0655439 0.0606776 0.0511073 0.0397207 0.0283096 0.0178257 0.00922076 0.00340802 0.000430604 -0.000841421 -0.0020315 -0.00431133 -0.00783091 -0.011585 -0.0136075 -0.0116638 -0.00474912 0.00510465 0.0124731 0.0110971 -0.00166958 -0.0219027 -0.04049 -0.0482878 -0.0411985 -0.0215038 0.00461363 0.0304621 
0.0815915 0.0903404 0.0873779 0.0763682 0.0615231 0.04614 0.0317831 0.0188641 0.00786128 -0.000432851 -0.0056493 -0.00828342 -0.00937889 -0.00996025 -0.0105534 -0.01083 -0.00951746 -0.0049092 0.00374552 0.0144685 0.0220317 0.0201779 0.00594394 -0.0168713 -0.0381931 -0.0466279 -0.0358879 -0.00824558 0.0271946 0.059674 
0.0966032 0.100518 0.0925697 0.0781006 0.0615529 0.0454664 0.0305324 0.0167402 0.00461604 -0.00481407 -0.0109397 -0.0139792 -0.0146676 -0.0138511 -0.0121802 -0.00977056 -0.00596799 0.000384549 0.00983313 0.020694 0.0283491 0.0269373 0.0132398 -0.00959144 -0.0315766 -0.0402406 -0.0277956 0.00366782 0.0430945 0.0770013 
0.0926606 0.091449 0.0806362 0.0662556 0.0517522 0.0379262 0.024322 0.010953 -0.000934209 -0.00974783 -0.0148728 -0.0168617 -0.0166805 -0.0151027 -0.0125568 -0.00907803 -0.00421133 0.00285364 0.0124739 0.0231921 0.0310019 0.0306166 0.0187984 -0.00204233 -0.0228048 -0.0312769 -0.0193088 0.0111707 0.0485027 0.0784712 
0.0732 0.0684215 0.0577986 0.0467992 0.0369334 0.0269292 0.0154819 0.00324127 -0.00736267 -0.0141242 -0.0167595 -0.0166659 -0.0154524 -0.0139059 -0.0119518 -0.00905578 -0.00448961 0.00249147 0.0120559 0.0227343 0.0308703 0.031743 0.0223722 0.00460472 -0.0137893 -0.022002 -0.0126086 0.0126456 0.0429553 0.0653972 
0.045616 0.0401666 0.0327691 0.0272298 0.0228936 0.0169058 0.00779202 -0.00279733 -0.0113515 -0.0153893 -0.0152149 -0.013138 -0.0113727 -0.0106583 -0.0103171 -0.00906195 -0.00565328 0.000768311 0.0101858 0.0209303 0.029464 0.0315679 0.0246885 0.0102724 -0.00547343 -0.0138492 -0.00879148 0.00836222 0.0289488 0.042874 
0.0180366 0.0148224 0.0125368 0.0128293 0.0134627 0.0110333 0.00449618 -0.00370968 -0.00968836 -0.0112242 -0.00920061 -0.00637983 -0.00508619 -0.00581177 -0.00738252 -0.00796372 -0.0059341 -0.000349486 0.00860796 0.0191059 0.0277616 0.030884 0.0263594 0.0152016 0.00190553 -0.0071847 -0.00746692 0.000511725 0.0110863 0.0177295 
-0.00417482 -0.00347933 -0.00049297 0.00456661 0.00895694 0.00972032 0.00636372 0.00136828 -0.00190568 -0.00189962 0.000265773 0.00213819 0.00194399 -0.000364548 -0.00338729 -0.00522318 -0.00429022 0.000232039 0.00805139 0.017445 0.0254989 0.0291893 0.0267502 0.0185904 0.00743162 -0.00261825 -0.00815232 -0.0085969 -0.00638327 -0.00459246 
-0.020733 -0.0160875 -0.00901004 -0.000743153 0.00645859 0.0105365 0.0111419 0.00990954 0.00900928 0.00934017 0.0100853 0.00978982 0.00769232 0.0042388 0.000724796 -0.00140342 -0.00108112 0.00214663 0.00797079 0.015138 0.0215769 0.0250617 0.024056 0.0182594 0.00877544 -0.00212581 -0.0118525 -0.0186543 -0.0221453 -0.0227369 
-0.0345341 -0.0271581 -0.0176983 -0.00751348 0.00210301 0.0098321 0.0148758 0.0174667 0.0184543 0.0183728 0.0171281 0.0145366 0.0109099 0.00708018 0.00400701 0.00237419 0.00244472 0.00418174 0.00736395 0.0114564 0.0154125 0.0177835 0.0171583 0.0126213 0.00409316 -0.00740777 -0.0197823 -0.030393 -0.0369405 -0.0382376 
-0.0462728 -0.038127 -0.0282002 -0.0173484 -0.00594329 0.00504765 0.0140899 0.0200566 0.0227583 0.0225983 0.0201669 0.0162742 0.0120108 0.00845906 0.00624957 0.00534359 0.0052277 0.00541851 0.00586145 0.0067784 0.00805244 0.00881416 0.00767783 0.00334241 -0.00487272 -0.0165641 -0.0299033 -0.0418792 -0.0493886 -0.0506999 
-0.0515849 -0.045028 -0.0369684 -0.0274478 -0.0161202 -0.00376315 0.0076155 0.0160691 0.020744 0.0218038 0.0199688 0.0163671 0.0124328 0.00945133 0.00795992 0.00751147 0.00707738 0.00589387 0.00411133 0.00258085 0.00185126 0.0013636 -0.000336937 -0.00472352 -0.0125774 -0.0235812 -0.0360422 -0.0471255 -0.0539798 -0.055221 
-0.0448368 -0.042141 -0.0385402 -0.0330992 -0.0248139 -0.0140798 -0.00277806 0.00697978 0.0139027 0.0175494 0.0180422 0.0161323 0.0132274 0.0108367 0.00969039 0.00930462 0.00845691 0.00629137 0.00316047 0.000352991 -0.00118899 -0.0019177 -0.00340261 -0.00715169 -0.0137454 -0.0226314 -0.0322123 -0.0402979 -0.0451142 -0.046281 
-0.0258809 -0.0283578 -0.0310255 -0.031903 -0.0292197 -0.0226668 -0.013512 -0.00364696 0.00525853 0.0119021 0.0154135 0.0158085 0.0142458 0.0124147 0.0113715 0.010844 0.00966787 0.00702882 0.00342391 0.000374382 -0.000985743 -0.00107064 -0.00150412 -0.00371165 -0.00793694 -0.0132904 -0.0183365 -0.0218533 -0.0235938 -0.0244859 
-0.0023547 -0.0095684 -0.0183317 -0.0257553 -0.0292295 -0.0275827 -0.0213796 -0.0122982 -0.00237174 0.00637354 0.0122748 0.0147017 0.0144572 0.0132156 0.0122651 0.0116285 0.0103564 0.0077288 0.00425667 0.00147197 0.000572501 0.00124721 0.00199806 0.00162028 0.000221521 -0.00106553 -0.00111124 0.000244752 0.00178386 0.00144535 
0.0152967 0.00543112 -0.00707152 -0.018854 -0.0266604 -0.0286099 -0.0248188 -0.0169635 -0.00734419 0.0017762 0.0085729 0.0121622 0.0129668 0.0123606 0.011622 0.0110288 0.00991353 0.0076327 0.00453632 0.00195858 0.0011061 0.00193097 0.0032998 0.00433047 0.0053455 0.00744972 0.0113097 0.0162191 0.0200653 0.0202867 
0.0214995 0.011593 -0.00126976 -0.0138955 -0.0228972 -0.0261241 -0.0235965 -0.0171225 -0.00904685 -0.00131707 0.00473038 0.00839744 0.00979245 0.00977707 0.00936835 0.00896928 0.00816261 0.00632684 0.00352958 0.000799577 -0.000625758 -0.000362062 0.00100074 0.0028898 0.00556593 0.00974553 0.0155236 0.0217139 0.0261114 0.0264573 
0.0187658 0.0105939 1.93064e-05 -0.0104458 -0.0179226 -0.0205381 -0.0184607 -0.0135315 -0.00783861 -0.00266654 0.00145732 0.00427872 0.00572839 0.00612812 0.00607975 0.00593444 0.0054117 0.00388548 0.00117113 -0.00196346 -0.00420948 -0.00471106 -0.00350909 -0.000976643 0.00283773 0.00801829 0.0140825 0.0197113 0.0231842 0.0230802 
0.0138535 0.00772741 0.000220151 -0.00697029 -0.0118887 -0.0133347 -0.0116819 -0.00853992 -0.00546602 -0.00303939 -0.00109409 0.000518583 0.00166634 0.00226171 0.00248204 0.00249245 0.0020496 0.000585928 -0.00214965 -0.005516 -0.00818371 -0.00902285 -0.00772466 -0.00456887 7.72501e-05 0.00574005 0.0115064 0.01608 0.018293 0.0175454 
0.0112461 0.00639034 0.000996921 -0.00378174 -0.00687335 -0.00779102 -0.00700892 -0.00565482 -0.00462938 -0.00402421 -0.0034164 -0.0025622 -0.0016501 -0.000989179 -0.000697584 -0.000793747 -0.00147366 -0.00309407 -0.0057339 -0.0087706 -0.0110331 -0.0115019 -0.00984655 -0.00630873 -0.00133676 0.00442181 0.00993678 0.0139723 0.0156027 0.0145706 
0.0102439 0.00566731 0.000805251 -0.00330167 -0.0060483 -0.0073711 -0.00766035 -0.00746238 -0.00710069 -0.00654109 -0.00563862 -0.00446381 -0.003342 -0.00262715 -0.00251401 -0.00306306 -0.00431421 -0.00625917 -0.00863946 -0.0108165 -0.0119772 -0.0115787 -0.00958329 -0.00624465 -0.00182786 0.00329364 0.00836582 0.0123085 0.0141308 0.0133597 
0.00739394 0.00259392 -0.00272591 -0.00735079 -0.0107019 -0.0127681 -0.0136951 -0.0134917 -0.0121103 -0.0097381 -0.00691985 -0.00434881 -0.00255562 -0.00178649 -0.00208126 -0.0033633 -0.00542369 -0.00784631 -0.010009 -0.0112588 -0.0112111 -0.00995096 -0.00790146 -0.00540707 -0.0024661 0.00105468 0.00496189 0.00851531 0.0106185 0.0103198 
0.000896322 -0.00391314 -0.00948729 -0.0144893 -0.018246 -0.0206276 -0.0214633 -0.0202955 -0.0168604 -0.0117361 -0.00630044 -0.00195304 0.000586053 0.0013008 0.000469864 -0.00159399 -0.00446133 -0.00742745 -0.00960872 -0.0103354 -0.0095532 -0.00787237 -0.00614571 -0.00485762 -0.00383013 -0.00249692 -0.000485802 0.00191865 0.00370317 0.0035921 
-0.00715246 -0.0112871 -0.0160404 -0.0202827 -0.0234981 -0.0255421 -0.0259456 -0.0237981 -0.0186194 -0.0113029 -0.00391033 0.00160071 0.00442219 0.00483942 0.00349645 0.000910461 -0.00242687 -0.00575834 -0.00811365 -0.00880094 -0.00791519 -0.00634632 -0.00519094 -0.00501965 -0.00558865 -0.00615258 -0.00605095 -0.00521727 -0.00438927 -0.00476585 
-0.0122812 -0.0151099 -0.0180259 -0.0204322 -0.022313 -0.0237234 -0.0239853 -0.0217576 -0.0162764 -0.00851882 -0.000873678 0.00445941 0.00673571 0.00654688 0.00483107 0.00217652 -0.001074 -0.00435751 -0.00678894 -0.00765654 -0.00703849 -0.00585772 -0.00522719 -0.00567091 -0.00691001 -0.00825819 -0.00914012 -0.00942678 -0.00956401 -0.0103447 
-0.0114161 -0.0127635 -0.0136312 -0.0139969 -0.0144321 -0.0153019 -0.015877 -0.0145649 -0.0103642 -0.00411023 0.00191086 0.00564347 0.00656156 0.00550314 0.0035476 0.00119036 -0.00153575 -0.00441081 -0.00672964 -0.00775457 -0.00743669 -0.00656823 -0.00612785 -0.00649708 -0.00734728 -0.00815502 -0.00866181 -0.00894686 -0.00931965 -0.0101264 
-0.00546539 -0.00558383 -0.00498181 -0.00393016 -0.00331758 -0.00374425 -0.00464039 -0.00452337 -0.00237529 0.00122807 0.0044668 0.0057608 0.00490296 0.00286494 0.000690553 -0.00133743 -0.00353392 -0.00601381 -0.00823168 -0.00939265 -0.00926673 -0.00845796 -0.00779529 -0.00755039 -0.0073668 -0.0068539 -0.00603965 -0.00527271 -0.00490227 -0.00504982 
0.00168057 0.00240249 0.00364177 0.00523932 0.00643053 0.00656623 0.00587224 0.00533749 0.00572223 0.00671179 0.00714052 0.0060639 0.00359025 0.00068613 -0.00178197 -0.00377451 -0.00585929 -0.00834167 -0.0107295 -0.0121309 -0.0121351 -0.0111873 -0.010055 -0.00904007 -0.00784157 -0.0061115 -0.00393794 -0.00176792 -4.75725e-05 0.0010367 
0.00643819 0.0076041 0.00879415 0.0102518 0.0116791 0.012551 0.0126764 0.0123439 0.0118825 0.0111647 0.0096582 0.00701222 0.00355385 0.000120128 -0.00267357 -0.00498065 -0.00745302 -0.0103916 -0.013239 -0.0149941 -0.0151146 -0.0139556 -0.0123256 -0.0106996 -0.00893243 -0.0066559 -0.00378349 -0.000611018 0.00238821 0.00478948 
0.00756818 0.00868524 0.00934795 0.0102673 0.0116952 0.0133018 0.0145352 0.01502 0.0146353 0.0133359 0.0110564 0.0078769 0.00422285 0.000727862 -0.00225603 -0.00499705 -0.0080769 -0.0116394 -0.0149923 -0.0170524 -0.0172174 -0.015812 -0.0137288 -0.0116743 -0.00972926 -0.00752723 -0.00473001 -0.00133873 0.00225877 0.00541523 
0.00555163 0.00608623 0.00599352 0.00630252 0.00763609 0.00981031 0.0120509 0.0135293 0.01377 0.0127096 0.010544 0.00761492 0.00437217 0.00123712 -0.00167774 -0.00470049 -0.0082643 -0.0122925 -0.0159472 -0.018104 -0.0181547 -0.0164176 -0.0138496 -0.011364 -0.00930062 -0.00739859 -0.00517436 -0.00235602 0.000846314 0.00373917 
0.00133507 0.00105332 0.000385656 0.000395396 0.00175527 0.00431667 0.00725275 0.00955824 0.0105427 0.0100486 0.0083615 0.00597366 0.0033523 0.000753053 -0.00190901 -0.0050022 -0.00881097 -0.0130541 -0.0167735 -0.0188263 -0.0186115 -0.0164366 -0.0132916 -0.0102517 -0.00792252 -0.00625801 -0.00479755 -0.00310289 -0.00115062 0.000551032 
-0.00366579 -0.00446106 -0.00514897 -0.00491399 -0.0033137 -0.00053233 0.00272188 0.00551279 0.00705528 0.00704403 0.00573956 0.00373183 0.0015426 -0.000664872 -0.00312058 -0.00622603 -0.010151 -0.0144635 -0.0181268 -0.0199897 -0.0194484 -0.016799 -0.013067 -0.00946725 -0.00683247 -0.00533317 -0.0046026 -0.0041259 -0.00365584 -0.00338574 
-0.00730985 -0.00804254 -0.00825517 -0.00750665 -0.00567253 -0.00294093 0.000236015 0.00313578 0.0049343 0.00513638 0.00390933 0.00192088 -0.000211097 -0.00234674 -0.0048047 -0.00799813 -0.0120018 -0.0162849 -0.0197907 -0.0213961 -0.0205147 -0.0174594 -0.0133228 -0.00943571 -0.00673943 -0.00546059 -0.00523819 -0.00552524 -0.00597255 -0.00654986 
-0.0078109 -0.00820933 -0.00799824 -0.00701531 -0.00533347 -0.00304516 -0.00029064 0.00243857 0.00426929 0.0044842 0.00311786 0.000896635 -0.00144625 -0.00374426 -0.00634695 -0.00963624 -0.0135816 -0.0175885 -0.020657 -0.0217869 -0.0204899 -0.0171496 -0.0129367 -0.00922805 -0.0068914 -0.00596622 -0.00593143 -0.00623891 -0.00665265 -0.00719094 
-0.00520049 -0.00561594 -0.005615 -0.00508682 -0.00410086 -0.00258287 -0.000411957 0.00207369 0.00391581 0.00416461 0.00269463 0.000252303 -0.0023212 -0.0047915 -0.0074754 -0.0106727 -0.0142287 -0.0175111 -0.0196606 -0.0199273 -0.0180391 -0.0144938 -0.0104913 -0.00733715 -0.00566804 -0.00517563 -0.00508714 -0.0049034 -0.00469419 -0.00477587 
-0.00119052 -0.00238596 -0.00336638 -0.00389042 -0.00390232 -0.00318438 -0.00148384 0.000904616 0.00291911 0.00340013 0.00204374 -0.000440444 -0.00312482 -0.00565716 -0.00824443 -0.0110607 -0.0138307 -0.0159194 -0.0166754 -0.0157006 -0.0130255 -0.00926084 -0.00553518 -0.00296345 -0.00190249 -0.00173497 -0.00152202 -0.00089727 -0.00029073 -0.000340571 
0.00228909 -0.000376404 -0.00273847 -0.00440407 -0.00522937 -0.00497128 -0.00339808 -0.000850182 0.00152692 0.00242539 0.00136736 -0.00102813 -0.00376941 -0.00632734 -0.00871529 -0.0109565 -0.0126975 -0.0133573 -0.0125266 -0.0101774 -0.00664127 -0.00258566 0.00103969 0.00338108 0.00429076 0.00447588 0.00479464 0.0053687 0.00550569 0.00448137 
0.00406334 -0.000314677 -0.00386143 -0.00615376 -0.00713432 -0.00671739 -0.00483336 -0.00191465 0.000871238 0.00217258 0.00139031 -0.000964144 -0.00384952 -0.00651831 -0.00873741 -0.0103928 -0.0111348 -0.0105052 -0.00832227 -0.00484052 -0.000587861 0.00379927 0.00760944 0.0102418 0.0116152 0.0122486 0.0126392 0.0125731 0.0112775 0.00829127 
0.00381516 -0.00198436 -0.00605047 -0.00808115 -0.00832118 -0.00704199 -0.00445512 -0.0010974 0.00192724 0.00336015 0.00259641 8.85248e-05 -0.00307196 -0.00593036 -0.00803667 -0.00921593 -0.00922395 -0.00777018 -0.00482332 -0.000747566 0.00389635 0.00857414 0.0127893 0.0161053 0.0183551 0.0196682 0.0200256 0.0188883 0.0155929 0.0101997 
0.00217983 -0.00441835 -0.00827568 -0.00926857 -0.00806308 -0.00542098 -0.00191739 0.00179956 0.00475638 0.00591684 0.00482089 0.00196524 -0.00149935 -0.00448831 -0.00645806 -0.00729685 -0.00694219 -0.00525154 -0.00221503 0.00187579 0.0065597 0.0114161 0.0160742 0.0201421 0.0232665 0.0251395 0.0252724 0.0229389 0.0177193 0.010229 
0.000676057 -0.00612829 -0.0094475 -0.00924355 -0.00652091 -0.00250751 0.00184114 0.00574531 0.0083751 0.00898955 0.00738754 0.00419129 0.000588629 -0.00233012 -0.00408129 -0.00471352 -0.00434226 -0.00288265 -0.000223685 0.00351087 0.00798689 0.0128525 0.0177785 0.0223485 0.0260179 0.0281362 0.0279327 0.0246777 0.0182221 0.00954467 
0.000684093 -0.00603749 -0.00906139 -0.00824681 -0.00466996 0.000172594 0.00501243 0.0089187 0.0111752 0.0113356 0.00946696 0.00628446 0.00291283 0.000315722 -0.00117169 -0.00174524 -0.0015938 -0.000573188 0.00157475 0.0048538 0.00898555 0.0136397 0.0185164 0.0231924 0.0270048 0.0291173 0.0286815 0.0250865 0.0183674 0.00957089 
0.00211707 -0.0045038 -0.00774789 -0.00722439 -0.00378163 0.00109324 0.00595328 0.00972801 0.0117835 0.011921 0.0103844 0.00783054 0.00515242 0.00308083 0.0018202 0.00116177 0.00100966 0.00165112 0.00343564 0.00635781 0.0100974 0.0143454 0.0188826 0.0233284 0.0269704 0.0289193 0.028397 0.0249597 0.0187121 0.0105371 
0.00337794 -0.0030959 -0.006808 -0.00712529 -0.00450333 -0.000197461 0.00431416 0.00786861 0.00990632 0.0104323 0.00976775 0.00835775 0.00671074 0.00526105 0.00415867 0.00335655 0.00300356 0.00354949 0.00531742 0.00814347 0.0115999 0.0154276 0.0195249 0.0235477 0.0267395 0.0282358 0.0274427 0.0241405 0.0184831 0.0111331 
0.00276636 -0.00321284 -0.00706637 -0.00807215 -0.00631371 -0.00273195 0.00125902 0.00445482 0.00638314 0.00725633 0.00747442 0.007251 0.00666609 0.00583228 0.00489278 0.00406691 0.00381861 0.00472651 0.00697743 0.010149 0.0136629 0.017291 0.0210035 0.0244289 0.0267536 0.0272132 0.0255184 0.0217881 0.0163317 0.00968665 
-0.000198043 -0.00506385 -0.00832469 -0.00935776 -0.00801347 -0.00497422 -0.00157728 0.000965446 0.0023028 0.00291924 0.00341548 0.00391248 0.00414214 0.00389561 0.00327721 0.00274509 0.00304176 0.00482017 0.0080848 0.0121235 0.016146 0.0198391 0.0231296 0.0255987 0.0264692 0.0252087 0.0219326 0.0171836 0.0115462 0.00555849 
-0.00468481 -0.00786746 -0.00980578 -0.0101324 -0.00866667 -0.00597809 -0.00334813 -0.00192949 -0.00187197 -0.00233306 -0.00237631 -0.0017955 -0.00106915 -0.000705475 -0.000727843 -0.000577987 0.000644361 0.00362 0.00820845 0.013446 0.0182569 0.0220691 0.0246663 0.0256931 0.0246491 0.0213898 0.0164111 0.0105876 0.00476674 -0.000433897 
-0.00928043 -0.0105729 -0.010725 -0.00981212 -0.00791733 -0.00567315 -0.00423947 -0.00450287 -0.00626022 -0.00829171 -0.00934749 -0.00908793 -0.00809181 -0.00710163 -0.00632808 -0.00526985 -0.0030152 0.00111416 0.00692652 0.0133059 0.0188654 0.022659 0.0243119 0.0237205 0.0209028 0.0161452 0.0101076 0.00370432 -0.00209883 -0.00652662 
-0.0126546 -0.0122299 -0.0104033 -0.00798666 -0.00571668 -0.00441243 -0.00485636 -0.00727153 -0.0109084 -0.0143064 -0.0161913 -0.016262 -0.0151509 -0.01369 -0.0122089 -0.0103267 -0.00722978 -0.0022806 0.00434898 0.0115057 0.0175678 0.0212573 0.0221199 0.0204185 0.0167142 0.0115491 0.00541888 -0.00103046 -0.00683677 -0.0109212 
-0.014122 -0.012268 -0.0084929 -0.00464956 -0.00243747 -0.00282903 -0.00581809 -0.0105045 -0.0154699 -0.019327 -0.0212771 -0.0213848 -0.0203235 -0.0187768 -0.0169646 -0.014546 -0.0108591 -0.00540216 0.00162521 0.00908878 0.0152996 0.01887 0.0194222 0.017549 0.0141012 0.00953331 0.00392484 -0.00243564 -0.00854527 -0.0128547 
-0.0143555 -0.0112398 -0.00581957 -0.00104585 0.000464415 -0.00217959 -0.0078336 -0.0142452 -0.0194209 -0.0224489 -0.0234865 -0.0232444 -0.0223923 -0.0211887 -0.0194432 -0.0166963 -0.0124749 -0.00659666 0.000516792 0.00771565 0.0134575 0.0165953 0.0170473 0.0156218 0.0130782 0.00943915 0.0043097 -0.00218467 -0.00879533 -0.0134498 
-0.0155714 -0.0112947 -0.00484352 0.000104416 0.000510992 -0.00411384 -0.0114861 -0.0182631 -0.0222392 -0.0232889 -0.022699 -0.021845 -0.0212756 -0.0206222 -0.019081 -0.0159717 -0.0110822 -0.00477894 0.00204725 0.00816954 0.0124152 0.0142513 0.0141266 0.0129761 0.0111635 0.00806792 0.00292123 -0.00398541 -0.010923 -0.0154219 
-0.0201701 -0.014975 -0.00824187 -0.0036828 -0.00404962 -0.00926367 -0.0163765 -0.021691 -0.0232881 -0.0218656 -0.0195625 -0.0181181 -0.017809 -0.0176179 -0.0161476 -0.0125342 -0.00691925 -0.000373673 0.00560724 0.00972686 0.0113662 0.0108495 0.00928248 0.00767537 0.00587737 0.00260624 -0.00312172 -0.0106002 -0.0175014 -0.02119 
-0.0283498 -0.0226093 -0.0160892 -0.0118844 -0.0119491 -0.0157644 -0.0204806 -0.0229071 -0.0217738 -0.0183114 -0.0149042 -0.0132008 -0.0131225 -0.0131883 -0.0116357 -0.00755161 -0.00145744 0.00491613 0.00955234 0.0111729 0.00975531 0.00643132 0.00284943 3.81996e-05 -0.00256306 -0.00668197 -0.0133462 -0.0213972 -0.0280003 -0.0305769 
-0.0369197 -0.0307897 -0.0243885 -0.0199321 -0.0185088 -0.0194865 -0.0207509 -0.020147 -0.0170776 -0.0128203 -0.00938238 -0.00796885 -0.00819807 -0.00843385 -0.00686042 -0.00264271 0.0034297 0.00924235 0.012527 0.0121071 0.00836207 0.00283045 -0.00266996 -0.00715649 -0.0112675 -0.0167036 -0.0243203 -0.0326782 -0.0387543 -0.0402002 
-0.0410117 -0.0341013 -0.0271468 -0.0216929 -0.0182685 -0.0164101 -0.0149147 -0.0126294 -0.00933703 -0.00592437 -0.00366143 -0.00319073 -0.00396797 -0.00449375 -0.00316734 0.000699601 0.00626409 0.0114278 0.0139978 0.0128977 0.0085149 0.00218385 -0.00459804 -0.0109401 -0.0170964 -0.0241078 -0.0323661 -0.040394 -0.0454254 -0.0455093 
-0.0376939 -0.0291736 -0.0208075 -0.0139173 -0.00889639 -0.00553929 -0.00327308 -0.00147872 9.37243e-05 0.00116077 0.00121675 0.00011533 -0.0015506 -0.00258413 -0.00176852 0.0014002 0.00622273 0.0109697 0.0137767 0.0135919 0.0103973 0.00478329 -0.00246239 -0.010569 -0.0190337 -0.0276864 -0.0361257 -0.0429611 -0.0460636 -0.0440798 
-0.028235 -0.0173657 -0.007053 0.00125034 0.00697745 0.010121 0.0110681 0.0104675 0.00893471 0.0067741 0.00405375 0.000986979 -0.00181495 -0.00348085 -0.00325037 -0.000846734 0.00326469 0.00791627 0.0116944 0.0134821 0.0125995 0.00864315 0.00156012 -0.00800578 -0.0186829 -0.0288599 -0.0370924 -0.042001 -0.0422557 -0.037313 
-0.0168017 -0.00348007 0.00867151 0.0180092 0.0236866 0.0255344 0.0240506 0.0202743 0.0153315 0.00996978 0.00458156 -0.000393565 -0.00430302 -0.00653806 -0.00678844 -0.00503754 -0.00152017 0.0031899 0.00812885 0.0120435 0.0135329 0.011263 0.00449448 -0.00619345 -0.0186823 -0.0300679 -0.0378318 -0.0404444 -0.0373283 -0.0289066 
-0.00723276 0.00776787 0.0209945 0.0308061 0.0361289 0.036632 0.0329773 0.0266381 0.0191629 0.0115252 0.00422993 -0.00214412 -0.00685859 -0.00947082 -0.0100511 -0.00882903 -0.00584612 -0.00116006 0.00461937 0.010048 0.0130824 0.0117249 0.00490068 -0.006708 -0.0204338 -0.032483 -0.0395115 -0.0398021 -0.033424 -0.021807 
-0.00141191 0.0137417 0.0268681 0.0365781 0.0416524 0.041584 0.0371129 0.0299328 0.0216838 0.0132618 0.00514199 -0.00193589 -0.00704316 -0.00978153 -0.0104995 -0.00963357 -0.0071027 -0.00261754 0.00340329 0.00929994 0.0125692 0.010918 0.00335683 -0.00909986 -0.0234016 -0.0353495 -0.0412479 -0.0394046 -0.0305205 -0.0169325 
0.000125738 0.0136513 0.0255347 0.0347368 0.0399001 0.0403627 0.0368695 0.0310014 0.0239806 0.0162456 0.00819242 0.000915173 -0.00423607 -0.00675145 -0.00718824 -0.00622634 -0.00384133 0.000333798 0.00588606 0.0109977 0.0130134 0.00977782 0.000785115 -0.0124245 -0.0265637 -0.037497 -0.0417545 -0.0380852 -0.0279165 -0.0142505 
-0.00215178 0.00849161 0.018527 0.0271478 0.0327934 0.0347282 0.033698 0.03085 0.0264696 0.020202 0.0124372 0.00497717 -6.36836e-05 -0.00190284 -0.00134091 0.000498462 0.00325757 0.00705386 0.011349 0.0143543 0.0136945 0.007822 -0.00297078 -0.016562 -0.0296539 -0.0386289 -0.0407752 -0.0356717 -0.0255136 -0.0136037 
-0.00602982 0.00158619 0.00994407 0.0182616 0.0247316 0.028628 0.0306857 0.0313954 0.0298112 0.024681 0.0165896 0.00841824 0.0033522 0.00253722 0.00478739 0.00822486 0.0117466 0.0149657 0.0172197 0.0170425 0.0128007 0.00396035 -0.00824219 -0.0212825 -0.0322568 -0.038508 -0.0383846 -0.0323459 -0.0231323 -0.0139415 
-0.00819386 -0.00285211 0.00449831 0.0130072 0.0206356 0.0266017 0.0314678 0.034978 0.0350618 0.0298225 0.0203053 0.010652 0.00518556 0.00536795 0.00947339 0.0146472 0.01885 0.0211423 0.0208776 0.017195 0.00952058 -0.00148227 -0.0137465 -0.024773 -0.0325872 -0.035822 -0.0338177 -0.027505 -0.0196754 -0.0131243 
-0.0073926 -0.00356686 0.00340373 0.0127001 0.0220231 0.0301816 0.0371832 0.0420627 0.0421222 0.0353792 0.0235701 0.0119622 0.00575058 0.00653752 0.012017 0.0184036 0.0228314 0.0239762 0.0213798 0.0149019 0.00504732 -0.0064476 -0.0170174 -0.0246748 -0.0287824 -0.0293319 -0.0263116 -0.0205443 -0.0143818 -0.0100967 
-0.00658239 -0.00420084 0.00267841 0.0134256 0.0253002 0.0361129 0.0448159 0.04985 0.0485663 0.0395505 0.0253553 0.0119829 0.0050073 0.00595446 0.0120686 0.0189541 0.0232576 0.0235069 0.0194857 0.0116246 0.00121881 -0.00927044 -0.0171098 -0.0210289 -0.0217071 -0.0202825 -0.017125 -0.0127153 -0.00878357 -0.00701781 
-0.0101772 -0.00971141 -0.00295286 0.00973525 0.0249415 0.0389628 0.049299 0.0539174 0.0507837 0.03956 0.0236258 0.00925564 0.00188939 0.00281322 0.00906977 0.0160919 0.0204034 0.0205175 0.0163179 0.00844296 -0.00147929 -0.0106358 -0.0162166 -0.0173688 -0.0155594 -0.0127247 -0.00972334 -0.00705817 -0.00602575 -0.00760186 
-0.0184802 -0.0203517 -0.0141341 0.000156902 0.0184815 0.0355472 0.0473033 0.0513103 0.0464048 0.0335424 0.0168467 0.00248465 -0.00462492 -0.00352956 0.00285305 0.0101496 0.0149941 0.0158601 0.0124731 0.00528052 -0.00417672 -0.0129755 -0.0180376 -0.0182376 -0.0150155 -0.0107739 -0.00726093 -0.00571534 -0.00740334 -0.0125249 
-0.0257075 -0.0300809 -0.0255331 -0.0114238 0.00811085 0.0266714 0.0388981 0.041967 0.0355234 0.0217282 0.00528474 -0.00800603 -0.0139916 -0.0121418 -0.00523135 0.00273323 0.00857023 0.0106246 0.00827522 0.00156432 -0.00824968 -0.0181867 -0.0246065 -0.0254468 -0.0214287 -0.015171 -0.00962091 -0.00730409 -0.00990072 -0.0171354 
-0.0241963 -0.0313339 -0.0303878 -0.0195074 -0.00208397 0.0151795 0.0261057 0.0275717 0.0198183 0.00589891 -0.00917415 -0.0201687 -0.0238726 -0.0203297 -0.0122648 -0.00334433 0.00342697 0.00625792 0.00422152 -0.00292886 -0.0140751 -0.0260525 -0.0345164 -0.0362884 -0.0312004 -0.0219611 -0.0126319 -0.00705778 -0.00767128 -0.0144377 
-0.010388 -0.0208473 -0.0255984 -0.0211299 -0.00940771 0.003329 0.0107451 0.00973205 0.000992435 -0.011953 -0.0242099 -0.0313881 -0.0313998 -0.0250676 -0.0152722 -0.00544935 0.00160026 0.0040961 0.00107311 -0.00761265 -0.0205623 -0.0341868 -0.0435698 -0.0448878 -0.0375584 -0.024445 -0.0102994 0.000188386 0.00377451 -0.00045863 
0.0130779 -0.000952347 -0.0124452 -0.0163425 -0.0130002 -0.00761487 -0.00587396 -0.010258 -0.0195337 -0.0301534 -0.0379252 -0.0397103 -0.0347574 -0.0248183 -0.0130566 -0.00269582 0.00380133 0.00490199 -9.63161e-05 -0.0108484 -0.0252532 -0.0390933 -0.0471855 -0.0458461 -0.0348719 -0.0175314 0.00114965 0.0162969 0.0242152 0.0229109 
0.0400547 0.0234641 0.00614661 -0.00608448 -0.0122184 -0.0159599 -0.021502 -0.029983 -0.0394626 -0.0467373 -0.0488861 -0.0444197 -0.0340488 -0.0204256 -0.00691605 0.00359852 0.00917492 0.00869213 0.00180918 -0.0105578 -0.025503 -0.0381645 -0.0433298 -0.0379426 -0.0226968 -0.00155106 0.0202813 0.0381965 0.0487457 0.0495235 
0.064959 0.0481265 0.0275996 0.00888826 -0.00600374 -0.0189814 -0.0321895 -0.0450483 -0.0548754 -0.0590137 -0.0560226 -0.0460913 -0.0312218 -0.0147193 4.53902e-05 0.0106468 0.0157035 0.0144644 0.00679726 -0.0060585 -0.0206666 -0.0317225 -0.0340115 -0.0249613 -0.00604075 0.0179833 0.0414383 0.0600127 0.0711746 0.07316 
0.0846749 0.0698363 0.0490338 0.0267406 0.00559531 -0.0145849 -0.0340352 -0.0507765 -0.0616631 -0.0645422 -0.0590284 -0.0463565 -0.0292254 -0.0112207 0.00436293 0.0154047 0.0208397 0.0200564 0.0129106 0.000668168 -0.0130993 -0.0229487 -0.0235774 -0.0123708 0.00900323 0.0350955 0.0593949 0.0775182 0.0880769 0.0907441 
0.0976792 0.0853279 0.0661432 0.0434016 0.0198924 -0.00354863 -0.0261485 -0.045453 -0.0583654 -0.0629593 -0.0589163 -0.0473217 -0.0306901 -0.0125602 0.00367369 0.0157353 0.0224156 0.0229827 0.0172117 0.0063214 -0.00620526 -0.0150514 -0.0148461 -0.00258126 0.0203751 0.0481486 0.0732043 0.0906251 0.099857 0.102213 
0.10273 0.0915436 0.0746775 0.054365 0.0327837 0.0106046 -0.0115946 -0.0318737 -0.0476259 -0.0567394 -0.0578401 -0.050628 -0.0366581 -0.0192864 -0.00234513 0.0112224 0.0196631 0.0220048 0.0180584 0.00914093 -0.00136413 -0.00844841 -0.0069144 0.00648202 0.0307087 0.0596899 0.0850571 0.101209 0.107957 0.108006 
0.099355 0.0880832 0.0740581 0.0584939 0.0420947 0.024325 0.00480117 -0.015505 -0.0345747 -0.0497296 -0.0578087 -0.056457 -0.0459852 -0.0296602 -0.0120066 0.00314701 0.0134262 0.0177012 0.0159917 0.00985482 0.00259275 -0.00126698 0.00288824 0.0179825 0.0429553 0.0716984 0.095621 0.108908 0.11161 0.107444 
0.0896365 0.079092 0.0690685 0.0594958 0.0491604 0.03615 0.0192988 -0.00112642 -0.0235028 -0.0444631 -0.0590484 -0.0630152 -0.0557119 -0.0405188 -0.0226311 -0.00653614 0.0050693 0.0111433 0.0120347 0.00952288 0.00669432 0.00732762 0.0149841 0.0316685 0.0559112 0.0818448 0.101607 0.110186 0.108211 0.10001 
0.0795066 0.0724582 0.067536 0.0631818 0.0567797 0.0460712 0.0301282 0.00910498 -0.0156927 -0.0405731 -0.059474 -0.0670485 -0.0622316 -0.0486204 -0.0317632 -0.0162723 -0.00465634 0.00245455 0.00581853 0.00729834 0.00947206 0.014986 0.0259285 0.0430377 0.0644059 0.0849528 0.0986157 0.102252 0.09744 0.0885299 
0.0792095 0.0780754 0.0772322 0.0742103 0.0667309 0.0541222 0.036913 0.0154127 -0.00983098 -0.0356882 -0.0560769 -0.065464 -0.0627875 -0.0517265 -0.0377072 -0.0249093 -0.0151873 -0.00847415 -0.00353162 0.00144425 0.00821477 0.0179332 0.0309715 0.0468467 0.0636635 0.0779492 0.0863521 0.0881311 0.0855568 0.0818597 
0.103002 0.107355 0.105568 0.0962448 0.0802869 0.0607712 0.0403938 0.0191752 -0.00406863 -0.0279026 -0.0472845 -0.0571792 -0.0566459 -0.0491222 -0.0394574 -0.03103 -0.0248105 -0.0199324 -0.0146951 -0.00747803 0.0024869 0.0147567 0.0281233 0.0413801 0.0534785 0.0634712 0.0712619 0.0782415 0.0861309 0.0950189 
0.165773 0.171603 0.159782 0.133374 0.0999098 0.0679885 0.0423757 0.0217902 0.00221854 -0.0175478 -0.0342594 -0.0437819 -0.0452561 -0.0415586 -0.0366427 -0.0329365 -0.0305618 -0.0280246 -0.0233995 -0.0154374 -0.00435823 0.00811307 0.0198424 0.0298188 0.0388404 0.0492555 0.0643385 0.0866979 0.115452 0.1447 
0.273663 0.274755 0.242214 0.187425 0.127702 0.0781268 0.0447869 0.0239984 0.00820295 -0.00686491 -0.0200824 -0.028451 -0.0312357 -0.0306338 -0.0295655 -0.0294898 -0.0298638 -0.028953 -0.0250612 -0.0175729 -0.00752071 0.00276832 0.011254 0.0181892 0.0270591 0.0438987 0.0750936 0.123326 0.182923 0.239047 
0.411819 0.402363 0.341402 0.251306 0.160709 0.0909274 0.0482569 0.0258802 0.01271 0.00175629 -0.00780576 -0.0142053 -0.0170571 -0.0180645 -0.0191886 -0.0209677 -0.0223862 -0.0218729 -0.0184048 -0.0121559 -0.00461273 0.002084 0.00687787 0.011936 0.0236661 0.0516138 0.104751 0.184945 0.280377 0.365567 
0.541125 0.518381 0.429099 0.306451 0.189018 0.10248 0.0520432 0.0276629 0.015613 0.00735049 0.000916482 -0.00296301 -0.00456972 -0.00557502 -0.0072952 -0.00948941 -0.0108025 -0.0100329 -0.00695484 -0.00233267 0.00242786 0.00593244 0.0083004 0.0132806 0.029484 0.0691368 0.143139 0.252297 0.378969 0.487932 
