0.402248 0.350139 0.255813 0.156017 0.0771643 0.0312491 0.0151743 0.0175136 0.0272449 0.0349342 0.0338898 0.0246352 0.0130433 0.00357119 -0.00246896 -0.00478281 -0.00362546 -0.000263651 0.00343895 0.00547786 0.00319046 -0.0067221 -0.0248558 -0.044322 -0.0495568 -0.0210466 0.0538318 0.16849 0.292768 0.382405 
0.335419 0.285998 0.203709 0.119941 0.0558113 0.0198934 0.00883794 0.0127585 0.0215376 0.0266771 0.0238356 0.0152825 0.00605134 -0.00119899 -0.00582104 -0.00713267 -0.00479901 0.000221531 0.0058468 0.00935377 0.00740604 -0.00316899 -0.022039 -0.0414568 -0.0462388 -0.0193598 0.0481981 0.148195 0.253014 0.32476 
0.218273 0.175629 0.115953 0.0614086 0.0235916 0.00486216 0.00115059 0.00544289 0.0109104 0.0123494 0.0083169 0.0016612 -0.00430534 -0.00872155 -0.0115449 -0.011781 -0.00836877 -0.00161282 0.00632916 0.0117929 0.0108245 0.00130421 -0.0144498 -0.0284025 -0.0290336 -0.0063243 0.043011 0.111509 0.179623 0.22116 
0.112468 0.08111 0.044977 0.0173896 0.00206055 -0.00315695 -0.00238185 0.000335685 0.00159709 -0.000768626 -0.00619073 -0.0116706 -0.0150038 -0.0166048 -0.0174082 -0.016693 -0.0127621 -0.00493598 0.00493569 0.0125029 0.0134261 0.006865 -0.00303975 -0.00904628 -0.00513946 0.0106326 0.0373104 0.0717011 0.104975 0.122161 
0.047303 0.031922 0.0156664 0.0052398 0.00149853 0.00157958 0.00209588 0.00127079 -0.00188624 -0.00812641 -0.0161391 -0.0224223 -0.0246935 -0.0241863 -0.0231943 -0.0217017 -0.0175996 -0.00938659 0.00148633 0.0105793 0.0138199 0.0115694 0.00885258 0.0109598 0.018149 0.0258745 0.0316912 0.0384841 0.0476109 0.0530049 
0.0178766 0.0177231 0.0153125 0.0133043 0.0134869 0.0142282 0.0125677 0.00792694 0.000775732 -0.00915017 -0.020321 -0.0285024 -0.0310137 -0.029758 -0.028077 -0.026373 -0.022337 -0.0142662 -0.00353729 0.00576762 0.0104623 0.0119588 0.0153553 0.0237303 0.0332097 0.0357408 0.028744 0.0189783 0.0143049 0.0155017 
0.00746234 0.0145103 0.0180134 0.0195764 0.0225643 0.0253776 0.0238737 0.017413 0.00748039 -0.00535352 -0.018986 -0.0287207 -0.0319891 -0.0312222 -0.0300606 -0.0288644 -0.0253309 -0.0180564 -0.00865211 -0.000758494 0.00346553 0.00620436 0.0122379 0.0231691 0.0337582 0.0356784 0.0263064 0.0121074 0.00222346 0.00130578 
0.00567246 0.00915017 0.0100831 0.0125932 0.0206474 0.0299011 0.03284 0.0276258 0.0167008 0.00220369 -0.0127917 -0.0235719 -0.0279731 -0.0284391 -0.0283197 -0.0279265 -0.0252236 -0.0192056 -0.0117445 -0.00619936 -0.00402605 -0.00270434 0.00208909 0.0114736 0.021121 0.0247649 0.0202097 0.0112521 0.00394544 0.00231117 
0.00901936 0.00155613 -0.00563007 -0.00343736 0.0114173 0.0297512 0.0396435 0.0378018 0.0275819 0.0126506 -0.00311948 -0.0151441 -0.0213176 -0.0234323 -0.0242917 -0.0244376 -0.0223417 -0.0172629 -0.0111492 -0.00729967 -0.00703076 -0.00800272 -0.0064354 -0.0010559 0.00577831 0.0108884 0.0133168 0.0140123 0.0138425 0.0126937 
0.0144698 -0.00477855 -0.0197779 -0.0170703 0.0043418 0.0302123 0.0456217 0.0469758 0.0383 0.0237513 0.0073629 -0.0062349 -0.0145103 -0.0183111 -0.0198325 -0.0199457 -0.0177523 -0.0126899 -0.00657979 -0.00275151 -0.00282442 -0.00504602 -0.00623462 -0.00472085 -0.000786317 0.00526845 0.0136137 0.0226099 0.0282841 0.0264249 
0.0221535 -0.00480245 -0.0239969 -0.0200817 0.0049439 0.0334016 0.0501059 0.052758 0.0456577 0.0321691 0.0156809 0.000860736 -0.00916209 -0.0143041 -0.016094 -0.0156125 -0.0126282 -0.00682746 0.00017332 0.00514425 0.00616592 0.00437093 0.00249345 0.00260685 0.00573752 0.0130446 0.0248582 0.0376358 0.0448318 0.0405552 
0.0355287 0.00580373 -0.015973 -0.0137784 0.00929437 0.0350212 0.049752 0.0526542 0.0474798 0.0359826 0.0204488 0.00535632 -0.00570146 -0.0117874 -0.0136877 -0.0125267 -0.00868903 -0.00220357 0.0054781 0.0114373 0.0138044 0.0134422 0.0129993 0.0147515 0.0196136 0.0283022 0.0408194 0.0536439 0.0605459 0.0556119 
0.0515026 0.0223771 -0.00264123 -0.00642505 0.00979791 0.0299986 0.0424804 0.0466253 0.0444954 0.0360175 0.0225543 0.00829848 -0.00301265 -0.00981181 -0.0121189 -0.010872 -0.00688379 -0.000560828 0.00673866 0.0125717 0.0154402 0.0162407 0.0177262 0.0220483 0.0289199 0.0375913 0.0483433 0.0600609 0.0687028 0.0678833 
0.0614735 0.0349441 0.00708038 -0.00379347 0.00419755 0.0186782 0.0299478 0.0365442 0.0382753 0.0335853 0.0232998 0.0111252 0.000432703 -0.00691245 -0.0101295 -0.00963256 -0.00637494 -0.00113105 0.00479374 0.00950834 0.0119191 0.0128141 0.014752 0.0195512 0.0259337 0.0322333 0.039828 0.0509849 0.0640336 0.0709627 
0.0631263 0.0401501 0.0108578 -0.00605209 -0.00561005 0.00394547 0.0146896 0.0238015 0.0291532 0.0285073 0.0223887 0.013556 0.00446208 -0.00301827 -0.00732254 -0.00809007 -0.00608956 -0.00230845 0.00202149 0.00547827 0.00711752 0.00715571 0.0073987 0.00949461 0.0126903 0.0159167 0.0213847 0.033225 0.0511297 0.0656361 
0.0614421 0.0419304 0.0118981 -0.0103648 -0.0166676 -0.0111624 -0.00075984 0.00998331 0.0176969 0.0203475 0.0183838 0.0133998 0.00672791 2.90255e-05 -0.00470752 -0.00652874 -0.00579898 -0.00336608 -0.00028406 0.00226397 0.00313581 0.0016417 -0.001394 -0.00389776 -0.00437513 -0.00217703 0.00434649 0.0183222 0.0395782 0.0588008 
0.0606458 0.044109 0.0138833 -0.0125745 -0.0242544 -0.0219179 -0.0121173 -0.00119193 0.00680004 0.0106705 0.0112169 0.00919276 0.00504977 0.000101247 -0.0038343 -0.00579346 -0.00580132 -0.00426301 -0.00193732 -1.18772e-05 -5.18739e-05 -0.00354965 -0.0102637 -0.0171022 -0.0198195 -0.0161658 -0.0061726 0.0106091 0.03353 0.0547605 
0.0604005 0.0462589 0.0169658 -0.0111188 -0.0256262 -0.0251344 -0.0159642 -0.00590169 0.000534284 0.00327247 0.00391974 0.00294669 0.000361465 -0.00280988 -0.00525539 -0.00646436 -0.00639575 -0.00504343 -0.00290949 -0.00134326 -0.00231929 -0.00766086 -0.0170439 -0.0263472 -0.0296231 -0.0240424 -0.0111884 0.00737811 0.0307904 0.052655 
0.0577143 0.0449746 0.017515 -0.00942422 -0.0237606 -0.0232866 -0.0141438 -0.00493956 -0.000357063 0.000517398 1.602e-05 -0.00142074 -0.00382888 -0.0061893 -0.00754746 -0.00785468 -0.0072029 -0.00544089 -0.00301423 -0.00147845 -0.00300098 -0.00927172 -0.0195772 -0.0293378 -0.0323832 -0.0262363 -0.0131531 0.0050368 0.0278685 0.0494944 
0.0506021 0.0381567 0.0128703 -0.0110393 -0.0228973 -0.0210612 -0.0116838 -0.00318842 0.000311745 0.000375873 -0.000600665 -0.00246566 -0.00523724 -0.00766123 -0.00873676 -0.00855819 -0.00734006 -0.00499229 -0.00207745 -0.000313465 -0.00182214 -0.00796376 -0.0177797 -0.0268793 -0.029734 -0.0245099 -0.0134068 0.00251501 0.0234318 0.0434836 
0.0402619 0.0279163 0.00524979 -0.0146955 -0.0231359 -0.019795 -0.0108625 -0.00354991 -0.000682702 -0.000350096 -0.000610798 -0.00191633 -0.0045702 -0.00717714 -0.00839835 -0.00810408 -0.00650555 -0.0036487 -0.000266633 0.00183898 0.000698767 -0.0047381 -0.0134394 -0.0214754 -0.0241741 -0.0203091 -0.011876 0.000769269 0.0183137 0.0352359 
0.0295953 0.0185887 -0.00046531 -0.0162727 -0.021783 -0.0178122 -0.0102866 -0.00480847 -0.00278202 -0.00213933 -0.00144569 -0.00167867 -0.00363972 -0.00613098 -0.00751035 -0.00722082 -0.00535404 -0.00210565 0.00165173 0.00411338 0.00342801 -0.00128123 -0.008907 -0.0158131 -0.0180609 -0.0150984 -0.00903971 1.0501e-05 0.013224 0.0262729 
0.0203319 0.0123914 -0.00190636 -0.013779 -0.0175265 -0.0140793 -0.00861073 -0.00533087 -0.00455212 -0.00415942 -0.00309579 -0.00253775 -0.0036469 -0.00568707 -0.00700215 -0.0066658 -0.00460843 -0.00112111 0.00287626 0.00563194 0.0053179 0.00106699 -0.00588869 -0.0118827 -0.0134755 -0.0109106 -0.00672705 -0.00100641 0.00795291 0.0175077 
0.012202 0.00786686 -0.00134373 -0.00950561 -0.0122116 -0.00990974 -0.0066399 -0.00548817 -0.00606028 -0.00631116 -0.0054913 -0.00467205 -0.00501738 -0.00626617 -0.00708906 -0.00648317 -0.00426382 -0.000682402 0.00340733 0.00628609 0.00606394 0.00185497 -0.00488941 -0.0102906 -0.0112933 -0.0089355 -0.006162 -0.00303145 0.00251229 0.00929124 
0.00386639 0.00226369 -0.00257352 -0.00724512 -0.00871856 -0.00709872 -0.00534439 -0.00560921 -0.00707901 -0.0079314 -0.00771547 -0.00718825 -0.00710714 -0.00745553 -0.00745226 -0.00637776 -0.00402684 -0.0004826 0.0035386 0.00627925 0.00573953 0.0011486 -0.00564616 -0.0105888 -0.0111127 -0.00891557 -0.0071153 -0.00580007 -0.00293063 0.00132357 
-0.00538784 -0.00515599 -0.00652061 -0.00806153 -0.00784426 -0.00584985 -0.00437284 -0.00498119 -0.00665257 -0.00780301 -0.00823682 -0.00838954 -0.0084114 -0.0082236 -0.00755547 -0.00612944 -0.0038016 -0.000487571 0.00324273 0.00561278 0.00456146 -0.000444245 -0.00711364 -0.0114624 -0.0116419 -0.00980794 -0.00892923 -0.00914368 -0.0087025 -0.00703948 
-0.0139005 -0.0122838 -0.0110797 -0.0103485 -0.00867259 -0.00582626 -0.00382946 -0.00407488 -0.0054717 -0.00651184 -0.00715269 -0.00775812 -0.00809209 -0.00786474 -0.00703191 -0.00560482 -0.0035199 -0.000638801 0.00259216 0.00453187 0.00323477 -0.00159542 -0.00749468 -0.0109568 -0.0110225 -0.0100696 -0.0105324 -0.0123599 -0.0141068 -0.0147185 
-0.0184888 -0.0165136 -0.0143697 -0.012848 -0.0106025 -0.00718911 -0.00458705 -0.00427711 -0.0052091 -0.00580169 -0.0060208 -0.00640671 -0.00676413 -0.00667009 -0.00602013 -0.00484537 -0.00312028 -0.000742679 0.00194976 0.00360453 0.00256486 -0.0013179 -0.00580554 -0.0081975 -0.00835319 -0.00854556 -0.0103625 -0.0133596 -0.0164306 -0.0185096 
-0.0182408 -0.0175138 -0.0163454 -0.0153513 -0.0131891 -0.00951258 -0.0064114 -0.00553169 -0.00598318 -0.00610719 -0.00571153 -0.00548382 -0.00550735 -0.00540627 -0.004941 -0.00401768 -0.00259958 -0.000637224 0.00163587 0.00319451 0.00270502 7.29675e-05 -0.00290841 -0.00439843 -0.00475804 -0.00575868 -0.00808514 -0.0111096 -0.0143081 -0.0170875 
-0.0161965 -0.0174427 -0.0179439 -0.0177164 -0.0156029 -0.0116988 -0.00822451 -0.00687316 -0.00695612 -0.00684959 -0.00611821 -0.00536599 -0.00489865 -0.00453133 -0.0040122 -0.00315236 -0.00189331 -0.000224806 0.00171895 0.00320442 0.00316734 0.00152099 -0.000383944 -0.00140519 -0.00203709 -0.00330592 -0.0052578 -0.00755087 -0.0103828 -0.0136299 
-0.0159492 -0.0185266 -0.0198858 -0.0196923 -0.0171968 -0.0130429 -0.00946636 -0.00795097 -0.00788671 -0.00779717 -0.00706886 -0.00603908 -0.00505595 -0.00417878 -0.00331249 -0.00228625 -0.00103974 0.000412146 0.00201313 0.00326959 0.00335095 0.00218173 0.000764292 -0.000214889 -0.00112746 -0.00232489 -0.0036604 -0.00540374 -0.00829182 -0.0122193 
-0.0179682 -0.0208177 -0.0218702 -0.0208617 -0.0175946 -0.0131929 -0.00979252 -0.0084854 -0.00856241 -0.008705 -0.0082292 -0.00717117 -0.00578555 -0.00433956 -0.00298395 -0.00165796 -0.000310299 0.00102457 0.00229251 0.00314529 0.0029739 0.00176101 0.000299031 -0.000911902 -0.00200306 -0.00294999 -0.00381589 -0.00550332 -0.00893326 -0.0136181 
-0.0206452 -0.0230887 -0.023187 -0.0209629 -0.0167838 -0.0120968 -0.00888429 -0.0079039 -0.00831786 -0.00888485 -0.00886326 -0.00804052 -0.00653888 -0.00473626 -0.00299235 -0.00137663 0.000153873 0.00152834 0.00256813 0.00291934 0.00217172 0.00046362 -0.00143423 -0.00297711 -0.00405958 -0.00460721 -0.00511884 -0.00697438 -0.0109928 -0.0161862 
-0.0224363 -0.0242619 -0.0233947 -0.0201522 -0.0152935 -0.0103388 -0.00709525 -0.00622271 -0.00691115 -0.0079313 -0.00842326 -0.00800227 -0.00670796 -0.00492655 -0.00307927 -0.00130027 0.000436795 0.00197594 0.00289734 0.00269869 0.00114381 -0.00134012 -0.00382483 -0.00563278 -0.00653016 -0.00658776 -0.00673409 -0.00863329 -0.0129194 -0.0182167 
-0.0217498 -0.0230158 -0.0217163 -0.0182823 -0.0134689 -0.00856858 -0.00521268 -0.00418283 -0.00489375 -0.00615633 -0.00698764 -0.00693594 -0.00605897 -0.00468302 -0.00309949 -0.00137672 0.000485481 0.00218136 0.00300579 0.00227494 -6.44053e-05 -0.00321568 -0.00605946 -0.00790507 -0.0085512 -0.00819337 -0.00793509 -0.00949053 -0.0133784 -0.0181353 
-0.0175365 -0.0183998 -0.0174323 -0.0148714 -0.0110445 -0.00681029 -0.00363119 -0.00246867 -0.00303218 -0.00424018 -0.00509305 -0.00522661 -0.0048149 -0.0040849 -0.00305262 -0.00159988 0.00023972 0.00195442 0.00260659 0.0014676 -0.00126115 -0.00447699 -0.0070858 -0.00867296 -0.00917438 -0.00868866 -0.00810924 -0.00892421 -0.0116013 -0.0149804 
-0.0107512 -0.0113942 -0.0112351 -0.0101135 -0.0078395 -0.00485299 -0.00239041 -0.00144781 -0.00193685 -0.00292051 -0.00353088 -0.0036304 -0.00355 -0.00341259 -0.00294252 -0.00180879 -9.41495e-05 0.00146604 0.00182666 0.000453062 -0.0020992 -0.00461858 -0.00640191 -0.00756282 -0.00813561 -0.00788495 -0.00721783 -0.00714965 -0.00808488 -0.00950584 
-0.00369132 -0.00431616 -0.00491182 -0.00498909 -0.00422282 -0.00284205 -0.00167008 -0.00141451 -0.00201549 -0.00273427 -0.00298971 -0.00291033 -0.0029189 -0.00306092 -0.00289579 -0.00196715 -0.000416452 0.000859808 0.000861779 -0.000580677 -0.00256527 -0.00401628 -0.0048351 -0.00562232 -0.00639209 -0.00656955 -0.00602173 -0.00510965 -0.00416672 -0.0035784 
0.00175812 0.00108806 0.0001961 -0.00036948 -0.000720962 -0.00110758 -0.00166539 -0.00241931 -0.00315891 -0.00348265 -0.00332626 -0.0030669 -0.00303782 -0.00318529 -0.00306482 -0.00223497 -0.000896051 2.12576e-05 -0.000299559 -0.00167681 -0.00307229 -0.00372135 -0.0039581 -0.00452173 -0.00539452 -0.00595398 -0.00561512 -0.00394708 -0.00123572 0.00108658 
0.00474645 0.00445682 0.00394231 0.00350507 0.00230631 8.17936e-05 -0.00235859 -0.00409978 -0.00470858 -0.00433095 -0.0036827 -0.0033639 -0.00339775 -0.00352971 -0.00338196 -0.00263222 -0.00155845 -0.00102496 -0.00158519 -0.00285415 -0.00394669 -0.00441338 -0.00458841 -0.00498712 -0.00573446 -0.00658106 -0.00663771 -0.00457771 -0.000513113 0.00325289 
0.00525735 0.0061824 0.00664453 0.00647089 0.00434524 0.000341658 -0.00367173 -0.00594306 -0.00597977 -0.00464423 -0.00348801 -0.00324094 -0.00350491 -0.00375122 -0.0036218 -0.00293174 -0.00209695 -0.0019235 -0.00270827 -0.00398753 -0.00514184 -0.00588037 -0.00619328 -0.00623377 -0.00650768 -0.00753146 -0.00837801 -0.00680307 -0.00232837 0.00250259 
0.00362605 0.00623347 0.0078773 0.00778891 0.00468286 -0.000638685 -0.00541962 -0.00749532 -0.00661191 -0.00433967 -0.00278693 -0.00263385 -0.00313954 -0.00355805 -0.00346872 -0.0027783 -0.00210648 -0.00229335 -0.00343871 -0.00499225 -0.0064893 -0.0076361 -0.00796052 -0.00722006 -0.0064194 -0.00718343 -0.00901521 -0.00894752 -0.00543954 -0.000415592 
0.000189959 0.00414698 0.00689491 0.00698184 0.00340393 -0.0022862 -0.00688409 -0.00826368 -0.00656255 -0.00379811 -0.00211987 -0.00194782 -0.00242324 -0.00281662 -0.00269366 -0.0020151 -0.00156042 -0.00220713 -0.00388272 -0.00590129 -0.00786006 -0.00944003 -0.00970645 -0.00791824 -0.0054771 -0.00526834 -0.00771302 -0.00959362 -0.00822145 -0.00428902 
-0.00425548 0.000389157 0.00420925 0.00497216 0.00186411 -0.00309048 -0.00681871 -0.00763662 -0.00597476 -0.00374385 -0.00249351 -0.00218191 -0.00211744 -0.00198135 -0.00159151 -0.00100065 -0.000957466 -0.00216697 -0.00433278 -0.00669348 -0.00897044 -0.010877 -0.0111147 -0.00848494 -0.00456931 -0.00317811 -0.00568379 -0.00911963 -0.0101082 -0.00812185 
-0.00773113 -0.00315419 0.00152107 0.00336538 0.00154602 -0.00183114 -0.00443754 -0.00541781 -0.00520293 -0.00486047 -0.00478183 -0.00436497 -0.00330852 -0.0020456 -0.000968326 -0.000353866 -0.000755338 -0.00243694 -0.00479693 -0.00709427 -0.00923231 -0.0110107 -0.0110906 -0.00822386 -0.00394998 -0.00210164 -0.00435047 -0.00823455 -0.010564 -0.0103388 
-0.00801221 -0.00457956 0.000261796 0.00330751 0.00334069 0.00190061 0.000121782 -0.00200216 -0.004457 -0.00693544 -0.00854977 -0.00826989 -0.00622402 -0.00359627 -0.00146048 -0.000457747 -0.00096291 -0.00273773 -0.00485251 -0.00657 -0.0079453 -0.00901909 -0.00888391 -0.00661619 -0.0033454 -0.00192223 -0.00352917 -0.00630056 -0.0082025 -0.00890209 
-0.00480481 -0.00318791 0.00129035 0.00564032 0.00779745 0.00799968 0.00619229 0.00208044 -0.00341565 -0.00864256 -0.0119083 -0.0121296 -0.00972126 -0.00620561 -0.00309294 -0.00139466 -0.00145991 -0.00276921 -0.00419744 -0.00496937 -0.00527334 -0.00558913 -0.00566161 -0.00475638 -0.00313569 -0.00228049 -0.00270896 -0.00318532 -0.00325161 -0.00396109 
0.000141522 0.000920272 0.00533245 0.0107604 0.014321 0.0149875 0.0121158 0.00585318 -0.00187359 -0.00867619 -0.0129103 -0.0138954 -0.0120823 -0.00870004 -0.00520827 -0.0028407 -0.00209113 -0.00253318 -0.00315498 -0.00321294 -0.00294935 -0.00316019 -0.00401258 -0.00464004 -0.00439516 -0.00380876 -0.00305727 -0.0012683 0.000958488 0.00134896 
0.00504224 0.00742545 0.0125728 0.0179363 0.0206885 0.0198727 0.0153032 0.00776506 -0.000400464 -0.00696178 -0.0110557 -0.0126557 -0.0120032 -0.00960046 -0.00646728 -0.00381381 -0.00230994 -0.00191719 -0.00208216 -0.00222822 -0.0024177 -0.0032755 -0.00498444 -0.0065595 -0.00705342 -0.00686424 -0.00596985 -0.00307692 0.0012028 0.00401872 
0.00896913 0.0151793 0.0215773 0.0251003 0.0242348 0.0200803 0.0139219 0.00666856 -2.99594e-05 -0.00482104 -0.00778525 -0.0093813 -0.00951894 -0.0081068 -0.00575551 -0.00337024 -0.00155085 -0.000638103 -0.000685327 -0.00143023 -0.00267792 -0.00454311 -0.00692307 -0.00887709 -0.00986422 -0.0107283 -0.0110027 -0.00822887 -0.00240444 0.00360017 
0.0107204 0.0209085 0.0280485 0.0282986 0.0223949 0.0147447 0.00833871 0.00328617 -0.000544593 -0.00304865 -0.00482535 -0.00614787 -0.00640264 -0.00538563 -0.00373968 -0.00196267 -0.000242159 0.000988668 0.00121027 0.000229408 -0.00184143 -0.00478458 -0.00812303 -0.010911 -0.0129974 -0.0153605 -0.016854 -0.0142742 -0.00745908 0.00110045 
0.00854312 0.020355 0.0267017 0.0235325 0.0140764 0.00564555 0.00194157 0.00125279 0.0010143 8.11358e-05 -0.00189892 -0.00402923 -0.00474252 -0.0039639 -0.00279541 -0.00154314 7.31349e-05 0.00175451 0.0027316 0.00230776 0.000138556 -0.00362534 -0.00832849 -0.0129404 -0.0169886 -0.0205523 -0.0219627 -0.0188322 -0.0118702 -0.00281122 
0.0033995 0.0137464 0.017857 0.0125766 0.00325788 -0.00165909 0.00032525 0.00493648 0.00747244 0.00620554 0.00183228 -0.00300885 -0.0056036 -0.00584016 -0.0052152 -0.00412761 -0.00215595 0.000434494 0.00266197 0.00342045 0.00199273 -0.00163804 -0.00700504 -0.0132322 -0.0190779 -0.0230749 -0.0234033 -0.0196227 -0.0137582 -0.00653825 
0.000878845 0.00797721 0.00952533 0.00435404 -0.000922523 0.000762928 0.00870191 0.0162835 0.0183633 0.0140327 0.00544759 -0.00343815 -0.00923601 -0.0115241 -0.0116785 -0.010292 -0.00728893 -0.00322971 0.000631072 0.00301858 0.00331396 0.00156404 -0.00232298 -0.00826111 -0.0146263 -0.018517 -0.0179643 -0.0142354 -0.0102978 -0.00597197 
0.00592288 0.00957457 0.0094797 0.007125 0.00882515 0.0176798 0.0287758 0.0346507 0.0320352 0.0221406 0.00843187 -0.00481961 -0.014317 -0.0192072 -0.0202827 -0.0183338 -0.0140201 -0.00843371 -0.00297912 0.00129305 0.00434595 0.00649273 0.00664731 0.00317539 -0.00270094 -0.00669681 -0.00599042 -0.00260917 -8.46664e-05 0.00205684 
0.0170112 0.0178847 0.0178297 0.0207317 0.0305086 0.0446934 0.0550722 0.0555204 0.0460058 0.0299788 0.0116262 -0.00524215 -0.0179216 -0.0251985 -0.027193 -0.024918 -0.0198685 -0.0135975 -0.00735416 -0.00159751 0.00453009 0.0117295 0.0175766 0.0178942 0.0127996 0.00805012 0.0081873 0.0114308 0.0138801 0.0153293 
0.0269502 0.0258308 0.0274906 0.0368502 0.0535887 0.0697347 0.0761705 0.0702233 0.0550159 0.0349846 0.0141771 -0.00428852 -0.0184469 -0.0270398 -0.0297383 -0.0276857 -0.0229249 -0.0171879 -0.0113999 -0.00534739 0.00286365 0.0146126 0.0264361 0.0315557 0.0282886 0.0229064 0.0215506 0.0237843 0.0261662 0.0272538 
0.0287148 0.0256796 0.0301862 0.0461462 0.0679681 0.0832756 0.0842756 0.0730044 0.0549938 0.034093 0.0135292 -0.00398931 -0.0172144 -0.0254709 -0.0284094 -0.0270145 -0.0232999 -0.0188823 -0.0144217 -0.00921203 -0.000460714 0.0141402 0.03108 0.0420608 0.0431997 0.0391176 0.0359086 0.0350025 0.0346345 0.0327313 
0.0214808 0.0161832 0.0243677 0.0467505 0.0721632 0.0852303 0.0806621 0.0653198 0.0465684 0.0268918 0.00834689 -0.00645885 -0.0168077 -0.0230831 -0.0254365 -0.0245937 -0.0220589 -0.0190261 -0.0158519 -0.0115348 -0.00290004 0.0129953 0.0334252 0.0502353 0.0579275 0.0578247 0.0538091 0.0483378 0.0415742 0.0321948 
0.00953734 0.00292719 0.0156039 0.0433073 0.0700083 0.0795043 0.0696708 0.0511806 0.0326997 0.0154277 -9.34968e-05 -0.0116192 -0.0185324 -0.0218993 -0.0226461 -0.0216345 -0.0198281 -0.0176537 -0.0148488 -0.0102121 -0.000868681 0.0159398 0.0382073 0.0590202 0.0725085 0.0767648 0.0725325 0.0621513 0.047088 0.027831 
-0.00400966 -0.00947587 0.00776403 0.0379765 0.0626742 0.0678821 0.0546225 0.0348879 0.0176026 0.00343057 -0.00855481 -0.0170599 -0.0212408 -0.0219804 -0.0207873 -0.0190498 -0.0174067 -0.0153346 -0.0117007 -0.00519196 0.00623708 0.0243689 0.0474096 0.0699505 0.0865293 0.0928422 0.0869667 0.0709102 0.0473412 0.019288 
-0.0175463 -0.0200231 0.000532989 0.0302491 0.0511297 0.0533809 0.0399325 0.0212269 0.00550299 -0.00590764 -0.0146186 -0.020624 -0.0230623 -0.0222862 -0.0199621 -0.0178143 -0.0161831 -0.0137051 -0.00851685 0.000597254 0.0145635 0.0339008 0.0569619 0.0799349 0.0978799 0.104541 0.0957349 0.0731691 0.0414675 0.00717586 
-0.0235169 -0.0238162 -0.00309621 0.0236926 0.0406993 0.0415527 0.0293435 0.0119353 -0.00293768 -0.012405 -0.0182084 -0.0219125 -0.0232177 -0.0220905 -0.0199194 -0.0182196 -0.0168905 -0.0140241 -0.00748852 0.00351 0.0187928 0.0379673 0.0599245 0.0825644 0.101656 0.109487 0.0995694 0.0728482 0.0362879 -9.11231e-05 
-0.00577936 -0.00808184 0.00589386 0.0247505 0.0359598 0.0346425 0.0225781 0.0054644 -0.00886807 -0.0162169 -0.018916 -0.0204892 -0.0213685 -0.0209252 -0.0198564 -0.0191878 -0.0184395 -0.0156126 -0.00893798 0.0017108 0.0155553 0.0321289 0.0512213 0.0723416 0.0924154 0.103498 0.0977369 0.0752973 0.0440495 0.0139244 
0.0504624 0.0401681 0.036983 0.0382959 0.0374994 0.0309066 0.0180565 0.00203458 -0.01006 -0.0141353 -0.014017 -0.0148973 -0.0170153 -0.0184019 -0.0188605 -0.0191323 -0.0187818 -0.0163361 -0.0109533 -0.00315108 0.00637529 0.017734 0.0316567 0.0490315 0.0684726 0.0839556 0.0892739 0.0847081 0.0751663 0.0634772 
0.147667 0.124655 0.0944891 0.0672415 0.0458146 0.0296889 0.0161886 0.00414227 -0.00271717 -0.00258501 -0.00108647 -0.00373313 -0.00917077 -0.0135858 -0.0159445 -0.0169186 -0.0165407 -0.0143831 -0.010743 -0.00659839 -0.00243729 0.00211704 0.008279 0.0182853 0.0336573 0.0535197 0.0769793 0.104466 0.13273 0.150852 
0.269868 0.232764 0.171303 0.109239 0.0610162 0.0315246 0.016944 0.0109029 0.0112646 0.015675 0.0171559 0.0114448 0.00205538 -0.00578185 -0.0103927 -0.0122102 -0.0117164 -0.00956395 -0.00696786 -0.00523425 -0.00520477 -0.00735662 -0.0108625 -0.0118851 -0.00401946 0.0200638 0.0664344 0.134071 0.208097 0.261318 
0.373973 0.325878 0.239212 0.14807 0.0762547 0.0339803 0.017614 0.0168329 0.0236052 0.0310469 0.0316605 0.0234609 0.0116773 0.00178512 -0.0044039 -0.00692608 -0.00634216 -0.00389276 -0.00124975 -1.19368e-05 -0.00193247 -0.00914144 -0.0217742 -0.034289 -0.0346255 -0.00718472 0.0595069 0.161621 0.273763 0.355704 
