0.634688 0.570207 0.367677 0.17299 0.0607006 0.0146853 4.01398e-05 -0.00203082 0.00117254 0.00585192 0.00880937 0.00778227 0.00355811 -0.000663304 -0.00327456 -0.00575557 -0.0100105 -0.0158131 -0.0204667 -0.0206353 -0.0150342 -0.00448434 0.00825861 0.0171179 0.0183531 0.0208036 0.0467622 0.128449 0.293438 0.506159 
0.530471 0.466137 0.290888 0.128038 0.0390048 0.00646985 -0.00246923 -0.00356228 -0.000960533 0.00330507 0.00718877 0.00887935 0.00777864 0.00499346 0.00152141 -0.0029924 -0.00890268 -0.0150348 -0.0185966 -0.0169442 -0.00998262 0.000612 0.0122712 0.0200081 0.0215382 0.0261523 0.0530215 0.126097 0.263813 0.434418 
0.325127 0.274269 0.16044 0.0597113 0.00801473 -0.00807563 -0.0107593 -0.00947598 -0.0058315 -0.000610288 0.00525405 0.00997048 0.0114109 0.00929085 0.00463572 -0.00187507 -0.00938755 -0.0158764 -0.018305 -0.0144598 -0.00548941 0.00511039 0.0139566 0.0179176 0.0176132 0.021848 0.043396 0.0940623 0.180011 0.278275 
0.149553 0.115521 0.0571525 0.0101039 -0.0119621 -0.0178093 -0.0178242 -0.0149367 -0.00954622 -0.00254607 0.00542544 0.0121047 0.01414 0.0110248 0.00472965 -0.00324472 -0.0117285 -0.0184902 -0.020393 -0.0154504 -0.00549891 0.00465348 0.0107194 0.0107978 0.00730944 0.00766202 0.019865 0.0488098 0.0933418 0.137081 
0.0534981 0.0356908 0.0106163 -0.00753686 -0.0162102 -0.0199813 -0.0207279 -0.0169924 -0.00963613 -0.000960185 0.00823221 0.0154304 0.016503 0.0112318 0.00301126 -0.0059219 -0.014805 -0.0218657 -0.0241192 -0.0197191 -0.0104794 -0.00104889 0.0044551 0.00414137 -0.00108795 -0.00690193 -0.00669767 0.00536757 0.0285517 0.0501696 
0.019824 0.0157256 0.00546011 -0.00404337 -0.0116185 -0.0179216 -0.0204396 -0.0161064 -0.0071623 0.00235038 0.0114206 0.0179887 0.0178813 0.0109846 0.00150104 -0.00790964 -0.0169693 -0.0244323 -0.027555 -0.0246473 -0.0171718 -0.00860238 -0.00183006 0.00062817 -0.00399815 -0.0151038 -0.0253981 -0.0246968 -0.00956543 0.0101649 
0.0204171 0.0243205 0.0172042 0.00603055 -0.00479131 -0.0133267 -0.0165682 -0.0119943 -0.00268462 0.00638691 0.013891 0.0186616 0.0175499 0.0104111 0.000972384 -0.00833447 -0.0173477 -0.024948 -0.0286193 -0.0268245 -0.0205807 -0.0123327 -0.00421631 0.00040115 -0.00394204 -0.0183127 -0.0337228 -0.037013 -0.0223355 0.00210092 
0.0341377 0.0387766 0.0281771 0.0124267 -0.000290109 -0.0076929 -0.009159 -0.00395316 0.00496244 0.0127881 0.0177509 0.0195441 0.0169142 0.010022 0.00130855 -0.00755559 -0.0161745 -0.02319 -0.0263292 -0.0241354 -0.017031 -0.0071183 0.00262939 0.00744018 0.00111251 -0.0162922 -0.0331256 -0.0349301 -0.0168253 0.0119286 
0.0458551 0.0451367 0.0281667 0.00840646 -0.00343733 -0.00603506 -0.00221325 0.00595738 0.0153963 0.0222315 0.0247898 0.0233583 0.0184553 0.0109704 0.00238004 -0.0062826 -0.0142184 -0.0197559 -0.0210264 -0.0168931 -0.00728458 0.0058016 0.0178451 0.022319 0.0132402 -0.00703233 -0.0241749 -0.0233093 -0.00237384 0.0265272 
0.0495844 0.0403746 0.0171912 -0.00507249 -0.0146531 -0.0106175 0.00125911 0.0148161 0.0254916 0.0311873 0.0319699 0.0284681 0.0215628 0.0126207 0.003109 -0.00582638 -0.0128947 -0.0162492 -0.0147201 -0.00821905 0.00317753 0.0179133 0.0308467 0.0345218 0.0241284 0.00440808 -0.00974445 -0.00555554 0.0153655 0.0389039 
0.0491978 0.0330189 0.00667217 -0.0164121 -0.0243921 -0.0150308 0.00419844 0.0222379 0.0321783 0.0348112 0.0336889 0.0296184 0.022111 0.0120791 0.00149764 -0.00774946 -0.013837 -0.0148484 -0.0104343 -0.00213123 0.00908573 0.022326 0.0331419 0.0346745 0.0246524 0.0102332 0.00410933 0.0135265 0.0328574 0.0483736 
0.0488713 0.0313423 0.00702811 -0.0147193 -0.0227484 -0.012089 0.0097791 0.0280246 0.0341651 0.0321858 0.0290213 0.0252804 0.01844 0.00844668 -0.00234671 -0.0113974 -0.0164879 -0.015673 -0.00921206 -1.25408e-05 0.00986706 0.0199123 0.0269341 0.0258481 0.0174125 0.0104674 0.0138931 0.0283181 0.0453578 0.05404 
0.0479614 0.0343736 0.0168523 -0.000593688 -0.00899064 -0.00125672 0.0167313 0.0299938 0.0309856 0.0257406 0.0219319 0.019078 0.0133187 0.00419444 -0.0058008 -0.0140146 -0.0181894 -0.0164887 -0.00943362 -0.000345532 0.00813107 0.0152934 0.0190227 0.0166014 0.011158 0.0112998 0.0214951 0.0374207 0.0506701 0.0545469 
0.0474672 0.0382005 0.0278425 0.0167918 0.0101574 0.0137545 0.0233088 0.0278529 0.0238831 0.0179324 0.0152208 0.0134627 0.00875898 0.00102071 -0.00746418 -0.0144767 -0.0179783 -0.0163166 -0.00991637 -0.00157336 0.00605567 0.0116181 0.0136376 0.0117871 0.0104817 0.0162418 0.0294176 0.0435383 0.0525165 0.0535546 
0.0502894 0.0417185 0.0336755 0.0274203 0.0245008 0.0262267 0.0283192 0.024984 0.0174394 0.0116786 0.00970382 0.00820221 0.00432768 -0.00165705 -0.00831338 -0.0141622 -0.0173495 -0.0162362 -0.0108294 -0.00309222 0.00435606 0.00940239 0.0110698 0.0109166 0.0135217 0.0225589 0.0356274 0.0469677 0.0538735 0.0552835 
0.0540472 0.0438789 0.0328979 0.0266186 0.0258365 0.0281653 0.0285272 0.0235645 0.0157875 0.00977338 0.00641511 0.00360247 4.2216e-05 -0.00430202 -0.00932693 -0.0142726 -0.0173574 -0.0168118 -0.0121095 -0.00462015 0.00278965 0.00747158 0.0090764 0.0103745 0.0153558 0.0249755 0.0355001 0.0438855 0.0512491 0.0564275 
0.0530423 0.0426164 0.0274117 0.0168491 0.0140509 0.0170828 0.0211368 0.0216564 0.0177639 0.0116895 0.00560593 0.000488755 -0.00337144 -0.00670568 -0.0106268 -0.0148751 -0.0178165 -0.0176696 -0.0134581 -0.00619342 0.000930577 0.00500106 0.00619479 0.007841 0.0131844 0.0210815 0.0272368 0.0319984 0.0404502 0.0508754 
0.0467266 0.0382212 0.0203333 0.00415023 -0.00359669 -0.00128467 0.00783095 0.0166008 0.0188336 0.0139302 0.00580581 -0.00137777 -0.00592608 -0.0089567 -0.012218 -0.0158002 -0.0184496 -0.0185724 -0.0148577 -0.00800697 -0.00135851 0.00211263 0.00277926 0.00385195 0.00785589 0.0125464 0.0137859 0.0149292 0.0242381 0.0394403 
0.0397609 0.0330324 0.0138174 -0.00649487 -0.018593 -0.0179802 -0.00625757 0.00826508 0.0157706 0.0131619 0.00494417 -0.00294739 -0.00791766 -0.0109288 -0.0137064 -0.0165841 -0.0188253 -0.0191264 -0.0160169 -0.00996597 -0.00419579 -0.00142958 -0.00120617 -0.000933402 0.00118272 0.00294322 0.00117615 0.000853465 0.0112221 0.0292915 
0.0350498 0.0279034 0.00810313 -0.0128244 -0.0256791 -0.0265049 -0.0159527 -0.000682036 0.00915695 0.00880228 0.00204892 -0.00496058 -0.00946394 -0.0121439 -0.0143573 -0.016508 -0.0182521 -0.0185674 -0.0160888 -0.0112174 -0.00682317 -0.00506999 -0.00533582 -0.00572787 -0.00497912 -0.00436348 -0.00573577 -0.00444981 0.00707804 0.0250847 
0.0326546 0.0237784 0.00440712 -0.0136127 -0.0235522 -0.0248905 -0.0180018 -0.00597165 0.00311988 0.00367221 -0.00175659 -0.00745623 -0.0108537 -0.012635 -0.0139936 -0.0153585 -0.016515 -0.016564 -0.0143663 -0.0103619 -0.00704178 -0.00613045 -0.00696202 -0.0080702 -0.00826099 -0.00759437 -0.00680115 -0.00270479 0.00943753 0.0254144 
0.0318582 0.022512 0.00501084 -0.00862312 -0.014428 -0.015478 -0.0123549 -0.00495232 0.00130986 0.000910408 -0.00450922 -0.00963611 -0.0120122 -0.0125537 -0.012743 -0.0132376 -0.0138086 -0.0134174 -0.0109764 -0.00697042 -0.00377471 -0.00314518 -0.00455831 -0.00651379 -0.00749894 -0.0067915 -0.00464022 0.000796065 0.0124001 0.0263757 
0.0300474 0.0226486 0.00863564 -0.00089162 -0.00358801 -0.0040381 -0.00319758 0.000299561 0.00307294 0.00069411 -0.00544839 -0.0105459 -0.0122755 -0.0116848 -0.0106675 -0.0103158 -0.0104427 -0.00970978 -0.00684152 -0.00237639 0.00112227 0.00160804 -0.000429083 -0.00302675 -0.00429575 -0.0035624 -0.00142775 0.00309625 0.0125611 0.0246312 
0.0247474 0.0207083 0.0111966 0.00468915 0.00304179 0.00273392 0.00288151 0.00436502 0.00473049 0.00102989 -0.00524603 -0.0101105 -0.0115282 -0.0103251 -0.00846743 -0.00743522 -0.0072026 -0.0062371 -0.00309049 0.00160818 0.00507012 0.00511967 0.0024808 -0.000381632 -0.00152277 -0.000799698 0.000646764 0.00328278 0.00968707 0.0191782 
0.0164043 0.0155552 0.0103041 0.00558231 0.00321486 0.00220136 0.00243078 0.0037118 0.00362449 0.00026813 -0.00494687 -0.00907825 -0.0104282 -0.00926584 -0.0071497 -0.00565243 -0.00496021 -0.00367098 -0.000420539 0.00409986 0.00709826 0.00654571 0.0034937 0.000539487 -0.000826075 -0.0009088 -0.000672456 0.000363433 0.00431447 0.0111906 
0.00659964 0.00781218 0.00585189 0.00255376 -0.00062531 -0.00257077 -0.00229006 -0.000500065 0.000261214 -0.00150073 -0.00482489 -0.00781515 -0.00911534 -0.00841563 -0.00657913 -0.00489347 -0.00371019 -0.00206223 0.00110142 0.00512636 0.00745592 0.00634224 0.00307712 3.76677e-05 -0.00205961 -0.00380454 -0.0053376 -0.0055347 -0.00291661 0.00211405 
-0.0033072 -0.00108308 -0.000739297 -0.00242746 -0.00547665 -0.0078586 -0.00757637 -0.00510679 -0.00300598 -0.00287116 -0.00427048 -0.00602394 -0.00709819 -0.00690483 -0.00566883 -0.00416191 -0.00277395 -0.00102872 0.00176697 0.00506852 0.00668998 0.00517594 0.00185371 -0.00125734 -0.00407329 -0.0073983 -0.0107281 -0.012222 -0.0106507 -0.00695843 
-0.0115247 -0.00849258 -0.00666119 -0.00728355 -0.0100846 -0.012561 -0.0120091 -0.00856221 -0.00497129 -0.00322983 -0.00318977 -0.00389362 -0.00454281 -0.00459882 -0.00395133 -0.00290146 -0.00172572 -0.000236389 0.00199083 0.00451742 0.0056012 0.00409221 0.00108726 -0.00187604 -0.00499604 -0.00917328 -0.013875 -0.0170267 -0.0170963 -0.0147228 
-0.0153972 -0.0115179 -0.00908381 -0.00982526 -0.0130851 -0.0158208 -0.0150925 -0.0109409 -0.00628688 -0.00347235 -0.00246934 -0.00231638 -0.00237578 -0.00231224 -0.00197038 -0.00137203 -0.000586391 0.000533425 0.00224821 0.00416529 0.00500021 0.00398927 0.00188826 -0.000418823 -0.00331768 -0.00769927 -0.0132988 -0.0181339 -0.0200473 -0.018733 
-0.0135674 -0.00965953 -0.00778877 -0.00937114 -0.0131999 -0.0162779 -0.0160468 -0.0123348 -0.0076065 -0.00428047 -0.00261339 -0.00175186 -0.00117538 -0.00075935 -0.000434178 -7.26486e-05 0.000459136 0.00136268 0.00279271 0.00433935 0.0050837 0.00469151 0.00371877 0.00239157 6.12537e-06 -0.00426626 -0.0101848 -0.0157322 -0.0183107 -0.0171469 
-0.00918713 -0.00656795 -0.00609335 -0.008184 -0.0116761 -0.0146368 -0.0152751 -0.0128492 -0.00876496 -0.00529421 -0.00318396 -0.00182444 -0.00075132 -2.56474e-06 0.000401234 0.000705528 0.00117802 0.00202743 0.00332692 0.0046362 0.00523319 0.00510101 0.00480634 0.00414744 0.00205088 -0.00217911 -0.00788112 -0.0127596 -0.0143459 -0.0124825 
-0.00800874 -0.00712318 -0.00769376 -0.00924998 -0.0113472 -0.0134724 -0.0144682 -0.0130098 -0.00952522 -0.00603301 -0.0036567 -0.0019996 -0.000623741 0.000310157 0.000728867 0.00099172 0.00143449 0.00220818 0.00331052 0.00428557 0.00448278 0.00406478 0.00375445 0.00318399 0.000938973 -0.00355025 -0.00898333 -0.0127148 -0.0128548 -0.0104033 
-0.0129948 -0.0128955 -0.0131668 -0.013181 -0.0133287 -0.0140374 -0.0144799 -0.0131136 -0.0098393 -0.006328 -0.00378575 -0.00195496 -0.000438239 0.000529333 0.000857421 0.000998233 0.00133337 0.0019294 0.00266482 0.00304668 0.00248487 0.00132068 0.000544837 -0.000198025 -0.00270014 -0.00767033 -0.0133512 -0.0167876 -0.0165797 -0.0144373 
-0.0215177 -0.0207869 -0.0196481 -0.0178348 -0.0161386 -0.0152887 -0.0146899 -0.0129296 -0.0096331 -0.0060433 -0.00334539 -0.00146729 -2.80559e-05 0.000792135 0.000922949 0.000863907 0.00103981 0.00141996 0.00168465 0.00127753 -0.000248409 -0.00232141 -0.00366911 -0.00452029 -0.0070443 -0.0124502 -0.0189376 -0.0232649 -0.0239943 -0.0226935 
-0.0277032 -0.0259272 -0.0236107 -0.0206821 -0.0178391 -0.0157973 -0.014269 -0.0121411 -0.00880309 -0.00507316 -0.00222374 -0.000485818 0.000584042 0.00104194 0.000872005 0.000544227 0.000501221 0.000617065 0.000353253 -0.000862605 -0.00322167 -0.00596046 -0.00771685 -0.00857 -0.0108239 -0.0162265 -0.0232898 -0.028585 -0.0302455 -0.0293284 
-0.0290454 -0.0271719 -0.0248416 -0.0217253 -0.0182542 -0.015203 -0.0128061 -0.0103783 -0.00708576 -0.00334575 -0.000542009 0.000801483 0.00125282 0.00119008 0.000650327 -1.31408e-05 -0.00037492 -0.000596227 -0.00135424 -0.00317288 -0.00596457 -0.00890682 -0.0108317 -0.0117092 -0.0135486 -0.0183061 -0.0249887 -0.0302531 -0.0319373 -0.030882 
-0.0288468 -0.0279149 -0.0260613 -0.0227197 -0.0182311 -0.0136492 -0.0100171 -0.00723605 -0.00425399 -0.00099861 0.0012857 0.00198914 0.00176466 0.0011959 0.000323104 -0.000655913 -0.00133528 -0.00180687 -0.00277731 -0.00474927 -0.00747735 -0.0102294 -0.0122395 -0.0134005 -0.0150117 -0.0187991 -0.02434 -0.0288269 -0.0303193 -0.029736 
-0.0297967 -0.0299411 -0.0279495 -0.0235836 -0.0173972 -0.0108288 -0.00580921 -0.00285528 -0.000701347 0.0013455 0.00255587 0.00250138 0.00179091 0.000960667 -3.84569e-05 -0.00115712 -0.00198734 -0.0024704 -0.00326651 -0.00492888 -0.00719784 -0.00954202 -0.0117359 -0.0136126 -0.0153981 -0.0181267 -0.0220116 -0.0254659 -0.0274102 -0.0286483 
-0.029529 -0.0303163 -0.0276567 -0.0220519 -0.0144081 -0.00649801 -0.000820253 0.00177902 0.00268842 0.00309212 0.00294011 0.00216996 0.0012652 0.00050518 -0.00036092 -0.00143425 -0.00228903 -0.00267553 -0.00314409 -0.00430805 -0.00596638 -0.00784534 -0.0102845 -0.0130187 -0.0150055 -0.0163088 -0.0178623 -0.0198942 -0.0225807 -0.0262091 
-0.0251241 -0.0259354 -0.0227912 -0.0168388 -0.00912581 -0.00148241 0.0035981 0.00535716 0.0051074 0.00413469 0.00291222 0.00171789 0.000866993 0.000324162 -0.000376895 -0.00144792 -0.00242276 -0.00285267 -0.0031387 -0.0039414 -0.00515519 -0.00667153 -0.00910674 -0.0120398 -0.0135486 -0.0130287 -0.0120676 -0.0125155 -0.0155308 -0.0206841 
-0.0183559 -0.0182335 -0.0148068 -0.00970163 -0.00361538 0.00222501 0.00587896 0.00674453 0.00580215 0.00423489 0.00282065 0.00186117 0.00130848 0.000870787 7.21167e-05 -0.0012448 -0.00254574 -0.00322523 -0.00356226 -0.00431383 -0.00550101 -0.00689211 -0.00885452 -0.0109255 -0.0112778 -0.00927707 -0.00673235 -0.00621512 -0.00919116 -0.014469 
-0.013891 -0.0116757 -0.00761816 -0.00398595 -0.000699197 0.00249932 0.0046945 0.0051205 0.00410493 0.00279069 0.00217262 0.00219111 0.00216967 0.00166797 0.000510485 -0.00122747 -0.00296963 -0.00401822 -0.00454606 -0.00545466 -0.0069579 -0.00852932 -0.00998011 -0.0110014 -0.0105368 -0.00812279 -0.0052251 -0.00451334 -0.00743262 -0.0119458 
-0.0122409 -0.0073743 -0.00245724 -0.00056865 -0.000781042 -0.000790612 -3.09894e-06 0.000512916 0.000106924 -0.00029483 0.000373266 0.00162662 0.00222814 0.00171593 0.000313253 -0.00168595 -0.00374525 -0.00511559 -0.00582133 -0.0068508 -0.0087027 -0.0108048 -0.0125832 -0.0137559 -0.0136172 -0.0114556 -0.00832257 -0.0072195 -0.00972139 -0.0129135 
-0.00829887 -0.00125672 0.00389005 0.00360145 -0.000605219 -0.00453871 -0.00578568 -0.00534409 -0.00487614 -0.00417183 -0.00245402 -0.000350597 0.000829498 0.000673348 -0.000464616 -0.00225795 -0.00424039 -0.00565761 -0.00640118 -0.00739678 -0.00940438 -0.0122396 -0.0153263 -0.0179185 -0.0186294 -0.016206 -0.011949 -0.00965144 -0.0108471 -0.0118473 
0.000550866 0.00878254 0.0133914 0.0109583 0.00310526 -0.00486225 -0.00892684 -0.00951952 -0.00882675 -0.00751895 -0.00542283 -0.00307823 -0.00143306 -0.000914863 -0.00141257 -0.00267793 -0.00424283 -0.00541463 -0.00602088 -0.0067502 -0.00844683 -0.0115277 -0.0156767 -0.0193334 -0.0199552 -0.0162466 -0.0106774 -0.00757451 -0.00737507 -0.005691 
0.0101262 0.0187085 0.022966 0.0195504 0.00965651 -0.00112601 -0.00786802 -0.0102799 -0.0103608 -0.0092514 -0.00738096 -0.00523082 -0.0033776 -0.00236576 -0.00242025 -0.00330808 -0.00450421 -0.00539583 -0.00568854 -0.00566898 -0.00607563 -0.0079019 -0.0113481 -0.0143246 -0.0134644 -0.00812839 -0.00239056 -0.000400087 -0.000486413 0.0025066 
0.0154151 0.0239835 0.0287329 0.0257722 0.0157637 0.00409007 -0.00418118 -0.00817295 -0.00934478 -0.0089617 -0.00778506 -0.00619783 -0.00455646 -0.00351166 -0.0034729 -0.00423083 -0.00529735 -0.0060387 -0.00579207 -0.00429091 -0.0020866 -0.0007424 -0.00141597 -0.00235205 5.48072e-05 0.00593258 0.0102483 0.00940882 0.00683561 0.00843018 
0.0172705 0.0254547 0.0304548 0.0280677 0.019129 0.00832956 8.93573e-06 -0.00458702 -0.00649004 -0.00713344 -0.00720822 -0.00664671 -0.00557424 -0.00467284 -0.00447755 -0.00503643 -0.00607192 -0.00674397 -0.00571503 -0.00203645 0.00382463 0.00952707 0.0125818 0.0136567 0.0160485 0.0202131 0.0219165 0.0183945 0.0131381 0.0120498 
0.0207818 0.027386 0.030229 0.0266319 0.0189451 0.0104294 0.00347892 -0.000758965 -0.00303436 -0.0048285 -0.00636641 -0.00696075 -0.00657862 -0.00589841 -0.00553533 -0.00588026 -0.00689127 -0.00741673 -0.00535427 0.00084895 0.0104794 0.0201754 0.0263252 0.0285532 0.0293927 0.0300939 0.0290091 0.024784 0.0193111 0.0170336 
0.027647 0.0309832 0.0286297 0.0215206 0.0145737 0.00923621 0.00498466 0.00204455 -0.000124628 -0.00250874 -0.00469653 -0.00586059 -0.00622526 -0.00640781 -0.00670384 -0.00737084 -0.00835964 -0.00834094 -0.00486834 0.00365193 0.015845 0.0275937 0.0351949 0.0380383 0.0376388 0.0354882 0.0326489 0.029463 0.0260452 0.0246992 
0.0347959 0.0334287 0.0245794 0.0132628 0.00635702 0.00383833 0.0028623 0.0023348 0.00155789 0.000124685 -0.0012195 -0.00213437 -0.00341241 -0.00546256 -0.00769758 -0.0094887 -0.0104055 -0.00926222 -0.00408135 0.00596884 0.0187296 0.0301751 0.0377504 0.0415153 0.0421325 0.040241 0.0376014 0.0354361 0.0334862 0.0330583 
0.039896 0.0330447 0.0191153 0.00555707 -0.00166038 -0.00362981 -0.0029314 -0.00076641 0.00143771 0.00270474 0.00329111 0.00299543 0.000754728 -0.00353474 -0.00829522 -0.0116497 -0.0125579 -0.0102724 -0.00387273 0.00646266 0.0182167 0.0281161 0.0350849 0.0402514 0.0441683 0.0461231 0.0460779 0.0445655 0.0422785 0.041035 
0.0423041 0.0311171 0.0161626 0.00436781 -0.00272121 -0.00720515 -0.00840458 -0.00527343 -8.16623e-05 0.00419539 0.00656654 0.00672673 0.00390516 -0.00185794 -0.00850982 -0.0132207 -0.0144527 -0.0120198 -0.00597605 0.00312462 0.013181 0.0216375 0.0280905 0.0343722 0.0416039 0.0483484 0.0522609 0.0523831 0.0500295 0.047261 
0.0422831 0.0308687 0.0196492 0.0123937 0.00554282 -0.00316552 -0.00875046 -0.00704712 -0.000863425 0.00471481 0.00757841 0.00774852 0.00495556 -0.000942218 -0.00811783 -0.0134783 -0.0153538 -0.0140618 -0.0101244 -0.00355606 0.00468043 0.0124574 0.0188712 0.0252379 0.032905 0.0411237 0.0476417 0.0508962 0.0511475 0.0488524 
0.0438879 0.0375147 0.0316083 0.02616 0.0166018 0.00339179 -0.00557266 -0.00529634 0.000535381 0.00572495 0.00792072 0.00769668 0.00520077 1.14242e-05 -0.00666035 -0.0120718 -0.0146777 -0.0150764 -0.0138941 -0.0102333 -0.00359591 0.0042234 0.011036 0.0163246 0.0208326 0.0258444 0.0321865 0.0391127 0.0447023 0.046781 
0.0516435 0.0532457 0.0498646 0.039144 0.0214333 0.00346942 -0.00583137 -0.00410378 0.00282307 0.00817496 0.00994182 0.00926569 0.0067129 0.00194785 -0.00428065 -0.00979861 -0.0131687 -0.0149472 -0.0158095 -0.0143906 -0.00921404 -0.00186314 0.00438443 0.00753938 0.00798791 0.00906067 0.0146283 0.0248713 0.0364981 0.0459947 
0.0622424 0.0699003 0.0650796 0.045103 0.0174116 -0.00455376 -0.0119632 -0.00624843 0.00414985 0.0117334 0.0144795 0.0136119 0.0101568 0.00462769 -0.00198822 -0.00799796 -0.012155 -0.0147602 -0.0164448 -0.016145 -0.0126828 -0.00788852 -0.00496473 -0.00502819 -0.006517 -0.00544582 0.00192005 0.0153394 0.0317725 0.048247 
0.0668214 0.0740447 0.064992 0.0386692 0.00671868 -0.0150894 -0.0193921 -0.00987597 0.00425287 0.0152884 0.0203101 0.0195021 0.0142484 0.00677424 -0.000826939 -0.00724923 -0.0118894 -0.0149106 -0.0166219 -0.0165617 -0.0148867 -0.0141261 -0.0164522 -0.0202469 -0.0214823 -0.0166354 -0.00485231 0.0118789 0.031167 0.0506443 
0.0617197 0.0620494 0.0470954 0.0193344 -0.00887073 -0.0247567 -0.0246186 -0.0129038 0.00309969 0.0169461 0.0243709 0.0236098 0.0163358 0.00686485 -0.0013353 -0.00737743 -0.0117067 -0.0147131 -0.0162972 -0.0163017 -0.0159395 -0.0180753 -0.0238638 -0.0295833 -0.0292018 -0.019889 -0.00401745 0.0144621 0.033415 0.0505195 
0.0514928 0.044115 0.0239054 -0.00323043 -0.025074 -0.033286 -0.0286278 -0.0161489 -0.00029615 0.0146572 0.0234944 0.0227763 0.0145488 0.00461999 -0.00289489 -0.00762024 -0.0108674 -0.0133856 -0.0149164 -0.0152947 -0.0156063 -0.0178441 -0.0225226 -0.0259953 -0.022211 -0.0092899 0.0079335 0.0240563 0.0376669 0.0478959 
0.0409365 0.0308142 0.00958949 -0.0160353 -0.0339651 -0.0381116 -0.0316333 -0.0199355 -0.00559377 0.00880797 0.0178984 0.0176739 0.0104283 0.00214141 -0.00350893 -0.00660851 -0.00866572 -0.0104802 -0.0118528 -0.0125745 -0.0127491 -0.012561 -0.0122191 -0.0100084 -0.001704 0.0133369 0.0285538 0.0377324 0.0414403 0.042764 
0.0299054 0.0227971 0.00590406 -0.0160055 -0.0319174 -0.0360616 -0.0310256 -0.021506 -0.0094439 0.00322159 0.0116982 0.0123926 0.00734548 0.00151873 -0.00230493 -0.00431007 -0.00564673 -0.00687546 -0.00781608 -0.00812683 -0.0068244 -0.00250231 0.0042852 0.0124232 0.0236933 0.0377835 0.047409 0.0467028 0.0393539 0.0331647 
0.0187453 0.0178997 0.00767226 -0.00913207 -0.0232059 -0.0288579 -0.0265354 -0.0192577 -0.00924767 0.00120389 0.00831561 0.00951195 0.00622304 0.00194322 -0.00119837 -0.00307178 -0.0043731 -0.00543856 -0.00585049 -0.00476517 -0.000467131 0.00878514 0.0211049 0.0325666 0.0429755 0.0518734 0.0528799 0.0422777 0.027309 0.0188104 
0.0168422 0.0230033 0.0164327 0.00101866 -0.0138286 -0.0221854 -0.0222726 -0.0157543 -0.00635284 0.00234779 0.00762227 0.00821999 0.0052153 0.00108337 -0.00232595 -0.00466882 -0.00652879 -0.00811074 -0.00839864 -0.00562175 0.00215061 0.0155155 0.0306539 0.0417946 0.0476917 0.0485712 0.0408181 0.0244497 0.00975622 0.00781413 
0.0488536 0.0588105 0.044861 0.0189298 -0.00467713 -0.0188304 -0.0209607 -0.0136036 -0.00339954 0.00449272 0.00817494 0.00735119 0.00321844 -0.00164427 -0.00528665 -0.00776998 -0.0102125 -0.0128263 -0.0138164 -0.0102972 -0.000419793 0.0146002 0.0293833 0.037794 0.0383195 0.0322852 0.0202205 0.00700931 0.00541855 0.0233769 
0.151992 0.155639 0.111601 0.0541343 0.00968182 -0.0146516 -0.0197893 -0.0121848 -0.00158699 0.00601476 0.00898562 0.0068781 0.00112305 -0.00462082 -0.00795667 -0.0098374 -0.0124191 -0.0161317 -0.0185766 -0.0159109 -0.00625077 0.00797575 0.0208927 0.0268808 0.0243651 0.0160375 0.00766851 0.0108479 0.0418129 0.100471 
0.34151 0.324369 0.221548 0.109122 0.0332176 -0.00425664 -0.0144552 -0.00952608 -0.000593086 0.00646794 0.00940059 0.0067237 -7.09693e-06 -0.00607293 -0.00878263 -0.00993859 -0.0125423 -0.017209 -0.021249 -0.0203697 -0.0125142 -1.3269e-05 0.011893 0.0177669 0.0154501 0.00958894 0.0126048 0.0455135 0.130446 0.253756 
0.549036 0.503611 0.333206 0.161943 0.0566065 0.00919294 -0.00571292 -0.00525725 0.000514936 0.00645277 0.00935642 0.00691924 0.000616622 -0.00487378 -0.00719501 -0.00842359 -0.0115199 -0.0169026 -0.0218318 -0.0222604 -0.0162279 -0.00509753 0.00721971 0.0148061 0.0143821 0.0129914 0.0298675 0.0952421 0.237082 0.42705 
