0.474283 0.445561 0.339254 0.210234 0.104381 0.0398289 0.0135898 0.0118694 0.0174736 0.0171491 0.00687268 -0.00861024 -0.0212131 -0.0255167 -0.0216743 -0.0144008 -0.00939938 -0.00982632 -0.0149141 -0.0209608 -0.0244558 -0.0263686 -0.0326836 -0.0465387 -0.0581225 -0.0455041 0.0123207 0.122045 0.267313 0.404064 
0.453078 0.423666 0.316562 0.18493 0.0755243 0.00860853 -0.016801 -0.0134175 0.00085872 0.0101602 0.00731747 -0.00461863 -0.0168943 -0.0221647 -0.0191979 -0.0122895 -0.00699225 -0.00635295 -0.00991789 -0.0146938 -0.0176109 -0.0193227 -0.0250009 -0.0373494 -0.047339 -0.0349213 0.0191407 0.121326 0.257313 0.38648 
0.365639 0.341134 0.250604 0.137395 0.0415551 -0.0178675 -0.0393247 -0.031901 -0.0113676 0.00573228 0.00970943 0.00146222 -0.01054 -0.017709 -0.0172589 -0.0120997 -0.00661223 -0.00348241 -0.00327857 -0.00482546 -0.00621081 -0.00772468 -0.0132589 -0.0249168 -0.035094 -0.027027 0.0151629 0.0967245 0.206207 0.311036 
0.253675 0.238578 0.173994 0.0901585 0.0165338 -0.0311355 -0.0486412 -0.0399927 -0.0170269 0.00453242 0.0132264 0.00763454 -0.00486103 -0.0150435 -0.0183549 -0.015611 -0.00965306 -0.00305705 0.00211273 0.00489273 0.00586754 0.00494604 -0.000694076 -0.0127593 -0.0252153 -0.024663 0.0014797 0.057515 0.135413 0.211861 
0.157083 0.152789 0.114281 0.0595908 0.00777187 -0.0290331 -0.0444361 -0.0377078 -0.0164422 0.0054461 0.0157933 0.0112885 -0.00218997 -0.0154531 -0.0223904 -0.0216962 -0.0149026 -0.00478621 0.00522093 0.0125052 0.0165399 0.0170548 0.0116872 -0.00112698 -0.0165698 -0.0238176 -0.0127139 0.0206872 0.0715858 0.124577 
0.0955387 0.101307 0.083767 0.0512052 0.0148767 -0.0153292 -0.0313164 -0.0290429 -0.012682 0.00610257 0.015551 0.0112393 -0.00256561 -0.0174416 -0.0264937 -0.0268661 -0.0191562 -0.00628512 0.00757832 0.0189446 0.0264293 0.0291908 0.0248251 0.0118664 -0.00554258 -0.0183038 -0.0179714 -0.000762771 0.0310678 0.0680815 
0.0689934 0.0829848 0.0798927 0.0606651 0.0318553 0.00311548 -0.0157803 -0.0189881 -0.00866348 0.00554762 0.0129936 0.00889422 -0.00393648 -0.018399 -0.0277481 -0.0283559 -0.0201017 -0.00563903 0.0108718 0.0256538 0.0365584 0.0418998 0.0390416 0.0267908 0.00910328 -0.00606751 -0.0116183 -0.00407391 0.0160053 0.0434389 
0.0653057 0.0849642 0.0907535 0.0782773 0.0514956 0.0211109 -0.00139984 -0.00949121 -0.0045944 0.00513575 0.0104296 0.00667639 -0.00441834 -0.0172189 -0.0257893 -0.0263923 -0.0182887 -0.00342443 0.0145966 0.0320236 0.0459345 0.0536365 0.0522493 0.0411319 0.0244913 0.0095107 0.00207139 0.00502596 0.0186178 0.0404885 
0.0696078 0.0923857 0.103643 0.0952251 0.0692095 0.0371978 0.0119085 4.59055e-06 0.000270988 0.00587446 0.00900472 0.00540115 -0.00404384 -0.0149953 -0.0225866 -0.0233887 -0.0161419 -0.00185326 0.0166996 0.0359389 0.0521742 0.0616274 0.0612138 0.0511686 0.0363791 0.0234186 0.0167299 0.0181128 0.0280046 0.045956 
0.0719254 0.0958523 0.110806 0.106175 0.0821225 0.0501013 0.0232583 0.00826676 0.00436595 0.00619554 0.00732386 0.00375047 -0.00429701 -0.0135661 -0.020266 -0.0214489 -0.0154378 -0.00227921 0.0161168 0.0363722 0.0540778 0.0644465 0.0643412 0.0551742 0.0427885 0.0330274 0.0283843 0.0292215 0.036131 0.0503521 
0.0682898 0.0912512 0.108047 0.106864 0.0859878 0.0556812 0.028724 0.0118036 0.00482165 0.00380732 0.00351318 0.00020381 -0.00638003 -0.0139067 -0.0195861 -0.0209713 -0.0160754 -0.0041111 0.0137604 0.0342778 0.0524125 0.0626931 0.06226 0.0538482 0.0442272 0.0382958 0.0361834 0.036531 0.0401938 0.0501116 
0.0574417 0.0762755 0.0922246 0.0935293 0.0768282 0.0503875 0.0258014 0.00939607 0.00138491 -0.0012103 -0.00242972 -0.00531227 -0.0102724 -0.0158155 -0.0201038 -0.021194 -0.0169666 -0.00604863 0.01095 0.0307934 0.0480376 0.057055 0.0556612 0.0478193 0.0409936 0.0391866 0.0401862 0.0405217 0.0407452 0.0450983 
0.0395583 0.0510864 0.0638739 0.0671752 0.0561194 0.0362898 0.0172061 0.00412071 -0.00304598 -0.00655597 -0.00884821 -0.0115754 -0.014978 -0.0184058 -0.020979 -0.0213123 -0.01741 -0.00763725 0.00774918 0.025575 0.0403562 0.0468905 0.0439317 0.0363631 0.0320735 0.0345238 0.0395817 0.0411863 0.0383609 0.0358256 
0.0177786 0.0212141 0.0303565 0.0359692 0.0318404 0.0205068 0.00879101 0.000393935 -0.00529395 -0.00979784 -0.0136309 -0.0166767 -0.0188655 -0.0203981 -0.0213252 -0.0208616 -0.0173618 -0.00924532 0.0034109 0.0176772 0.0285523 0.0317557 0.0269885 0.0195696 0.0174532 0.0238684 0.033375 0.0373178 0.032417 0.0231931 
-0.00171568 -0.00384968 0.00283671 0.0108906 0.0134345 0.0102399 0.00536117 0.00105484 -0.0035407 -0.00919121 -0.0147426 -0.0185107 -0.0200957 -0.0203974 -0.0202594 -0.0194523 -0.0167652 -0.0108934 -0.00189013 0.00777517 0.0140962 0.0140247 0.0079742 0.0010672 0.000745252 0.00997306 0.0227017 0.0286809 0.02294 0.00966855 
-0.0129468 -0.0163958 -0.0106244 -0.00106418 0.00597781 0.00846674 0.00816022 0.0063367 0.0022418 -0.00438912 -0.0114649 -0.0162155 -0.0178489 -0.0177028 -0.0172492 -0.0166951 -0.0151721 -0.0117141 -0.00647148 -0.0013356 0.000985128 -0.00125041 -0.00727405 -0.0128143 -0.0116764 -0.00151005 0.0117361 0.0179994 0.0123725 -0.000970466 
-0.013988 -0.0150414 -0.00918729 8.99762e-05 0.00828416 0.0129491 0.0144345 0.0134579 0.00940392 0.00210456 -0.00604832 -0.0116045 -0.0133878 -0.0130559 -0.0126352 -0.0126146 -0.0122372 -0.0107735 -0.00851372 -0.00679314 -0.00702326 -0.00977109 -0.0142167 -0.0174022 -0.0150135 -0.0057425 0.00512085 0.00942743 0.00415835 -0.00607924 
-0.00763522 -0.00449026 0.00178809 0.00904749 0.0151711 0.018678 0.019554 0.0181349 0.0137033 0.00599963 -0.00249973 -0.00801098 -0.0092466 -0.00827024 -0.00762738 -0.00794308 -0.00834073 -0.00813775 -0.00771165 -0.0079468 -0.00919751 -0.0111089 -0.0129483 -0.0131898 -0.00966734 -0.00234463 0.00443607 0.00534247 0.000159022 -0.00582277 
0.00162424 0.00853577 0.014995 0.0193511 0.0215919 0.0219568 0.0208455 0.0182245 0.0130724 0.00518132 -0.00282734 -0.00723696 -0.00707604 -0.00486311 -0.00352709 -0.0037544 -0.00447744 -0.00490848 -0.00539556 -0.00648448 -0.00781135 -0.00838746 -0.00756127 -0.00501302 -0.000496919 0.00489112 0.00779778 0.0055641 0.00042282 -0.0018801 
0.0109167 0.0194319 0.0253583 0.0270682 0.0256779 0.0228457 0.0195636 0.0154973 0.00942662 0.00149119 -0.00549879 -0.00828707 -0.0065221 -0.00303392 -0.000872423 -0.000764632 -0.00154733 -0.00228623 -0.0031952 -0.00458341 -0.005714 -0.0052535 -0.00256017 0.00194598 0.00724162 0.0115715 0.0124534 0.00900302 0.00459058 0.0046726 
0.0193015 0.0266992 0.0312169 0.0313252 0.0280874 0.0234188 0.0185124 0.013004 0.00594844 -0.00192764 -0.00777454 -0.00908433 -0.00619152 -0.00199454 0.000631412 0.00098526 0.000204999 -0.000696527 -0.00178552 -0.00324624 -0.00427014 -0.00343978 -4.5987e-05 0.00528979 0.0110859 0.0155054 0.0167455 0.0145861 0.0120001 0.0132423 
0.0258824 0.0301256 0.0325031 0.0319299 0.0286744 0.0237744 0.0180491 0.011395 0.00365818 -0.00381993 -0.00846806 -0.00865421 -0.0052576 -0.00102791 0.00155032 0.00192376 0.00115155 0.000205658 -0.000907023 -0.00234979 -0.00344265 -0.00286919 0.000189986 0.00532799 0.0112576 0.016498 0.0197359 0.020582 0.0205516 0.0220875 
0.0287556 0.0289793 0.0286837 0.0275008 0.0249643 0.0209239 0.0154457 0.00864845 0.0012405 -0.00505278 -0.00822281 -0.00743565 -0.00384302 0.00010395 0.00237477 0.00262477 0.00183206 0.000868734 -0.000233899 -0.00167021 -0.002983 -0.00306623 -0.00100689 0.00320156 0.00881418 0.0148965 0.0204539 0.0245414 0.0269052 0.0281159 
0.0259656 0.0221343 0.0187869 0.0164011 0.0143929 0.0118499 0.00798394 0.00274702 -0.00273782 -0.00674506 -0.00793068 -0.00602809 -0.00217942 0.00154902 0.00351924 0.00354374 0.00254387 0.00136895 0.000137506 -0.00137975 -0.00300733 -0.00392197 -0.00315329 -0.00023185 0.00471639 0.0112279 0.018399 0.024674 0.0283636 0.0286113 
0.0171049 0.00964537 0.00321156 -0.0008186 -0.00255214 -0.00313535 -0.00411632 -0.00607858 -0.00807508 -0.00876808 -0.00746184 -0.00422906 -9.8601e-06 0.00357398 0.00521919 0.00482832 0.00330323 0.00159773 1.8539e-05 -0.00169261 -0.00368638 -0.00543927 -0.00590266 -0.0041581 0.000128187 0.00661634 0.0141819 0.0208349 0.0242205 0.0228068 
0.00380975 -0.00631958 -0.0151901 -0.0205927 -0.02191 -0.0202346 -0.0176605 -0.0153969 -0.0130583 -0.00995733 -0.00600316 -0.00147803 0.00296479 0.0062169 0.00735122 0.00636708 0.00415046 0.00176571 -0.000290655 -0.00229608 -0.00468606 -0.00714876 -0.00848072 -0.00740467 -0.00348813 0.00255021 0.00910219 0.0141165 0.015528 0.0119511 
-0.011084 -0.0222766 -0.0321768 -0.0380378 -0.03854 -0.0345799 -0.0285588 -0.0222307 -0.0158747 -0.00945614 -0.00334944 0.00203183 0.00632057 0.00895735 0.00946762 0.00798444 0.00531223 0.00247311 3.29365e-05 -0.00228023 -0.00503746 -0.00798218 -0.00972159 -0.00880924 -0.00510306 -6.48906e-05 0.00416305 0.00589431 0.00414982 -0.00162302 
-0.0245162 -0.0347393 -0.0438118 -0.0489297 -0.0482244 -0.0422887 -0.0336486 -0.0245027 -0.0156655 -0.00744811 -0.000364871 0.00515492 0.0089584 0.0109406 0.0110394 0.00949274 0.00692829 0.0041503 0.0016487 -0.000821389 -0.00380298 -0.00698026 -0.00885508 -0.00804376 -0.00487176 -0.0015112 -0.000439657 -0.00271837 -0.00788686 -0.0152679 
-0.0336494 -0.0409823 -0.0474537 -0.0507038 -0.0485976 -0.0414041 -0.0316142 -0.0216841 -0.012648 -0.00470545 0.00188387 0.00680885 0.0100068 0.0115977 0.0117397 0.0106677 0.00877255 0.00656983 0.00439391 0.00202168 -0.000978216 -0.0042139 -0.00625037 -0.00594852 -0.00398572 -0.00282056 -0.00491455 -0.0107063 -0.0184529 -0.0262447 
-0.036562 -0.0398877 -0.0427515 -0.0435559 -0.0402555 -0.0328926 -0.02374 -0.0151654 -0.00802026 -0.00204503 0.00296268 0.00684703 0.00950185 0.0110387 0.0116213 0.0113647 0.0104151 0.00903541 0.00740498 0.00530205 0.00240906 -0.000847343 -0.0032417 -0.00395173 -0.00372629 -0.00475185 -0.00912268 -0.0168573 -0.0254713 -0.0322093 
-0.0335535 -0.0331218 -0.032689 -0.0313913 -0.0274998 -0.0209907 -0.0138213 -0.00794338 -0.00369644 -0.000254264 0.00296672 0.00585488 0.00816325 0.00988192 0.0110685 0.0116617 0.0115913 0.010943 0.00978894 0.00790686 0.00507225 0.00170975 -0.00121399 -0.00315478 -0.00468115 -0.00730951 -0.0125415 -0.020238 -0.0278674 -0.0324676 
-0.027678 -0.0250813 -0.0228274 -0.0204279 -0.0164982 -0.0111564 -0.00617938 -0.00302033 -0.00137124 9.67602e-05 0.00212069 0.00446724 0.00671613 0.00874565 0.0105036 0.0117616 0.0122805 0.0120377 0.0110621 0.00917024 0.00623488 0.00266563 -0.000804942 -0.00382698 -0.00668411 -0.0101124 -0.0149466 -0.0210768 -0.02654 -0.0288547 
-0.0231027 -0.0204487 -0.018049 -0.0153831 -0.0114175 -0.00666663 -0.00301295 -0.00156427 -0.00143225 -0.000915171 0.0007092 0.00301599 0.00545418 0.0078438 0.0100455 0.0116953 0.0124393 0.0122096 0.0110675 0.00894418 0.00583487 0.00211349 -0.00170951 -0.00543816 -0.00911299 -0.012794 -0.0166709 -0.0207174 -0.023913 -0.0247652 
-0.0222161 -0.0209718 -0.0193093 -0.0165189 -0.0120372 -0.00696598 -0.00347616 -0.00252329 -0.00284501 -0.00251939 -0.000860668 0.00160573 0.00429436 0.00699221 0.009458 0.011208 0.0118342 0.0113009 0.00978998 0.0074193 0.00430632 0.000726625 -0.0030745 -0.00707566 -0.0111846 -0.0149773 -0.0180813 -0.0204988 -0.0221898 -0.0227934 
-0.0240976 -0.0244298 -0.0233936 -0.020206 -0.0148664 -0.00902212 -0.00505718 -0.00387026 -0.00408062 -0.00371844 -0.00207594 0.000390757 0.00315997 0.00597682 0.00846512 0.0100356 0.0102882 0.00930004 0.00744073 0.00503333 0.00226424 -0.00077395 -0.00414696 -0.00802927 -0.0123038 -0.0162806 -0.0191627 -0.0208537 -0.0219918 -0.0231107 
-0.0257349 -0.0267652 -0.0258056 -0.0221763 -0.016296 -0.0100262 -0.00568795 -0.00412872 -0.00409415 -0.00376437 -0.00239599 -0.000259712 0.00225633 0.00487176 0.00709638 0.00827525 0.0080568 0.0066574 0.00463292 0.00246438 0.000329475 -0.00191001 -0.00461028 -0.00811092 -0.0123454 -0.0165633 -0.0196952 -0.0213807 -0.0224522 -0.0239292 
-0.0247198 -0.0253667 -0.024117 -0.0204596 -0.0148904 -0.00902287 -0.00479523 -0.00297799 -0.0026526 -0.00237356 -0.00145595 3.36971e-05 0.00191121 0.0039675 0.00569514 0.00642341 0.00583342 0.00422475 0.00226885 0.000525735 -0.000899162 -0.0023682 -0.00443793 -0.00752364 -0.011624 -0.016053 -0.0195764 -0.0214495 -0.0223097 -0.0233495 
-0.0208381 -0.0204575 -0.0188413 -0.0156478 -0.0111867 -0.00648501 -0.00283733 -0.000867361 -0.000128375 0.000223577 0.000645261 0.00125021 0.00216925 0.00342224 0.00459129 0.00499755 0.0042818 0.00273102 0.00105194 -0.000184787 -0.000997005 -0.0019542 -0.00370453 -0.00660548 -0.010642 -0.0151912 -0.0189113 -0.0207043 -0.0209134 -0.0207875 
-0.0154014 -0.0137912 -0.0117162 -0.00909879 -0.00608656 -0.0030272 -0.000375299 0.00155882 0.00274382 0.00325757 0.00316906 0.00275627 0.0025784 0.00300566 0.00374923 0.00407668 0.00350787 0.00225218 0.00101209 0.000323601 -1.10716e-05 -0.000778879 -0.00263457 -0.00572466 -0.00985929 -0.0143798 -0.0178961 -0.0191643 -0.0183991 -0.016885 
-0.0100932 -0.00723247 -0.00442727 -0.00207395 -0.000406757 0.000791351 0.00200404 0.00345825 0.00480778 0.00537797 0.00479143 0.00345471 0.00234641 0.00217085 0.0027372 0.00322818 0.00302378 0.00224889 0.00158544 0.00148598 0.00151282 0.000652099 -0.00168186 -0.00528108 -0.0096156 -0.0138988 -0.0168015 -0.0172314 -0.0155048 -0.0128727 
-0.00716757 -0.00314269 0.000694024 0.00331349 0.00413022 0.00364659 0.00315204 0.00355663 0.00453945 0.00496495 0.00408518 0.00230113 0.000790548 0.000431531 0.001099 0.00194975 0.00229442 0.0021935 0.00225474 0.00275774 0.00298974 0.00177707 -0.00128086 -0.0055311 -0.0100623 -0.0139991 -0.0162376 -0.0160435 -0.0138826 -0.0107775 
-0.00951328 -0.00446557 0.000648496 0.00418272 0.00506596 0.0037015 0.00177402 0.000840978 0.00103004 0.0012462 0.000531759 -0.000945356 -0.00215373 -0.00223382 -0.00121924 0.000156604 0.00124187 0.00202808 0.00293451 0.00395429 0.00413657 0.00233342 -0.0015239 -0.00637284 -0.0111022 -0.0149741 -0.017266 -0.017537 -0.0160994 -0.0134297 
-0.0184373 -0.0122488 -0.0055408 -0.000451432 0.001554 0.000527957 -0.00194673 -0.00392346 -0.00457597 -0.00450076 -0.00466587 -0.0052892 -0.00573472 -0.00527411 -0.00380192 -0.00183851 5.60234e-05 0.00176124 0.00340108 0.00464291 0.00444499 0.00192239 -0.00259186 -0.00782528 -0.0128085 -0.0172537 -0.0209023 -0.0232766 -0.0239486 -0.0224711 
-0.0308389 -0.0228838 -0.0142416 -0.00741611 -0.00384113 -0.00361813 -0.00557322 -0.0078547 -0.00911446 -0.00926421 -0.00903302 -0.00891994 -0.00869903 -0.00781758 -0.00606264 -0.00375661 -0.00138417 0.000797604 0.00263063 0.00358246 0.00273696 -0.00040373 -0.00522341 -0.0105085 -0.0156812 -0.0210902 -0.026966 -0.0324742 -0.0359038 -0.0355672 
-0.039815 -0.0294219 -0.0189434 -0.0111414 -0.00673259 -0.00531905 -0.00612801 -0.00798151 -0.00958789 -0.0103143 -0.0103995 -0.0102911 -0.0100043 -0.00919765 -0.00767681 -0.00565599 -0.00356247 -0.00173809 -0.000463442 -0.000219673 -0.00163678 -0.00494186 -0.00952925 -0.0144014 -0.0192974 -0.0251289 -0.0326793 -0.0407903 -0.0463361 -0.0462489 
-0.0397052 -0.0272379 -0.0158835 -0.00857329 -0.00480835 -0.00306676 -0.00275509 -0.00374581 -0.00544197 -0.00705293 -0.00824914 -0.00908789 -0.00956732 -0.00952955 -0.00889286 -0.00782734 -0.00669765 -0.00585508 -0.0055176 -0.00588234 -0.00725505 -0.00986671 -0.0134331 -0.017149 -0.0207437 -0.0254733 -0.0328612 -0.0418906 -0.0483869 -0.0479601 
-0.0314803 -0.0188127 -0.00801681 -0.00220413 9.66172e-05 0.00150308 0.00264269 0.00268509 0.00125497 -0.00115391 -0.00386949 -0.00640303 -0.00841909 -0.00973753 -0.0103471 -0.0104077 -0.0102675 -0.0103012 -0.0105965 -0.0109577 -0.0113759 -0.0122662 -0.0138214 -0.0153635 -0.0163903 -0.0183823 -0.0238269 -0.0324282 -0.0395775 -0.0397645 
-0.0228727 -0.0121729 -0.00255255 0.00246419 0.00421975 0.00560507 0.00737773 0.00835392 0.00748964 0.00469976 0.000562338 -0.00396177 -0.00790023 -0.0107232 -0.0123777 -0.0130855 -0.0132995 -0.0135134 -0.0137568 -0.013489 -0.0123779 -0.0109562 -0.00984579 -0.00856468 -0.00650947 -0.00539911 -0.00863456 -0.0168525 -0.0255497 -0.0284322 
-0.0220486 -0.0136313 -0.00385923 0.00285599 0.00629911 0.00853815 0.010558 0.0117628 0.0112402 0.00839426 0.00329387 -0.00291105 -0.00852542 -0.0124652 -0.0145859 -0.0152618 -0.0151238 -0.0148255 -0.0144711 -0.0133765 -0.0109266 -0.00756542 -0.00418473 -0.000698527 0.00324795 0.00577387 0.00314873 -0.00579319 -0.0169321 -0.0236659 
-0.0302503 -0.0217551 -0.00886196 0.00255654 0.00966773 0.0129936 0.0140069 0.0137297 0.0124159 0.00937366 0.00391429 -0.00311346 -0.00961884 -0.0140606 -0.0162133 -0.0165875 -0.015899 -0.0148585 -0.013724 -0.0119386 -0.0087851 -0.00453754 -0.000246045 0.00362233 0.00695103 0.00800052 0.00363475 -0.00704866 -0.0202966 -0.0296811 
-0.0404346 -0.0285059 -0.00965414 0.00830099 0.0194839 0.0227386 0.0204592 0.0161795 0.0122604 0.00845808 0.00321661 -0.00354918 -0.0100411 -0.0145939 -0.0168602 -0.0172905 -0.0164644 -0.0149372 -0.0130352 -0.0104991 -0.0068433 -0.00240833 0.00157501 0.00417135 0.00491201 0.00251764 -0.00493699 -0.0174807 -0.0315038 -0.0409677 
-0.0433935 -0.0263897 -0.000846979 0.0232613 0.0371293 0.0382248 0.030294 0.0198602 0.0118465 0.00678707 0.00222802 -0.00337326 -0.00921022 -0.0138464 -0.0166853 -0.0178279 -0.0175046 -0.0158909 -0.0131162 -0.00919916 -0.0042878 0.000725102 0.0043613 0.00558881 0.00392111 -0.0014927 -0.011549 -0.0253446 -0.0391036 -0.0469997 
-0.035327 -0.0147566 0.0152302 0.042908 0.0571686 0.0545698 0.0402641 0.0234571 0.0113051 0.00507331 0.00150997 -0.00248763 -0.0074174 -0.0122506 -0.0160178 -0.0182631 -0.0187757 -0.017222 -0.013244 -0.00699788 0.000425971 0.00714532 0.011445 0.0126472 0.0105019 0.00418605 -0.00688436 -0.021195 -0.0345923 -0.0412219 
-0.0192935 0.000697106 0.0305033 0.0579452 0.0707333 0.0648245 0.0460923 0.0251874 0.0104973 0.00377182 0.00129634 -0.00119936 -0.00532739 -0.0104065 -0.0150524 -0.0182438 -0.0193898 -0.0176772 -0.0121455 -0.00296175 0.00776794 0.0170193 0.0229061 0.0253722 0.0245225 0.0192803 0.00886106 -0.00500322 -0.0180356 -0.0246701 
-0.000708889 0.0135544 0.037868 0.0615392 0.0723191 0.0654335 0.046144 0.0248032 0.00984379 0.00335542 0.00173673 0.000227245 -0.00344063 -0.00874407 -0.0139292 -0.0175611 -0.0188213 -0.0165771 -0.00938619 0.0026088 0.0164468 0.0280977 0.0355457 0.0393841 0.0402275 0.0369973 0.0287759 0.0170834 0.00535498 -0.00222566 
0.0160934 0.0203516 0.0351957 0.0531898 0.0628704 0.0581492 0.0422268 0.0236319 0.00999461 0.00388683 0.00255397 0.00142069 -0.00208236 -0.00750961 -0.0128545 -0.0164413 -0.0173527 -0.0143277 -0.00569032 0.0084177 0.0244897 0.0378048 0.0462102 0.0507684 0.0527429 0.0516449 0.0468646 0.0392846 0.0302381 0.0212286 
0.0280094 0.0204515 0.0245668 0.0370234 0.0472933 0.0473258 0.0372291 0.0228527 0.0107643 0.0044423 0.00269432 0.00159288 -0.00168122 -0.00692902 -0.0120925 -0.0153696 -0.0157732 -0.0120267 -0.00242887 0.012908 0.0303519 0.0448994 0.0541597 0.0591769 0.0616703 0.0621766 0.0609145 0.0580269 0.0520612 0.041188 
0.0343865 0.0161809 0.0108243 0.0188637 0.0307422 0.0363945 0.0325731 0.0222425 0.0110056 0.00362477 0.000900078 -0.000215014 -0.00286001 -0.0073755 -0.0119682 -0.014856 -0.0149494 -0.0109385 -0.00114923 0.0144933 0.0327474 0.0487489 0.0596296 0.0656443 0.0684063 0.0695722 0.0706461 0.0713902 0.0677985 0.0549628 
0.0390377 0.0129533 0.000124623 0.00414287 0.0167916 0.0268792 0.0283381 0.0213089 0.0102997 0.00125267 -0.00296999 -0.00428915 -0.00599995 -0.00916139 -0.0126775 -0.0151146 -0.0153116 -0.0118129 -0.00287307 0.0120065 0.0304549 0.0480852 0.0613327 0.0690835 0.0724002 0.0739624 0.0767208 0.0803752 0.0788739 0.0648704 
0.0474242 0.0156252 -0.00356927 -0.00427845 0.00718778 0.0197949 0.0254732 0.0214691 0.0105923 -0.000582882 -0.00716628 -0.00946581 -0.0104325 -0.0118468 -0.0137949 -0.0156862 -0.0164298 -0.0142839 -0.00726733 0.00568985 0.0232958 0.0418211 0.0571052 0.0668114 0.0715494 0.0748343 0.0806922 0.0885079 0.0902396 0.0764901 
0.0605259 0.0238901 -0.00130087 -0.00716035 0.00217376 0.0165106 0.0262348 0.0255553 0.014986 0.0011679 -0.0089614 -0.013468 -0.0143468 -0.0140515 -0.0142737 -0.0156923 -0.0174034 -0.0172287 -0.0128088 -0.00258159 0.013033 0.0309457 0.0468443 0.0579517 0.0649158 0.0718201 0.0830705 0.0971896 0.103897 0.0917375 
0.0742566 0.0336183 0.0032359 -0.00691249 0.00104078 0.0175887 0.031645 0.0345859 0.0245554 0.00784642 -0.00670242 -0.0144779 -0.0160498 -0.0145325 -0.0134309 -0.0147671 -0.0177604 -0.0196898 -0.0177983 -0.0103189 0.00268821 0.0185504 0.0332248 0.0443028 0.0530203 0.0639362 0.0814082 0.10287 0.115796 0.106529 
0.0865238 0.0439511 0.00981838 -0.00353747 0.00369109 0.022427 0.0402921 0.0464998 0.0372069 0.017976 -0.000997079 -0.0124753 -0.0154158 -0.0135037 -0.0118584 -0.0134897 -0.0175895 -0.0210286 -0.020879 -0.0155201 -0.00514297 0.00767423 0.0192205 0.027841 0.0359474 0.0491148 0.0718948 0.100771 0.121213 0.117226 
0.104016 0.0627383 0.0257388 0.00831916 0.0129159 0.0313193 0.0504676 0.0582808 0.0494418 0.0284095 0.0058107 -0.00919706 -0.014081 -0.0127082 -0.0111201 -0.0127887 -0.0169686 -0.020659 -0.0212217 -0.0173996 -0.00964195 -0.000603998 0.00606801 0.00936695 0.0134955 0.0262799 0.0534001 0.0907333 0.121904 0.128134 
0.141513 0.104796 0.0635801 0.0375066 0.0334089 0.0453312 0.0606694 0.0669382 0.0576811 0.0357363 0.0108992 -0.00698335 -0.0141964 -0.0140477 -0.0125076 -0.0131856 -0.0159124 -0.0185976 -0.019318 -0.0170677 -0.0121899 -0.00727734 -0.00628195 -0.0100647 -0.0123423 -0.00173168 0.0299952 0.0789746 0.127175 0.151846 
0.212647 0.182123 0.131733 0.0879809 0.0650703 0.0615284 0.0667049 0.0683391 0.0585153 0.0373922 0.0124365 -0.0071133 -0.0165978 -0.0178795 -0.0159271 -0.0144845 -0.0146779 -0.0159623 -0.0171952 -0.0171289 -0.0153405 -0.0140578 -0.0178556 -0.0281045 -0.0367327 -0.0282049 0.00963864 0.0747802 0.148198 0.201409 
0.31482 0.288815 0.22143 0.149212 0.0972144 0.0706828 0.0619066 0.0586465 0.0503861 0.0331635 0.0108406 -0.00876514 -0.0200141 -0.0225683 -0.0198119 -0.0157922 -0.0134361 -0.0139228 -0.0165589 -0.0192364 -0.0202428 -0.0212823 -0.0277129 -0.041808 -0.054321 -0.0459955 -0.000229591 0.0843108 0.188722 0.277532 
0.417885 0.391997 0.302519 0.197229 0.113389 0.0636011 0.0428661 0.0381434 0.0353026 0.02544 0.00831791 -0.0098255 -0.0221355 -0.0256759 -0.0221195 -0.0159367 -0.0118071 -0.0122728 -0.0166613 -0.0217782 -0.0246613 -0.0265799 -0.0335109 -0.0484596 -0.0615922 -0.0512889 0.00247324 0.104507 0.236948 0.358113 
