0.306699 0.317752 0.277115 0.2103 0.14413 0.0936592 0.0589009 0.0299721 0.00331489 -0.0139358 -0.0184182 -0.0157776 -0.0117872 -0.00893354 -0.00871209 -0.0109404 -0.0131321 -0.0131251 -0.0110971 -0.00772181 -0.00295573 0.000436798 -0.00268645 -0.0102859 -0.0105265 0.00587262 0.0390284 0.0893324 0.160787 0.244052 
0.272501 0.285799 0.252537 0.196941 0.14253 0.10092 0.0712377 0.0440457 0.0157724 -0.00556392 -0.0143625 -0.0148215 -0.0128591 -0.0113374 -0.0116832 -0.0136828 -0.014996 -0.0135836 -0.00981313 -0.0049886 -0.000211319 0.00117495 -0.00472239 -0.013874 -0.0145217 0.000180356 0.0285013 0.0714983 0.135267 0.212469 
0.177232 0.188443 0.169889 0.139762 0.113336 0.0953507 0.0818127 0.0633286 0.0371744 0.0127083 -0.00191111 -0.0083413 -0.0113163 -0.0132486 -0.015304 -0.0175863 -0.0183664 -0.0157114 -0.00968388 -0.00192622 0.0049518 0.00633742 -0.000883301 -0.0109909 -0.0126967 -0.00208802 0.0163746 0.0426642 0.0833418 0.135249 
0.0778395 0.0859926 0.0812863 0.0755059 0.0758714 0.0808757 0.0838268 0.075548 0.0539464 0.0288454 0.0101376 -0.00139568 -0.00894746 -0.0141408 -0.0177947 -0.0204839 -0.0212407 -0.0181282 -0.0105027 0.000176956 0.010282 0.0140449 0.00828912 -0.00113493 -0.0042211 0.000734254 0.00764554 0.0155399 0.0310387 0.0554777 
0.0081043 0.0150276 0.0200194 0.028929 0.0435129 0.060057 0.0722363 0.0717005 0.0559231 0.0337253 0.01524 0.00237132 -0.00715155 -0.0140818 -0.0185883 -0.0214374 -0.0223114 -0.0194574 -0.0116986 0.000144075 0.0126088 0.019739 0.0177475 0.0108773 0.00701938 0.00678604 0.00414134 -0.00212827 -0.00545259 -0.000900842 
-0.0242021 -0.0178214 -0.0080425 0.00552515 0.0212216 0.0369091 0.0498398 0.0532822 0.0434736 0.0270912 0.0130378 0.00279348 -0.00584133 -0.0128401 -0.0173981 -0.0199714 -0.0206594 -0.0182622 -0.0116076 -0.000738319 0.0120856 0.0217648 0.0238857 0.0202841 0.0166249 0.0136345 0.00655527 -0.00617252 -0.0191343 -0.0256393 
-0.0209682 -0.0162902 -0.0066702 0.0045055 0.013034 0.0193264 0.0257294 0.028403 0.0228134 0.0130572 0.00565798 0.000521254 -0.00515734 -0.0108708 -0.0147584 -0.0165685 -0.0165574 -0.0142217 -0.00874342 0.000467431 0.0126246 0.0238871 0.0293568 0.0285538 0.0255901 0.0225552 0.0166214 0.00520276 -0.00873626 -0.0186923 
0.00731004 0.00917037 0.0145975 0.0194028 0.0174845 0.0105698 0.00591473 0.0039007 0.000263354 -0.00365118 -0.00432741 -0.00374802 -0.00556415 -0.00923381 -0.01209 -0.0129947 -0.0120333 -0.0091642 -0.00391687 0.00463089 0.0167106 0.029448 0.0376084 0.0389928 0.0369582 0.0354304 0.0333158 0.0269524 0.0173436 0.00986771 
0.0401247 0.0389239 0.0377062 0.0348554 0.0238972 0.0061442 -0.00823632 -0.0149451 -0.0175638 -0.0172999 -0.0132251 -0.00837349 -0.00682126 -0.00841308 -0.0103028 -0.0106468 -0.00906287 -0.0055069 0.000345086 0.00935264 0.0219009 0.0355169 0.045166 0.048198 0.0477143 0.0482606 0.0490429 0.0463574 0.0418758 0.040136 
0.0580818 0.0543822 0.0464094 0.0374793 0.0229151 0.00233048 -0.0148413 -0.0229818 -0.0251054 -0.0235437 -0.0182438 -0.0119216 -0.00846232 -0.00838313 -0.00941891 -0.00957394 -0.00797648 -0.00419881 0.00211995 0.0114052 0.0234496 0.0358563 0.0447207 0.0485729 0.0504334 0.0532303 0.054556 0.0519604 0.0504341 0.0544565 
0.0563144 0.0508207 0.0382375 0.0268528 0.0148597 -0.000331408 -0.0131613 -0.0196815 -0.0224316 -0.0227069 -0.0193436 -0.0139529 -0.0100679 -0.00891622 -0.00918093 -0.00926008 -0.00806299 -0.00474701 0.00108852 0.00930095 0.0190225 0.0281584 0.0345722 0.0386906 0.0431474 0.0478364 0.048144 0.0435904 0.0427817 0.0502646 
0.0446905 0.0374949 0.0228949 0.0120934 0.00540197 -0.00154428 -0.00754876 -0.0114136 -0.0151694 -0.0180753 -0.0173549 -0.0137639 -0.0105244 -0.00915638 -0.00905434 -0.00919456 -0.0085872 -0.00625649 -0.00189294 0.00399302 0.0104441 0.0161976 0.0207338 0.0255928 0.0323308 0.038102 0.0373065 0.0314306 0.0306969 0.0388673 
0.0366819 0.0279059 0.0128249 0.00298587 -0.000212244 -0.00161997 -0.00283856 -0.00462291 -0.00835144 -0.0119651 -0.0123964 -0.0103773 -0.00858843 -0.00810318 -0.0084709 -0.00905418 -0.00913302 -0.00794742 -0.00536343 -0.00188457 0.00203168 0.00618629 0.0109 0.0174563 0.0259766 0.0322972 0.0313992 0.0260736 0.0258628 0.0329917 
0.0385518 0.0289609 0.0139714 0.00382957 0.000822915 0.00085495 0.00107188 -1.49061e-05 -0.00285693 -0.00521317 -0.00527766 -0.00440455 -0.004515 -0.00578375 -0.00743113 -0.00882865 -0.00950357 -0.00909439 -0.00764232 -0.00542023 -0.00220308 0.00267682 0.00953646 0.0184412 0.0283397 0.0352227 0.0353016 0.031613 0.0319211 0.0372475 
0.0475252 0.0376545 0.0230525 0.012166 0.00787313 0.00692719 0.00602234 0.00398336 0.00157816 0.000665361 0.00133613 0.00152726 -0.000138931 -0.00314261 -0.0062174 -0.00845544 -0.0094618 -0.00916316 -0.00771995 -0.00521578 -0.000892528 0.0064742 0.0167403 0.0284294 0.0396701 0.0473295 0.048684 0.046183 0.045872 0.0485601 
0.0566248 0.0462631 0.0324635 0.021731 0.0164649 0.0136453 0.0102025 0.00607728 0.00319225 0.00291514 0.00416649 0.00447649 0.00248079 -0.00122692 -0.00508603 -0.00784389 -0.00895438 -0.00833795 -0.00614679 -0.00235944 0.00402835 0.0143999 0.02806 0.0423191 0.0548178 0.063277 0.0656412 0.063488 0.0614217 0.0605524 
0.05873 0.0481539 0.0359299 0.0263372 0.0204554 0.0155045 0.0095067 0.00365586 0.00031244 0.000300998 0.00219198 0.00351084 0.00253218 -0.000592609 -0.00433366 -0.00717523 -0.00827022 -0.00732739 -0.00436074 0.000759224 0.00895316 0.0211887 0.0362033 0.0509618 0.0633851 0.0719517 0.0749221 0.0730262 0.0694537 0.065355 
0.0502626 0.0412477 0.0316318 0.0234664 0.0168744 0.0102184 0.00318267 -0.00244448 -0.00498058 -0.00433523 -0.00174351 0.00072422 0.00113606 -0.000847298 -0.00395095 -0.00657529 -0.00763094 -0.00661634 -0.00337243 0.00232057 0.0110383 0.0228836 0.0360236 0.0479187 0.0576593 0.064594 0.0671973 0.0656982 0.0621304 0.0572041 
0.033959 0.0279754 0.0212286 0.0142942 0.00728947 0.000364957 -0.00534867 -0.00844963 -0.00876131 -0.00705335 -0.00413721 -0.00128836 -0.000137061 -0.00125492 -0.00372072 -0.00608076 -0.00719981 -0.00645774 -0.00358104 0.001625 0.00929368 0.0187006 0.0276938 0.0345829 0.0397403 0.0433179 0.0442883 0.0431238 0.0412644 0.0384713 
0.0152622 0.0109794 0.0058889 0.00012913 -0.00596532 -0.0110353 -0.0134598 -0.0128806 -0.0105796 -0.00788148 -0.00506629 -0.00246364 -0.00111979 -0.00169677 -0.00367726 -0.00588512 -0.00724662 -0.00706571 -0.00503576 -0.00113471 0.00433965 0.0102422 0.014679 0.016862 0.0178264 0.0181173 0.0174927 0.0170874 0.0177573 0.0177215 
-0.00269136 -0.00804016 -0.0127508 -0.0168555 -0.0204797 -0.0222847 -0.0210817 -0.0174473 -0.013232 -0.00970886 -0.0067377 -0.00404876 -0.00229944 -0.0022732 -0.00381348 -0.00597031 -0.00768743 -0.00818476 -0.00715503 -0.00478776 -0.00174396 0.000779289 0.00160711 0.000797568 -0.000499843 -0.00170474 -0.00244759 -0.00148376 0.000770611 0.000970705 
-0.0172102 -0.0241406 -0.0279633 -0.0296636 -0.0304792 -0.0297204 -0.0267182 -0.0221475 -0.0173267 -0.0130803 -0.00930096 -0.00582323 -0.00330012 -0.00260249 -0.00374615 -0.00587278 -0.0078942 -0.00896276 -0.00874203 -0.00748548 -0.00600421 -0.00537593 -0.0061657 -0.00787915 -0.00952234 -0.0105383 -0.0104086 -0.00870381 -0.00739307 -0.0101782 
-0.0239711 -0.0303153 -0.0316989 -0.030807 -0.0299503 -0.028913 -0.0269747 -0.0239479 -0.019961 -0.0154158 -0.0107451 -0.00642945 -0.00330826 -0.00218593 -0.00306405 -0.00512866 -0.00730217 -0.0087198 -0.00897605 -0.00816924 -0.00692361 -0.00607231 -0.00600496 -0.00651314 -0.00711152 -0.00729748 -0.00668808 -0.00593931 -0.00780832 -0.0146336 
-0.0213723 -0.0253796 -0.0242584 -0.0218243 -0.0207286 -0.0210048 -0.0216753 -0.0214008 -0.0190901 -0.0149046 -0.00997045 -0.00545048 -0.00228454 -0.00108193 -0.00179278 -0.00372395 -0.0059124 -0.007543 -0.0081521 -0.00757634 -0.00600554 -0.00387494 -0.00161327 0.000254458 0.00137213 0.00204757 0.00255407 0.00162958 -0.00323692 -0.0123333 
-0.013834 -0.016171 -0.0146601 -0.0125074 -0.011748 -0.0128391 -0.0152038 -0.0169639 -0.0161524 -0.0126868 -0.00811172 -0.00395646 -0.00110227 4.59609e-05 -0.000460757 -0.0021285 -0.00420842 -0.00602826 -0.00714426 -0.00717375 -0.00583829 -0.00311866 0.000574369 0.00413382 0.00651329 0.00782429 0.00838394 0.00693285 0.00159197 -0.00676382 
-0.0080588 -0.0104172 -0.0106579 -0.00998583 -0.00930893 -0.00972834 -0.011788 -0.0139364 -0.0138034 -0.0109493 -0.00690321 -0.00321476 -0.000638116 0.000550195 0.00036324 -0.000903457 -0.00275317 -0.00473045 -0.00648852 -0.00752509 -0.00722436 -0.00524449 -0.00193343 0.0014716 0.0038172 0.00522511 0.00613956 0.00564177 0.00232202 -0.00316985 
-0.00706172 -0.00985152 -0.0119162 -0.0125459 -0.0117206 -0.0109499 -0.011689 -0.0130439 -0.0127724 -0.0102145 -0.00661917 -0.00330715 -0.000871498 0.000475252 0.000684122 -0.00011422 -0.00164292 -0.00365092 -0.0058981 -0.007858 -0.00879092 -0.00827903 -0.00665418 -0.00490983 -0.00376637 -0.00290202 -0.00182423 -0.00109965 -0.00181961 -0.00411221 
-0.00877818 -0.0110126 -0.0133164 -0.0142375 -0.0134435 -0.0122891 -0.0121582 -0.0125152 -0.0116988 -0.00924794 -0.00612753 -0.00326717 -0.00101928 0.000458997 0.00103236 0.0006813 -0.000478182 -0.00231815 -0.00466664 -0.0070657 -0.00887214 -0.00978741 -0.0101218 -0.0104313 -0.0108238 -0.0107767 -0.00990432 -0.00859792 -0.00765066 -0.00762107 
-0.00965892 -0.010461 -0.0115834 -0.0118967 -0.0113146 -0.0106913 -0.0105648 -0.0103409 -0.0091022 -0.00688978 -0.00447528 -0.00232831 -0.000490892 0.000945014 0.00173905 0.00171972 0.000880909 -0.00069987 -0.00287278 -0.00529152 -0.00752191 -0.00943568 -0.0112506 -0.0130801 -0.0145852 -0.0151702 -0.0145751 -0.0131262 -0.0114119 -0.0100411 
-0.00839231 -0.0077344 -0.00736615 -0.00674092 -0.00617763 -0.00611759 -0.00628967 -0.00595444 -0.00476942 -0.00317136 -0.0017493 -0.000563607 0.000628088 0.00179872 0.00260989 0.0027406 0.0020653 0.000619288 -0.00144773 -0.00384588 -0.00626781 -0.00867044 -0.0111731 -0.0136541 -0.0156501 -0.016585 -0.0161454 -0.014514 -0.0122297 -0.00996172 
-0.00648741 -0.00476276 -0.00330156 -0.00183304 -0.000841201 -0.000628588 -0.000708121 -0.000422793 0.000295065 0.000971917 0.00128348 0.00146296 0.00192482 0.00268862 0.00335459 0.00348138 0.00282485 0.0013411 -0.000849698 -0.00344015 -0.00606556 -0.00860385 -0.0111172 -0.0135368 -0.0155761 -0.0167383 -0.0164981 -0.0147453 -0.0119659 -0.00896219 
-0.00610068 -0.0036312 -0.00145136 0.00071609 0.00253009 0.00364443 0.00423162 0.004633 0.00484898 0.00462407 0.0039593 0.00330105 0.00313629 0.00349699 0.00395524 0.00400263 0.00331367 0.0017524 -0.000638053 -0.00353409 -0.00643348 -0.00903508 -0.0113317 -0.0134037 -0.0152538 -0.0165684 -0.0167181 -0.0152869 -0.0125227 -0.00918557 
-0.00781072 -0.00480343 -0.00202157 0.000834608 0.00364641 0.00596612 0.0075098 0.00828001 0.00827808 0.00747113 0.00613047 0.0048791 0.00425518 0.00428699 0.00453351 0.00446885 0.00374352 0.00215968 -0.000328533 -0.00343064 -0.00658573 -0.00937227 -0.0116701 -0.0135554 -0.015184 -0.0165003 -0.0170543 -0.0163189 -0.0141906 -0.011114 
-0.0108408 -0.00747136 -0.0040944 -0.000476054 0.00333952 0.00677175 0.00923041 0.010522 0.0106321 0.00962668 0.00793255 0.00630301 0.00533662 0.00507977 0.00509934 0.00488197 0.00408907 0.00249414 -1.66553e-05 -0.00321634 -0.00659463 -0.00973173 -0.0123874 -0.0144501 -0.0160095 -0.0172061 -0.017933 -0.0178091 -0.0165011 -0.0140365 
-0.0141816 -0.0106113 -0.00667372 -0.00220821 0.00259973 0.00694968 0.0101282 0.0119083 0.0122434 0.0112351 0.00940818 0.00756729 0.00633111 0.0057887 0.00554651 0.00511573 0.00417563 0.00249047 -9.74894e-05 -0.00342511 -0.00706351 -0.010643 -0.0138395 -0.0163237 -0.0180055 -0.0190783 -0.0197175 -0.0198189 -0.0190536 -0.0171466 
-0.0165095 -0.0129999 -0.00871256 -0.00343446 0.0023467 0.00745114 0.0110838 0.0130845 0.0134337 0.0123345 0.0104333 0.00850307 0.00708822 0.00629687 0.00578418 0.00509342 0.00393442 0.00207881 -0.000667096 -0.00419471 -0.00811394 -0.0120647 -0.0156836 -0.0185164 -0.0203153 -0.021231 -0.0215745 -0.0214887 -0.0208148 -0.0191994 
-0.0162512 -0.0133003 -0.00924346 -0.00355742 0.00296672 0.00863994 0.012495 0.0144256 0.0144893 0.0130706 0.0109962 0.00900539 0.00750237 0.00653975 0.00578943 0.00484119 0.00346348 0.00144049 -0.00146985 -0.00519827 -0.00932582 -0.0134398 -0.0171686 -0.0200348 -0.0216899 -0.0222003 -0.0219211 -0.0212047 -0.0201539 -0.0185486 
-0.0126598 -0.0109442 -0.0080682 -0.00286641 0.00380787 0.00981861 0.0139005 0.0158194 0.0155971 0.0137523 0.0113409 0.00919076 0.00760504 0.00651055 0.00555092 0.00438011 0.00284028 0.000708157 -0.00232996 -0.00622584 -0.0104731 -0.0145585 -0.0181168 -0.0207119 -0.0219072 -0.0215961 -0.0201352 -0.0181807 -0.0162381 -0.0143818 
-0.00663583 -0.00685329 -0.00615697 -0.00256653 0.0033883 0.00945733 0.0140233 0.0164089 0.0163191 0.014254 0.0115072 0.00913761 0.00744247 0.00620852 0.00504224 0.0036832 0.00204289 -0.000131344 -0.00323839 -0.00726312 -0.0116159 -0.0156461 -0.0189249 -0.0210303 -0.021445 -0.0198534 -0.0166153 -0.0128341 -0.00960937 -0.00744741 
0.000104918 -0.00262582 -0.0047418 -0.00366302 0.000617514 0.00622508 0.0113837 0.0147647 0.0154441 0.0137078 0.0110191 0.0086704 0.00698764 0.00566747 0.00433478 0.00284597 0.00118101 -0.000932398 -0.0039674 -0.00800404 -0.0124746 -0.016566 -0.0195617 -0.0208596 -0.0199473 -0.0165611 -0.0112339 -0.00553931 -0.00119034 0.000825734 
0.00717723 0.00163784 -0.00346381 -0.00539431 -0.00373312 0.000428588 0.00564953 0.0100967 0.0120458 0.0113412 0.00941686 0.0076245 0.00627161 0.0050465 0.00367701 0.00217257 0.000600279 -0.00129614 -0.00403113 -0.00783189 -0.0122726 -0.0163745 -0.0189145 -0.0189192 -0.0160395 -0.0104992 -0.00325288 0.00384001 0.00872469 0.00998302 
0.0153782 0.00713173 -0.000961288 -0.00617608 -0.00783532 -0.00609842 -0.00167652 0.00340213 0.00667638 0.00742509 0.00683214 0.00610441 0.00545342 0.00458006 0.00334475 0.00193915 0.000555067 -0.0010083 -0.00325468 -0.00651267 -0.0104978 -0.014111 -0.015704 -0.01405 -0.00912835 -0.00181866 0.00657383 0.014343 0.0194899 0.0200954 
0.0228511 0.0123097 0.0013429 -0.00690667 -0.0114418 -0.0118028 -0.00822525 -0.00287484 0.00132629 0.00330449 0.00403624 0.00452342 0.00476865 0.00438917 0.00336124 0.00208653 0.00089604 -0.00035246 -0.00210667 -0.0046656 -0.00776082 -0.0102808 -0.0105516 -0.00747388 -0.00141511 0.00633231 0.0145728 0.0223019 0.0278702 0.0286336 
0.024104 0.0119195 -0.00115154 -0.0108705 -0.0159176 -0.0161194 -0.0121292 -0.00640764 -0.00187458 0.000608546 0.00215259 0.0035962 0.00456345 0.00447645 0.00348756 0.00225975 0.0012075 0.000166419 -0.00127923 -0.00331037 -0.0055592 -0.00703272 -0.0064419 -0.0030739 0.00250914 0.0090561 0.0158844 0.0228798 0.0287786 0.0301856 
0.0165771 0.00364935 -0.0101037 -0.0189675 -0.0215064 -0.0188528 -0.0129564 -0.00660939 -0.00219483 0.000159508 0.00195128 0.00387734 0.00510819 0.00487504 0.00360523 0.0022465 0.00121441 0.000237855 -0.00112979 -0.00298889 -0.00489277 -0.00606405 -0.00574745 -0.0035697 5.92068e-05 0.00430954 0.00907236 0.0148438 0.0206029 0.0225126 
0.00510689 -0.00779315 -0.0211792 -0.027929 -0.0266597 -0.0202029 -0.01203 -0.005036 -0.000758459 0.001373 0.00305467 0.00492053 0.00596274 0.00534343 0.00366698 0.00202421 0.000792968 -0.000338834 -0.00179926 -0.00365853 -0.0054878 -0.00674887 -0.00712731 -0.00647703 -0.0050168 -0.00319929 -0.000713239 0.00338854 0.00844892 0.0105951 
-0.00476317 -0.0173193 -0.0298782 -0.034482 -0.030035 -0.0207963 -0.0112384 -0.00392024 0.000436456 0.0025743 0.003965 0.00535502 0.00600461 0.00511826 0.00321763 0.00129054 -0.000338787 -0.00187289 -0.00353695 -0.00525225 -0.00657619 -0.00717221 -0.00709239 -0.0065215 -0.00591192 -0.00585192 -0.00588235 -0.0044214 -0.00117575 0.000465817 
-0.0133754 -0.0252739 -0.0361781 -0.0384838 -0.0317955 -0.0212147 -0.0114315 -0.00436168 -0.000124695 0.00193408 0.00303382 0.00407102 0.00454142 0.00363164 0.00171726 -0.00037009 -0.00238737 -0.00441247 -0.00633341 -0.00768338 -0.00783258 -0.00663547 -0.00461016 -0.00246839 -0.00123906 -0.00206509 -0.00466913 -0.0068795 -0.007089 -0.00756286 
-0.0224811 -0.0331702 -0.0413423 -0.0410429 -0.032652 -0.0213879 -0.0117944 -0.00546237 -0.00219353 -0.000970637 -0.000212493 0.0009718 0.00172254 0.000993802 -0.000825499 -0.00290749 -0.00509553 -0.00745115 -0.00957053 -0.0105112 -0.00936883 -0.00620947 -0.00206939 0.00184595 0.00403789 0.00290544 -0.00152881 -0.0069915 -0.0112319 -0.0152199 
-0.028706 -0.0379544 -0.0432675 -0.0407021 -0.0309829 -0.0190192 -0.00942925 -0.00412994 -0.00286435 -0.00368238 -0.00395907 -0.0028034 -0.00177339 -0.00229299 -0.00394878 -0.0058822 -0.00798375 -0.010341 -0.0124279 -0.0130162 -0.0109994 -0.00653516 -0.000933707 0.00428088 0.00724094 0.00617526 0.00123146 -0.00554597 -0.0124833 -0.0198399 
-0.0259221 -0.0339337 -0.0373551 -0.0334027 -0.0229134 -0.0107407 -0.00159518 0.00234234 0.00122357 -0.00232254 -0.00470507 -0.00477777 -0.00438408 -0.0051672 -0.00684028 -0.0086522 -0.0105154 -0.0125325 -0.0142457 -0.014414 -0.0117851 -0.00632761 0.000724773 0.00753251 0.0116051 0.0110209 0.00648183 6.716e-05 -0.00749294 -0.016413 
-0.0137351 -0.0206032 -0.0232442 -0.0190421 -0.00921943 0.00130164 0.00875287 0.011567 0.0093832 0.00421591 -0.000370761 -0.0028098 -0.00435245 -0.00631521 -0.0085305 -0.010469 -0.0121083 -0.0136107 -0.0147116 -0.0142892 -0.0109273 -0.0042255 0.00480193 0.0139254 0.0197893 0.0200487 0.0158893 0.00997322 0.00301 -0.00524134 
6.96925e-05 -0.0055451 -0.00815281 -0.00531282 0.00131309 0.00783216 0.0130288 0.0164276 0.0162372 0.0123128 0.00699676 0.00223083 -0.001832 -0.00553928 -0.00871394 -0.0110912 -0.0127294 -0.0138433 -0.0143447 -0.0132499 -0.00904039 -0.00100348 0.01007 0.0216417 0.0295029 0.030577 0.026117 0.0196927 0.0131227 0.00651459 
0.00814193 0.00398458 0.000941773 0.000362342 0.00100568 0.00199433 0.00546129 0.0114256 0.0158866 0.015913 0.0120964 0.00655706 0.00097143 -0.0039279 -0.0079326 -0.010955 -0.0129625 -0.0140432 -0.0141591 -0.0125128 -0.00768472 0.0012304 0.0137548 0.027234 0.036712 0.0382843 0.0330358 0.025314 0.0182355 0.0126432 
0.010403 0.00820073 0.00471548 -0.000879197 -0.0080829 -0.0132126 -0.0112848 -0.00279234 0.00620724 0.0107762 0.010216 0.00647635 0.00180467 -0.00271067 -0.00689372 -0.0105241 -0.0131548 -0.0145165 -0.0145156 -0.0126206 -0.0076756 0.00137133 0.0144292 0.0288869 0.0393464 0.0414023 0.0359262 0.0273314 0.019215 0.0134666 
0.0113475 0.011399 0.00775099 -0.00324961 -0.0185874 -0.0296909 -0.0298058 -0.0206362 -0.00954278 -0.00196712 0.00118004 0.00135243 -3.21885e-05 -0.00256698 -0.0061749 -0.0101588 -0.0133901 -0.0151 -0.015107 -0.0131769 -0.00842639 0.000263773 0.0129365 0.0270194 0.0374521 0.040381 0.0365032 0.0289303 0.0202699 0.0135742 
0.0164333 0.0182143 0.0140686 -0.00234102 -0.0253071 -0.0417504 -0.0439568 -0.0353877 -0.0244471 -0.0159795 -0.0100876 -0.00582094 -0.00331033 -0.00336347 -0.00608903 -0.0102332 -0.0139068 -0.0157771 -0.0155555 -0.0132912 -0.00836773 0.000165973 0.0119324 0.0241654 0.0331202 0.0371592 0.0371769 0.0334426 0.0258734 0.018374 
0.0290437 0.0322566 0.0271335 0.00534255 -0.0248498 -0.0462077 -0.0501033 -0.0421701 -0.0323555 -0.0246554 -0.017843 -0.0111861 -0.0060927 -0.00439116 -0.0064736 -0.0107567 -0.0147041 -0.0163902 -0.0153442 -0.0118469 -0.00562832 0.00372999 0.0148051 0.0242198 0.0301403 0.0346192 0.0394856 0.0414925 0.0369584 0.0301158 
0.0465258 0.052107 0.0469638 0.0216423 -0.0138855 -0.0392122 -0.0447039 -0.0380063 -0.0306973 -0.0257606 -0.0203985 -0.0137693 -0.00798357 -0.00549944 -0.00714144 -0.0114089 -0.0153716 -0.016504 -0.0140022 -0.00822575 0.000711059 0.0122814 0.0233434 0.0294295 0.0307672 0.033772 0.0418919 0.0490481 0.0486086 0.0447338 
0.0613424 0.069957 0.0672471 0.0436868 0.00904878 -0.0160497 -0.0225273 -0.0195636 -0.0186763 -0.020363 -0.0196705 -0.0154687 -0.0104028 -0.00752559 -0.00837585 -0.0120253 -0.0155055 -0.0157458 -0.01146 -0.00287137 0.00962348 0.0243093 0.035877 0.0385594 0.0345288 0.0341364 0.042494 0.052205 0.0553857 0.0556876 
0.0673583 0.077875 0.080372 0.065957 0.0417021 0.0240598 0.0182182 0.0138573 0.0028105 -0.0102277 -0.0174744 -0.017746 -0.0144285 -0.0112749 -0.0107438 -0.012884 -0.0151318 -0.0141235 -0.00809451 0.00298663 0.0185481 0.0358178 0.0477093 0.0477085 0.0395897 0.0359298 0.0425181 0.0520763 0.0570761 0.0600162 
0.0651978 0.0756551 0.0845705 0.0835851 0.0754531 0.06978 0.0657603 0.0525082 0.0274805 0.00175906 -0.0143972 -0.020221 -0.019683 -0.016801 -0.0147679 -0.0148131 -0.0152237 -0.0127617 -0.0053441 0.00728555 0.0243144 0.0422224 0.0533095 0.0516431 0.0422983 0.0378206 0.043056 0.0514763 0.05668 0.059565 
0.0608379 0.0694792 0.0823166 0.0914042 0.0959198 0.0998884 0.0980212 0.079499 0.0459665 0.0123712 -0.0101252 -0.0211863 -0.0243909 -0.0229073 -0.0200786 -0.0183116 -0.0170425 -0.0134992 -0.0054447 0.00757298 0.0244079 0.0409708 0.0499288 0.0471549 0.0390459 0.0367428 0.0429213 0.051415 0.0567781 0.0584674 
0.058753 0.0641542 0.0758671 0.0867458 0.0949 0.102414 0.102889 0.0857678 0.0532501 0.0199832 -0.0038662 -0.0182593 -0.0254075 -0.0265363 -0.0243376 -0.022012 -0.0201021 -0.016474 -0.00890466 0.00333031 0.018965 0.0334158 0.0397867 0.0360294 0.0301423 0.0319518 0.0416132 0.0522641 0.0586425 0.0594148 
0.0640578 0.0659218 0.0721033 0.0771298 0.0808083 0.0862952 0.0880433 0.0755621 0.0497548 0.0229437 0.00289482 -0.0113492 -0.0208491 -0.0247614 -0.0245262 -0.0232664 -0.0220558 -0.0193869 -0.0133394 -0.0029109 0.0109883 0.0235164 0.0277301 0.0230682 0.0192799 0.0257115 0.0403886 0.0550578 0.064086 0.0658314 
0.0929906 0.0928374 0.0891898 0.0808349 0.072416 0.0698586 0.0685634 0.0578061 0.0375841 0.018344 0.00507471 -0.00516058 -0.0135506 -0.0183759 -0.0200595 -0.0207866 -0.0211683 -0.0199814 -0.0158877 -0.00787759 0.00380766 0.0145838 0.0172856 0.0120233 0.00988843 0.0204253 0.0407422 0.0621386 0.0791965 0.0894006 
0.16295 0.163959 0.145351 0.114707 0.0850233 0.0661819 0.0547566 0.0398112 0.0205089 0.00591856 -0.000993252 -0.00509043 -0.00891257 -0.0116254 -0.0136197 -0.0159159 -0.0178712 -0.0180035 -0.0155938 -0.0100169 -0.000945075 0.00778493 0.00916871 0.00354261 0.00259193 0.0163323 0.0427169 0.0750564 0.109924 0.142412 
0.255193 0.260793 0.22653 0.171119 0.116827 0.0774785 0.0516013 0.0285866 0.00611205 -0.00814197 -0.011805 -0.0106956 -0.00918262 -0.00829215 -0.00907161 -0.0117224 -0.0143487 -0.0149882 -0.0134174 -0.00962832 -0.00313295 0.00302471 0.00255772 -0.0037461 -0.00407479 0.0117942 0.0435278 0.0883198 0.146433 0.209846 
