0.338348 0.245824 0.147562 0.0657043 0.0108766 -0.0135807 -0.0115496 0.00490235 0.0203947 0.0248748 0.0177204 0.00474502 -0.00744663 -0.0151185 -0.0179348 -0.017807 -0.0171938 -0.0170904 -0.0160041 -0.0113631 -0.00223119 0.00955942 0.0218517 0.0371233 0.0655167 0.120871 0.207877 0.307854 0.380959 0.392247 
0.252464 0.174773 0.0954631 0.029463 -0.0152736 -0.0342795 -0.0289933 -0.00948901 0.00967237 0.0181036 0.0144032 0.00391198 -0.00677356 -0.0136924 -0.0162455 -0.0161377 -0.0157476 -0.0160569 -0.015394 -0.0107704 -0.000926635 0.0121861 0.0258862 0.0418273 0.0684801 0.116267 0.186117 0.260248 0.30748 0.304258 
0.145358 0.0969921 0.05035 0.00937574 -0.0222448 -0.0378699 -0.0337157 -0.014972 0.00601926 0.0179352 0.0172028 0.00799867 -0.00289697 -0.0109222 -0.0150312 -0.0165978 -0.0176986 -0.0190523 -0.018737 -0.0135681 -0.00242043 0.0119777 0.0256754 0.0390845 0.0590938 0.0928858 0.138009 0.179364 0.197854 0.184186 
0.0728232 0.0563666 0.041337 0.0217163 -0.00204662 -0.0201376 -0.0225742 -0.00893622 0.0108208 0.024039 0.0244547 0.0148707 0.00230759 -0.00800795 -0.0145804 -0.0184222 -0.0212204 -0.0234161 -0.0230504 -0.0170817 -0.00469062 0.0106747 0.0238625 0.0340596 0.0468594 0.0672477 0.0910789 0.106908 0.106548 0.0920475 
0.0500181 0.0559604 0.0605228 0.0517549 0.0289029 0.0046723 -0.00638507 0.000160317 0.0162104 0.0283749 0.0285312 0.0183312 0.00462253 -0.0072318 -0.0155253 -0.0208545 -0.0244084 -0.0264594 -0.0254135 -0.0187403 -0.00574937 0.0102133 0.0236542 0.0327393 0.0416943 0.05422 0.066112 0.0691767 0.0619462 0.0524158 
0.0565579 0.0701178 0.0801142 0.0729613 0.0480316 0.0191686 0.00223245 0.00305279 0.0148725 0.0248869 0.0246213 0.0149767 0.00205138 -0.00933944 -0.017563 -0.022767 -0.0255839 -0.0262343 -0.0237612 -0.0163142 -0.00306575 0.0135317 0.0284807 0.0391107 0.04806 0.0582315 0.0662397 0.0659294 0.0581121 0.0520877 
0.0637073 0.072784 0.0789797 0.0700705 0.0454603 0.017448 -6.60976e-05 -0.00182128 0.00678451 0.0148614 0.0148016 0.00701601 -0.00350775 -0.0128066 -0.0193958 -0.0229986 -0.0237611 -0.0219091 -0.0171093 -0.00820023 0.0056862 0.02302 0.0396369 0.0523939 0.0624783 0.0722077 0.0792586 0.0785662 0.0704284 0.0627498 
0.0576408 0.0575403 0.0580522 0.0495402 0.0302364 0.00845265 -0.00568011 -0.00792939 -0.00177006 0.004719 0.00529293 -0.00021384 -0.00809736 -0.0151438 -0.0198294 -0.0214394 -0.0197353 -0.0149352 -0.00718362 0.00390898 0.0186766 0.0359115 0.0523994 0.0652869 0.0749015 0.0830767 0.0885274 0.0870325 0.0774194 0.0650437 
0.0449528 0.0380655 0.0358755 0.0312485 0.0202045 0.00618889 -0.00431258 -0.00745359 -0.00426873 0.000231761 0.00110264 -0.00268965 -0.00886424 -0.0147792 -0.018618 -0.0191393 -0.0157667 -0.00870798 0.00148708 0.014262 0.0288024 0.0436824 0.0569308 0.0670126 0.0742229 0.0800113 0.0839197 0.0825336 0.0732071 0.0584082 
0.0397663 0.0314606 0.0295788 0.0291717 0.0245949 0.0156279 0.00638697 0.00087177 0.000172247 0.00186931 0.00215201 -0.000873544 -0.00636837 -0.0122842 -0.0164835 -0.017168 -0.0134515 -0.00557583 0.00549376 0.0181747 0.0302694 0.0400183 0.0471399 0.0523829 0.056816 0.0615432 0.0663823 0.0684446 0.0639891 0.0527748 
0.0481515 0.0425656 0.0414105 0.0418135 0.0385195 0.0301747 0.0199328 0.0116958 0.00732284 0.00587222 0.00468149 0.00163983 -0.00352287 -0.00953606 -0.0142685 -0.0155579 -0.0122773 -0.00472092 0.00576873 0.0167084 0.0246935 0.0277945 0.0276782 0.0278876 0.0307609 0.0368947 0.0455331 0.0538598 0.0577354 0.0550279 
0.0628084 0.0615883 0.0604071 0.0579953 0.0513341 0.0403862 0.0285568 0.0190964 0.012916 0.00909996 0.0060814 0.00250099 -0.00225274 -0.00770623 -0.0122218 -0.0136908 -0.0108731 -0.00405836 0.00517348 0.0137605 0.0175819 0.0147726 0.0086571 0.00518911 0.00789351 0.0166867 0.0296587 0.0437972 0.055379 0.0616819 
0.0702399 0.0737979 0.0730377 0.067143 0.0556407 0.0412043 0.0286014 0.02038 0.0153361 0.0111583 0.00684304 0.00243194 -0.00205815 -0.00658395 -0.0103042 -0.0115893 -0.00922672 -0.00340653 0.0042399 0.0104921 0.0111713 0.00468142 -0.00486658 -0.0104519 -0.00801612 0.00189198 0.0166374 0.0333658 0.049314 0.0620745 
0.0635906 0.0719366 0.0731674 0.0657432 0.050726 0.0335958 0.0212542 0.0161431 0.0148037 0.0126093 0.00821633 0.00304979 -0.00158372 -0.00555455 -0.00876436 -0.0102087 -0.00876076 -0.00444418 0.00120886 0.00516977 0.00374449 -0.00428055 -0.0149951 -0.0219056 -0.0212459 -0.0134498 -0.000575206 0.0155708 0.0331919 0.0500036 
0.0481367 0.0603255 0.0644794 0.0578744 0.0417027 0.023198 0.0113638 0.00936126 0.0123488 0.0134154 0.0101546 0.00476645 -0.000218157 -0.00431545 -0.00783087 -0.0101488 -0.0101727 -0.00778338 -0.00436557 -0.0025737 -0.0053754 -0.0136053 -0.0241465 -0.032 -0.0342071 -0.0305742 -0.0214544 -0.00698537 0.0114898 0.0309504 
0.0347415 0.0488432 0.0554072 0.0508136 0.0353437 0.0164193 0.00432862 0.00354065 0.00924012 0.0131863 0.0117217 0.00693383 0.00186597 -0.00270382 -0.00705342 -0.0105473 -0.0120459 -0.0114055 -0.00989052 -0.00969417 -0.0130455 -0.0205387 -0.0300485 -0.0382487 -0.0430496 -0.0434281 -0.0377004 -0.0243814 -0.00500046 0.0160256 
0.0297609 0.0440292 0.0517494 0.0490406 0.0349997 0.0160573 0.00270787 0.000767393 0.00662309 0.0120003 0.0123051 0.00879172 0.00419557 -0.000598052 -0.00554733 -0.00976003 -0.0120891 -0.0124961 -0.0121231 -0.0126158 -0.0155342 -0.0214399 -0.0292222 -0.037013 -0.0434571 -0.046811 -0.043592 -0.0309475 -0.0107876 0.010984 
0.0309352 0.0446991 0.0527257 0.0514276 0.0390557 0.020627 0.00598022 0.00177864 0.00600128 0.011283 0.0126663 0.010402 0.00654436 0.00198628 -0.00287794 -0.00698768 -0.00935127 -0.0101126 -0.010257 -0.0108628 -0.0129148 -0.0170031 -0.0228264 -0.0296199 -0.0367067 -0.0420609 -0.0409943 -0.0294647 -0.00932738 0.0125612 
0.0314317 0.0449012 0.0533456 0.0535456 0.0433051 0.0263915 0.0116458 0.00591737 0.00837681 0.0127708 0.0142677 0.0124809 0.00898976 0.0047702 0.00043955 -0.00303292 -0.0049835 -0.00574719 -0.00615737 -0.00687049 -0.00844062 -0.0113419 -0.0156163 -0.0211413 -0.0278759 -0.0341193 -0.034944 -0.0255706 -0.00714011 0.0136903 
0.0267716 0.040202 0.0496056 0.0516014 0.043704 0.0289846 0.0155339 0.00991992 0.0117289 0.015437 0.0165523 0.0145544 0.0109619 0.00694723 0.00320054 0.000410089 -0.00111779 -0.00180348 -0.00231895 -0.00311516 -0.00453829 -0.00685896 -0.010058 -0.0141801 -0.019594 -0.0253615 -0.02748 -0.0213794 -0.00706117 0.0105324 
0.0177716 0.0306682 0.0409644 0.0444457 0.038356 0.0256802 0.0141567 0.00978281 0.011961 0.0155723 0.0165669 0.0145581 0.0111255 0.00754591 0.00443421 0.00217581 0.000876234 0.000265424 -4.4331e-05 -0.000407663 -0.00121552 -0.00271383 -0.00475499 -0.00720542 -0.0104537 -0.0144524 -0.0170843 -0.0150516 -0.00715622 0.00464005 
0.00815748 0.0191487 0.0292332 0.0332536 0.0282618 0.0173415 0.00778952 0.00472748 0.0072934 0.0109993 0.0124564 0.0113616 0.00905071 0.00657429 0.00433732 0.00252931 0.00129179 0.00073316 0.000897953 0.00155156 0.00209977 0.00203297 0.00145826 0.000847923 0.000151611 -0.00131943 -0.00366558 -0.00549792 -0.00478398 -0.000254448 
0.000827035 0.00837413 0.0165589 0.0199749 0.0157643 0.00679876 -0.000702184 -0.00280521 -0.000339576 0.00334851 0.00574145 0.00641789 0.00607906 0.00525642 0.00410039 0.00275409 0.00154929 0.000998679 0.00155295 0.0031405 0.0050067 0.00629935 0.00694809 0.00772587 0.00907185 0.00996038 0.00857895 0.00446217 -0.000299629 -0.00226897 
-0.00316017 0.000212226 0.00508751 0.00691395 0.00336568 -0.0033197 -0.00860768 -0.00984582 -0.00755368 -0.00379179 -0.000302718 0.00224435 0.00387588 0.00464105 0.00452379 0.00371337 0.00270848 0.00221589 0.00284766 0.00465002 0.00688886 0.008583 0.00951872 0.0105867 0.012618 0.0147539 0.0145787 0.0104501 0.00369188 -0.00192641 
-0.00371202 -0.00393301 -0.00266381 -0.0027579 -0.0057308 -0.010214 -0.0134511 -0.0138179 -0.0114559 -0.00750967 -0.00331639 0.000254182 0.00291484 0.00457085 0.00519216 0.00499975 0.00450382 0.00432736 0.00494605 0.00637658 0.00801004 0.00899968 0.00913347 0.00925446 0.01038 0.0122106 0.0128788 0.0105343 0.00531525 -0.000350873 
-0.00234418 -0.00461242 -0.00582336 -0.00708289 -0.00929106 -0.0119585 -0.0136873 -0.0134489 -0.0110875 -0.00728693 -0.00324477 0.000136104 0.00264123 0.00433894 0.00528918 0.00568126 0.00589842 0.00633472 0.00718028 0.00826839 0.00903437 0.00882596 0.00754333 0.00595363 0.00511476 0.00540284 0.00615137 0.00608413 0.00426255 0.00100094 
-0.00253689 -0.00531759 -0.007168 -0.00818146 -0.00919063 -0.0104155 -0.0111796 -0.0106895 -0.0086454 -0.00549095 -0.00223644 0.000342583 0.00217628 0.00350642 0.00448904 0.0052713 0.00610536 0.0072057 0.00853042 0.00968046 0.00998153 0.0088452 0.00628405 0.0030488 0.000176542 -0.00146476 -0.00140876 -0.000123112 0.000815647 -2.43865e-05 
-0.00683426 -0.00938952 -0.0105958 -0.0104379 -0.0100985 -0.0102202 -0.0103161 -0.00964813 -0.00793327 -0.00543395 -0.0028208 -0.000696424 0.00082512 0.00195917 0.00291228 0.00385323 0.00501123 0.0065662 0.00838967 0.00991229 0.0102856 0.00885724 0.00568313 0.00152095 -0.00265804 -0.00582241 -0.00691316 -0.00585552 -0.00438124 -0.00460926 
-0.014261 -0.0166533 -0.0170977 -0.0159203 -0.0146185 -0.0139575 -0.0134271 -0.0123436 -0.0105312 -0.0081172 -0.00545227 -0.00305254 -0.00123468 5.96444e-05 0.00106197 0.00202554 0.00324945 0.00497347 0.00708258 0.00893697 0.00958397 0.00831449 0.00517689 0.000884782 -0.00371644 -0.00768896 -0.00991622 -0.0101855 -0.0100778 -0.0114542 
-0.0216617 -0.0241301 -0.0243227 -0.022832 -0.0211083 -0.0198219 -0.0185336 -0.0167472 -0.0143877 -0.0114872 -0.00825948 -0.00525728 -0.0029623 -0.00140786 -0.000325853 0.000613017 0.00176277 0.00340282 0.005447 0.00727002 0.00794728 0.00681515 0.00391669 -0.000129692 -0.00461994 -0.00878472 -0.0117247 -0.013366 -0.0150597 -0.0180291 
-0.0262891 -0.0285784 -0.0287624 -0.027451 -0.0256806 -0.0238843 -0.0218448 -0.0193784 -0.0164528 -0.0130138 -0.00930854 -0.00599061 -0.00355661 -0.00197632 -0.000921645 -5.11358e-05 0.000951176 0.00232196 0.00397969 0.00536344 0.0056673 0.00434965 0.00147403 -0.0024214 -0.00669872 -0.0106911 -0.0137792 -0.0161206 -0.0188287 -0.022529 
-0.0269412 -0.0282668 -0.028168 -0.0271442 -0.0256522 -0.0237716 -0.0214589 -0.0187937 -0.0157309 -0.0121533 -0.00842264 -0.00529403 -0.0031803 -0.00189784 -0.00104374 -0.000311583 0.000506337 0.00154706 0.00270934 0.00350207 0.00325333 0.00155181 -0.00151119 -0.00544243 -0.00959048 -0.0133115 -0.0162148 -0.0185951 -0.0212321 -0.0242963 
-0.0245135 -0.0242269 -0.0234718 -0.0226715 -0.0217782 -0.0204718 -0.0186478 -0.0164179 -0.0136916 -0.0103736 -0.00696237 -0.00428304 -0.00267095 -0.00182178 -0.00126688 -0.000722119 -7.08411e-05 0.000726152 0.00152275 0.00187369 0.00123741 -0.000681924 -0.00380859 -0.0077372 -0.0118204 -0.0154029 -0.0181871 -0.0203914 -0.0223366 -0.0238643 
-0.0216318 -0.0197814 -0.0182937 -0.0175951 -0.017366 -0.0169844 -0.0160878 -0.0145826 -0.0123311 -0.00936697 -0.00631282 -0.00400774 -0.00276443 -0.00226255 -0.00199964 -0.00165762 -0.00112805 -0.000435895 0.000196666 0.000343434 -0.000392173 -0.00219957 -0.00509942 -0.00887871 -0.0129577 -0.0166348 -0.0195451 -0.0216764 -0.0229125 -0.0229055 
-0.0199863 -0.0172437 -0.0153091 -0.0145947 -0.0147242 -0.0149705 -0.0147374 -0.0136969 -0.0117188 -0.00900875 -0.00624335 -0.00420257 -0.00321011 -0.00300654 -0.00307439 -0.00300634 -0.00263034 -0.00201087 -0.00146709 -0.00142623 -0.00214668 -0.00373068 -0.00632751 -0.00993403 -0.0140324 -0.0178361 -0.0208461 -0.0228418 -0.0234807 -0.0224247 
-0.0180413 -0.0152519 -0.0133925 -0.0126984 -0.0127751 -0.0129442 -0.0126163 -0.0114894 -0.00957308 -0.00718095 -0.00489264 -0.00333332 -0.00281354 -0.00312542 -0.00371957 -0.00408467 -0.00398653 -0.00354155 -0.00316864 -0.003305 -0.00411185 -0.00562645 -0.00805502 -0.0114783 -0.0153769 -0.0189054 -0.0214916 -0.0228406 -0.0226585 -0.0208675 
-0.013079 -0.0108687 -0.0095886 -0.00911472 -0.00893033 -0.00844017 -0.00733852 -0.00573216 -0.00394546 -0.0022842 -0.00102935 -0.000517774 -0.000961181 -0.0021373 -0.00344577 -0.00431364 -0.00452177 -0.00429787 -0.00416708 -0.00455841 -0.00553508 -0.00704671 -0.00925699 -0.0122252 -0.0154344 -0.0180658 -0.0195529 -0.0196356 -0.0182709 -0.0158191 
-0.00546114 -0.00409294 -0.00355176 -0.00334734 -0.00282425 -0.00147501 0.000611638 0.00272611 0.00412028 0.00455202 0.00417525 0.00308592 0.00129851 -0.00088557 -0.00284015 -0.00401946 -0.00432243 -0.00416007 -0.00417354 -0.00473029 -0.00571539 -0.00693084 -0.0084974 -0.0105358 -0.0126465 -0.0140805 -0.0142604 -0.0130031 -0.0105898 -0.00778024 
0.000837962 0.00143902 0.00162019 0.00200528 0.00315653 0.00538547 0.00829841 0.0107438 0.0116086 0.0106586 0.00844199 0.00556393 0.00239762 -0.00062827 -0.0029321 -0.00410398 -0.00422909 -0.00390699 -0.00385304 -0.00430935 -0.0049298 -0.00537806 -0.00584676 -0.00669486 -0.00773616 -0.00824225 -0.00757427 -0.00566583 -0.00307336 -0.000679756 
0.00228121 0.00248521 0.00313608 0.00460506 0.00696887 0.010163 0.0136829 0.0163248 0.0168149 0.0148152 0.0110635 0.00661935 0.00229459 -0.00131367 -0.00373638 -0.00478812 -0.00474135 -0.00427731 -0.00405515 -0.00415879 -0.00411155 -0.00359103 -0.00296267 -0.00282975 -0.00315553 -0.00320187 -0.00236387 -0.000792673 0.000823328 0.00187956 
-0.000498284 -0.00017345 0.00181602 0.00518731 0.00920794 0.0133796 0.0173367 0.0201925 0.0206988 0.0182974 0.0136565 0.00811553 0.00290198 -0.00119172 -0.0038184 -0.00503102 -0.00522594 -0.00500062 -0.0047949 -0.00454565 -0.00385788 -0.00262428 -0.00133906 -0.000600073 -0.000359859 -1.15385e-05 0.000711095 0.00130771 0.00115102 0.000283928 
-0.00298563 -0.00230828 0.00116464 0.00634567 0.0117002 0.0164819 0.0207038 0.0239513 0.0250074 0.0229591 0.0181848 0.0120931 0.00621196 0.00152555 -0.00167317 -0.00357771 -0.00459655 -0.00512375 -0.00530502 -0.00498031 -0.0039767 -0.00244282 -0.000812526 0.0005879 0.00183971 0.00311597 0.00401629 0.00364226 0.0016183 -0.00117242 
-0.000866556 -0.000424958 0.00319326 0.00857606 0.0139604 0.0186697 0.023085 0.0270842 0.0293084 0.0283624 0.0241998 0.0181337 0.0118516 0.00649598 0.00241118 -0.000557305 -0.00268883 -0.00414949 -0.00488739 -0.00476108 -0.00377881 -0.00210329 0.000125464 0.00283897 0.00589849 0.0087731 0.0103185 0.00937297 0.00598038 0.00180002 
0.00511923 0.00388729 0.00504329 0.00797784 0.0117416 0.0159345 0.0208597 0.0262047 0.0302676 0.0311443 0.0283299 0.0229509 0.0167521 0.0109987 0.00616749 0.00230311 -0.000623788 -0.00259619 -0.00358645 -0.00364674 -0.00280534 -0.00083751 0.00256608 0.00729163 0.0125889 0.0171496 0.019308 0.0179324 0.0136596 0.00869344 
0.00864021 0.00422592 0.000667485 -0.000778617 0.00061365 0.00466074 0.0109267 0.0183913 0.0249178 0.0282011 0.0273417 0.0232731 0.0177775 0.0122401 0.00729001 0.0032039 0.000211206 -0.00157704 -0.00234439 -0.00242602 -0.00168048 0.000782757 0.00569962 0.0125723 0.0197802 0.0253139 0.0272721 0.0248441 0.0194342 0.01362 
0.0035551 -0.00459192 -0.01304 -0.0185132 -0.0185697 -0.0134226 -0.0046958 0.00558163 0.0148649 0.0206486 0.0218206 0.0192398 0.0147946 0.0100024 0.00558431 0.00192828 -0.000614516 -0.00194741 -0.00247791 -0.0026842 -0.00208393 0.000854133 0.00708667 0.0155858 0.0238767 0.0293609 0.0300582 0.0256109 0.0181961 0.0107025 
-0.009211 -0.0203363 -0.0317987 -0.039049 -0.038542 -0.0307169 -0.0185439 -0.00524881 0.00627045 0.0136517 0.0159828 0.0143168 0.0107091 0.00672426 0.00302043 -9.2262e-05 -0.00230552 -0.00357881 -0.00438368 -0.00508281 -0.00481858 -0.00172795 0.00509863 0.0142228 0.0226317 0.0273553 0.0264394 0.0198755 0.0102077 0.00044316 
-0.0211138 -0.0339419 -0.0463061 -0.053192 -0.0505069 -0.0389873 -0.0231037 -0.00756867 0.0044529 0.0113502 0.0131062 0.0112894 0.00801242 0.00460975 0.00145061 -0.00136534 -0.00361076 -0.00520738 -0.00649147 -0.00761881 -0.00761038 -0.0047265 0.00173372 0.0102813 0.017943 0.0218167 0.020125 0.0128638 0.00213457 -0.0093882 
-0.0235918 -0.0376639 -0.0503523 -0.0564103 -0.0514315 -0.0365784 -0.018033 -0.00217184 0.00784041 0.0118757 0.011467 0.00881867 0.00578172 0.00309171 0.000633341 -0.00172265 -0.00372791 -0.00511121 -0.00601107 -0.00659788 -0.00624445 -0.00369548 0.00161448 0.00862233 0.0150314 0.0185306 0.0176288 0.0118237 0.0019075 -0.0102984 
-0.0164204 -0.0326155 -0.0466671 -0.0528765 -0.046768 -0.0302462 -0.0111635 0.00280905 0.00899318 0.00914424 0.00643256 0.00343498 0.00138108 0.000185527 -0.000798806 -0.00184999 -0.00255877 -0.00239324 -0.00145346 -0.000315443 0.000945847 0.0030928 0.00683485 0.011878 0.0169818 0.0207519 0.0219358 0.0190696 0.011121 -0.00127303 
-0.00737686 -0.026992 -0.0435951 -0.050786 -0.0445347 -0.0279509 -0.0101474 0.00081408 0.00324348 0.000574805 -0.00296823 -0.00495005 -0.00497048 -0.00389252 -0.00276208 -0.00186663 -0.000547942 0.00191718 0.00521272 0.00813632 0.010017 0.0114998 0.0136865 0.0170127 0.0212087 0.0257358 0.0293725 0.0295192 0.0234037 0.01047 
-0.00330533 -0.0267943 -0.0458949 -0.0534292 -0.0465427 -0.0301093 -0.0139912 -0.00562196 -0.00537542 -0.00875291 -0.0113263 -0.0112627 -0.00898926 -0.00590931 -0.00321408 -0.00104635 0.00150528 0.00522268 0.00946063 0.012581 0.0138745 0.0143754 0.0155857 0.0182473 0.0225489 0.0283527 0.0342063 0.0366077 0.0316218 0.0177031 
-0.00203709 -0.0284336 -0.0485055 -0.0545155 -0.0455376 -0.0286322 -0.0139053 -0.00733621 -0.00785711 -0.0105593 -0.0115069 -0.00970791 -0.00625768 -0.00278948 -0.000360109 0.00115847 0.00287134 0.00551623 0.00823278 0.00941755 0.00892835 0.00847557 0.00973162 0.0132031 0.0189325 0.0267162 0.0348484 0.0394096 0.0357823 0.0214376 
0.00580631 -0.0209342 -0.039632 -0.0426689 -0.0314284 -0.0147899 -0.00228447 0.00210933 0.000778002 -0.00148551 -0.00163572 0.000448565 0.00322188 0.0050895 0.00532701 0.00438914 0.00349402 0.00329779 0.00295005 0.00128359 -0.00107324 -0.00192479 0.00015893 0.00506218 0.0124905 0.0223779 0.0333714 0.0416047 0.0415841 0.0292689 
0.0266199 0.00308862 -0.01233 -0.0130683 -0.00231921 0.0107897 0.0185431 0.0191497 0.0158572 0.0129012 0.012286 0.0133659 0.0143431 0.0137924 0.0113319 0.0076643 0.00401913 0.000974214 -0.0021145 -0.00581646 -0.00898241 -0.00954291 -0.00683068 -0.00167644 0.00575763 0.0165764 0.0308898 0.0451826 0.0523665 0.0460564 
0.0553039 0.0373734 0.0253404 0.0241753 0.0301828 0.0360075 0.0367391 0.0324195 0.0264397 0.0221655 0.0206521 0.0207121 0.0204423 0.0185408 0.0147575 0.00980931 0.00479972 0.000243415 -0.00417376 -0.00842755 -0.0112259 -0.0112347 -0.00890875 -0.00557276 -0.000496053 0.00958475 0.0269499 0.0484714 0.0650394 0.0675744 
0.0768318 0.0638975 0.0535712 0.0494785 0.0487002 0.0466981 0.0411987 0.0330819 0.0251591 0.019968 0.0180857 0.0181741 0.0183005 0.0170776 0.0140694 0.00975692 0.00501705 0.000337726 -0.00420424 -0.00806986 -0.0100788 -0.00986089 -0.00890039 -0.00855546 -0.00676991 0.00179355 0.0210599 0.04804 0.0721304 0.0823529 
0.0793521 0.0690185 0.0587262 0.0515537 0.0459713 0.0398367 0.032217 0.0235101 0.0154041 0.0100027 0.00821807 0.00912088 0.0107777 0.0114426 0.0102664 0.00742598 0.00360962 -0.000650847 -0.00490688 -0.0082938 -0.00993376 -0.0103021 -0.0113754 -0.0139255 -0.014592 -0.00708818 0.012587 0.0411138 0.0677065 0.0812636 
0.0657858 0.0571858 0.0471507 0.0387944 0.0321177 0.0265086 0.0211075 0.0148509 0.00793117 0.00234866 0.000119897 0.00131384 0.00406893 0.00611886 0.00617892 0.00425294 0.000983052 -0.00299666 -0.00700757 -0.010212 -0.0123045 -0.0144027 -0.0182703 -0.0234039 -0.0252206 -0.0176806 0.00162204 0.028396 0.0529691 0.0661579 
0.0478193 0.0428153 0.0350807 0.0275333 0.0218287 0.0187405 0.0172016 0.0144663 0.00902763 0.00273789 -0.00102213 -0.000852772 0.00161107 0.00367385 0.00378566 0.00193907 -0.00120665 -0.0049687 -0.00867057 -0.0118911 -0.0151787 -0.0201433 -0.0277656 -0.0357022 -0.038032 -0.0294709 -0.0102248 0.0136754 0.0342634 0.0459651 
0.0321694 0.0322774 0.0283324 0.0222803 0.0174269 0.0162687 0.0179022 0.0182708 0.0142982 0.00739925 0.00189681 0.000369323 0.00161291 0.00286427 0.00257321 0.000760777 -0.00202454 -0.00522845 -0.00836244 -0.0116028 -0.0164373 -0.0248529 -0.0368003 -0.0479023 -0.0507375 -0.0405808 -0.0204009 0.00127776 0.0176888 0.0275365 
0.0193961 0.0217994 0.0201435 0.0149618 0.0104783 0.0105044 0.0143956 0.0174018 0.0154187 0.00916006 0.00304582 0.000322801 0.000414622 0.000942155 0.000572638 -0.000709833 -0.00263541 -0.0048971 -0.00719332 -0.0101805 -0.0161144 -0.0272773 -0.0427842 -0.0566083 -0.0598723 -0.0477429 -0.0252225 -0.00384149 0.00903655 0.0152447 
0.013325 0.0106652 0.00656396 0.000702951 -0.00333208 -0.002064 0.00367487 0.00912516 0.00986579 0.00572685 0.000413459 -0.00268025 -0.00339145 -0.00341277 -0.00375846 -0.00451044 -0.00565658 -0.00702253 -0.00828892 -0.0102897 -0.0157312 -0.0271877 -0.0435866 -0.0582544 -0.0612194 -0.0465593 -0.0197492 0.00468443 0.0160816 0.0162873 
0.0273666 0.0113715 -0.00170491 -0.0113167 -0.0158377 -0.0139688 -0.00724875 6.52269e-05 0.0036053 0.00205036 -0.00216171 -0.0057802 -0.00779732 -0.00903055 -0.0101317 -0.0112223 -0.0123933 -0.0133693 -0.0135543 -0.0136168 -0.0163504 -0.0246604 -0.0381138 -0.0506177 -0.0516287 -0.0331342 0.000879535 0.0335733 0.0484068 0.0429922 
0.0784289 0.0436577 0.0146506 -0.00459734 -0.0139471 -0.0145832 -0.0088486 -0.000707165 0.0049819 0.00520889 0.000882437 -0.0048188 -0.009718 -0.0134821 -0.0163866 -0.018692 -0.0206051 -0.0216898 -0.0209554 -0.0186163 -0.0171783 -0.0198376 -0.027331 -0.0348898 -0.031712 -0.00703061 0.0382847 0.086218 0.112761 0.107168 
0.169725 0.11447 0.0632747 0.0262218 0.00461475 -0.00339738 -0.0007031 0.00774124 0.0150443 0.01587 0.00978299 0.0003378 -0.00869447 -0.0155974 -0.0203451 -0.0236186 -0.0260417 -0.027252 -0.0259419 -0.021669 -0.0162864 -0.0130639 -0.0138466 -0.0151011 -0.00573035 0.0278674 0.0886219 0.158363 0.205286 0.207589 
0.276293 0.201509 0.125265 0.064917 0.0257931 0.00766 0.00716045 0.0166787 0.0258051 0.0267597 0.018485 0.00542348 -0.00705571 -0.0160273 -0.0213086 -0.0242028 -0.0260765 -0.0269878 -0.0254869 -0.0203611 -0.0125169 -0.00492181 3.53575e-05 0.00525568 0.0221409 0.0663412 0.143848 0.236612 0.306092 0.319817 
0.347594 0.257991 0.162328 0.0831955 0.0301148 0.00506613 0.00407743 0.016417 0.0282396 0.0300997 0.0211256 0.00672341 -0.00675262 -0.0157385 -0.0199926 -0.0213097 -0.0217922 -0.0220678 -0.0206746 -0.0156466 -0.00685265 0.00335872 0.0126791 0.0238529 0.0480976 0.101288 0.190193 0.296462 0.378006 0.396698 
