0.641592 0.57013 0.362986 0.167795 0.0596791 0.020464 0.00849396 0.00031267 -0.0058871 -0.00309777 0.00713901 0.014153 0.0126217 0.00691803 0.00271756 0.0010416 0.000135292 -0.000393713 0.000639741 0.00290454 0.0040589 0.00315295 0.000454076 -0.00625304 -0.0170006 -0.0197573 0.0104892 0.106878 0.290894 0.514756 
0.523058 0.458046 0.28458 0.127606 0.0471042 0.0221642 0.014377 0.00582835 -0.000817855 0.00203031 0.0120304 0.0191317 0.0180461 0.0118148 0.0057657 0.00197982 -0.000610136 -0.00277305 -0.0034308 -0.00160937 0.00208366 0.00646016 0.00825596 0.0014144 -0.0135317 -0.0213919 0.0021022 0.0837631 0.238395 0.422937 
0.315546 0.267599 0.156829 0.0634374 0.0223991 0.014803 0.0120758 0.00408941 -0.00221713 0.00102425 0.0107863 0.0181318 0.0182317 0.0126014 0.0057393 0.000552087 -0.00328788 -0.00662201 -0.00832867 -0.00672007 -0.00170923 0.00505388 0.00867531 0.00220993 -0.0132662 -0.0236816 -0.0102544 0.0439914 0.144721 0.259469 
0.142481 0.111815 0.0542197 0.0112024 -0.00200691 0.00101349 0.00229167 -0.00281429 -0.00610675 -0.000778472 0.00912649 0.0156286 0.015274 0.00947328 0.00214388 -0.00367633 -0.00791496 -0.0113526 -0.0131644 -0.0119224 -0.00747109 -0.00122091 0.00275877 -0.00122192 -0.0134324 -0.0251196 -0.0230562 0.00506385 0.0604827 0.119538 
0.0470968 0.0305023 0.00197426 -0.0171464 -0.0197366 -0.0132006 -0.00813859 -0.00750953 -0.00522666 0.00304178 0.0124769 0.0164092 0.0134685 0.00611981 -0.00200413 -0.00829484 -0.0124765 -0.0150354 -0.0156822 -0.0141272 -0.0107112 -0.00583952 -0.0010238 -0.000465708 -0.00848212 -0.0237131 -0.0355652 -0.0287927 0.000768418 0.0347928 
0.00696495 0.000508868 -0.016842 -0.0295132 -0.03054 -0.0229774 -0.0139661 -0.00687538 0.00106715 0.0113364 0.0191314 0.0198316 0.0141393 0.00534589 -0.00350491 -0.010454 -0.0147332 -0.0159498 -0.014203 -0.0109658 -0.00765527 -0.00323688 0.00373068 0.00927735 0.00379384 -0.017281 -0.0430552 -0.0528159 -0.0365418 -0.00844246 
-0.00828337 -0.00878008 -0.0222992 -0.0341999 -0.0357362 -0.0274848 -0.0149844 -0.00252871 0.00927548 0.0195332 0.024599 0.0224921 0.0153737 0.00636924 -0.00264224 -0.0103423 -0.0150149 -0.0148909 -0.0102733 -0.00442354 0.000340129 0.00652429 0.0170872 0.0263417 0.0207668 -0.00562648 -0.0400072 -0.0597165 -0.0521723 -0.0272356 
-0.0119721 -0.00987882 -0.0213325 -0.0338011 -0.0371103 -0.0289786 -0.0132692 0.00391085 0.0178109 0.0259074 0.0271378 0.0225148 0.0148504 0.00632498 -0.00248997 -0.0107238 -0.0156311 -0.0142605 -0.00716398 0.00131621 0.0088932 0.0189699 0.0335377 0.0440687 0.0364895 0.00789916 -0.0271488 -0.0491091 -0.047907 -0.029462 
-0.00608739 -0.00392163 -0.014506 -0.0287967 -0.0353415 -0.0282655 -0.00977792 0.0113845 0.025982 0.0305283 0.0272653 0.0201065 0.0119475 0.00378619 -0.00477085 -0.0129932 -0.0174915 -0.0149176 -0.00622814 0.00398117 0.0140677 0.0274111 0.0436634 0.0526736 0.0435884 0.018138 -0.0100444 -0.0277399 -0.029582 -0.0186862 
0.00978018 0.0103125 -0.000402461 -0.0161126 -0.0251826 -0.0200805 -0.00203134 0.0192866 0.0323716 0.0331968 0.0261208 0.0169153 0.00834041 0.00044771 -0.00765267 -0.0151928 -0.0187667 -0.0153946 -0.00642488 0.00371217 0.0138637 0.0268776 0.0407898 0.0464786 0.0385073 0.0219095 0.00615638 -0.00275688 -0.00354371 0.00233028 
0.0332432 0.0318988 0.0215934 0.00722035 -0.00175664 0.000250163 0.012468 0.0278407 0.03644 0.0340126 0.0247667 0.0146403 0.00608007 -0.00136616 -0.00868664 -0.0151714 -0.0180044 -0.0148691 -0.00715516 0.00104844 0.00864222 0.0180026 0.0271231 0.0294987 0.0245457 0.0188477 0.0172663 0.0196724 0.0240179 0.0290598 
0.0547438 0.053319 0.0449168 0.0336401 0.0259893 0.024668 0.0292696 0.0364708 0.0394745 0.0342348 0.0239509 0.0137985 0.0055904 -0.00142772 -0.00806038 -0.0137484 -0.0165131 -0.01456 -0.00888073 -0.00308404 0.00140008 0.00645178 0.0109514 0.0109589 0.00855697 0.0108846 0.0203061 0.0328144 0.0436031 0.0508783 
0.0644037 0.0656829 0.0596858 0.0495714 0.0412263 0.037597 0.0387726 0.0421859 0.0420088 0.0348024 0.0239129 0.0140885 0.00626541 -0.000672624 -0.00718832 -0.012726 -0.0159181 -0.0152519 -0.0111687 -0.00669515 -0.00381259 -0.00158483 -0.000259191 -0.00158325 -0.00249062 0.00372172 0.0181102 0.0347763 0.0483191 0.0579534 
0.0645749 0.0692559 0.0637121 0.0507732 0.0386366 0.0336379 0.0362389 0.0413144 0.0414674 0.0339936 0.0233831 0.0143276 0.0069845 1.86145e-05 -0.00665321 -0.0123361 -0.0159264 -0.0160579 -0.0127236 -0.00827774 -0.00518782 -0.00389014 -0.00421622 -0.00580129 -0.00506621 0.00305473 0.0175678 0.031913 0.0432668 0.0541303 
0.0646089 0.0705224 0.0622383 0.0441877 0.0275123 0.0214399 0.0262453 0.0340893 0.0360749 0.0299851 0.0208325 0.0130265 0.00640781 -0.000234184 -0.00673526 -0.0123059 -0.0158976 -0.0162244 -0.0129945 -0.00796967 -0.00394748 -0.00266963 -0.00384354 -0.00518393 -0.00258719 0.00678631 0.0193703 0.0290982 0.0375077 0.0502422 
0.0653939 0.0706772 0.0587242 0.0370165 0.0181981 0.0115427 0.0166051 0.0250209 0.0281796 0.0238469 0.016307 0.009656 0.00403319 -0.00170636 -0.00760496 -0.0128394 -0.0161582 -0.0162125 -0.0126213 -0.00696029 -0.00235834 -0.00131184 -0.00333037 -0.00487598 -0.00163003 0.0073838 0.0170597 0.0231774 0.0312267 0.047607 
0.060023 0.0652415 0.0521954 0.0304696 0.0126954 0.00642634 0.0103203 0.0172094 0.0201361 0.0166411 0.00985179 0.0040628 7.62552e-05 -0.00384955 -0.00871805 -0.0136985 -0.0169471 -0.0167651 -0.0127676 -0.00675905 -0.0022424 -0.00179819 -0.00455161 -0.00669675 -0.00438862 0.00223513 0.00806711 0.0114325 0.0202599 0.0398569 
0.0471562 0.0537306 0.0428447 0.0235277 0.00791278 0.00245551 0.00526538 0.0103763 0.0123449 0.00865928 0.00187123 -0.00304094 -0.00471827 -0.00607275 -0.00954402 -0.0143863 -0.018016 -0.0181631 -0.0142996 -0.00849995 -0.00451711 -0.00454324 -0.00725697 -0.00935039 -0.0079614 -0.00379244 -0.00141165 -0.000706954 0.0071867 0.0266627 
0.0341324 0.0418901 0.034363 0.01796 0.00390991 -0.00136599 0.000580788 0.00470943 0.00619294 0.0023212 -0.00452185 -0.00882054 -0.00888534 -0.0083657 -0.0106728 -0.0152734 -0.019251 -0.0199778 -0.0167404 -0.0116421 -0.00827115 -0.00815288 -0.00972608 -0.0106161 -0.00892024 -0.0053456 -0.00406913 -0.00492417 0.0003075 0.0160317 
0.0268326 0.0341501 0.0297571 0.0172089 0.00540598 -0.000220539 -0.000325773 0.00216239 0.00349849 0.000378015 -0.00593078 -0.0104567 -0.011137 -0.0109144 -0.0129449 -0.0169447 -0.0203743 -0.0208987 -0.0179512 -0.0134397 -0.0102157 -0.00902755 -0.00859756 -0.00790949 -0.00581317 -0.00215101 -8.8651e-05 -0.000440279 0.00260501 0.0132239 
0.0243118 0.0303629 0.0288779 0.0218254 0.0144178 0.00884022 0.00484244 0.00334027 0.00372219 0.00231998 -0.00235876 -0.00751279 -0.0106875 -0.0127729 -0.0155124 -0.0186856 -0.0205636 -0.0196781 -0.0160173 -0.0112303 -0.00716666 -0.0039961 -0.00125451 0.000386733 0.00122057 0.00280027 0.00437734 0.00502362 0.00758144 0.014768 
0.0229488 0.0286434 0.0295993 0.027706 0.0249767 0.0197931 0.0115949 0.00517543 0.00407201 0.00499692 0.00319307 -0.00169518 -0.00728583 -0.0122238 -0.0163147 -0.0189624 -0.0191376 -0.0163567 -0.0112724 -0.00536061 0.000276221 0.00566049 0.0103532 0.0121842 0.0103743 0.00745186 0.00561494 0.00542123 0.0081332 0.0146933 
0.0197389 0.0260049 0.0282727 0.0286392 0.0279055 0.0227476 0.0123579 0.00339853 0.00190813 0.00529337 0.00686195 0.00370523 -0.00254105 -0.0092664 -0.0145898 -0.0171566 -0.0162587 -0.0121459 -0.0059412 0.000936987 0.00769858 0.0143522 0.0199587 0.0215333 0.0174255 0.0104163 0.00467963 0.00236432 0.00445665 0.0111115 
0.0132737 0.0191895 0.0213606 0.0212245 0.0199224 0.0149056 0.00542101 -0.00251556 -0.00305545 0.00180591 0.00567363 0.0049309 0.000191087 -0.00615251 -0.0115286 -0.0139496 -0.0127346 -0.00843221 -0.00227416 0.00437116 0.010798 0.0171034 0.0223937 0.0235059 0.0183466 0.00971799 0.00263859 -0.000415619 0.000715891 0.00585416 
0.00492503 0.0086163 0.00979248 0.00865017 0.00672739 0.00286615 -0.00379826 -0.00920463 -0.00901088 -0.00454062 -0.000332258 0.000891706 -0.00102721 -0.00493787 -0.00879214 -0.010569 -0.00951322 -0.00603029 -0.00110587 0.00404725 0.00882067 0.0135757 0.0178131 0.0185135 0.01335 0.00508684 -0.000899727 -0.00253996 -0.00145819 0.00106668 
-0.00225139 -0.0014103 -0.00127478 -0.00260959 -0.0042525 -0.0066981 -0.0108899 -0.0143092 -0.0139463 -0.0106212 -0.00716371 -0.0050876 -0.00467085 -0.00578832 -0.00743883 -0.00818126 -0.00732938 -0.00497824 -0.00168804 0.00162777 0.00449439 0.00741376 0.0102567 0.0104677 0.00581371 -0.00123696 -0.00548674 -0.00514328 -0.00317861 -0.00245062 
-0.00737405 -0.00846021 -0.00904175 -0.0103576 -0.0120036 -0.0140758 -0.0168006 -0.0181884 -0.0164684 -0.012902 -0.00990136 -0.008288 -0.00760602 -0.00749476 -0.00757689 -0.00728998 -0.0063524 -0.00471971 -0.00255132 -0.000403019 0.00125799 0.00264208 0.00372645 0.00288758 -0.00129148 -0.00682075 -0.00961193 -0.00821815 -0.00567374 -0.00558029 
-0.0124528 -0.0141266 -0.0150171 -0.0166694 -0.0191096 -0.0215691 -0.0228692 -0.0211887 -0.0163373 -0.0108374 -0.00756089 -0.00711379 -0.00793224 -0.00844283 -0.00816658 -0.00727569 -0.00604891 -0.00450865 -0.00259925 -0.000716191 0.000459717 0.000671687 -2.58153e-05 -0.00209453 -0.0058373 -0.00989013 -0.0119128 -0.0110752 -0.00949433 -0.0100685 
-0.0177907 -0.0189433 -0.019588 -0.021538 -0.0246932 -0.027225 -0.0269126 -0.0224044 -0.014878 -0.00763045 -0.00371661 -0.00383274 -0.00598199 -0.00764671 -0.00785857 -0.00698746 -0.00559805 -0.00380664 -0.0016164 0.000372224 0.00119752 0.000529532 -0.00115369 -0.00342902 -0.00620793 -0.00917291 -0.01158 -0.0128929 -0.0137835 -0.015555 
-0.0206363 -0.0206247 -0.0205872 -0.0223865 -0.0255316 -0.0276368 -0.0264083 -0.021182 -0.0135677 -0.00635401 -0.00201305 -0.00153404 -0.0035675 -0.00565635 -0.00643662 -0.0059579 -0.00463505 -0.00259922 -0.000109821 0.0018537 0.00222128 0.0010501 -0.000520504 -0.00164488 -0.00276076 -0.0049996 -0.00866483 -0.0127836 -0.0163608 -0.0191241 
-0.019611 -0.0185849 -0.0178552 -0.0190617 -0.0216123 -0.02333 -0.0223413 -0.0183598 -0.0126527 -0.00689837 -0.00268652 -0.00120132 -0.00208684 -0.00365463 -0.00457152 -0.00447169 -0.0033598 -0.00127738 0.00125621 0.00300903 0.00302121 0.00177532 0.000889407 0.00135634 0.00200325 0.000361227 -0.00446733 -0.0107212 -0.0159689 -0.018985 
-0.0170438 -0.0157025 -0.0144873 -0.0147856 -0.0164181 -0.0179133 -0.0177283 -0.0154234 -0.011676 -0.00741173 -0.00369603 -0.00162354 -0.00133703 -0.00196374 -0.00262675 -0.00278034 -0.00198743 -0.00011566 0.00216559 0.00357042 0.00336278 0.00229074 0.00215839 0.003936 0.00586754 0.00462993 -0.000837564 -0.0080593 -0.013838 -0.0167705 
-0.0165755 -0.0153416 -0.0137114 -0.012929 -0.0132153 -0.0138897 -0.0139456 -0.0127474 -0.0102594 -0.00694771 -0.00380434 -0.00173409 -0.000799199 -0.000607626 -0.000875981 -0.00113767 -0.000661903 0.000833676 0.0026165 0.00346976 0.00293505 0.00200865 0.0025917 0.00543253 0.00812984 0.00687456 0.000874651 -0.00681145 -0.012837 -0.0160116 
-0.0194409 -0.0184141 -0.0165693 -0.014753 -0.0130167 -0.0114856 -0.0104668 -0.00966467 -0.00821468 -0.00589858 -0.00361277 -0.00205307 -0.000977982 -0.000200679 2.77648e-05 -7.69561e-05 0.000276502 0.00140053 0.00255162 0.0026822 0.00164188 0.000663004 0.00170324 0.00521713 0.00820482 0.00659212 -5.00452e-05 -0.00828164 -0.0147747 -0.0184456 
-0.0233475 -0.0231407 -0.0218889 -0.0193233 -0.015041 -0.0102879 -0.00721855 -0.00620162 -0.00567414 -0.00467452 -0.00370602 -0.00303611 -0.00210049 -0.000879098 -9.96128e-05 0.000136813 0.000517032 0.00127713 0.00172279 0.00109699 -0.000456924 -0.0016631 -0.00070244 0.00271344 0.00550009 0.00365435 -0.00316401 -0.0115332 -0.0181336 -0.0219333 
-0.0258834 -0.0274762 -0.0276594 -0.0246828 -0.018063 -0.0104196 -0.0053491 -0.00353971 -0.00311809 -0.00295802 -0.00321142 -0.00349617 -0.00288095 -0.00149764 -0.000432238 -3.06214e-05 0.000245609 0.000512519 0.00018945 -0.00110132 -0.00297357 -0.00433667 -0.00377462 -0.00108599 0.00114636 -0.000543183 -0.00660999 -0.0141185 -0.0200375 -0.0236385 
-0.0275087 -0.0307542 -0.0318839 -0.0284686 -0.0204916 -0.0114728 -0.00529937 -0.00237683 -0.000917204 -0.000386552 -0.00107335 -0.00206222 -0.00196952 -0.000883092 -9.49502e-06 0.000184655 8.47121e-05 -0.000298989 -0.00137913 -0.00316253 -0.00506529 -0.00624302 -0.0059045 -0.00413433 -0.00275126 -0.00417561 -0.00889263 -0.0149311 -0.0201055 -0.0240016 
-0.0293798 -0.032659 -0.032863 -0.0284492 -0.0201989 -0.0115643 -0.00556096 -0.00190721 0.000944865 0.00264125 0.00227611 0.000895997 0.000350304 0.000857158 0.00129166 0.00109457 0.000484122 -0.00055391 -0.00224721 -0.00437025 -0.00615094 -0.00685859 -0.00649479 -0.00577118 -0.00557176 -0.00670347 -0.00966066 -0.0141937 -0.01947 -0.0247092 
-0.0304444 -0.0322646 -0.0300105 -0.024117 -0.0162401 -0.00909943 -0.00431225 -0.00085638 0.00264017 0.00521069 0.00530109 0.00373466 0.00267031 0.00272785 0.00290029 0.00244002 0.00139723 -0.000108654 -0.0021144 -0.00437477 -0.00598087 -0.00620247 -0.00591576 -0.00652684 -0.00759887 -0.00792124 -0.00841201 -0.0114431 -0.0176571 -0.0249761 
-0.0285515 -0.0286174 -0.0239977 -0.0170181 -0.00984549 -0.00427672 -0.00086408 0.00169259 0.00462924 0.00698804 0.00709384 0.00545336 0.00418483 0.00414993 0.00438643 0.00385277 0.00245816 0.000653165 -0.00130878 -0.00329971 -0.0044861 -0.00425715 -0.00422973 -0.00611003 -0.0079357 -0.00684896 -0.0047273 -0.0065182 -0.0137608 -0.0227987 
-0.02355 -0.0221387 -0.0163725 -0.00957758 -0.00349009 0.0012235 0.00416916 0.00588664 0.00735273 0.00837585 0.00797297 0.00639921 0.0052443 0.00529569 0.00562389 0.00494809 0.00309362 0.000955581 -0.000768918 -0.00207646 -0.00253524 -0.00186752 -0.00192701 -0.00414582 -0.00572972 -0.00355922 -0.000361061 -0.00187145 -0.0094071 -0.0185333 
-0.0184683 -0.0155201 -0.00963988 -0.00437378 2.95778e-05 0.00455167 0.0082463 0.00983479 0.00982103 0.00929067 0.00843718 0.00721574 0.00627712 0.00617379 0.00623393 0.00519032 0.00280728 0.00029184 -0.00123044 -0.0018402 -0.00172382 -0.000979325 -0.000956459 -0.00238017 -0.00296146 -0.000953657 0.000878719 -0.00150978 -0.00829885 -0.0155402 
-0.0158592 -0.0110386 -0.00527035 -0.00224318 -0.000395484 0.00341532 0.00799525 0.0102222 0.00993887 0.00911199 0.00867341 0.00807598 0.00706018 0.00621653 0.0055683 0.00415984 0.00162498 -0.000914509 -0.00224604 -0.00253527 -0.00248545 -0.00243924 -0.00281968 -0.00342648 -0.0031149 -0.00211722 -0.00264991 -0.00608617 -0.0114243 -0.0158056 
-0.0133806 -0.00679917 -0.00106657 -0.000394742 -0.0021388 -0.00103326 0.00279291 0.00575897 0.00693343 0.00776868 0.00877435 0.00882911 0.00727122 0.00515748 0.0034935 0.0018553 -0.000241266 -0.002138 -0.00305857 -0.00332039 -0.0037704 -0.0048725 -0.0064063 -0.00727019 -0.00674425 -0.00616979 -0.00741937 -0.0104953 -0.0140323 -0.0158689 
-0.00699825 0.000272801 0.00560922 0.00413486 -0.00159946 -0.00503204 -0.00409971 -0.00114934 0.00216321 0.00555482 0.00833252 0.00902299 0.00698524 0.00365873 0.000804854 -0.00131834 -0.00300352 -0.00405699 -0.00442394 -0.00459734 -0.00522686 -0.00693454 -0.00955699 -0.0113456 -0.0107986 -0.00891315 -0.00782181 -0.00844032 -0.0101405 -0.0106306 
0.00255403 0.00874795 0.012802 0.00965437 0.0010631 -0.00641506 -0.0088529 -0.00684643 -0.00245593 0.00247446 0.00641485 0.0078979 0.00620185 0.00242983 -0.00155038 -0.00474275 -0.00678256 -0.00757721 -0.00762297 -0.00744373 -0.00736252 -0.00837944 -0.0110924 -0.0135241 -0.0126101 -0.00785816 -0.00211305 0.00100536 0.000581931 -0.000247749 
0.0104843 0.0144729 0.0164343 0.0122378 0.00314168 -0.00553919 -0.0097284 -0.00904628 -0.00541942 -0.00100286 0.0028434 0.0049725 0.00432551 0.00103323 -0.00355865 -0.00792599 -0.0108585 -0.0119838 -0.011936 -0.0110378 -0.00931253 -0.00840708 -0.0102645 -0.0132282 -0.012452 -0.00524409 0.00492383 0.0112972 0.0113771 0.00940178 
0.0146246 0.0168841 0.0163904 0.0116438 0.00437901 -0.00234551 -0.00620205 -0.00672488 -0.0051608 -0.00294456 -0.000642075 0.00110092 0.00104218 -0.00149866 -0.00590307 -0.0106645 -0.0141026 -0.0154353 -0.0150369 -0.0129229 -0.00905864 -0.00593245 -0.00699573 -0.0112301 -0.0122922 -0.00529068 0.00633081 0.0140877 0.0148872 0.0135331 
0.0178625 0.0194156 0.0161345 0.010831 0.00649349 0.00329856 0.000927615 -0.00032443 -0.00084555 -0.00122331 -0.00128952 -0.0012212 -0.00204514 -0.00449423 -0.00834782 -0.0125784 -0.0156706 -0.0165787 -0.0152462 -0.0115767 -0.00598979 -0.00182748 -0.00334378 -0.00962869 -0.0135134 -0.00917403 0.000446398 0.00775936 0.010804 0.013699 
0.0229968 0.0241607 0.0178602 0.0113592 0.00890742 0.00843965 0.00771458 0.0068171 0.00554808 0.00362401 0.00175058 7.43056e-05 -0.00221321 -0.00547416 -0.00931448 -0.0129778 -0.0153149 -0.0152688 -0.0125858 -0.00752944 -0.00146147 0.00171373 -0.00173153 -0.00983748 -0.015414 -0.0138448 -0.0078583 -0.00190316 0.00470913 0.0142396 
0.0293008 0.0302481 0.0220076 0.0137898 0.0102822 0.00936006 0.00913509 0.00957902 0.00940926 0.00776605 0.00578923 0.00384634 0.000872187 -0.00344353 -0.00814681 -0.0119956 -0.0138272 -0.0127513 -0.00873935 -0.00277737 0.00276872 0.00388549 -0.00172436 -0.010416 -0.0155832 -0.0151945 -0.0122247 -0.0075307 0.00223383 0.0171871 
0.0346154 0.0359268 0.0288614 0.0201165 0.0128682 0.00701212 0.00410537 0.00524679 0.00733785 0.00771877 0.00735326 0.00672331 0.00425516 -0.000692514 -0.00655631 -0.0111169 -0.0128717 -0.0112187 -0.00651572 -0.000220854 0.00485092 0.00491764 -0.00119361 -0.00880664 -0.0120269 -0.0108424 -0.00844128 -0.00375711 0.00713129 0.0227667 
0.0377276 0.0397859 0.0375537 0.0311544 0.0197217 0.00571517 -0.00333311 -0.00313727 0.0014769 0.00472249 0.00633218 0.00698273 0.00513845 7.23004e-06 -0.00648568 -0.0114575 -0.013287 -0.0118159 -0.00757355 -0.00163987 0.0037332 0.00517467 0.00133592 -0.00378203 -0.00480913 -0.00169413 0.00290982 0.00957564 0.0196449 0.0304944 
0.0401784 0.0437332 0.0475276 0.0441116 0.0285852 0.0062884 -0.00897502 -0.00962007 -0.00245412 0.00302969 0.00512535 0.00537316 0.00324198 -0.00182229 -0.00796906 -0.0124268 -0.0139588 -0.0129256 -0.00970411 -0.00432487 0.00221462 0.0070059 0.00730578 0.00473624 0.00420253 0.00794075 0.0152343 0.025006 0.0340066 0.0384553 
0.0459337 0.0539568 0.0616121 0.0562912 0.0338916 0.00470541 -0.0133858 -0.0125902 -0.00273055 0.00364774 0.00442446 0.00283523 -0.000183743 -0.00493158 -0.00997981 -0.0131388 -0.0137566 -0.0124908 -0.00937551 -0.00363624 0.004613 0.0128443 0.0169084 0.0157128 0.0134898 0.0152401 0.0229437 0.0343095 0.042598 0.0442461 
0.0560045 0.0731172 0.0821403 0.0685259 0.0350959 -0.000442245 -0.0188727 -0.0153773 -0.00305969 0.00380306 0.00336722 0.000323151 -0.00328927 -0.00764112 -0.0117006 -0.0137562 -0.0134583 -0.0113065 -0.0070252 4.90069e-05 0.00968065 0.0196915 0.0258524 0.0258256 0.0227863 0.0224324 0.0278618 0.0366073 0.042661 0.046192 
0.0629531 0.0910678 0.101584 0.0796509 0.0360609 -0.00495469 -0.0243513 -0.0200469 -0.00645406 0.00177779 0.00228878 -0.000476388 -0.00406994 -0.0082802 -0.0121811 -0.0142716 -0.0140229 -0.0113564 -0.00589415 0.00216876 0.0118888 0.021619 0.0286181 0.0313133 0.0313641 0.0316476 0.0333112 0.0347922 0.0353899 0.0418356 
0.0558934 0.0902459 0.103232 0.0800581 0.0344759 -0.00769051 -0.0283605 -0.0257417 -0.0124539 -0.00205837 0.00151025 0.000652415 -0.00226797 -0.00624945 -0.0103937 -0.013456 -0.0143885 -0.0122588 -0.0067199 0.00109153 0.00971779 0.0183294 0.0262355 0.0332822 0.0391501 0.0418914 0.0391324 0.0310147 0.0235422 0.0291964 
0.0350451 0.0657656 0.0787837 0.0602321 0.0216726 -0.0145147 -0.0328547 -0.0312651 -0.0188984 -0.00666548 0.000256743 0.00182411 0.000161839 -0.00286245 -0.00659388 -0.0104039 -0.0127572 -0.0117499 -0.00697801 -0.000233271 0.00703071 0.0152027 0.0252212 0.0372945 0.0488438 0.0538159 0.0470814 0.0303578 0.0141468 0.0133654 
0.0134924 0.0317245 0.0389677 0.0241408 -0.00402714 -0.0285041 -0.038962 -0.0351867 -0.0231557 -0.0100213 -0.000972558 0.00221386 0.00151491 -0.000331887 -0.00285951 -0.00638575 -0.00936474 -0.00900797 -0.00468204 0.00122537 0.00747626 0.0161002 0.0291057 0.0457902 0.0617511 0.0689184 0.0605522 0.0387309 0.0152798 0.00471034 
0.000929615 0.0035592 0.00104924 -0.0132689 -0.0316944 -0.0425973 -0.0427033 -0.03526 -0.0233884 -0.0102201 -0.000454252 0.00288289 0.0017356 -2.07653e-05 -0.00151077 -0.00399433 -0.00660718 -0.00603355 -0.00123208 0.00479811 0.0107471 0.0200082 0.0351439 0.0543604 0.0728385 0.0825288 0.0755662 0.053018 0.0258233 0.00648201 
-0.0034472 -0.0132396 -0.0243652 -0.0382596 -0.0475343 -0.0464856 -0.0389049 -0.0302198 -0.0200326 -0.00794606 0.00147462 0.00398957 0.00134865 -0.00154884 -0.0029531 -0.00460171 -0.00661869 -0.00568102 -0.000168073 0.00676501 0.0132384 0.022623 0.037412 0.055649 0.0737064 0.0848587 0.080672 0.060913 0.0347516 0.0117629 
-0.000637765 -0.015604 -0.0318456 -0.0445448 -0.0463989 -0.0378706 -0.027899 -0.0216303 -0.0152517 -0.00600083 0.00185696 0.00350718 9.00276e-05 -0.00362005 -0.00544046 -0.00697513 -0.00891769 -0.00825265 -0.00269866 0.00511897 0.0122992 0.020524 0.0318992 0.0456545 0.0600324 0.0698319 0.0672783 0.0521454 0.0324075 0.0144903 
0.0175714 0.00448688 -0.0165324 -0.0321852 -0.0330337 -0.0237061 -0.015622 -0.0130648 -0.0112542 -0.00650642 -0.00148032 -0.000232373 -0.00267456 -0.00556523 -0.00715432 -0.00862917 -0.010695 -0.0106571 -0.00559991 0.00263646 0.00972057 0.0147794 0.0199683 0.0269104 0.0354035 0.0412064 0.0386528 0.029594 0.0224195 0.020623 
0.0715829 0.0614465 0.0276477 -0.00323567 -0.0147098 -0.012051 -0.00793296 -0.00800888 -0.00986139 -0.00961671 -0.00716297 -0.00542507 -0.00583619 -0.00696493 -0.00751645 -0.00823133 -0.00978914 -0.00985514 -0.00506773 0.00319766 0.00896676 0.00910406 0.00670919 0.0064016 0.00901269 0.0109515 0.00981996 0.011293 0.0256862 0.0525434 
0.191126 0.175504 0.109169 0.0424598 0.00591481 -0.00476626 -0.00576461 -0.00759242 -0.0116575 -0.0135333 -0.0110094 -0.00754733 -0.00637676 -0.00661161 -0.00639759 -0.00603176 -0.00650219 -0.00602179 -0.00124351 0.00640996 0.00985026 0.0049994 -0.00364683 -0.00927436 -0.0105545 -0.00963855 -0.00398671 0.0180316 0.0697443 0.142276 
0.383846 0.349316 0.225846 0.102321 0.0297801 0.00233401 -0.00465978 -0.00874767 -0.0140038 -0.0149018 -0.00939844 -0.00374311 -0.00258791 -0.00381174 -0.00401986 -0.00317961 -0.00282284 -0.00187833 0.00239637 0.00836521 0.00928927 0.00182009 -0.008953 -0.0165868 -0.0200093 -0.0180344 -0.000458121 0.053375 0.160992 0.298586 
0.577859 0.519074 0.334771 0.155612 0.051906 0.0119652 0.000228905 -0.00643775 -0.0122987 -0.0108935 -0.00205318 0.00483965 0.00453883 0.000961383 -0.000924204 -0.000778544 -0.000519639 0.00014199 0.00303819 0.00679755 0.0066127 0.000659491 -0.00740608 -0.0146778 -0.0208395 -0.0194194 0.00880342 0.0939078 0.257501 0.459459 
