0.291356 0.25555 0.171878 0.0892555 0.0396655 0.0242891 0.0288682 0.04031 0.0484018 0.0448543 0.0288243 0.00740514 -0.0114869 -0.0237727 -0.0288082 -0.0272306 -0.0197015 -0.00727192 0.00822675 0.0244959 0.0386234 0.0476381 0.0510977 0.0514045 0.0501556 0.0490454 0.0586985 0.0985645 0.1742 0.255458 
0.284808 0.24149 0.151718 0.0662415 0.0161829 0.00109507 0.00670902 0.0205566 0.0322551 0.032728 0.0205899 0.0028309 -0.0130916 -0.0237892 -0.0286084 -0.0276254 -0.0210998 -0.0100461 0.00362057 0.0179273 0.0308761 0.0401854 0.0453103 0.0484576 0.0510529 0.0537424 0.0656284 0.105406 0.178662 0.255408 
0.20367 0.169764 0.102322 0.0400456 0.00469433 -0.00626926 -0.0029852 0.00732972 0.0175695 0.019736 0.011574 -0.00185727 -0.0148124 -0.024453 -0.0295432 -0.0294778 -0.0243851 -0.0154506 -0.00461723 0.00654536 0.0169548 0.0255206 0.032686 0.0409896 0.0505141 0.0575573 0.0648536 0.0870655 0.133105 0.184551 
0.103662 0.0841098 0.0490669 0.0210277 0.00821797 0.00425406 0.00350273 0.00563935 0.00912149 0.00908362 0.00313704 -0.00634833 -0.0163454 -0.024903 -0.0301282 -0.0306822 -0.0266773 -0.0196617 -0.0116779 -0.00378938 0.00409191 0.0124425 0.0226218 0.0363606 0.0512363 0.0595434 0.0587196 0.0595065 0.073791 0.095756 
0.0368176 0.0277043 0.0167697 0.0154355 0.0216907 0.0248974 0.0208307 0.0136441 0.00733309 0.00163831 -0.00450984 -0.0109954 -0.0179283 -0.0248241 -0.0294886 -0.0299034 -0.0261155 -0.0201258 -0.0143095 -0.00933403 -0.00369437 0.00481398 0.0177812 0.034841 0.0509251 0.0569697 0.0493551 0.0370249 0.0323181 0.0359898 
0.0127332 0.0101272 0.0102592 0.0207742 0.0365482 0.0446125 0.0391521 0.0251665 0.0104543 -0.000901831 -0.00829643 -0.0132377 -0.0183298 -0.0241991 -0.0283834 -0.0283843 -0.024271 -0.0184835 -0.0138988 -0.0111557 -0.0075515 0.000701294 0.0151486 0.0333144 0.0481305 0.0507763 0.0391413 0.0224076 0.012473 0.0117946 
0.012355 0.0147574 0.0173464 0.0280763 0.0439125 0.0526041 0.0469919 0.0312114 0.0141096 0.00140555 -0.0059866 -0.010686 -0.0162136 -0.0229511 -0.0277164 -0.0277872 -0.0235058 -0.0176232 -0.0133542 -0.0116114 -0.00928758 -0.00172286 0.0127568 0.0306934 0.0439119 0.0437466 0.0295965 0.0119238 0.00312848 0.00601152 
0.0159877 0.0218613 0.0228666 0.0280568 0.038105 0.043848 0.0388569 0.0262053 0.01312 0.00396543 -0.00133006 -0.00590109 -0.0128463 -0.0213276 -0.0271959 -0.0277173 -0.0236292 -0.0177072 -0.0130289 -0.0108022 -0.00855262 -0.00206598 0.0103792 0.0258092 0.0365529 0.034302 0.0189351 0.00158959 -0.00454303 0.00356371 
0.0149044 0.0218066 0.0198474 0.0188552 0.022602 0.0252551 0.0217731 0.0140233 0.00670804 0.00222097 -0.000329398 -0.00404526 -0.0112767 -0.020182 -0.026161 -0.0267425 -0.022918 -0.017099 -0.0117704 -0.00832216 -0.00564093 -0.0011121 0.00669518 0.0164699 0.0231755 0.0200066 0.00603848 -0.00912417 -0.0125419 -0.000903665 
0.00980184 0.0163979 0.0128598 0.00889161 0.00957673 0.0110717 0.00912242 0.00452448 0.000306364 -0.00201278 -0.00331381 -0.00623789 -0.0124691 -0.0199222 -0.024551 -0.0245681 -0.0210105 -0.0156626 -0.0102938 -0.00634937 -0.00399035 -0.00224839 -2.44935e-05 0.00336172 0.00646252 0.00458525 -0.00517946 -0.0168422 -0.0186161 -0.00630824 
0.00683199 0.0136122 0.0114483 0.00844559 0.00889608 0.00993486 0.00819456 0.00410676 5.33392e-05 -0.00262987 -0.00468467 -0.00815085 -0.013823 -0.0196115 -0.0226531 -0.0222027 -0.0193383 -0.0152836 -0.0112055 -0.00830145 -0.0071542 -0.00752133 -0.00837928 -0.00781952 -0.00500865 -0.00350113 -0.00846824 -0.0173204 -0.0190428 -0.00809179 
0.0120432 0.0195743 0.0199693 0.0190184 0.0191196 0.0183872 0.0151614 0.0102363 0.00577133 0.00269002 -0.000483908 -0.00567509 -0.0124235 -0.0180921 -0.0207739 -0.0207626 -0.0193215 -0.0173817 -0.0155896 -0.01446 -0.0141097 -0.0142011 -0.0137766 -0.0110468 -0.00525888 -0.000318707 -0.00252016 -0.0102029 -0.012099 -0.00205904 
0.0253228 0.033556 0.0352811 0.0344828 0.0321214 0.0278485 0.0222023 0.0165017 0.0125711 0.0104521 0.00713211 0.000214823 -0.00856241 -0.015538 -0.019173 -0.0204099 -0.0206409 -0.0206265 -0.0205437 -0.0201164 -0.0188242 -0.01627 -0.0120612 -0.00548876 0.00300395 0.00905043 0.00709194 -5.5631e-07 -0.000578004 0.0106854 
0.0394898 0.0486909 0.0508872 0.0484834 0.0420817 0.0335758 0.0256037 0.0195639 0.0164878 0.0154625 0.0123794 0.00455694 -0.0054983 -0.0135419 -0.0181786 -0.0204922 -0.0216458 -0.0220675 -0.0216031 -0.0196815 -0.0157776 -0.0100573 -0.00317444 0.00457069 0.0123894 0.0168324 0.0142295 0.00846133 0.0102887 0.0236007 
0.0471724 0.0571913 0.0601416 0.0563264 0.0464862 0.0347303 0.025116 0.0186515 0.0154601 0.0142668 0.0111498 0.00367152 -0.00579419 -0.0134347 -0.018091 -0.0205868 -0.0215069 -0.020775 -0.0181612 -0.0135318 -0.007055 0.000295396 0.00702246 0.0125427 0.0170653 0.0193319 0.0174513 0.0144234 0.0181982 0.0315512 
0.046565 0.055084 0.0581658 0.0542446 0.0438784 0.0317748 0.0219138 0.0147575 0.010265 0.00793129 0.00496168 -0.000908603 -0.00831879 -0.0145005 -0.0184576 -0.0205136 -0.0206748 -0.0185436 -0.0141052 -0.00795976 -0.000935248 0.00578167 0.0106632 0.0133516 0.0152571 0.0172653 0.018559 0.0197572 0.0245675 0.0347819 
0.0382718 0.0423172 0.0441459 0.0416676 0.0346842 0.0262412 0.0185011 0.0112209 0.00510785 0.00150774 -0.000910634 -0.00468902 -0.00987831 -0.0146721 -0.0179755 -0.0195899 -0.0192807 -0.0167663 -0.0123742 -0.00710756 -0.00181995 0.00291672 0.00632055 0.00829215 0.0103719 0.0141297 0.019107 0.0238842 0.0283863 0.0333036 
0.022996 0.0225837 0.0233365 0.0234531 0.0217941 0.019107 0.015399 0.00953781 0.0028525 -0.00146024 -0.00328062 -0.0054005 -0.00901654 -0.0129213 -0.0157999 -0.017138 -0.0168136 -0.0149075 -0.0119536 -0.00883719 -0.00592864 -0.00287163 0.00055327 0.00433114 0.00881414 0.0142196 0.019681 0.0236594 0.0251623 0.0244392 
0.00473769 0.00334163 0.00487145 0.00722905 0.00872238 0.00950626 0.00922944 0.00620072 0.00111099 -0.0025527 -0.0036932 -0.00471267 -0.00719987 -0.0102785 -0.0125732 -0.013534 -0.01327 -0.0121232 -0.0105802 -0.00913753 -0.0076597 -0.00513396 -0.000576603 0.00597511 0.0131504 0.018521 0.0200826 0.0179936 0.0138295 0.00888528 
-0.0102473 -0.00879141 -0.00481023 -0.00172774 -0.00133256 -0.00190721 -0.00175974 -0.00214125 -0.00400436 -0.00551432 -0.00550664 -0.00545251 -0.00661969 -0.00839356 -0.00962922 -0.00990019 -0.00943198 -0.00859525 -0.00767685 -0.0068268 -0.00571309 -0.00319553 0.00205566 0.0101087 0.0184609 0.0223321 0.0183401 0.00866122 -0.00111276 -0.0076454 
-0.0179634 -0.0125173 -0.00586833 -0.00298527 -0.00582142 -0.010674 -0.0129642 -0.012504 -0.0114885 -0.0104062 -0.00889178 -0.00763224 -0.00731072 -0.00753322 -0.0075329 -0.00701306 -0.00615312 -0.00520615 -0.0042639 -0.00331889 -0.00219772 -0.000135541 0.00414666 0.0110983 0.018319 0.0202162 0.0125653 -0.00140288 -0.0134535 -0.0188656 
-0.017857 -0.0105195 -0.002855 -0.000221296 -0.00496868 -0.0128718 -0.0178057 -0.0180458 -0.0157895 -0.01305 -0.0105485 -0.00869099 -0.00759526 -0.00688429 -0.00609899 -0.00508189 -0.00394791 -0.00281478 -0.00163719 -0.000397579 0.000728634 0.00185576 0.003915 0.00784214 0.0123009 0.0125171 0.00441839 -0.00879138 -0.0188198 -0.021407 
-0.0128608 -0.00655106 -0.000391584 0.00172979 -0.00247425 -0.0099259 -0.0152405 -0.0161261 -0.0140096 -0.0111732 -0.00896725 -0.00770529 -0.00698781 -0.00626084 -0.00529074 -0.00415708 -0.00301755 -0.00188915 -0.000605229 0.000840503 0.00196301 0.00227666 0.00225122 0.00310421 0.00469757 0.00383245 -0.00265858 -0.0121033 -0.0178407 -0.0173247 
-0.00817473 -0.00397811 -0.000615979 0.000417129 -0.00214741 -0.00682304 -0.0104002 -0.0111103 -0.00960061 -0.00760576 -0.00644491 -0.00627705 -0.00633144 -0.00590533 -0.00498197 -0.00392598 -0.00299396 -0.00212368 -0.0010185 0.000384346 0.00148978 0.00148895 0.000459169 -0.000422683 -0.000577537 -0.00185819 -0.00648386 -0.0124443 -0.0148734 -0.0125116 
-0.00721327 -0.00442577 -0.00324485 -0.00347291 -0.00492786 -0.00706138 -0.008695 -0.00886513 -0.00767174 -0.00617465 -0.00546508 -0.00565937 -0.00589918 -0.00547368 -0.0045297 -0.00360073 -0.00297656 -0.00254247 -0.00192465 -0.000939672 -3.84681e-05 -2.36047e-05 -0.00106329 -0.00222755 -0.00272354 -0.00366371 -0.00683575 -0.011108 -0.012899 -0.0108691 
-0.00891172 -0.00666241 -0.00649639 -0.00777045 -0.00920893 -0.0103671 -0.0110879 -0.0108753 -0.0094989 -0.00762338 -0.00629089 -0.00578309 -0.0054033 -0.00455327 -0.00345704 -0.00264032 -0.00231924 -0.00236663 -0.00245472 -0.00231047 -0.00207021 -0.00225728 -0.00311307 -0.0039847 -0.00407019 -0.00409233 -0.00585944 -0.00936785 -0.0120168 -0.011604 
-0.00976117 -0.00780397 -0.00810009 -0.0101689 -0.012241 -0.0135881 -0.0142955 -0.0140438 -0.0124352 -0.00995499 -0.00767409 -0.00606585 -0.00470204 -0.00320724 -0.00186245 -0.00108676 -0.000963652 -0.00137383 -0.00213537 -0.00300684 -0.00382893 -0.00471204 -0.00579738 -0.00664469 -0.00647843 -0.00565541 -0.0059469 -0.00831195 -0.0111165 -0.0117144 
-0.00817887 -0.00665177 -0.00730529 -0.00979042 -0.0123141 -0.0139878 -0.0149439 -0.0149629 -0.0135327 -0.0109504 -0.00819784 -0.00582109 -0.00365757 -0.00160933 -1.64782e-05 0.00081573 0.000907425 0.000359767 -0.000801034 -0.0024604 -0.00430488 -0.00606132 -0.00765453 -0.00877911 -0.00876698 -0.00765672 -0.00686275 -0.00770082 -0.00940981 -0.00978299 
-0.00514061 -0.00421168 -0.00515343 -0.00762674 -0.0100935 -0.01177 -0.0128651 -0.0132304 -0.012264 -0.010053 -0.00738106 -0.00475522 -0.00220967 0.000129108 0.001893 0.00284765 0.00303775 0.00254513 0.00131135 -0.000679753 -0.00310583 -0.00544591 -0.00737461 -0.00863087 -0.0087597 -0.00771795 -0.00647953 -0.00618403 -0.0066266 -0.00642837 
-0.00180737 -0.00159696 -0.00278878 -0.00507778 -0.0072919 -0.00884125 -0.00995552 -0.0105162 -0.00992086 -0.0081302 -0.00573246 -0.00314943 -0.000520483 0.00190769 0.00376533 0.00483262 0.00513742 0.0047898 0.00375373 0.00191858 -0.000514939 -0.00296867 -0.0049032 -0.00598165 -0.0059527 -0.00492807 -0.00364453 -0.00291968 -0.00277576 -0.00249097 
0.0010253 0.000476111 -0.000946801 -0.00306377 -0.00510938 -0.00661602 -0.00768639 -0.00820607 -0.00769606 -0.00610795 -0.00389448 -0.00140325 0.00119458 0.00362675 0.00552797 0.0066472 0.00700016 0.00679002 0.00608369 0.0047062 0.00264646 0.000375764 -0.00142234 -0.00224388 -0.00193695 -0.000830268 0.00037722 0.00110034 0.00125484 0.00116655 
0.00272189 0.00152489 -0.000107616 -0.0021271 -0.00413599 -0.00567948 -0.00661028 -0.00683254 -0.00611729 -0.00449648 -0.00232268 0.000120744 0.00267217 0.0050927 0.00702714 0.00816794 0.00851224 0.00835753 0.00788502 0.00689828 0.00520741 0.00314563 0.00146844 0.000805404 0.00125735 0.00237122 0.00346797 0.00407918 0.00408447 0.00358224 
0.00283115 0.00115442 -0.00079266 -0.00293154 -0.00502789 -0.0065648 -0.00716028 -0.00680004 -0.00559641 -0.00372183 -0.00143026 0.00107415 0.00364585 0.00608759 0.00806741 0.00923274 0.00954469 0.00932902 0.00883361 0.00791036 0.00634313 0.00440885 0.00285913 0.002291 0.00270007 0.00363589 0.00454733 0.00501464 0.0048623 0.00410653 
0.000450304 -0.00152713 -0.00385422 -0.00624264 -0.00837496 -0.00966692 -0.00964092 -0.00841626 -0.00643317 -0.00403583 -0.00140982 0.00132861 0.00404357 0.00654878 0.0085415 0.00967681 0.00989637 0.00948683 0.00869753 0.00748201 0.00573624 0.00375937 0.00225962 0.00170045 0.00190199 0.00245137 0.00300882 0.00320296 0.00280686 0.00188103 
-0.00531554 -0.0072792 -0.00967664 -0.0120138 -0.0137994 -0.0144356 -0.013513 -0.0112726 -0.00834115 -0.00522403 -0.00211327 0.000963941 0.00390554 0.00649573 0.00843313 0.00943014 0.00945469 0.00873171 0.00746952 0.00571704 0.00349185 0.00111738 -0.000691946 -0.00151074 -0.0016911 -0.00171315 -0.00173904 -0.00202903 -0.00281098 -0.00391549 
-0.0138482 -0.0154188 -0.0173636 -0.0190938 -0.0200058 -0.0196014 -0.0176691 -0.0144824 -0.0106477 -0.0068004 -0.00322563 0.000144406 0.00330197 0.00598659 0.0078441 0.0086355 0.00837769 0.007259 0.0054611 0.00308985 0.000176796 -0.00301507 -0.00566806 -0.00714316 -0.00786194 -0.00854187 -0.00930003 -0.0102059 -0.0114152 -0.0126565 
-0.0226578 -0.0237324 -0.0249651 -0.0256914 -0.025363 -0.0237898 -0.0210166 -0.0171758 -0.0126636 -0.00823259 -0.0043306 -0.000798659 0.00249592 0.00525657 0.0070298 0.00756924 0.00692708 0.00530732 0.00293052 -5.45591e-05 -0.00371213 -0.0079419 -0.0117655 -0.0141079 -0.0153213 -0.0164762 -0.0178008 -0.0191467 -0.0205561 -0.0217546 
-0.0281634 -0.029239 -0.030079 -0.0298453 -0.0282736 -0.0257278 -0.0225273 -0.0185174 -0.0137653 -0.00908897 -0.0050848 -0.00152886 0.00180274 0.0045496 0.00615441 0.00635057 0.00521536 0.00299277 -1.39485e-05 -0.00358251 -0.00786025 -0.0129308 -0.0177043 -0.0206435 -0.0218986 -0.0228589 -0.0240302 -0.0251803 -0.026289 -0.0272664 
-0.027843 -0.0297411 -0.0308937 -0.0302437 -0.0279068 -0.0248706 -0.0217746 -0.0182134 -0.0138717 -0.00946019 -0.00560088 -0.00208676 0.0012136 0.00380543 0.0051038 0.00490582 0.00332018 0.000584557 -0.00294889 -0.00693352 -0.0114603 -0.0167335 -0.0217248 -0.0246128 -0.025194 -0.0249742 -0.0249313 -0.0250887 -0.0254963 -0.0263456 
-0.0230673 -0.0258429 -0.0274287 -0.0268122 -0.0243866 -0.0215065 -0.0190913 -0.0166154 -0.0133693 -0.00973353 -0.00620524 -0.00272265 0.000524543 0.00286354 0.00380898 0.00332188 0.00153756 -0.00138184 -0.00509709 -0.00910775 -0.013322 -0.0180198 -0.0224636 -0.0248096 -0.0243844 -0.0225481 -0.0208321 -0.019802 -0.0196662 -0.0207257 
-0.0185087 -0.0208151 -0.0217023 -0.0207818 -0.0186092 -0.016429 -0.0151412 -0.0141508 -0.012452 -0.00998395 -0.00697468 -0.00355816 -0.000374173 0.00171842 0.00239917 0.00181048 9.65854e-05 -0.00266463 -0.00614814 -0.00970268 -0.0130739 -0.0167079 -0.0203706 -0.0223998 -0.0216131 -0.0189793 -0.0163646 -0.0148169 -0.0146803 -0.0160561 
-0.0172152 -0.0174184 -0.0162768 -0.0143822 -0.0124074 -0.0111199 -0.0110134 -0.011428 -0.0112913 -0.0101337 -0.00779819 -0.00456095 -0.00149247 0.000384979 0.000894798 0.000311287 -0.00122714 -0.0036867 -0.00670066 -0.00946998 -0.0116869 -0.0141587 -0.0173793 -0.0200229 -0.0203236 -0.0184696 -0.0161714 -0.014753 -0.0147436 -0.0159249 
-0.0179416 -0.0156507 -0.0123117 -0.00934253 -0.00752167 -0.00706086 -0.00785736 -0.00921168 -0.0102051 -0.0101066 -0.00841895 -0.00551281 -0.00273122 -0.00114117 -0.00079382 -0.00134473 -0.00270029 -0.00489001 -0.00749094 -0.00951329 -0.0105798 -0.0119664 -0.0151577 -0.0193813 -0.0220946 -0.0220731 -0.0203877 -0.0187522 -0.018232 -0.0184775 
-0.0181443 -0.0139938 -0.00898645 -0.00537355 -0.00410428 -0.00468046 -0.00620466 -0.00793655 -0.00934836 -0.00980373 -0.00868199 -0.00634388 -0.00411703 -0.00293373 -0.00273096 -0.00316803 -0.00427987 -0.0062769 -0.00875691 -0.0104621 -0.0107468 -0.0112383 -0.0145212 -0.0205491 -0.0258916 -0.0275124 -0.0256654 -0.0227857 -0.0209798 -0.0201017 
-0.0170899 -0.0114414 -0.00474654 -0.000780425 -0.000787035 -0.00301772 -0.00531957 -0.00691902 -0.00809193 -0.0087969 -0.00843703 -0.00709014 -0.0057416 -0.00508342 -0.00500775 -0.00526166 -0.00606817 -0.00791209 -0.0105179 -0.0123531 -0.0123241 -0.0121209 -0.0151639 -0.0221277 -0.0290471 -0.0314373 -0.0287547 -0.0241147 -0.0209657 -0.0196067 
-0.0144366 -0.00711361 0.00164894 0.0058936 0.00410632 -0.000147123 -0.00307926 -0.0040818 -0.00470818 -0.00579864 -0.00673966 -0.00706715 -0.00715131 -0.00734858 -0.00759035 -0.00781236 -0.00842906 -0.0101516 -0.0128509 -0.0148054 -0.0144597 -0.013291 -0.0151531 -0.0214632 -0.0284709 -0.0309792 -0.0275522 -0.0215765 -0.0178336 -0.0169571 
-0.00736357 0.000905837 0.0108054 0.0146954 0.0109944 0.00499094 0.00188138 0.00173173 0.00153479 -0.000293714 -0.00305674 -0.00573979 -0.00790325 -0.00937786 -0.010189 -0.0106282 -0.0113301 -0.013078 -0.0157417 -0.017426 -0.0161612 -0.0131127 -0.0124766 -0.0166515 -0.022629 -0.0247687 -0.0205347 -0.013406 -0.00945991 -0.00947142 
0.0056374 0.0121425 0.0206644 0.0233454 0.0184525 0.0117553 0.00879784 0.00894409 0.00836432 0.00536444 0.000740117 -0.00423817 -0.00841976 -0.0110729 -0.0123743 -0.0130948 -0.0141156 -0.0161477 -0.0188452 -0.0200141 -0.0172228 -0.0113438 -0.00715615 -0.0083374 -0.0125574 -0.0134056 -0.00721222 0.00205635 0.00666909 0.00546884 
0.0185001 0.0204207 0.0262075 0.0285364 0.0247887 0.0192624 0.0163566 0.015146 0.0125925 0.00798367 0.00218825 -0.00390382 -0.00906405 -0.0122815 -0.0138306 -0.0148012 -0.0162049 -0.0186216 -0.0214515 -0.0221488 -0.0177231 -0.00873923 -0.000754818 0.00121244 -0.000773264 0.000795931 0.0103125 0.0225043 0.0273618 0.0231401 
0.0228736 0.0200078 0.0247486 0.0293886 0.0293524 0.0262991 0.022843 0.0186031 0.0128857 0.00678724 0.00105544 -0.0045732 -0.00958227 -0.0129556 -0.0147992 -0.0161237 -0.0178404 -0.0204099 -0.0231717 -0.0234246 -0.0176892 -0.00618658 0.00488718 0.00944893 0.00954674 0.0136545 0.0263531 0.0406184 0.0439739 0.0343025 
0.0187967 0.0134984 0.0197454 0.028068 0.0314572 0.029732 0.0248767 0.0177095 0.00976156 0.00340382 -0.00114279 -0.00550142 -0.0100142 -0.0136351 -0.0160216 -0.0177966 -0.0196506 -0.0219966 -0.0243309 -0.0241063 -0.0176544 -0.004876 0.00784505 0.0138059 0.0148509 0.0199247 0.0338443 0.0486475 0.050098 0.0355829 
0.014661 0.0100181 0.0180617 0.0276342 0.0305265 0.0270308 0.0203969 0.0125248 0.00526012 0.000404402 -0.00270842 -0.00627839 -0.0107606 -0.0148423 -0.0176909 -0.0195676 -0.0211095 -0.0228534 -0.0245507 -0.0240052 -0.0177033 -0.00529389 0.00719623 0.0130015 0.0135177 0.0175414 0.0303986 0.0448051 0.0464374 0.0318117 
0.0188303 0.0174931 0.0252213 0.0309977 0.0285166 0.020877 0.0131316 0.00707418 0.00279697 3.12199e-05 -0.00266357 -0.00682358 -0.0120007 -0.0164385 -0.0191023 -0.02025 -0.0207809 -0.0215081 -0.0224382 -0.0218045 -0.016495 -0.00598453 0.00453255 0.00899639 0.00853843 0.0110419 0.0217648 0.0352382 0.039349 0.0302589 
0.0331468 0.0364236 0.0413017 0.038951 0.0283422 0.0167393 0.00967408 0.00676845 0.00534481 0.00327387 -0.000837178 -0.00698974 -0.0133585 -0.017855 -0.0197013 -0.0195257 -0.0185879 -0.0179086 -0.0176941 -0.0166787 -0.0123113 -0.00395664 0.00426578 0.00750154 0.00677974 0.00837093 0.0166906 0.0286036 0.0358487 0.0351853 
0.0513617 0.0578579 0.0582189 0.046794 0.0290392 0.0160591 0.0119331 0.0123784 0.0121879 0.0089457 0.00230396 -0.00626284 -0.0139271 -0.0185236 -0.01969 -0.0184246 -0.0161516 -0.0138851 -0.0119391 -0.00955463 -0.00474821 0.00321346 0.0110738 0.0146283 0.014248 0.014631 0.0199373 0.0296382 0.0389811 0.0453334 
0.0645617 0.0705622 0.0659254 0.0481554 0.0272942 0.015996 0.0156845 0.0183986 0.0179246 0.0131661 0.00492123 -0.0049901 -0.0135898 -0.0186348 -0.0198062 -0.0181375 -0.014992 -0.0112676 -0.00728703 -0.0026042 0.0043811 0.0144575 0.0246696 0.030348 0.0305103 0.0290446 0.0309849 0.0379229 0.0469989 0.0557646 
0.0716627 0.0743168 0.065114 0.0442407 0.0233714 0.0143766 0.0164028 0.0196937 0.0184628 0.0132207 0.0051333 -0.00474709 -0.0137679 -0.0193553 -0.0208331 -0.0190322 -0.0151793 -0.0101215 -0.00417269 0.00308857 0.0130847 0.0264091 0.0399347 0.0482816 0.0494066 0.0469428 0.0464682 0.0503716 0.0569454 0.0643482 
0.0785371 0.0783588 0.0651851 0.0415174 0.0197967 0.0111006 0.0137223 0.0173553 0.0161357 0.0109757 0.00308051 -0.00684909 -0.0161173 -0.0218135 -0.0231178 -0.0207793 -0.0158826 -0.00931747 -0.00148248 0.00819076 0.0209865 0.0368059 0.0521692 0.0620305 0.0646125 0.0630626 0.0616871 0.0625608 0.0660731 0.0721872 
0.083826 0.084477 0.0692036 0.0421967 0.0179364 0.00816059 0.0110266 0.0156176 0.0149086 0.00915264 4.52896e-06 -0.0109485 -0.0204642 -0.0257356 -0.0263917 -0.0232959 -0.0172958 -0.0093062 0.000112639 0.011699 0.0264582 0.0430923 0.0578648 0.0675276 0.0718132 0.0724993 0.0708037 0.0682152 0.0685933 0.0750484 
0.0791555 0.0849234 0.0724985 0.0458009 0.0211933 0.0111815 0.0135865 0.0174426 0.0156443 0.00828455 -0.00253035 -0.0144679 -0.0241082 -0.0291299 -0.0296846 -0.0265904 -0.0203382 -0.0118573 -0.001871 0.010509 0.0259093 0.0417917 0.0545481 0.063447 0.0697747 0.0730574 0.0709172 0.0643267 0.0605021 0.0664777 
0.0648657 0.0768303 0.0724926 0.0533324 0.0340992 0.0256153 0.0252819 0.02417 0.0179271 0.00801559 -0.00357707 -0.0153838 -0.0249362 -0.0304166 -0.0318893 -0.0297222 -0.0241247 -0.0162199 -0.00693852 0.00469791 0.0190424 0.0329657 0.0436758 0.0527052 0.0618647 0.0680603 0.0660826 0.0563784 0.0477981 0.0506354 
0.0517135 0.0668194 0.0709422 0.0637523 0.054936 0.0500723 0.0456062 0.0363361 0.022716 0.00881841 -0.00355032 -0.0147575 -0.0241179 -0.0303189 -0.0328427 -0.0314337 -0.0263165 -0.0190799 -0.0109999 -0.00120411 0.0105468 0.0215145 0.0306169 0.0411551 0.0542083 0.0637915 0.0627663 0.0515732 0.0396866 0.0388727 
0.047611 0.0628387 0.0711416 0.0737362 0.0761167 0.0771279 0.0705701 0.0541289 0.0327775 0.0133612 -0.0017216 -0.0138125 -0.0236805 -0.0305451 -0.0334353 -0.0318036 -0.0262495 -0.0189283 -0.0115263 -0.00353553 0.0051983 0.0130201 0.0210899 0.0339724 0.0511104 0.0633926 0.0623688 0.0498086 0.0368604 0.0354703 
0.0518092 0.068445 0.0774437 0.0835109 0.0922096 0.0984834 0.0929843 0.0738529 0.0479744 0.0234522 0.00372607 -0.0117629 -0.0237564 -0.0316045 -0.0343684 -0.0318897 -0.0253743 -0.0173049 -0.00957941 -0.00222714 0.00456271 0.0100959 0.017403 0.0317581 0.0510359 0.0636676 0.0604837 0.0455614 0.033277 0.0357931 
0.0628366 0.0840806 0.0926037 0.0953539 0.101323 0.106985 0.102659 0.0856828 0.0612805 0.0356536 0.0122917 -0.00752791 -0.0228269 -0.0322152 -0.0350306 -0.03196 -0.0247404 -0.0157209 -0.00666624 0.00173004 0.00832095 0.0124781 0.0181828 0.0312034 0.0490216 0.059406 0.0533639 0.0371529 0.0281306 0.0384476 
0.0881891 0.111017 0.113802 0.105853 0.100683 0.0994207 0.094869 0.0834822 0.0663343 0.0450206 0.0215338 -0.00114466 -0.0195509 -0.0308491 -0.0343763 -0.0314413 -0.0239468 -0.0137978 -0.00252057 0.00839823 0.0163684 0.0199087 0.0229859 0.0317388 0.044598 0.0510265 0.044161 0.0323136 0.0331091 0.0552906 
0.142827 0.154685 0.137464 0.108944 0.0882471 0.0794522 0.076038 0.0723415 0.0648075 0.0503164 0.0290876 0.00544731 -0.0149344 -0.0279014 -0.0325201 -0.0301506 -0.0224655 -0.0109473 0.00290429 0.0168959 0.0273557 0.0317459 0.0329641 0.0366487 0.0427188 0.0446434 0.0407926 0.0426739 0.064678 0.105167 
0.225264 0.213059 0.161096 0.103398 0.0662392 0.0529954 0.0535527 0.058221 0.0594849 0.051026 0.0322296 0.00889872 -0.011751 -0.025155 -0.0303718 -0.0284658 -0.0206406 -0.00810976 0.00746057 0.0236054 0.0366344 0.0434563 0.0451178 0.045579 0.0459071 0.0446059 0.0473457 0.070216 0.122563 0.186797 
