0.420823 0.431973 0.363956 0.250073 0.14146 0.0684081 0.0311105 0.0150727 0.00598802 -0.00410862 -0.015793 -0.0250821 -0.0287193 -0.027386 -0.0243447 -0.0220149 -0.0205144 -0.0191546 -0.0182431 -0.0185417 -0.0190203 -0.0162768 -0.00747533 0.00672958 0.0245372 0.0486789 0.0877099 0.150964 0.240824 0.342964 
0.394347 0.41308 0.356866 0.25104 0.143796 0.0679685 0.0275794 0.0104442 0.00251435 -0.00548045 -0.0156307 -0.0244395 -0.0281986 -0.0270636 -0.0241621 -0.022023 -0.0207351 -0.0191686 -0.0169707 -0.0147574 -0.0123711 -0.00765468 0.00189935 0.0163863 0.0344295 0.0578053 0.0932279 0.148561 0.226954 0.318847 
0.314783 0.338062 0.301679 0.218989 0.127977 0.0595406 0.0211648 0.0046055 -0.00187561 -0.00715543 -0.014299 -0.0209696 -0.0238971 -0.0229132 -0.0205221 -0.018771 -0.0175551 -0.0156015 -0.0122565 -0.00808361 -0.00370035 0.00182145 0.010524 0.0231753 0.0388681 0.0582507 0.085588 0.126338 0.183465 0.252655 
0.217737 0.242533 0.226867 0.172823 0.105294 0.0499487 0.0165766 0.00145472 -0.0037638 -0.00661268 -0.0107042 -0.0150603 -0.0172115 -0.0167113 -0.0151902 -0.0139666 -0.0127272 -0.0103322 -0.00620876 -0.00100113 0.00414256 0.00921475 0.0157181 0.0247855 0.0359828 0.049263 0.0669436 0.0923214 0.127656 0.172452 
0.136644 0.1609 0.160467 0.130641 0.0852691 0.0437991 0.0166442 0.00359242 -0.000738466 -0.00248727 -0.00533729 -0.00906182 -0.0115423 -0.0119268 -0.0111863 -0.01025 -0.00880527 -0.00596182 -0.00140357 0.00405421 0.00899193 0.0129065 0.0168457 0.0219105 0.0278902 0.0345215 0.0433172 0.0567523 0.0767592 0.104425 
0.0842549 0.107759 0.115402 0.100649 0.0710311 0.0409858 0.0200665 0.00954279 0.00564983 0.00332411 -0.000643866 -0.00584654 -0.00976082 -0.0109894 -0.0103431 -0.00903558 -0.00709164 -0.00382798 0.000893512 0.00607749 0.0102033 0.012714 0.0144897 0.0163376 0.0177967 0.018463 0.0199976 0.0255915 0.0378897 0.0580913 
0.0563337 0.0806108 0.0916724 0.0838776 0.0627828 0.040078 0.0239219 0.0154101 0.0112339 0.00717795 0.000865495 -0.00662399 -0.0120573 -0.0135492 -0.0121348 -0.00978034 -0.00710267 -0.00354347 0.00106074 0.00560402 0.00850738 0.00940837 0.00934988 0.00888916 0.00706124 0.00322573 -0.000471655 0.00054124 0.0103472 0.0300441 
0.0430423 0.0698606 0.0832688 0.0785256 0.0610777 0.0416198 0.0274018 0.0190566 0.0134832 0.00731466 -0.000999084 -0.0099534 -0.0160355 -0.0171847 -0.0146703 -0.0111027 -0.00768251 -0.00397907 0.000302801 0.00404508 0.00559398 0.00476244 0.00288469 0.00051624 -0.00356331 -0.0100655 -0.0164964 -0.017466 -0.00782355 0.0138351 
0.0361977 0.0656172 0.0821525 0.0805716 0.0655578 0.0470314 0.032004 0.0214772 0.0132553 0.00508974 -0.00402826 -0.0129401 -0.0187286 -0.0195284 -0.0164777 -0.0122098 -0.00823425 -0.00435928 -0.000276515 0.00292878 0.00353226 0.00133466 -0.00219626 -0.00629169 -0.0118401 -0.0191349 -0.0256342 -0.0264686 -0.0167819 0.0053838 
0.032031 0.0616982 0.0813669 0.0843108 0.0729171 0.0553195 0.0382822 0.0240813 0.0125095 0.00288011 -0.00569568 -0.0133322 -0.0185053 -0.0196631 -0.0172358 -0.0131403 -0.00884379 -0.00452292 -0.000106327 0.00329912 0.00390116 0.0012683 -0.0032893 -0.00867765 -0.0148498 -0.021175 -0.025416 -0.0246132 -0.0157396 0.00359322 
0.030584 0.0568061 0.0774387 0.0845416 0.0776002 0.0620004 0.0436342 0.0262005 0.012021 0.00212627 -0.00470663 -0.010491 -0.0153695 -0.0178615 -0.0171741 -0.0140447 -0.00965999 -0.00459403 0.000817368 0.00534128 0.00706784 0.00516092 0.000551109 -0.0052953 -0.0110596 -0.0150059 -0.015547 -0.0124176 -0.00524246 0.00848803 
0.0323817 0.0517398 0.0696145 0.0781117 0.0746125 0.0617708 0.0440464 0.0258709 0.0114638 0.00301772 -0.00131164 -0.0053006 -0.0103679 -0.0147702 -0.0163615 -0.0146608 -0.0104673 -0.00461861 0.00217442 0.00849328 0.0122392 0.0120944 0.00852439 0.00329182 -0.00113985 -0.00214591 0.00110464 0.00637391 0.0115318 0.018777 
0.0356224 0.0460763 0.0578952 0.0645308 0.0625653 0.0526578 0.0377201 0.0219564 0.0100901 0.0044723 0.00269034 7.48734e-05 -0.00529475 -0.0113186 -0.0148789 -0.0145881 -0.0108197 -0.00442274 0.00370849 0.0119984 0.0181402 0.020384 0.018748 0.0150367 0.0123125 0.0136847 0.0195342 0.0260968 0.0294146 0.0308082 
0.0366073 0.0382833 0.0431205 0.0464641 0.0448976 0.0378057 0.0267735 0.0151978 0.00723068 0.00469292 0.00490401 0.00323519 -0.00208979 -0.00875705 -0.0132921 -0.0138688 -0.0104849 -0.00379103 0.00533292 0.0152329 0.0234649 0.0280272 0.0286007 0.026726 0.0253958 0.0278114 0.0344001 0.0410368 0.0427106 0.0394756 
0.0322711 0.0278656 0.0278101 0.0289464 0.0279594 0.0234165 0.0159667 0.0081914 0.00346413 0.00309578 0.00448088 0.00344905 -0.00143443 -0.00781791 -0.0122959 -0.0129803 -0.00965426 -0.00277653 0.00681768 0.0174573 0.0267465 0.032755 0.0350536 0.0347351 0.0341658 0.0362237 0.0416538 0.0468857 0.0467585 0.0403168 
0.0221068 0.0161138 0.0152587 0.0168897 0.0175115 0.0152096 0.010198 0.00457928 0.00125696 0.00146726 0.00301891 0.00223198 -0.00215261 -0.00792492 -0.0118855 -0.0122158 -0.00866538 -0.00173766 0.00758614 0.0176418 0.0263998 0.032467 0.0356233 0.0364508 0.0362441 0.0370477 0.0398384 0.0421969 0.0398744 0.031796 
0.00853826 0.0051994 0.0075911 0.0126121 0.0161782 0.0160105 0.0122733 0.00699907 0.00305139 0.00207203 0.00263614 0.00157084 -0.00248176 -0.00773435 -0.011266 -0.011288 -0.00760442 -0.00102632 0.00707954 0.0150849 0.0216683 0.0264172 0.0296114 0.0313297 0.0315053 0.0309221 0.0305511 0.0293739 0.0248354 0.0166244 
-0.00398927 -0.00279675 0.00479149 0.0149142 0.0225283 0.0246181 0.0211899 0.0145705 0.00822469 0.00469786 0.00351456 0.00194539 -0.0017116 -0.0063895 -0.00960672 -0.00961118 -0.00625342 -0.000687746 0.00533102 0.010293 0.0137045 0.0162329 0.0187651 0.0210301 0.0217193 0.0203281 0.0176485 0.0138679 0.00808898 0.000932498 
-0.0112401 -0.00660233 0.00515488 0.0199097 0.0315779 0.0357732 0.0317997 0.0225132 0.0127546 0.00640619 0.0037512 0.00216177 -0.000562751 -0.00416578 -0.00678998 -0.0069026 -0.00438432 -0.000468136 0.003049 0.00491596 0.00524667 0.00539511 0.00669395 0.00884454 0.00992704 0.0086181 0.00549143 0.0013848 -0.0037647 -0.00907924 
-0.0119218 -0.00659886 0.00617034 0.0228813 0.0368688 0.0422661 0.0372849 0.0251883 0.0123955 0.00415397 0.00115022 0.000509899 -0.000467711 -0.00220335 -0.00357301 -0.00353851 -0.00204507 -3.37392e-05 0.00114891 0.000668802 -0.00112311 -0.00281276 -0.00297542 -0.00164858 -0.000563489 -0.00115829 -0.00300233 -0.00519763 -0.0079548 -0.0110847 
-0.00873721 -0.00518236 0.0052605 0.0203434 0.0337754 0.0390574 0.0334792 0.0200907 0.00600622 -0.00269754 -0.00501671 -0.0039564 -0.00254181 -0.00171569 -0.00110939 -0.000361955 0.000438939 0.000839784 0.000255087 -0.00161793 -0.00441446 -0.00708488 -0.00845238 -0.00825895 -0.00757438 -0.00741947 -0.0073956 -0.0068807 -0.00673052 -0.00791251 
-0.00646887 -0.0055833 0.000756551 0.0116269 0.0221059 0.0263907 0.0214019 0.00915929 -0.00400476 -0.0120195 -0.0133552 -0.0105716 -0.00668983 -0.00308785 -0.000116493 0.00190821 0.00268809 0.0021782 0.000524243 -0.00203297 -0.00509518 -0.00801437 -0.0100298 -0.0108042 -0.0107781 -0.0104014 -0.00923919 -0.00697855 -0.00497232 -0.00504277 
-0.00834582 -0.00954328 -0.00708531 -0.000963363 0.00580097 0.00907629 0.00592766 -0.00314902 -0.0137045 -0.0203898 -0.0210064 -0.017106 -0.0113374 -0.00541996 -0.000325513 0.00312069 0.00443642 0.0037755 0.00173365 -0.00103063 -0.00398457 -0.00670564 -0.00885536 -0.0102919 -0.0111378 -0.0113812 -0.010512 -0.00837169 -0.00633179 -0.00634777 
-0.013663 -0.0158844 -0.0160439 -0.0136599 -0.00992189 -0.00706666 -0.00763922 -0.0126591 -0.0198474 -0.0249251 -0.02514 -0.0208798 -0.0142068 -0.00703341 -0.000747168 0.00361523 0.00555028 0.00525959 0.00344917 0.000942357 -0.00161888 -0.00391097 -0.00593666 -0.00787757 -0.00980677 -0.0114037 -0.0120196 -0.0114488 -0.0107125 -0.0113723 
-0.0187634 -0.0214286 -0.0231314 -0.023145 -0.0212678 -0.0181953 -0.0160689 -0.0171032 -0.0209097 -0.024307 -0.024264 -0.0202405 -0.0137244 -0.00663108 -0.000455204 0.00388985 0.00608594 0.00633885 0.00521356 0.00340553 0.00148168 -0.000329049 -0.00221324 -0.0045715 -0.00752988 -0.0105976 -0.0129408 -0.0141758 -0.0149264 -0.0163236 
-0.020239 -0.0233345 -0.0260724 -0.0274913 -0.0265434 -0.0229626 -0.0185518 -0.0162638 -0.0171119 -0.0189319 -0.0187345 -0.0154167 -0.00997406 -0.00411093 0.000866227 0.00437146 0.00636315 0.00704737 0.00673758 0.0057997 0.00453527 0.00306384 0.00123717 -0.00131781 -0.00478506 -0.00867593 -0.0120275 -0.0142697 -0.0158087 -0.0176163 
-0.0172831 -0.0208265 -0.0242483 -0.0263352 -0.0257167 -0.021761 -0.0159756 -0.011486 -0.0101263 -0.0106756 -0.0105267 -0.00831469 -0.004539 -0.0004857 0.002869 0.00523529 0.00676509 0.00764437 0.0079423 0.00766483 0.00680965 0.00543483 0.00360552 0.00116247 -0.00212864 -0.00593206 -0.0092586 -0.0114146 -0.0128047 -0.0145265 
-0.011795 -0.0155111 -0.019109 -0.0211997 -0.0205319 -0.0166003 -0.0106311 -0.00533601 -0.00273047 -0.0024158 -0.00247091 -0.0015111 0.000499134 0.0028268 0.00480713 0.00626039 0.0073619 0.00824297 0.00879548 0.00877436 0.00799435 0.00653329 0.00468506 0.0025026 -0.000291323 -0.00351935 -0.00617397 -0.00748221 -0.00800933 -0.00916474 
-0.0069424 -0.0104718 -0.0137753 -0.0154338 -0.0145737 -0.0110713 -0.00588343 -0.000930174 0.00210858 0.00303483 0.00293665 0.00299009 0.00367744 0.0048168 0.00598877 0.0069738 0.00784518 0.00865639 0.00919368 0.00909978 0.00815761 0.00651054 0.00457477 0.00250582 2.1942e-05 -0.00273034 -0.00465008 -0.00491017 -0.00432689 -0.00468763 
-0.00517548 -0.00839185 -0.011287 -0.0125175 -0.0115739 -0.00867431 -0.0045427 -0.00030914 0.00286367 0.00443575 0.00474511 0.00460894 0.00473028 0.00533516 0.00620725 0.0070768 0.00790008 0.00865762 0.00907908 0.00877447 0.00755896 0.00562562 0.00341435 0.00112771 -0.00143209 -0.00402716 -0.00546798 -0.00495302 -0.00354172 -0.00329117 
-0.0068209 -0.00979922 -0.0124892 -0.0136294 -0.0128298 -0.0104219 -0.00696981 -0.00310935 0.000364872 0.00273314 0.00382349 0.00412187 0.00435514 0.00494731 0.00582711 0.00673823 0.00758575 0.00830813 0.00860515 0.00807385 0.00654978 0.00423407 0.0015489 -0.00123483 -0.0041279 -0.00675635 -0.00798384 -0.00718561 -0.00555371 -0.00513497 
-0.0103835 -0.0130917 -0.0157106 -0.0170455 -0.016549 -0.0144164 -0.0111243 -0.00715566 -0.00319115 -5.8869e-05 0.00182689 0.00279029 0.00351391 0.00442454 0.0054793 0.00646606 0.00731716 0.00796815 0.00810051 0.00730739 0.00544671 0.00271665 -0.000503347 -0.00388166 -0.00719296 -0.00991268 -0.0110968 -0.0104313 -0.00910423 -0.00885069 
-0.0141458 -0.01624 -0.0185449 -0.0199945 -0.0197706 -0.0177737 -0.0144123 -0.0102298 -0.00594813 -0.00240869 -2.14311e-05 0.00154544 0.00290533 0.00432679 0.005655 0.00670239 0.00748242 0.00796173 0.00780725 0.00662634 0.00434298 0.00118297 -0.00254934 -0.00654032 -0.0103575 -0.0132837 -0.0145477 -0.014152 -0.0132143 -0.0130418 
-0.0173367 -0.0182546 -0.019685 -0.0208029 -0.0206052 -0.0186661 -0.0152941 -0.0111605 -0.00705388 -0.00367142 -0.00119721 0.000799887 0.00280112 0.00479331 0.00641093 0.00745833 0.00805098 0.00821479 0.00761652 0.00589236 0.00305441 -0.000630312 -0.00495565 -0.00969233 -0.0142438 -0.0176272 -0.0190728 -0.0187756 -0.0178145 -0.0172024 
-0.0199532 -0.0192208 -0.0191992 -0.019405 -0.0188535 -0.0168777 -0.0136348 -0.00987702 -0.00642258 -0.00371337 -0.0015757 0.000560608 0.00300955 0.0054446 0.00726677 0.00823474 0.00853799 0.00827758 0.00716061 0.00485777 0.00141344 -0.00292744 -0.00805929 -0.0137968 -0.0193445 -0.0233799 -0.0249799 -0.0244288 -0.0228734 -0.0212562 
-0.0219186 -0.0194828 -0.0177127 -0.0165647 -0.0153238 -0.0132461 -0.0102865 -0.00713403 -0.00457439 -0.00282185 -0.00137744 0.000479425 0.00296729 0.00555247 0.00745659 0.00834402 0.0083967 0.00777798 0.00628105 0.00360384 -0.000289716 -0.00529039 -0.0113661 -0.0182272 -0.0247642 -0.0292973 -0.0307768 -0.0296493 -0.0272683 -0.024601 
-0.0228177 -0.0191961 -0.0158226 -0.0131934 -0.0111227 -0.00900215 -0.00655175 -0.00418663 -0.00255285 -0.00175424 -0.00115131 7.2557e-05 0.0021661 0.00458955 0.00650281 0.00744518 0.0074956 0.00683252 0.00533712 0.00269963 -0.00129456 -0.00673634 -0.0135927 -0.0213057 -0.0283733 -0.0328589 -0.0337997 -0.0320118 -0.029155 -0.0261266 
-0.0224435 -0.0185634 -0.0141365 -0.0102298 -0.00739802 -0.00539931 -0.00373009 -0.00230719 -0.00146711 -0.00131286 -0.00133796 -0.000793536 0.000673355 0.00272791 0.00463127 0.00582628 0.00623117 0.00596938 0.0049466 0.00278658 -0.000926687 -0.00643235 -0.0135915 -0.0215132 -0.028373 -0.0321845 -0.032314 -0.0301078 -0.0275295 -0.0252318 
-0.0209897 -0.017869 -0.0131826 -0.00845269 -0.00505437 -0.00332061 -0.00260557 -0.00216209 -0.00182095 -0.00174335 -0.00184771 -0.00169806 -0.000848454 0.000735423 0.00259172 0.004156 0.00517979 0.00565799 0.0054253 0.003995 0.000817063 -0.00435807 -0.0112136 -0.0186122 -0.0246057 -0.0273516 -0.0266569 -0.0244119 -0.0228236 -0.0222003 
-0.0183201 -0.016862 -0.0128026 -0.00783358 -0.00406254 -0.00256487 -0.00275452 -0.00321135 -0.00309783 -0.00259579 -0.00222999 -0.00209392 -0.00172535 -0.00065412 0.00106161 0.00295565 0.00464026 0.00592481 0.00649812 0.00577085 0.00318746 -0.001366 -0.00739952 -0.0137148 -0.0184451 -0.0199595 -0.0184417 -0.016248 -0.0158395 -0.0172788 
-0.0136768 -0.0145817 -0.0119771 -0.00730027 -0.00317845 -0.00158961 -0.00238394 -0.0036938 -0.00392045 -0.00305089 -0.00212267 -0.00182269 -0.00179742 -0.00122593 0.000244681 0.00231542 0.00450286 0.00640829 0.00754559 0.0072765 0.00517772 0.00137393 -0.00352435 -0.00843143 -0.0116859 -0.0118223 -0.00923608 -0.00665024 -0.00690933 -0.0101469 
-0.00681441 -0.0104419 -0.00986667 -0.00582604 -0.00117095 0.00110155 0.000217774 -0.00194648 -0.00303925 -0.00248651 -0.00145979 -0.00111829 -0.00135405 -0.00120886 -3.69949e-05 0.00203782 0.00448611 0.00672068 0.0080934 0.00798001 0.00618424 0.00311537 -0.000531277 -0.00385529 -0.00545197 -0.00400146 4.52151e-06 0.00359245 0.00345172 -0.000950638 
0.000631317 -0.00552875 -0.00709905 -0.00386164 0.00147436 0.00498529 0.00461678 0.00176361 -0.000610233 -0.00106867 -0.000499092 -0.000332518 -0.000784384 -0.000959112 -6.9551e-05 0.00189464 0.00438861 0.00668119 0.00800948 0.00782204 0.00618581 0.00378791 0.00141645 -0.000176655 0.000116461 0.00332012 0.00875898 0.0133404 0.0135134 0.00838141 
0.00513118 -0.00269568 -0.00580477 -0.00319621 0.00286034 0.00787372 0.00851528 0.00540679 0.00190555 0.000355871 0.000338155 0.00027936 -0.000342407 -0.000748091 -8.2954e-05 0.00173744 0.00413045 0.00624661 0.00727922 0.00683012 0.00525114 0.00347508 0.0024012 0.0026992 0.00510229 0.0100214 0.0162893 0.0207953 0.0203251 0.0142182 
0.00321856 -0.00489435 -0.00802094 -0.00506681 0.00205572 0.00867181 0.0105525 0.00762361 0.00349629 0.00127313 0.000937774 0.000784536 3.68079e-05 -0.000581767 -0.000123626 0.00153138 0.00369165 0.00536078 0.00575275 0.00473967 0.00302563 0.00178198 0.00201533 0.00431479 0.00890806 0.015257 0.0213558 0.024105 0.021247 0.0132485 
-0.0052614 -0.0122745 -0.0133712 -0.00834096 0.000641893 0.00885649 0.0117649 0.00903348 0.0045541 0.00200857 0.00164303 0.00155987 0.000716168 -0.000182603 -3.13475e-05 0.00134087 0.00306696 0.00393952 0.00323267 0.00121593 -0.00094215 -0.00179196 -0.000245975 0.00410671 0.0108187 0.0182184 0.023336 0.0230889 0.0164411 0.00558474 
-0.0157121 -0.0207959 -0.0183051 -0.00972602 0.00162942 0.010916 0.0139687 0.0108342 0.00580371 0.0029697 0.00270433 0.00282298 0.00191457 0.000630175 0.000291636 0.00117531 0.00222033 0.00198639 -0.0001419 -0.00340723 -0.00611047 -0.00650928 -0.00350962 0.00294354 0.0115771 0.0196625 0.0235327 0.0202367 0.00975793 -0.00411764 
-0.0221216 -0.0252374 -0.0188661 -0.00643784 0.00694814 0.0161775 0.018031 0.0135267 0.00745775 0.00415654 0.00397786 0.00433304 0.00333214 0.0015454 0.000558997 0.000787839 0.00100622 -0.000367198 -0.00373498 -0.00785584 -0.0106018 -0.0100584 -0.00527832 0.00324364 0.0133602 0.0216263 0.0242996 0.0188765 0.00591169 -0.010036 
-0.022545 -0.0243634 -0.0149985 0.000632603 0.0154969 0.023963 0.0238422 0.0173449 0.00981043 0.0057274 0.00536883 0.00570948 0.00438597 0.00192965 0.000195525 -0.000296675 -0.000873839 -0.00306698 -0.00695544 -0.0109574 -0.0128046 -0.0106483 -0.00384722 0.00645405 0.0173217 0.025036 0.0264709 0.0199892 0.00631721 -0.0102684 
-0.0208262 -0.0223668 -0.0113648 0.00671213 0.023246 0.0317092 0.0303576 0.0222678 0.0132763 0.00809748 0.00704876 0.00684655 0.0048162 0.00148993 -0.0010947 -0.00237206 -0.00366362 -0.00626741 -0.0099277 -0.0129676 -0.0132919 -0.00929884 -0.000688642 0.0108049 0.0216328 0.0281041 0.0280928 0.0210968 0.00784176 -0.00840159 
-0.0229685 -0.0247378 -0.0129141 0.00726241 0.0262042 0.036298 0.0354859 0.0270915 0.0172588 0.0110077 0.00894433 0.0078647 0.00497358 0.00071322 -0.00285443 -0.00508869 -0.00713887 -0.00999962 -0.0132135 -0.0152296 -0.0142554 -0.00891969 0.000838847 0.0128467 0.0230876 0.027929 0.0261428 0.0183398 0.00539655 -0.0103895 
-0.0313216 -0.0324939 -0.019431 0.00283804 0.0243049 0.036662 0.0374206 0.0297951 0.0199482 0.0130981 0.0102988 0.00870246 0.00540638 0.000480949 -0.00414245 -0.00756627 -0.0105399 -0.0137843 -0.0168432 -0.0184028 -0.0168981 -0.0110238 -0.000799183 0.011295 0.020818 0.0239747 0.0199784 0.0103498 -0.00339045 -0.0191155 
-0.0411558 -0.0401783 -0.0249552 -0.00091936 0.0218089 0.0350021 0.036364 0.0292074 0.0195663 0.0126255 0.00984008 0.00873419 0.00605434 0.00110575 -0.00442241 -0.00912305 -0.0130982 -0.0168181 -0.0199767 -0.0215393 -0.0200822 -0.0142204 -0.00386725 0.00836178 0.0176017 0.0195651 0.0133413 0.00109655 -0.0144543 -0.0303353 
-0.0439734 -0.0404853 -0.0234463 0.00106449 0.0229901 0.034583 0.0342507 0.0258819 0.0156102 0.00854417 0.00638275 0.00679415 0.00583607 0.00172398 -0.00419912 -0.00988273 -0.0146097 -0.0185484 -0.0215734 -0.02298 -0.0215634 -0.0158595 -0.0054442 0.00729649 0.017257 0.0194404 0.0122587 -0.00194287 -0.0191538 -0.0350076 
-0.0361478 -0.0319234 -0.0152169 0.00790438 0.0276724 0.0364592 0.0330027 0.0218407 0.00959372 0.00160417 -0.000156501 0.00198822 0.00329596 0.000787655 -0.00471243 -0.0106538 -0.0155007 -0.0190201 -0.0211927 -0.0217099 -0.0198155 -0.0141512 -0.00379156 0.00963655 0.0213243 0.0256683 0.0198807 0.00565161 -0.0122412 -0.0280878 
-0.0233084 -0.0208981 -0.00688148 0.0136527 0.0315863 0.0388434 0.033456 0.0198414 0.00500144 -0.00511453 -0.00783135 -0.00507888 -0.00200872 -0.00263421 -0.00691669 -0.0122298 -0.0164073 -0.0187265 -0.0191439 -0.0177805 -0.0145835 -0.00865347 0.00131679 0.0148801 0.0283189 0.0359138 0.0333113 0.0205629 0.00242068 -0.0142481 
-0.0143966 -0.0150637 -0.00446853 0.013635 0.0312028 0.0397247 0.035714 0.0221731 0.00557137 -0.00758858 -0.0132981 -0.0121505 -0.00883103 -0.00801221 -0.0107077 -0.0147449 -0.0176328 -0.0181407 -0.0160813 -0.0119647 -0.00658082 9.74963e-05 0.00928158 0.0217271 0.0355192 0.0455924 0.0461047 0.0348416 0.0158766 -0.00285291 
-0.0122769 -0.0154256 -0.00722949 0.00940607 0.0277563 0.0395439 0.0398021 0.0292123 0.0125226 -0.00383161 -0.0141906 -0.0168515 -0.0150873 -0.0137774 -0.0150789 -0.017642 -0.0189637 -0.0174182 -0.0126413 -0.00540719 0.00274735 0.0107337 0.0190352 0.0291446 0.0412063 0.051642 0.0538495 0.0434031 0.0231804 0.00189927 
-0.0114051 -0.015709 -0.00858118 0.00712796 0.0258712 0.0403887 0.0451249 0.0386226 0.0232612 0.00451807 -0.0106842 -0.0180915 -0.0190813 -0.0183316 -0.0188972 -0.0202499 -0.0200889 -0.0166389 -0.0094613 0.000555711 0.0114575 0.021162 0.0289845 0.0363908 0.0452668 0.0541718 0.0569479 0.0475715 0.0271688 0.00439527 
-0.00377359 -0.00863468 -0.00251313 0.011451 0.0284785 0.0427892 0.049536 0.0462844 0.033198 0.0139466 -0.00440751 -0.0157967 -0.0198409 -0.0206181 -0.0214577 -0.0222799 -0.021061 -0.0161737 -0.00731429 0.0045772 0.0174978 0.0288085 0.036666 0.041897 0.0475078 0.054455 0.0581333 0.0516942 0.0339686 0.0122176 
0.0143477 0.00820138 0.0114695 0.0213648 0.0337205 0.0443245 0.0500312 0.0486998 0.038834 0.0216947 0.00307575 -0.0104616 -0.0172501 -0.0203265 -0.022505 -0.0236561 -0.0220387 -0.0164363 -0.00689205 0.00556806 0.0191161 0.0310628 0.0388692 0.0426491 0.046002 0.0520521 0.0582685 0.0576587 0.0464876 0.0291407 
0.0416464 0.0326242 0.02958 0.0318915 0.036825 0.0416701 0.0448838 0.0448831 0.0389595 0.0259905 0.00968296 -0.00404435 -0.0127645 -0.0182075 -0.0221461 -0.0241043 -0.0226682 -0.0172239 -0.00826094 0.003131 0.0154378 0.0263503 0.0333153 0.0360998 0.0385159 0.0452044 0.0557124 0.0636312 0.0629082 0.0537315 
0.0759392 0.0626949 0.0492794 0.0398758 0.0352658 0.0342508 0.0354291 0.0365833 0.0339901 0.0251506 0.012128 -0.000251582 -0.00939254 -0.0159885 -0.0208559 -0.0232335 -0.0221191 -0.0175799 -0.0105109 -0.0018996 0.00728256 0.0155262 0.020895 0.0231278 0.0257496 0.0340594 0.0495961 0.0675384 0.0803623 0.0831846 
0.117422 0.100123 0.0733652 0.0485207 0.0325161 0.0259854 0.0257828 0.0272326 0.0256346 0.0186712 0.00814239 -0.00201621 -0.00966907 -0.0152668 -0.0193032 -0.0210488 -0.0199197 -0.0165598 -0.0121716 -0.00749658 -0.00267658 0.00204989 0.0058132 0.00829683 0.0120508 0.0222356 0.0423895 0.07039 0.0985423 0.116802 
0.168993 0.150151 0.109529 0.0665561 0.0364941 0.0228905 0.0201939 0.0201652 0.0169019 0.00911689 -0.000531083 -0.00850452 -0.0134569 -0.0163548 -0.0180997 -0.0183413 -0.016783 -0.0143542 -0.0124962 -0.0117872 -0.0114127 -0.00996485 -0.00701502 -0.00316415 0.00259938 0.0147866 0.0388747 0.0761763 0.120208 0.156628 
0.234563 0.218619 0.165638 0.102309 0.0538368 0.0287593 0.0203216 0.0168941 0.0107692 0.00097266 -0.00908792 -0.0158586 -0.0184859 -0.0185877 -0.0178572 -0.0165657 -0.0145392 -0.0126315 -0.0124348 -0.0145902 -0.0175005 -0.0181191 -0.0147691 -0.0084676 0.000185543 0.0149657 0.0430538 0.0892336 0.149247 0.206007 
0.312573 0.30404 0.240984 0.155676 0.0842664 0.0425478 0.0246387 0.0165493 0.0081203 -0.00306593 -0.0140366 -0.0210427 -0.0229387 -0.0215 -0.0191786 -0.0170041 -0.0148726 -0.0132595 -0.0136683 -0.0169072 -0.0210364 -0.0219444 -0.0170688 -0.00770359 0.00444373 0.022701 0.0555572 0.110618 0.186223 0.264302 
0.385514 0.386918 0.317593 0.212709 0.118349 0.0583969 0.0295377 0.0167595 0.00736891 -0.00386607 -0.0155878 -0.0238434 -0.0264782 -0.0248335 -0.0219023 -0.0195026 -0.0176452 -0.0162405 -0.0163273 -0.0187718 -0.021856 -0.0213748 -0.0144093 -0.00214506 0.0133801 0.0353071 0.072739 0.13492 0.222546 0.318389 
