0.214128 0.168517 0.12299 0.0934718 0.0776396 0.0633665 0.0394062 0.00606846 -0.0231659 -0.0340627 -0.0253376 -0.0089187 0.0017554 0.00189207 -0.00456807 -0.0111472 -0.0137469 -0.0120395 -0.00854427 -0.00571859 -0.00302339 0.00190502 0.00947687 0.0189136 0.0330083 0.0582251 0.0993745 0.154013 0.206711 0.231618 
0.203645 0.16789 0.127314 0.0986967 0.0828242 0.0689703 0.0456856 0.0129734 -0.0159112 -0.0268362 -0.0179199 -0.000393066 0.0116962 0.0120646 0.00408564 -0.00503398 -0.0101888 -0.0103397 -0.00768959 -0.00495357 -0.00211884 0.00306966 0.0109972 0.0198248 0.030708 0.0498261 0.0834456 0.131411 0.181537 0.210939 
0.179592 0.158727 0.128744 0.104682 0.0893308 0.0744913 0.0507476 0.0189011 -0.00875499 -0.0195334 -0.0115672 0.00525636 0.0176079 0.0183345 0.00960779 -0.00159527 -0.00957474 -0.0124972 -0.0119629 -0.0106541 -0.0090177 -0.00499096 0.00196892 0.00937535 0.0168158 0.0298029 0.055563 0.0957301 0.141488 0.174558 
0.156998 0.148125 0.127075 0.106152 0.0899089 0.0738149 0.0512174 0.0227027 -0.00209065 -0.0127056 -0.0070049 0.00733847 0.0187979 0.0199349 0.0113029 -0.00118221 -0.0116486 -0.0174011 -0.0191365 -0.0191611 -0.0182586 -0.0147305 -0.00797329 -0.000887319 0.00476934 0.0137258 0.0338349 0.0678474 0.109119 0.143337 
0.140859 0.136441 0.118777 0.0975199 0.0791472 0.0632 0.044948 0.0228506 0.00263815 -0.00734585 -0.00403174 0.00757751 0.0180963 0.02012 0.0125834 -1.07447e-05 -0.0119251 -0.019628 -0.0226947 -0.0227737 -0.0209974 -0.016463 -0.00878636 -0.000831016 0.0050247 0.0127675 0.0301371 0.0598356 0.0957341 0.12625 
0.124724 0.118263 0.0996937 0.0765886 0.0569894 0.0433631 0.0313925 0.0168003 0.00203788 -0.00590876 -0.00307039 0.00758238 0.0183402 0.0220413 0.0165343 0.00508487 -0.00695152 -0.0154568 -0.0188741 -0.0180175 -0.0144085 -0.00836935 3.93987e-05 0.00863523 0.015384 0.0235358 0.0396641 0.0652891 0.0938655 0.115929 
0.101899 0.0907915 0.0704908 0.0473871 0.0297389 0.0203881 0.0142569 0.00572668 -0.00385738 -0.00823611 -0.00356743 0.00789459 0.0195648 0.0249686 0.0217257 0.0122299 0.00111901 -0.0074268 -0.011008 -0.00958078 -0.00490415 0.00149045 0.00913226 0.0170121 0.0241053 0.032841 0.0478181 0.0689394 0.0893428 0.101431 
0.0736055 0.0585617 0.0384758 0.0192496 0.00744293 0.00370373 0.00189217 -0.00290445 -0.0085398 -0.00940551 -0.00287661 0.008695 0.0198921 0.0255667 0.0237693 0.0161904 0.00637576 -0.00200999 -0.00621043 -0.00546243 -0.00138102 0.00386281 0.00961842 0.0160128 0.0230534 0.0322809 0.0461166 0.0630674 0.0764875 0.0803131 
0.0478789 0.0312722 0.01433 0.00228211 -0.00149245 0.000457877 0.00149845 -0.00145882 -0.00503012 -0.00446808 0.00142635 0.0103583 0.0185133 0.0224485 0.0207619 0.0143693 0.005566 -0.00276667 -0.00789023 -0.00851433 -0.00570905 -0.00157373 0.00314041 0.00897497 0.0164023 0.0262196 0.0391406 0.0527723 0.0610726 0.0592354 
0.0322271 0.0167505 0.00526963 0.00132887 0.00473335 0.0105955 0.0128187 0.010119 0.00653518 0.00595483 0.0087251 0.0130474 0.0167797 0.0180077 0.0156294 0.00972383 0.0015026 -0.00678382 -0.012448 -0.0137633 -0.0110882 -0.00613745 -6.68081e-05 0.0070025 0.0152867 0.0252697 0.0368783 0.0473849 0.0515501 0.0458329 
0.0271452 0.0149087 0.00960652 0.0122594 0.0197815 0.026576 0.0279371 0.0239444 0.0188062 0.0159518 0.0154942 0.0160104 0.0163485 0.0155753 0.0127452 0.00727944 -0.000370751 -0.00829359 -0.0136681 -0.0143126 -0.0100055 -0.00229897 0.00677457 0.0157244 0.0242137 0.0329573 0.0419743 0.0487617 0.0491112 0.0408501 
0.0264121 0.0182011 0.0176404 0.0236917 0.0318594 0.0370289 0.0360077 0.0298403 0.0229392 0.0187997 0.0174542 0.0171205 0.0165912 0.015423 0.0130125 0.00852902 0.00192207 -0.00513097 -0.00959008 -0.00881967 -0.00229882 0.00813713 0.0193413 0.0285928 0.0353817 0.0411044 0.0463412 0.0492434 0.0468491 0.038102 
0.02193 0.0168151 0.0179112 0.0238054 0.0302955 0.0330619 0.0297917 0.0220931 0.0147285 0.0114411 0.0119445 0.0134781 0.014189 0.0139534 0.0127719 0.00989422 0.0048697 -0.000954507 -0.00441603 -0.00249287 0.00541731 0.0168905 0.027777 0.0348148 0.0379804 0.0395547 0.0407535 0.0405799 0.0372976 0.0303068 
0.00888165 0.00494382 0.00519177 0.00929005 0.0142189 0.0160334 0.0123936 0.00499032 -0.00121367 -0.00243457 0.000601048 0.00436651 0.00665144 0.00770909 0.00807831 0.00706887 0.0038141 -0.000753897 -0.00347456 -0.00102776 0.00720474 0.0182082 0.0271552 0.0308401 0.0300051 0.0276164 0.0253161 0.0228692 0.0195053 0.0146095 
-0.0105652 -0.0146147 -0.0148923 -0.0108208 -0.0049022 -0.00144877 -0.00334025 -0.00912592 -0.0139487 -0.0141692 -0.0105895 -0.00656696 -0.00392651 -0.00205788 -0.000326479 0.000354882 -0.00130182 -0.00474178 -0.00690777 -0.00433989 0.00360349 0.0136091 0.0206484 0.0218495 0.0184691 0.0136309 0.00895128 0.00445359 -0.000112629 -0.0051531 
-0.0274924 -0.0313369 -0.0295221 -0.0221735 -0.0128736 -0.00668271 -0.00664066 -0.0113534 -0.0162364 -0.0178023 -0.0163723 -0.0142691 -0.0124885 -0.0103306 -0.00756717 -0.00553309 -0.00581191 -0.0081158 -0.00965332 -0.00712961 9.47103e-05 0.0088677 0.0145303 0.014648 0.0106139 0.00532902 2.76814e-06 -0.00588087 -0.0127949 -0.0204485 
-0.0318566 -0.0342502 -0.0285127 -0.0169492 -0.00515555 0.00157283 0.00116058 -0.00444046 -0.0109505 -0.0151574 -0.0167743 -0.0169325 -0.0159488 -0.0134135 -0.00974666 -0.00662042 -0.00565649 -0.00671843 -0.00748503 -0.00517222 0.000805255 0.0078643 0.012148 0.01167 0.00780094 0.00337195 -0.000632852 -0.00575892 -0.0136336 -0.023504 
-0.0205108 -0.0207028 -0.0121011 0.00075905 0.0108958 0.0139539 0.00990791 0.00179387 -0.00648865 -0.0124127 -0.0155842 -0.0164794 -0.0152046 -0.0118415 -0.00733446 -0.00339904 -0.00143418 -0.00137105 -0.0014819 0.000326941 0.00458078 0.00945322 0.012019 0.0106937 0.00686393 0.00367537 0.00246205 0.000883594 -0.00436885 -0.0131125 
0.000166697 0.00180063 0.0102344 0.0198748 0.0239956 0.0202834 0.0111075 0.000543617 -0.0081366 -0.0135718 -0.0159423 -0.0157543 -0.0132711 -0.0089664 -0.00395609 0.00030051 0.0027652 0.00347525 0.00357946 0.00452609 0.00683657 0.00943488 0.0102779 0.00820045 0.00465377 0.00307043 0.00528545 0.00874598 0.008847 0.00447991 
0.0205529 0.0227193 0.0281471 0.0315398 0.0279043 0.0173958 0.00423662 -0.00716595 -0.0145679 -0.0179471 -0.0182621 -0.0163084 -0.0125839 -0.00774413 -0.00278864 0.00121576 0.00358944 0.00435036 0.00418372 0.0040535 0.00453605 0.00521575 0.00487513 0.00288349 0.00075586 0.0017142 0.0075056 0.0155921 0.0209775 0.021547 
0.0347119 0.0356408 0.0366565 0.0335928 0.0236863 0.00909524 -0.00523106 -0.0155396 -0.0208985 -0.0222913 -0.0210049 -0.0178743 -0.0135162 -0.00866396 -0.00415176 -0.000709326 0.00125677 0.00175806 0.00116703 0.000120735 -0.000755614 -0.00136207 -0.00216336 -0.00316169 -0.00276822 0.0015868 0.0108215 0.0221446 0.0307363 0.03421 
0.0411651 0.0393622 0.0360307 0.0284459 0.0156257 0.000623357 -0.0120833 -0.0200789 -0.0236235 -0.0240506 -0.0223388 -0.0190178 -0.0146899 -0.0101452 -0.00612373 -0.00314364 -0.00144489 -0.00103032 -0.00173196 -0.00315395 -0.00471449 -0.00600629 -0.0068813 -0.00672581 -0.00385164 0.00357957 0.0154066 0.0283469 0.0378184 0.0415575 
0.0407469 0.0358119 0.0291733 0.0196178 0.00716456 -0.00540506 -0.0149041 -0.0203374 -0.0226453 -0.0229109 -0.0215002 -0.0185687 -0.0146548 -0.0105505 -0.0069085 -0.00409879 -0.00227523 -0.00150414 -0.0018095 -0.00304248 -0.0047942 -0.00655294 -0.00771132 -0.00711802 -0.00297939 0.00596968 0.0187546 0.0317739 0.0406644 0.0432367 
0.0350533 0.0280017 0.0197806 0.010504 0.000517525 -0.00839543 -0.0145532 -0.0179614 -0.019606 -0.0199977 -0.018985 -0.0165372 -0.013157 -0.00956058 -0.00625779 -0.00346707 -0.00129195 8.98997e-05 0.000424605 -0.000432841 -0.00232913 -0.00474819 -0.00672329 -0.00667362 -0.00274468 0.00593731 0.0180061 0.0299413 0.0377325 0.0391664 
0.0263159 0.0193296 0.0117778 0.00448806 -0.00231733 -0.00789561 -0.0116678 -0.0140205 -0.0155494 -0.0161854 -0.0155216 -0.0135454 -0.0107601 -0.00777683 -0.00494645 -0.00233695 8.4887e-07 0.00179568 0.0025792 0.00191067 -0.000315095 -0.00358727 -0.0066593 -0.00769019 -0.00488663 0.00234792 0.0125906 0.0227426 0.029386 0.0304504 
0.0180282 0.0134947 0.00856002 0.00393554 -0.000369735 -0.00404965 -0.00684777 -0.00904056 -0.0107953 -0.0117256 -0.0114202 -0.00996684 -0.00786577 -0.00563803 -0.00351212 -0.00143001 0.000630267 0.00237662 0.00321533 0.00248257 -0.000137332 -0.00414961 -0.00814854 -0.0102308 -0.00877958 -0.00337913 0.00469927 0.0129291 0.0186641 0.0203124 
0.0130807 0.0121821 0.0104127 0.00782662 0.00448882 0.00107119 -0.00182182 -0.00419138 -0.00604474 -0.00704268 -0.00694744 -0.00594436 -0.0045037 -0.00306855 -0.00177457 -0.000459623 0.000982444 0.00229451 0.0028477 0.00186609 -0.00109604 -0.00559079 -0.0101871 -0.013036 -0.0126869 -0.00879278 -0.00242415 0.00436111 0.00962937 0.0124798 
0.0104255 0.0125834 0.0131527 0.0114979 0.00804528 0.0042245 0.00114835 -0.00103197 -0.0024343 -0.00298669 -0.00269046 -0.00181204 -0.000783987 2.60928e-05 0.000569005 0.00109409 0.00178301 0.00243116 0.00243331 0.0010167 -0.00228532 -0.00707913 -0.0120009 -0.0152795 -0.0155594 -0.012532 -0.00718302 -0.00132948 0.00360569 0.00740242 
0.00625988 0.0100296 0.0118025 0.0105373 0.00707497 0.0034222 0.000919384 -0.00033561 -0.000654232 -0.000227822 0.000736095 0.00189769 0.00285002 0.00329997 0.00327956 0.00309585 0.00298029 0.00279303 0.00201508 -1.20473e-05 -0.00367168 -0.00861671 -0.0136221 -0.0170338 -0.0176012 -0.0151427 -0.01069 -0.00588299 -0.00170982 0.00214477 
-0.00103565 0.00318107 0.00546583 0.00468615 0.00192581 -0.000648785 -0.00179298 -0.00156066 -0.000406615 0.00129448 0.00317283 0.00482488 0.00588083 0.0061424 0.00571735 0.00492431 0.00399947 0.0028773 0.00119497 -0.00150316 -0.00545865 -0.0103765 -0.015243 -0.0186184 -0.0194492 -0.0177636 -0.0146297 -0.0113537 -0.00841637 -0.00518071 
-0.00957382 -0.00549278 -0.00296469 -0.00302989 -0.004606 -0.00569351 -0.00525694 -0.00345255 -0.000814459 0.00212717 0.0048516 0.00691773 0.00804304 0.00816717 0.00746839 0.00622313 0.00461625 0.00264644 0.000138103 -0.00313935 -0.00728467 -0.0120451 -0.0166247 -0.0198652 -0.0209947 -0.0202807 -0.0187579 -0.0172542 -0.0156885 -0.0132773 
-0.0171871 -0.013428 -0.0106777 -0.00988957 -0.0102 -0.00991727 -0.00814612 -0.00503877 -0.00118148 0.00273752 0.00606599 0.00836544 0.00948565 0.00952578 0.00871179 0.00723254 0.00519121 0.00264069 -0.000432081 -0.00409995 -0.0083714 -0.0129835 -0.0172419 -0.02022 -0.0214706 -0.0215655 -0.0215542 -0.0218143 -0.0216951 -0.0202482 
-0.0234032 -0.0198224 -0.0166561 -0.0149232 -0.014105 -0.0127798 -0.0100457 -0.00597592 -0.00121438 0.00340759 0.00714876 0.00959554 0.0107236 0.0107629 0.00995012 0.0083759 0.00608708 0.0032105 -0.000146846 -0.00401118 -0.00838831 -0.0129591 -0.016977 -0.0196283 -0.0207927 -0.021433 -0.0227326 -0.0247223 -0.026174 -0.0258235 
-0.028341 -0.0245321 -0.0206543 -0.0179663 -0.01631 -0.0143796 -0.0111058 -0.0064274 -0.00103864 0.00411497 0.0082219 0.0108645 0.0120818 0.0121686 0.0113422 0.00962869 0.00708496 0.00395453 0.000450172 -0.00347431 -0.00789663 -0.0124703 -0.0163648 -0.0188221 -0.0199982 -0.0211968 -0.0236973 -0.0272119 -0.0299982 -0.0304743 
-0.0317922 -0.0273835 -0.0225957 -0.0190484 -0.0169314 -0.0149295 -0.0116855 -0.00691327 -0.00127473 0.00422516 0.00869992 0.0116655 0.0131239 0.0133349 0.0124612 0.0105076 0.00760447 0.004152 0.000500387 -0.00338395 -0.00766566 -0.0120825 -0.0158736 -0.0183972 -0.0199663 -0.0219581 -0.0255028 -0.0299888 -0.0334074 -0.0341054 
-0.0337202 -0.028686 -0.0230097 -0.0187343 -0.016419 -0.0147498 -0.0120867 -0.00784839 -0.00252102 0.00296356 0.00770485 0.0111218 0.0130617 0.0136105 0.0128111 0.0106635 0.00739965 0.00358905 -0.000226496 -0.00395439 -0.00779418 -0.0117107 -0.0152755 -0.0180859 -0.0204259 -0.0233601 -0.0276088 -0.0323603 -0.035744 -0.0363129 
-0.0341022 -0.0287935 -0.0226498 -0.0180346 -0.0157571 -0.0145411 -0.0126429 -0.00930478 -0.00477073 0.000287485 0.0051138 0.00905961 0.0117183 0.0128731 0.0123859 0.0102571 0.00681226 0.00275131 -0.0011796 -0.00465127 -0.00780783 -0.0109263 -0.0141213 -0.017322 -0.0206009 -0.0243929 -0.0288879 -0.0333133 -0.0363004 -0.0367392 
-0.0321566 -0.0272205 -0.021719 -0.0179131 -0.0163769 -0.0157446 -0.0144324 -0.0118378 -0.00807224 -0.0034516 0.00152111 0.00614227 0.0097 0.0116378 0.0116528 0.00977946 0.00642412 0.0023366 -0.00161093 -0.00484641 -0.0073854 -0.0097584 -0.0126034 -0.0161565 -0.0202143 -0.0245208 -0.028768 -0.0323611 -0.0345704 -0.0346967 
-0.0271353 -0.0235408 -0.0203725 -0.0191358 -0.0195462 -0.0199558 -0.0191281 -0.0168748 -0.0133173 -0.00849492 -0.00277507 0.00295979 0.00765906 0.0104988 0.0111149 0.00964374 0.00658188 0.00266864 -0.00121994 -0.00438123 -0.00669704 -0.00876557 -0.011456 -0.0151294 -0.0194019 -0.0235984 -0.0270725 -0.0293301 -0.0301801 -0.0295099 
-0.0197818 -0.0186036 -0.0191664 -0.0217269 -0.0249464 -0.0269502 -0.0268797 -0.0248701 -0.0209974 -0.015158 -0.00786259 -0.000415036 0.00573776 0.00960923 0.0108949 0.00988154 0.00716722 0.00348169 -0.000349555 -0.00360623 -0.00608328 -0.00827802 -0.0109441 -0.0143377 -0.0180579 -0.0214361 -0.0237106 -0.0243062 -0.0233781 -0.0216424 
-0.0120952 -0.0139099 -0.0183727 -0.0244757 -0.030229 -0.0338632 -0.0348446 -0.0333462 -0.0292049 -0.0221934 -0.0131078 -0.00380428 0.00384657 0.00876231 0.0107465 0.0102028 0.00778648 0.00424549 0.000416795 -0.00295087 -0.00559824 -0.00790551 -0.0104024 -0.0131474 -0.015809 -0.017979 -0.0189477 -0.0179621 -0.0153872 -0.0128757 
-0.00585004 -0.0103488 -0.0176424 -0.0258674 -0.0329173 -0.0373784 -0.0390374 -0.0380806 -0.0341081 -0.026679 -0.0166727 -0.00629274 0.00229397 0.00794535 0.0105175 0.010402 0.00819606 0.00467106 0.000795633 -0.0025371 -0.00500372 -0.00697538 -0.0089148 -0.0107763 -0.0122814 -0.0132618 -0.0131514 -0.0111193 -0.00767053 -0.00514803 
-0.00146129 -0.00754375 -0.0160598 -0.0249016 -0.0320115 -0.036156 -0.0374511 -0.0364784 -0.0329639 -0.026215 -0.0167863 -0.00674755 0.00173659 0.00751545 0.0103873 0.0105708 0.00847708 0.00487274 0.000931951 -0.00220979 -0.00411515 -0.00519469 -0.00602319 -0.00665292 -0.00689136 -0.00674711 -0.0059338 -0.00379728 -0.000820124 0.000700506 
0.00213678 -0.00387601 -0.0119541 -0.0204383 -0.0271787 -0.0305901 -0.0309226 -0.0294881 -0.0265723 -0.0213315 -0.0137164 -0.00523667 0.00223703 0.00759365 0.0104812 0.0108463 0.00884416 0.0051811 0.00119655 -0.00172911 -0.00295167 -0.00277852 -0.00189303 -0.000648785 0.00085129 0.00228893 0.00342903 0.00452451 0.00550244 0.00517217 
0.00626178 0.00214011 -0.00393526 -0.0114001 -0.0180202 -0.0214757 -0.0217274 -0.0205738 -0.0188351 -0.0155966 -0.0102312 -0.00362691 0.00267824 0.00756981 0.010491 0.0111167 0.00935682 0.00580001 0.00183823 -0.000968404 -0.00168288 -0.000286425 0.00259847 0.00624845 0.010001 0.012935 0.0140773 0.0132874 0.0113754 0.00907659 
0.0107937 0.00987156 0.00695162 0.00118411 -0.00546064 -0.0101227 -0.0121756 -0.0131706 -0.0138172 -0.0129513 -0.00956482 -0.00423329 0.00156431 0.00653062 0.00985236 0.0109917 0.00969 0.00641566 0.00253834 -0.000271065 -0.000799153 0.00136418 0.00581369 0.0115955 0.0174469 0.0216937 0.0226462 0.0200022 0.0156327 0.0122122 
0.01475 0.0171668 0.0175394 0.013854 0.00748617 0.00125444 -0.00377891 -0.00839829 -0.0124879 -0.0142754 -0.0124609 -0.00762288 -0.00151049 0.00416257 0.00823542 0.0100096 0.00917984 0.00617509 0.00234447 -0.000599933 -0.0013301 0.00076832 0.00552318 0.0120648 0.0189224 0.0239782 0.0251297 0.0220204 0.017087 0.0140715 
0.0190235 0.0235222 0.0258102 0.0235198 0.0176254 0.0105372 0.00324312 -0.00454542 -0.0118939 -0.0163157 -0.016095 -0.0117182 -0.00519637 0.00123628 0.00594689 0.00806574 0.00735572 0.00433375 0.000369282 -0.00288505 -0.00427348 -0.00332996 -4.36674e-05 0.00528872 0.0117884 0.0176022 0.0205376 0.0198113 0.0172497 0.0163245 
0.026452 0.0307374 0.0322338 0.0293071 0.0233356 0.0164867 0.0091439 0.000591681 -0.00829913 -0.0147679 -0.016534 -0.0134806 -0.00741201 -0.000910499 0.00385101 0.00574222 0.00461214 0.00115973 -0.00315628 -0.00682198 -0.00916643 -0.0102454 -0.00986325 -0.00715557 -0.00156185 0.00592303 0.0130278 0.0178402 0.0203434 0.0226005 
0.0380626 0.0397732 0.0376304 0.031666 0.0245955 0.0187188 0.0134577 0.00679664 -0.00146948 -0.00897545 -0.0129009 -0.0120502 -0.00744766 -0.00166065 0.00267693 0.00407147 0.00233813 -0.00166692 -0.00633623 -0.0102724 -0.01342 -0.0165429 -0.0192162 -0.019066 -0.0137493 -0.00339205 0.00933154 0.0209463 0.0291979 0.0344051 
0.0509283 0.0488403 0.0416502 0.0315265 0.0228955 0.0181432 0.0155033 0.0115054 0.00471471 -0.00312144 -0.00880838 -0.0100748 -0.00700707 -0.00190848 0.00231337 0.00378649 0.00211746 -0.00185397 -0.00644725 -0.0103215 -0.0138352 -0.0182273 -0.0227794 -0.0238403 -0.0177684 -0.00437419 0.012966 0.029542 0.0416868 0.048508 
0.060243 0.0549315 0.0435713 0.0303502 0.0208979 0.0170176 0.015627 0.0124975 0.00595206 -0.00237189 -0.0090935 -0.01139 -0.00880587 -0.00342285 0.00175195 0.00455952 0.0042893 0.00153102 -0.00221739 -0.0057206 -0.00932737 -0.0140996 -0.0189045 -0.0195863 -0.0123395 0.00262083 0.0213418 0.0389628 0.0519549 0.0590612 
0.0625523 0.0562284 0.0436896 0.0302495 0.0215912 0.0182121 0.0158676 0.0106424 0.00204236 -0.00758676 -0.0148599 -0.0171144 -0.0139297 -0.00731584 -0.000252479 0.00491999 0.00713589 0.00657458 0.00428738 0.00126326 -0.00245514 -0.00703425 -0.0107968 -0.01 -0.00190113 0.0123786 0.0288443 0.0437338 0.0549897 0.0616539 
0.0580773 0.0537755 0.0441088 0.0338459 0.0275191 0.0242943 0.0194141 0.0100803 -0.00221658 -0.0139795 -0.021994 -0.0242337 -0.0205939 -0.0129705 -0.00417233 0.00331222 0.00799833 0.00959775 0.00866673 0.00593678 0.00204027 -0.00196803 -0.00391491 -0.00110712 0.0074504 0.0196558 0.0319818 0.042319 0.0504739 0.0562804 
0.0514344 0.0514242 0.0475114 0.0423467 0.0387406 0.0352781 0.0275996 0.0141889 -0.00179008 -0.0159273 -0.0252886 -0.0285234 -0.0257184 -0.0184169 -0.00909958 -0.000412935 0.00565261 0.00835471 0.00796348 0.00519722 0.00128992 -0.00175527 -0.00161926 0.00317723 0.0120533 0.0223627 0.0312809 0.0378903 0.0431716 0.0479976 
0.0486172 0.052541 0.0537764 0.0526805 0.0506768 0.0465274 0.0367908 0.0208741 0.00266588 -0.0131463 -0.0239323 -0.0287732 -0.0277213 -0.0218389 -0.0132205 -0.00461263 0.00154679 0.0041703 0.00352612 0.000597529 -0.00295489 -0.00479206 -0.00286937 0.00330062 0.0122622 0.0215559 0.029266 0.0348875 0.0392574 0.0437155 
0.0515958 0.0561982 0.0588133 0.058795 0.0567131 0.0514668 0.0404867 0.023839 0.00540399 -0.010496 -0.0216091 -0.0272318 -0.0273374 -0.0226813 -0.0150613 -0.00713942 -0.00151134 0.00057771 -0.000492355 -0.00345989 -0.00650774 -0.00737059 -0.00435675 0.00240993 0.0111272 0.0199793 0.0282587 0.0356348 0.0416591 0.0466603 
0.0562959 0.0577642 0.0583253 0.0575152 0.0547095 0.0481545 0.0361648 0.0198645 0.00294127 -0.0112492 -0.021101 -0.0260208 -0.0259331 -0.0215675 -0.014565 -0.00727268 -0.00209263 -0.000290668 -0.00148108 -0.00432021 -0.00701128 -0.00738002 -0.00382169 0.00330567 0.0119631 0.0207578 0.0300979 0.0400212 0.0485109 0.0537209 
0.0565079 0.0534221 0.0520517 0.0518054 0.049569 0.0420919 0.0289899 0.0133202 -0.00124545 -0.0128488 -0.0209011 -0.0247762 -0.0241536 -0.0198014 -0.0132888 -0.00652532 -0.0015315 0.000421639 -0.000429527 -0.00281181 -0.00502919 -0.00500117 -0.000994794 0.00683711 0.0163425 0.0258292 0.0358392 0.0466719 0.0554137 0.0585052 
0.0508029 0.0447302 0.0445456 0.048157 0.0488595 0.0415373 0.0273497 0.0118711 -0.000815942 -0.0104845 -0.017853 -0.0221009 -0.0222104 -0.0187414 -0.0132151 -0.00716133 -0.00222716 0.000259439 0.000279274 -0.00104402 -0.00225269 -0.00162247 0.00271972 0.0114604 0.0228725 0.0342751 0.0447826 0.0542552 0.0598676 0.0581142 
0.0455459 0.0391294 0.0427558 0.0520123 0.0568209 0.0503844 0.0349298 0.0184045 0.00597939 -0.00325062 -0.011491 -0.0178567 -0.0202941 -0.0187922 -0.0148037 -0.00963959 -0.00466401 -0.00131903 2.99613e-06 0.000144992 0.000134021 0.0010327 0.00484625 0.0138121 0.027481 0.0420609 0.0540859 0.0620664 0.063667 0.0568068 
0.0488613 0.0436248 0.0507484 0.0640889 0.0715122 0.0650325 0.0471723 0.027752 0.0137862 0.00411998 -0.0050982 -0.0135919 -0.0184873 -0.0189987 -0.0164227 -0.0119575 -0.00675156 -0.00239278 0.000212405 0.00144485 0.00179806 0.00161242 0.00309743 0.0104978 0.0254468 0.043731 0.0593602 0.0689053 0.069872 0.0612388 
0.062191 0.0575245 0.0654302 0.079348 0.0862247 0.0773238 0.0551666 0.031163 0.0146778 0.00512056 -0.00310861 -0.0114116 -0.0169582 -0.0182748 -0.0163071 -0.0120871 -0.00654139 -0.00137034 0.00193089 0.0031494 0.00231438 -0.000721666 -0.00348365 0.000205688 0.0144981 0.0360312 0.0574645 0.0732478 0.0792025 0.0734533 
0.0811856 0.0744551 0.0796416 0.0908965 0.0945724 0.0813489 0.0537967 0.0245979 0.005448 -0.00294644 -0.00758902 -0.0125305 -0.0162554 -0.0169592 -0.0149347 -0.010807 -0.00518802 0.00022583 0.00340819 0.00354407 0.000430941 -0.00615459 -0.0135715 -0.0144184 -0.00216075 0.0219364 0.0506824 0.0764399 0.0916981 0.0915362 
0.10412 0.091277 0.0897632 0.0956639 0.0950238 0.0778174 0.0460461 0.0124672 -0.00947372 -0.016783 -0.0166734 -0.0162322 -0.0165975 -0.0162257 -0.0144117 -0.0109536 -0.00597029 -0.000998124 0.00156991 0.000445894 -0.00447867 -0.0130798 -0.0228565 -0.026412 -0.0156623 0.0108115 0.0471875 0.0842252 0.11031 0.115873 
0.133909 0.11059 0.0977501 0.0953375 0.0902172 0.0713772 0.0385659 0.00252339 -0.0224503 -0.0300262 -0.0259414 -0.0199465 -0.0167927 -0.0159122 -0.0153763 -0.0136511 -0.0101122 -0.00599983 -0.00389553 -0.0053844 -0.0102012 -0.017549 -0.025405 -0.0277606 -0.016427 0.0124037 0.0552027 0.102459 0.138991 0.149574 
0.169748 0.133813 0.106352 0.0930939 0.0834982 0.065518 0.0349499 -0.00127633 -0.0288588 -0.0378311 -0.0312924 -0.0207067 -0.0145728 -0.0139082 -0.0156348 -0.0165072 -0.0148849 -0.0115971 -0.00929333 -0.00978194 -0.0123746 -0.015477 -0.0177164 -0.0154738 -0.00192996 0.0283147 0.0746888 0.129201 0.174614 0.189913 
0.201164 0.155894 0.115476 0.0917289 0.0781438 0.0621753 0.0353518 0.000533462 -0.028433 -0.0387354 -0.0308242 -0.0167959 -0.00819225 -0.00793497 -0.0122052 -0.0159778 -0.016393 -0.0137522 -0.0106937 -0.00931527 -0.00878613 -0.00691958 -0.00294771 0.00421472 0.0193025 0.0485429 0.0943965 0.151602 0.202842 0.222941 
