0.491257 0.450302 0.346892 0.221349 0.110796 0.0363421 0.000989465 -0.00743476 -0.00690859 -0.00892728 -0.0139875 -0.0173617 -0.0162239 -0.0114168 -0.00549264 -0.000768087 0.00144099 0.000967399 -0.00133378 -0.0041286 -0.00615185 -0.00637472 -0.00418754 0.00146585 0.0156393 0.0500688 0.118287 0.223465 0.34744 0.450909 
0.41573 0.375285 0.2839 0.17478 0.0780117 0.0120679 -0.0186968 -0.023958 -0.0202575 -0.0190628 -0.0213362 -0.022542 -0.0197579 -0.0137108 -0.00691392 -0.00168829 0.000641735 -6.54062e-05 -0.00288171 -0.00627588 -0.00855467 -0.00839872 -0.00579255 -0.000987498 0.0103455 0.0400872 0.101231 0.194994 0.30227 0.387414 
0.288838 0.250202 0.179026 0.0977613 0.0254612 -0.0241794 -0.0454256 -0.04425 -0.0347758 -0.0284041 -0.0269984 -0.0262829 -0.0228137 -0.0167368 -0.0103136 -0.00585627 -0.00472511 -0.00699663 -0.011475 -0.0160701 -0.0184617 -0.017369 -0.013896 -0.00983249 -0.0019815 0.0205694 0.0691268 0.142714 0.222327 0.278644 
0.176009 0.13871 0.0869202 0.033684 -0.0129306 -0.045334 -0.057536 -0.0517141 -0.0387177 -0.0292071 -0.0258321 -0.0247587 -0.0221224 -0.0174232 -0.0125801 -0.00985306 -0.0105874 -0.014712 -0.0206808 -0.0258389 -0.0274137 -0.0243483 -0.0185874 -0.0129035 -0.00551061 0.0121983 0.0489665 0.102318 0.154668 0.183248 
0.109139 0.0732037 0.0360585 0.0045421 -0.0215255 -0.040551 -0.0476804 -0.0420021 -0.0303962 -0.0216626 -0.0188331 -0.0189011 -0.0180662 -0.0153312 -0.012218 -0.0108977 -0.0127073 -0.0174404 -0.0232907 -0.0273806 -0.0270112 -0.0214511 -0.0126639 -0.00325896 0.00734876 0.0244747 0.0534058 0.0906514 0.121305 0.12887 
0.0818928 0.0473485 0.0199326 0.00304418 -0.00869882 -0.0188145 -0.0246676 -0.0232841 -0.0172311 -0.0124121 -0.0117727 -0.0134432 -0.0141751 -0.0127273 -0.0102824 -0.00895354 -0.0101256 -0.0135114 -0.0171739 -0.0184116 -0.0151756 -0.00724106 0.00402011 0.0172012 0.0324303 0.0517314 0.0764369 0.101934 0.116476 0.109426 
0.0721272 0.0390254 0.0179093 0.0105073 0.00840743 0.00420948 -0.00190807 -0.00590469 -0.00659846 -0.00679159 -0.00887976 -0.0119065 -0.0133199 -0.0119731 -0.00896932 -0.00643823 -0.00577255 -0.00656501 -0.00684854 -0.00439982 0.00184334 0.0114763 0.0238297 0.038996 0.0572967 0.0783673 0.100191 0.117151 0.120367 0.103921 
0.0629401 0.0330337 0.0168961 0.0155739 0.01941 0.0190195 0.0129641 0.00549412 -0.000108508 -0.00443396 -0.00900094 -0.0130688 -0.0145934 -0.0128493 -0.0091724 -0.00570017 -0.00362159 -0.00227418 0.000225218 0.00538061 0.0132128 0.0228471 0.0342998 0.0488822 0.0672338 0.0876473 0.10621 0.117187 0.114199 0.0943555 
0.0512824 0.0279386 0.0170251 0.0192477 0.025452 0.0266017 0.0210589 0.012743 0.00518107 -0.0013643 -0.00757455 -0.0124005 -0.0140897 -0.0124704 -0.00919604 -0.00626233 -0.004428 -0.00270277 0.000595798 0.00614576 0.0130627 0.0203049 0.0286414 0.0403221 0.0562451 0.074122 0.0894735 0.0973453 0.0935287 0.0766875 
0.0411611 0.0268598 0.0218107 0.0258506 0.0313938 0.0316908 0.0263139 0.0188038 0.011714 0.00499749 -0.00163355 -0.00684827 -0.0090938 -0.00853856 -0.00686735 -0.00572744 -0.00543846 -0.00482371 -0.00246132 0.00167033 0.00604473 0.00955714 0.0135799 0.0211052 0.033438 0.0483782 0.0616417 0.0690881 0.067847 0.0573867 
0.0341855 0.0287853 0.0296396 0.0344859 0.0372835 0.0347747 0.0289657 0.0232327 0.0184102 0.0132763 0.00740452 0.00215397 -0.00100683 -0.00208997 -0.00232303 -0.00289045 -0.00393624 -0.00444179 -0.00328662 -0.000758223 0.00132921 0.00174285 0.00198795 0.00537706 0.0137328 0.0256407 0.0376005 0.0457839 0.0473631 0.0422769 
0.0293808 0.0309165 0.0366288 0.0413049 0.0399702 0.0334424 0.0269628 0.0237724 0.0223619 0.0197628 0.0151654 0.00995783 0.00579951 0.00329217 0.00194627 0.000938771 -5.39382e-05 -0.000517542 0.000280883 0.00200238 0.00290863 0.00168781 -0.000499415 -0.000722071 0.00312201 0.0110334 0.0212026 0.0300881 0.0337924 0.0320088 
0.0271543 0.0336037 0.0422414 0.0455297 0.0393743 0.0284449 0.0211325 0.0203943 0.0222178 0.0218155 0.0180697 0.0126652 0.00775468 0.00462949 0.00334137 0.00316057 0.00341922 0.00404419 0.00532191 0.00690789 0.00733596 0.00533173 0.0014454 -0.00232567 -0.00389146 -0.00139865 0.00603964 0.0159254 0.0229456 0.0251739 
0.0285899 0.0385349 0.0482616 0.049746 0.0396203 0.0249616 0.016245 0.0163209 0.0195596 0.0199207 0.0161303 0.0103289 0.00517443 0.00224999 0.00163816 0.00251458 0.00404454 0.00580847 0.00768687 0.00921938 0.00914641 0.00624061 0.000475552 -0.00702153 -0.0141652 -0.017337 -0.0127279 -0.00090903 0.0119529 0.0210538 
0.0312905 0.0433472 0.0533334 0.0544188 0.0432802 0.0269977 0.0165001 0.0151028 0.0172571 0.0167267 0.012253 0.00628567 0.00157087 -0.000664424 -0.000725774 0.000543924 0.00251155 0.00472441 0.0067139 0.00776203 0.00668243 0.00234768 -0.00546341 -0.0159182 -0.026864 -0.0338551 -0.0312617 -0.0175115 0.00156562 0.0183361 
0.0300466 0.0425793 0.0526557 0.0554005 0.0469618 0.0323676 0.0212819 0.0176082 0.0172235 0.0148034 0.00947051 0.00379769 9.32097e-05 -0.00126309 -0.00106538 2.63681e-05 0.00178626 0.00382668 0.00535329 0.0053934 0.00288641 -0.00298731 -0.0121485 -0.0234923 -0.0349902 -0.0428965 -0.0417446 -0.0283829 -0.00685024 0.0141791 
0.0225822 0.0347701 0.0447514 0.049621 0.0456644 0.0355497 0.0264587 0.0220267 0.0196004 0.0153083 0.0091162 0.00382 0.00117202 0.000684476 0.00119702 0.00226037 0.00390208 0.00567637 0.0065458 0.00549146 0.00173738 -0.00511976 -0.0144532 -0.0245885 -0.0338889 -0.0406123 -0.0412806 -0.0320258 -0.0137823 0.00646036 
0.0113883 0.0242807 0.0343271 0.0399031 0.0389918 0.0334753 0.0281245 0.0252804 0.0227119 0.0175415 0.01063 0.0053021 0.00319906 0.00338768 0.00449015 0.00607014 0.00808896 0.00992307 0.0104603 0.00884488 0.0045612 -0.00257742 -0.0114858 -0.0198169 -0.0262635 -0.0313802 -0.0344925 -0.0318598 -0.020829 -0.00447213 
0.00094325 0.0163426 0.0271465 0.0316822 0.030528 0.0269358 0.0247448 0.0248624 0.0242595 0.0198141 0.0126762 0.00686912 0.00458603 0.0050133 0.00666321 0.00892232 0.0115396 0.0137638 0.0145449 0.013176 0.00915956 0.00222535 -0.00633082 -0.0136014 -0.0182674 -0.0223771 -0.0276606 -0.0312207 -0.0276622 -0.0155373 
-0.00437798 0.013778 0.0255741 0.0280627 0.0238874 0.0188876 0.0177791 0.0207221 0.023242 0.0208628 0.0141938 0.00777925 0.00474414 0.00480339 0.00646757 0.00893263 0.0118399 0.0144785 0.0158806 0.0152975 0.0120696 0.00582131 -0.00211971 -0.0087299 -0.0126048 -0.0161494 -0.0222853 -0.0292382 -0.0305951 -0.0216131 
-0.00216401 0.0168149 0.0286829 0.028873 0.0207683 0.0125145 0.0105196 0.0149166 0.0200193 0.0198972 0.0141918 0.00746608 0.00359762 0.00293628 0.00411823 0.00625584 0.00903082 0.0118813 0.0138688 0.014082 0.0117956 0.00683641 0.000520632 -0.00467521 -0.00769248 -0.0105483 -0.0159719 -0.0230131 -0.0259224 -0.0188748 
0.00647678 0.0233868 0.0336708 0.0317523 0.020602 0.00932306 0.00545646 0.00939989 0.0151767 0.0163233 0.0116781 0.00525064 0.00107354 -4.90218e-05 0.000743696 0.00258604 0.00520656 0.00813139 0.0104142 0.0110805 0.00961826 0.00635 0.00255039 -0.000335221 -0.00205394 -0.00393315 -0.00749372 -0.0120977 -0.0138159 -0.00786499 
0.0171715 0.0295518 0.0366608 0.0330238 0.0206416 0.0079739 0.00242362 0.00460028 0.00920113 0.0103369 0.00653523 0.000979983 -0.00271104 -0.0036016 -0.00259906 -0.000498946 0.00236629 0.00545088 0.00780811 0.00860995 0.00774132 0.00600134 0.00454563 0.00380838 0.00325288 0.00231184 0.00105639 0.000182499 0.00126951 0.00663276 
0.0236671 0.0306191 0.0339587 0.029304 0.0176232 0.00559168 -0.000539009 -6.18994e-05 0.00281633 0.00328789 2.77494e-05 -0.0044313 -0.00709013 -0.00714633 -0.00535265 -0.00243532 0.00112983 0.00462063 0.00710303 0.00798654 0.00749023 0.00662215 0.00634726 0.00648945 0.00612431 0.00536583 0.00571237 0.00816378 0.0121893 0.0172315 
0.0212408 0.0239512 0.0245606 0.0201338 0.0107349 0.000894917 -0.00451585 -0.00466894 -0.00282233 -0.00287333 -0.00579015 -0.00932187 -0.0109625 -0.0101139 -0.00743241 -0.00358295 0.000827385 0.00491685 0.00775347 0.00889572 0.00868148 0.0080465 0.00771134 0.00725428 0.00572946 0.00375505 0.00384688 0.0075336 0.0131253 0.0178675 
0.0106996 0.0112604 0.0110147 0.00817224 0.00196788 -0.00497006 -0.00879626 -0.00845015 -0.00659742 -0.00663381 -0.0092171 -0.0121756 -0.0132925 -0.0120441 -0.00894739 -0.0045978 0.000337915 0.00492462 0.00824461 0.00987608 0.0100727 0.0095183 0.00863759 0.00688966 0.00342421 -0.000842018 -0.00278905 -0.000262928 0.00492817 0.00902276 
-0.00248747 -0.00305137 -0.00317423 -0.00393628 -0.00682772 -0.0106875 -0.0124007 -0.0107726 -0.00816302 -0.00767644 -0.00978724 -0.0124535 -0.0136281 -0.0126565 -0.0098223 -0.00564434 -0.000779039 0.00391064 0.00758223 0.00978134 0.0105744 0.0103374 0.00921663 0.00658185 0.00163029 -0.0046568 -0.00897416 -0.00875666 -0.00542781 -0.0027875 
-0.0131598 -0.0152198 -0.0157324 -0.0151529 -0.0152829 -0.0160275 -0.0151708 -0.0118339 -0.00820462 -0.00698457 -0.0085033 -0.0109851 -0.0125241 -0.0122049 -0.0100318 -0.00645711 -0.00209684 0.00231765 0.00605928 0.00864818 0.00996908 0.0101633 0.00924716 0.00661585 0.00147354 -0.00539942 -0.011003 -0.0128248 -0.0118923 -0.0115078 
-0.0193638 -0.0233152 -0.0251616 -0.0245491 -0.0229224 -0.0208626 -0.0174121 -0.0124887 -0.00808233 -0.0062562 -0.00718727 -0.00945948 -0.0113167 -0.0115806 -0.0100057 -0.00699809 -0.00315642 0.00087619 0.0044605 0.00710843 0.00858916 0.00893718 0.00821988 0.00602832 0.0016464 -0.00447761 -0.0100171 -0.0129119 -0.0139202 -0.0156803 
-0.0218486 -0.0271234 -0.0304716 -0.0306792 -0.0283562 -0.0243774 -0.0190935 -0.0133165 -0.00870208 -0.0065803 -0.00704116 -0.00905799 -0.0110228 -0.0115679 -0.0102721 -0.00752209 -0.00395205 -0.000204956 0.00311573 0.00553418 0.00677383 0.00683705 0.00589515 0.0038072 8.76178e-05 -0.00499348 -0.00976602 -0.0127202 -0.0144726 -0.0171613 
-0.0221494 -0.027601 -0.0317371 -0.0327165 -0.030319 -0.025472 -0.0195005 -0.0138068 -0.00958939 -0.00755011 -0.0077917 -0.00962898 -0.0115825 -0.012194 -0.0109511 -0.00823912 -0.00475145 -0.00117874 0.0018826 0.00398877 0.00486067 0.00446289 0.00298159 0.000468531 -0.00323318 -0.0077492 -0.0117693 -0.0141864 -0.0155609 -0.0178079 
-0.0209287 -0.0257212 -0.029789 -0.0310067 -0.0286811 -0.0237541 -0.0180528 -0.0131378 -0.00974243 -0.00814636 -0.00848881 -0.0103088 -0.0122663 -0.012938 -0.0117813 -0.0091482 -0.00574581 -0.00229692 0.000604099 0.00255123 0.00327959 0.00268489 0.000855389 -0.00210271 -0.00606745 -0.0104335 -0.0139899 -0.0158229 -0.0164314 -0.0176448 
-0.0185046 -0.0224093 -0.0259156 -0.0269374 -0.0247352 -0.020292 -0.0154782 -0.0116547 -0.009204 -0.0082028 -0.00878095 -0.0105896 -0.0125111 -0.0133093 -0.0124276 -0.010087 -0.00691293 -0.00361933 -0.000799909 0.00117413 0.00206832 0.00171709 7.13547e-05 -0.00282342 -0.00674228 -0.0109512 -0.0142474 -0.0157468 -0.0158301 -0.0162184 
-0.0166194 -0.0196839 -0.0223952 -0.0230058 -0.0210238 -0.017398 -0.0136609 -0.010796 -0.00902607 -0.00840876 -0.00902503 -0.01059 -0.0123092 -0.0132479 -0.0128192 -0.0110045 -0.00825777 -0.00525665 -0.00259748 -0.000614568 0.000509592 0.000585041 -0.000544336 -0.0029267 -0.00638168 -0.010229 -0.013334 -0.014796 -0.014833 -0.0149449 
-0.0176314 -0.0198998 -0.0216887 -0.0217903 -0.0200087 -0.0170651 -0.0139654 -0.0113974 -0.00966883 -0.00895569 -0.00928878 -0.0104243 -0.0118802 -0.0130082 -0.0131674 -0.012062 -0.00994321 -0.00744098 -0.00515396 -0.00338678 -0.00228635 -0.00206363 -0.00292263 -0.00490394 -0.00782271 -0.0111436 -0.0139805 -0.0155556 -0.015936 -0.0162474 
-0.020931 -0.0224711 -0.0234553 -0.0231558 -0.0214757 -0.0187245 -0.0154378 -0.0122786 -0.00988717 -0.00867302 -0.00864933 -0.00954954 -0.011027 -0.0125683 -0.0134665 -0.0132108 -0.0118775 -0.0100372 -0.00829242 -0.00697242 -0.00627259 -0.00645653 -0.00768976 -0.00980682 -0.012415 -0.0150841 -0.0173442 -0.0187552 -0.0193325 -0.01981 
-0.0219366 -0.0229096 -0.0236308 -0.0234401 -0.0219958 -0.0191539 -0.0152021 -0.0110127 -0.00768193 -0.00594528 -0.0058662 -0.00706945 -0.00910152 -0.0113935 -0.0131829 -0.0138546 -0.0133554 -0.0121681 -0.010908 -0.0100279 -0.00988359 -0.0108094 -0.0128478 -0.0155047 -0.0180574 -0.0200676 -0.0213944 -0.0219171 -0.0217321 -0.0215027 
-0.0164274 -0.0171358 -0.0185245 -0.0193619 -0.0186771 -0.0159704 -0.0115505 -0.00657203 -0.00252773 -0.000520966 -0.000767488 -0.00275216 -0.00574899 -0.00900892 -0.011736 -0.0132999 -0.0135394 -0.0128053 -0.0117235 -0.0109434 -0.0110454 -0.0124407 -0.0150698 -0.0182108 -0.0208881 -0.0225086 -0.0228673 -0.021814 -0.0195878 -0.0173361 
-0.0051439 -0.00610605 -0.00915828 -0.0119734 -0.0126766 -0.0105532 -0.00613727 -0.00082245 0.00366059 0.00585202 0.00526454 0.00248014 -0.00148322 -0.00566326 -0.00923656 -0.0115787 -0.0124106 -0.0119125 -0.0106926 -0.0095748 -0.00933087 -0.0104676 -0.0129845 -0.0161938 -0.0190259 -0.0205946 -0.0202407 -0.0174397 -0.0125606 -0.00760856 
0.00688867 0.00515336 4.20858e-06 -0.00506656 -0.00734299 -0.00606359 -0.00202472 0.00331958 0.00821504 0.0108946 0.0104548 0.00734174 0.00274522 -0.00217091 -0.00650496 -0.00958074 -0.0109761 -0.0107003 -0.00931413 -0.00771769 -0.00676107 -0.00704684 -0.00879341 -0.0115558 -0.0142796 -0.0157684 -0.0148683 -0.0106781 -0.00366137 0.00342098 
0.0150359 0.0125249 0.00593891 -0.000519715 -0.00379218 -0.00330569 5.41146e-05 0.00515951 0.0105313 0.0141589 0.0145311 0.0116518 0.0066996 0.00105992 -0.00416056 -0.00812594 -0.010255 -0.010432 -0.00917697 -0.00738756 -0.005891 -0.00532952 -0.00611302 -0.0080263 -0.0100967 -0.0110322 -0.00951519 -0.0045284 0.00344568 0.0113682 
0.0185083 0.0158084 0.0092427 0.00300949 -0.000197394 -0.0002255 0.0022366 0.00683688 0.0126638 0.017513 0.0190831 0.0166615 0.0112816 0.00462645 -0.00183269 -0.00699855 -0.0101414 -0.0110885 -0.0103541 -0.00882878 -0.00730647 -0.00638924 -0.00645657 -0.00731524 -0.00815024 -0.00795016 -0.00566377 -0.00039022 0.00747987 0.0151238 
0.0199531 0.0175761 0.0122382 0.00753072 0.00522155 0.00493833 0.00643238 0.0103919 0.0166071 0.0226884 0.0254579 0.0233737 0.0172921 0.00927661 0.00128098 -0.00529186 -0.00961631 -0.0115292 -0.0115475 -0.0105507 -0.00933654 -0.00843216 -0.0079883 -0.0076653 -0.00690573 -0.00525422 -0.00212663 0.00319162 0.0104143 0.0171326 
0.0219704 0.0197503 0.0158529 0.012942 0.0116028 0.0109925 0.0114695 0.0148148 0.0214488 0.0287039 0.0325267 0.0306349 0.0237786 0.0144326 0.00503771 -0.00274784 -0.00809762 -0.0109065 -0.011632 -0.0110435 -0.00991424 -0.00871285 -0.0073878 -0.00557177 -0.00314234 -0.000214352 0.0035103 0.00866365 0.0149368 0.0202229 
0.0231514 0.020298 0.0172069 0.0155372 0.0146883 0.0135206 0.0131305 0.0162762 0.0236976 0.0322114 0.0369898 0.0353396 0.0280958 0.0180733 0.0080155 -0.00032629 -0.00621433 -0.00959732 -0.0107693 -0.0102401 -0.0086419 -0.00636514 -0.00332737 0.0004821 0.00443033 0.00792051 0.0113721 0.0156183 0.0202691 0.0233461 
0.0184898 0.013989 0.0107857 0.00965936 0.00901059 0.00762917 0.00734392 0.0114683 0.0204803 0.0304492 0.0361171 0.0349467 0.0280997 0.0185155 0.00887296 0.00079822 -0.00508155 -0.00870777 -0.010157 -0.00961508 -0.00744394 -0.00381986 0.00131267 0.00728896 0.0123987 0.0155446 0.017547 0.0197361 0.0217373 0.0216307 
0.00571778 -0.00138566 -0.00558615 -0.00666775 -0.00685081 -0.00720983 -0.00551096 0.00127953 0.0126937 0.0241216 0.0305381 0.0301529 0.0245327 0.016408 0.00802448 0.000740125 -0.00487175 -0.00868678 -0.0106189 -0.0105923 -0.0086091 -0.00443697 0.00208442 0.00965179 0.0154753 0.0179137 0.0181109 0.0178203 0.0166296 0.0126504 
-0.00968578 -0.0201823 -0.0262281 -0.02778 -0.0271537 -0.0251568 -0.0197477 -0.00912417 0.00485321 0.0173248 0.0242225 0.024797 0.0208269 0.0145359 0.00758942 0.00109936 -0.00432389 -0.00847457 -0.0112161 -0.012317 -0.0113982 -0.00773352 -0.000931441 0.00737817 0.0137521 0.0161465 0.0156591 0.0138276 0.00976581 0.00164315 
-0.0183235 -0.032655 -0.0412634 -0.044023 -0.0429009 -0.0384176 -0.0291773 -0.0150161 0.000881457 0.0138271 0.0209503 0.022363 0.0197979 0.0149633 0.0090948 0.00316869 -0.00212549 -0.00650482 -0.00984014 -0.0118251 -0.0117836 -0.00862516 -0.00179747 0.0070121 0.0142871 0.017896 0.0184689 0.0164769 0.0100681 -0.00230361 
-0.0159056 -0.0336381 -0.0449626 -0.0496479 -0.0491437 -0.0437191 -0.0325436 -0.0165689 0.000272823 0.0134805 0.0208097 0.0226768 0.0207549 0.0166426 0.0114786 0.00614985 0.0013474 -0.00259074 -0.00553071 -0.00714919 -0.0066483 -0.00285775 0.00467295 0.014254 0.0227347 0.028217 0.0306315 0.0289708 0.0204512 0.00419935 
-0.00633346 -0.0255178 -0.0386607 -0.0455265 -0.0469731 -0.0429155 -0.0325846 -0.0170128 -0.000112098 0.0134866 0.0211487 0.0229973 0.0208985 0.0169048 0.0123429 0.00795875 0.00429809 0.00167884 0.000218395 0.000197366 0.0023777 0.00773179 0.0163171 0.0264121 0.0355357 0.0422702 0.045852 0.044063 0.0339001 0.0154969 
0.00367313 -0.0135185 -0.0264369 -0.0349474 -0.0391057 -0.0381561 -0.0308468 -0.0174353 -0.00121179 0.0127796 0.0207436 0.0221729 0.0193704 0.0151403 0.0110664 0.00769593 0.00533891 0.00418268 0.00423318 0.00569698 0.00928838 0.0156928 0.0244691 0.0339288 0.0424717 0.049275 0.0529917 0.0508007 0.0404218 0.0231588 
0.00995112 -0.00158596 -0.0116446 -0.0203675 -0.026956 -0.0296952 -0.0263791 -0.016001 -0.000967318 0.0131616 0.0212159 0.0220188 0.0183309 0.0136096 0.00959175 0.00661869 0.0047574 0.00398034 0.00411248 0.00535644 0.00856225 0.0143158 0.0218311 0.0295289 0.0366125 0.0427477 0.0461906 0.0441189 0.0355821 0.0229839 
0.0121866 0.00824982 0.0032272 -0.00375255 -0.0116386 -0.0177648 -0.0184847 -0.0112792 0.00223506 0.0160271 0.0238618 0.0240801 0.019698 0.0144666 0.0101027 0.00676327 0.0043004 0.00246271 0.000946533 0.000117254 0.00120899 0.00499822 0.0105721 0.0163703 0.0219865 0.0273047 0.0304373 0.029 0.023453 0.0170493 
0.0125766 0.0158456 0.0169118 0.0133878 0.00542302 -0.00364742 -0.00833012 -0.00452587 0.00672194 0.0192223 0.0264116 0.0264469 0.0221957 0.0171438 0.0127515 0.00902385 0.00568871 0.00238763 -0.00114867 -0.00427285 -0.00532718 -0.00327733 0.000916081 0.00558321 0.0103255 0.0149436 0.0174574 0.016047 0.0124509 0.0107163 
0.0121658 0.021203 0.0284031 0.0291397 0.0217177 0.00972978 0.000559107 -0.000112922 0.00735615 0.0172966 0.023663 0.0245661 0.0220958 0.0187886 0.0155861 0.0124212 0.00908903 0.0053399 0.00108769 -0.00282587 -0.00461406 -0.00319757 0.000439148 0.00461517 0.00888319 0.0127151 0.0137717 0.0106583 0.00643043 0.00629649 
0.00921774 0.022854 0.0353771 0.039886 0.0328183 0.0176697 0.00325474 -0.00320792 -0.000893676 0.00582051 0.0119089 0.0152356 0.0164476 0.0166131 0.0160401 0.0147275 0.012735 0.0100724 0.0068289 0.00376928 0.00239337 0.00358553 0.00644049 0.00956124 0.0126926 0.0150449 0.0138061 0.00780346 0.0013221 0.000954051 
0.00363532 0.021389 0.0379283 0.0446498 0.0370177 0.0185483 -0.00111696 -0.0135503 -0.0164971 -0.0127165 -0.00619702 0.00041786 0.00607125 0.0103116 0.0129047 0.0140074 0.0139962 0.0131258 0.0115314 0.00965912 0.00845524 0.00846381 0.00895624 0.00915539 0.00952189 0.00966742 0.00674163 -0.00055227 -0.00766383 -0.00729143 
0.000429697 0.0224191 0.0419703 0.0492139 0.0397746 0.0180148 -0.00580314 -0.022755 -0.0297463 -0.0283625 -0.0217993 -0.0130356 -0.00433721 0.00276596 0.00763079 0.0104655 0.0118211 0.0120964 0.0114043 0.00982665 0.00766168 0.00496388 0.00119364 -0.003438 -0.00704016 -0.00865644 -0.0105595 -0.0148045 -0.0183281 -0.0144418 
0.00561304 0.0313821 0.052849 0.0591254 0.0468334 0.022184 -0.00379163 -0.0225628 -0.0315041 -0.0321176 -0.0270994 -0.0190289 -0.0102044 -0.00248179 0.00313559 0.00658126 0.00827308 0.00862018 0.00776226 0.00555567 0.00168519 -0.00439224 -0.0130308 -0.0227807 -0.0299175 -0.0316509 -0.0293963 -0.0265657 -0.0229978 -0.0136583 
0.0212582 0.0479304 0.068225 0.0712178 0.0551067 0.0282575 0.00240184 -0.0150684 -0.0233318 -0.0250765 -0.0228545 -0.018005 -0.0115347 -0.00480101 0.000865903 0.00472385 0.0066302 0.00677078 0.00535813 0.00228407 -0.00311235 -0.0118369 -0.024066 -0.037298 -0.0462851 -0.046562 -0.0386049 -0.0272021 -0.0154975 -0.000775336 
0.0455058 0.0676662 0.0811348 0.077085 0.055793 0.0271514 0.00303209 -0.0107047 -0.0157531 -0.0169008 -0.0170203 -0.0158582 -0.0123117 -0.00661863 -0.000320319 0.00489624 0.00792431 0.00841537 0.00662101 0.0027774 -0.00361632 -0.0136439 -0.0273634 -0.041797 -0.0509301 -0.0490306 -0.0353847 -0.0154767 0.00446485 0.023815 
0.0741598 0.0866733 0.0874642 0.0722034 0.0439583 0.0134201 -0.00819218 -0.0168515 -0.0169074 -0.0155076 -0.0161801 -0.0173067 -0.0156757 -0.0102355 -0.00256443 0.00474853 0.00952437 0.0107224 0.00858826 0.00391697 -0.00318488 -0.013513 -0.0270891 -0.0409992 -0.0491333 -0.0449066 -0.0261081 0.00211862 0.0309574 0.0551341 
0.106949 0.108131 0.0926265 0.0623934 0.0247802 -0.00843229 -0.0273333 -0.0304546 -0.0249619 -0.0200502 -0.0197595 -0.021528 -0.0206909 -0.0152423 -0.00665923 0.0019433 0.00766155 0.00895533 0.00610489 0.000470724 -0.00714143 -0.0171392 -0.0295878 -0.0419056 -0.0482508 -0.041521 -0.0178288 0.0190257 0.0584437 0.0897055 
0.157441 0.14859 0.114502 0.0649792 0.013967 -0.0243771 -0.0418017 -0.0404486 -0.0307152 -0.0232953 -0.0221449 -0.0240182 -0.0236851 -0.0188426 -0.0108646 -0.0029008 0.0020389 0.0023578 -0.00152508 -0.00786369 -0.0153888 -0.0242444 -0.0345858 -0.0442274 -0.0476894 -0.0373908 -0.00751646 0.0402201 0.0941588 0.137653 
0.245254 0.227179 0.171268 0.0971306 0.0274019 -0.0204052 -0.0398707 -0.0373894 -0.026815 -0.0197879 -0.0194897 -0.0220432 -0.0224224 -0.018757 -0.0125028 -0.0065283 -0.00342752 -0.00444933 -0.0089683 -0.0151121 -0.0214764 -0.0280637 -0.0350368 -0.0405051 -0.0392117 -0.022775 0.0169412 0.0806058 0.155497 0.218042 
0.365152 0.33717 0.257131 0.155713 0.0644663 0.00381687 -0.0217485 -0.0224767 -0.0150946 -0.0115849 -0.0139237 -0.0176681 -0.0185256 -0.0156208 -0.0107623 -0.00650025 -0.00482008 -0.0064605 -0.0106179 -0.0155357 -0.0199076 -0.0235558 -0.0264126 -0.0266806 -0.0190756 0.00597534 0.0590953 0.143008 0.243329 0.328685 
0.468279 0.431483 0.332395 0.210239 0.102443 0.030723 -0.00189396 -0.00784968 -0.00530488 -0.00604308 -0.0109493 -0.0152759 -0.0156365 -0.0122565 -0.00740808 -0.00345645 -0.00191152 -0.00310831 -0.00617649 -0.0096168 -0.0122506 -0.0135297 -0.0129803 -0.00892173 0.00398202 0.0365719 0.101498 0.202504 0.323163 0.425785 
