0.24059 0.276076 0.259417 0.196352 0.118966 0.0601688 0.0310513 0.0211432 0.0144355 0.00298587 -0.0102856 -0.01861 -0.0203738 -0.020214 -0.0223787 -0.0261294 -0.0275131 -0.0231092 -0.012606 0.000358025 0.0108425 0.0175046 0.0235792 0.0319635 0.0415328 0.050066 0.0595291 0.0781501 0.116586 0.176666 
0.194974 0.221744 0.203887 0.146577 0.0776082 0.0259454 0.00221598 -0.0023538 -0.0033216 -0.0100619 -0.0208508 -0.0283193 -0.0291274 -0.0270268 -0.0271136 -0.0300417 -0.0323012 -0.029954 -0.022109 -0.0121751 -0.00497041 -0.00144096 0.00245255 0.0105032 0.0219851 0.033861 0.0457117 0.0628963 0.0946109 0.143499 
0.123052 0.139668 0.127571 0.0901428 0.044372 0.00801796 -0.0111186 -0.0164477 -0.0173803 -0.0216317 -0.0293086 -0.0347201 -0.0343699 -0.0311298 -0.0299706 -0.0321497 -0.034684 -0.0337951 -0.0284374 -0.0214767 -0.0170184 -0.0156892 -0.0134812 -0.00624222 0.0058739 0.0190434 0.0300842 0.0412335 0.0600987 0.0904594 
0.0635734 0.0712455 0.06465 0.0464332 0.0237697 0.00297116 -0.0121709 -0.0202967 -0.0237848 -0.0272923 -0.0323714 -0.0359124 -0.0352805 -0.032353 -0.0308682 -0.0318239 -0.0329534 -0.0315358 -0.0270993 -0.0220737 -0.0195824 -0.0197973 -0.0188716 -0.0124671 -0.000457272 0.0123173 0.0206553 0.0252169 0.0327177 0.0472946 
0.03809 0.0407186 0.0356881 0.0259222 0.0146233 0.00239974 -0.00978727 -0.0187654 -0.0230677 -0.0251954 -0.027611 -0.0295945 -0.0296468 -0.0284112 -0.0275328 -0.0271006 -0.025654 -0.0221573 -0.0174059 -0.0138012 -0.0133409 -0.015007 -0.0144095 -0.00727623 0.0056533 0.0179099 0.0233451 0.0230097 0.023909 0.0302016 
0.0387443 0.0402637 0.0340062 0.0231201 0.0118442 0.000859269 -0.00974188 -0.0172937 -0.0198655 -0.0192695 -0.0184528 -0.0184532 -0.0188749 -0.0193188 -0.0193487 -0.0180005 -0.0144529 -0.00926225 -0.00460239 -0.00309677 -0.00548575 -0.0086668 -0.00690644 0.00339008 0.0191411 0.0317581 0.0350017 0.031443 0.0291679 0.0327013 
0.0416943 0.0439302 0.0369338 0.0233543 0.00953806 -0.00191599 -0.0110295 -0.0165025 -0.0172584 -0.0147503 -0.0115405 -0.00937108 -0.00881504 -0.00935207 -0.00956593 -0.00788023 -0.00374281 0.00150415 0.00492912 0.0037521 -0.0017524 -0.00647471 -0.00331593 0.0103112 0.028669 0.0414932 0.0430975 0.0374872 0.0333809 0.0356366 
0.0353071 0.0387716 0.0335178 0.0210162 0.00807044 -0.00178829 -0.00887945 -0.0131544 -0.0141647 -0.0125313 -0.00943143 -0.00608245 -0.00368306 -0.00266067 -0.0021 -0.000463663 0.0029736 0.00712756 0.0092302 0.00657978 -0.000240352 -0.00550996 -0.00183711 0.012514 0.0303513 0.0411779 0.0406084 0.0336081 0.0284501 0.0295682 
0.0301792 0.0355092 0.033867 0.0253515 0.0154037 0.00737302 0.00101254 -0.00395707 -0.00719991 -0.00864132 -0.00810703 -0.00560069 -0.00226063 0.000279343 0.00159037 0.00274957 0.00497964 0.00813902 0.010235 0.00888688 0.00440418 0.00149355 0.00623013 0.0194 0.0337011 0.0399688 0.0360133 0.0277851 0.0226841 0.0239958 
0.0399997 0.0480582 0.0503492 0.0457203 0.037361 0.0282483 0.0194689 0.0118138 0.00573396 0.000944428 -0.00229287 -0.00297596 -0.00130616 0.000760506 0.00168466 0.00197676 0.00328004 0.00632278 0.00986208 0.0119836 0.0127511 0.0152294 0.0230645 0.0355602 0.0458902 0.0471779 0.0399212 0.0311976 0.0277369 0.0314865 
0.0613014 0.0729562 0.0791688 0.0774395 0.0685576 0.0555168 0.0419045 0.0305658 0.0220794 0.0148556 0.00788125 0.00241488 -0.000216818 -0.000936055 -0.00147318 -0.00185848 -0.000606147 0.00313573 0.00840442 0.0138247 0.0197335 0.0280405 0.0398769 0.0527071 0.060283 0.058229 0.0494098 0.0416874 0.041274 0.0489998 
0.076589 0.0919215 0.102013 0.102869 0.0932563 0.0764948 0.0586843 0.0445664 0.0347476 0.0262722 0.0164897 0.00636594 -0.0012299 -0.00539226 -0.00727238 -0.00745475 -0.00533052 -0.000726527 0.0053041 0.0120718 0.0207907 0.0330868 0.0481347 0.0615669 0.0675213 0.0636355 0.0543091 0.0477388 0.0498269 0.0608169 
0.073908 0.0906241 0.102577 0.104967 0.0956251 0.0781881 0.0599326 0.0461093 0.0369366 0.0286409 0.0176424 0.00468763 -0.0062121 -0.0124857 -0.0145562 -0.0136018 -0.0102413 -0.00524044 0.000322618 0.00663427 0.0160255 0.0303576 0.0475357 0.0616748 0.0668753 0.0617643 0.0513649 0.0440853 0.0459874 0.0573181 
0.0592407 0.0727794 0.0816469 0.0821247 0.0729551 0.0580218 0.0438069 0.0340502 0.0278635 0.021294 0.0109298 -0.00232904 -0.0139203 -0.0203331 -0.0215017 -0.0191061 -0.0148142 -0.0100381 -0.0055853 -0.000458149 0.0083698 0.0229404 0.0406877 0.0551051 0.0601762 0.0546174 0.0433831 0.0349804 0.0355918 0.0451808 
0.0470478 0.0533777 0.0538837 0.0482156 0.0378831 0.0269371 0.0193194 0.0156282 0.0134583 0.00935464 0.000962291 -0.0105131 -0.0206621 -0.0258475 -0.0257833 -0.0223876 -0.0178974 -0.0139241 -0.0108477 -0.00725025 -0.000208961 0.0121523 0.0275898 0.0402492 0.0446741 0.0397641 0.0303456 0.0245382 0.0273588 0.0368288 
0.0421073 0.0409825 0.0319785 0.0190747 0.00716137 0.00021158 -0.00111202 0.00036253 0.00111941 -0.00114414 -0.00731872 -0.0160298 -0.0236383 -0.0270331 -0.0259378 -0.022258 -0.0183665 -0.0157918 -0.0145068 -0.0129785 -0.00886134 -0.000759714 0.00961326 0.0177367 0.0196437 0.0154586 0.0104424 0.0116827 0.0214361 0.0342464 
0.0382532 0.0339697 0.0203022 0.00386669 -0.00834968 -0.0125757 -0.0103962 -0.00662834 -0.00500254 -0.00661679 -0.0111966 -0.0174006 -0.0225404 -0.0242885 -0.0225246 -0.0190443 -0.0161657 -0.0152787 -0.0160082 -0.0166699 -0.0154116 -0.0115384 -0.00674487 -0.0044583 -0.00670726 -0.0113257 -0.0122789 -0.00392309 0.0129789 0.0301196 
0.0314477 0.0299452 0.0192111 0.00495105 -0.00618761 -0.010288 -0.00856674 -0.00535406 -0.00401971 -0.00545892 -0.00925315 -0.0142015 -0.0181366 -0.0191997 -0.0173533 -0.0142822 -0.012249 -0.012571 -0.0146242 -0.0165122 -0.0167151 -0.01538 -0.0146608 -0.0172516 -0.0234149 -0.0292775 -0.0285507 -0.017149 0.00233535 0.0212918 
0.0239075 0.02897 0.0262877 0.0178212 0.00799783 0.00144898 -0.000188173 0.00123837 0.00267765 0.001968 -0.00154714 -0.00680677 -0.0113763 -0.0131699 -0.0119803 -0.00940008 -0.00768883 -0.00816811 -0.0101504 -0.0117459 -0.0118723 -0.011469 -0.0129737 -0.0183112 -0.0265873 -0.0334325 -0.0332107 -0.0231637 -0.00613666 0.0113794 
0.0179304 0.0296109 0.0349023 0.031947 0.0229541 0.0134174 0.00825521 0.00846173 0.0111447 0.0121526 0.00902829 0.00264201 -0.00372568 -0.007178 -0.00711823 -0.00505792 -0.00327008 -0.00311315 -0.00403037 -0.00446548 -0.00392239 -0.00380933 -0.00627633 -0.0123943 -0.0209512 -0.0282912 -0.0299268 -0.0237335 -0.0115016 0.00330373 
0.0147111 0.0297966 0.0384336 0.0375592 0.0288848 0.0181824 0.011743 0.012192 0.01694 0.0203943 0.018371 0.011315 0.00330865 -0.00179596 -0.00291706 -0.00145461 0.000347951 0.00111503 0.0011778 0.00160349 0.00236927 0.00203786 -0.000824322 -0.00655262 -0.0142676 -0.0216444 -0.0253018 -0.0229329 -0.014597 -0.00143588 
0.0173712 0.0312138 0.0371038 0.0340338 0.025159 0.0156093 0.0104265 0.0121228 0.018686 0.0243873 0.0240644 0.0174409 0.00878714 0.00262548 0.000541894 0.00134159 0.00287405 0.00377118 0.00413139 0.00456208 0.004732 0.00349435 0.000243489 -0.00475516 -0.011026 -0.0174436 -0.0214614 -0.0203214 -0.012733 0.00081808 
0.0275652 0.0366205 0.036018 0.0283772 0.0189189 0.0114811 0.00837798 0.0108593 0.0176468 0.0241568 0.0253184 0.0200112 0.0118593 0.00547793 0.00288194 0.00320218 0.0044553 0.0053038 0.00564812 0.0057276 0.00506857 0.00288896 -0.000782643 -0.00523021 -0.00997586 -0.0143098 -0.0161422 -0.0127637 -0.00284257 0.0122124 
0.039447 0.0426167 0.035842 0.0245075 0.0148982 0.00939921 0.00771807 0.00961688 0.0145244 0.0198029 0.0215155 0.0179265 0.01137 0.00583082 0.00346855 0.00379053 0.00510953 0.00623705 0.00699306 0.00736402 0.00678681 0.0046566 0.00111484 -0.00307632 -0.00700572 -0.00930123 -0.00783515 -0.00076036 0.0119034 0.0272394 
0.0425932 0.040808 0.0308387 0.0187523 0.0103364 0.00674724 0.006029 0.00670524 0.00864162 0.0112952 0.0125924 0.0107662 0.0067178 0.00317869 0.00196041 0.00284526 0.00460429 0.00642437 0.00824319 0.0099367 0.0108335 0.0101645 0.0075411 0.00326182 -0.00114837 -0.00292331 0.000476985 0.00957377 0.0224446 0.0351687 
0.0316447 0.0267505 0.0164897 0.00612269 9.73194e-05 -0.00124267 -0.000591353 -0.000326067 -0.000574018 -0.000297232 0.00038111 0.000254669 -0.000834268 -0.00161118 -0.00103992 0.000740709 0.00305232 0.0056285 0.00866071 0.012006 0.0148192 0.0158913 0.0140465 0.009071 0.00309287 0.000110975 0.00294917 0.0110013 0.0210632 0.0291567 
0.0102429 0.00389475 -0.00545489 -0.0135305 -0.0170716 -0.0161465 -0.0135557 -0.0121482 -0.0123817 -0.0125889 -0.0116134 -0.009936 -0.00819228 -0.00624614 -0.00388665 -0.00128521 0.00140558 0.00443883 0.00819711 0.0124487 0.0160675 0.0174178 0.0149855 0.00864167 0.000956161 -0.00384561 -0.00326449 0.00162181 0.00758889 0.0112863 
-0.0135314 -0.0203715 -0.0288798 -0.0353409 -0.0371929 -0.034596 -0.0299787 -0.0261604 -0.0240976 -0.0224709 -0.0198382 -0.0161913 -0.012189 -0.00826849 -0.00472768 -0.00170105 0.00108317 0.00417967 0.00792446 0.0118156 0.0144025 0.0139705 0.00950808 0.00164708 -0.00699465 -0.0131241 -0.015092 -0.0137667 -0.0114335 -0.0106588 
-0.0325972 -0.0392921 -0.0470536 -0.0525744 -0.0536759 -0.0502677 -0.04399 -0.0372922 -0.0317605 -0.0270736 -0.0221839 -0.016831 -0.0114562 -0.00661621 -0.00272597 0.000259006 0.0028819 0.00570196 0.00877375 0.0112596 0.0115503 0.0082881 0.00146724 -0.00742265 -0.0161788 -0.0229238 -0.0268289 -0.0282225 -0.0283215 -0.0290919 
-0.0428822 -0.0486296 -0.0552911 -0.0601783 -0.0612772 -0.0578761 -0.0506111 -0.0415055 -0.0328394 -0.0254609 -0.0188867 -0.0126643 -0.00692699 -0.00212057 0.00146027 0.00407463 0.00633782 0.00859123 0.0105576 0.0112333 0.00917145 0.00357876 -0.00475766 -0.0139891 -0.0224986 -0.0293989 -0.0342501 -0.0370059 -0.0382983 -0.0396409 
-0.0437527 -0.0476793 -0.0527137 -0.057014 -0.0585406 -0.0558065 -0.0485539 -0.0384183 -0.0281312 -0.0194272 -0.0123046 -0.00618508 -0.000916723 0.00325338 0.00620863 0.00830828 0.0100554 0.0115385 0.0123043 0.0114395 0.00788505 0.00131295 -0.00728952 -0.0162866 -0.0244495 -0.0311047 -0.0358565 -0.0387351 -0.0403047 -0.0415563 
-0.0379859 -0.0397023 -0.0427406 -0.0461255 -0.0478555 -0.0459908 -0.0397685 -0.0303764 -0.0204033 -0.0118987 -0.00524361 7.32047e-05 0.00438248 0.00765687 0.00990647 0.0114253 0.0125162 0.0131338 0.0128691 0.0110597 0.0070507 0.000745912 -0.00711522 -0.0153562 -0.0228629 -0.0287475 -0.0326294 -0.0349235 -0.036315 -0.0371689 
-0.0296197 -0.0296941 -0.0308536 -0.0327518 -0.0337843 -0.0322624 -0.0274551 -0.0200496 -0.0118844 -0.00473906 0.00072808 0.00478473 0.00785274 0.0101129 0.0116077 0.0124489 0.0127453 0.0124406 0.0113072 0.00900703 0.00524503 -4.07125e-06 -0.00639191 -0.0131892 -0.0193503 -0.0238867 -0.02656 -0.0280857 -0.0291698 -0.0297146 
-0.0207955 -0.0205983 -0.0206525 -0.0208543 -0.0203224 -0.0182469 -0.0144398 -0.00924359 -0.00351514 0.00157973 0.00526926 0.00760301 0.00912249 0.0102103 0.0108655 0.0109638 0.0104251 0.0091963 0.00727053 0.00470443 0.00156986 -0.00213845 -0.00642354 -0.0109302 -0.0148543 -0.0174733 -0.0187788 -0.0194719 -0.0201582 -0.0207182 
-0.0120283 -0.0129204 -0.0128803 -0.0117756 -0.00952525 -0.00638002 -0.00294737 0.000472026 0.00380934 0.00654429 0.00798169 0.00815509 0.00782986 0.00759913 0.00741148 0.00690266 0.00575289 0.00383483 0.0013427 -0.001258 -0.00357714 -0.00562292 -0.00759635 -0.00935094 -0.0104258 -0.0106202 -0.0102111 -0.00974747 -0.00982042 -0.0107165 
-0.0052392 -0.00778436 -0.00817608 -0.0062728 -0.00274535 0.00129678 0.00458323 0.00670058 0.00805593 0.0086235 0.00788705 0.00600466 0.00397148 0.00256134 0.0017349 0.000969281 -0.00029988 -0.00234653 -0.00489384 -0.00726629 -0.00895356 -0.00995186 -0.0103804 -0.00998012 -0.00846247 -0.00611516 -0.00358827 -0.00152064 -0.000782258 -0.00220718 
-0.00350129 -0.00719136 -0.00785332 -0.00544859 -0.00125254 0.00309412 0.00600635 0.00708218 0.00708954 0.00637063 0.00452818 0.00170554 -0.00110596 -0.00307659 -0.00414489 -0.00480312 -0.00571238 -0.0072904 -0.00940725 -0.0115531 -0.0133114 -0.0145392 -0.014979 -0.0139946 -0.0111991 -0.00710463 -0.00272053 0.000933636 0.00250745 0.000759277 
-0.00695385 -0.0103973 -0.010919 -0.0084634 -0.00438592 -0.000430142 0.00177852 0.00200022 0.00140881 0.000701597 -0.000538436 -0.00253926 -0.00472467 -0.00640055 -0.00732259 -0.00772742 -0.00815899 -0.009136 -0.0108708 -0.0132637 -0.0160033 -0.018603 -0.0203097 -0.0201702 -0.0177007 -0.013448 -0.00854964 -0.00421071 -0.00194754 -0.00310997 
-0.0114332 -0.0131701 -0.0133552 -0.0116716 -0.00867819 -0.005613 -0.00404902 -0.00422154 -0.00467253 -0.00434878 -0.00371867 -0.00361934 -0.00421884 -0.00512367 -0.00584542 -0.00620318 -0.00650327 -0.00734738 -0.00930482 -0.0126009 -0.0168368 -0.021049 -0.024057 -0.0248473 -0.0231586 -0.0197871 -0.0159133 -0.0123919 -0.0100529 -0.00980308 
-0.0121164 -0.0120198 -0.0120867 -0.0117482 -0.0102389 -0.00786222 -0.00621412 -0.00595232 -0.0057261 -0.00421096 -0.00175005 0.000369247 0.00122424 0.000834553 -7.222e-05 -0.000863806 -0.00161054 -0.00296657 -0.00567413 -0.0100109 -0.0153674 -0.0204145 -0.0236946 -0.024194 -0.0220388 -0.0187405 -0.0160355 -0.0144298 -0.0133919 -0.0125832 
-0.00755811 -0.00744554 -0.00797362 -0.00852602 -0.00748617 -0.00464331 -0.00189952 -0.0005889 0.000255789 0.00214689 0.00515777 0.0080222 0.00936333 0.00884744 0.00732095 0.00573177 0.00417173 0.00205351 -0.00121794 -0.0057455 -0.0108785 -0.0153643 -0.0177115 -0.0166913 -0.0124556 -0.00732427 -0.00434075 -0.00453479 -0.00627897 -0.00746907 
-0.000982657 -0.00313334 -0.00453743 -0.00450457 -0.00175056 0.00316196 0.00756872 0.00966086 0.0102267 0.011052 0.0128767 0.0149154 0.0157274 0.0147001 0.0125874 0.0103818 0.00823571 0.00579073 0.00287403 -0.00039469 -0.00368245 -0.00635263 -0.00719831 -0.00463069 0.00173409 0.00933639 0.0137815 0.0126801 0.00775261 0.00255001 
0.00187997 -0.00299909 -0.00492754 -0.00281041 0.00349 0.0115798 0.0176928 0.0198372 0.0189871 0.0174213 0.0167288 0.0168727 0.0166388 0.0152202 0.0130608 0.010913 0.00891043 0.00699516 0.00540834 0.00432628 0.00354714 0.00291381 0.00315456 0.00601492 0.0125583 0.0208002 0.0260057 0.0246344 0.0176752 0.00909065 
-0.00222105 -0.00803079 -0.00960974 -0.00523282 0.00443412 0.0155289 0.0233437 0.0255443 0.0231101 0.0188449 0.0153072 0.0133263 0.0120683 0.0106185 0.00899312 0.00753211 0.00630694 0.00548201 0.00544446 0.00622599 0.00722015 0.00774434 0.00802375 0.00953376 0.0137002 0.0196454 0.023643 0.0220859 0.0151112 0.00602651 
-0.0109156 -0.0155064 -0.0162664 -0.0110724 -0.000314674 0.012246 0.0216862 0.0248993 0.0221066 0.016243 0.0107404 0.00723967 0.00529412 0.00399237 0.00302881 0.00237341 0.002005 0.00213513 0.00308227 0.00478086 0.00652914 0.00732993 0.006828 0.0059816 0.00636551 0.00832567 0.00981647 0.00803567 0.00255619 -0.0044617 
-0.0178624 -0.0210824 -0.0217031 -0.0177 -0.00853762 0.00341166 0.0138447 0.0188559 0.0173498 0.0117953 0.00602828 0.00212267 -0.000161003 -0.00158182 -0.00239601 -0.00271054 -0.00263957 -0.00207942 -0.000731331 0.00152664 0.00400304 0.00514163 0.00384165 0.000758795 -0.00214441 -0.00341717 -0.00370293 -0.00512546 -0.00871856 -0.0134452 
-0.0169933 -0.0210522 -0.0234662 -0.0224265 -0.016621 -0.00694141 0.00331503 0.00993556 0.0106745 0.00714985 0.00287961 -0.000297256 -0.00272721 -0.00487075 -0.00646109 -0.00726916 -0.00742818 -0.00696443 -0.00537819 -0.00213986 0.00185298 0.00406375 0.00264251 -0.00161008 -0.00600766 -0.00813312 -0.00778447 -0.00720683 -0.0087207 -0.012461 
-0.00704366 -0.014005 -0.0202856 -0.0237745 -0.0225108 -0.0162924 -0.0074143 0.000120876 0.00340495 0.00303698 0.00150772 -0.000194801 -0.00272876 -0.00611886 -0.0092466 -0.0112675 -0.0122438 -0.0122589 -0.0104753 -0.00598769 -0.000103682 0.00365454 0.00293507 -0.00120604 -0.00549414 -0.00664802 -0.00371396 0.000536815 0.00194699 -0.00106145 
0.00715314 -0.00149866 -0.0117676 -0.020736 -0.025212 -0.0235688 -0.0168895 -0.00873134 -0.00258429 0.000749724 0.00216984 0.00167254 -0.00141445 -0.00637942 -0.0111738 -0.0144158 -0.0161768 -0.016645 -0.0148133 -0.00962812 -0.00264516 0.00223657 0.00249671 -0.000947831 -0.00484959 -0.00526516 -0.000219103 0.00755797 0.012723 0.0123966 
0.0197699 0.0134881 0.00161739 -0.0122945 -0.0230346 -0.0266055 -0.0222831 -0.013092 -0.00359651 0.00319547 0.00624662 0.00513352 0.000143513 -0.00675139 -0.0127481 -0.0163818 -0.0180554 -0.0183447 -0.0165222 -0.0116496 -0.00507753 -0.000261696 0.000383162 -0.0027709 -0.00703275 -0.00818433 -0.00320476 0.00619468 0.0150703 0.0200006 
0.0301615 0.0284965 0.0173474 0.000340626 -0.0155302 -0.023788 -0.0214952 -0.0108574 0.00207189 0.0113114 0.0138488 0.00982532 0.00160271 -0.0072551 -0.0136146 -0.016462 -0.0168352 -0.0159916 -0.0139081 -0.00994593 -0.00491103 -0.00132813 -0.00127881 -0.00484529 -0.00993446 -0.012488 -0.00881556 0.000869241 0.0129337 0.0237612 
0.0415202 0.0415079 0.0306633 0.012434 -0.00613933 -0.0176934 -0.0174049 -0.00605069 0.00931734 0.0198402 0.020765 0.0133411 0.00231602 -0.00744682 -0.0129995 -0.0140036 -0.0120763 -0.00912992 -0.00598754 -0.002513 0.000894045 0.00266653 0.00143665 -0.0026801 -0.00788864 -0.0106915 -0.0072909 0.00325413 0.0179755 0.0322662 
0.0537019 0.049555 0.0367219 0.0184285 -0.000343416 -0.0135962 -0.0156453 -0.0054214 0.0103476 0.0212093 0.0211356 0.0120929 0.00042039 -0.00844769 -0.0120495 -0.0105505 -0.00576169 0.000102657 0.00547119 0.00962962 0.0120101 0.0118599 0.00917776 0.00521135 0.00178064 0.00129404 0.00676729 0.0192873 0.035283 0.0483627 
0.0604193 0.0488209 0.033086 0.0157636 -0.00124537 -0.014474 -0.0184814 -0.0106707 0.00366212 0.0141649 0.0141799 0.0055702 -0.00496698 -0.0120355 -0.0135623 -0.00985459 -0.00255877 0.00613941 0.0140889 0.0195181 0.0213123 0.0195302 0.0160337 0.0137562 0.0146474 0.0193745 0.0288532 0.0429828 0.0571336 0.0640158 
0.0552122 0.0383379 0.0223426 0.00791534 -0.00595622 -0.0178106 -0.022699 -0.0170988 -0.00470181 0.0051773 0.00578525 -0.00170285 -0.0111625 -0.0174198 -0.0183325 -0.0139812 -0.00579446 0.00405654 0.0130189 0.0186597 0.0197385 0.0172856 0.0147221 0.0161259 0.0232221 0.0345502 0.0479942 0.0614277 0.069962 0.0678289 
0.0395756 0.0242773 0.0135838 0.0047948 -0.005485 -0.0161464 -0.0216651 -0.017793 -0.00723837 0.00167696 0.00243166 -0.00463662 -0.0144275 -0.021892 -0.0242714 -0.0211731 -0.0140555 -0.00535929 0.00221985 0.00645388 0.0067742 0.00514025 0.00552044 0.0117697 0.0246117 0.0406325 0.0551963 0.0647604 0.0657241 0.0559895 
0.0246499 0.018545 0.0181543 0.0164057 0.00829161 -0.00325141 -0.010352 -0.00828428 -0.000134039 0.00626968 0.00523695 -0.00318502 -0.014866 -0.0248849 -0.029769 -0.0287239 -0.0235164 -0.0169385 -0.0113827 -0.00823878 -0.0073337 -0.00646548 -0.00213751 0.00824319 0.0238479 0.0400589 0.0515047 0.0549404 0.049405 0.0371085 
0.0227343 0.0295444 0.0400635 0.0429216 0.032969 0.0173121 0.00761379 0.00813546 0.0133609 0.0151793 0.00962863 -0.00219945 -0.0164635 -0.0286285 -0.0352084 -0.0355033 -0.0316022 -0.0261875 -0.0207635 -0.0158675 -0.0114638 -0.00629153 0.00193565 0.0143464 0.0289867 0.0414436 0.0473983 0.0449042 0.035727 0.0258072 
0.0335581 0.0515604 0.0692817 0.0717127 0.0551674 0.0324747 0.0195701 0.0194018 0.0225685 0.0197325 0.00888837 -0.00665135 -0.0223907 -0.0344838 -0.0405156 -0.0405315 -0.0366834 -0.0308415 -0.023246 -0.013919 -0.00375556 0.00677195 0.0182193 0.0303926 0.0414452 0.0489151 0.0502893 0.0441137 0.0335076 0.0272562 
0.0421751 0.0669425 0.0879015 0.0870634 0.062507 0.0321872 0.0156787 0.0151488 0.0180632 0.0133988 0.000150377 -0.0163086 -0.0305521 -0.0396671 -0.0429388 -0.0413758 -0.0368127 -0.0299848 -0.0200814 -0.00689733 0.0079714 0.0226889 0.0360315 0.0465627 0.0533818 0.0567232 0.0554213 0.0471915 0.0352073 0.0304305 
0.036306 0.0643745 0.0872904 0.0848262 0.0556223 0.0202341 0.000506822 -0.000668967 0.00341551 0.000521973 -0.0105644 -0.0236878 -0.0332917 -0.0377567 -0.037933 -0.0352458 -0.0307436 -0.0242316 -0.0145456 -0.00134282 0.0141151 0.0299005 0.0436563 0.0528159 0.0569367 0.0576291 0.0539499 0.0429803 0.0283953 0.0227673 
0.0220148 0.0518966 0.0770876 0.0761779 0.0471804 0.0107835 -0.010448 -0.0122498 -0.0068422 -0.00650572 -0.0128534 -0.020098 -0.0238079 -0.0241648 -0.0230939 -0.0215079 -0.019177 -0.0153176 -0.00905893 3.60092e-05 0.0118483 0.0255358 0.0387085 0.0481024 0.0524799 0.0523211 0.0458836 0.0312509 0.0141152 0.0077769 
0.0162843 0.0474196 0.0748216 0.0771172 0.0514778 0.0172575 -0.00390616 -0.0070714 -0.00254242 -0.000986029 -0.00358145 -0.00548248 -0.00436042 -0.00251655 -0.002478 -0.00397192 -0.00523186 -0.00507048 -0.00319729 0.000625935 0.00720005 0.0170798 0.0289013 0.0396278 0.0466838 0.0477968 0.0399329 0.0232603 0.00593727 0.000855241 
0.0293547 0.0620705 0.0913822 0.0970539 0.0758242 0.0446195 0.0225185 0.0145651 0.0135314 0.0120926 0.0101115 0.0109681 0.0144581 0.0164097 0.0142066 0.00952752 0.00555444 0.00378693 0.00388232 0.00530858 0.00868753 0.0153141 0.0252594 0.0366817 0.0464022 0.049791 0.0427734 0.0272757 0.0128891 0.0113706 
0.0622015 0.098247 0.128384 0.134905 0.11573 0.0852622 0.0590691 0.0422362 0.0315743 0.0237555 0.0194055 0.0200332 0.0231676 0.0235168 0.0188872 0.0122464 0.0078074 0.00727562 0.00973862 0.0134858 0.0178958 0.0239013 0.0324659 0.0431097 0.0531321 0.0574065 0.0520619 0.0403049 0.0321431 0.037977 
0.114537 0.155155 0.181089 0.179637 0.154149 0.119277 0.0873546 0.0621746 0.042789 0.02848 0.0202952 0.0185731 0.0196439 0.0178339 0.011439 0.00421974 0.000907989 0.00335311 0.0103569 0.0191891 0.0276616 0.0356068 0.044048 0.0532617 0.0613907 0.0645833 0.0609492 0.0554267 0.0583356 0.078174 
0.179865 0.223082 0.236117 0.213843 0.170423 0.125815 0.090506 0.0639196 0.0424303 0.0249301 0.0131968 0.00844848 0.00750229 0.00471458 -0.00177414 -0.00835192 -0.0102833 -0.0054495 0.0051481 0.0182341 0.0303203 0.0402233 0.0489994 0.0573753 0.0639796 0.0665516 0.0660005 0.0696329 0.0883507 0.127813 
0.232847 0.274236 0.269691 0.221423 0.155677 0.100633 0.0666758 0.0470438 0.0313346 0.0152731 0.00160461 -0.00564186 -0.00752873 -0.00937401 -0.0140754 -0.0192061 -0.0203694 -0.0148844 -0.00315751 0.0112769 0.0239925 0.0334342 0.0415045 0.0498353 0.057166 0.0617846 0.0662693 0.0795533 0.112877 0.169122 
