0.354852 0.334415 0.250865 0.158095 0.0937515 0.0552227 0.0274953 0.00566868 -0.00673448 -0.00712204 -0.000265739 0.00502598 0.00439858 -0.000610614 -0.00698949 -0.0128777 -0.0173879 -0.0199419 -0.0206236 -0.0201584 -0.0175747 -0.0093947 0.00543705 0.0217915 0.0344863 0.0481033 0.076545 0.131459 0.212694 0.30127 
0.334851 0.323325 0.246953 0.15992 0.100021 0.0635735 0.0353609 0.0116023 -0.00380329 -0.00845397 -0.00581845 -0.00260071 -0.00258419 -0.0053219 -0.0092259 -0.0133826 -0.0171345 -0.0196541 -0.0207684 -0.0209697 -0.0188071 -0.0104217 0.0049623 0.021643 0.0336863 0.0436552 0.0635642 0.10769 0.182585 0.273235 
0.244787 0.243655 0.189828 0.128528 0.0895283 0.0662738 0.0444724 0.0222149 0.00458716 -0.00502722 -0.00781236 -0.0078 -0.00806579 -0.00934862 -0.0114577 -0.0142344 -0.0171508 -0.0192417 -0.0202699 -0.0206748 -0.0187804 -0.0105409 0.00466946 0.0208477 0.0314036 0.036204 0.0429588 0.065367 0.116022 0.188496 
0.144018 0.146816 0.115004 0.0825764 0.0681967 0.061052 0.0477239 0.0287272 0.0111225 -0.000647072 -0.006401 -0.00843355 -0.00931756 -0.010531 -0.0124784 -0.0149668 -0.0172683 -0.0184925 -0.0186866 -0.0185013 -0.0164016 -0.00848995 0.00580908 0.0207433 0.0301483 0.03253 0.0308712 0.0346338 0.0582188 0.103542 
0.0723982 0.075165 0.0580939 0.0456003 0.0476183 0.0507784 0.0432616 0.0279403 0.0129731 0.00249179 -0.00332741 -0.00591003 -0.00735882 -0.00933402 -0.0121883 -0.0152178 -0.0172603 -0.0174819 -0.0163353 -0.0149551 -0.0123817 -0.00516801 0.00746024 0.0207069 0.0295815 0.0322621 0.0281168 0.0215907 0.0256871 0.0478689 
0.0339067 0.0392631 0.0326721 0.0303247 0.0373906 0.0419583 0.0359766 0.0240895 0.0131828 0.00529495 0.000160431 -0.00265299 -0.00451537 -0.00709866 -0.0107847 -0.0144868 -0.0165479 -0.0159596 -0.0134395 -0.0107654 -0.00785758 -0.00182479 0.00873551 0.0206898 0.0300661 0.0340379 0.0292408 0.0170878 0.00954982 0.0177769 
0.0179736 0.0292145 0.0313729 0.0334434 0.0383991 0.0385279 0.0310067 0.0216329 0.0144429 0.00860677 0.00354391 0.000123145 -0.00205511 -0.00473862 -0.008716 -0.0128154 -0.0149075 -0.0136328 -0.00978703 -0.00576095 -0.00241705 0.00259641 0.0115625 0.02328 0.0342693 0.0396312 0.0335575 0.0166517 0.00183908 0.00332279 
0.0148512 0.0307904 0.0380518 0.0411353 0.042397 0.0377577 0.0281917 0.0201445 0.015542 0.0113859 0.00653197 0.00257716 1.11699e-05 -0.00276003 -0.00684116 -0.0110618 -0.0129605 -0.0108879 -0.00560669 8.74067e-05 0.00450198 0.00933721 0.0173963 0.0289436 0.0408966 0.0468388 0.0393415 0.0190412 0.000311598 -0.000715173 
0.0159038 0.0327537 0.0397826 0.0410506 0.0400013 0.0338345 0.023895 0.0166246 0.0138637 0.0119778 0.00871603 0.00509082 0.00201862 -0.00138164 -0.00582562 -0.0100046 -0.0114665 -0.00860182 -0.00210228 0.00518709 0.0109569 0.0159097 0.0224963 0.0317318 0.0415495 0.0460188 0.037711 0.0172841 -0.000815962 -0.000793211 
0.0145152 0.0296642 0.0330826 0.0311492 0.0293803 0.0244466 0.0156474 0.00905641 0.00793225 0.0091347 0.00894901 0.0067479 0.003345 -0.000986362 -0.00586236 -0.00974628 -0.01067 -0.00747451 -0.000728163 0.0071392 0.0135745 0.0180111 0.0217629 0.0262317 0.0311443 0.0325259 0.0240622 0.00643589 -0.00718614 -0.0033883 
0.0110389 0.0231598 0.0223201 0.0174171 0.0154537 0.0119017 0.0039352 -0.00229259 -0.00178091 0.00276045 0.00607749 0.00587306 0.00273536 -0.00192468 -0.00659546 -0.00975099 -0.0102735 -0.00759318 -0.00196764 0.00502892 0.011086 0.0145179 0.0152775 0.0151349 0.0159109 0.0155648 0.008459 -0.00518392 -0.0138988 -0.00683666 
0.0115511 0.0193355 0.0143444 0.00680025 0.00411996 0.000828879 -0.00701971 -0.0128915 -0.0108737 -0.00395255 0.00160461 0.00285841 0.000478863 -0.00349035 -0.00712434 -0.00934079 -0.00987395 -0.00851041 -0.00497801 0.000208615 0.00533337 0.00807102 0.00737607 0.00549897 0.00603713 0.00791899 0.00482295 -0.00459101 -0.0105582 -0.00350413 
0.0207274 0.0232643 0.0143313 0.00421511 0.000146445 -0.00330491 -0.0103569 -0.0150549 -0.0122435 -0.00538634 -0.000358865 0.000657137 -0.00131405 -0.00432547 -0.00687858 -0.00850974 -0.00942326 -0.00947569 -0.00794966 -0.00450249 -0.000174084 0.00263122 0.00254499 0.00233828 0.00649015 0.0137072 0.0162625 0.0109999 0.00612255 0.0106725 
0.0367774 0.0343371 0.0225999 0.0107864 0.00531618 0.00188848 -0.00328853 -0.00616466 -0.00371819 0.000579371 0.00257555 0.00159429 -0.00102427 -0.00387317 -0.00615871 -0.00778674 -0.00898855 -0.00962985 -0.00897224 -0.00635871 -0.00228161 0.00136241 0.00361308 0.00745395 0.0168058 0.0291818 0.036179 0.0342447 0.0302972 0.0321168 
0.052179 0.04626 0.0338457 0.0220416 0.0156609 0.0120156 0.00843386 0.00697198 0.00849206 0.00987115 0.00865952 0.00529016 0.001208 -0.0025478 -0.00548034 -0.00747492 -0.00860421 -0.00881284 -0.00768346 -0.00477179 -0.000261728 0.00496156 0.0109168 0.0200927 0.034191 0.0489931 0.0569583 0.0561749 0.0527051 0.0521558 
0.0583899 0.0507972 0.0395255 0.0290987 0.0224428 0.0182668 0.0153337 0.014694 0.0159784 0.0163281 0.0139629 0.00942995 0.00402815 -0.00110728 -0.00515511 -0.00769987 -0.00865506 -0.00802465 -0.00570245 -0.00167918 0.00389036 0.0112274 0.021455 0.0359204 0.0531529 0.0672064 0.0724789 0.0698902 0.0652178 0.0619964 
0.0504085 0.0422315 0.0328036 0.0245006 0.0186991 0.0148435 0.0127406 0.0131924 0.0154424 0.0168325 0.0155327 0.01154 0.00579367 -0.000301913 -0.00534406 -0.00849338 -0.00946871 -0.00821991 -0.00478583 0.000418222 0.00700563 0.0158781 0.0288919 0.046283 0.0640503 0.0751761 0.0759681 0.0699239 0.0628387 0.0567728 
0.0303604 0.0223474 0.0151158 0.00973588 0.00644199 0.00465224 0.00441896 0.00638909 0.00990581 0.0127857 0.0131897 0.0105821 0.00552991 -0.000519053 -0.0058747 -0.00938122 -0.0105177 -0.00909738 -0.00521813 0.000356142 0.00685815 0.0152255 0.0274776 0.0434993 0.0587342 0.0662483 0.0634309 0.0549271 0.0462185 0.0383205 
0.00743924 0.000599617 -0.00404097 -0.00599593 -0.00585919 -0.00474221 -0.00294873 -1.66963e-05 0.00384651 0.00723937 0.00857734 0.00714648 0.00333791 -0.00164059 -0.00633843 -0.00962232 -0.010822 -0.00961203 -0.00611187 -0.00127995 0.0037849 0.0095647 0.0177826 0.0288498 0.0396434 0.0444003 0.0405434 0.0319907 0.0233799 0.0153327 
-0.00954252 -0.0145783 -0.0171022 -0.0166528 -0.0140658 -0.0109172 -0.00799403 -0.00495877 -0.00150904 0.00165112 0.00323553 0.0025995 0.000153285 -0.00318312 -0.00646542 -0.00890284 -0.00989668 -0.00906911 -0.0064976 -0.00308602 -4.20413e-05 0.00253773 0.00590882 0.0113851 0.0180892 0.0218292 0.0192389 0.0121399 0.00427941 -0.00300497 
-0.0195607 -0.0232812 -0.0251015 -0.0243858 -0.0214885 -0.017767 -0.0141889 -0.0106966 -0.00700604 -0.00361935 -0.00163326 -0.001531 -0.00277275 -0.00453492 -0.00623371 -0.00748434 -0.00795903 -0.00738386 -0.00576796 -0.00375578 -0.00241665 -0.00222997 -0.00232071 -0.000683104 0.00357887 0.00750448 0.0067117 0.000743739 -0.00717596 -0.014231 
-0.0259375 -0.0293359 -0.0313741 -0.0316925 -0.0300067 -0.026625 -0.0220997 -0.0169287 -0.0116654 -0.00721421 -0.00455591 -0.003879 -0.0044093 -0.00521183 -0.00576798 -0.00593581 -0.00570548 -0.00503683 -0.0039203 -0.00268445 -0.00212931 -0.00291915 -0.00449644 -0.00461139 -0.00147526 0.00264438 0.00268861 -0.00334522 -0.012476 -0.020556 
-0.0287886 -0.0320261 -0.033947 -0.0351115 -0.0349999 -0.0324848 -0.027143 -0.0200004 -0.0128843 -0.00745317 -0.00453235 -0.00382039 -0.00427242 -0.00486676 -0.00503069 -0.00467022 -0.0039733 -0.00310838 -0.00207061 -0.000902499 -0.000123728 -0.000552961 -0.00205891 -0.0025525 5.28137e-05 0.00392347 0.00386158 -0.00284214 -0.0133666 -0.0228093 
-0.0259189 -0.0283715 -0.0295669 -0.0310511 -0.0323719 -0.0311693 -0.025949 -0.0179971 -0.0102003 -0.00482275 -0.00238628 -0.00204789 -0.00266215 -0.00339059 -0.0037345 -0.0035705 -0.00309109 -0.00248468 -0.00167732 -0.000464815 0.000903563 0.00152264 0.00102747 0.000967223 0.00330658 0.00670668 0.00648148 -0.000180652 -0.010751 -0.0202364 
-0.018504 -0.0201129 -0.0208577 -0.0226663 -0.0251467 -0.0253165 -0.0210786 -0.0137628 -0.00666437 -0.00215214 -0.000389231 -0.00022945 -0.000698802 -0.00136391 -0.00195909 -0.00236669 -0.00266745 -0.00289231 -0.00281231 -0.0020267 -0.000506047 0.000993696 0.00176574 0.00250381 0.00460153 0.00735414 0.00734801 0.00217368 -0.0063502 -0.0140551 
-0.0111004 -0.0125952 -0.0138362 -0.0162506 -0.019367 -0.0203731 -0.0173137 -0.0114026 -0.00557962 -0.00186148 -0.000258657 0.000264875 0.000359848 0.000107322 -0.000450014 -0.00125688 -0.00230603 -0.00344894 -0.00430217 -0.00435026 -0.00333046 -0.00165312 -8.36566e-05 0.00120187 0.0027466 0.00443484 0.0046159 0.00177221 -0.00327811 -0.00807273 
-0.00657065 -0.00836054 -0.0106817 -0.0137335 -0.0167697 -0.0178074 -0.0156877 -0.0113944 -0.00693125 -0.00367385 -0.00171696 -0.000485267 0.000303338 0.00057907 0.000309385 -0.000519446 -0.00189518 -0.00358532 -0.0051349 -0.00601212 -0.00584954 -0.00473986 -0.00328251 -0.00215919 -0.00155138 -0.00123066 -0.00126228 -0.00204765 -0.00351249 -0.00506336 
-0.00398244 -0.00574778 -0.00890571 -0.0122693 -0.0146976 -0.0152598 -0.0138508 -0.0112229 -0.00825066 -0.00549718 -0.00315756 -0.00126711 4.52737e-05 0.000689832 0.000706028 6.7248e-05 -0.00125305 -0.00304762 -0.00489413 -0.00632605 -0.00701468 -0.00690812 -0.00633886 -0.00597913 -0.00629869 -0.00697737 -0.00722648 -0.00664559 -0.00541247 -0.00414106 
-0.00108078 -0.00239187 -0.00572119 -0.00898002 -0.01076 -0.0109553 -0.0102645 -0.00923536 -0.00780812 -0.00579848 -0.00341328 -0.00120849 0.000318088 0.00107916 0.00122622 0.000775442 -0.000327573 -0.00195365 -0.0037754 -0.00543266 -0.00671888 -0.0075905 -0.00811776 -0.00860472 -0.00938423 -0.0101695 -0.0100716 -0.00851087 -0.00569532 -0.00261778 
0.00267512 0.00197809 -0.000888599 -0.00368356 -0.0050621 -0.00535499 -0.0055415 -0.00590137 -0.00579717 -0.00462197 -0.00257984 -0.000492617 0.000955009 0.00166009 0.00181592 0.00147334 0.000567936 -0.000841629 -0.0025182 -0.00418788 -0.00574494 -0.00720274 -0.00846784 -0.00945339 -0.0101951 -0.0104371 -0.00952672 -0.00710741 -0.00347904 0.000385734 
0.00537461 0.00543486 0.00362366 0.00173334 0.000727725 0.000104424 -0.000992272 -0.00247654 -0.00338092 -0.00297677 -0.00149674 0.000198743 0.00142198 0.00204114 0.00220215 0.0019379 0.0011613 -0.000127621 -0.00175047 -0.003453 -0.00511864 -0.00675253 -0.00821469 -0.00926683 -0.00978791 -0.00953825 -0.00804067 -0.00512836 -0.00121858 0.00277959 
0.00517111 0.00632982 0.00611836 0.00557945 0.00518382 0.00440866 0.00266209 0.000362927 -0.0013136 -0.00159608 -0.000713866 0.000535259 0.00152829 0.00210175 0.00231882 0.0021591 0.00148658 0.000226387 -0.00149772 -0.00340299 -0.00525569 -0.00694245 -0.00831203 -0.00921125 -0.00961242 -0.00935051 -0.00797059 -0.00524874 -0.00156199 0.00227943 
0.00280704 0.00537424 0.00696176 0.00784353 0.00812213 0.00742943 0.00545369 0.00275319 0.000537544 -0.000363608 -6.14678e-05 0.00076479 0.00154065 0.00206203 0.00232377 0.00226186 0.00168793 0.000435782 -0.00144529 -0.0036539 -0.00582461 -0.00766925 -0.0089786 -0.00974986 -0.0101989 -0.010312 -0.0095797 -0.00754368 -0.0043585 -0.000645432 
0.000346847 0.00431922 0.00746773 0.00945814 0.01022 0.00966721 0.00777364 0.00506318 0.00255511 0.00108503 0.000782952 0.00117896 0.00172336 0.00213802 0.0023626 0.00231962 0.00179493 0.000548104 -0.00144947 -0.00391423 -0.00640929 -0.00849557 -0.00985272 -0.0105702 -0.0111199 -0.0116642 -0.0116249 -0.0102961 -0.00757476 -0.0038413 
-0.00125617 0.00383097 0.0081855 0.0110322 0.0121646 0.0117083 0.00992799 0.00733245 0.00464575 0.00261045 0.00164816 0.00158581 0.00189753 0.00218777 0.00232413 0.00222497 0.00167679 0.000406741 -0.0016594 -0.00426373 -0.00695259 -0.0092045 -0.0106047 -0.0112774 -0.0118746 -0.0126825 -0.0130605 -0.0121706 -0.0097803 -0.00603871 
-0.00218816 0.00361509 0.00890384 0.0125415 0.0140588 0.0136122 0.0117747 0.00918302 0.00630432 0.0037223 0.00210331 0.00157714 0.00166764 0.00187059 0.0019613 0.00182009 0.00122356 -9.72803e-05 -0.00220859 -0.00484782 -0.00755165 -0.00977245 -0.0110766 -0.0116323 -0.0121973 -0.0130999 -0.0136225 -0.0129096 -0.0107762 -0.00720623 
-0.00270238 0.00344094 0.009383 0.0136772 0.0155184 0.0150187 0.0130562 0.0104329 0.00741194 0.00442144 0.00226692 0.001286 0.00110188 0.00120666 0.00129982 0.00116153 0.000515816 -0.000881073 -0.00304371 -0.00567936 -0.00829545 -0.0103071 -0.0112839 -0.0114891 -0.0118504 -0.0127675 -0.0133898 -0.0127891 -0.0108941 -0.00763824 
-0.00316312 0.00299131 0.00931641 0.0140751 0.0161505 0.0156676 0.0137546 0.0112756 0.00832788 0.00523257 0.00278559 0.00136157 0.000738481 0.00058502 0.000600282 0.000421319 -0.000325285 -0.00186018 -0.00413325 -0.00681053 -0.00934328 -0.011049 -0.0114424 -0.0109286 -0.0107978 -0.0116828 -0.0125367 -0.0121689 -0.0105691 -0.00774742 
-0.00474733 0.00104669 0.00764643 0.0128954 0.0152806 0.0149769 0.0133405 0.0112685 0.00877395 0.00606988 0.00372805 0.0019644 0.000758667 0.000145726 -6.13357e-05 -0.000367253 -0.0012799 -0.00303451 -0.00552088 -0.00831812 -0.0107677 -0.0120631 -0.0116647 -0.0101664 -0.00931894 -0.0100772 -0.0112326 -0.0113172 -0.010357 -0.00844631 
-0.00844478 -0.00350672 0.00324399 0.00903816 0.011848 0.0118757 0.0107136 0.00936557 0.00781331 0.00605485 0.00425169 0.00237519 0.000663282 -0.000380915 -0.00077902 -0.00117495 -0.00222844 -0.00422149 -0.00698045 -0.00992474 -0.0122184 -0.012956 -0.0116387 -0.00907385 -0.00734528 -0.00766502 -0.00893012 -0.00977642 -0.0103011 -0.0103624 
-0.012996 -0.0095587 -0.00325723 0.00259511 0.00565535 0.00615638 0.00579071 0.00558876 0.00541521 0.0049258 0.00385394 0.00204049 7.05257e-05 -0.00111031 -0.00144304 -0.00175267 -0.00282385 -0.00494678 -0.0078643 -0.0108282 -0.0128445 -0.0129543 -0.0107116 -0.00700764 -0.00400237 -0.00315018 -0.00398808 -0.00588371 -0.00897047 -0.0122304 
-0.0158865 -0.0148205 -0.0101103 -0.00510169 -0.00205548 -0.000812967 8.21495e-05 0.00145799 0.00293431 0.0037634 0.00334888 0.00159533 -0.000480679 -0.0015717 -0.00165596 -0.00176765 -0.00274413 -0.00479668 -0.00756789 -0.0102298 -0.0117893 -0.0113333 -0.00836311 -0.00354786 0.00116906 0.00401662 0.00428427 0.00137899 -0.00478126 -0.0118466 
-0.0169929 -0.0191239 -0.0169477 -0.0131272 -0.0097832 -0.00727263 -0.00469811 -0.00146946 0.00178097 0.00385474 0.00391047 0.00209048 -0.000123789 -0.00117143 -0.00112064 -0.00114795 -0.00204217 -0.00387124 -0.00619034 -0.0082097 -0.00912995 -0.00824595 -0.00500122 0.000368726 0.00640285 0.0111403 0.0127018 0.00926918 0.000727404 -0.00959072 
-0.0189605 -0.0241728 -0.0242927 -0.0209254 -0.0164374 -0.0122042 -0.00789182 -0.00286811 0.00206081 0.0051519 0.00538775 0.003349 0.000980492 -0.000101628 -0.000125231 -0.000291543 -0.00122696 -0.00282734 -0.00460966 -0.00592729 -0.00627706 -0.00526523 -0.00240384 0.00243115 0.00833422 0.0135251 0.0156766 0.0123194 0.00301648 -0.00896165 
-0.023164 -0.030219 -0.0312939 -0.0272518 -0.0211417 -0.0153935 -0.00988693 -0.00363784 0.00246083 0.00613723 0.00628993 0.00405332 0.00174791 0.000772682 0.000617784 0.000164342 -0.000932677 -0.00237937 -0.00372949 -0.00458178 -0.00474949 -0.0040986 -0.00222677 0.00117541 0.00557755 0.00964833 0.0114788 0.00864922 0.000100884 -0.0118894 
-0.0278893 -0.0355634 -0.036331 -0.0311307 -0.0238292 -0.0174013 -0.011606 -0.00511184 0.00127168 0.00510464 0.00529595 0.00331822 0.00156441 0.000964677 0.000677743 -0.000185809 -0.00153587 -0.00284161 -0.00375278 -0.00421697 -0.0043991 -0.00432993 -0.00359059 -0.00178673 0.000727225 0.00318305 0.00452608 0.00258558 -0.00461373 -0.0160716 
-0.0310136 -0.0385357 -0.0385131 -0.032763 -0.0255623 -0.0195466 -0.0142408 -0.0083112 -0.00231589 0.00161685 0.00241061 0.00142292 0.000717117 0.000630984 9.42022e-05 -0.00135969 -0.00305303 -0.00415219 -0.00440456 -0.00415541 -0.00397612 -0.00408278 -0.00409452 -0.00365852 -0.00295362 -0.00198757 -0.000884548 -0.00177927 -0.00774994 -0.018878 
-0.0318833 -0.0381728 -0.037268 -0.0322458 -0.02701 -0.0228319 -0.0187383 -0.0136243 -0.00788832 -0.00334985 -0.00127415 -0.000768637 -0.000299281 -1.17898e-05 -0.000971643 -0.00309801 -0.00513888 -0.00599995 -0.00549473 -0.00426595 -0.00324144 -0.00294729 -0.00330323 -0.00412563 -0.00526763 -0.00588978 -0.00531791 -0.00554945 -0.0103328 -0.0205469 
-0.0305204 -0.0342909 -0.0321209 -0.0283345 -0.0262432 -0.0253502 -0.0235979 -0.0196953 -0.0139797 -0.00836696 -0.00463357 -0.00256651 -0.00119778 -0.000873074 -0.00234399 -0.00499396 -0.00723867 -0.00791465 -0.00685618 -0.00474343 -0.00269158 -0.00173025 -0.00237746 -0.00453107 -0.00745075 -0.00970148 -0.0102441 -0.010475 -0.0138171 -0.021744 
-0.0259316 -0.0266574 -0.0224092 -0.0185295 -0.0185958 -0.0212276 -0.0230527 -0.0217685 -0.0172099 -0.011352 -0.00655038 -0.00345336 -0.00175439 -0.00177967 -0.00375402 -0.00667476 -0.00895955 -0.0095422 -0.00813377 -0.00513129 -0.00173129 0.000218234 -0.000717679 -0.00432944 -0.00884501 -0.0122732 -0.0136761 -0.0138926 -0.0155258 -0.0204523 
-0.0154481 -0.0133219 -0.00648087 -0.000794878 -0.000897899 -0.00579714 -0.0114197 -0.0143132 -0.0132293 -0.00947144 -0.00551199 -0.00278042 -0.00165292 -0.00242053 -0.00488041 -0.00792584 -0.0102269 -0.0108049 -0.00900536 -0.00472129 0.000739138 0.00445657 0.00379707 -0.00102616 -0.0069116 -0.0108085 -0.0119569 -0.0113598 -0.0111029 -0.0130981 
0.0015209 0.00633309 0.015228 0.0224143 0.0227869 0.0170352 0.00907714 0.00222878 -0.00153808 -0.00207981 -0.00111661 -0.000391486 -0.000760951 -0.00256619 -0.00551055 -0.0086877 -0.0110883 -0.0116833 -0.00932406 -0.00344271 0.00449843 0.0106955 0.0114166 0.00650542 1.07884e-05 -0.00379775 -0.00417477 -0.00255832 -0.000500582 0.000520361 
0.0186539 0.0257785 0.0353836 0.0419602 0.0413682 0.0354832 0.0277587 0.0195056 0.0121069 0.00728671 0.00472625 0.00282246 0.000544123 -0.0024012 -0.00580032 -0.00912331 -0.0116396 -0.0121584 -0.00912391 -0.00178209 0.00821036 0.0166855 0.0194458 0.0158696 0.0100213 0.0065051 0.00606285 0.00754595 0.0105842 0.0143245 
0.0259946 0.0340486 0.0430234 0.047363 0.0447565 0.0393456 0.0342386 0.0279843 0.020393 0.0140192 0.00961023 0.00577203 0.00170231 -0.00240071 -0.00624037 -0.00966928 -0.012218 -0.0125597 -0.00889929 -0.000536424 0.0106025 0.020362 0.0248419 0.0233481 0.0192102 0.0160949 0.0144875 0.0141837 0.0162137 0.0203608 
0.0191535 0.026621 0.0344113 0.0364418 0.0323068 0.0281294 0.026645 0.0244574 0.0200457 0.0156859 0.0120215 0.00763177 0.00231215 -0.00284901 -0.00719734 -0.0107658 -0.0132766 -0.0133993 -0.0092919 -0.000406381 0.0110728 0.0211967 0.0268419 0.0276819 0.0260441 0.0238084 0.0206297 0.0169239 0.0148078 0.0153683 
0.00312627 0.0101742 0.017156 0.0172574 0.0121627 0.0093292 0.0108442 0.0125247 0.0124602 0.0121223 0.0111325 0.00769758 0.00211252 -0.00374385 -0.00867669 -0.0124729 -0.0148145 -0.0145128 -0.00997413 -0.000948692 0.010228 0.0200555 0.0264684 0.0298028 0.0314156 0.0308624 0.0260315 0.017246 0.00804353 0.00232209 
-0.0122565 -0.00422806 0.00219142 2.61237e-05 -0.00635211 -0.00845995 -0.00521194 -0.00116952 0.00206907 0.00555536 0.007863 0.00645104 0.0015132 -0.00468715 -0.0102657 -0.0143119 -0.0162131 -0.0150304 -0.00973249 -0.000594899 0.00991285 0.0188458 0.025331 0.0307061 0.035695 0.0372756 0.0307544 0.0160897 -0.000739778 -0.0119093 
-0.0185217 -0.00865391 -0.00343803 -0.00860815 -0.0168134 -0.0190174 -0.0153159 -0.0106261 -0.00601233 -0.000201902 0.00481966 0.00555679 0.00154061 -0.00491515 -0.0112065 -0.015551 -0.016914 -0.0145919 -0.00819875 0.00139603 0.0115206 0.0195282 0.0254029 0.0315534 0.0386961 0.041876 0.0339905 0.0147461 -0.0070439 -0.0199846 
-0.0114582 -0.000308633 0.00252549 -0.00607326 -0.0166001 -0.0203662 -0.018144 -0.0145562 -0.0101679 -0.00354849 0.00301607 0.00531502 0.00218558 -0.00427148 -0.0110801 -0.0158082 -0.0169611 -0.0138543 -0.00651996 0.00373937 0.0140628 0.0217843 0.0270602 0.0328497 0.0403522 0.0441404 0.0359477 0.0154412 -0.00652684 -0.0167908 
0.00772721 0.0184231 0.0183741 0.00713445 -0.00600833 -0.0137989 -0.016254 -0.0160082 -0.0130072 -0.00647896 0.000707038 0.00407915 0.00211977 -0.00354985 -0.0101935 -0.0151805 -0.0165792 -0.0134171 -0.00579192 0.00475128 0.0152296 0.0229333 0.0278627 0.0330388 0.0403321 0.0449748 0.0386232 0.0209411 0.0034556 -0.00124486 
0.0329434 0.0423165 0.0414269 0.0305811 0.0155911 0.00145013 -0.0093187 -0.0154218 -0.0156813 -0.0104341 -0.00340079 0.000827372 0.000479682 -0.00351414 -0.00911627 -0.013932 -0.0157431 -0.0131043 -0.00591668 0.00410332 0.0138835 0.0209352 0.0254298 0.0305511 0.0388523 0.0463244 0.0445538 0.0327235 0.02176 0.0223377 
0.0571008 0.0668896 0.0689059 0.0619161 0.0467034 0.0261005 0.00581188 -0.00874949 -0.015021 -0.0135658 -0.00818998 -0.00368277 -0.00248975 -0.0045434 -0.00859521 -0.0127445 -0.0147768 -0.012863 -0.00663359 0.00208072 0.0102683 0.0160801 0.0203093 0.0263493 0.0370327 0.0487422 0.0528383 0.0474516 0.0420557 0.0458585 
0.0747693 0.0875334 0.093684 0.0905669 0.0762583 0.0526716 0.0269483 0.00569624 -0.00796247 -0.012974 -0.0112923 -0.00765548 -0.00575453 -0.00653888 -0.00932147 -0.0126437 -0.0145989 -0.013347 -0.00836962 -0.00143186 0.00490716 0.00985404 0.014833 0.0226352 0.0352252 0.0492814 0.0570234 0.0561461 0.0546623 0.0612168 
0.0835805 0.0994122 0.106414 0.103252 0.0898878 0.0688014 0.0453468 0.0230441 0.00416353 -0.00735152 -0.0101551 -0.00844909 -0.00715111 -0.00805799 -0.010645 -0.0136231 -0.0155276 -0.0148877 -0.0112644 -0.00622612 -0.00154637 0.00329079 0.0100833 0.0197677 0.031909 0.0436671 0.0503931 0.0514912 0.0540156 0.0653721 
0.0909372 0.10587 0.107127 0.0981777 0.0842474 0.0686691 0.0525892 0.034454 0.0152313 0.00122213 -0.00394623 -0.0041237 -0.00461427 -0.00715829 -0.0108898 -0.0144848 -0.0168679 -0.0169964 -0.0146279 -0.011206 -0.00779958 -0.00270745 0.00605466 0.0170037 0.026599 0.032917 0.0364468 0.0400724 0.0494129 0.0681882 
0.118959 0.125966 0.112125 0.0897061 0.0706128 0.057626 0.046959 0.0334985 0.0179554 0.00715298 0.0039469 0.00356985 0.00114618 -0.00380749 -0.0095256 -0.0145146 -0.0179332 -0.0189987 -0.0176252 -0.0152131 -0.012415 -0.00682218 0.00356752 0.0154053 0.0229913 0.0260727 0.0306158 0.0425336 0.064325 0.093526 
0.189617 0.183029 0.14385 0.0980757 0.0658188 0.0477094 0.0352045 0.0222612 0.0106247 0.00600634 0.0080283 0.00974068 0.00666886 -6.21319e-05 -0.00754266 -0.0139062 -0.0183301 -0.0202019 -0.0195827 -0.0177589 -0.0149966 -0.00854892 0.00340211 0.0166238 0.0250637 0.0308141 0.0441455 0.0724731 0.114416 0.160127 
0.288823 0.270248 0.202572 0.128158 0.0769583 0.0474437 0.0270032 0.0100256 -0.000533191 -0.000717171 0.00585312 0.0103302 0.00824753 0.00151408 -0.00634358 -0.0131455 -0.0179674 -0.0203135 -0.0203636 -0.0191514 -0.0163519 -0.00889636 0.0046736 0.0197233 0.0308712 0.0423381 0.0671597 0.114192 0.180346 0.249195 
