0.350683 0.310071 0.232184 0.160051 0.109678 0.0769682 0.0537608 0.0331316 0.0133308 -0.00166148 -0.00946008 -0.0124329 -0.0131772 -0.0130262 -0.0131973 -0.013725 -0.0133663 -0.0115245 -0.00898359 -0.00644656 -0.00409424 -0.00404188 -0.0092843 -0.0169371 -0.0165919 0.0031734 0.0502086 0.128267 0.229226 0.319052 
0.340269 0.301153 0.225746 0.156369 0.109337 0.081725 0.0650649 0.0490901 0.0286307 0.00853876 -0.00492233 -0.0118568 -0.0151 -0.0165413 -0.0173952 -0.0176537 -0.0161577 -0.0125647 -0.00833832 -0.00523464 -0.0042803 -0.00736495 -0.0157289 -0.0244979 -0.0235522 -0.00383287 0.0415831 0.118037 0.218475 0.308268 
0.251595 0.221913 0.167185 0.119428 0.0905496 0.0786449 0.0759209 0.0696704 0.0518019 0.0277636 0.0075208 -0.00590308 -0.0142327 -0.0190481 -0.0215166 -0.022088 -0.0200792 -0.0152128 -0.00905885 -0.00405056 -0.00221797 -0.00583218 -0.0153663 -0.0251179 -0.0259588 -0.011662 0.0223643 0.0810125 0.15891 0.227903 
0.142751 0.125366 0.0962946 0.0743699 0.0654479 0.0688131 0.0788001 0.082173 0.0688687 0.0440085 0.0196577 0.00131827 -0.0113243 -0.0191297 -0.0231025 -0.0242662 -0.0225102 -0.0174123 -0.0100499 -0.00283102 0.00156752 0.000169787 -0.00795781 -0.0179192 -0.0221035 -0.0162547 0.00230631 0.0374431 0.0859642 0.128763 
0.0604655 0.0537663 0.0439624 0.0390142 0.0407524 0.0508766 0.0668579 0.0763391 0.068384 0.0471117 0.0243327 0.00583922 -0.00806135 -0.0172624 -0.0220759 -0.0236783 -0.022419 -0.0178428 -0.0104345 -0.00199936 0.00486656 0.00674268 0.00158073 -0.00774267 -0.0154016 -0.0176833 -0.0123181 0.00378897 0.0292264 0.0524492 
0.0172392 0.0168595 0.0160741 0.0159712 0.0173644 0.0253887 0.0408095 0.0526886 0.0501093 0.0360351 0.0201223 0.00623721 -0.00570342 -0.0145359 -0.0193336 -0.0208615 -0.0197551 -0.0158157 -0.00923451 -0.00104532 0.0068767 0.0112885 0.0091324 0.00107042 -0.00849183 -0.0153441 -0.0170711 -0.0117483 6.0302e-05 0.0120108 
0.00716112 0.00863639 0.00917719 0.00632731 0.00104011 0.00135302 0.0112927 0.0220869 0.0234942 0.0172269 0.00999084 0.00288778 -0.00510532 -0.0121206 -0.0160238 -0.016874 -0.0153792 -0.0116824 -0.00593035 0.0014658 0.00956067 0.0156879 0.0160778 0.00975577 0.000762729 -0.00570107 -0.00796614 -0.00653311 -0.00179292 0.00384402 
0.0178957 0.0193422 0.0187706 0.0118757 -0.00124677 -0.0113052 -0.0105745 -0.00407725 -0.000926164 -0.00127351 -0.00141559 -0.00238506 -0.0060592 -0.0105603 -0.0131197 -0.013068 -0.0108958 -0.00689172 -0.00119604 0.00613757 0.0147918 0.0224893 0.0249361 0.020413 0.0135512 0.0104134 0.0110683 0.012219 0.0135848 0.0158365 
0.0340283 0.0358073 0.0349487 0.0262424 0.00771904 -0.0118144 -0.020987 -0.0199896 -0.0166873 -0.0137369 -0.009938 -0.00705084 -0.007291 -0.00941713 -0.0107508 -0.0100451 -0.00731761 -0.00274566 0.00354632 0.0115397 0.0209263 0.0293673 0.0325524 0.0291573 0.0244688 0.0243209 0.0273169 0.0290354 0.029765 0.03163 
0.0434388 0.0455327 0.0445228 0.0360969 0.0167246 -0.00675742 -0.021564 -0.0243991 -0.0220162 -0.0187465 -0.0143976 -0.0101609 -0.00825683 -0.00850024 -0.0088558 -0.00779544 -0.0048234 0.000105976 0.00677357 0.0148478 0.023595 0.030591 0.0324692 0.0293709 0.0265619 0.0279942 0.0312878 0.0332482 0.0353604 0.0393925 
0.0423034 0.0429381 0.0400315 0.0323389 0.0166595 -0.00301728 -0.0162419 -0.0197136 -0.0193243 -0.0186378 -0.0162921 -0.0124203 -0.00946841 -0.00837647 -0.00789324 -0.00655364 -0.00357204 0.00124385 0.0073964 0.014031 0.020115 0.0237464 0.0232787 0.0205427 0.0199738 0.0226993 0.0256015 0.0275737 0.0313052 0.037478 
0.0347487 0.0316319 0.0249176 0.0172279 0.00724954 -0.00374464 -0.0101595 -0.0115748 -0.013258 -0.0160938 -0.0164162 -0.0136504 -0.0106507 -0.00898291 -0.00791621 -0.00633258 -0.0035206 0.000686175 0.00547538 0.00957562 0.0120932 0.012307 0.0104371 0.00928841 0.0117943 0.0164726 0.0197355 0.0218653 0.0259255 0.0317797 
0.0297544 0.0226676 0.0118187 0.00286569 -0.00302372 -0.00626361 -0.00596406 -0.0048119 -0.00734748 -0.0120196 -0.0138885 -0.0124041 -0.010394 -0.00916949 -0.00812294 -0.00658214 -0.0041751 -0.000910468 0.00226887 0.0040353 0.00387746 0.00229861 0.000980645 0.00282412 0.00888332 0.0157542 0.0198694 0.022263 0.025716 0.0297052 
0.0344829 0.0258287 0.0123908 0.00124948 -0.00414746 -0.00460033 -0.00198925 -0.000256658 -0.00269846 -0.00689717 -0.00872348 -0.00831388 -0.00792079 -0.00800908 -0.00776606 -0.00675204 -0.00489868 -0.00242198 -0.00021852 0.000577599 -0.000234119 -0.00140204 -0.000514539 0.00478192 0.0137402 0.0218762 0.0263375 0.0289973 0.0323119 0.0354933 
0.0474476 0.0395945 0.0259459 0.0132104 0.00584597 0.00337517 0.00342802 0.00300142 0.000465936 -0.00224818 -0.00309738 -0.00315849 -0.00410187 -0.00564113 -0.00660041 -0.00640298 -0.00500209 -0.00267703 -0.000236118 0.00131144 0.0018599 0.00293209 0.00693297 0.0151547 0.0254162 0.0332318 0.0372591 0.0402875 0.0442314 0.0478235 
0.0591486 0.0524784 0.0405944 0.0283695 0.0193058 0.0130561 0.0083485 0.00446062 0.00133915 -0.000127236 0.000138089 0.000375582 -0.000874078 -0.00310518 -0.00490098 -0.00537291 -0.00421622 -0.00150873 0.002104 0.00561903 0.00879492 0.0130101 0.0201184 0.0301003 0.0398631 0.0459713 0.0490916 0.0524124 0.0565909 0.0597071 
0.0594278 0.0535647 0.0446309 0.0350291 0.0261992 0.0175114 0.00914052 0.00266888 -0.000855096 -0.00147572 -0.000253049 0.000856631 0.00035784 -0.00148801 -0.00333757 -0.00409113 -0.00308462 -1.2213e-05 0.0047917 0.0104269 0.0164086 0.023513 0.0326078 0.042499 0.0499381 0.0532802 0.0550806 0.0580464 0.0610164 0.0617404 
0.0449311 0.0406356 0.0354499 0.029342 0.0222186 0.0135086 0.00442683 -0.00221593 -0.00502911 -0.00468304 -0.00262088 -0.00058274 -4.41074e-06 -0.000958055 -0.00239354 -0.00318341 -0.00239936 0.000594203 0.00579703 0.0125777 0.0203277 0.0290136 0.0382885 0.0461104 0.0497809 0.0496459 0.0495172 0.0510029 0.0513598 0.0488429 
0.0208774 0.0196324 0.0186276 0.0157153 0.0104605 0.00331974 -0.00374076 -0.00803731 -0.00878856 -0.00715744 -0.00450787 -0.00204589 -0.000855245 -0.00116896 -0.00224931 -0.00306815 -0.00262973 -0.000178145 0.00445894 0.0109079 0.0186313 0.0270362 0.0348493 0.0396199 0.039412 0.0359897 0.0335413 0.0325855 0.0297835 0.02472 
-0.00453988 -0.00254809 -4.02451e-05 -0.000553867 -0.00418653 -0.00908148 -0.0127778 -0.0135359 -0.0116915 -0.00878398 -0.0058614 -0.00344504 -0.00210376 -0.00210516 -0.00298555 -0.00386339 -0.00379898 -0.00207732 0.00145081 0.00648597 0.0125967 0.0190559 0.0243777 0.0262917 0.023467 0.0180436 0.0136769 0.010133 0.00454749 -0.00188513 
-0.02575 -0.0220805 -0.0177344 -0.016731 -0.0187641 -0.0211789 -0.0216098 -0.0193323 -0.0154012 -0.0114032 -0.00810655 -0.00556238 -0.00396085 -0.003606 -0.00427148 -0.00518101 -0.00541187 -0.00432516 -0.00191332 0.00143712 0.00532781 0.0091649 0.0118434 0.011762 0.00806583 0.00246214 -0.00268451 -0.00828439 -0.0161962 -0.0237089 
-0.0386546 -0.034844 -0.0300571 -0.0284087 -0.0292451 -0.0297774 -0.0282727 -0.0246281 -0.0197662 -0.0149517 -0.0109378 -0.0077993 -0.00566415 -0.00487411 -0.00531731 -0.0062237 -0.00661761 -0.00592904 -0.00430329 -0.00219701 4.11734e-05 0.00201494 0.00311078 0.00245036 -0.000451008 -0.0046479 -0.00944292 -0.0165616 -0.0268184 -0.0360196 
-0.0396243 -0.0358268 -0.031165 -0.0298274 -0.0306494 -0.0308376 -0.0293797 -0.0263374 -0.0219321 -0.0169558 -0.0123848 -0.00869919 -0.00619599 -0.00518654 -0.00551211 -0.00637588 -0.00679491 -0.00626633 -0.00499313 -0.00335341 -0.00154094 0.000224517 0.00161158 0.00209196 0.00119227 -0.00100914 -0.00521878 -0.0136029 -0.025859 -0.0364849 
-0.0300968 -0.0258808 -0.0218135 -0.0216684 -0.0234979 -0.0245413 -0.0244345 -0.0231756 -0.0202062 -0.0158889 -0.0114501 -0.00780661 -0.00542301 -0.00450535 -0.00481054 -0.00560837 -0.00601852 -0.00558054 -0.00442834 -0.00275584 -0.000554256 0.00211936 0.0050289 0.00754724 0.00874946 0.0079125 0.00374592 -0.00540481 -0.0179773 -0.0279499 
-0.0180242 -0.013998 -0.0113278 -0.0124934 -0.0149702 -0.0165282 -0.0175048 -0.0178204 -0.0163184 -0.0129958 -0.0091641 -0.00598444 -0.00399477 -0.00329209 -0.00360846 -0.00437735 -0.00489224 -0.00471488 -0.00384333 -0.00228739 0.000107773 0.00341511 0.00741877 0.0112137 0.0133805 0.0128404 0.00858407 4.01095e-05 -0.0104269 -0.0176021 
-0.0112353 -0.00891059 -0.00807224 -0.00961173 -0.0113405 -0.0122056 -0.0131274 -0.0139265 -0.0131453 -0.0105033 -0.00717951 -0.00437842 -0.00268528 -0.00214045 -0.00246566 -0.00324814 -0.00398151 -0.0042863 -0.00403459 -0.00308355 -0.0012141 0.00167164 0.00531817 0.00870006 0.0103817 0.00956335 0.0059235 -0.000351965 -0.00721522 -0.0113621 
-0.0108355 -0.0109212 -0.011428 -0.0122301 -0.0123433 -0.011958 -0.0120782 -0.0123603 -0.0114504 -0.00901604 -0.00597523 -0.00339121 -0.00185068 -0.00137478 -0.0016686 -0.0024204 -0.00331913 -0.00410241 -0.00458272 -0.00451051 -0.00364905 -0.00197187 0.000199061 0.00201024 0.00251647 0.00150129 -0.000826754 -0.0042017 -0.00769462 -0.01004 
-0.0123413 -0.0140461 -0.0149621 -0.0147141 -0.0135736 -0.0123798 -0.011707 -0.0110916 -0.00966751 -0.00732237 -0.00469889 -0.00252416 -0.00122636 -0.000805428 -0.00100949 -0.00162652 -0.00250661 -0.00351402 -0.00448223 -0.00515066 -0.00529646 -0.00493231 -0.00434765 -0.00405687 -0.0044374 -0.00530157 -0.00630853 -0.00747439 -0.00886637 -0.0104914 
-0.0117472 -0.0136229 -0.0141637 -0.0131875 -0.0116495 -0.0103438 -0.00925675 -0.00795773 -0.0062114 -0.00423441 -0.0024292 -0.0010736 -0.000287119 -2.76794e-05 -0.000159689 -0.000609365 -0.00136164 -0.00237298 -0.00352027 -0.00460578 -0.00545519 -0.00603345 -0.006454 -0.00690658 -0.00746974 -0.00792593 -0.00808722 -0.00818415 -0.00862732 -0.00979379 
-0.0085807 -0.00952261 -0.00925189 -0.00784804 -0.00637899 -0.00527629 -0.0041255 -0.00264353 -0.00106983 0.000163445 0.000853637 0.00111976 0.0011583 0.00107953 0.000900946 0.000533273 -0.000152664 -0.00118515 -0.00244479 -0.00375769 -0.00498287 -0.00602784 -0.00683239 -0.00737551 -0.00767205 -0.00769208 -0.00747036 -0.00721889 -0.00715076 -0.00754781 
-0.00467151 -0.00436599 -0.0032716 -0.00155794 -9.22271e-05 0.00097393 0.00210414 0.00338996 0.00440698 0.00472513 0.00431586 0.00353934 0.002798 0.00228005 0.00193687 0.00153689 0.000806425 -0.00036318 -0.00184401 -0.00341008 -0.00486638 -0.0060725 -0.00692465 -0.00735335 -0.00737985 -0.00711919 -0.00673909 -0.00629684 -0.00566245 -0.00498927 
-0.00217328 -0.00096394 0.000645408 0.00260947 0.0043654 0.00581117 0.00714787 0.00825283 0.00872548 0.00829548 0.00709162 0.00558131 0.0042537 0.00334863 0.00279153 0.00227387 0.00143897 0.000101689 -0.0016554 -0.00357193 -0.00534034 -0.00672276 -0.00761708 -0.00800353 -0.00792403 -0.00753529 -0.00703984 -0.00636422 -0.00516664 -0.00356912 
-0.0021093 -0.000500976 0.00131202 0.0035185 0.00582744 0.00800996 0.00987798 0.0111128 0.0114028 0.0106447 0.00906752 0.00717746 0.00550278 0.00430961 0.00351018 0.00278818 0.00179468 0.000303928 -0.00169788 -0.00400262 -0.00624294 -0.00805829 -0.00925305 -0.00977827 -0.00968543 -0.00918255 -0.00853012 -0.00763366 -0.00609311 -0.00402501 
-0.0041041 -0.00231479 -0.000371631 0.0021499 0.00514256 0.00818919 0.0107738 0.0124552 0.0129868 0.0123365 0.010738 0.00869431 0.00677801 0.00529641 0.00417231 0.00312553 0.00186574 0.000166713 -0.00207091 -0.00474005 -0.00751812 -0.00998218 -0.0117577 -0.0126157 -0.0125666 -0.0119258 -0.0110987 -0.0100712 -0.00843378 -0.00622824 
-0.00703795 -0.00493618 -0.00270623 0.000275316 0.00398531 0.00781096 0.0110495 0.0132388 0.0141763 0.0138417 0.0124148 0.0103332 0.00817933 0.00632222 0.00474813 0.00324795 0.00159451 -0.000416966 -0.0029191 -0.00589113 -0.00911391 -0.0121789 -0.014558 -0.0158105 -0.0158741 -0.0151715 -0.014279 -0.0132867 -0.0117231 -0.00944155 
-0.0095558 -0.00701374 -0.00433278 -0.000724329 0.00373344 0.00816369 0.0117604 0.014142 0.0152188 0.0150573 0.0138111 0.0117761 0.00944001 0.00719939 0.00513389 0.00313638 0.00104547 -0.00131061 -0.00405436 -0.00721091 -0.0106499 -0.0140074 -0.0167032 -0.0181876 -0.0183352 -0.0176314 -0.016799 -0.0160122 -0.0146632 -0.0123267 
-0.0106307 -0.00789083 -0.00486102 -0.000605774 0.00460702 0.00953087 0.0132158 0.0153708 0.0161084 0.0157329 0.0144871 0.0125297 0.0101675 0.00771755 0.0052911 0.00288429 0.000429743 -0.00219527 -0.00509654 -0.00831551 -0.0117488 -0.0150526 -0.0176875 -0.0191241 -0.0191791 -0.0183187 -0.0173967 -0.0167465 -0.0156856 -0.0134961 
-0.00993981 -0.00763636 -0.00476851 -0.000227243 0.00554116 0.0109432 0.0147684 0.0166344 0.0167989 0.0158898 0.0143959 0.0124757 0.0102597 0.00785572 0.00527797 0.00259877 -0.000117551 -0.00293262 -0.0059608 -0.0092532 -0.0126586 -0.0157738 -0.0181164 -0.0192701 -0.0190022 -0.0176289 -0.0160887 -0.0150795 -0.0141264 -0.0123329 
-0.00762461 -0.00655863 -0.00468707 -0.000674339 0.0050495 0.01078 0.0149779 0.0168782 0.0166877 0.0153246 0.0135929 0.0117673 0.00985214 0.0076891 0.00512497 0.00229135 -0.000608111 -0.00358681 -0.00679187 -0.0102819 -0.0138086 -0.0168152 -0.018793 -0.0194575 -0.0185843 -0.0162789 -0.0134955 -0.0114548 -0.0102197 -0.00895036 
-0.00369638 -0.00456434 -0.00457299 -0.00216328 0.00247328 0.00787228 0.0123048 0.0145107 0.014478 0.0132599 0.011818 0.0104488 0.00903745 0.00723609 0.00480682 0.00196374 -0.000986277 -0.00403953 -0.00736457 -0.0110174 -0.0146821 -0.0176362 -0.0192115 -0.0191369 -0.0172555 -0.0136071 -0.00922016 -0.00582983 -0.00412009 -0.00348834 
0.00269386 -0.00051683 -0.00315824 -0.00345636 -0.00124916 0.0025191 0.0063209 0.00867404 0.00930617 0.00910385 0.0088192 0.00851175 0.00789972 0.00658416 0.00441341 0.00174561 -0.00104096 -0.00393433 -0.0070696 -0.0104858 -0.0139171 -0.0166023 -0.0176499 -0.0166161 -0.013392 -0.00816567 -0.00219112 0.00242165 0.00456891 0.00457101 
0.0121758 0.00650358 0.000643089 -0.00324479 -0.00459292 -0.00375409 -0.00168254 0.000359692 0.00188467 0.00329437 0.0048154 0.00610023 0.00663923 0.00601353 0.0042352 0.00186443 -0.000618466 -0.00314129 -0.00571671 -0.00833818 -0.0109152 -0.0128431 -0.013107 -0.0110697 -0.00664377 -0.000175092 0.00696189 0.0125939 0.0154336 0.0153486 
0.0217706 0.0137368 0.00459287 -0.0027889 -0.00748006 -0.00949706 -0.00927151 -0.00769799 -0.00543084 -0.00257498 0.000664714 0.00363383 0.00553687 0.00579644 0.00450368 0.00242255 0.00018862 -0.00199107 -0.00392277 -0.00550024 -0.00683191 -0.00760025 -0.00691082 -0.00418031 0.000604938 0.0071896 0.0145786 0.0210067 0.0250539 0.0256915 
0.0249809 0.0149154 0.00351476 -0.00547812 -0.0111342 -0.0137808 -0.0138712 -0.012226 -0.009638 -0.00629855 -0.00225297 0.00186488 0.00491429 0.0059722 0.00509783 0.00321286 0.00108244 -0.000964419 -0.00252669 -0.00334326 -0.00361666 -0.00335135 -0.00207094 0.000466787 0.00425412 0.00950285 0.0160749 0.0228653 0.0281336 0.0295839 
0.0184272 0.00693814 -0.00487208 -0.0125623 -0.0157898 -0.0159421 -0.0141496 -0.0115871 -0.00914866 -0.00653749 -0.00293996 0.00138311 0.00493479 0.0063583 0.00564567 0.00381557 0.00165868 -0.000480914 -0.00209204 -0.00274977 -0.00261239 -0.00198918 -0.00101139 0.000195328 0.00190199 0.00503411 0.0102437 0.0168502 0.0226119 0.0240813 
0.00611755 -0.00602388 -0.0167603 -0.0212481 -0.0200849 -0.0160818 -0.0113454 -0.00752213 -0.00549115 -0.0042384 -0.00189807 0.00180357 0.00516746 0.00649654 0.0056926 0.00375884 0.00141742 -0.00102715 -0.00302844 -0.00402339 -0.00403699 -0.00359665 -0.00338154 -0.00371188 -0.00387786 -0.00249011 0.00130274 0.00698579 0.0121866 0.0128973 
-0.00625103 -0.0181523 -0.0270578 -0.0280936 -0.0227716 -0.0151929 -0.00825637 -0.00368917 -0.00205961 -0.00187238 -0.000722511 0.00203907 0.00478232 0.00573623 0.00471228 0.00256564 -9.58284e-05 -0.00296459 -0.00543877 -0.00682253 -0.00696387 -0.00645081 -0.00627921 -0.00691025 -0.00756852 -0.00711649 -0.00506908 -0.00157644 0.00178198 0.00124144 
-0.0180001 -0.0283985 -0.0345526 -0.0323227 -0.0238731 -0.014134 -0.00647409 -0.00217451 -0.0010587 -0.00136091 -0.000778804 0.00129429 0.00334408 0.00377245 0.00244733 9.16849e-05 -0.00281342 -0.00595345 -0.00865359 -0.010094 -0.0099642 -0.00878735 -0.00764684 -0.00723955 -0.00731253 -0.0075387 -0.00786193 -0.00778433 -0.00762812 -0.010199 
-0.0306314 -0.0382477 -0.0405287 -0.0349355 -0.0238497 -0.0125841 -0.00502268 -0.00192164 -0.00201477 -0.00299511 -0.00270017 -0.000893808 0.000730541 0.000737824 -0.000790067 -0.0031439 -0.00597035 -0.00901148 -0.0115546 -0.0127069 -0.0120969 -0.0101595 -0.00789003 -0.00623663 -0.00578447 -0.00703075 -0.00989462 -0.0133088 -0.0170207 -0.022583 
-0.0414717 -0.0461523 -0.0445173 -0.0355379 -0.0214931 -0.00829138 -0.000860688 0.000293012 -0.00229394 -0.00521939 -0.00593925 -0.00450988 -0.00304442 -0.00305104 -0.00435903 -0.00630604 -0.00867152 -0.011273 -0.0133822 -0.0140699 -0.0129397 -0.0102852 -0.0068948 -0.00400909 -0.00324475 -0.00573404 -0.0107944 -0.0169195 -0.0241864 -0.0330298 
-0.0441072 -0.0472977 -0.0433653 -0.0315083 -0.0141696 0.00124401 0.00839353 0.00699522 0.000879431 -0.00526715 -0.00818832 -0.00790719 -0.00680728 -0.00662789 -0.00740185 -0.00867364 -0.0103677 -0.0123747 -0.0139765 -0.014166 -0.0123404 -0.0084337 -0.00301338 0.0020984 0.00393914 0.00071604 -0.00609074 -0.0142947 -0.0241219 -0.0352428 
-0.0349897 -0.038776 -0.0351019 -0.0221904 -0.00312487 0.0131552 0.01961 0.0162222 0.00742013 -0.00152205 -0.00694904 -0.00858149 -0.0085388 -0.0085848 -0.00906238 -0.00980546 -0.0108929 -0.0123448 -0.0135404 -0.0133394 -0.0107014 -0.00501824 0.00331182 0.0117383 0.0159091 0.0131414 0.00530687 -0.00425596 -0.0148424 -0.0260262 
-0.0181194 -0.0235151 -0.022521 -0.0123868 0.00381673 0.0179278 0.0238563 0.0210932 0.0128895 0.00379575 -0.00280341 -0.00623376 -0.00771147 -0.00854068 -0.00924099 -0.00987482 -0.010605 -0.0116088 -0.0124853 -0.0120415 -0.00883415 -0.00180545 0.00883547 0.0201993 0.0270148 0.0255439 0.0175001 0.00773755 -0.00132558 -0.0100251 
-0.0012223 -0.00733401 -0.0105217 -0.00775547 5.19753e-05 0.00889086 0.0148079 0.0154559 0.0113088 0.00534134 0.000139003 -0.00349876 -0.0057891 -0.00733137 -0.00857089 -0.00951845 -0.0101708 -0.0107743 -0.01127 -0.0106586 -0.00735362 -3.76274e-05 0.0113388 0.0239883 0.0322606 0.0316423 0.0237151 0.0147969 0.00880559 0.00432119 
0.0122259 0.00663533 -0.00132651 -0.00853009 -0.0118112 -0.00960574 -0.00399316 0.000246704 0.000861426 -0.000454773 -0.00195226 -0.00330595 -0.00456025 -0.00597712 -0.00767947 -0.00916626 -0.0099171 -0.0101013 -0.0100939 -0.00934401 -0.00631409 0.000526557 0.0114133 0.023642 0.031643 0.031069 0.0238232 0.0167835 0.0142265 0.0141266 
0.0243142 0.018435 0.00525994 -0.0113865 -0.0241563 -0.0274208 -0.0227766 -0.016993 -0.0137089 -0.0114531 -0.0087923 -0.00630456 -0.00494807 -0.00530191 -0.00711035 -0.00908903 -0.00998121 -0.00972283 -0.00907832 -0.00802349 -0.00512726 0.00129079 0.011324 0.022096 0.0287662 0.0284438 0.023615 0.0201203 0.0209454 0.0238541 
0.0373904 0.0289387 0.00999362 -0.0142085 -0.0329494 -0.0388271 -0.0345998 -0.028749 -0.0251747 -0.0216322 -0.0163076 -0.01056 -0.00659531 -0.0056363 -0.00728301 -0.0096491 -0.0107547 -0.0101034 -0.00857577 -0.0065366 -0.00274539 0.00432088 0.0141164 0.0233052 0.0283104 0.0287721 0.0279886 0.0294902 0.0334884 0.0373765 
0.0510482 0.0396645 0.0154483 -0.0148542 -0.0374122 -0.043706 -0.0383862 -0.0321373 -0.0292105 -0.0262703 -0.0205812 -0.0136607 -0.00843393 -0.00666165 -0.00816468 -0.0109051 -0.0123567 -0.0113996 -0.00862462 -0.00451504 0.00184016 0.0113196 0.0221686 0.0301414 0.032926 0.033368 0.0361851 0.0423233 0.0486949 0.0524333 
0.0638319 0.0523984 0.0257363 -0.00867995 -0.0343625 -0.0409248 -0.0339695 -0.0267354 -0.0248391 -0.0241957 -0.0206487 -0.0150002 -0.0101748 -0.00827926 -0.00964042 -0.0125276 -0.0141849 -0.0128314 -0.00843674 -0.00130321 0.00905132 0.022316 0.0348983 0.0412482 0.0402761 0.0384345 0.0425002 0.0514486 0.0595976 0.0642654 
0.0747613 0.0666447 0.0421969 0.00839927 -0.0177261 -0.0242624 -0.0165965 -0.00987136 -0.0111816 -0.0156555 -0.0172355 -0.0153415 -0.0124412 -0.0109165 -0.0118303 -0.0141986 -0.0154687 -0.0133545 -0.00707326 0.00344251 0.0181986 0.0352998 0.0489584 0.052459 0.0461914 0.0399942 0.0427795 0.0529201 0.0634987 0.0714709 
0.0822782 0.0786993 0.0613521 0.0355213 0.0155199 0.0120469 0.0191029 0.021075 0.0118261 -0.00157171 -0.0111372 -0.0151139 -0.0154235 -0.0146586 -0.0147808 -0.0158975 -0.0160511 -0.0127381 -0.00457964 0.00877971 0.0268763 0.0464289 0.0600063 0.060473 0.0495609 0.0390143 0.0392622 0.0497999 0.0635692 0.0755221 
0.0838728 0.084165 0.0769806 0.0648733 0.0571738 0.060412 0.0660845 0.0594804 0.0386399 0.0144253 -0.00393989 -0.014517 -0.0188089 -0.019289 -0.018645 -0.0181565 -0.0167144 -0.0119778 -0.00239457 0.0123491 0.0313939 0.0509129 0.0633043 0.0620806 0.0496067 0.0373657 0.0360954 0.0470061 0.063108 0.0766258 
0.078586 0.0809574 0.082842 0.0837594 0.0881327 0.0981903 0.103023 0.0894229 0.059719 0.0276995 0.00275065 -0.013555 -0.0220467 -0.0243529 -0.0233601 -0.021416 -0.0184439 -0.0126267 -0.00260556 0.0117104 0.0292284 0.0463184 0.056431 0.0545971 0.0435919 0.03357 0.0340438 0.046186 0.0624634 0.0738935 
0.0699869 0.0718659 0.0776658 0.0848804 0.0949182 0.107997 0.113186 0.0988998 0.0687179 0.0359669 0.00887871 -0.0110769 -0.0233146 -0.0278408 -0.0272029 -0.0245932 -0.0209749 -0.0151979 -0.00611549 0.00643013 0.0214114 0.035383 0.0426881 0.0400148 0.0313759 0.0263916 0.0321707 0.0469874 0.0619611 0.0692441 
0.0692386 0.0678917 0.0707282 0.0758372 0.0838719 0.094716 0.0993744 0.0883611 0.0644126 0.0376359 0.0136419 -0.00645571 -0.0205528 -0.0268994 -0.0273604 -0.0253966 -0.0225496 -0.0181762 -0.0112005 -0.000989787 0.0118336 0.0236079 0.0284979 0.024281 0.0171213 0.0175523 0.0303635 0.0498906 0.0656467 0.0712112 
0.0966131 0.0885108 0.0796551 0.0738097 0.0729962 0.0762785 0.0763807 0.0664903 0.0489757 0.0305978 0.0135981 -0.00237034 -0.0148991 -0.021389 -0.0230027 -0.0226119 -0.0214825 -0.0191319 -0.0145885 -0.0068041 0.00413911 0.0143848 0.0174648 0.0116809 0.00523272 0.0101058 0.0303067 0.0585469 0.0834839 0.0967753 
0.170048 0.150654 0.119371 0.0924626 0.0757215 0.0663112 0.0572775 0.0439209 0.0286885 0.016276 0.00652597 -0.0028003 -0.0105995 -0.0149426 -0.0166928 -0.0175744 -0.0178854 -0.0170177 -0.0143327 -0.00888927 -0.000417589 0.00754487 0.00868418 0.00204503 -0.00295679 0.0064843 0.0354396 0.0789562 0.126249 0.161691 
0.274894 0.242404 0.183189 0.129482 0.0926811 0.0684922 0.0494017 0.0307794 0.0138138 0.00231875 -0.00383838 -0.00777947 -0.0104844 -0.0117405 -0.0125683 -0.013614 -0.0141553 -0.0134655 -0.0115201 -0.00803048 -0.00274312 0.00154026 -0.000148042 -0.00715325 -0.00939493 0.00575763 0.0451884 0.108638 0.186751 0.253439 
