0.346596 0.272851 0.181986 0.11174 0.0769227 0.0700217 0.0705617 0.0610465 0.0383091 0.0106485 -0.0117691 -0.0236165 -0.02626 -0.024895 -0.0233531 -0.022 -0.0198843 -0.0168606 -0.0139653 -0.013495 -0.0176603 -0.0246652 -0.0272827 -0.0176585 0.0086643 0.0548235 0.124443 0.215534 0.307806 0.361641 
0.286299 0.216904 0.13551 0.0744101 0.0460202 0.0437081 0.0492975 0.0465368 0.0312137 0.00945177 -0.0098019 -0.0206598 -0.0231707 -0.0218576 -0.0207235 -0.0203787 -0.0195726 -0.01741 -0.0144519 -0.0133137 -0.0168242 -0.0234553 -0.0262785 -0.0181406 0.00498661 0.046206 0.108366 0.188063 0.265673 0.306478 
0.195908 0.139301 0.0766115 0.0318227 0.0144314 0.019032 0.0299329 0.0324289 0.0223689 0.00528492 -0.0104538 -0.0192293 -0.0208157 -0.0191705 -0.018026 -0.0181109 -0.018189 -0.0169879 -0.0145943 -0.0133156 -0.0157623 -0.0206988 -0.0227457 -0.0167593 0.000523436 0.0322241 0.0800913 0.139506 0.193968 0.21792 
0.118978 0.0748155 0.0286814 -0.00235634 -0.0109257 -0.00116798 0.0133282 0.0190932 0.0122996 -0.00133169 -0.0136092 -0.0197528 -0.0200342 -0.0178747 -0.0162781 -0.015927 -0.015921 -0.0150549 -0.0130478 -0.0114942 -0.0123288 -0.0148172 -0.0158542 -0.0125475 -0.00189473 0.01983 0.0537884 0.0947876 0.129585 0.140565 
0.0755227 0.040837 0.00559938 -0.0173566 -0.0216027 -0.0102027 0.00480502 0.0110057 0.00510343 -0.00676496 -0.0165928 -0.0207016 -0.020124 -0.0177178 -0.0155364 -0.0141116 -0.0130225 -0.0114196 -0.00882779 -0.00608028 -0.00447324 -0.00407909 -0.00414776 -0.00352117 0.00116544 0.0146746 0.0383194 0.0670748 0.0900928 0.0946443 
0.0607218 0.035129 0.00781545 -0.0105656 -0.013407 -0.00302097 0.0094211 0.0126791 0.00468607 -0.00770841 -0.0168849 -0.0203952 -0.0199581 -0.0178443 -0.0152623 -0.0126913 -0.0101988 -0.00728777 -0.00332685 0.00152035 0.0063754 0.0102451 0.0119254 0.0113011 0.0117949 0.0186767 0.0339236 0.053933 0.0705083 0.0741635 
0.0601852 0.0451572 0.0255843 0.0109176 0.00853379 0.0166045 0.0244846 0.0224318 0.0102443 -0.00436331 -0.0143835 -0.0185722 -0.0191111 -0.0177259 -0.0151046 -0.0119225 -0.00868797 -0.00501648 4.64161e-05 0.00695516 0.0151206 0.0228889 0.027845 0.0287651 0.02789 0.0295156 0.0362872 0.0475114 0.0591224 0.06491 
0.0608638 0.0556867 0.0435191 0.0327323 0.030978 0.0366478 0.0399869 0.0331303 0.0175282 0.00115676 -0.00988705 -0.0152748 -0.0172599 -0.0170111 -0.0149285 -0.0120325 -0.0092134 -0.00599003 -0.000949967 0.00688005 0.0171714 0.0282072 0.0373904 0.0426006 0.0436626 0.0423409 0.0413888 0.0435642 0.0497952 0.0574073 
0.0537985 0.0542686 0.0476236 0.0409633 0.0407825 0.0451821 0.0460278 0.0377153 0.022451 0.00714581 -0.00358102 -0.00997699 -0.0137983 -0.0153283 -0.0145225 -0.0126463 -0.0109643 -0.00895754 -0.00491095 0.0023606 0.0127147 0.0250537 0.0376674 0.0479809 0.0530023 0.051309 0.04507 0.0396621 0.0401306 0.0467594 
0.0364211 0.0378417 0.034544 0.0322663 0.0348244 0.0393196 0.0398635 0.0336269 0.0228572 0.0120538 0.00358068 -0.00326373 -0.00917969 -0.0130205 -0.0138973 -0.0131085 -0.0123481 -0.0113407 -0.0084603 -0.00274679 0.00566947 0.0167254 0.0302699 0.0437886 0.0520682 0.0510849 0.042156 0.0318569 0.0274045 0.0306897 
0.0139133 0.01415 0.013075 0.0153248 0.0213077 0.0265026 0.0273579 0.0242109 0.0193225 0.0143336 0.0090277 0.00228048 -0.00536882 -0.0112186 -0.0134388 -0.0132127 -0.0126336 -0.0119034 -0.00983909 -0.00600145 -0.000679235 0.00704387 0.0185887 0.0319132 0.0407951 0.039951 0.0300702 0.0178113 0.0108051 0.0111184 
-0.00487742 -0.00538102 -0.00457741 0.00173891 0.0110723 0.0170197 0.0175719 0.0158204 0.0145223 0.0134331 0.0104916 0.00426975 -0.00390865 -0.0105074 -0.0132206 -0.0130333 -0.0121523 -0.0112197 -0.00961339 -0.0074221 -0.00514411 -0.00131289 0.00651708 0.0169734 0.0240267 0.0223957 0.0125221 0.000657359 -0.00605709 -0.00625869 
-0.0134698 -0.0133755 -0.0109048 -0.00169763 0.0101713 0.016749 0.016264 0.0132441 0.0114448 0.0106217 0.00831541 0.00291242 -0.00434475 -0.0102249 -0.0126609 -0.0123968 -0.0113067 -0.010169 -0.0088008 -0.0076207 -0.00724411 -0.00614844 -0.00164191 0.00546962 0.0100152 0.00734791 -0.00208062 -0.0124049 -0.017097 -0.0156477 
-0.0104942 -0.00884914 -0.00471976 0.00627322 0.0195405 0.0263542 0.0243146 0.0180264 0.0124242 0.00881404 0.00552332 0.000793775 -0.00488285 -0.00935202 -0.0112611 -0.0111333 -0.0102021 -0.00905327 -0.00774739 -0.00682479 -0.00684915 -0.00651001 -0.00346715 0.00174116 0.0048255 0.00176108 -0.00691879 -0.0155304 -0.0180065 -0.0144316 
0.00160699 0.00483008 0.0106441 0.0227832 0.0363439 0.0425426 0.0384274 0.0281792 0.0177427 0.010265 0.00512393 0.000435519 -0.00416142 -0.00763498 -0.00932546 -0.00955065 -0.00890698 -0.00771443 -0.006225 -0.00505952 -0.00461453 -0.00373523 -0.000527604 0.00454856 0.00778301 0.0055109 -0.00166418 -0.00823346 -0.00871395 -0.00363386 
0.0191444 0.0229161 0.0295602 0.0417749 0.0541483 0.058299 0.051486 0.0378481 0.0238684 0.0135841 0.00686103 0.00174572 -0.00263213 -0.00591405 -0.00775585 -0.00823399 -0.00754141 -0.00592799 -0.00395712 -0.00246151 -0.00167544 -0.000314446 0.00344532 0.00924786 0.013673 0.0133417 0.00900255 0.00564971 0.00759171 0.0136639 
0.0374174 0.0400393 0.045582 0.0558658 0.0650359 0.0655157 0.0556779 0.0401709 0.0252638 0.0144555 0.00736102 0.00211046 -0.00221049 -0.00544878 -0.00726656 -0.00752009 -0.00626023 -0.00388337 -0.00135335 0.000199057 0.000703689 0.00190086 0.00593844 0.0125101 0.0182827 0.0204152 0.020027 0.0211126 0.0260845 0.0328405 
0.0502988 0.0503849 0.0530681 0.0595433 0.0639586 0.0600485 0.047829 0.0325041 0.0193022 0.0101725 0.00412103 -0.000416162 -0.00405225 -0.00662624 -0.00779628 -0.00732777 -0.00528027 -0.00225988 0.000454076 0.00159088 0.0014003 0.00223349 0.00651318 0.013639 0.0202697 0.0245103 0.0280515 0.0335156 0.041064 0.0476894 
0.0531792 0.050463 0.0498804 0.0520186 0.0516805 0.044377 0.031589 0.0184747 0.00869687 0.00250986 -0.00159275 -0.00473289 -0.00708956 -0.00845766 -0.00860297 -0.00733144 -0.00476047 -0.00165888 0.000585105 0.000893009 3.61857e-05 0.000825203 0.00550808 0.0128457 0.0195977 0.0250553 0.0313908 0.0396972 0.0481067 0.0532261 
0.0463925 0.0415 0.0384463 0.0371986 0.0337334 0.0253809 0.0142769 0.00471133 -0.00121959 -0.00440247 -0.00651319 -0.00823069 -0.00933521 -0.00957405 -0.00886533 -0.00713284 -0.00457735 -0.00204275 -0.000789998 -0.00143558 -0.00268756 -0.00166252 0.00332466 0.0104524 0.0168124 0.0226729 0.0302863 0.0393769 0.0467282 0.0492003 
0.033726 0.0274592 0.0231709 0.0203523 0.0161112 0.00904977 0.00113124 -0.00461636 -0.00727517 -0.00819732 -0.00889185 -0.00962272 -0.00986923 -0.00935996 -0.00818141 -0.00642879 -0.00439283 -0.00285625 -0.00273677 -0.00411969 -0.00545351 -0.00419363 0.000731142 0.00733118 0.0131518 0.0188276 0.0262568 0.0343454 0.0394254 0.0389331 
0.018251 0.0114922 0.00730438 0.00480979 0.00165924 -0.00298215 -0.00753334 -0.00995515 -0.0100877 -0.00943949 -0.00922045 -0.00930055 -0.00896426 -0.00799074 -0.00664055 -0.00517865 -0.00394152 -0.00350998 -0.00433323 -0.00606191 -0.00722387 -0.00588761 -0.00144248 0.00435747 0.00945198 0.0142332 0.0200639 0.0257819 0.0281106 0.0250854 
0.00166452 -0.00444234 -0.00729681 -0.00815879 -0.00940934 -0.0117 -0.013522 -0.0132971 -0.0113822 -0.00945014 -0.00845304 -0.00793868 -0.00712211 -0.00587993 -0.00456819 -0.00352098 -0.00305535 -0.00351683 -0.0049341 -0.00670919 -0.00768529 -0.00661469 -0.00316524 0.00134253 0.00514583 0.00813669 0.0112419 0.013817 0.0135113 0.00890234 
-0.0132645 -0.0178252 -0.0187748 -0.0176332 -0.0169668 -0.0173624 -0.0171812 -0.0150113 -0.0115648 -0.0086311 -0.00694129 -0.00585754 -0.0046678 -0.00335411 -0.00224274 -0.0015934 -0.00164346 -0.00257966 -0.00421684 -0.00594284 -0.00700792 -0.00672213 -0.00484361 -0.00220253 -0.000273582 0.000432088 0.000599675 0.000279165 -0.00187454 -0.00685995 
-0.0229156 -0.0259526 -0.0254176 -0.0227667 -0.0205896 -0.0195275 -0.0179793 -0.014678 -0.0104594 -0.00700655 -0.00483642 -0.00329643 -0.00186657 -0.000637468 0.000156955 0.000430291 9.60832e-05 -0.00094045 -0.00249891 -0.00415328 -0.00553289 -0.0062775 -0.0060873 -0.00534483 -0.0052058 -0.00635595 -0.00825093 -0.0103656 -0.0133171 -0.0178316 
-0.025959 -0.0280804 -0.0269452 -0.0236984 -0.0206945 -0.0186891 -0.0163871 -0.0127261 -0.00843194 -0.0048832 -0.0024378 -0.00057789 0.000974991 0.00202599 0.00242161 0.00226888 0.00169046 0.00068942 -0.000645279 -0.0021367 -0.00369166 -0.00509878 -0.00598028 -0.0064184 -0.007276 -0.0092518 -0.011972 -0.0148101 -0.0179747 -0.0219217 
-0.024143 -0.025624 -0.0244247 -0.0213656 -0.0182914 -0.0159283 -0.013394 -0.00988711 -0.00593247 -0.00256223 -4.97794e-05 0.00193567 0.00346419 0.00426412 0.0042301 0.00361803 0.00274709 0.00173869 0.000627598 -0.000596098 -0.00202098 -0.00352767 -0.00473312 -0.00557458 -0.00667851 -0.00867571 -0.0113933 -0.0143466 -0.0175075 -0.0209683 
-0.0201416 -0.0207237 -0.0194581 -0.0169258 -0.0142857 -0.0120373 -0.00966694 -0.00663019 -0.00325394 -0.000287283 0.0020247 0.00386077 0.00517046 0.0056611 0.00526432 0.00430826 0.00320458 0.00214338 0.00115063 0.000121895 -0.00115022 -0.00263549 -0.00398835 -0.00506769 -0.00628166 -0.00810008 -0.0104486 -0.0130064 -0.0156389 -0.0181807 
-0.0159482 -0.0155456 -0.0141629 -0.0121381 -0.0100174 -0.0081006 -0.00616072 -0.00377386 -0.00103787 0.00146594 0.00342125 0.00489342 0.00583389 0.00602732 0.00545759 0.00443283 0.0032959 0.00218402 0.00110627 -5.78562e-05 -0.00154507 -0.00334594 -0.00510747 -0.00661662 -0.00808525 -0.00975459 -0.0114955 -0.0130778 -0.0144353 -0.0154734 
-0.0126278 -0.0118684 -0.0106925 -0.00911944 -0.00736231 -0.00575222 -0.00427541 -0.00244257 -0.000105746 0.00216617 0.00385508 0.00494101 0.00551117 0.00553304 0.00504693 0.00424791 0.00327745 0.00211976 0.000742228 -0.000928897 -0.00303557 -0.00545236 -0.00771957 -0.0095485 -0.011052 -0.0123406 -0.0132289 -0.0135506 -0.0134358 -0.0131071 
-0.0103756 -0.0101517 -0.00967541 -0.00868109 -0.00729492 -0.00597965 -0.00481246 -0.00318382 -0.000825652 0.00156593 0.00322905 0.00409961 0.00446632 0.00450631 0.00429006 0.00385788 0.00313142 0.00194344 0.000224313 -0.00202837 -0.00480069 -0.00776798 -0.0102821 -0.011958 -0.0129366 -0.0134264 -0.01334 -0.0126135 -0.0115864 -0.0107713 
-0.0085302 -0.00917924 -0.00963261 -0.00953612 -0.00893788 -0.00818915 -0.0072555 -0.00551741 -0.00282737 -7.87939e-05 0.0017875 0.00268725 0.00306148 0.00323528 0.00328809 0.00315068 0.00261863 0.00145738 -0.000413441 -0.00295897 -0.00606981 -0.00926246 -0.0116867 -0.0128339 -0.0129366 -0.012446 -0.0114776 -0.0101027 -0.008824 -0.00826191 
-0.00601175 -0.00723838 -0.00857667 -0.00974383 -0.0105032 -0.010711 -0.0100599 -0.00808943 -0.0049794 -0.00183148 0.000316774 0.00135811 0.00179637 0.00203237 0.00216513 0.00210782 0.00165178 0.000581081 -0.00118423 -0.00363925 -0.00668744 -0.00978046 -0.0119166 -0.0124779 -0.01178 -0.0104726 -0.00881491 -0.00698882 -0.00561721 -0.00530754 
-0.00248687 -0.00388057 -0.00597495 -0.0085281 -0.0108239 -0.0120571 -0.0116586 -0.00944297 -0.00598651 -0.002573 -0.00027038 0.000808453 0.00117879 0.00127044 0.00122297 0.00101086 0.00050153 -0.000466328 -0.00198606 -0.00412874 -0.00686561 -0.00964498 -0.0113983 -0.0114717 -0.0102417 -0.00842969 -0.00630311 -0.00406367 -0.00238991 -0.00188565 
0.000905072 -0.000372441 -0.00296393 -0.00657213 -0.0100061 -0.0119321 -0.0116466 -0.00923326 -0.00558386 -0.00209815 0.000187813 0.00118779 0.00138702 0.00118883 0.000777914 0.00024164 -0.000434549 -0.00135203 -0.00262924 -0.00441078 -0.00672338 -0.00904303 -0.01034 -0.0100304 -0.00855582 -0.00662292 -0.00439775 -0.00196629 6.09207e-05 0.0010527 
0.00245164 0.00150251 -0.00117459 -0.00524156 -0.00918209 -0.0113651 -0.0110735 -0.00855911 -0.00484538 -0.00134136 0.000978725 0.00202676 0.00217347 0.00172077 0.000890655 -7.64757e-05 -0.00103552 -0.00200704 -0.00312174 -0.00456715 -0.00639593 -0.00814908 -0.00894962 -0.0083832 -0.00696586 -0.00533807 -0.00349945 -0.00132902 0.00073898 0.00209688 
0.00121685 0.000625531 -0.00180799 -0.00581523 -0.00970425 -0.011727 -0.0112703 -0.00867829 -0.00490095 -0.00122236 0.00142185 0.00283287 0.0031694 0.00258515 0.00133905 -0.000145468 -0.00151847 -0.00267747 -0.00373461 -0.00489432 -0.00623026 -0.00739981 -0.00776347 -0.00711672 -0.00601138 -0.00495739 -0.00378346 -0.0022318 -0.000596142 0.000648188 
-0.00289601 -0.0034364 -0.00550159 -0.00899317 -0.0122088 -0.013472 -0.0124443 -0.00959175 -0.00564592 -0.00162486 0.0015572 0.00350064 0.00412669 0.00346643 0.00182405 -0.000207346 -0.00207728 -0.00353937 -0.00464827 -0.00559731 -0.0064974 -0.00717728 -0.00727161 -0.00674569 -0.00608226 -0.00559293 -0.00502012 -0.00419537 -0.00344415 -0.00302334 
-0.00970383 -0.0107005 -0.012357 -0.0147636 -0.0164473 -0.0160795 -0.0138113 -0.0103435 -0.0061512 -0.00186285 0.0017054 0.00399845 0.00478511 0.00404823 0.00212146 -0.000326427 -0.00264467 -0.00447556 -0.00576214 -0.0066185 -0.00718764 -0.00751002 -0.00750942 -0.00725911 -0.00706645 -0.00702352 -0.0069264 -0.00690802 -0.0074622 -0.00859294 
-0.0186528 -0.0204849 -0.0217453 -0.0226047 -0.021997 -0.0192064 -0.0150537 -0.0106082 -0.0061597 -0.00188351 0.00166882 0.00397365 0.00478668 0.00407674 0.0021256 -0.000470801 -0.00309864 -0.00533076 -0.00692459 -0.00781794 -0.0081544 -0.00820144 -0.00818072 -0.00824926 -0.0085168 -0.00892028 -0.00942704 -0.0104952 -0.0127189 -0.0158255 
-0.0287048 -0.0312965 -0.0322191 -0.031562 -0.0286003 -0.0232578 -0.0170297 -0.0114116 -0.00665565 -0.00254828 0.000759541 0.00299073 0.00397497 0.0035809 0.00189641 -0.000651541 -0.00351479 -0.00616386 -0.0081026 -0.0090513 -0.00916751 -0.00896573 -0.00895125 -0.00934504 -0.010103 -0.0111296 -0.0126287 -0.0152316 -0.0193589 -0.024362 
-0.038681 -0.0413616 -0.0418116 -0.0400447 -0.035455 -0.02833 -0.020553 -0.0139066 -0.00873112 -0.00462895 -0.00137128 0.00110766 0.00267492 0.00291894 0.00161797 -0.000916037 -0.00406111 -0.00709023 -0.0092553 -0.0101267 -0.00995639 -0.00954653 -0.00965246 -0.0104989 -0.011895 -0.0137884 -0.0166474 -0.0211338 -0.0272069 -0.0336386 
-0.0471667 -0.0490153 -0.0484952 -0.0458323 -0.0405039 -0.0328418 -0.0246453 -0.0176033 -0.0120932 -0.00774161 -0.00413288 -0.000970401 0.00150782 0.00247357 0.00141359 -0.00129151 -0.00476075 -0.00803929 -0.0102367 -0.0108849 -0.0103758 -0.00981477 -0.0101998 -0.0117099 -0.0139299 -0.0167841 -0.020989 -0.0272521 -0.035012 -0.0423118 
-0.0521695 -0.0526292 -0.0504959 -0.0466122 -0.0409141 -0.0337732 -0.0265346 -0.0202937 -0.015119 -0.0106412 -0.00649806 -0.00247087 0.000895103 0.00234718 0.00123698 -0.0017933 -0.00552457 -0.00886021 -0.0109119 -0.0112292 -0.0103038 -0.00952399 -0.0101783 -0.0124114 -0.0154626 -0.0190507 -0.0240746 -0.0314163 -0.0402176 -0.0479141 
-0.0517055 -0.050573 -0.0462797 -0.0405705 -0.0343979 -0.0284712 -0.0235934 -0.0198564 -0.0164444 -0.0126188 -0.00817813 -0.00337829 0.000667028 0.00231322 0.000940609 -0.00244583 -0.00631005 -0.00950035 -0.0112002 -0.010994 -0.009448 -0.00821351 -0.00889668 -0.0116314 -0.0152474 -0.0191388 -0.0242925 -0.0317822 -0.0406971 -0.0482222 
-0.0446857 -0.0412215 -0.0342253 -0.0264778 -0.0200953 -0.0161925 -0.0150646 -0.0156607 -0.0158145 -0.0139156 -0.00982288 -0.00452716 6.15239e-05 0.00186955 0.00031666 -0.00326878 -0.00707021 -0.00987279 -0.0109354 -0.00994258 -0.00758729 -0.00572176 -0.00615974 -0.00901649 -0.0128291 -0.0167549 -0.0217349 -0.0287411 -0.036732 -0.0429346 
-0.030849 -0.0233104 -0.0130792 -0.00400691 0.00128152 0.00189241 -0.0018436 -0.0079231 -0.0129289 -0.0142564 -0.0116191 -0.00657921 -0.00174449 0.000364136 -0.000979202 -0.00435027 -0.00773998 -0.00982994 -0.00994242 -0.00794577 -0.00472158 -0.00221953 -0.00227693 -0.00498711 -0.00881687 -0.0128412 -0.0177663 -0.0240082 -0.0300166 -0.033041 
-0.0105721 0.0025683 0.0159471 0.024872 0.027344 0.0236148 0.0148297 0.00352073 -0.00638318 -0.0118039 -0.0121589 -0.0089322 -0.00481268 -0.00256135 -0.00328886 -0.00588417 -0.00840196 -0.00945 -0.00834846 -0.00511264 -0.000827596 0.00245004 0.00286708 0.000313179 -0.00363854 -0.00787302 -0.012677 -0.0177474 -0.0207977 -0.0188933 
0.0143926 0.0323541 0.0474158 0.0547514 0.0537469 0.046019 0.0333642 0.0184069 0.00474031 -0.00487819 -0.00957636 -0.0100158 -0.00810842 -0.00639225 -0.00643416 -0.0078442 -0.00912776 -0.008953 -0.00653291 -0.00184692 0.00389239 0.00839032 0.00953128 0.00709596 0.00296894 -0.00110489 -0.0048995 -0.00779674 -0.00718128 6.46561e-06 
0.0397021 0.0586542 0.0726323 0.0776276 0.0741777 0.0643486 0.0499443 0.0334437 0.0177866 0.00495708 -0.00407612 -0.00891753 -0.010208 -0.0097882 -0.00946099 -0.00965455 -0.00959076 -0.008207 -0.00462895 0.00136606 0.00864159 0.014665 0.0168439 0.0147759 0.0109588 0.00815399 0.00701338 0.00767187 0.0120095 0.0226486 
0.05824 0.0731186 0.0832329 0.0859316 0.0818864 0.0722717 0.0582197 0.0420486 0.026311 0.0123755 0.00105842 -0.0067001 -0.0105745 -0.0115607 -0.0112598 -0.0105341 -0.00923405 -0.00675048 -0.00233468 0.00445199 0.0127856 0.0200966 0.0233714 0.0220772 0.0193914 0.0190365 0.0217964 0.0265819 0.0334295 0.0438748 
0.0632111 0.0707392 0.07581 0.0768366 0.0736071 0.0657007 0.0533925 0.0388738 0.0246524 0.0120171 0.00162236 -0.00587519 -0.0101522 -0.0117054 -0.0115385 -0.0102775 -0.00799242 -0.00455255 0.000454565 0.00762107 0.0165591 0.0248011 0.0290202 0.0286046 0.0272362 0.0292427 0.0352752 0.0427837 0.0495523 0.0559 
0.053916 0.0539244 0.0546681 0.0548339 0.0528455 0.0468867 0.0367563 0.0245536 0.0127696 0.00302067 -0.00393387 -0.00820321 -0.0104244 -0.0112374 -0.0109763 -0.00951109 -0.00664785 -0.00253517 0.00289978 0.0103963 0.0200271 0.0293874 0.0347044 0.0350425 0.0342307 0.0369343 0.0437729 0.0511686 0.0551004 0.0550469 
0.0379957 0.0318418 0.0293246 0.0289626 0.0278446 0.0232209 0.0149196 0.00509394 -0.00395323 -0.010363 -0.0131114 -0.012978 -0.0118428 -0.0109916 -0.0103914 -0.00907407 -0.0062397 -0.00196821 0.00364035 0.0114991 0.0221651 0.0332798 0.0403923 0.0417646 0.0408943 0.0426458 0.0479891 0.0531198 0.0530038 0.0465777 
0.0252496 0.0136158 0.00771918 0.0063316 0.00555979 0.0018106 -0.00502465 -0.0126071 -0.0189033 -0.0222474 -0.0215452 -0.0178048 -0.0136437 -0.0110655 -0.0101373 -0.0093479 -0.00716778 -0.00326791 0.00226629 0.0104676 0.0223453 0.0356944 0.0453943 0.0486239 0.0481164 0.0486987 0.051956 0.0545727 0.0511132 0.0398235 
0.0190894 0.00209336 -0.00787097 -0.010829 -0.0111112 -0.0134633 -0.0185699 -0.0240398 -0.0279428 -0.0290634 -0.0265268 -0.0210897 -0.0152655 -0.011515 -0.0103927 -0.0102755 -0.00898781 -0.00559615 -4.73961e-05 0.00863732 0.0217011 0.0371913 0.0496305 0.0552387 0.0557399 0.0556005 0.057088 0.0578849 0.0525635 0.0383232 
0.0165902 -0.00432795 -0.0176926 -0.0216634 -0.0204829 -0.0203436 -0.0233283 -0.0273385 -0.0301937 -0.0308215 -0.028484 -0.0233352 -0.01723 -0.0128566 -0.0114564 -0.0116331 -0.0108077 -0.00751638 -0.00159343 0.00768395 0.0215178 0.0382642 0.0525002 0.0598011 0.0608776 0.0597561 0.0594679 0.0589851 0.0532366 0.038267 
0.0157258 -0.00572213 -0.0199424 -0.0234084 -0.0199208 -0.0168482 -0.0179679 -0.0219358 -0.0261712 -0.0289828 -0.0290629 -0.0256999 -0.0201435 -0.0153846 -0.0133667 -0.0130362 -0.0117367 -0.00786547 -0.00138481 0.00806632 0.0215862 0.0379496 0.0521238 0.0593873 0.0597368 0.0570304 0.0550826 0.0540433 0.0494162 0.0363813 
0.0176984 -0.000564118 -0.012683 -0.0143145 -0.00853184 -0.0028854 -0.00257034 -0.00772567 -0.0157551 -0.023564 -0.0281879 -0.0277565 -0.0233083 -0.0184067 -0.0155869 -0.0140774 -0.0114471 -0.00644376 0.000545839 0.00951693 0.0215355 0.0358586 0.0480709 0.0536334 0.0523934 0.0482829 0.0455476 0.045031 0.0429111 0.0340476 
0.0220153 0.00914744 0.00102391 0.00197508 0.00997385 0.0182628 0.0203955 0.0139346 0.000986675 -0.0134842 -0.0241086 -0.0276314 -0.025091 -0.0207113 -0.0174568 -0.0147541 -0.0105633 -0.00421637 0.0033877 0.0118894 0.0222173 0.0339005 0.0431897 0.0462662 0.0434231 0.0386326 0.0359233 0.0362968 0.0367589 0.0325674 
0.0246744 0.017933 0.0146545 0.0189405 0.0299855 0.0418183 0.0464051 0.0388612 0.0210455 -2.27888e-05 -0.0167035 -0.0245761 -0.0246831 -0.021696 -0.0187924 -0.0154996 -0.010139 -0.00255038 0.00598881 0.0147785 0.0243182 0.0339228 0.0402698 0.0405684 0.0360443 0.030722 0.0279052 0.0283109 0.0299856 0.0294483 
0.0241875 0.0238423 0.0258145 0.0342625 0.0493913 0.0650666 0.0712353 0.0614486 0.0385506 0.0118954 -0.00934875 -0.0205156 -0.0230118 -0.0217604 -0.0198285 -0.0166025 -0.0106102 -0.00208564 0.00745744 0.0170747 0.0266603 0.0348445 0.0383313 0.0353913 0.0285897 0.0223327 0.0190681 0.0188377 0.0207614 0.0232163 
0.0272903 0.0327111 0.0392188 0.0514209 0.0701049 0.0880625 0.0931247 0.0784136 0.0491391 0.017558 -0.00619837 -0.018449 -0.0218763 -0.0217691 -0.020771 -0.0178322 -0.0115654 -0.00261526 0.0073025 0.0171994 0.0265466 0.0332696 0.0339822 0.0279687 0.0192444 0.0128339 0.0104044 0.0110383 0.0144814 0.0206183 
0.0468455 0.0545997 0.0617037 0.0739546 0.0928492 0.11011 0.111546 0.0899948 0.0532621 0.0168443 -0.00816222 -0.0196971 -0.0224491 -0.0223623 -0.0216549 -0.0188235 -0.0125715 -0.0039838 0.00501179 0.0135815 0.0212732 0.0259809 0.0247804 0.0179773 0.0104869 0.00749892 0.00994195 0.0158813 0.0246437 0.0359508 
0.0949035 0.097371 0.0960386 0.100075 0.113007 0.126326 0.12377 0.0967088 0.0539843 0.0135178 -0.0124767 -0.0230437 -0.0245542 -0.0236721 -0.0225573 -0.019625 -0.0137705 -0.00641781 0.000346752 0.00590354 0.0103078 0.0124199 0.0108531 0.00708333 0.00594682 0.011903 0.0253408 0.0436262 0.0640992 0.0830646 
0.174582 0.160944 0.138348 0.123293 0.123194 0.129976 0.12512 0.0970216 0.0529463 0.0110433 -0.0156987 -0.0261625 -0.0270535 -0.0253713 -0.023611 -0.0205773 -0.0154498 -0.00975221 -0.00556548 -0.00345922 -0.00299096 -0.0038059 -0.00479097 -0.00292866 0.00599724 0.0253453 0.05572 0.0945277 0.135221 0.165876 
0.269392 0.230879 0.177538 0.136379 0.119351 0.118674 0.11377 0.0896207 0.0498519 0.0102776 -0.0162667 -0.0274026 -0.0286498 -0.026722 -0.0245941 -0.0216899 -0.0174157 -0.01306 -0.0104829 -0.0105684 -0.0132063 -0.0168715 -0.0176742 -0.0106239 0.00821022 0.041607 0.0913806 0.155658 0.222451 0.267498 
0.339855 0.27744 0.196697 0.133486 0.102678 0.0964816 0.0934392 0.0762877 0.0446437 0.0104667 -0.0145378 -0.0263556 -0.0284264 -0.0267412 -0.0247362 -0.0223929 -0.0190768 -0.0154752 -0.0130696 -0.0134243 -0.0175212 -0.0234279 -0.0250155 -0.015369 0.00973581 0.0531959 0.118225 0.203447 0.291511 0.346784 
