0.219249 0.223209 0.206831 0.180832 0.159296 0.140743 0.103431 0.0412535 -0.0195587 -0.0536306 -0.0607333 -0.0502415 -0.032704 -0.0182953 -0.00710413 0.00307354 0.00634756 0.00199131 0.00300186 0.0142404 0.0234757 0.0297393 0.0456712 0.0675878 0.0837239 0.101633 0.138415 0.187258 
0.207518 0.187475 0.166237 0.148274 0.133165 0.114494 0.0787844 0.0247556 -0.0261302 -0.0542865 -0.0607063 -0.0523246 -0.0362104 -0.0207154 -0.00630638 0.00816856 0.0158415 0.0164603 0.0223941 0.0338789 0.035996 0.0331712 0.0479817 0.0801443 0.1104 0.138166 0.174638 0.205984 
0.172775 0.130373 0.104583 0.0984004 0.0967632 0.0832242 0.0531796 0.0133134 -0.0237953 -0.0471942 -0.0551995 -0.0513184 -0.0398096 -0.0254306 -0.00904842 0.00839391 0.0200745 0.0248887 0.0312666 0.0395367 0.0414097 0.0435447 0.0653918 0.106881 0.148179 0.180431 0.203501 0.20427 
0.116554 0.0651221 0.0421925 0.0498282 0.0609441 0.050316 0.0247287 0.00124147 -0.0185407 -0.035195 -0.0444994 -0.046201 -0.0413206 -0.0299108 -0.0132097 0.00483889 0.0175402 0.0220998 0.0223489 0.0226424 0.0268076 0.0434207 0.0807858 0.131573 0.176287 0.201942 0.201478 0.170424 
0.059974 0.0112177 -0.00352028 0.016365 0.0367371 0.0274688 0.00462832 -0.00700522 -0.0140789 -0.0257327 -0.0360193 -0.0415555 -0.0412316 -0.0323888 -0.0164372 0.000936145 0.0130496 0.0150156 0.00749516 -0.000940683 0.00307823 0.0306497 0.0804983 0.13503 0.174555 0.188687 0.170283 0.121298 
0.0305286 -0.0114615 -0.0197945 0.00670836 0.0336709 0.0288723 0.00842656 -0.00248485 -0.0112447 -0.0258742 -0.0373906 -0.0414672 -0.0396776 -0.0316004 -0.0178973 -0.0024525 0.00856464 0.00870631 -0.00218846 -0.014078 -0.012254 0.014994 0.0639117 0.112206 0.142156 0.150519 0.132256 0.0864976 
0.04101 0.0058868 -0.00283783 0.0212884 0.0502775 0.0523996 0.0347375 0.0154864 -0.00680812 -0.0306715 -0.0437114 -0.0431369 -0.0363331 -0.0283291 -0.0190304 -0.0080513 0.000469849 0.000173841 -0.00840539 -0.0165763 -0.0150421 0.00471473 0.0416058 0.0767207 0.0966207 0.106005 0.103663 0.0803199 
0.0737108 0.0453218 0.0288354 0.0400287 0.0636776 0.0730058 0.0627832 0.0387705 0.00507156 -0.026721 -0.0425438 -0.0409246 -0.0318305 -0.0243113 -0.0196631 -0.0148026 -0.0102628 -0.0101291 -0.0133705 -0.0140224 -0.00950558 0.00226436 0.022438 0.0412335 0.0518772 0.0643961 0.0823007 0.0894375 
0.0994113 0.0783402 0.0519989 0.0445718 0.0560861 0.0688805 0.069528 0.0515005 0.0185927 -0.0138122 -0.0318271 -0.0331655 -0.0257864 -0.0191005 -0.0169587 -0.0170176 -0.0163358 -0.0152757 -0.0135307 -0.00859686 -0.00150364 0.00430282 0.00862053 0.0108757 0.0131788 0.0278411 0.0606841 0.0928633 
0.102003 0.0862283 0.0558344 0.0363525 0.036456 0.0469696 0.053745 0.044178 0.0188409 -0.00791155 -0.023434 -0.0253551 -0.0198158 -0.0141529 -0.0125272 -0.0143543 -0.0152447 -0.0125207 -0.00734369 -0.00115333 0.0047618 0.0065911 0.00198762 -0.00525387 -0.00663993 0.00885587 0.0454127 0.0856225 
0.0789213 0.062975 0.0377627 0.0213863 0.019737 0.0278066 0.0348327 0.0274701 0.00578419 -0.0153744 -0.0253707 -0.0247241 -0.0195963 -0.01484 -0.0125602 -0.0126654 -0.0118921 -0.00734284 -0.00119327 0.00249076 0.00371118 0.00306232 -0.00088647 -0.00493253 -0.00139633 0.0148623 0.0432906 0.0710229 
0.0362502 0.0184642 0.00517454 0.00237946 0.00770404 0.0179184 0.0255844 0.0177773 -0.00387858 -0.0227807 -0.0306771 -0.0303909 -0.0264374 -0.0215811 -0.0168722 -0.0128781 -0.0093323 -0.0052854 -0.00239758 -0.00446736 -0.00963997 -0.0117577 -0.00942058 -0.00299416 0.0092311 0.0253871 0.0400588 0.0455885 
-0.01175 -0.0268332 -0.0269076 -0.0165834 -0.00363183 0.0109364 0.0220964 0.0172801 -0.00219516 -0.0207029 -0.0312177 -0.035323 -0.0337329 -0.0274328 -0.0186574 -0.0104512 -0.00577142 -0.00494678 -0.00755458 -0.0153773 -0.0249347 -0.0265647 -0.0179572 -0.00469953 0.00934516 0.0200311 0.021012 0.00882494 
-0.0491531 -0.056439 -0.046958 -0.0302382 -0.0140206 0.00334055 0.0188134 0.0197201 0.00409055 -0.0147756 -0.0280655 -0.0350176 -0.0347743 -0.0273235 -0.0157674 -0.00532136 -0.000768525 -0.00232454 -0.00758191 -0.0166009 -0.0252634 -0.0238599 -0.0122103 -0.000867645 0.00418165 0.00236048 -0.00870107 -0.0288153 
-0.0650274 -0.0643171 -0.0523832 -0.0370538 -0.021861 -0.00355163 0.0155851 0.0220054 0.00947814 -0.00991652 -0.0234413 -0.029154 -0.0285038 -0.0220297 -0.0116499 -0.00188446 0.00240143 0.00120545 -0.00229903 -0.00752387 -0.0115081 -0.0075362 0.00229453 0.00610334 -0.00116082 -0.0153021 -0.0334906 -0.0525806 
-0.0560151 -0.05456 -0.049611 -0.0418314 -0.0289569 -0.00935329 0.0124825 0.0232614 0.0145087 -0.00380753 -0.0167356 -0.0208483 -0.0197809 -0.0157721 -0.00929816 -0.00237 0.00122431 0.00155401 0.00203479 0.00290951 0.00377622 0.00687416 0.0103628 0.00645712 -0.00689528 -0.0236874 -0.0393673 -0.0510594 
-0.031846 -0.0391632 -0.048031 -0.0495261 -0.0371083 -0.0146197 0.00845726 0.0218304 0.0186852 0.00432197 -0.00855992 -0.0137194 -0.0135025 -0.0117049 -0.00895036 -0.00521453 -0.00257427 -0.000628754 0.00389243 0.0100028 0.0133383 0.0125898 0.00832122 -0.000587356 -0.0124403 -0.021783 -0.0264744 -0.028563 
-0.0119835 -0.0294239 -0.0489546 -0.0554761 -0.0417082 -0.0174965 0.00352091 0.0160865 0.0181517 0.00995907 -0.00155837 -0.00826572 -0.00935557 -0.00901748 -0.00866155 -0.00728295 -0.00526785 -0.00183513 0.00533108 0.0136784 0.0164228 0.0111373 0.00144477 -0.00875456 -0.0157751 -0.01552 -0.00949038 -0.00566504 
-0.0108223 -0.0295277 -0.0473481 -0.0513931 -0.0368961 -0.0156476 -0.000717739 0.0076858 0.0121148 0.00991035 0.00214275 -0.00394152 -0.00554043 -0.006043 -0.00676145 -0.00624219 -0.00410556 0.000231851 0.00795969 0.0158854 0.0168215 0.0086274 -0.0028926 -0.0116095 -0.0142586 -0.00938924 -0.0017666 -0.000625559 
-0.0260909 -0.0378313 -0.0441967 -0.0407038 -0.0264281 -0.0105469 -0.001829 0.00229517 0.00630532 0.00718794 0.00293079 -0.00135704 -0.00252932 -0.00287849 -0.00303797 -0.00145028 0.00192747 0.00665318 0.0129608 0.0184686 0.0176754 0.0091995 -0.00096318 -0.00679515 -0.0068669 -0.00371298 -0.00419635 -0.0128788 
-0.0412139 -0.0470565 -0.0437901 -0.0338567 -0.0195842 -0.00657074 0.000204752 0.00290191 0.00547324 0.00614439 0.00302951 -0.000115299 -0.000692416 -0.000201281 0.00134054 0.00515 0.0104158 0.0152158 0.0184572 0.0192595 0.0158517 0.00864641 0.00266552 0.00198154 0.00452146 0.00337621 -0.00762944 -0.0258334 
-0.04241 -0.0484047 -0.0444592 -0.0338264 -0.0203255 -0.00757003 0.00113244 0.00574366 0.00814554 0.0076688 0.00423614 0.00137222 0.000769497 0.00148241 0.00415055 0.00958779 0.0163654 0.0212871 0.0215633 0.0173826 0.0109379 0.00498205 0.00378275 0.00910806 0.0148028 0.0108511 -0.00565659 -0.0266339 
-0.0312771 -0.0403146 -0.041443 -0.0350976 -0.0250359 -0.0136832 -0.00293457 0.00528353 0.00969665 0.00927153 0.00567514 0.0029434 0.0021186 0.00238821 0.00480586 0.0102782 0.0175163 0.0226949 0.0218194 0.0156103 0.00848097 0.00394781 0.00483862 0.0115941 0.0175414 0.0134099 -0.00108721 -0.0176142 
-0.0183718 -0.0291094 -0.0346638 -0.0331758 -0.0279197 -0.0201473 -0.00972247 0.000865779 0.00764298 0.00850946 0.00579035 0.00387989 0.00360028 0.00366127 0.00498601 0.00914433 0.0153501 0.0196725 0.0185507 0.0137122 0.00961571 0.00782158 0.0081405 0.0105824 0.0125575 0.00957364 0.00144764 -0.00798412 
-0.0116169 -0.0222511 -0.029244 -0.0295124 -0.0263914 -0.021316 -0.0128705 -0.00274745 0.00475476 0.0074187 0.00691607 0.00656905 0.00685036 0.00615499 0.00557785 0.00773452 0.0118278 0.0136968 0.0117711 0.00944163 0.0095061 0.0103804 0.00955632 0.00732674 0.00525138 0.00339051 0.000678946 -0.00370709 
-0.0103008 -0.0202787 -0.0259804 -0.023478 -0.0180735 -0.0138802 -0.00896582 -0.00230889 0.00412074 0.00888137 0.0118367 0.0133248 0.0127965 0.00955671 0.00617395 0.0064385 0.00893369 0.00859297 0.00542496 0.0040261 0.00519234 0.00546377 0.0027501 -0.00121061 -0.0033637 -0.00291898 -0.00202678 -0.00367412 
-0.010868 -0.0201836 -0.0217408 -0.012305 -0.0021998 0.000458712 -0.000557555 0.00093158 0.00594589 0.0125016 0.0181102 0.0203141 0.0177159 0.0114777 0.0060299 0.00557526 0.00793227 0.00696576 0.002867 0.00057585 -0.00046644 -0.00467679 -0.0123775 -0.0181579 -0.0171648 -0.0109495 -0.00506978 -0.00435728 
-0.0138866 -0.0225554 -0.0189519 -0.00227094 0.0119586 0.0129908 0.0075472 0.00690522 0.0126115 0.019207 0.022798 0.0220008 0.0167862 0.00962964 0.00483201 0.00527918 0.00835872 0.00793706 0.00384268 0.000745913 -0.00291582 -0.0132846 -0.0294154 -0.0399785 -0.0360235 -0.0220626 -0.00950889 -0.00650214 
-0.0189546 -0.0258187 -0.0197657 -0.0018543 0.0130477 0.0151631 0.0120129 0.0158007 0.0250774 0.0294984 0.0259032 0.0184182 0.0108267 0.00532656 0.00344677 0.00570402 0.00960251 0.010072 0.00650154 0.00286267 -0.00264172 -0.0174953 -0.0401008 -0.0545682 -0.0496776 -0.0321803 -0.0163774 -0.012021 
-0.0213511 -0.0239401 -0.0189777 -0.00736918 0.00379708 0.00879014 0.0123455 0.0230567 0.0356556 0.0368694 0.0256438 0.0118867 0.00305084 1.6651e-05 0.00119391 0.00555659 0.0105178 0.011465 0.00763337 0.00283437 -0.00354877 -0.0180627 -0.038707 -0.0503711 -0.0456352 -0.0326744 -0.0215354 -0.017963 
-0.017406 -0.0163592 -0.0141422 -0.0100458 -0.00344002 0.00345732 0.0119078 0.0258613 0.0379948 0.0357285 0.0201781 0.00351564 -0.00552482 -0.00699466 -0.00377159 0.00279707 0.00898329 0.00947306 0.00441753 -0.00167109 -0.00818752 -0.018905 -0.030739 -0.0330266 -0.0260234 -0.0198518 -0.0176192 -0.0173251 
-0.00548672 -0.00513601 -0.00582214 -0.00492038 -0.00120035 0.00391189 0.0121634 0.0251147 0.033863 0.0281413 0.0114383 -0.00470693 -0.0128921 -0.0132895 -0.00857902 -0.000604577 0.00550937 0.00430344 -0.00228305 -0.00938038 -0.0166673 -0.0252299 -0.0297958 -0.0223084 -0.00827751 -0.00149337 -0.00322766 -0.00561855 
0.0143818 0.0151905 0.014247 0.0141512 0.0126319 0.00952693 0.0117444 0.0210853 0.026076 0.0174948 0.00159519 -0.0110364 -0.0162218 -0.0145691 -0.00835575 -0.000470172 0.00377022 0.000300542 -0.00740392 -0.0147382 -0.0227057 -0.0322591 -0.0373357 -0.0280427 -0.00737523 0.00805848 0.0116459 0.0120475 
0.0328436 0.0416814 0.0456474 0.0437193 0.0333827 0.0190153 0.0124006 0.0161714 0.0171656 0.00592611 -0.00898791 -0.0168117 -0.0171725 -0.0127178 -0.005417 0.00175183 0.00447427 0.000272415 -0.00681826 -0.0121869 -0.0179275 -0.0282674 -0.0401127 -0.0395126 -0.0197418 0.00385394 0.0162158 0.0230915 
0.0356267 0.049566 0.0567358 0.0534364 0.039846 0.0227841 0.0130953 0.0126149 0.00913611 -0.0055937 -0.0210329 -0.0251811 -0.0207222 -0.0139847 -0.00664537 0.000165273 0.00344904 0.00124558 -0.003014 -0.00487759 -0.00670514 -0.0158384 -0.0329574 -0.0418985 -0.0274337 -0.0014063 0.0149339 0.0232987 
0.0219839 0.0234213 0.0219012 0.0178915 0.0127424 0.0079655 0.0070473 0.00831699 0.00150438 -0.0174914 -0.0349685 -0.0371136 -0.0286228 -0.0203774 -0.0140737 -0.00730688 -0.00155156 0.000146693 -0.000979071 -0.00120405 -0.001826 -0.00941386 -0.0249573 -0.0337235 -0.0201931 0.00578165 0.0208322 0.0219548 
0.00878923 -0.0122841 -0.0310537 -0.0396642 -0.035262 -0.0230783 -0.00849563 0.0011997 -0.00436934 -0.0254073 -0.0448799 -0.0468766 -0.0365227 -0.0282227 -0.0237793 -0.0167105 -0.0069698 -0.000662806 -0.000270914 -0.00203166 -0.0045621 -0.0111435 -0.0201936 -0.0201682 -0.00154291 0.0253088 0.0376027 0.0282374 
0.0162604 -0.0182985 -0.0510721 -0.0718681 -0.0715808 -0.0528585 -0.0262836 -0.00560977 -0.00408565 -0.0222699 -0.0425846 -0.0470477 -0.0389531 -0.033161 -0.0309148 -0.0231813 -0.00941806 0.00104262 0.00236355 -0.00132311 -0.00612318 -0.0122463 -0.0148154 -0.00414662 0.0223943 0.0516863 0.0624716 0.0469481 
0.057957 0.0245719 -0.0162182 -0.0562256 -0.0749037 -0.0629548 -0.0331702 -0.00585604 0.00245875 -0.0117191 -0.0320995 -0.0391708 -0.0348101 -0.033148 -0.0338222 -0.0264729 -0.0110475 0.00185364 0.0051386 0.00188702 -0.00355373 -0.00932963 -0.00837747 0.00907208 0.0425992 0.0771447 0.0931421 0.0836478 
0.128262 0.105685 0.0598239 -0.000827155 -0.0426107 -0.0444416 -0.0218196 0.00080297 0.00722526 -0.00669565 -0.0255099 -0.0308926 -0.0271019 -0.0288456 -0.0333319 -0.0280973 -0.0136877 -0.00106395 0.00332485 0.00200792 -0.000468379 -0.00214134 0.00113477 0.0179324 0.0512874 0.0909834 0.121194 0.133319 
0.192435 0.18549 0.141075 0.0711564 0.0161458 0.000126726 0.00518673 0.00940356 0.00361774 -0.0127499 -0.0267818 -0.0267524 -0.0208874 -0.0231543 -0.029147 -0.0257176 -0.0141232 -0.00556879 -0.00427423 -0.00430678 0.00115282 0.0107507 0.0191346 0.0301666 0.0537145 0.0907656 0.133185 0.170823 
0.221436 0.229074 0.194047 0.133566 0.0842275 0.0619366 0.0466339 0.0240286 -0.00208365 -0.0240756 -0.0334873 -0.0288441 -0.0206774 -0.0195546 -0.0219964 -0.0183472 -0.0105895 -0.0084612 -0.0124614 -0.0110927 0.00444235 0.0273462 0.0426199 0.0482955 0.0581264 0.0834983 0.126246 0.179124 
0.224833 0.240763 0.215957 0.17248 0.139678 0.121383 0.0930573 0.0456107 -0.00358861 -0.0355543 -0.0444464 -0.0370486 -0.0256048 -0.018885 -0.01557 -0.0105355 -0.00637244 -0.00944657 -0.0155384 -0.0107754 0.0107358 0.0391226 0.0585701 0.0633958 0.064736 0.078684 0.115562 0.172849 
0.222383 0.238534 0.220585 0.188231 0.165055 0.149736 0.115454 0.0542438 -0.00843634 -0.0462277 -0.0552947 -0.0456063 -0.0300855 -0.0185634 -0.0108432 -0.00394319 -0.00182323 -0.00738776 -0.0111904 -0.00232888 0.0163401 0.0374008 0.0564784 0.0675108 0.0717065 0.0830949 0.117353 0.173043 
