0.147595 0.166171 0.171212 0.169412 0.161029 0.136718 0.104932 0.0865839 0.0844968 0.0809626 0.0601419 0.0226316 -0.0174986 -0.0454779 -0.0572337 -0.0571944 -0.0513836 -0.0452109 -0.0414213 -0.0377066 -0.029228 -0.0172459 -0.00984293 -0.0101527 -0.0137946 -0.0172067 -0.018482 -0.0154194 -0.0101733 -0.00556728 0.00295034 0.0141618 0.0154878 0.00523523 -0.00178753 0.00617536 0.0254477 0.0452002 0.0630668 0.0834338 0.102121 0.113067 0.125702 
0.135425 0.153518 0.147417 0.134878 0.125683 0.10962 0.0894342 0.0830736 0.0919801 0.0934892 0.0688305 0.0253156 -0.0161298 -0.0428056 -0.0553773 -0.0584542 -0.0546382 -0.0469667 -0.0389856 -0.0316118 -0.0223719 -0.0110539 -0.0037243 -0.00436954 -0.00927398 -0.0133661 -0.0141106 -0.0113224 -0.00785658 -0.00346688 0.00790345 0.0227464 0.0258837 0.0144083 0.00349592 0.00468184 0.0149105 0.0276592 0.0416025 0.0571081 0.0709475 0.0830337 0.104319 
0.119164 0.127238 0.104425 0.0811907 0.0760973 0.0737346 0.0662176 0.068006 0.0828493 0.0884345 0.0652637 0.0234966 -0.0142477 -0.0382569 -0.0509662 -0.0552218 -0.0513933 -0.041442 -0.0297536 -0.0207408 -0.0147175 -0.00902987 -0.00541494 -0.00699005 -0.0103402 -0.0104781 -0.00787572 -0.00577401 -0.00592152 -0.00499877 0.003616 0.0179326 0.0262075 0.0226418 0.0141848 0.00942731 0.0102103 0.0165125 0.027402 0.0390588 0.0493372 0.0625576 0.0880377 
0.103104 0.100413 0.0704489 0.0481871 0.0522218 0.0595161 0.0534088 0.0487265 0.0563739 0.060391 0.0436088 0.0138789 -0.0120332 -0.0294478 -0.0405266 -0.0449563 -0.0413357 -0.0310028 -0.0185019 -0.0105017 -0.00941638 -0.0105399 -0.0113977 -0.013178 -0.0126462 -0.00748414 -0.00349132 -0.00517921 -0.00932853 -0.0101037 -0.00415639 0.00684623 0.0180175 0.0238986 0.0226703 0.0189848 0.0179088 0.0221687 0.0306554 0.0385535 0.0456986 0.0578884 0.0803834 
0.0898655 0.0825487 0.0577229 0.0439495 0.0547091 0.0653178 0.0565357 0.0423827 0.0379729 0.0355746 0.023621 0.00597706 -0.00940532 -0.0215361 -0.0305241 -0.034401 -0.0318058 -0.0233092 -0.0127033 -0.00738467 -0.0103284 -0.0154173 -0.017567 -0.0162974 -0.00985826 -0.00124266 -0.000456454 -0.0088089 -0.015932 -0.0146823 -0.00749047 0.00164224 0.013801 0.0262811 0.0317221 0.0318591 0.0338663 0.0411631 0.0510646 0.0573024 0.0603922 0.0664434 0.0787815 
0.0799816 0.0740778 0.0573903 0.0477512 0.0565647 0.0676161 0.0644139 0.0531039 0.0437284 0.0347065 0.0222682 0.00833061 -0.0053711 -0.0178652 -0.0256547 -0.0272058 -0.0242458 -0.0179213 -0.0107369 -0.00871897 -0.0137226 -0.0193446 -0.019933 -0.014384 -0.00389422 0.00369111 -0.0010851 -0.013923 -0.02046 -0.0140843 -0.00124431 0.0110402 0.024944 0.0389463 0.0444298 0.0436629 0.0470433 0.0589415 0.0738863 0.0818844 0.0810376 0.0774865 0.0774934 
0.0707301 0.0694137 0.058613 0.0469759 0.0469246 0.0557667 0.0635855 0.0656471 0.0601671 0.0475482 0.0317641 0.0159115 -0.000563479 -0.0153378 -0.0219608 -0.0197826 -0.0148075 -0.0104741 -0.00762146 -0.00856 -0.0132432 -0.0170335 -0.0159712 -0.00944377 -0.00101978 0.00113432 -0.00664471 -0.0164061 -0.0170565 -0.00525642 0.0126142 0.0294941 0.045154 0.0562953 0.0559824 0.0496398 0.0503605 0.063032 0.0810477 0.0921063 0.0896156 0.0785091 0.0706091 
0.0625818 0.0650364 0.056699 0.041422 0.0318442 0.0356224 0.0504743 0.0648805 0.0658368 0.0525497 0.034914 0.0186771 0.0024884 -0.0116184 -0.0163803 -0.0111188 -0.00432365 -0.00178857 -0.00289635 -0.00567777 -0.00853087 -0.00999734 -0.00915239 -0.00607005 -0.00402573 -0.00727584 -0.0131659 -0.0145144 -0.00835948 0.00419599 0.0205059 0.0381567 0.0547372 0.0628871 0.0574541 0.0470429 0.0444868 0.0531521 0.0682357 0.0801759 0.0792684 0.0676132 0.0598967 
0.0584206 0.0603796 0.051112 0.0341314 0.0199808 0.019554 0.0352022 0.0538463 0.0574734 0.0441337 0.02665 0.0128124 0.0007674 -0.00940287 -0.011699 -0.00487626 0.00289141 0.00480192 0.001658 -0.00213763 -0.00388949 -0.00451312 -0.00580142 -0.00791723 -0.0113998 -0.0162424 -0.0178061 -0.0126918 -0.0043738 0.00393584 0.0142371 0.029445 0.0455363 0.0512787 0.0435468 0.0333676 0.0308183 0.0357362 0.0451947 0.0558192 0.0596026 0.0549107 0.0530918 
0.0539999 0.0518115 0.0416576 0.0267222 0.0134235 0.0116727 0.0251887 0.0418641 0.0445578 0.0312734 0.0143944 0.00252562 -0.00544483 -0.0109542 -0.0104828 -0.0029561 0.00532481 0.00801374 0.00475861 -0.000128345 -0.00277667 -0.00401918 -0.00702513 -0.0120494 -0.017141 -0.0205283 -0.0194798 -0.0136069 -0.00727357 -0.00284746 0.00322634 0.0146594 0.0262156 0.02712 0.0181592 0.0112146 0.0123979 0.0174933 0.0232466 0.0323838 0.0425265 0.0477174 0.0507589 
0.0394194 0.0334195 0.0249279 0.013618 0.00234677 0.000826178 0.0130578 0.0279388 0.0308291 0.0197369 0.00488232 -0.00528418 -0.0106242 -0.0128469 -0.0103753 -0.00288916 0.00501419 0.00824419 0.00545892 -0.000288574 -0.00427328 -0.00573733 -0.00797887 -0.0119986 -0.0155817 -0.0175185 -0.0175151 -0.0154726 -0.0124953 -0.00918199 -0.00437546 0.00211739 0.00545426 0.000515028 -0.00754403 -0.00914383 -0.00283569 0.00406524 0.00725413 0.0140221 0.0279737 0.0393656 0.0421847 
0.0122962 0.00602306 0.000466937 -0.00904998 -0.0199474 -0.020817 -0.00766368 0.0088517 0.0154812 0.00933318 -0.00146015 -0.00864455 -0.0114202 -0.0116281 -0.00856521 -0.00223061 0.00401273 0.00661431 0.00446397 -0.000470836 -0.00396854 -0.0044488 -0.00477732 -0.00675203 -0.00910943 -0.0114415 -0.0144861 -0.0172099 -0.0174535 -0.0146226 -0.0103848 -0.00798116 -0.0107548 -0.0178548 -0.0224777 -0.0194899 -0.0107893 -0.00416669 -0.0038436 -0.00105626 0.0105582 0.0206126 0.0196107 
-0.0182208 -0.0210467 -0.0236315 -0.0325168 -0.0432488 -0.0434662 -0.0293781 -0.0104142 0.00112365 0.000589304 -0.00609393 -0.0105144 -0.0109041 -0.00923413 -0.00576753 -0.000927592 0.00309372 0.004665 0.00376393 0.0015724 0.000448146 0.00121199 0.00147069 -0.000534357 -0.00382152 -0.00761209 -0.0122975 -0.0167202 -0.0184788 -0.0169543 -0.0140881 -0.0135322 -0.0174049 -0.0226507 -0.0242814 -0.0212375 -0.0156499 -0.0122736 -0.0140573 -0.0150321 -0.0102735 -0.00682728 -0.0113028 
-0.0413511 -0.03938 -0.0393421 -0.0465156 -0.0552981 -0.0552013 -0.0427313 -0.0243694 -0.0103064 -0.00660709 -0.0102482 -0.0133607 -0.0125517 -0.00893787 -0.00396367 0.000514 0.0029518 0.00380059 0.00436924 0.00522066 0.00658428 0.00786602 0.0071846 0.00376197 -0.000890592 -0.00521722 -0.00896882 -0.0118225 -0.0134174 -0.0138682 -0.0135212 -0.0142414 -0.0170531 -0.019237 -0.0192336 -0.0192267 -0.0199083 -0.0211688 -0.0242275 -0.0280232 -0.030642 -0.0337915 -0.0387742 
-0.0552881 -0.0500494 -0.0479684 -0.0521011 -0.057645 -0.0575407 -0.0484376 -0.0333474 -0.0194545 -0.0130613 -0.0140504 -0.0162607 -0.0151743 -0.0104903 -0.00405493 0.00105597 0.00328372 0.00425323 0.00605228 0.00877538 0.0113075 0.0122499 0.0105511 0.00668927 0.00232928 -0.00122048 -0.00363682 -0.0051954 -0.00693195 -0.00926962 -0.0112412 -0.0132255 -0.0152936 -0.0153605 -0.014609 -0.0172244 -0.0225563 -0.0269549 -0.0308939 -0.0372356 -0.0456219 -0.0530115 -0.0568859 
-0.0642105 -0.0587117 -0.0551034 -0.0556741 -0.0580583 -0.057745 -0.0512062 -0.0393354 -0.0267706 -0.0187966 -0.0169002 -0.0170256 -0.0152312 -0.0109492 -0.00532559 -0.000322639 0.00284692 0.00515643 0.00797033 0.0110609 0.0132399 0.013421 0.0115895 0.00892473 0.00621318 0.00336577 0.000434044 -0.00223239 -0.00490721 -0.00751463 -0.0094116 -0.0115672 -0.0141054 -0.0151274 -0.0159981 -0.020227 -0.0263875 -0.0306485 -0.0344477 -0.042267 -0.0535137 -0.0627887 -0.0664685 
-0.0686985 -0.0657954 -0.0619169 -0.0599746 -0.0602762 -0.0593032 -0.053617 -0.0440429 -0.0335685 -0.0252311 -0.0202428 -0.0166534 -0.013056 -0.00993399 -0.00681798 -0.00271686 0.00176698 0.00562591 0.0086433 0.010754 0.0117527 0.0113925 0.0102091 0.00927529 0.00811644 0.00503247 -8.78455e-05 -0.00520754 -0.00840336 -0.00898932 -0.00838763 -0.0100439 -0.0146923 -0.019445 -0.0232878 -0.0275141 -0.031662 -0.0345368 -0.0381356 -0.0456237 -0.0557487 -0.0640163 -0.0682858 
-0.0679197 -0.0684284 -0.0652869 -0.0627249 -0.0626908 -0.0613433 -0.0555238 -0.0472976 -0.039227 -0.0319181 -0.0249052 -0.0178366 -0.0124536 -0.0101203 -0.00836599 -0.00431467 0.000868005 0.00474601 0.0067866 0.00750034 0.00753562 0.00717427 0.00678372 0.00694649 0.00648946 0.00283481 -0.00409032 -0.0107468 -0.013336 -0.0111073 -0.0080299 -0.00979614 -0.0167268 -0.0236658 -0.0270953 -0.0280887 -0.0297639 -0.0339379 -0.0403418 -0.0477667 -0.0543435 -0.0592217 -0.0638119 
-0.0649498 -0.0650956 -0.0591182 -0.0551179 -0.0566292 -0.0573183 -0.0520961 -0.0442581 -0.0383277 -0.0340345 -0.0281352 -0.0200142 -0.0137042 -0.0113545 -0.00934137 -0.00494365 -0.000661589 0.00155803 0.00260257 0.00294385 0.00290628 0.00300638 0.00326081 0.00363962 0.00305633 -0.000646349 -0.00736672 -0.0134704 -0.0147054 -0.0106672 -0.00703355 -0.0100123 -0.0179402 -0.0228467 -0.0206311 -0.0158628 -0.0164272 -0.0251046 -0.0375096 -0.0473769 -0.0518383 -0.0539267 -0.0588325 
-0.0602001 -0.0525311 -0.036461 -0.0276796 -0.0326048 -0.0396053 -0.0379426 -0.0315843 -0.0290101 -0.0300353 -0.0277166 -0.0200073 -0.0129697 -0.010498 -0.00899612 -0.00597131 -0.00407522 -0.00360675 -0.00242674 -0.00111059 -0.00020594 0.0010858 0.00224619 0.00233576 0.00107228 -0.00201444 -0.0068492 -0.0112693 -0.0114958 -0.00713883 -0.00468684 -0.0098536 -0.0182905 -0.0194428 -0.0102934 -0.000389957 -0.000619406 -0.0123629 -0.0291567 -0.0430364 -0.0494091 -0.0518063 -0.0566388 
-0.0497506 -0.0299992 -0.00159091 0.0131081 0.00482961 -0.0100654 -0.0150885 -0.0141106 -0.0177671 -0.0242285 -0.0237526 -0.0154103 -0.0081651 -0.00698409 -0.00776758 -0.00746661 -0.00795502 -0.00832002 -0.00636278 -0.00367882 -0.00113586 0.00204546 0.00430492 0.00397067 0.00222403 0.000347622 -0.00254211 -0.00637483 -0.00721134 -0.00351038 -0.00228989 -0.00939031 -0.018525 -0.0177293 -0.00531408 0.00692277 0.00882114 0.000259849 -0.0154061 -0.0331899 -0.0454931 -0.0509727 -0.0537827 
-0.0345878 -0.00587722 0.0301487 0.0498429 0.0424331 0.0233393 0.0102848 0.00194374 -0.00890274 -0.017289 -0.0148277 -0.00583606 -0.00155088 -0.00431312 -0.00760599 -0.00872921 -0.0101569 -0.0106322 -0.00800074 -0.00419894 -0.000265828 0.00399587 0.00643515 0.00595198 0.00514612 0.00525748 0.00301896 -0.00289106 -0.0062658 -0.00287134 -0.000555088 -0.0068761 -0.015327 -0.0142014 -0.00261119 0.00938342 0.0149761 0.0133257 0.00171167 -0.0189884 -0.0377037 -0.0464657 -0.0463212 
-0.0183961 0.0133976 0.0526993 0.0770132 0.0743128 0.0543171 0.03275 0.014224 -0.000970522 -0.0068116 -0.0012134 0.00539516 0.00255102 -0.00622053 -0.0111988 -0.0117329 -0.0126447 -0.01266 -0.00917265 -0.00448803 -0.000326089 0.0032753 0.00501145 0.00516568 0.00660769 0.00884095 0.00619011 -0.00265417 -0.00831669 -0.00395091 0.00197117 0.000180526 -0.00418743 -0.00167259 0.00791771 0.018111 0.0256367 0.0279531 0.0181673 -0.00401458 -0.0249999 -0.0342021 -0.0326407 
0.00397861 0.0352343 0.0741843 0.0990658 0.0980885 0.0763524 0.0472686 0.0211696 0.00478231 0.00264827 0.00969909 0.0117908 0.0012842 -0.0129121 -0.0189561 -0.0183885 -0.0181404 -0.0170535 -0.0125422 -0.00767803 -0.00435391 -0.00161131 0.000268087 0.00163224 0.00453718 0.00764273 0.00541112 -0.00263545 -0.00696105 -0.000912085 0.00832542 0.0125527 0.0141699 0.0180474 0.0243965 0.0322446 0.0415613 0.0467677 0.0372742 0.0136795 -0.00681201 -0.0130628 -0.00975718 
0.0410108 0.0671413 0.0967932 0.112817 0.108554 0.0861337 0.0539939 0.0241187 0.00685097 0.00599825 0.0127448 0.0112034 -0.00430204 -0.0215723 -0.0277228 -0.0258 -0.0239886 -0.0215936 -0.0167406 -0.0127356 -0.010347 -0.00730138 -0.00412819 -0.00180603 0.000980445 0.00379222 0.00361671 0.000867444 0.00169813 0.00992067 0.0210902 0.0295242 0.0335037 0.0328856 0.031624 0.0386455 0.0562447 0.0702777 0.0626686 0.036523 0.016964 0.0174064 0.0268706 
0.0870246 0.098807 0.110283 0.115003 0.111877 0.0953164 0.0644674 0.0320979 0.0126427 0.010423 0.0150225 0.00953689 -0.0102805 -0.0292435 -0.0338725 -0.0296244 -0.026386 -0.0236433 -0.0195299 -0.0166565 -0.0147202 -0.0111943 -0.00711779 -0.0040541 -0.00117709 0.00135502 0.00268747 0.00491772 0.0118332 0.0238301 0.0364652 0.0442387 0.0427544 0.0310995 0.0208111 0.0313345 0.0629338 0.0874892 0.0807291 0.0546817 0.0435824 0.0579685 0.0762609 
0.12363 0.115495 0.11241 0.117632 0.126895 0.120687 0.0903357 0.0543133 0.0330572 0.0288633 0.0276716 0.0132428 -0.0142002 -0.0353527 -0.0374879 -0.0307845 -0.027669 -0.0264797 -0.0238787 -0.0217316 -0.0198251 -0.016222 -0.0116795 -0.00735319 -0.00344448 -0.00131106 -0.000626008 0.00391447 0.0165275 0.0330135 0.0439431 0.0434034 0.0313548 0.0120979 0.000997617 0.0182927 0.0579836 0.0839055 0.0761449 0.0597247 0.0696466 0.102571 0.124858 
0.138962 0.118508 0.113646 0.129337 0.152137 0.152513 0.1216 0.0851892 0.0660482 0.0604545 0.0498536 0.021571 -0.0166613 -0.0415626 -0.0425338 -0.0346201 -0.032738 -0.0341245 -0.0335765 -0.0319327 -0.0290741 -0.0240557 -0.0180257 -0.0121892 -0.00764015 -0.00632065 -0.00654216 -0.000135429 0.0166436 0.0332923 0.0358203 0.0228922 0.00466451 -0.0096822 -0.0112625 0.00969847 0.0443693 0.0642883 0.0616362 0.0647816 0.0961284 0.137601 0.15383 
0.139428 0.121539 0.121931 0.141693 0.164277 0.162935 0.134503 0.105124 0.091628 0.0848532 0.0663561 0.0277803 -0.0185589 -0.0480017 -0.0509109 -0.04295 -0.0403575 -0.0423199 -0.0435783 -0.0428117 -0.0384225 -0.0307212 -0.0230569 -0.0170786 -0.0128697 -0.011369 -0.0104432 -0.00230529 0.0137879 0.0236143 0.0159857 -0.00212833 -0.0152351 -0.0166173 -0.00845769 0.00921399 0.0329178 0.0504404 0.0617845 0.0842794 0.122256 0.154227 0.158406 
0.141466 0.13623 0.140369 0.152745 0.162155 0.151708 0.124627 0.102414 0.0932262 0.0860224 0.0661397 0.0272559 -0.0195011 -0.0515176 -0.0584586 -0.051509 -0.0456539 -0.0445776 -0.0458057 -0.0459615 -0.040938 -0.0318146 -0.0244735 -0.0205871 -0.0177068 -0.0153761 -0.0128051 -0.00517712 0.00577985 0.00808797 -0.0013847 -0.0119856 -0.0143891 -0.00858497 0.000248601 0.0123272 0.0305649 0.0513291 0.0742245 0.104797 0.136697 0.15365 0.15143 
0.148378 0.157438 0.163596 0.167734 0.164624 0.14351 0.112117 0.0906807 0.0832498 0.0769854 0.0585521 0.0233396 -0.0188637 -0.0496174 -0.059909 -0.0557998 -0.0481622 -0.0434865 -0.0427636 -0.0421813 -0.0361698 -0.0261035 -0.0195652 -0.0184834 -0.0185931 -0.0181004 -0.01674 -0.0116939 -0.00500227 -0.00352968 -0.00465934 -0.00249147 -8.36655e-05 -0.000200621 0.00121843 0.0112031 0.0312003 0.0541127 0.0773285 0.10448 0.128808 0.139384 0.141963 
