0.251203 0.225174 0.176559 0.132621 0.109471 0.11001 0.118707 0.116032 0.0941264 0.055664 0.0122876 -0.0205334 -0.0359986 -0.0384235 -0.0348919 -0.0299027 -0.0248805 -0.0225031 -0.0231326 -0.0204823 -0.0111597 -0.000690646 0.00293978 -0.0032504 -0.0147759 -0.0237436 -0.0247341 -0.0168071 -0.00679371 -0.00587376 -0.0158012 -0.0247432 -0.0204688 -0.000639818 0.0316769 0.0719497 0.11069 0.130257 0.119704 0.102261 0.117621 0.172234 0.230561 
0.235334 0.209404 0.156666 0.108688 0.0882184 0.0969705 0.113715 0.11793 0.104761 0.0771472 0.0412957 0.00656226 -0.0200156 -0.0357548 -0.0403257 -0.0365122 -0.029628 -0.0260635 -0.0263424 -0.02256 -0.0111074 0.00137151 0.00636127 0.000848031 -0.0111115 -0.0218576 -0.0248857 -0.0178429 -0.00725449 -0.00421195 -0.0108673 -0.0173985 -0.0117317 0.011368 0.0496486 0.0931708 0.125358 0.132112 0.115514 0.100075 0.114323 0.161888 0.21477 
0.198582 0.175591 0.122906 0.0710939 0.0500548 0.0636638 0.0875686 0.101639 0.103082 0.0912528 0.0647493 0.0287232 -0.0062891 -0.0309638 -0.0416382 -0.0410266 -0.0357315 -0.0324077 -0.0310707 -0.0252848 -0.0133612 -0.00116906 0.00472343 0.00152146 -0.00802027 -0.0170818 -0.019223 -0.0122838 -0.00232998 0.000952574 -0.00472088 -0.0113975 -0.0064739 0.0182368 0.0602932 0.104617 0.130229 0.127118 0.108246 0.0982095 0.111468 0.145179 0.182653 
0.159538 0.142729 0.0943178 0.039864 0.0142791 0.02792 0.0564777 0.0772151 0.0873543 0.0856473 0.0668469 0.0335192 -0.00107386 -0.0249871 -0.0364689 -0.0392818 -0.0377478 -0.0357345 -0.0326832 -0.0250439 -0.0136256 -0.00305153 0.00249825 0.00117304 -0.00493383 -0.0105093 -0.0103935 -0.00297892 0.00604503 0.00735531 -0.00149563 -0.0119927 -0.0105719 0.0111063 0.0503492 0.0922108 0.116103 0.112078 0.0934789 0.0840073 0.0937445 0.117543 0.145029 
0.128986 0.116833 0.0757039 0.0247987 -0.00229434 0.00928523 0.0376685 0.0568654 0.0638437 0.0623627 0.0490294 0.0243745 0.000125835 -0.0145139 -0.0222814 -0.0278111 -0.0312128 -0.0321041 -0.0295805 -0.0225053 -0.0127268 -0.00382932 0.000883721 0.000367639 -0.00308846 -0.00607363 -0.00516269 0.0014339 0.00892966 0.00797919 -0.00391134 -0.0163984 -0.0160479 0.00141078 0.0320596 0.0660591 0.0882671 0.0881311 0.0728051 0.0623597 0.0694467 0.0908977 0.115483 
0.106817 0.0914262 0.0540245 0.0109929 -0.0110858 -0.000646339 0.0234376 0.0371121 0.0383397 0.0347425 0.0260321 0.0122525 0.00129932 -0.0028689 -0.0064918 -0.0141859 -0.0222978 -0.0266115 -0.0261502 -0.0212798 -0.0135011 -0.00548992 -0.000939732 -0.0010915 -0.00336929 -0.0055503 -0.00555878 -0.00135354 0.00400636 0.00277576 -0.00770291 -0.017438 -0.0143247 0.0015459 0.0237561 0.0466022 0.0618907 0.0624942 0.0520883 0.0449051 0.0535407 0.0765021 0.0991847 
0.0872259 0.0646255 0.0265331 -0.00994157 -0.0259542 -0.0166055 0.00254911 0.013636 0.0150394 0.0127695 0.00837145 0.00320952 0.00130111 0.00262582 0.000857611 -0.00773766 -0.0183044 -0.0248014 -0.0256588 -0.0218774 -0.0150578 -0.00734404 -0.00243876 -0.00218959 -0.00434038 -0.00674764 -0.00778253 -0.00589876 -0.00281983 -0.00342715 -0.0100515 -0.0155531 -0.0100676 0.00512888 0.0219726 0.0350251 0.0405679 0.0376701 0.0315066 0.0306176 0.0426192 0.0663262 0.086549 
0.0667919 0.0414889 0.00412153 -0.0280316 -0.040988 -0.0331941 -0.0166591 -0.00461027 -0.000621161 -0.0017163 -0.00347717 -0.00283112 -2.17834e-06 0.00265944 0.00109893 -0.00722143 -0.0183914 -0.0259271 -0.0266008 -0.0216743 -0.0143803 -0.00705778 -0.00223704 -0.0015857 -0.00374098 -0.00650696 -0.00808572 -0.00768003 -0.00669288 -0.00775417 -0.0120261 -0.0151893 -0.0105393 0.00138902 0.0136582 0.0201799 0.0187153 0.0126773 0.00937974 0.013771 0.0280537 0.0505987 0.0688273 
0.0448601 0.0222507 -0.00940398 -0.0361389 -0.0471667 -0.040498 -0.024452 -0.010802 -0.00655049 -0.00978137 -0.011712 -0.00781478 -0.00204948 0.00124038 -0.000347421 -0.00809796 -0.0187881 -0.0258068 -0.0248377 -0.0179448 -0.0102571 -0.00426564 -0.00061962 0.000190754 -0.00133119 -0.003745 -0.00550462 -0.00615021 -0.00672307 -0.00870405 -0.0123638 -0.0151293 -0.0134682 -0.00743092 -0.00112082 0.000486161 -0.00428931 -0.0111695 -0.0130599 -0.00593867 0.0102833 0.0318829 0.0476839 
0.0214385 0.00374886 -0.0185383 -0.0376506 -0.0464147 -0.0409676 -0.0255282 -0.0110417 -0.00713989 -0.0125116 -0.0159281 -0.0116169 -0.00465763 -0.000662526 -0.00170331 -0.00786089 -0.015863 -0.0200633 -0.017202 -0.0101215 -0.00404072 -0.000764293 0.000768471 0.00148624 0.00131279 0.000179418 -0.00126124 -0.00235746 -0.00327267 -0.00516619 -0.00866497 -0.0121881 -0.0137951 -0.0136733 -0.0139595 -0.0173059 -0.0241529 -0.031063 -0.032913 -0.0254822 -0.00795949 0.0132461 0.0257527 
-0.00175316 -0.0135196 -0.0260382 -0.037005 -0.043079 -0.0396028 -0.0271723 -0.0141014 -0.00979034 -0.0143259 -0.0177898 -0.0139804 -0.00697054 -0.00236846 -0.00193791 -0.00493848 -0.00863719 -0.00958557 -0.00637165 -0.00133591 0.00196623 0.00255488 0.00213281 0.00246894 0.00329965 0.00342113 0.00280997 0.00227896 0.00197106 0.000479972 -0.00338761 -0.0083201 -0.0126985 -0.0170508 -0.0225726 -0.029682 -0.0378105 -0.0448086 -0.0472411 -0.0411533 -0.0252173 -0.00654067 0.00272636 
-0.0211628 -0.0270431 -0.031963 -0.035647 -0.0382217 -0.0368515 -0.0296842 -0.0205084 -0.0161396 -0.018202 -0.0198959 -0.0156075 -0.00833051 -0.00307055 -0.000763959 -0.000361556 -0.00060444 -0.000110741 0.00194375 0.00473946 0.00628604 0.00572823 0.00435542 0.00395747 0.00456208 0.00512581 0.00556183 0.00614599 0.00620992 0.0042215 -0.000327153 -0.0060514 -0.0123482 -0.0199504 -0.0283717 -0.0364084 -0.0441877 -0.0511735 -0.0542395 -0.0501064 -0.0386199 -0.0254294 -0.0188893 
-0.0335503 -0.0355596 -0.0360676 -0.0343202 -0.0331133 -0.0327676 -0.0301047 -0.0247556 -0.0209294 -0.0211168 -0.0210977 -0.0161186 -0.00843337 -0.00251818 0.0012075 0.00369031 0.00491967 0.00527237 0.00599886 0.00758406 0.00870257 0.0082318 0.0068297 0.00583542 0.00566125 0.00617429 0.00736545 0.00847261 0.00798124 0.00507389 0.000746856 -0.00406585 -0.0107375 -0.0198366 -0.0286749 -0.0354462 -0.0420477 -0.0492399 -0.0533487 -0.0514156 -0.0447353 -0.0373763 -0.0333698 
-0.0385091 -0.0392599 -0.0381021 -0.0335298 -0.0296331 -0.0289884 -0.0281799 -0.0246922 -0.0211266 -0.02022 -0.0194777 -0.0147224 -0.00712656 -0.000652406 0.00383067 0.00673592 0.00788011 0.00770331 0.00758818 0.00848477 0.00952592 0.00948234 0.0084668 0.00736609 0.00684013 0.00742595 0.00890561 0.00955758 0.00786551 0.00454827 0.00172521 -0.000774346 -0.00590406 -0.013967 -0.0213468 -0.0265859 -0.032501 -0.0402675 -0.0461985 -0.0470659 -0.0440192 -0.0404647 -0.0386194 
-0.0363586 -0.0370682 -0.0360854 -0.0314738 -0.0270741 -0.0261225 -0.0257508 -0.0226147 -0.0181133 -0.0155207 -0.0143509 -0.0108573 -0.00435012 0.0024149 0.00752792 0.0100653 0.0102351 0.00935326 0.00850661 0.00849303 0.00916444 0.00938014 0.00859164 0.00742914 0.00690085 0.00781896 0.00950282 0.00951295 0.006865 0.00389816 0.00291263 0.00243253 -0.000787654 -0.00665167 -0.012161 -0.0165667 -0.0220406 -0.0296777 -0.037244 -0.0411303 -0.040479 -0.0380809 -0.0365662 
-0.026409 -0.026445 -0.0266399 -0.0243376 -0.0215708 -0.0210099 -0.0211371 -0.0185793 -0.0129434 -0.00795659 -0.00605043 -0.00450713 -0.000336304 0.00608348 0.0120097 0.0141813 0.0128033 0.0106398 0.00881761 0.00777428 0.00783154 0.00786028 0.00670068 0.00499176 0.00433096 0.00564631 0.00769676 0.00759088 0.00491395 0.00287787 0.00296535 0.00251732 -0.00069939 -0.00533658 -0.00922887 -0.0123998 -0.015971 -0.0214161 -0.0291606 -0.0354302 -0.0363376 -0.0330242 -0.028907 
-0.00976325 -0.00743464 -0.00879555 -0.0101266 -0.0103616 -0.0104909 -0.0112906 -0.0111464 -0.00704827 -0.00101234 0.00182157 0.00179083 0.00317772 0.00835434 0.0147202 0.0166413 0.0137238 0.010175 0.00765749 0.00618319 0.00574118 0.0050845 0.00295479 0.000243057 -0.000779076 0.000868873 0.00330581 0.00343834 0.00134838 0.000367863 0.000761895 -0.0010276 -0.00570248 -0.00997647 -0.0119306 -0.0122265 -0.0115431 -0.0127858 -0.0195153 -0.0277002 -0.0301213 -0.0254736 -0.0170489 
0.0114489 0.0161262 0.0128641 0.00674715 0.00237374 0.00131321 0.000152655 -0.00319432 -0.00344415 0.00126435 0.00462178 0.00392915 0.0032825 0.00678993 0.0126224 0.0142688 0.0109133 0.00728467 0.00520585 0.0041744 0.00351423 0.00213487 -0.000765884 -0.00430722 -0.00592002 -0.00438134 -0.00189384 -0.00161484 -0.00323358 -0.00354788 -0.00305496 -0.00567235 -0.0107398 -0.0135262 -0.0126014 -0.0092337 -0.00379063 -0.000550924 -0.00561109 -0.0148869 -0.0187544 -0.013416 -0.000964888 
0.0361199 0.0395094 0.0304748 0.0174865 0.00874516 0.00721782 0.00647321 0.00103318 -0.0027171 -0.000303629 0.00174686 -0.000431251 -0.00208898 0.00107378 0.00648019 0.00800399 0.00549426 0.00334879 0.00269515 0.00247354 0.00191113 0.000526904 -0.00212269 -0.00591319 -0.00864139 -0.00832267 -0.00641492 -0.00590264 -0.0069532 -0.00712656 -0.0071385 -0.0099602 -0.0133391 -0.0123726 -0.00749011 -0.000989865 0.00747866 0.0141058 0.0124253 0.00491158 0.000177252 0.00505829 0.0204598 
0.0599377 0.059154 0.0414176 0.0208026 0.00920023 0.00826941 0.00761186 0.000663133 -0.00485999 -0.00434246 -0.00493419 -0.00962261 -0.0112977 -0.00602921 0.000873339 0.00302666 0.0014409 0.00061151 0.00105516 0.0012726 0.00112861 0.000685941 -0.00101524 -0.00487311 -0.00914841 -0.0109457 -0.0100983 -0.00883153 -0.00855316 -0.00913899 -0.0113022 -0.0147719 -0.014774 -0.00785314 0.00198942 0.0108841 0.0201105 0.0288145 0.0332491 0.0316594 0.0261602 0.0273359 0.0430438 
0.075067 0.0729105 0.0507445 0.0259376 0.0133278 0.0129451 0.010501 -0.000734462 -0.0102983 -0.0122292 -0.0140978 -0.019546 -0.020511 -0.0123318 -0.00218232 0.00173722 0.000547777 -0.000289322 -7.7913e-05 -0.000356764 -7.36833e-05 0.000931053 0.000271971 -0.00345249 -0.00845944 -0.0117733 -0.0120231 -0.00998104 -0.00818741 -0.00981041 -0.0154589 -0.0199542 -0.0152996 -0.000751741 0.0147941 0.0251852 0.0328527 0.0422515 0.0541171 0.0604244 0.0533088 0.0465248 0.058071 
0.0812857 0.0826345 0.0651804 0.0429518 0.0304706 0.0282001 0.021704 0.0044788 -0.0117445 -0.0187968 -0.0226557 -0.0281332 -0.0284239 -0.0180338 -0.00460373 0.00146596 0.000605596 -0.000948675 -0.0021538 -0.00395337 -0.00379329 -0.00149984 -0.000894189 -0.00364253 -0.00779751 -0.0109352 -0.0115306 -0.00931583 -0.00722712 -0.0102508 -0.0185982 -0.0236527 -0.0151448 0.00587903 0.0266568 0.0381444 0.0438963 0.0540002 0.0721151 0.0845226 0.0760991 0.0616037 0.0660183 
0.0933904 0.0976622 0.0892269 0.0741294 0.061859 0.0541135 0.0421474 0.0220057 0.00134722 -0.0143872 -0.0270251 -0.0365347 -0.0360102 -0.0225688 -0.00649581 0.000554469 -0.000613062 -0.00344693 -0.00663492 -0.0101319 -0.0104385 -0.00727615 -0.0051557 -0.00646921 -0.00943824 -0.011322 -0.0107435 -0.00831763 -0.00730579 -0.0114515 -0.0198712 -0.0244089 -0.0152811 0.0074162 0.0312026 0.0452841 0.0532856 0.0667214 0.0882095 0.103536 0.0983188 0.0841719 0.0832413 
0.128708 0.128619 0.122103 0.11011 0.0965185 0.0835611 0.0686241 0.0499216 0.0275828 0.000597175 -0.0270539 -0.0446743 -0.043322 -0.0262344 -0.0085916 -0.0021642 -0.00460926 -0.00884898 -0.0130524 -0.0166775 -0.0166646 -0.0128557 -0.00977122 -0.0106628 -0.0138233 -0.014972 -0.0124307 -0.00883069 -0.00834531 -0.0127954 -0.0201872 -0.0240976 -0.0163434 0.00474403 0.029747 0.0488747 0.0647432 0.083808 0.103973 0.118551 0.123499 0.123114 0.125098 
0.183816 0.17264 0.154719 0.134956 0.117099 0.104068 0.0931461 0.0788792 0.0552592 0.0184202 -0.0221788 -0.0475053 -0.0477338 -0.0311445 -0.0150548 -0.0097658 -0.0121144 -0.0157046 -0.0186907 -0.0202405 -0.0183344 -0.0135812 -0.0105229 -0.0127168 -0.0179051 -0.0200546 -0.0166061 -0.0108201 -0.0081883 -0.0120291 -0.0206971 -0.0262921 -0.0199041 -4.83969e-05 0.026095 0.0521421 0.079138 0.10359 0.116151 0.122908 0.138653 0.162542 0.180962 
0.232573 0.210995 0.174993 0.14102 0.118322 0.110599 0.109438 0.101249 0.0772586 0.0361771 -0.00953081 -0.0397432 -0.0458151 -0.036369 -0.0255375 -0.0206933 -0.019872 -0.0204326 -0.0216222 -0.0205627 -0.0151004 -0.00798982 -0.0050502 -0.00958043 -0.0181051 -0.02329 -0.0212264 -0.0134984 -0.0066457 -0.00855921 -0.0194213 -0.0280825 -0.0233245 -0.00424893 0.0238909 0.057739 0.0945836 0.120663 0.121097 0.113387 0.131622 0.177846 0.221046 
