0.225231 0.104545 0.0797901 0.0527552 0.0355704 0.0259005 0.0112121 -0.00265458 -0.0136515 -0.0159118 -0.00596836 0.0124657 0.0697093 0.251297 0.484399 0.456185 
0.212123 0.12749 0.112505 0.0760849 0.0438139 0.0234286 0.00323251 -0.0116118 -0.0201951 -0.0277947 -0.0329089 -0.0270374 0.0182908 0.17471 0.394512 0.393 
0.102123 0.0841248 0.090629 0.0601399 0.0241735 0.00666765 -0.00611445 -0.0139043 -0.0142445 -0.0243187 -0.0434662 -0.0552352 -0.0443399 0.0256872 0.146232 0.169755 
0.00702109 0.0242461 0.0411792 0.0244266 -0.00550852 -0.0184463 -0.0157142 -0.00839889 -0.00316073 -0.0131267 -0.0337863 -0.0519121 -0.0636334 -0.0553571 -0.0218076 0.00423124 
-0.011652 -0.00111988 0.00990809 0.00485777 -0.0189854 -0.0359724 -0.0284318 -0.0123417 -0.00841838 -0.0146029 -0.0191555 -0.0204839 -0.0267343 -0.0382222 -0.0498369 -0.0319319 
0.00879858 0.0112455 0.0153833 0.0142718 -0.00353337 -0.0264612 -0.0349434 -0.0257954 -0.0196137 -0.0141714 0.00185949 0.0208282 0.0281487 0.0148587 -0.0190305 -0.0147432 
0.0243902 0.0364872 0.0422942 0.0402442 0.0306231 0.0103883 -0.0176339 -0.0246808 -0.0172133 -0.00670747 0.015475 0.0440951 0.0614257 0.0495127 0.00494407 -0.00378334 
0.0425276 0.0561103 0.0616318 0.0645143 0.0668512 0.0539799 0.016313 -0.00788393 -0.0108345 -0.00693538 0.0125103 0.0415129 0.0593483 0.0532347 0.0209854 0.015168 
0.0813056 0.0769508 0.062864 0.0671538 0.0837493 0.0783881 0.0423739 0.0102155 -0.00637757 -0.0138821 -0.00491099 0.0124893 0.0233094 0.0351716 0.0443801 0.0598278 
0.101335 0.0740198 0.041872 0.0422538 0.0637572 0.0648967 0.0438213 0.0216555 0.00163157 -0.0148453 -0.0203674 -0.0191452 -0.0183128 0.00334975 0.0503309 0.0900514 
0.0555631 0.0276021 0.0121113 0.0224153 0.0363005 0.0333127 0.0242444 0.0188126 0.0097499 -0.00106233 -0.00734524 -0.0134445 -0.026094 -0.0237136 0.0149705 0.052959 
-0.0228181 -0.0337521 -0.0132577 0.0173732 0.0208487 0.0047175 -0.00419032 0.00216046 0.0102242 0.0133596 0.0161506 0.0142385 -0.0011812 -0.0201524 -0.0198946 -0.014317 
-0.0599822 -0.0582577 -0.0196192 0.0161918 0.00724673 -0.0175503 -0.0256717 -0.0159956 -0.00242663 0.00418966 0.00958577 0.0164142 0.0177266 0.00186022 -0.0233335 -0.0450512 
-0.0281418 -0.0226545 0.002989 0.0201807 0.000332659 -0.023603 -0.0271317 -0.0221808 -0.0184702 -0.0195974 -0.0186173 -0.00791746 0.010654 0.0142627 -0.00297195 -0.0207053 
0.0191359 0.018219 0.018637 0.014629 -0.00369403 -0.0163331 -0.012958 -0.0137616 -0.0227587 -0.031955 -0.0345405 -0.0274354 -0.00740657 0.0130801 0.0217244 0.0218999 
0.0375957 0.0297991 0.0166947 0.0037726 -0.00637748 -0.00615359 0.000918301 -0.00315651 -0.0161997 -0.0255536 -0.0258936 -0.0217182 -0.00835755 0.0145979 0.0334129 0.0404387 
0.0218309 0.0205714 0.0102228 -0.0033286 -0.00853605 -0.00351016 0.00062478 -0.00229787 -0.0075707 -0.00897417 -0.00528762 -0.0046751 -0.00268066 0.0054629 0.0111203 0.0160672 
-0.0049133 0.00070507 -0.00161401 -0.0114894 -0.015432 -0.0120223 -0.0104829 -0.00806032 -0.00166597 0.00569447 0.0100843 0.00449768 -0.00561043 -0.0124679 -0.0178886 -0.0151225 
-0.0231215 -0.0203488 -0.0137299 -0.0115212 -0.0123042 -0.0139313 -0.0155494 -0.0107381 0.000540339 0.00968271 0.011829 0.00436935 -0.00944847 -0.0184185 -0.021977 -0.0235514 
-0.0276031 -0.0265873 -0.0143311 -0.00372706 -0.00245944 -0.00846223 -0.0127779 -0.00960891 -0.00188538 0.00336918 0.00414604 -7.87611e-05 -0.00853643 -0.0106911 -0.0111646 -0.0194797 
-0.0168132 -0.0143678 -0.00707427 -0.00252489 -0.00321818 -0.00697701 -0.00632889 -0.00386905 -0.00417526 -0.00461589 -0.00389284 -0.00453961 -0.0050605 -0.00106858 -0.00276529 -0.0119133 
-0.00529547 0.000640917 0.00230522 -0.00179729 -0.00618045 -0.00489942 0.00294579 0.00492845 -0.00202446 -0.00639251 -0.00594292 -0.00689809 -0.00758141 -0.00589711 -0.00921831 -0.0107877 
-0.00246478 0.00658916 0.00770948 0.000135127 -0.00740472 -0.00357298 0.00728587 0.00912893 0.0028338 0.000273453 0.000340071 -0.00414993 -0.0101224 -0.0135261 -0.0186673 -0.0151508 
-0.00427447 -0.000476812 -0.00459473 -0.010819 -0.0127579 -0.00508173 0.00520032 0.00719136 0.00581064 0.00804748 0.00823141 0.00147365 -0.00551078 -0.00867757 -0.0154204 -0.0149464 
-0.0100599 -0.0134327 -0.0209208 -0.0212731 -0.0133542 -0.0032855 0.0033032 0.00447224 0.00632104 0.0103173 0.0099943 0.00380306 -0.00101483 -0.00202146 -0.00726758 -0.0120372 
-0.0146843 -0.0180983 -0.0178732 -0.0137853 -0.0074691 -0.00236222 0.00152836 0.00499181 0.00887538 0.0098829 0.00572377 -0.00107639 -0.0058258 -0.00766264 -0.00800171 -0.0103918 
-0.0128593 -0.0178978 -0.00949836 -0.00221563 -0.00148621 -0.00116068 0.00364341 0.0112146 0.0154759 0.0111221 0.00129463 -0.00838415 -0.0139685 -0.0152057 -0.00965052 -0.00512576 
-0.0111001 -0.0195226 -0.0104662 -0.00111479 0.00012246 -0.000202137 0.00494537 0.0134868 0.016567 0.0107602 0.00230413 -0.00574881 -0.0115075 -0.0122871 -0.00547934 -0.000248523 
-0.00299259 -0.00830696 -0.00689384 -0.00442601 -0.00326388 -0.00427505 -0.000482807 0.00771882 0.0104902 0.00707302 0.00584464 0.00727092 0.00679478 0.0048358 0.00467616 0.00350516 
0.00508558 0.00383692 -0.00778563 -0.0163432 -0.0140565 -0.00913316 -0.00207598 0.00525765 0.00592726 0.0020572 0.0022868 0.009522 0.0157237 0.0131571 0.00412767 -0.00105625 
0.00342665 0.00116337 -0.0142438 -0.0227252 -0.0162609 -0.00247673 0.00743657 0.00761851 0.0014413 -0.00283843 -0.00533352 -0.00714793 -0.00806204 -0.0114939 -0.0178232 -0.0137087 
0.0279912 0.00901114 -0.00798922 -0.00292952 0.00809028 0.0168676 0.0157391 0.00326791 -0.00741454 -0.0060176 -0.00567022 -0.0164478 -0.0278745 -0.0297063 -0.0196777 0.00775716 
0.0537468 0.0160608 0.000164241 0.0219359 0.0398895 0.0384497 0.0185855 -0.00430982 -0.0134094 -0.00630555 0.00188692 0.00082854 -0.00395874 -0.00476052 0.007475 0.0412325 
0.0236568 -0.00804831 -0.00346608 0.0315888 0.0543136 0.0487367 0.0193111 -0.00599547 -0.0130974 -0.00787087 0.00158662 0.0137557 0.0240845 0.0216147 0.0152414 0.0256553 
-0.00920523 -0.0217932 0.00588224 0.040851 0.0534173 0.0392539 0.0106443 -0.00701615 -0.0107965 -0.00943211 -0.00565062 0.00596935 0.0229357 0.0283193 0.018648 0.0070958 
0.0149834 0.0174596 0.0450426 0.0584771 0.0471748 0.0177664 -0.00822965 -0.0160824 -0.0168996 -0.0174211 -0.013828 -0.0043558 0.00926816 0.0289048 0.0436438 0.0347795 
0.0642121 0.080194 0.090716 0.0697768 0.0342635 -0.00121108 -0.0227273 -0.0265352 -0.0286345 -0.031697 -0.02556 -0.0146661 -0.00280089 0.027647 0.0632751 0.0690168 
0.0688794 0.096177 0.102285 0.0632013 0.0143357 -0.0149901 -0.0261489 -0.0272634 -0.0317327 -0.0401838 -0.0421259 -0.0350599 -0.0177592 0.0125205 0.0415795 0.0550349 
0.0307908 0.059586 0.073459 0.040331 -0.0046742 -0.0200102 -0.0173283 -0.015974 -0.0220766 -0.0336938 -0.0464247 -0.0492407 -0.0357085 -0.0241948 -0.013735 0.0065846 
0.0137878 0.0205589 0.0330474 0.0116316 -0.0183118 -0.0150016 0.000567449 0.00198385 -0.00701291 -0.0169578 -0.0265821 -0.0325519 -0.0309328 -0.0259284 -0.00640851 0.0130272 
0.053889 0.010036 0.00840821 -0.00611906 -0.0214091 -0.00850365 0.00811581 0.00805908 -0.00150651 -0.00781917 -0.0064506 -0.00247571 0.0110391 0.0634805 0.136147 0.131134 
0.143284 0.0445865 0.0251945 0.00840013 0.00047222 0.00837776 0.0106879 0.00386091 -0.00592207 -0.00815851 0.0029221 0.0200019 0.0612568 0.188097 0.343664 0.316256 
