0.302276 0.314745 0.262325 0.187229 0.124233 0.0704184 0.0136229 -0.0332237 -0.0477948 -0.030785 -0.00159364 0.0230299 0.0345234 0.0340881 0.0303565 0.0292253 0.0276356 0.0209492 0.0119209 0.00629665 0.00316249 -0.00312614 -0.012987 -0.02201 -0.0277257 -0.0315351 -0.0383933 -0.0481175 -0.0519278 -0.0443592 -0.0295645 -0.0114242 0.0140959 0.0442531 0.0617997 0.0561848 0.0449065 0.0539357 0.0825987 0.109404 0.126833 0.160614 0.231401 
0.250683 0.240587 0.184855 0.124913 0.0823048 0.0475855 0.011985 -0.0142365 -0.018101 -0.00500736 0.00947495 0.0179369 0.0201355 0.0166162 0.00999578 0.00709016 0.00976125 0.0106196 0.00619156 0.00230199 0.00177115 -0.000119319 -0.00528389 -0.0116384 -0.018893 -0.0275201 -0.0377027 -0.0458374 -0.0462213 -0.0384258 -0.027716 -0.0159513 0.00683873 0.0428375 0.0710082 0.0748724 0.0672325 0.0685537 0.0809344 0.0976249 0.118565 0.153966 0.208277 
0.163115 0.149939 0.107544 0.0688269 0.0458047 0.0292517 0.0157197 0.0105775 0.0148821 0.0202957 0.0172642 0.00543366 -0.00726226 -0.0153224 -0.0190329 -0.0157619 -0.00443573 0.00548204 0.00604418 0.00260333 0.00232005 0.00334821 0.002347 -0.00262231 -0.0134707 -0.0273341 -0.0384217 -0.0420893 -0.0380306 -0.0301437 -0.0222286 -0.0129673 0.00883736 0.0463627 0.0795208 0.0916256 0.0907376 0.0883951 0.0848786 0.0826623 0.0884947 0.10717 0.139162 
0.0826308 0.0777111 0.0527527 0.030845 0.0222343 0.0209183 0.0231597 0.0297907 0.0361065 0.0343011 0.0207169 -0.00313226 -0.0275054 -0.0408272 -0.0403537 -0.0276895 -0.0074707 0.00820455 0.00997079 0.00401241 0.00142723 0.00300042 0.00422693 0.000100692 -0.0125079 -0.0277899 -0.0362603 -0.0343654 -0.02579 -0.0159079 -0.0066188 0.00464202 0.0258183 0.0585202 0.0875855 0.101144 0.105014 0.103405 0.0926156 0.0754279 0.0595963 0.0538193 0.0660445 
0.0295053 0.0319783 0.0182388 0.00642871 0.0101641 0.02318 0.0341564 0.0425182 0.0479946 0.0457969 0.0332984 0.00815988 -0.0238724 -0.0464028 -0.0481187 -0.030988 -0.00689842 0.00899801 0.00892606 0.000718597 -0.00328704 -0.00152226 0.00103887 -0.00108581 -0.0106759 -0.0219033 -0.0262109 -0.0213271 -0.0107493 0.00174052 0.0154338 0.0310465 0.0504605 0.0727699 0.0889985 0.095039 0.0982818 0.0996857 0.0920918 0.0725875 0.043826 0.0190818 0.0165615 
0.00906382 0.0139624 0.00436911 -0.00313381 0.00810129 0.0301401 0.0445546 0.0503111 0.0545907 0.0564924 0.0500089 0.0274375 -0.0086263 -0.039657 -0.0477929 -0.0329004 -0.0108987 0.00163612 -7.56085e-05 -0.00722122 -0.0092795 -0.00559922 -0.00134479 -0.0009074 -0.00526555 -0.0105618 -0.0126386 -0.0098249 -0.00192646 0.0104205 0.0267339 0.0443403 0.0595995 0.0701924 0.0728397 0.0702919 0.0713528 0.0757611 0.0752668 0.0622683 0.0347532 0.00657924 -0.00121556 
0.0119579 0.0140858 0.00656999 0.0034119 0.0169709 0.0378535 0.0485452 0.0483859 0.0479733 0.0502951 0.0470773 0.0280105 -0.00436166 -0.0333931 -0.0430226 -0.0323889 -0.0156136 -0.00687348 -0.00848867 -0.0124414 -0.0112569 -0.00535755 8.95458e-05 0.00164325 0.000279388 -0.00168841 -0.00438028 -0.00643493 -0.00368899 0.00574649 0.0204054 0.0349311 0.0442363 0.0475515 0.0453909 0.0415247 0.041218 0.0442131 0.0459273 0.0396703 0.0234843 0.00783158 0.00498746 
0.0166391 0.0128616 0.00795872 0.0128705 0.029317 0.0445709 0.046486 0.0364476 0.0256911 0.0213866 0.0176168 0.00467884 -0.0152849 -0.0308927 -0.033923 -0.0255644 -0.0143074 -0.00816857 -0.00819522 -0.00951197 -0.0076499 -0.00262614 0.00191599 0.0032253 0.00257882 0.00126815 -0.00273228 -0.00807615 -0.00902589 -0.00333074 0.00657966 0.0152854 0.0197718 0.0222312 0.0243404 0.0246313 0.0212545 0.0169681 0.0151738 0.0126731 0.00876623 0.00931469 0.0142342 
0.00928242 0.000460635 -0.00274231 0.0100402 0.0320694 0.0463797 0.0428329 0.0240571 0.0023909 -0.0104402 -0.0149496 -0.0191011 -0.0243344 -0.025971 -0.0221492 -0.0152644 -0.00841559 -0.00379332 -0.00207575 -0.00227845 -0.00243856 -0.000948603 0.00159613 0.00316424 0.00343025 0.00247727 -0.0015277 -0.00709017 -0.00959213 -0.00807691 -0.00436672 -0.00116317 0.000834793 0.00463378 0.0114376 0.0150954 0.00923952 -0.000496394 -0.00618586 -0.00910751 -0.00817727 0.000640695 0.0100617 
-0.00771399 -0.0179181 -0.0200802 -0.00357735 0.0225519 0.0401327 0.0373428 0.0157979 -0.0103322 -0.0259602 -0.0281076 -0.0242281 -0.0202243 -0.0164337 -0.0121399 -0.00760301 -0.00326935 0.00034921 0.00254858 0.0025217 0.000856715 1.75375e-05 0.00157203 0.00406576 0.00542969 0.00483268 0.00150658 -0.00304696 -0.00620418 -0.00829284 -0.0100418 -0.0111889 -0.0109573 -0.00779023 -0.00154784 0.00212397 -0.00220242 -0.0103012 -0.0177611 -0.0249759 -0.0263085 -0.0168656 -0.00639885 
-0.0231958 -0.0316796 -0.0318377 -0.0157626 0.00864512 0.0266072 0.0260008 0.00699867 -0.0156425 -0.0267363 -0.0240864 -0.0159092 -0.00979908 -0.00739548 -0.00623962 -0.00359703 0.000312245 0.0034171 0.00474148 0.00421684 0.00261965 0.00183782 0.00331222 0.00588413 0.00698924 0.0056304 0.00215532 -0.00171795 -0.00457117 -0.0075242 -0.0116656 -0.0159832 -0.0183158 -0.01758 -0.0145163 -0.0123557 -0.0136045 -0.017279 -0.0246251 -0.0350966 -0.0388397 -0.0308061 -0.0216975 
-0.0301692 -0.0357387 -0.0330921 -0.0200344 -0.00295509 0.00965623 0.00944713 -0.00399217 -0.0186235 -0.0223051 -0.0151512 -0.00584386 -0.00103339 -0.00105282 -0.00201402 -8.18614e-05 0.00419517 0.00723293 0.00749 0.00612061 0.00485175 0.00459384 0.00544519 0.00641626 0.00578631 0.00312326 -0.000701081 -0.00399201 -0.00574616 -0.00732459 -0.0110927 -0.0171503 -0.0220715 -0.0232317 -0.0216611 -0.0201393 -0.0200716 -0.0219374 -0.0286907 -0.0387812 -0.0417343 -0.0342873 -0.0276376 
-0.0307506 -0.0336992 -0.0283782 -0.018405 -0.00951577 -0.00402936 -0.00440638 -0.011229 -0.0176695 -0.0155512 -0.00602892 0.00262712 0.0053112 0.0035706 0.00162649 0.00280854 0.00700516 0.0106343 0.0111951 0.00964044 0.0081212 0.00735123 0.00678103 0.00557217 0.00315699 7.27683e-05 -0.00292834 -0.00525294 -0.00640121 -0.00713115 -0.0100613 -0.0162455 -0.0218163 -0.0229197 -0.0208988 -0.0194235 -0.0200473 -0.0230372 -0.0298431 -0.0377304 -0.0382324 -0.0309041 -0.0268342 
-0.0272463 -0.0290313 -0.0224998 -0.0143 -0.0101196 -0.00883195 -0.00880809 -0.010647 -0.0115651 -0.00640847 0.00333933 0.0100895 0.0100061 0.00622703 0.00309833 0.00338647 0.00765085 0.0127334 0.0150036 0.0140343 0.011654 0.00936392 0.00738054 0.00492078 0.00155081 -0.00152025 -0.00339524 -0.00472156 -0.00590473 -0.00703566 -0.0096858 -0.0145209 -0.0182459 -0.0178342 -0.0153148 -0.0145906 -0.0166954 -0.0209502 -0.0269034 -0.031475 -0.0296883 -0.0234813 -0.0220798 
-0.0197904 -0.0220414 -0.0167731 -0.0103052 -0.0077272 -0.00742342 -0.00753935 -0.00796164 -0.00603858 0.0011788 0.0104977 0.0149262 0.0122218 0.00672484 0.00300482 0.0035693 0.00869542 0.014948 0.0183182 0.0176616 0.014319 0.0104508 0.00736952 0.00434387 0.000279068 -0.00354261 -0.00556045 -0.00657358 -0.00757696 -0.00868678 -0.0104876 -0.0125016 -0.0125454 -0.00987132 -0.00717682 -0.00777057 -0.0116567 -0.0163749 -0.0196055 -0.0197639 -0.0166234 -0.0130179 -0.0140536 
-0.0138093 -0.0169115 -0.0145934 -0.0107551 -0.0085099 -0.00748731 -0.00884272 -0.0106805 -0.00699226 0.0029033 0.0122694 0.0151434 0.0118101 0.00681341 0.00410212 0.00592454 0.0117114 0.0175287 0.0200335 0.0186982 0.0147055 0.00998484 0.00606686 0.00242034 -0.00232745 -0.00712162 -0.01006 -0.0116375 -0.0126204 -0.0127179 -0.0117591 -0.00906289 -0.00454222 0.000374033 0.00348369 0.00217233 -0.00353685 -0.00898784 -0.00972031 -0.00699278 -0.00520469 -0.00585217 -0.00872923 
-0.0150956 -0.0173542 -0.0179105 -0.0164706 -0.0128209 -0.009812 -0.0132252 -0.0181277 -0.0134458 -0.000566532 0.00965942 0.012509 0.0110854 0.00880244 0.00763819 0.00963823 0.0143458 0.0182749 0.0190086 0.0167667 0.012762 0.0080643 0.00356669 -0.000752573 -0.00579085 -0.010912 -0.0145894 -0.0172271 -0.0187062 -0.0170881 -0.0113412 -0.00268603 0.00530144 0.0106172 0.0144473 0.0150991 0.00981549 0.00310028 0.00117924 0.00114785 -0.00309295 -0.00944712 -0.0129768 
-0.0213738 -0.0198481 -0.0215515 -0.0207382 -0.0138121 -0.0092539 -0.0171633 -0.0276787 -0.0235717 -0.00734873 0.00571587 0.0103895 0.0117205 0.0121603 0.0115983 0.0119325 0.0140255 0.0159634 0.0158301 0.0136349 0.0103288 0.00594366 0.000650886 -0.0045924 -0.00986691 -0.015271 -0.0198411 -0.0231007 -0.0232664 -0.017432 -0.00560767 0.0075219 0.0155204 0.0189084 0.0248503 0.0324948 0.0328529 0.0251683 0.0159875 0.00530461 -0.00940408 -0.0219816 -0.0248501 
-0.027488 -0.020823 -0.0213078 -0.0189589 -0.00896423 -0.00578521 -0.0216645 -0.040483 -0.0380516 -0.0166977 0.00273534 0.0107249 0.0129348 0.0135604 0.0125599 0.0114681 0.0118871 0.013072 0.0128871 0.0107126 0.00751206 0.00282363 -0.00350306 -0.00966227 -0.0153413 -0.0214288 -0.0270224 -0.0294858 -0.0247953 -0.0114123 0.00632928 0.0203287 0.0249273 0.0262201 0.0367478 0.0548011 0.0643409 0.0567077 0.0366261 0.01067 -0.0159472 -0.0344799 -0.0367866 
-0.0317402 -0.021643 -0.019538 -0.0142453 -0.00359344 -0.00569165 -0.0306246 -0.0562543 -0.0532651 -0.0236151 0.00524622 0.015917 0.0139829 0.00996032 0.00773213 0.00760878 0.00908547 0.0108632 0.0103411 0.00699806 0.00274502 -0.00250564 -0.0089198 -0.0148084 -0.020465 -0.0271471 -0.0332127 -0.0339104 -0.0235866 -0.00288337 0.0190365 0.0318288 0.0327164 0.0332909 0.04855 0.0743546 0.090341 0.0827609 0.0541003 0.0167351 -0.0178392 -0.0408967 -0.044056 
-0.030617 -0.0189649 -0.0149707 -0.00734128 0.00144617 -0.00835099 -0.0406205 -0.0678743 -0.0600856 -0.0206921 0.0169152 0.0269271 0.014816 0.000868415 -0.003745 -0.000941498 0.00350532 0.00670284 0.0065137 0.00289349 -0.00171457 -0.00695681 -0.0127546 -0.0178817 -0.0233756 -0.0302591 -0.0361288 -0.035706 -0.0230457 0.000573087 0.0243405 0.037672 0.0395325 0.0419718 0.0579298 0.0824006 0.0969899 0.0886367 0.0590012 0.0215678 -0.0131178 -0.0387571 -0.0439268 
-0.0117273 0.0044339 0.00883355 0.0149648 0.0193409 0.000990258 -0.0384301 -0.0666454 -0.0552359 -0.0104605 0.0313098 0.0386837 0.0158052 -0.00877319 -0.0162431 -0.0107292 -0.00388693 0.000740462 0.00305728 0.00231876 -0.000953315 -0.00651629 -0.0133649 -0.0196938 -0.0258084 -0.0322028 -0.0374936 -0.0380995 -0.028188 -0.00694764 0.0171767 0.0355471 0.0466835 0.055327 0.065972 0.076591 0.081268 0.074524 0.0559917 0.0319314 0.00386135 -0.0236024 -0.0297854 
0.0353636 0.0635313 0.0680406 0.0657136 0.0593962 0.0294517 -0.0204868 -0.055179 -0.047173 -0.00441638 0.0377854 0.0461399 0.0203624 -0.0088525 -0.0177874 -0.0117072 -0.00562922 -0.00142767 0.00387245 0.00717986 0.00483381 -0.00299341 -0.0132341 -0.0223952 -0.0289309 -0.0334704 -0.0381264 -0.0423599 -0.039316 -0.0235374 0.0011687 0.0283228 0.0532595 0.069273 0.070406 0.0599922 0.0514937 0.0523271 0.0562752 0.0533993 0.0335406 0.00532335 0.00347893 
0.109579 0.153311 0.154722 0.134563 0.108854 0.0640123 0.00161151 -0.0443561 -0.0460246 -0.00990337 0.0324285 0.0479552 0.0296295 0.0040241 -0.00365757 0.00163361 0.00427778 0.00489293 0.00951028 0.0134643 0.00965009 -0.00154736 -0.0150678 -0.0262315 -0.0322201 -0.034219 -0.0381324 -0.0462623 -0.0502482 -0.0401381 -0.0154684 0.0184736 0.0525908 0.0718609 0.0655622 0.0408255 0.0245099 0.035979 0.0631325 0.0780117 0.0636961 0.0405979 0.0546991 
0.201499 0.253166 0.242136 0.195794 0.145768 0.0873463 0.0164457 -0.0398399 -0.0529925 -0.0250932 0.0167134 0.0414201 0.0367223 0.0210882 0.0173802 0.0225245 0.0219979 0.0168852 0.0154547 0.0154271 0.00959205 -0.00281479 -0.0172114 -0.0289694 -0.0347833 -0.0355552 -0.0387466 -0.0482168 -0.0551529 -0.0484362 -0.026372 0.00668714 0.0411372 0.0611561 0.0560745 0.0316438 0.0158054 0.0339226 0.0734086 0.0967591 0.08744 0.079746 0.121791 
0.281255 0.321566 0.288763 0.218774 0.151699 0.088286 0.0186 -0.0392918 -0.0583746 -0.0375279 0.00038124 0.0298359 0.0379033 0.0331814 0.0320613 0.0355795 0.0335186 0.0246637 0.0165945 0.0120076 0.00642727 -0.00383638 -0.0168683 -0.0280582 -0.0339704 -0.0353476 -0.0392505 -0.0487581 -0.0548582 -0.0483441 -0.0299589 -0.00375829 0.0262002 0.0497183 0.0544585 0.0390525 0.0261685 0.0427689 0.0815995 0.108432 0.110527 0.125662 0.192653 
