0.238189 0.209968 0.168222 0.145008 0.137143 0.126393 0.104719 0.0800378 0.062138 0.048489 0.0298638 0.00405404 -0.020627 -0.0351162 -0.0416813 -0.0464267 -0.0458699 -0.0352182 -0.0201075 -0.0100668 -0.00941771 -0.0157306 -0.0222804 -0.0256632 -0.029002 -0.0348415 -0.0413043 -0.0446578 -0.0412449 -0.0274918 -0.0037414 0.0199948 0.0356892 0.0512471 0.0707318 0.0781521 0.0628294 0.0358448 0.0217871 0.0414962 0.0930347 0.159525 0.218408 
0.218785 0.205978 0.176988 0.158172 0.14927 0.132966 0.103985 0.074438 0.057035 0.0516594 0.0460145 0.0295956 0.00756669 -0.00671636 -0.0134397 -0.0200739 -0.023381 -0.0186567 -0.00994717 -0.00277103 -0.000866595 -0.0056353 -0.0129807 -0.0191065 -0.0260495 -0.0352966 -0.0430453 -0.0441193 -0.0369005 -0.0228546 -0.00463304 0.0111685 0.0212086 0.0332988 0.0487964 0.0545536 0.0436545 0.0251775 0.0215422 0.0493239 0.0971205 0.14778 0.19471 
0.190663 0.195783 0.179407 0.159572 0.139086 0.111313 0.0788388 0.0526383 0.0414684 0.0448584 0.0505974 0.0467463 0.0369201 0.0315589 0.0275087 0.0172695 0.00568334 0.000319653 0.00162955 0.00701276 0.0115228 0.00911494 -0.000523342 -0.0132673 -0.0270192 -0.0401778 -0.0477465 -0.0444843 -0.0314385 -0.015623 -0.00239545 0.00625232 0.0124676 0.0226901 0.0354707 0.0427377 0.042235 0.0356748 0.0346642 0.0521716 0.0803922 0.112952 0.155515 
0.158958 0.169716 0.155989 0.131195 0.100173 0.0668897 0.0381316 0.0198686 0.0179011 0.032177 0.0494776 0.0572377 0.05838 0.0591044 0.0547285 0.040694 0.0227786 0.0101073 0.00750442 0.0136367 0.0208239 0.0197601 0.00753724 -0.0110865 -0.0294467 -0.0431012 -0.048221 -0.0411749 -0.0244309 -0.00770504 0.00306628 0.0102368 0.0191695 0.0335442 0.0474943 0.0527855 0.0512035 0.0448849 0.0382911 0.040275 0.0507722 0.074357 0.118206 
0.116199 0.118498 0.101025 0.0756359 0.0458232 0.0176404 -0.00327924 -0.0140316 -0.0084327 0.0149965 0.0416129 0.0564275 0.0608174 0.0598063 0.0519078 0.0375422 0.021537 0.00968321 0.00730445 0.0145503 0.0229968 0.0223474 0.00929038 -0.0109449 -0.0288832 -0.038435 -0.0388226 -0.0298604 -0.0135529 0.00239226 0.0135494 0.0242885 0.0394478 0.0584443 0.0714096 0.0676705 0.0528041 0.0377142 0.025919 0.0200728 0.0237078 0.0448122 0.0844384 
0.070282 0.0569127 0.0341896 0.0143797 -0.00205684 -0.0162196 -0.0273645 -0.0318195 -0.0235098 -0.00065424 0.0257089 0.0414384 0.0453294 0.0416503 0.0319689 0.0206018 0.0117344 0.00584646 0.00498762 0.0112342 0.0190668 0.0191536 0.00798114 -0.00980777 -0.0244033 -0.0291126 -0.0255956 -0.0172895 -0.00489082 0.00863888 0.0207002 0.0349414 0.0536438 0.072524 0.0813898 0.0705617 0.0477814 0.0301825 0.0212742 0.0174135 0.0205364 0.0358297 0.0595702 
0.0349336 0.0077581 -0.0185944 -0.0314654 -0.0306792 -0.0259572 -0.0247171 -0.0237152 -0.0183646 -0.00709373 0.00826238 0.0208814 0.0262406 0.0232836 0.0134873 0.00439837 0.00154362 0.00202045 0.00336947 0.00786328 0.013746 0.0137999 0.0044489 -0.0103655 -0.0218494 -0.0235278 -0.0178616 -0.0110204 -0.00369856 0.00533986 0.0156131 0.0292855 0.0468277 0.0635927 0.0718817 0.0641497 0.0460378 0.033325 0.0305106 0.0332485 0.0390453 0.0453655 0.0473384 
0.0148181 -0.0191562 -0.0463628 -0.0540027 -0.0389187 -0.0154015 -0.00136568 0.00111836 -0.0023748 -0.00645954 -0.00435108 0.00468124 0.0130692 0.0118591 0.00114866 -0.00787908 -0.00735605 -0.00137234 0.00353397 0.0071099 0.00950565 0.00670609 -0.003199 -0.0161772 -0.0248482 -0.0237666 -0.0154935 -0.00775179 -0.00294992 0.00163776 0.0076976 0.0165996 0.0280961 0.0399495 0.0479234 0.0453679 0.033747 0.024825 0.0260924 0.0372222 0.0506952 0.0540631 0.0417244 
0.00281397 -0.0307111 -0.0556986 -0.0583495 -0.0335643 0.00241587 0.0233185 0.0209368 0.00608744 -0.00740329 -0.010329 -0.00257836 0.00646198 0.00502542 -0.00684584 -0.0161065 -0.013662 -0.0037719 0.00430189 0.00712748 0.00544061 -0.000969332 -0.0112502 -0.0214917 -0.0263788 -0.0222029 -0.0115984 -0.00211912 0.0026668 0.00459171 0.0059532 0.00820409 0.010811 0.0131547 0.0143478 0.00982835 -0.000445755 -0.00729383 -0.00209321 0.017118 0.0394394 0.0463895 0.0319498 
-0.0100344 -0.0369242 -0.0559684 -0.0540478 -0.0273489 0.0085042 0.026985 0.0182768 -0.00222686 -0.0144382 -0.0121718 -0.00255285 0.00419266 0.000685233 -0.0107733 -0.0186818 -0.0152194 -0.00430001 0.00437594 0.00601979 0.00195934 -0.00532465 -0.013396 -0.019375 -0.0205564 -0.0152232 -0.00587915 0.00168711 0.00507034 0.00508382 0.00264728 -0.000361657 -0.0040061 -0.00966934 -0.0165354 -0.0250544 -0.0337598 -0.0362441 -0.0276087 -0.00697022 0.0161114 0.0246118 0.0133989 
-0.0255968 -0.0413223 -0.0516108 -0.0476496 -0.0280463 -0.00381747 0.00682118 -0.00301385 -0.0193635 -0.0237453 -0.0132629 0.000156954 0.00556123 0.000837296 -0.00865074 -0.0145222 -0.0117736 -0.00324571 0.00334432 0.00401257 0.000600276 -0.00414323 -0.00855247 -0.011268 -0.0114238 -0.00837428 -0.00384792 -0.00142079 -0.00131397 -0.00269347 -0.00654 -0.0112549 -0.01586 -0.0227838 -0.0311427 -0.0380991 -0.041365 -0.0387439 -0.0310308 -0.0191261 -0.00662355 -0.00289401 -0.011137 
-0.0371924 -0.0418098 -0.0449986 -0.0420251 -0.0323292 -0.0210484 -0.0165857 -0.0223818 -0.0300601 -0.0274347 -0.0125375 0.0037358 0.00996043 0.00558856 -0.002024 -0.00675151 -0.00628251 -0.00206889 0.00145016 0.00200035 0.00113711 0.000143929 -0.00117412 -0.00272613 -0.00411076 -0.00454101 -0.00464811 -0.00644798 -0.00900356 -0.0110051 -0.0141492 -0.0176329 -0.0200721 -0.0242286 -0.0295766 -0.0321862 -0.0311559 -0.0281626 -0.0266192 -0.0272708 -0.0275991 -0.0289162 -0.0328385 
-0.0371143 -0.0352944 -0.036614 -0.0370847 -0.0344633 -0.0297931 -0.0263527 -0.0269566 -0.0281814 -0.0227711 -0.00889419 0.0057428 0.0111779 0.00708814 0.00130635 -0.00168806 -0.00220145 -0.00110779 0.000382422 0.00154884 0.00280941 0.00399892 0.00421958 0.0031931 0.0012648 -0.000643922 -0.0027014 -0.00640452 -0.0107417 -0.0138818 -0.0167013 -0.0185539 -0.0187338 -0.020739 -0.0244756 -0.0259143 -0.0255526 -0.0266436 -0.0314002 -0.038605 -0.0432452 -0.0435129 -0.0410338 
-0.0271181 -0.023587 -0.0262087 -0.0313907 -0.0336703 -0.030602 -0.024705 -0.0214054 -0.0202203 -0.0157038 -0.00659487 0.00205144 0.00400728 0.000214466 -0.00236435 -0.00145712 -7.14861e-05 0.000711053 0.00215021 0.00442311 0.00648069 0.00748731 0.00742007 0.00659079 0.00513098 0.00361207 0.00166075 -0.00252291 -0.00834255 -0.0135143 -0.0175096 -0.0191597 -0.0187961 -0.0208973 -0.0255505 -0.0285102 -0.0299793 -0.0325797 -0.0371125 -0.0418338 -0.0429516 -0.0396529 -0.0338403 
-0.0137579 -0.0107154 -0.0148899 -0.0249421 -0.0317519 -0.0289983 -0.0204243 -0.015259 -0.0144687 -0.0127583 -0.00918172 -0.0063488 -0.00671359 -0.00858041 -0.00697574 -0.00200067 0.00182411 0.00380684 0.00660163 0.0102636 0.0124868 0.0121653 0.0102973 0.00817146 0.00606325 0.00445676 0.00296443 -0.000759943 -0.00696564 -0.013296 -0.0182337 -0.0203191 -0.0207693 -0.0242814 -0.030123 -0.0332846 -0.0328844 -0.0307236 -0.0285588 -0.0270492 -0.0247438 -0.0215445 -0.0181923 
0.00127747 0.00305356 -0.00366995 -0.0188308 -0.0293223 -0.0262998 -0.015964 -0.010384 -0.0110223 -0.0125443 -0.0131757 -0.0126156 -0.0114018 -0.00940231 -0.00462997 0.00124671 0.00473573 0.00717244 0.0115011 0.0164776 0.0188755 0.0172912 0.0129075 0.00802644 0.00385858 0.00115585 -0.000321078 -0.00321486 -0.00843387 -0.0135824 -0.0171336 -0.0186908 -0.0201893 -0.0252093 -0.031439 -0.03297 -0.0278552 -0.0178019 -0.00752715 -0.00165677 0.000149206 3.93663e-05 -0.000411704 
0.0193378 0.0183526 0.00644166 -0.0137198 -0.0255319 -0.02046 -0.0078219 -0.00173786 -0.00447915 -0.0100706 -0.0137676 -0.0122987 -0.00651663 0.000402611 0.00662071 0.00946375 0.00882061 0.00967898 0.0147917 0.0208192 0.0235255 0.0210358 0.0142675 0.00661835 0.000624993 -0.00290085 -0.00450988 -0.00704993 -0.0111473 -0.0134125 -0.0132016 -0.0131434 -0.0156965 -0.0216895 -0.0273752 -0.0270986 -0.0178917 -0.000965153 0.015934 0.0241314 0.0236115 0.0202547 0.0184574 
0.0365918 0.0300442 0.0119916 -0.0098755 -0.0188738 -0.00988799 0.00566081 0.0117223 0.00428499 -0.00785995 -0.0142567 -0.00956073 0.00287367 0.0159752 0.0236523 0.0218902 0.014818 0.012107 0.0167384 0.023256 0.0260293 0.0226281 0.0140292 0.00456714 -0.00246944 -0.00631311 -0.00770157 -0.00993718 -0.0131941 -0.0126353 -0.0087102 -0.00724226 -0.0102448 -0.0147166 -0.0162905 -0.0120471 0.000163965 0.0201237 0.0400667 0.0498081 0.0479352 0.0417385 0.038078 
0.0427675 0.0279545 0.00768725 -0.00830919 -0.0100493 0.00163726 0.0167457 0.0197053 0.00520453 -0.013818 -0.0207057 -0.0097679 0.0113818 0.0314529 0.0408895 0.0351956 0.0223464 0.0157907 0.0188572 0.024739 0.0266115 0.0217445 0.0117132 0.00129865 -0.00648507 -0.010606 -0.0108949 -0.0112528 -0.0129121 -0.0112017 -0.00679951 -0.00501888 -0.00543426 -0.00305578 0.00467915 0.0161147 0.0299028 0.0460943 0.0620252 0.0722704 0.0727852 0.0646248 0.053657 
0.0304712 0.00612447 -0.00944452 -0.0115253 -0.00451092 0.00422051 0.0116725 0.00828735 -0.0110257 -0.0311327 -0.0321646 -0.0108714 0.0190825 0.0426677 0.0506301 0.0417579 0.0265646 0.0184528 0.0200108 0.0243305 0.0245059 0.0180558 0.0071719 -0.00349071 -0.0115908 -0.0155436 -0.0137158 -0.0106257 -0.010235 -0.00997328 -0.00875298 -0.00632709 0.000919943 0.0146516 0.0321813 0.0487927 0.0601602 0.0659012 0.0717274 0.0824612 0.0905522 0.0825325 0.0585823 
0.00547368 -0.0253695 -0.0313102 -0.0174193 -0.00505373 -0.00536975 -0.0105548 -0.0205402 -0.0391064 -0.0523735 -0.0415945 -0.00850008 0.0263574 0.0461293 0.047107 0.0350477 0.020882 0.0140366 0.0152884 0.0185385 0.0180821 0.0120134 0.00203986 -0.00807358 -0.0162229 -0.0199398 -0.016327 -0.010216 -0.00846631 -0.0111763 -0.0140738 -0.00957767 0.00759986 0.0319318 0.0545202 0.071239 0.0780334 0.0737724 0.0703955 0.0815259 0.0958271 0.0867227 0.0498435 
-0.012187 -0.0402305 -0.0352079 -0.0113889 -0.00178589 -0.0149511 -0.0319483 -0.0445213 -0.0562061 -0.0592394 -0.0403349 -0.00370109 0.0281224 0.0385404 0.0300226 0.0147907 0.00289058 -0.00103092 0.00156848 0.00564487 0.00769037 0.00584598 -0.000740353 -0.0100794 -0.0195256 -0.0247736 -0.0213533 -0.0138746 -0.0111569 -0.0156726 -0.0209704 -0.0143074 0.0101056 0.0407944 0.0644219 0.0792788 0.084163 0.0769908 0.0697519 0.0778974 0.088773 0.0751531 0.0344908 
0.00139235 -0.0162848 -0.00378335 0.0202442 0.0189419 -0.00827357 -0.0328145 -0.0420392 -0.0431025 -0.0402802 -0.027719 -0.0039267 0.0162949 0.017761 0.00331109 -0.0133369 -0.0223297 -0.0216925 -0.0157205 -0.00896151 -0.00224233 0.00201105 -0.00072615 -0.0103032 -0.0226103 -0.0306877 -0.0287482 -0.0214865 -0.0179499 -0.0210403 -0.024493 -0.0149637 0.0131564 0.0461363 0.068933 0.0818079 0.0868983 0.0812035 0.0716944 0.0714587 0.0733246 0.0607968 0.0332722 
0.058303 0.0469511 0.0545688 0.0681454 0.0546172 0.019488 -0.00629682 -0.0107171 -0.00598882 -0.0077133 -0.0145765 -0.014364 -0.00903908 -0.0116212 -0.0246679 -0.0389341 -0.0443171 -0.038166 -0.0271162 -0.0171263 -0.00778558 -0.00119008 -0.0030408 -0.0135307 -0.0272447 -0.0361848 -0.035315 -0.0296917 -0.0259928 -0.0241723 -0.0194825 -0.0039794 0.0247422 0.0554001 0.0765457 0.0883712 0.0928178 0.0855356 0.0687424 0.0569535 0.0566234 0.0629147 0.0667802 
0.144091 0.127428 0.114186 0.108882 0.0895952 0.0591372 0.0373844 0.0317116 0.0310849 0.0184032 -0.00638427 -0.0259973 -0.0330865 -0.036505 -0.0437978 -0.0528613 -0.0549712 -0.0448649 -0.0292021 -0.0171603 -0.0100485 -0.00762025 -0.0116971 -0.0211546 -0.031953 -0.0389132 -0.0393996 -0.0370011 -0.0337188 -0.0253075 -0.00882306 0.0140828 0.0394567 0.0635284 0.0837145 0.0961515 0.0970036 0.0824364 0.0566978 0.040611 0.052575 0.0912402 0.132309 
0.21643 0.188977 0.152621 0.131634 0.116252 0.0982625 0.0797076 0.0652928 0.0539271 0.0357978 0.00746939 -0.0204854 -0.0378865 -0.0454263 -0.0501011 -0.0552722 -0.0551089 -0.0434088 -0.0259616 -0.0139978 -0.0113571 -0.0151973 -0.0213111 -0.0271035 -0.0326689 -0.0377446 -0.0411937 -0.0427806 -0.0400207 -0.0270429 -0.00265928 0.0240362 0.0444091 0.0627718 0.0832384 0.0945075 0.0866404 0.0628535 0.0379437 0.035737 0.0704351 0.134273 0.196355 
