0.307223 0.279188 0.21404 0.14078 0.0863979 0.0589515 0.0491125 0.0415798 0.0272047 0.00730391 -0.0126936 -0.0285651 -0.0366936 -0.035697 -0.0291587 -0.0223717 -0.0165425 -0.00933157 -0.000572075 0.00655163 0.00963946 0.00863808 0.00346935 -0.00597539 -0.0162041 -0.0209603 -0.0174795 -0.00790879 0.00417652 0.0139194 0.0160314 0.0114929 0.00884212 0.0134356 0.0215978 0.0312745 0.0506175 0.08765 0.138155 0.192448 0.245794 0.290553 
0.33088 0.307231 0.242981 0.164782 0.0989945 0.0566009 0.0351557 0.0254859 0.0174452 0.00468942 -0.0139244 -0.0334277 -0.044365 -0.0419046 -0.0316906 -0.0224609 -0.0162378 -0.0096554 -0.00174409 0.00470966 0.00800504 0.00880066 0.00649731 -0.000713363 -0.0101985 -0.0147013 -0.0104103 -0.000235796 0.0106118 0.0164896 0.0120458 -0.00127995 -0.0124252 -0.0109253 0.00333111 0.025157 0.0541033 0.0937072 0.14372 0.199873 0.258063 0.308614 
0.319246 0.300163 0.242796 0.169772 0.10281 0.0521114 0.0209303 0.00809454 0.00597379 0.00261027 -0.0108778 -0.0312667 -0.0443167 -0.04109 -0.0282391 -0.0173793 -0.0115356 -0.00682742 -0.00147662 0.00267049 0.00495127 0.0067057 0.00702768 0.00294888 -0.00393613 -0.00677008 -0.0018491 0.00785484 0.017296 0.0208241 0.0120074 -0.00926463 -0.0310951 -0.0377942 -0.0232819 0.00645147 0.0429404 0.0842021 0.132426 0.18747 0.245422 0.295732 
0.272067 0.256671 0.208564 0.148111 0.0921465 0.0462793 0.0141143 -0.000402996 -0.000272627 0.00227918 -0.00555319 -0.0232765 -0.0360043 -0.0330407 -0.0203905 -0.00981694 -0.00474177 -0.00178229 0.000933068 0.00237806 0.00277583 0.00413915 0.00597449 0.00504043 0.00159096 0.000596393 0.00484867 0.0125055 0.0205678 0.0239958 0.0147203 -0.0101782 -0.0404927 -0.0579427 -0.0499514 -0.01885 0.0230578 0.067201 0.112756 0.160278 0.208542 0.251067 
0.2044 0.192539 0.153758 0.108453 0.0711061 0.0417295 0.0186658 0.00488597 0.00100114 4.63511e-05 -0.00718344 -0.0206117 -0.0292945 -0.0255857 -0.0143912 -0.00476896 0.000204188 0.00242296 0.00329457 0.00265152 0.00139547 0.00187078 0.00429736 0.0058733 0.00551721 0.00555635 0.00754199 0.0113408 0.016716 0.0199078 0.012482 -0.0103795 -0.0420192 -0.0661786 -0.0670676 -0.0412727 0.000452732 0.0449491 0.0854078 0.120813 0.154437 0.186477 
0.139654 0.131346 0.102451 0.0725525 0.054759 0.0449703 0.0344369 0.0208252 0.00629372 -0.00770186 -0.0206908 -0.0299777 -0.0312852 -0.0241672 -0.0133479 -0.00400969 0.00166175 0.00404485 0.00421541 0.0028438 0.000997279 0.000753059 0.00303075 0.00602044 0.00774166 0.00799258 0.00708952 0.00619514 0.00716381 0.00806317 0.00238567 -0.0143574 -0.0391792 -0.0614507 -0.0676641 -0.0511028 -0.017577 0.0206258 0.0536733 0.0788431 0.101328 0.124828 
0.0940839 0.0874714 0.0684184 0.0530386 0.0514664 0.0571061 0.0557951 0.0396559 0.0117425 -0.0176806 -0.0376843 -0.0428272 -0.0359966 -0.0245749 -0.0137062 -0.00500673 0.000797575 0.00371647 0.0048788 0.0048885 0.0037727 0.00283364 0.00387291 0.00653894 0.00858776 0.00810635 0.00461592 -0.000215005 -0.00375772 -0.00613073 -0.0105837 -0.0197904 -0.0332195 -0.0462809 -0.0515522 -0.0437934 -0.0242529 0.00101518 0.0256823 0.0468409 0.0661393 0.0841878 
0.0695583 0.060477 0.0474501 0.0430818 0.0531872 0.0687177 0.0721338 0.0524497 0.0145937 -0.0241259 -0.0463647 -0.0467609 -0.0341817 -0.0210048 -0.011987 -0.00571995 -0.000961211 0.00299387 0.00711242 0.0105247 0.0111181 0.00924422 0.00769919 0.0076665 0.00729491 0.00440505 -0.0012289 -0.0079783 -0.0138638 -0.0180434 -0.0208133 -0.0229948 -0.0253562 -0.0275191 -0.0280467 -0.0259283 -0.0206132 -0.0106644 0.00573013 0.0278879 0.0506908 0.0664432 
0.0573189 0.042669 0.0301747 0.0318388 0.0497168 0.0712105 0.076325 0.0541653 0.0130431 -0.0258602 -0.0445435 -0.0405195 -0.0260522 -0.0145261 -0.00914685 -0.00613175 -0.00243075 0.00325525 0.0109773 0.017846 0.019865 0.0167646 0.0119758 0.00765146 0.00275197 -0.00368481 -0.0105026 -0.016408 -0.0213549 -0.0249673 -0.0257724 -0.0232874 -0.0189593 -0.014375 -0.010925 -0.0107096 -0.0140845 -0.0157741 -0.00666648 0.0166892 0.0444154 0.0602793 
0.0462272 0.0274741 0.0136093 0.0181023 0.0407531 0.0652422 0.0701497 0.0472759 0.00869946 -0.0242394 -0.0372209 -0.0311395 -0.0183284 -0.0100383 -0.00760359 -0.00615803 -0.00208531 0.00543339 0.0150459 0.0227765 0.0244418 0.0199276 0.0126535 0.00479211 -0.00398037 -0.0128641 -0.0190387 -0.0217097 -0.023258 -0.0248437 -0.0245458 -0.0212023 -0.0163658 -0.0113348 -0.00643822 -0.00414375 -0.0076398 -0.0137145 -0.0109278 0.00877506 0.0364388 0.052175 
0.0300663 0.0119527 -0.00111944 0.00515669 0.0295926 0.0541223 0.0581769 0.0371914 0.00505772 -0.0199407 -0.0284641 -0.0233902 -0.0146999 -0.00991725 -0.00852125 -0.00588612 0.000332642 0.00910776 0.0178102 0.023129 0.0226621 0.0170743 0.00910524 0.000164821 -0.00977409 -0.018725 -0.0228996 -0.0218866 -0.0196876 -0.0189719 -0.0184581 -0.0170817 -0.0158333 -0.0138333 -0.00812668 -0.000247189 0.00256092 -0.00270279 -0.00681186 0.00242987 0.0223368 0.0355591 
0.0103854 -0.00339891 -0.0135233 -0.00663226 0.0159032 0.0374053 0.0410022 0.0250691 0.00189756 -0.0151108 -0.0203977 -0.0172726 -0.013119 -0.0117731 -0.0106035 -0.00560722 0.003096 0.0119249 0.0176399 0.0190269 0.0163708 0.0109276 0.0041347 -0.00364976 -0.0124394 -0.0199879 -0.0224736 -0.0194807 -0.0151751 -0.0129173 -0.0124031 -0.0129158 -0.014395 -0.0136922 -0.00560892 0.00843063 0.0175852 0.0131215 0.00102902 -0.00354317 0.00442199 0.0134026 
-0.0069028 -0.0160741 -0.0235479 -0.018308 -0.00137335 0.0144844 0.0179473 0.00906001 -0.00402654 -0.0130205 -0.0144311 -0.0113997 -0.00990269 -0.0111695 -0.0105089 -0.00438832 0.00475307 0.0116153 0.0135166 0.0116595 0.00829892 0.00440468 -0.000154643 -0.00579704 -0.0124725 -0.0182997 -0.0201056 -0.0172811 -0.0131918 -0.0109734 -0.0105699 -0.0108421 -0.0107478 -0.00708075 0.00418289 0.0205337 0.0305569 0.0244193 0.00633988 -0.00844054 -0.0105553 -0.00599803 
-0.0171596 -0.0240429 -0.0307444 -0.0293079 -0.0200264 -0.0106926 -0.00710497 -0.00879252 -0.0122589 -0.0134104 -0.00993476 -0.00498269 -0.0040305 -0.00665806 -0.00680162 -0.00157027 0.00519786 0.0083661 0.006937 0.00363425 0.000930109 -0.00119453 -0.0038288 -0.00733634 -0.0114134 -0.0150126 -0.016274 -0.014692 -0.0124588 -0.0115827 -0.011206 -0.00925026 -0.00463386 0.00339701 0.0153303 0.0279961 0.0334317 0.0254408 0.00745559 -0.00921417 -0.0162253 -0.0159136 
-0.0183475 -0.0261037 -0.034177 -0.0374255 -0.0351646 -0.0306355 -0.0259708 -0.0216297 -0.0178259 -0.0129566 -0.00538506 0.00148266 0.00243733 -0.000975048 -0.00210074 0.00112697 0.00442277 0.00411997 0.00101938 -0.00209914 -0.00399882 -0.00552862 -0.0074014 -0.00897894 -0.00974021 -0.0100476 -0.0100206 -0.00961018 -0.00947404 -0.00973596 -0.00862875 -0.00416873 0.00343914 0.0122241 0.0203323 0.0258739 0.0261037 0.0193807 0.00784733 -0.00343169 -0.0105189 -0.0140341 
-0.0117963 -0.0230498 -0.0340797 -0.0410305 -0.0423358 -0.0387605 -0.0318112 -0.0239938 -0.0173919 -0.0105738 -0.00167803 0.00573862 0.00654183 0.00263341 0.000535196 0.0017796 0.00244784 0.000391162 -0.00270688 -0.00498517 -0.00662107 -0.00854845 -0.0102311 -0.00987497 -0.00706808 -0.0037061 -0.00179936 -0.00168411 -0.00235608 -0.00214264 0.000623023 0.00613104 0.0123177 0.0165299 0.0179294 0.017403 0.0158133 0.0135661 0.0108656 0.00750197 0.00303389 -0.00309291 
-0.00477285 -0.0203069 -0.0339268 -0.0413523 -0.0410272 -0.0343639 -0.024952 -0.0171856 -0.0127059 -0.00833351 -0.00117865 0.005536 0.00670805 0.003493 0.0012019 0.00105574 0.000170316 -0.00245109 -0.00510502 -0.00680985 -0.00831143 -0.0101236 -0.0109095 -0.00863025 -0.00325412 0.00263196 0.00627224 0.00728135 0.00765167 0.00976306 0.0142097 0.0188613 0.0203936 0.0175746 0.0126639 0.00901578 0.00837073 0.0107245 0.0146405 0.0172383 0.0155424 0.00806291 
-0.00538959 -0.0232101 -0.0365204 -0.0403507 -0.0345616 -0.0233753 -0.0130128 -0.0081019 -0.00812891 -0.00797269 -0.00395483 0.00159042 0.00409031 0.00323385 0.00194845 0.000926353 -0.00125213 -0.00446719 -0.00720025 -0.00879669 -0.00970658 -0.0100937 -0.00894879 -0.00504015 0.00129982 0.00787464 0.0124416 0.0148251 0.0169456 0.020671 0.0254958 0.0280641 0.0249821 0.0169108 0.008514 0.00395399 0.00423249 0.0083636 0.0142711 0.0187009 0.0180769 0.00991563 
-0.0131102 -0.0291164 -0.0384588 -0.0365965 -0.0255465 -0.0120858 -0.00336684 -0.00232626 -0.00604144 -0.00880237 -0.00722706 -0.00262667 0.00149879 0.00344568 0.00351729 0.00179442 -0.00165435 -0.005658 -0.00881219 -0.0103831 -0.0102227 -0.00849253 -0.00520008 -0.00021169 0.00594713 0.0118261 0.0161781 0.0192315 0.0222708 0.0260267 0.0294365 0.0295491 0.024014 0.0146037 0.00624715 0.00220816 0.0022933 0.00489249 0.00832014 0.0106726 0.00936664 0.00149856 
-0.0198641 -0.0299506 -0.0332591 -0.0268217 -0.0140995 -0.00234625 0.00254469 0.000119563 -0.0052579 -0.00879133 -0.0083348 -0.00458382 9.5906e-05 0.00341453 0.00415275 0.0021084 -0.00180171 -0.00601533 -0.0092762 -0.0105603 -0.00919294 -0.00558258 -0.000727544 0.0047343 0.0102017 0.0147312 0.0179619 0.0206839 0.0236005 0.0262494 0.0273442 0.0252751 0.0193588 0.011632 0.00563048 0.00286917 0.00202213 0.00115842 -0.000322925 -0.00187852 -0.00413462 -0.00980389 
-0.0200315 -0.0220678 -0.0196421 -0.0116976 -0.00140878 0.00578182 0.0063502 0.00170763 -0.00369544 -0.00675963 -0.00690755 -0.00477162 -0.00165296 0.000872399 0.00169135 0.000491277 -0.0022045 -0.00546866 -0.00823468 -0.00898721 -0.00663267 -0.00183915 0.00377649 0.00918417 0.0137488 0.0168531 0.0188192 0.0209083 0.0234433 0.0250973 0.0244011 0.0209371 0.0155441 0.0101461 0.00646712 0.00433331 0.00171869 -0.00311162 -0.00924983 -0.0137767 -0.0156651 -0.0171975 
-0.0162886 -0.0107804 -0.00420014 0.00280841 0.00875731 0.0112465 0.0089328 0.00378092 -0.000705571 -0.00310702 -0.00419016 -0.00479778 -0.00504408 -0.00464385 -0.003584 -0.00260208 -0.00269198 -0.00418241 -0.006071 -0.00622093 -0.0032418 0.0020046 0.00763465 0.0125013 0.0160516 0.0180173 0.0191329 0.020735 0.0229355 0.0242078 0.0230047 0.0192653 0.0144955 0.0104746 0.00763693 0.00458798 -0.000861806 -0.0094031 -0.0183336 -0.0234837 -0.0235893 -0.0206285 
-0.015268 -0.0044188 0.00511518 0.011028 0.0135956 0.0134515 0.0106272 0.00633786 0.00269071 0.000249043 -0.00223102 -0.0057506 -0.00940215 -0.0109182 -0.00917091 -0.00566842 -0.00311761 -0.00290843 -0.0039018 -0.00344216 -5.40167e-05 0.00516764 0.0102178 0.0140821 0.0165456 0.0176745 0.0181721 0.0190527 0.0205127 0.0215989 0.0209255 0.017952 0.0138217 0.0102187 0.00717665 0.00261487 -0.00566579 -0.0169623 -0.0268815 -0.0312158 -0.0297267 -0.0241618 
-0.018475 -0.00452313 0.0073811 0.0130603 0.0139054 0.0131636 0.0114718 0.00824628 0.00421165 0.000476204 -0.00334295 -0.00831718 -0.0134224 -0.0154703 -0.0128346 -0.00763297 -0.00349053 -0.0021854 -0.00243195 -0.00138755 0.00233959 0.00739455 0.0116236 0.0142506 0.0155815 0.0158959 0.0154751 0.0148906 0.0147487 0.0151123 0.014992 0.0131141 0.00962963 0.00601147 0.00271171 -0.00227492 -0.0113635 -0.0233131 -0.0329122 -0.0364322 -0.0346935 -0.0289739 
-0.0208301 -0.00542608 0.00752832 0.0124357 0.0116676 0.0107651 0.0104005 0.00763228 0.00208151 -0.00347922 -0.00765986 -0.0117535 -0.0157855 -0.016976 -0.0136908 -0.0080049 -0.0033487 -0.00136454 -0.00094071 0.00051566 0.00433518 0.00914364 0.0126675 0.0142106 0.0144524 0.0137614 0.0119496 0.00922832 0.00659144 0.00499328 0.00410306 0.00244675 -0.000830402 -0.00482985 -0.00823615 -0.0119565 -0.0186874 -0.0282421 -0.0360648 -0.0387601 -0.0371503 -0.0317877 
-0.018646 -0.0036484 0.00759921 0.00987657 0.00687435 0.00552853 0.00602424 0.00344193 -0.00316102 -0.00931993 -0.012194 -0.0136368 -0.0152318 -0.0151851 -0.0118822 -0.00667507 -0.00205914 0.000582657 0.00172362 0.00329139 0.00665589 0.0108617 0.0137554 0.014503 0.0137867 0.0120031 0.00875035 0.00393083 -0.0015681 -0.00643186 -0.010084 -0.013291 -0.0173839 -0.0222594 -0.0257912 -0.0271456 -0.0290608 -0.0335505 -0.0380571 -0.0392451 -0.036699 -0.0302792 
-0.0143108 -0.00210098 0.00461002 0.00336184 -0.00101529 -0.00224512 -0.00117996 -0.00331041 -0.00929151 -0.0139081 -0.0141482 -0.0125942 -0.0119279 -0.0111014 -0.00837935 -0.00415849 0.000137971 0.00334024 0.00510345 0.00647982 0.00885043 0.0119251 0.0139562 0.0139621 0.0123965 0.00969639 0.0055545 -0.000437335 -0.00809723 -0.0164087 -0.0240004 -0.0303593 -0.0363587 -0.04221 -0.0453757 -0.0437466 -0.0400068 -0.0384474 -0.0390678 -0.0385863 -0.0345987 -0.0263002 
-0.0115988 -0.00450847 -0.00359925 -0.00720023 -0.010367 -0.00992219 -0.00826995 -0.00983498 -0.0140713 -0.0159953 -0.0135106 -0.00970457 -0.00757536 -0.00647656 -0.00457883 -0.00153165 0.00201725 0.00511813 0.00693896 0.00782478 0.00902249 0.0107311 0.011635 0.0107651 0.00843379 0.00517622 0.000952706 -0.00483883 -0.0129654 -0.0233527 -0.0345345 -0.0446758 -0.0529805 -0.058854 -0.0599104 -0.0542383 -0.0448974 -0.0378333 -0.0352798 -0.0342334 -0.030327 -0.0218809 
-0.00949743 -0.010128 -0.0152194 -0.0193606 -0.0187933 -0.0148685 -0.0119966 -0.0129663 -0.0156378 -0.0154332 -0.0111835 -0.00612601 -0.00330736 -0.00243316 -0.00160221 5.03886e-05 0.00224399 0.00425673 0.00532772 0.00554492 0.0059299 0.00671414 0.00664742 0.00484257 0.00180169 -0.00167788 -0.00533005 -0.0097051 -0.0163383 -0.0266642 -0.0401656 -0.0538491 -0.0640427 -0.068283 -0.0649108 -0.0536841 -0.038646 -0.026706 -0.0214946 -0.0205859 -0.0188171 -0.0139693 
-0.0020848 -0.0133156 -0.0249767 -0.0296462 -0.0254162 -0.0174577 -0.0121959 -0.0117747 -0.0130833 -0.01158 -0.00644364 -0.00106256 0.00133564 0.000979993 0.000152634 9.01847e-05 0.00050929 0.00086211 0.000839109 0.000668563 0.00115056 0.00211067 0.00180684 -0.000739021 -0.00451027 -0.00811502 -0.0109057 -0.0131865 -0.0169747 -0.0255478 -0.040185 -0.0569946 -0.0688564 -0.0709759 -0.0625574 -0.0453565 -0.024463 -0.0072139 0.00223099 0.00529421 0.00548354 0.00381613 
0.0158455 -0.00654778 -0.025037 -0.0326328 -0.0288766 -0.0198318 -0.01266 -0.0100246 -0.00901996 -0.00534892 0.00116235 0.00631421 0.00685204 0.0040268 0.0011401 -0.000504239 -0.00163655 -0.00270067 -0.00339166 -0.00322093 -0.00169129 0.000418264 0.000681632 -0.00212704 -0.00646711 -0.0101451 -0.0119963 -0.0121094 -0.0129634 -0.0195804 -0.0350786 -0.0550517 -0.0695713 -0.0717282 -0.0608395 -0.0395233 -0.0132423 0.0106646 0.0279796 0.0384064 0.0410325 0.0334687 
0.0416792 0.0120901 -0.0108984 -0.0231806 -0.025279 -0.0211357 -0.0161247 -0.0126644 -0.00845376 -0.000607261 0.00883038 0.0138903 0.0118118 0.00621647 0.00201428 6.69697e-05 -0.00144228 -0.00306111 -0.00382107 -0.00299571 -0.000547829 0.00227042 0.00290243 0.000183692 -0.00407151 -0.00715244 -0.00753773 -0.00553412 -0.00442902 -0.0103672 -0.0272335 -0.0503458 -0.0686204 -0.0738543 -0.0643109 -0.0417985 -0.0112674 0.0201977 0.0480528 0.0694116 0.0779265 0.0675494 
0.0634336 0.0331146 0.0105388 -0.00423415 -0.0133093 -0.0181191 -0.0200097 -0.0185029 -0.0113359 0.00142452 0.0141092 0.0189047 0.0142314 0.00671454 0.00295209 0.00285372 0.00278308 0.00150137 0.000459487 0.000790772 0.00229817 0.00369202 0.00314845 0.000263193 -0.00297292 -0.0039788 -0.00164545 0.00271042 0.00476075 -0.00158477 -0.0192277 -0.0431752 -0.0631518 -0.071143 -0.0640285 -0.0419336 -0.00886081 0.0282527 0.0637347 0.0920401 0.103781 0.0920969 
0.0692695 0.0430127 0.0249103 0.0120827 8.033e-05 -0.0119729 -0.0208776 -0.0213259 -0.011067 0.00564893 0.0197235 0.0229514 0.0156467 0.00702301 0.00481719 0.00775224 0.0100668 0.0092042 0.00664703 0.00422194 0.0022255 -9.54881e-05 -0.0034138 -0.00696945 -0.00851349 -0.00618826 -0.000263617 0.00646226 0.00921689 0.00346433 -0.0112515 -0.029654 -0.0442175 -0.0494494 -0.0420078 -0.0205169 0.0118697 0.0480164 0.0810208 0.10461 0.111137 0.0967404 
0.0583994 0.0381083 0.0258937 0.0181137 0.00824036 -0.00582753 -0.0174175 -0.016932 -0.00304536 0.015863 0.0290417 0.0297379 0.0202375 0.0109337 0.00963042 0.0141252 0.0173961 0.0158504 0.0105692 0.00387546 -0.00293329 -0.00958558 -0.0157376 -0.0198642 -0.0196924 -0.0143071 -0.00548644 0.00306311 0.00728942 0.00510475 -0.00114738 -0.00617406 -0.0067214 -0.00238944 0.00843196 0.0281212 0.0543543 0.0800225 0.0986655 0.106509 0.100992 0.0826109 
0.0391724 0.0268279 0.0226744 0.0227613 0.0187102 0.0066425 -0.00477888 -0.00337479 0.0112817 0.0289057 0.0393021 0.0377915 0.0276903 0.0185771 0.0168267 0.0198248 0.0212207 0.0177561 0.00990301 -0.000392363 -0.011063 -0.0205794 -0.0279255 -0.031777 -0.0304467 -0.0236139 -0.0134911 -0.00351987 0.00346935 0.0072672 0.0120514 0.0228007 0.0385995 0.0541616 0.0680679 0.0828978 0.0974498 0.106152 0.105546 0.0959623 0.0790856 0.0582733 
0.0212736 0.0204966 0.0288889 0.0403338 0.044235 0.0352682 0.0226993 0.0198661 0.0281538 0.0389977 0.0441991 0.0403798 0.0308161 0.0229319 0.0204149 0.0204739 0.0189567 0.014082 0.00557907 -0.00581481 -0.0177972 -0.0277071 -0.0342473 -0.0370289 -0.0352247 -0.0283772 -0.0179531 -0.00659619 0.00354839 0.0127286 0.025169 0.0450998 0.0697911 0.0913409 0.105564 0.113368 0.114511 0.107267 0.0927873 0.0737892 0.0523636 0.0328285 
0.0147812 0.0261535 0.0469669 0.0681905 0.0785299 0.0725705 0.0580019 0.046903 0.0431575 0.0429529 0.0406424 0.0331023 0.023285 0.016755 0.0145009 0.0133461 0.0111092 0.00727746 0.000793556 -0.0088625 -0.0195014 -0.0278951 -0.0328389 -0.0347247 -0.0330239 -0.0266258 -0.0162054 -0.00407444 0.00779 0.0192971 0.0330239 0.0517612 0.0740951 0.0943609 0.106863 0.108501 0.0991926 0.0828123 0.0652883 0.0486112 0.0314524 0.0174906 
0.0293661 0.0454254 0.0676797 0.0877578 0.0983061 0.0957632 0.0829195 0.0662084 0.0511226 0.0398641 0.0298772 0.0180024 0.00701447 0.0017065 0.00136219 0.00197878 0.00184724 0.000912256 -0.00211044 -0.0082802 -0.015874 -0.022128 -0.0262438 -0.0284794 -0.0275492 -0.0217018 -0.0117401 -0.000305207 0.0110461 0.0221297 0.0330718 0.044681 0.0584808 0.0736186 0.0837488 0.0811771 0.0660323 0.0481512 0.0373203 0.0331095 0.0288606 0.0249463 
0.0680008 0.0766417 0.0842255 0.0891952 0.0924637 0.0931695 0.0868609 0.0707914 0.0494967 0.0305499 0.0152789 0.00104267 -0.009881 -0.0132719 -0.0106692 -0.00700815 -0.00459957 -0.00325568 -0.00343269 -0.00591955 -0.00995946 -0.0143373 -0.0189093 -0.0229604 -0.0236687 -0.0188583 -0.0101478 -0.000589669 0.00917744 0.0192298 0.0274614 0.0329143 0.0394739 0.0497339 0.0566733 0.0503736 0.0332425 0.0200686 0.0220957 0.0361241 0.0507058 0.0602541 
0.125433 0.118694 0.101697 0.0837892 0.0748921 0.076071 0.0764668 0.0646559 0.0420621 0.01933 0.00184022 -0.0117856 -0.0205652 -0.0216935 -0.0169846 -0.0114823 -0.00785382 -0.00550882 -0.00379959 -0.00320913 -0.00421878 -0.00736451 -0.0131039 -0.0197067 -0.0229195 -0.0201328 -0.0133677 -0.00553122 0.00356607 0.0138269 0.0215355 0.0248744 0.0286045 0.035727 0.0385718 0.0289526 0.0141718 0.0115795 0.029694 0.0618909 0.0947181 0.117463 
0.192384 0.171129 0.130104 0.0892826 0.0660597 0.0627204 0.0651844 0.0569537 0.0356092 0.011764 -0.00637691 -0.0185067 -0.0250236 -0.0249755 -0.0201077 -0.0145287 -0.0103738 -0.00667903 -0.00264451 0.000656772 0.0016398 -0.000995585 -0.00776877 -0.0166502 -0.0228747 -0.0230497 -0.0183209 -0.0109053 -0.000717334 0.0109315 0.019235 0.0225913 0.0259986 0.0314524 0.0315216 0.0222504 0.0158525 0.0287499 0.0630032 0.108129 0.152398 0.184461 
0.257215 0.228702 0.171011 0.111116 0.0723487 0.0591282 0.0578671 0.0508793 0.0320732 0.00889697 -0.0101365 -0.0227828 -0.0290287 -0.0287717 -0.0240946 -0.0186245 -0.0136768 -0.00780446 -0.000787581 0.0049845 0.00719524 0.00496214 -0.0018464 -0.0118704 -0.0207891 -0.0239047 -0.0204178 -0.0120904 -0.000277895 0.0118035 0.0188167 0.0202953 0.0223421 0.0272834 0.0291103 0.0267808 0.0333895 0.0615482 0.107511 0.159009 0.208255 0.246538 
