0.284157 0.276581 0.270829 0.267332 0.235904 0.17582 0.100458 0.0175471 -0.0460772 -0.063802 -0.0467075 -0.0222197 -0.00314933 0.00980836 0.0151212 0.00615006 -0.0124662 -0.0223437 -0.018304 -0.0132263 -0.0143322 -0.0161676 -0.0148999 -0.0123143 -0.00787734 -0.000440524 0.00725265 0.010124 0.00450095 -0.00626138 -0.0110769 0.00309722 0.0352387 0.0584913 0.0480774 0.0242474 0.0265025 0.0524989 0.0708157 0.0700416 0.0654103 0.0898838 0.164506 0.249137 
0.286294 0.297187 0.313948 0.316203 0.269629 0.19407 0.116479 0.0398758 -0.0177472 -0.0339515 -0.0173695 0.00796474 0.025334 0.02926 0.0228313 0.00657493 -0.0135065 -0.0205985 -0.0118797 -0.00355594 -0.00392525 -0.00576521 -0.0040812 -0.00112785 0.00176185 0.00465134 0.00758757 0.00942368 0.00677261 0.000494699 -0.000895627 0.0122381 0.0384753 0.0590513 0.0588034 0.0527171 0.0619588 0.0781121 0.0799038 0.0649049 0.053662 0.0800929 0.158329 0.244642 
0.221745 0.245726 0.290943 0.312253 0.261823 0.171077 0.0902626 0.0309471 -0.00473415 -0.0102337 0.00993259 0.0380957 0.0517167 0.0427637 0.0236279 0.00290945 -0.0152897 -0.0199132 -0.00991628 -0.000474303 0.00108559 0.00280993 0.00891983 0.0146045 0.0152737 0.00966773 0.00134562 -0.00425893 -0.00658231 -0.00715765 -0.00373432 0.00716092 0.0238733 0.0384614 0.0475451 0.0612423 0.0859007 0.109077 0.11235 0.0935113 0.0746735 0.0873075 0.138882 0.194147 
0.137421 0.151771 0.201997 0.239687 0.209388 0.130033 0.0571167 0.0129216 -0.00886053 -0.00987497 0.0138252 0.0485331 0.0631675 0.0469715 0.0198255 -0.0031812 -0.0194701 -0.0238468 -0.0163212 -0.00833546 -0.0050601 0.00129393 0.013642 0.0243219 0.0252138 0.0140466 -0.00350455 -0.017259 -0.0215096 -0.0181381 -0.0106106 -0.00177142 0.0045288 0.00820732 0.0168223 0.0403186 0.0799114 0.122505 0.144238 0.132921 0.109282 0.105656 0.12498 0.139302 
0.0769045 0.0697556 0.098481 0.134574 0.131926 0.0873344 0.0386413 0.00677856 -0.0148389 -0.0218382 -3.89056e-06 0.0373096 0.0540986 0.0394808 0.014231 -0.0068645 -0.0218086 -0.0272991 -0.0234178 -0.0183978 -0.0158454 -0.00911446 0.00471276 0.0179851 0.0211361 0.0115994 -0.00559133 -0.0211737 -0.0274676 -0.0245491 -0.0166357 -0.00908073 -0.00951017 -0.0168385 -0.0171728 0.00256871 0.0443699 0.0955883 0.129051 0.127889 0.111143 0.107161 0.11177 0.101355 
0.0460833 0.0257905 0.0270212 0.0451474 0.0554306 0.0442195 0.0249665 0.00568016 -0.0178439 -0.0312732 -0.0146962 0.0180019 0.0331295 0.02353 0.00667288 -0.00818766 -0.0201286 -0.0253206 -0.0231002 -0.0196017 -0.0188884 -0.0171068 -0.00965545 0.00042382 0.00533508 0.00217801 -0.0067077 -0.0176717 -0.0263508 -0.0298656 -0.0263546 -0.0189486 -0.0193608 -0.0300422 -0.0364732 -0.0247771 0.00668916 0.0460159 0.0724731 0.0778375 0.0771367 0.0833374 0.0866873 0.0727465 
0.027169 0.00829453 -0.00704468 -0.00937014 -0.00149352 0.00677224 0.0101438 0.00217236 -0.0185509 -0.0330825 -0.0220761 0.00242228 0.0132076 0.00681817 -0.00238736 -0.00988149 -0.0170316 -0.0202216 -0.0169633 -0.0115948 -0.0109744 -0.0151811 -0.0169287 -0.0127874 -0.00761729 -0.00484155 -0.00485659 -0.0103088 -0.0220912 -0.0339102 -0.0358963 -0.0287121 -0.0261165 -0.0322769 -0.0356214 -0.0264801 -0.00618118 0.0142134 0.024383 0.0292093 0.0379379 0.0467271 0.0482082 0.0412847 
0.00884332 -0.000478355 -0.0191818 -0.0343844 -0.0336594 -0.0172674 -0.000114601 0.00152023 -0.0125886 -0.0247666 -0.0190472 -0.00311636 0.00324938 -0.00168014 -0.00611967 -0.00855435 -0.0129996 -0.0157148 -0.0111335 -0.00288951 -0.00119849 -0.00813505 -0.0142803 -0.0133819 -0.00892256 -0.00341419 0.00212114 0.000979405 -0.0114668 -0.0270989 -0.032737 -0.0287934 -0.0265424 -0.0275076 -0.0245091 -0.0139565 0.000809052 0.00973306 0.00806257 0.00641577 0.00991231 0.00968737 0.00660303 0.00793712 
-0.00438091 -0.00429764 -0.0189451 -0.0384963 -0.0440806 -0.0279468 -0.00543413 0.00373395 -0.00273186 -0.0114389 -0.00995107 -0.00168427 0.00140098 -0.00114903 -0.00189569 -0.00267447 -0.0081671 -0.0126493 -0.0083316 0.000281006 0.00214924 -0.00332537 -0.00709288 -0.00575289 -0.00283712 0.00256669 0.0113597 0.0150931 0.00630636 -0.00861487 -0.0178117 -0.0206279 -0.0224431 -0.0219011 -0.0165607 -0.00658826 0.00614079 0.0137797 0.0109959 0.00385169 -0.004351 -0.0152852 -0.0207914 -0.0143191 
-0.00555934 -0.000711196 -0.0112865 -0.0305601 -0.0396473 -0.0285244 -0.00829208 0.0033721 0.00110522 -0.00562596 -0.00624543 -0.00162732 0.00166105 0.00290692 0.00424382 0.00235129 -0.00493575 -0.0105529 -0.00776013 -0.00151893 -2.36498e-05 -0.0015459 -0.000134794 0.00277108 0.00370672 0.00719556 0.0165832 0.0238315 0.0198521 0.00708925 -0.00563046 -0.0150813 -0.0211762 -0.02209 -0.0189867 -0.0127157 -0.00150388 0.00996177 0.0132003 0.00592664 -0.00909063 -0.024038 -0.0276823 -0.0184337 
-0.000381009 0.00533084 -0.00470572 -0.0231018 -0.0329261 -0.0269661 -0.0127514 -0.00318142 -0.00496247 -0.0113805 -0.0121092 -0.00655625 -2.20659e-05 0.00456085 0.00624626 0.00328702 -0.00347288 -0.00830065 -0.00743848 -0.00432069 -0.00286094 -0.000842062 0.00413171 0.0081135 0.00779533 0.00805328 0.0134248 0.0192579 0.0181992 0.00948652 -0.00228668 -0.0138285 -0.0229041 -0.0273939 -0.0283173 -0.0253019 -0.0147673 -0.000231704 0.00746936 0.00146289 -0.0151252 -0.0291485 -0.0283696 -0.0151584 
0.0015284 0.00774696 -0.00209351 -0.0193747 -0.0299814 -0.030198 -0.0238615 -0.0172841 -0.0169355 -0.0203481 -0.019248 -0.0125331 -0.00515541 -0.000288473 0.00150884 3.5477e-05 -0.00344854 -0.00584464 -0.00564416 -0.00419273 -0.00270745 6.54649e-05 0.00503375 0.00914727 0.00894837 0.00622367 0.00526433 0.0064737 0.00664703 0.00395748 -0.00123915 -0.00925288 -0.0194632 -0.0285089 -0.0331647 -0.0305719 -0.0188208 -0.00348366 0.00382195 -0.00430884 -0.0238656 -0.0384366 -0.0340934 -0.0160171 
-0.00150188 0.00534528 -0.00129155 -0.0151479 -0.0275496 -0.0363297 -0.0390736 -0.0341638 -0.0276581 -0.0237341 -0.019391 -0.0141316 -0.0107851 -0.00910363 -0.00736226 -0.00608079 -0.00571833 -0.00491578 -0.002798 -0.000162112 0.00143941 0.00210374 0.00389258 0.00699061 0.00826818 0.00560784 0.00146783 -0.000738457 -0.000820824 0.000313145 0.00156159 -0.000341039 -0.00811679 -0.0191358 -0.0263896 -0.0243005 -0.0130336 0.000408555 0.00555122 -0.00526531 -0.0283804 -0.0448139 -0.0392083 -0.0193222 
-0.00554955 -0.00112412 -0.00427049 -0.0133535 -0.0268106 -0.0426052 -0.0520489 -0.0472507 -0.0339347 -0.0222192 -0.014648 -0.0113237 -0.0122083 -0.0135486 -0.0121058 -0.00954071 -0.00784419 -0.00548838 -0.000614498 0.00504733 0.00720967 0.00492308 0.00273649 0.00455992 0.00818037 0.00874325 0.00596582 0.00278245 0.00050403 0.000116786 0.00240597 0.00510985 0.00337538 -0.00432065 -0.011864 -0.0126414 -0.00718356 -0.000405119 0.00129386 -0.00942751 -0.0307011 -0.0443533 -0.0369337 -0.0187386 
-0.0071306 -0.00860006 -0.0116042 -0.0178974 -0.0308574 -0.0480394 -0.0585879 -0.0532989 -0.0372889 -0.0219959 -0.0121615 -0.00826338 -0.00911623 -0.0100406 -0.00801535 -0.00578564 -0.00580183 -0.0050637 0.000198073 0.00754234 0.0102803 0.00670428 0.00282501 0.00449224 0.00996927 0.013318 0.0126944 0.00936981 0.00411134 -0.00055826 -0.000983195 0.00357402 0.00821016 0.00691979 0.00176131 -0.00173876 -0.00389392 -0.0066694 -0.0113949 -0.0221766 -0.0372713 -0.0425178 -0.0300885 -0.0134259 
-0.00401271 -0.0114595 -0.0169503 -0.0229691 -0.0340362 -0.0471846 -0.0539452 -0.0491381 -0.0369486 -0.0240734 -0.0133594 -0.00695168 -0.00521537 -0.00377972 -0.000254292 0.00152714 -0.000928499 -0.00329364 -0.000500416 0.00554877 0.00852351 0.00645456 0.00416016 0.00665886 0.0122458 0.0156135 0.0152084 0.0113549 0.00410857 -0.00314588 -0.00505489 0.000649224 0.009219 0.0123602 0.00932464 0.00490497 -0.00093495 -0.00992592 -0.0215113 -0.03495 -0.045015 -0.0412383 -0.0223591 -0.00520052 
0.00757233 -0.00365482 -0.0127631 -0.0197613 -0.027977 -0.0350095 -0.037099 -0.0350991 -0.0313433 -0.0245344 -0.0143659 -0.00600426 -0.00241641 0.000526831 0.00480594 0.00575466 0.0012794 -0.00344496 -0.00328559 0.000928851 0.00491169 0.00634665 0.00696525 0.00951798 0.013013 0.0144779 0.013343 0.00913303 0.00143405 -0.00592024 -0.00696751 0.000467966 0.010598 0.0139532 0.00967385 0.00451952 2.23612e-05 -0.00781985 -0.0212882 -0.0369521 -0.0445483 -0.0347652 -0.0110561 0.00784809 
0.0293271 0.0168075 0.00227948 -0.00727421 -0.0129768 -0.0153962 -0.0155735 -0.0178245 -0.0217395 -0.0203435 -0.0116804 -0.00292255 0.0012088 0.00442578 0.00828327 0.00741877 0.00042605 -0.00640904 -0.00771486 -0.00316492 0.00405212 0.00995971 0.012733 0.0130957 0.0120058 0.0102807 0.00870768 0.00575068 -0.000352418 -0.00679384 -0.0075839 -0.000114822 0.00923499 0.0102693 0.00287114 -0.00284536 -0.00242964 -0.00266677 -0.0116568 -0.0270057 -0.0345346 -0.0232417 0.0027107 0.0255982 
0.0551328 0.0424757 0.0200255 0.00630894 0.00240315 0.00239829 0.0016073 -0.00326007 -0.00912008 -0.00873013 -0.000784738 0.00699875 0.00892478 0.00974837 0.0126231 0.0108479 0.00171453 -0.00794392 -0.0111369 -0.00510416 0.00703691 0.0178537 0.0216717 0.0179837 0.0105077 0.0042682 0.0020789 0.00204777 9.69434e-05 -0.00426015 -0.00639425 -0.00244324 0.00325 0.0019088 -0.00631589 -0.00990136 -0.00240348 0.00696192 0.00434983 -0.0105401 -0.0215237 -0.0143353 0.0111635 0.041633 
0.0755567 0.0603052 0.0282771 0.0104666 0.00856596 0.0103153 0.00885289 0.00523241 0.00551638 0.0130188 0.0240727 0.0284599 0.0206029 0.0116675 0.0116996 0.0124827 0.0056561 -0.00506204 -0.0110997 -0.00534937 0.0103054 0.0250019 0.0293335 0.0222679 0.00987127 -0.000157577 -0.00308991 -0.000143724 0.00280875 0.00185139 -0.00105089 -0.00178808 -0.000893652 -0.00326895 -0.00913528 -0.00886406 0.00370254 0.0184072 0.019253 0.00452055 -0.00996805 -0.0086683 0.0146627 0.0528152 
0.0865493 0.0661181 0.0252903 0.00276933 0.00119391 0.00420987 0.00339345 0.00477908 0.018769 0.0428378 0.06136 0.0573438 0.0293124 0.00196339 -0.00338758 0.00395718 0.0060954 -0.000991217 -0.00868821 -0.00543052 0.00946509 0.0243862 0.0285354 0.0211646 0.00881328 -0.00113999 -0.00349581 0.000978869 0.00606178 0.00754107 0.0056284 0.00253909 0.000212073 -0.0018322 -0.00417054 -0.00166214 0.009187 0.0203062 0.0200349 0.00824613 -0.00236555 -0.000285408 0.0220871 0.0620926 
0.0852613 0.0642593 0.0208783 -0.0079458 -0.014522 -0.0129401 -0.0127157 -0.00496591 0.0251916 0.0693225 0.0955403 0.0786398 0.0267543 -0.0189309 -0.0281624 -0.0126961 0.000188643 -0.000559306 -0.00662275 -0.00532218 0.00482411 0.0149157 0.0172176 0.0119467 0.00371927 -0.00258882 -0.00304394 0.000657434 0.00365384 0.00543149 0.00601728 0.00370548 -2.54485e-05 -0.00148922 0.00046684 0.0053878 0.0108748 0.012026 0.00661983 -6.52535e-05 0.000814963 0.0117471 0.0336506 0.0660595 
0.0692121 0.0552632 0.0210513 -0.00927342 -0.0242433 -0.0305273 -0.0342719 -0.0246928 0.0148218 0.071187 0.100549 0.0738994 0.0102074 -0.0391801 -0.0444163 -0.022714 -0.0053334 -0.00265649 -0.00513319 -0.00406316 -0.000437797 0.00217199 0.00213345 -0.000426295 -0.00435534 -0.00690017 -0.00628529 -0.00624305 -0.00834815 -0.00743335 -0.00360209 -0.00248001 -0.00469894 -0.00498012 0.000701872 0.00963015 0.0138637 0.00754956 -0.00480774 -0.00871028 0.0048852 0.027 0.0451736 0.0602708 
0.0532527 0.0466352 0.0304749 0.0101562 -0.0106648 -0.0330916 -0.0522162 -0.052344 -0.0182761 0.0348003 0.0616522 0.0360865 -0.01751 -0.050051 -0.0416972 -0.0166306 -0.00322638 -0.00310452 -0.00402853 -0.00379315 -0.00647676 -0.00950563 -0.00965574 -0.00945969 -0.010826 -0.0110573 -0.0106615 -0.0156636 -0.0237816 -0.0252003 -0.0200517 -0.0141784 -0.00931681 -0.00510278 0.000237011 0.00875312 0.0166325 0.0129171 -0.00164119 -0.00401636 0.0200722 0.0515275 0.0636795 0.0583379 
0.0657654 0.0618127 0.0619103 0.0576275 0.0347561 -0.00763471 -0.0501446 -0.0704817 -0.0561968 -0.0200896 0.00111102 -0.0137147 -0.0436666 -0.0510742 -0.028271 -0.0036703 0.00146516 -0.00411273 -0.00638463 -0.00806613 -0.014304 -0.0187152 -0.0171313 -0.0152001 -0.0154237 -0.0139109 -0.0132045 -0.0209345 -0.0329256 -0.0380815 -0.0353531 -0.0259333 -0.0102908 0.00173638 0.00149669 -0.000266565 0.0103512 0.0207891 0.0174643 0.0205795 0.0480036 0.0803021 0.0898303 0.0779549 
0.123124 0.116972 0.120874 0.126165 0.103185 0.0468639 -0.0160585 -0.0607433 -0.0742711 -0.0600522 -0.0426343 -0.0421039 -0.048915 -0.0396896 -0.0139002 0.00318024 -0.000570854 -0.010342 -0.0135304 -0.0153181 -0.0205979 -0.0232194 -0.0205139 -0.0183418 -0.0174575 -0.0137759 -0.0111641 -0.0172363 -0.0291195 -0.0379686 -0.0397094 -0.0282838 -0.00245368 0.0171297 0.00888916 -0.0091158 -0.000636629 0.027478 0.0450318 0.0552935 0.0737127 0.0966182 0.115781 0.125623 
0.212789 0.201388 0.196713 0.199318 0.175784 0.117328 0.0440158 -0.0250838 -0.0690455 -0.0745465 -0.0570703 -0.0409922 -0.030398 -0.0157603 0.001192 0.00463722 -0.00771569 -0.018722 -0.0196472 -0.0186029 -0.021047 -0.0222083 -0.019845 -0.0175161 -0.014436 -0.00795466 -0.00208206 -0.00339875 -0.012587 -0.0239697 -0.0290068 -0.0157927 0.0163833 0.0399252 0.0266877 -0.0017896 0.00186517 0.036722 0.065352 0.0757226 0.0803541 0.0983383 0.144292 0.195591 
