0.0931864 0.0732146 0.0826261 0.11688 0.131949 0.105341 0.0549434 0.0135889 0.00458388 0.0224437 0.0430319 0.0470381 0.0264869 -0.0120873 -0.0488626 -0.0650214 -0.0576161 -0.0408486 -0.0295061 -0.0250676 -0.0213618 -0.0134854 -0.000256605 0.0144283 0.0233819 0.0223852 0.0155776 0.0113955 0.0124933 0.0206585 0.0409183 0.0626898 0.0657479 0.0543504 0.0509344 0.0621868 0.0781567 0.0936662 0.107466 0.110112 
0.0934259 0.0559886 0.0624215 0.108429 0.141608 0.129893 0.0835694 0.0344794 0.01375 0.0262766 0.049645 0.0562297 0.0306821 -0.0177255 -0.0610178 -0.0775694 -0.0669348 -0.0453935 -0.0296215 -0.0233541 -0.0196724 -0.0105549 0.00543647 0.0206257 0.024996 0.0167632 0.00510598 0.000935531 0.00633323 0.0201795 0.0435405 0.0665291 0.0730475 0.065909 0.0624337 0.069691 0.0840085 0.105206 0.127317 0.127526 
0.0813408 0.0376698 0.0429692 0.0923795 0.136236 0.141694 0.110314 0.0637183 0.032518 0.0341266 0.056459 0.0669249 0.0397203 -0.0162793 -0.0655386 -0.0834088 -0.0718319 -0.0479145 -0.0284646 -0.0192437 -0.0143789 -0.0053433 0.0091363 0.0209001 0.020501 0.00814678 -0.00439596 -0.0053307 0.00530349 0.0224747 0.0445605 0.0645039 0.0718956 0.0690917 0.0673977 0.0711249 0.0809389 0.102457 0.127233 0.124215 
0.0590552 0.0253467 0.0341319 0.0807216 0.126784 0.14358 0.125544 0.0845927 0.047182 0.0369265 0.052611 0.0654991 0.0443576 -0.00861551 -0.0590505 -0.0798803 -0.0711651 -0.0485819 -0.0280031 -0.0158368 -0.00817685 0.000789809 0.0109837 0.0167207 0.0126816 0.000834505 -0.00767725 -0.00307559 0.0112234 0.0274296 0.0436251 0.055665 0.058216 0.0564427 0.0594875 0.0660783 0.0731961 0.0877484 0.104376 0.0969936 
0.0346726 0.0234897 0.0452707 0.0927401 0.138279 0.156418 0.137205 0.0914746 0.0466817 0.0256508 0.0304317 0.0415277 0.0313867 -0.00681458 -0.0498154 -0.0718337 -0.0673613 -0.0478752 -0.0278542 -0.0135924 -0.00294833 0.00650735 0.0131459 0.0141516 0.00888135 0.000890976 -0.00145456 0.00718478 0.0203837 0.0298228 0.0345615 0.0328756 0.024836 0.0218026 0.0342025 0.0538042 0.0664861 0.0731188 0.0741356 0.0597827 
0.0180278 0.0319904 0.0745269 0.129218 0.1724 0.182065 0.149754 0.0917806 0.0389087 0.00897064 0.00151233 0.00614883 0.00421906 -0.0164375 -0.0460755 -0.0647955 -0.0626185 -0.0456459 -0.0266103 -0.0118551 -0.00022002 0.00935721 0.0149356 0.0151773 0.0119232 0.00926813 0.0119127 0.0209824 0.0297029 0.0305959 0.0221288 0.00409334 -0.0172089 -0.0235188 -0.00221874 0.0338525 0.0598302 0.0661623 0.0547713 0.0321928 
0.0081203 0.0403619 0.102034 0.163139 0.198528 0.194137 0.151152 0.0898436 0.0361325 0.000788373 -0.0169716 -0.0202578 -0.0203624 -0.0298447 -0.0471089 -0.0593255 -0.0563106 -0.0407626 -0.0236392 -0.0107588 -0.000414282 0.00913316 0.0161413 0.0191004 0.0201586 0.0225953 0.0275184 0.0338447 0.0375432 0.0332606 0.0171931 -0.0113587 -0.0420811 -0.0537354 -0.0327497 0.0098697 0.0472937 0.0609104 0.0465582 0.0177951 
-0.00162776 0.0353536 0.10393 0.16468 0.189577 0.173504 0.130043 0.0789794 0.0333973 -0.00252066 -0.0252676 -0.0327446 -0.0333872 -0.038226 -0.0475048 -0.0529342 -0.0472438 -0.0330942 -0.0199268 -0.0113534 -0.00325483 0.00738895 0.0177372 0.0243682 0.0289601 0.0341727 0.0388588 0.0409364 0.0394862 0.0329461 0.017131 -0.0104509 -0.0404587 -0.0550728 -0.0427839 -0.00801624 0.0301623 0.0504505 0.0399927 0.0094535 
-0.00560639 0.0231543 0.0821963 0.134008 0.15055 0.13022 0.0927629 0.0555575 0.020663 -0.0114576 -0.0325292 -0.0382011 -0.0372613 -0.0395612 -0.0442379 -0.0444497 -0.0360395 -0.0234503 -0.0152021 -0.0122203 -0.00721646 0.00445435 0.0180095 0.0268406 0.0319976 0.0367995 0.0395656 0.03731 0.0305454 0.0221125 0.0110411 -0.00617667 -0.0253013 -0.0368102 -0.0344335 -0.0161736 0.0117993 0.0336135 0.0315578 0.00729406 
0.00642256 0.0219623 0.0594539 0.0935486 0.102308 0.0830413 0.0523407 0.0246991 -0.00131594 -0.0259839 -0.0399755 -0.0400752 -0.03605 -0.0364893 -0.0387374 -0.0356595 -0.0250155 -0.0130411 -0.00801622 -0.00947125 -0.00821241 0.0019044 0.0153359 0.0236242 0.0276665 0.031278 0.0317695 0.0249815 0.012718 0.00204294 -0.00363065 -0.00758591 -0.0115548 -0.0156058 -0.0203034 -0.0200358 -0.00775632 0.0120223 0.0227046 0.0150007 
0.0256708 0.0284727 0.0413472 0.0541804 0.0549441 0.0394166 0.0156748 -0.00545729 -0.0233977 -0.0380473 -0.0430441 -0.0377717 -0.03154 -0.0310981 -0.0324085 -0.0277834 -0.0159781 -0.00419626 -0.000137324 -0.00285231 -0.00370692 0.00295355 0.012241 0.0173729 0.0203851 0.0241678 0.0234231 0.0127781 -0.00394117 -0.0165706 -0.0191019 -0.0138616 -0.00582326 -0.00197511 -0.00946677 -0.0231042 -0.0265202 -0.0109106 0.0130359 0.025948 
0.0318911 0.0250613 0.0196312 0.0168789 0.0127621 0.00300792 -0.0119142 -0.0254216 -0.0347629 -0.0403725 -0.0398863 -0.0332777 -0.0267599 -0.0252262 -0.0251516 -0.0198235 -0.00884432 0.00115009 0.00472996 0.0036335 0.00397504 0.00826338 0.0121913 0.0129134 0.0146185 0.0188717 0.0182395 0.0068205 -0.010685 -0.0240511 -0.0273877 -0.0214361 -0.00995941 -0.00161716 -0.00810134 -0.028467 -0.0435585 -0.0338367 -0.00204408 0.0259147 
0.0159671 0.00662335 -0.00455332 -0.0118094 -0.0159985 -0.019989 -0.0259432 -0.0307829 -0.0327246 -0.034117 -0.0347151 -0.0320121 -0.0272002 -0.0234604 -0.0198346 -0.0129191 -0.00356465 0.00345068 0.0061465 0.00741226 0.0105662 0.0143726 0.0144498 0.0112357 0.0106662 0.0138284 0.0136145 0.00494712 -0.00876416 -0.0207209 -0.0270933 -0.0267356 -0.0195593 -0.0116438 -0.0157599 -0.036077 -0.0568292 -0.0546101 -0.0250474 0.00683069 
-0.0136882 -0.0190046 -0.0249946 -0.0275975 -0.0287419 -0.0294391 -0.0297296 -0.0281414 -0.0258579 -0.0270011 -0.0313926 -0.0341257 -0.0323954 -0.0270898 -0.0192862 -0.00962927 -0.00063361 0.00462851 0.00670196 0.00902561 0.0133521 0.0169121 0.0154722 0.0102196 0.00672175 0.00641104 0.00520796 0.000444622 -0.0066808 -0.0144584 -0.0217921 -0.0261822 -0.0245914 -0.0196266 -0.0216071 -0.0374607 -0.0582695 -0.0643464 -0.0469563 -0.0226985 
-0.0379814 -0.0395094 -0.0384511 -0.0344822 -0.0321632 -0.0315675 -0.0298323 -0.0257387 -0.0220307 -0.0224497 -0.0266681 -0.0311068 -0.0325273 -0.0286866 -0.0195573 -0.00823485 0.00105611 0.00603977 0.00796859 0.00955892 0.0122119 0.0145404 0.0135379 0.00880011 0.00295548 -0.00211843 -0.0061228 -0.00852797 -0.00963477 -0.0119588 -0.0168774 -0.0218018 -0.023202 -0.0212345 -0.0215015 -0.0304046 -0.0460956 -0.0570576 -0.0538828 -0.0428543 
-0.0449468 -0.0473302 -0.0446452 -0.037592 -0.0322243 -0.0300547 -0.0283627 -0.0254422 -0.0219161 -0.0189322 -0.0173754 -0.0184818 -0.021557 -0.0215973 -0.0150525 -0.00496723 0.00335083 0.00784096 0.00944872 0.00942018 0.00911341 0.0095752 0.00965054 0.00693591 0.000542586 -0.0076257 -0.0141735 -0.0164743 -0.0150023 -0.013811 -0.0157725 -0.019628 -0.0230278 -0.0242214 -0.0233764 -0.0244209 -0.0310057 -0.0402645 -0.0448599 -0.0441168 
-0.0382299 -0.0439006 -0.0438824 -0.0363192 -0.0277103 -0.0238097 -0.0245644 -0.0259914 -0.0237414 -0.0165522 -0.00788649 -0.00372401 -0.00602519 -0.00888064 -0.00617724 0.000550821 0.00641838 0.00966733 0.0106013 0.00914122 0.00651672 0.00516024 0.0051766 0.00360637 -0.00185922 -0.00951102 -0.0157011 -0.0181698 -0.0171618 -0.0156894 -0.0164789 -0.0201299 -0.0259249 -0.0302344 -0.02887 -0.0237555 -0.0219357 -0.026183 -0.0313045 -0.0340143 
-0.0272225 -0.0339232 -0.0356467 -0.0273984 -0.015844 -0.0116451 -0.0171278 -0.0242884 -0.0239554 -0.0146799 -0.00260533 0.00458506 0.00446732 0.00200111 0.00252504 0.00560874 0.00854544 0.0105501 0.0110431 0.00893488 0.00523253 0.00226728 0.000464512 -0.00208099 -0.00664591 -0.0113388 -0.0138662 -0.0143376 -0.0139809 -0.0141401 -0.0157287 -0.0198539 -0.0266208 -0.0315891 -0.029539 -0.0221581 -0.01721 -0.0186169 -0.0218148 -0.023428 
-0.0197608 -0.0234968 -0.0238793 -0.0146053 -0.00164435 0.00182068 -0.00742081 -0.0179747 -0.0183183 -0.0090131 0.00161946 0.00723791 0.00773331 0.00701922 0.00727674 0.00767438 0.00800984 0.00900819 0.00950211 0.00765779 0.00400991 0.00013381 -0.00355845 -0.00777563 -0.0123693 -0.0145258 -0.0124485 -0.00884268 -0.00755176 -0.00958116 -0.0133943 -0.0179816 -0.0225096 -0.0240229 -0.0204833 -0.0145709 -0.0123102 -0.015623 -0.0190151 -0.0190518 
-0.0171278 -0.0167442 -0.0148944 -0.0053651 0.00674276 0.00877073 -0.00132989 -0.0106139 -0.00818322 0.00191902 0.00921692 0.00999443 0.00823483 0.0079403 0.00820154 0.00679709 0.00481706 0.00447326 0.00493919 0.00388288 0.00109487 -0.00222239 -0.00549013 -0.00949919 -0.0142268 -0.0157467 -0.0109988 -0.00368709 -0.000254735 -0.00303363 -0.00914073 -0.0139867 -0.014368 -0.0103051 -0.00509525 -0.00269418 -0.0063958 -0.0149452 -0.0208752 -0.020066 
-0.0106567 -0.00915742 -0.00767266 0.000213943 0.00917012 0.00831779 -0.00160836 -0.00731213 -0.000221847 0.0122181 0.0177866 0.0149377 0.01096 0.00991285 0.0089514 0.00528047 0.000811442 -0.00124521 -0.001321 -0.0021454 -0.00408017 -0.00540445 -0.00556371 -0.00672751 -0.0103431 -0.0122199 -0.00776379 0.00038215 0.0056194 0.00423793 -0.00191853 -0.00648914 -0.00403236 0.003561 0.00917688 0.00805829 -0.00056049 -0.0123814 -0.0187206 -0.0160225 
0.00761049 0.00491016 0.000907517 0.00415634 0.00954547 0.0066944 -0.0031411 -0.00748432 0.00106058 0.0145299 0.0207057 0.0186286 0.0156594 0.014307 0.0109324 0.00431895 -0.00199337 -0.00501716 -0.00634474 -0.00870912 -0.0107133 -0.00953577 -0.00591368 -0.00387937 -0.00570133 -0.00763057 -0.00505098 0.00118441 0.00709117 0.00913951 0.00636523 0.00302864 0.00522809 0.0121039 0.0162653 0.0130554 0.00410386 -0.0040331 -0.00447706 0.00237233 
0.0334843 0.0210863 0.00677514 0.00336737 0.00790938 0.00765091 -0.000872605 -0.00707543 -0.00192532 0.00955447 0.0169506 0.0184071 0.0183878 0.0170398 0.0113742 0.00298428 -0.00319436 -0.00593006 -0.00916465 -0.0147228 -0.0178018 -0.0147664 -0.00912299 -0.00633011 -0.00732206 -0.00841549 -0.00666993 -0.00220063 0.0039406 0.00966368 0.0119087 0.0108312 0.0112454 0.0148982 0.0166355 0.0130736 0.0086272 0.0108176 0.0212581 0.0324864 
0.0557131 0.0321008 0.00774915 -0.00133914 0.00435913 0.00945126 0.00415388 -0.00335957 -0.00205887 0.00630799 0.0136762 0.0171415 0.0180109 0.0155969 0.00887456 0.000917351 -0.0039908 -0.00665975 -0.0122096 -0.0207034 -0.0245739 -0.0206116 -0.0151665 -0.0139117 -0.0150098 -0.0140712 -0.0102779 -0.00493238 0.00148901 0.00858347 0.0143585 0.016394 0.0163948 0.0171149 0.0164953 0.0139349 0.0160441 0.0292986 0.0493702 0.0621421 
0.067762 0.0400084 0.0124083 -0.000867113 0.00184352 0.00842595 0.00744424 0.00326474 0.00479026 0.010944 0.016091 0.0176545 0.0158033 0.0112632 0.00489295 -0.00139863 -0.0058227 -0.0101514 -0.0181709 -0.0276203 -0.0303695 -0.0251205 -0.0198548 -0.0195748 -0.0202781 -0.0162175 -0.00755432 0.0015586 0.00813343 0.0132766 0.0192345 0.0236184 0.0240743 0.0222894 0.0196111 0.018296 0.0243489 0.0422523 0.0657441 0.0782222 
0.0721678 0.051726 0.0279376 0.009273 0.00140945 0.00297068 0.00639585 0.0100434 0.0154865 0.0200213 0.0213279 0.018893 0.0128773 0.00577751 5.88566e-05 -0.00422508 -0.00844562 -0.0151134 -0.0254504 -0.0344189 -0.0344845 -0.0267293 -0.0197374 -0.0180534 -0.0168363 -0.00864341 0.00620438 0.0199764 0.0262458 0.0272317 0.0293465 0.0317785 0.0304052 0.0264205 0.02308 0.0224182 0.0273712 0.0421342 0.0637379 0.0776109 
0.0769217 0.069677 0.0505307 0.0237931 0.00229261 -0.00339062 0.00334367 0.0141481 0.0226755 0.0251819 0.0235614 0.0193807 0.0109103 0.000679919 -0.00561883 -0.00738711 -0.00955165 -0.016916 -0.0288447 -0.0376514 -0.0359701 -0.0261881 -0.0169754 -0.0128343 -0.00847142 0.00458404 0.0246492 0.040847 0.0455706 0.041691 0.0366655 0.0321058 0.027095 0.0240437 0.0240326 0.0249443 0.0270827 0.0361761 0.0540591 0.0710667 
0.087173 0.0913989 0.0733391 0.0372718 0.00437511 -0.00713967 -0.00035079 0.0113577 0.0192351 0.0213067 0.0213497 0.0199532 0.0116016 -0.00211714 -0.0106212 -0.0102996 -0.00923939 -0.0151412 -0.0267998 -0.0358126 -0.0349871 -0.0258986 -0.0161013 -0.00999208 -0.00238221 0.0144214 0.0364107 0.0513702 0.053035 0.0449035 0.0336801 0.023035 0.0164238 0.017611 0.023997 0.0291051 0.0315296 0.0369553 0.0505998 0.0699671 
0.0965601 0.107872 0.0895061 0.0472473 0.0077314 -0.00780117 -0.00480125 0.00106734 0.00596993 0.0123961 0.0199905 0.0232614 0.0148024 -0.00227174 -0.0137307 -0.0138038 -0.0114291 -0.0147311 -0.0231744 -0.0313446 -0.033448 -0.0279877 -0.0190497 -0.0106706 2.3178e-05 0.0179418 0.0384499 0.0504322 0.0485214 0.0370763 0.0244017 0.0148449 0.0105859 0.0141956 0.023252 0.0324629 0.0390783 0.0439462 0.0529181 0.0720091 
0.0912247 0.106993 0.0930638 0.0539181 0.0155188 -0.000896731 -0.00255356 -0.00528008 -0.00478728 0.00752484 0.0238713 0.0293201 0.017731 -0.00232586 -0.0157561 -0.0180395 -0.0166363 -0.017061 -0.0204205 -0.0266103 -0.0318181 -0.0307171 -0.0226974 -0.011209 0.00237152 0.0193073 0.0369118 0.0467164 0.0418959 0.0270062 0.0152177 0.0115702 0.0114688 0.0125535 0.0160967 0.0249359 0.0372551 0.0451543 0.050249 0.0653346 
0.0718983 0.0916919 0.08958 0.0641419 0.0341688 0.0192318 0.0139074 0.00379649 -0.00198972 0.0104527 0.0298285 0.0339938 0.0179711 -0.00420008 -0.0180318 -0.0218102 -0.0210438 -0.0186697 -0.0177541 -0.0218123 -0.0278832 -0.0287433 -0.0209525 -0.00702257 0.0082705 0.0228683 0.036369 0.0437905 0.0370375 0.0197496 0.00901944 0.010487 0.012862 0.00880982 0.00342456 0.00830471 0.0246326 0.0374446 0.040938 0.0497408 
0.0582364 0.0794396 0.0906283 0.083323 0.0634023 0.0466024 0.0348266 0.0193845 0.0088498 0.0168231 0.0333892 0.0357388 0.0177396 -0.00624143 -0.0220028 -0.0272981 -0.0255212 -0.0201035 -0.0164042 -0.0180525 -0.021752 -0.0214933 -0.0137776 0.000550427 0.0160113 0.0276907 0.0355185 0.0387593 0.0314808 0.0163404 0.00993477 0.0156519 0.0180087 0.00987473 0.0005089 0.00357987 0.0202942 0.0349443 0.0382612 0.0421141 
0.0635848 0.0787563 0.0960088 0.104362 0.0927076 0.0680823 0.0429746 0.0219781 0.0129268 0.021083 0.0356358 0.037903 0.0204971 -0.00656458 -0.0285284 -0.037612 -0.0342627 -0.025422 -0.0194165 -0.0181742 -0.0179154 -0.0152184 -0.00764131 0.00560445 0.0200706 0.029071 0.0316443 0.0309331 0.0253057 0.0172396 0.0197415 0.0307958 0.0319713 0.0213872 0.0145053 0.0210172 0.0364186 0.0486893 0.0522844 0.0545953 
0.0805633 0.0807139 0.0952552 0.116233 0.114797 0.0837727 0.0425428 0.0128042 0.00754657 0.0220733 0.0387554 0.0417517 0.0242936 -0.00738914 -0.03732 -0.0510495 -0.0461713 -0.0337636 -0.0255095 -0.0221739 -0.0191075 -0.0137089 -0.00446916 0.00858661 0.0209462 0.0262947 0.0245921 0.021722 0.019244 0.0198409 0.032507 0.049591 0.0504654 0.0382859 0.0345584 0.0456557 0.0610134 0.0722902 0.0788521 0.0818145 
