0.365247 0.325154 0.231198 0.128895 0.0621335 0.0409108 0.0444854 0.0461808 0.0344691 0.0130471 -0.0123773 -0.0379484 -0.0561588 -0.0586634 -0.0467219 -0.0313607 -0.0212943 -0.0159576 -0.0108787 -0.00486595 -0.00014879 0.00155294 0.000209794 -0.00383526 -0.00954751 -0.0149703 -0.0188881 -0.0208078 -0.0199926 -0.0165299 -0.0101586 0.00261327 0.0234027 0.0438431 0.0524787 0.0519071 0.0598189 0.0905868 0.143653 0.210289 0.281439 0.342327 
0.36774 0.326914 0.225714 0.117181 0.0501011 0.0316819 0.0369883 0.0397919 0.0321633 0.018969 0.00181377 -0.0204596 -0.0404808 -0.0465093 -0.0377072 -0.0248063 -0.01604 -0.0106067 -0.00512603 0.000503793 0.00470216 0.00728164 0.00817704 0.00562696 -0.0010449 -0.00934825 -0.0168806 -0.0231768 -0.0272737 -0.0274404 -0.0226602 -0.0115172 0.00659621 0.0265648 0.0400213 0.0467469 0.0584229 0.08753 0.136562 0.200365 0.272532 0.339027 
0.318364 0.280514 0.185436 0.0877699 0.0335409 0.0248508 0.0352927 0.0412093 0.0373015 0.029272 0.0178015 -0.000203575 -0.018888 -0.027023 -0.0230943 -0.0155275 -0.00989773 -0.00504568 0.000235702 0.00425336 0.00611852 0.00753498 0.00899999 0.00754589 0.00120899 -0.00761873 -0.0159775 -0.0230481 -0.0274908 -0.0274372 -0.0234467 -0.016543 -0.00524392 0.0104314 0.0253979 0.0358423 0.0467367 0.068071 0.105336 0.158105 0.223526 0.288303 
0.247743 0.21823 0.140941 0.0649267 0.0286831 0.0305299 0.045453 0.0525158 0.047494 0.0373041 0.0253859 0.00998142 -0.0055588 -0.013584 -0.0128435 -0.0086968 -0.00434416 0.000541737 0.00475411 0.00561718 0.00358375 0.00236461 0.0033176 0.00309762 -0.00105838 -0.00750267 -0.0136231 -0.0182583 -0.0196511 -0.0167893 -0.0125466 -0.00982991 -0.00630335 0.00165403 0.0123413 0.0216537 0.0306308 0.0452708 0.0704599 0.10897 0.162058 0.218919 
0.183019 0.164709 0.110365 0.0579025 0.0371949 0.0460306 0.0620897 0.0657468 0.0534843 0.0350416 0.0187958 0.00528526 -0.00570238 -0.0112787 -0.0102435 -0.00514236 0.00111573 0.00647027 0.00842118 0.00553588 0.0003115 -0.00251107 -0.00156873 -0.000235035 -0.00126734 -0.00380112 -0.00657111 -0.00903495 -0.00914313 -0.00561863 -0.00147231 -0.000429646 -0.00180685 -0.002377 -0.000550975 0.00415135 0.0129916 0.0267953 0.0456331 0.0725481 0.112097 0.157403 
0.130307 0.121118 0.0881087 0.0563226 0.0470889 0.0591255 0.0729022 0.0699252 0.0487123 0.0227495 0.00428378 -0.00548737 -0.0109076 -0.0131919 -0.0104162 -0.00283435 0.0055515 0.0102413 0.00932255 0.00430505 -0.000732367 -0.00213277 -0.000141723 0.00199821 0.00274823 0.00295341 0.00215725 -0.000757989 -0.00379247 -0.00372031 -0.000835736 0.00125239 -0.000815829 -0.00736892 -0.0142593 -0.0146609 -0.00507613 0.0109603 0.0283614 0.0488123 0.0775886 0.110544 
0.0873661 0.0828277 0.0656819 0.0505783 0.0504751 0.0635991 0.0729051 0.0629942 0.0363496 0.00908616 -0.00636444 -0.0105803 -0.0111838 -0.0116493 -0.00908745 -0.00197601 0.00545923 0.00827947 0.00617876 0.00270166 0.00155891 0.00362011 0.00639375 0.00723333 0.006741 0.00665459 0.00552744 0.000643719 -0.00658544 -0.011063 -0.00978131 -0.00566186 -0.00544743 -0.0126973 -0.0226308 -0.0260033 -0.0188872 -0.00587926 0.00828344 0.02587 0.0497814 0.0741546 
0.0558276 0.0520572 0.0439771 0.0409014 0.0488638 0.0632178 0.0681851 0.0528991 0.0247746 0.000933988 -0.00901997 -0.00865312 -0.0070067 -0.00790143 -0.00802647 -0.00472757 -0.000616776 0.00110376 0.00111407 0.00230098 0.00610888 0.0107187 0.0125071 0.0101324 0.00631658 0.00392562 0.00160689 -0.00408858 -0.0128458 -0.0193584 -0.018899 -0.0132552 -0.00937807 -0.0116011 -0.0172496 -0.0210437 -0.0216324 -0.020603 -0.0153857 0.000272778 0.0251283 0.0471168 
0.0350267 0.0299682 0.0254324 0.0296509 0.0444894 0.0614518 0.0644052 0.0462329 0.0184116 -0.00179618 -0.0079459 -0.00600152 -0.00482285 -0.00742392 -0.0105359 -0.0109578 -0.00914903 -0.0064188 -0.0025232 0.00311534 0.00961599 0.0140734 0.0133966 0.0077879 0.00118993 -0.00293382 -0.00540268 -0.00973921 -0.0167852 -0.022305 -0.0215488 -0.0150953 -0.00771835 -0.00273198 -0.00083967 -0.0033998 -0.0124703 -0.0253436 -0.0309376 -0.0185113 0.00745045 0.0291159 
0.0186059 0.0125267 0.00949711 0.0176194 0.036636 0.0553415 0.0577416 0.0396456 0.0142635 -0.00253095 -0.00676911 -0.00530001 -0.00587226 -0.0103024 -0.0151617 -0.0168561 -0.0146897 -0.00973172 -0.00320681 0.0036602 0.00932738 0.0115971 0.0086957 0.00164099 -0.00572574 -0.0100871 -0.0117752 -0.0139504 -0.0180013 -0.0208285 -0.0186299 -0.0117253 -0.00301562 0.00572583 0.012433 0.0122704 0.00110812 -0.0173087 -0.0293955 -0.0228369 -0.00190703 0.0155885 
0.00414268 -0.00148997 -0.00302547 0.00660948 0.0255773 0.0419003 0.0423409 0.0263165 0.00654676 -0.00483992 -0.00640184 -0.00476284 -0.0062437 -0.0116374 -0.0170503 -0.0183411 -0.0146381 -0.00815118 -0.00172834 0.00299359 0.0055864 0.0055432 0.00209141 -0.00421146 -0.0107895 -0.0148822 -0.0161371 -0.0166898 -0.0177249 -0.0171369 -0.0127359 -0.0059078 0.000826344 0.00734893 0.013729 0.0167556 0.0117091 -0.00154944 -0.0143394 -0.0156825 -0.00567291 0.00387747 
-0.00306675 -0.00783162 -0.00927853 -0.00103598 0.0141063 0.024714 0.0216629 0.00798834 -0.00511171 -0.00988274 -0.00727629 -0.00360807 -0.00421609 -0.00931869 -0.0145972 -0.0154449 -0.0111136 -0.00491058 -0.000621763 0.000672742 0.000281683 -0.000754612 -0.00298854 -0.00714003 -0.0122724 -0.0161483 -0.0173806 -0.0165539 -0.0145456 -0.0106965 -0.00468562 0.00106748 0.00406478 0.00551529 0.00868159 0.0141972 0.0178146 0.0139085 0.00347616 -0.00482853 -0.00533057 -0.00230631 
-0.000296493 -0.00505633 -0.00886878 -0.00482603 0.00475547 0.00999018 0.00487662 -0.00619768 -0.0141091 -0.0139085 -0.00775503 -0.00194665 -0.00146568 -0.00603716 -0.0109655 -0.011758 -0.00810107 -0.00360543 -0.00186426 -0.00309983 -0.00491076 -0.00566542 -0.00618181 -0.00811888 -0.0115723 -0.0146988 -0.0153465 -0.0128554 -0.00821654 -0.00251548 0.00335238 0.00747998 0.00818161 0.00670117 0.00700714 0.0122248 0.0199631 0.0223928 0.015149 0.00418155 -0.00124429 -0.000293672 
0.00568291 0.000655768 -0.00575073 -0.0065248 -0.00250275 -0.000565942 -0.00459555 -0.0115607 -0.0154074 -0.0127632 -0.00569509 -2.44273e-06 -1.59031e-05 -0.00463212 -0.00897363 -0.00950448 -0.00680627 -0.00414561 -0.00409637 -0.00625581 -0.00826384 -0.00879541 -0.00870379 -0.00940363 -0.0110606 -0.0123932 -0.011548 -0.00763584 -0.00190895 0.0035861 0.00799015 0.0111348 0.0124581 0.011706 0.0106155 0.0126478 0.0184165 0.0222899 0.0183048 0.00911533 0.00364076 0.00482744 
0.00662436 0.00191079 -0.00524383 -0.00944542 -0.00995575 -0.00955744 -0.0102557 -0.0116627 -0.011655 -0.00850818 -0.00345922 -0.000373173 -0.00176258 -0.00578408 -0.00840423 -0.00782347 -0.00548899 -0.00390803 -0.00453815 -0.00683995 -0.00911373 -0.0104225 -0.0110169 -0.0112021 -0.0108467 -0.00966526 -0.00712559 -0.00292797 0.00185515 0.00566324 0.00854649 0.0117152 0.0149804 0.0162173 0.0145945 0.013025 0.0145895 0.0172198 0.0157295 0.00976903 0.00545026 0.00610369 
0.00173263 -0.00297817 -0.0100436 -0.0160589 -0.018921 -0.0180271 -0.0144773 -0.010641 -0.00796003 -0.00622495 -0.0052869 -0.0057814 -0.00762256 -0.00902883 -0.00827259 -0.00576082 -0.00330988 -0.00236693 -0.00349084 -0.00619695 -0.00919582 -0.0114343 -0.012357 -0.0114813 -0.00884583 -0.00535879 -0.00185805 0.00139684 0.00407038 0.00594126 0.00789208 0.0112393 0.0152947 0.0170103 0.0147303 0.0109647 0.00947671 0.0104537 0.0103208 0.00707801 0.00367987 0.0028113 
-0.00492124 -0.0107531 -0.0180044 -0.0241456 -0.0262865 -0.0226914 -0.0151753 -0.00828642 -0.00543108 -0.00686114 -0.0106505 -0.0141755 -0.0151708 -0.0127467 -0.00810401 -0.00376791 -0.00154308 -0.00171026 -0.00389835 -0.0073181 -0.0105275 -0.0121758 -0.0115644 -0.00854918 -0.00388857 0.000819118 0.0043248 0.00641485 0.00751519 0.00834125 0.00986054 0.0126506 0.0154288 0.0154201 0.0116272 0.00640541 0.00305174 0.00272945 0.00346174 0.00267147 0.000581503 -0.00158563 
-0.0105875 -0.017307 -0.0237649 -0.0277771 -0.0269115 -0.0202372 -0.0107645 -0.00383952 -0.00297125 -0.00787127 -0.015119 -0.0200598 -0.0195296 -0.0139428 -0.00687768 -0.0022065 -0.00136074 -0.00343164 -0.00700374 -0.0106612 -0.012668 -0.011822 -0.00823099 -0.00288371 0.00281825 0.00751087 0.0105932 0.0123481 0.0134514 0.0145 0.0158184 0.0172484 0.0175217 0.0148416 0.00906035 0.00224081 -0.00284599 -0.00439437 -0.00318295 -0.00198621 -0.00262347 -0.00544835 
-0.0149207 -0.020385 -0.0237365 -0.0238059 -0.0197859 -0.0120091 -0.00367924 0.000775714 -0.000929264 -0.00773066 -0.0157212 -0.0199363 -0.0176516 -0.0106162 -0.00369859 -0.000896483 -0.00257314 -0.00658444 -0.0108444 -0.0137202 -0.0135547 -0.00971038 -0.00336436 0.00350121 0.00932637 0.0134629 0.0161903 0.0182499 0.0202004 0.0220106 0.0231781 0.0231232 0.0211398 0.0165899 0.00967293 0.0016784 -0.00512448 -0.00840585 -0.00802991 -0.00650912 -0.00660332 -0.00959185 
-0.0177755 -0.0195682 -0.0182045 -0.0143169 -0.00873089 -0.00233739 0.0025026 0.00327784 -0.000408096 -0.00686708 -0.0129186 -0.014903 -0.0113461 -0.00479011 -0.000105663 -0.000307452 -0.00425483 -0.00894971 -0.0125488 -0.0139948 -0.0120088 -0.00630846 0.00146569 0.00897331 0.0147174 0.0184519 0.0208134 0.0227485 0.0248787 0.0269672 0.0280376 0.0271962 0.0242144 0.0193398 0.0126883 0.0044154 -0.00394553 -0.00968855 -0.0115938 -0.0113039 -0.011681 -0.0142387 
-0.0183788 -0.0152414 -0.00934239 -0.00325143 0.00175349 0.00530497 0.00606005 0.00323213 -0.00165799 -0.00636866 -0.00924781 -0.00902053 -0.00557597 -0.00114168 0.000744011 -0.00141964 -0.00555547 -0.00895976 -0.0109074 -0.0111204 -0.00841096 -0.00228824 0.00579191 0.013474 0.0191448 0.0224966 0.0241261 0.0250581 0.0262496 0.0278408 0.028842 0.0280343 0.0252357 0.0210519 0.0152541 0.00684633 -0.00335757 -0.0119758 -0.0161822 -0.0167155 -0.0168309 -0.0180817 
-0.0170709 -0.00935511 -0.000451845 0.0056138 0.0084055 0.00888106 0.00642051 0.00105654 -0.00441138 -0.00723314 -0.00729384 -0.00582464 -0.00370659 -0.00196058 -0.00208138 -0.00418447 -0.00629807 -0.00711586 -0.0072509 -0.00667581 -0.00377847 0.00230861 0.0102788 0.0176835 0.0227509 0.0252 0.0257149 0.025323 0.0251517 0.0257907 0.0264923 0.0258271 0.0234546 0.0199863 0.0147517 0.00579433 -0.00651037 -0.0176235 -0.0227944 -0.022424 -0.021036 -0.0203309 
-0.0164817 -0.00566464 0.00463081 0.0095659 0.00986417 0.007934 0.00375367 -0.00260292 -0.00804123 -0.00951355 -0.00783714 -0.0059559 -0.00519734 -0.00531379 -0.00617992 -0.00718016 -0.00693624 -0.00543333 -0.00401362 -0.00245641 0.00114665 0.00750487 0.0150187 0.0212426 0.024751 0.0257236 0.0250369 0.0235069 0.0221128 0.021696 0.021735 0.0206815 0.0181085 0.0147582 0.00989558 0.000993952 -0.0121106 -0.0242524 -0.0292958 -0.0275692 -0.0247239 -0.022429 
-0.0189342 -0.00653883 0.00444805 0.00876646 0.00764801 0.00455724 0.000197734 -0.00561342 -0.0103297 -0.0110234 -0.00882144 -0.00725173 -0.00745985 -0.00825836 -0.00890416 -0.00894515 -0.00752125 -0.0048329 -0.00201284 0.00121057 0.00619254 0.0127655 0.0189221 0.0228007 0.0240437 0.0234021 0.0215421 0.018852 0.0162696 0.0148326 0.0139488 0.0118537 0.00826936 0.00456344 0.000700133 -0.00590875 -0.0166703 -0.0276479 -0.0326833 -0.0314283 -0.0289371 -0.0262473 
-0.0231931 -0.0106171 0.000643882 0.00522019 0.00417427 0.00152002 -0.00138719 -0.00513575 -0.00825472 -0.00845664 -0.00694501 -0.00691719 -0.00862128 -0.00991726 -0.0100108 -0.00924734 -0.00731536 -0.00402338 0.000110751 0.00507903 0.0111321 0.0171214 0.021003 0.021998 0.0209986 0.0189293 0.0157096 0.0113537 0.00722233 0.00458543 0.00239836 -0.00137154 -0.00648574 -0.010546 -0.0124047 -0.0142881 -0.0193828 -0.0268259 -0.0319569 -0.0330494 -0.0326331 -0.030609 
-0.0265833 -0.0154549 -0.00490707 6.61853e-05 0.000216119 -0.000422622 -0.000395185 -0.000896273 -0.00166365 -0.00142535 -0.00153728 -0.00433615 -0.00860155 -0.0110087 -0.0106522 -0.00870019 -0.00565599 -0.00146968 0.00350401 0.00900213 0.0147129 0.0192669 0.0210169 0.0199687 0.0175206 0.0142365 0.00928177 0.00263435 -0.00369008 -0.00822636 -0.0124266 -0.0182749 -0.0248413 -0.0289622 -0.028523 -0.0249744 -0.0227318 -0.0244484 -0.0281904 -0.0313282 -0.0333342 -0.0327275 
-0.0290268 -0.0205239 -0.0116776 -0.00655469 -0.00442274 -0.00181344 0.00194496 0.0048399 0.0062077 0.00644048 0.00419868 -0.00161749 -0.00828807 -0.0116874 -0.010858 -0.00740392 -0.002658 0.00250245 0.00721609 0.0113207 0.0150933 0.017992 0.0188859 0.0175669 0.0147523 0.0104324 0.00366375 -0.0052752 -0.014129 -0.0214415 -0.028371 -0.0360891 -0.0431978 -0.0468006 -0.0445942 -0.0368688 -0.0279022 -0.0229207 -0.0233149 -0.0270162 -0.0312303 -0.0327896 
-0.0310129 -0.02558 -0.0191544 -0.014333 -0.00980514 -0.00307501 0.00475368 0.0103169 0.0123446 0.0112388 0.00666815 -0.000817209 -0.00776607 -0.0106528 -0.00914267 -0.0048541 0.000677412 0.00580234 0.00908119 0.0106529 0.0119213 0.013614 0.0149072 0.0145246 0.0118408 0.00657826 -0.00146065 -0.0115776 -0.0221829 -0.0323643 -0.0422503 -0.0512706 -0.0576668 -0.0597418 -0.05589 -0.0454629 -0.031862 -0.0215002 -0.0183404 -0.0217138 -0.0278571 -0.0319814 
-0.0292534 -0.0278316 -0.0249126 -0.0215623 -0.015471 -0.00492751 0.00670006 0.0139091 0.0148601 0.0112828 0.00522765 -0.00121131 -0.00541785 -0.00612289 -0.00424159 -0.000948734 0.00309396 0.00662184 0.00816848 0.00783043 0.00744243 0.00849743 0.0102277 0.0103381 0.00725049 0.000981933 -0.00748245 -0.0171256 -0.0277604 -0.0397203 -0.0521092 -0.0621203 -0.0671536 -0.0665246 -0.0597486 -0.0463687 -0.0297136 -0.0163501 -0.0106338 -0.0127879 -0.0198131 -0.0266002 
-0.0181583 -0.0227383 -0.0245428 -0.0243496 -0.0194234 -0.00800499 0.00519808 0.0126515 0.0119793 0.00690294 0.00207388 -0.000149083 0.000349123 0.00206668 0.00325815 0.00370182 0.00433084 0.00535691 0.00585778 0.00525559 0.00457237 0.00513711 0.00617035 0.00523278 0.000870122 -0.00626444 -0.0143498 -0.0223605 -0.0315603 -0.0437915 -0.0578044 -0.0689271 -0.0730332 -0.0691552 -0.0575557 -0.0393112 -0.0192737 -0.00371959 0.00486162 0.00621597 0.000375575 -0.00955444 
0.00470192 -0.00752395 -0.0147953 -0.0193936 -0.019393 -0.0120688 -0.00128167 0.00514254 0.00445714 0.00114214 0.000572238 0.0037638 0.0081743 0.0108722 0.0105046 0.00784056 0.0050373 0.00385551 0.00409838 0.00431385 0.00414983 0.00417961 0.00363506 0.000814835 -0.0047552 -0.0119027 -0.0187669 -0.0246921 -0.031926 -0.0434514 -0.0583621 -0.0711284 -0.0758106 -0.069637 -0.0528286 -0.0288387 -0.0049216 0.0134518 0.0269142 0.035379 0.0338945 0.0211794 
0.0342113 0.0154015 0.00259869 -0.00819163 -0.0160875 -0.0169365 -0.0117585 -0.0062862 -0.00372978 -0.0018691 0.00240975 0.00851318 0.013463 0.0153199 0.013867 0.00996843 0.00570668 0.00354203 0.00386062 0.00482535 0.0051849 0.00480663 0.00303212 -0.00077474 -0.00613723 -0.0119089 -0.0167207 -0.0203586 -0.0255933 -0.0360599 -0.0515288 -0.0666105 -0.073817 -0.0677298 -0.0480825 -0.0210171 0.00435886 0.0246464 0.0439276 0.0619526 0.0683313 0.0562631 
0.05784 0.0375259 0.0210081 0.00425361 -0.0116662 -0.0214192 -0.0226634 -0.0175042 -0.00975236 -0.00195711 0.00485131 0.00963886 0.0118942 0.0124561 0.0119559 0.0100097 0.00721146 0.00561664 0.00593798 0.00670591 0.00670987 0.00569496 0.00346194 0.000320108 -0.00306078 -0.00626326 -0.00844606 -0.00952925 -0.0125742 -0.0216241 -0.0370423 -0.0540848 -0.064473 -0.0605445 -0.0416569 -0.0161644 0.00645337 0.0256934 0.0478724 0.0722187 0.0857918 0.0786094 
0.0642383 0.0492911 0.0337043 0.0149473 -0.00488524 -0.0205703 -0.0273998 -0.0235236 -0.0126283 -0.00163195 0.00477167 0.00602473 0.00482904 0.00485239 0.00720587 0.00976254 0.0107876 0.0108808 0.0106855 0.00968216 0.00765511 0.00505346 0.00248476 0.000787291 0.000112593 -0.000141899 0.000496805 0.00223509 0.00188482 -0.0047884 -0.0182798 -0.0343684 -0.0451551 -0.0426455 -0.0262892 -0.00482621 0.0135852 0.0298258 0.0487107 0.0686811 0.0805099 0.0774963 
0.05378 0.0484695 0.0392125 0.0250634 0.0081465 -0.00851941 -0.0195518 -0.0195534 -0.0103197 6.02773e-05 0.0051927 0.0042015 0.000738966 2.65354e-05 0.00424706 0.0107118 0.0156082 0.0173826 0.015991 0.0119277 0.00656332 0.00160385 -0.00166156 -0.00248478 -0.00136309 0.000546776 0.00362246 0.00826152 0.0113897 0.00890488 0.000717487 -0.00910876 -0.0145138 -0.0100754 0.00410402 0.0217886 0.0377173 0.0510192 0.0606494 0.064438 0.0627407 0.0583459 
0.0379364 0.0423086 0.0421833 0.0373828 0.0285991 0.0151751 0.00138091 -0.00492431 -0.00176215 0.00554149 0.0107332 0.0106107 0.00643999 0.00341981 0.00566204 0.011892 0.0177821 0.0200873 0.0175775 0.0109742 0.0028262 -0.0040407 -0.00803048 -0.00890691 -0.00762696 -0.00516837 -0.000649469 0.00683905 0.0145714 0.0185812 0.019045 0.019595 0.0231787 0.0307667 0.0417876 0.0549855 0.0688723 0.0789661 0.0774405 0.0625233 0.044614 0.0359515 
0.0304915 0.0414857 0.0487972 0.0525198 0.0521846 0.0438792 0.0289879 0.0157119 0.010449 0.0131624 0.0188932 0.0211291 0.0172001 0.0110369 0.00816146 0.00967996 0.0128955 0.01458 0.012336 0.00576927 -0.00277772 -0.0100127 -0.0140795 -0.0150981 -0.0143844 -0.0125041 -0.00748917 0.00265918 0.0156955 0.0272616 0.0365527 0.0455732 0.054262 0.0605736 0.0649157 0.0712649 0.0812725 0.0877408 0.0795019 0.0562373 0.0327087 0.0239235 
0.0413617 0.0529858 0.0611814 0.0670222 0.0708235 0.0673729 0.053853 0.035796 0.0223661 0.0188148 0.0224269 0.0250662 0.0214377 0.0134415 0.00593666 0.00171723 0.00103367 0.00225993 0.00219718 -0.0015798 -0.00818001 -0.0144693 -0.0180786 -0.0188326 -0.0181435 -0.0164667 -0.0110908 0.0010119 0.018183 0.0352742 0.0489416 0.0585131 0.0632037 0.0622064 0.0581728 0.0576106 0.0634518 0.0683929 0.0624973 0.0470155 0.0337715 0.0321928 
0.0723194 0.0765942 0.0764602 0.0757822 0.0775185 0.0774317 0.0684958 0.0504865 0.0314012 0.0198346 0.0168879 0.0165231 0.0133151 0.00658658 -0.00166652 -0.00854266 -0.011193 -0.0093062 -0.00634325 -0.00647329 -0.0104889 -0.0158323 -0.0195837 -0.0205361 -0.0194383 -0.0169157 -0.010848 0.00178473 0.0200882 0.0385151 0.0507702 0.0539307 0.049572 0.0412224 0.0325396 0.0283938 0.0317235 0.0381101 0.0418407 0.0452903 0.0531044 0.063595 
0.116316 0.107513 0.091565 0.07727 0.0714703 0.0726506 0.0709134 0.0583029 0.0371104 0.0166968 0.00381166 -0.00190534 -0.00425524 -0.00669856 -0.0110705 -0.0159952 -0.0178014 -0.0148039 -0.00970526 -0.00702975 -0.00885417 -0.0137772 -0.0188018 -0.0212962 -0.0204918 -0.0170897 -0.0106337 0.000889 0.0174336 0.0338507 0.0422905 0.0396773 0.0311745 0.0229591 0.0158356 0.0105619 0.0112957 0.0192494 0.0336441 0.0571376 0.0870949 0.110179 
0.168629 0.146529 0.11112 0.0781974 0.0603486 0.0597153 0.0649252 0.0604416 0.0405423 0.0129732 -0.0101587 -0.0225346 -0.0252665 -0.0232465 -0.0213045 -0.0209605 -0.0201855 -0.016713 -0.0111352 -0.0066749 -0.00629828 -0.0104429 -0.0167597 -0.0214643 -0.022103 -0.0190775 -0.0133487 -0.00392576 0.00974406 0.0232675 0.0295061 0.0276938 0.0250736 0.0252431 0.0227605 0.0156564 0.0126419 0.0218851 0.0455307 0.0842721 0.130495 0.163922 
0.23447 0.20276 0.146492 0.0903875 0.0559357 0.0491384 0.0571219 0.0586595 0.0417533 0.0114212 -0.018553 -0.03801 -0.044567 -0.0411593 -0.0333463 -0.0264149 -0.0221396 -0.0185428 -0.0134915 -0.0079986 -0.00539929 -0.00783898 -0.0140057 -0.0200036 -0.0225586 -0.0214032 -0.0176897 -0.0108229 -7.74449e-05 0.0109446 0.0174032 0.0216766 0.0304219 0.0410543 0.0423313 0.0332847 0.0291695 0.0435887 0.0780587 0.128602 0.185168 0.227173 
0.310036 0.272773 0.195714 0.113983 0.0607117 0.0450567 0.0510035 0.0537054 0.0393985 0.0114331 -0.0193405 -0.0440341 -0.0569383 -0.0556658 -0.0441567 -0.0313297 -0.0233111 -0.0189767 -0.0142463 -0.00833009 -0.00420677 -0.00447548 -0.00869156 -0.0142667 -0.0185381 -0.0203822 -0.0199941 -0.0167996 -0.010107 -0.00216984 0.00492901 0.0152628 0.0330271 0.0506305 0.0549047 0.047737 0.0484142 0.0723486 0.118915 0.179771 0.244488 0.295739 
