0.562324 0.538713 0.355729 0.159224 0.0329375 -0.0281448 -0.0445997 -0.036923 -0.0232779 -0.00765637 0.0107501 0.0242057 0.0250948 0.0159262 0.00599203 0.000792505 -0.00536907 -0.0176428 -0.0303772 -0.0355724 -0.0312489 -0.0236152 -0.0210821 -0.0248334 -0.0312156 -0.0383279 -0.0429493 -0.0379845 -0.0236527 -0.0107116 -0.00538261 0.000435099 0.0191247 0.0486075 0.0686542 0.0650887 0.0456248 0.0255624 0.0185814 0.0312028 0.0804282 0.20612 0.405239 
0.412169 0.410961 0.288274 0.138328 0.0237542 -0.0445872 -0.0667553 -0.0551012 -0.0297533 -0.00117976 0.0232173 0.0326324 0.0250814 0.0113183 0.000921912 -0.00569957 -0.0134483 -0.0237063 -0.0324455 -0.0351743 -0.0288987 -0.018326 -0.0147302 -0.021544 -0.0326266 -0.0424643 -0.0467073 -0.039151 -0.0212443 -0.00509359 0.00294137 0.0123189 0.0344807 0.061537 0.0699362 0.0548749 0.0375178 0.0302846 0.029331 0.0337628 0.0616119 0.145587 0.28874 
0.211919 0.228223 0.173297 0.0851955 0.00306591 -0.0501966 -0.0609476 -0.0380321 -0.00385697 0.0282789 0.0485721 0.0479403 0.0313604 0.0141442 0.00297842 -0.00553943 -0.0146509 -0.0232811 -0.0293295 -0.0308027 -0.0242346 -0.0136405 -0.0107589 -0.0183374 -0.0290645 -0.0373403 -0.0396074 -0.0317197 -0.0161167 -0.00252412 0.00599676 0.0192989 0.0462618 0.07468 0.0782387 0.0557159 0.035261 0.0312249 0.0317683 0.0276261 0.0304286 0.0638449 0.137045 
0.0886646 0.105668 0.0829905 0.0338543 -0.0142069 -0.0368778 -0.0226853 0.0119262 0.0403999 0.0542973 0.0550946 0.0435554 0.0262601 0.0128223 0.00383595 -0.00516133 -0.0145456 -0.0217321 -0.0257238 -0.0262615 -0.0211466 -0.0134508 -0.0121453 -0.0182362 -0.0250187 -0.0284833 -0.0270193 -0.0190042 -0.0068353 0.00305696 0.00978783 0.0226817 0.0503901 0.0808714 0.086334 0.0624152 0.0358869 0.0273975 0.0301968 0.0281102 0.0197018 0.0216023 0.0492458 
0.0452314 0.0503103 0.034808 0.00720331 -0.0140757 -0.0122736 0.0167426 0.0505973 0.0624849 0.0507363 0.0309276 0.0152328 0.00668547 0.00284506 -0.00149609 -0.00807038 -0.0139685 -0.0171962 -0.0181484 -0.0181085 -0.0165716 -0.0141635 -0.0153388 -0.0203066 -0.0235792 -0.021697 -0.0153876 -0.00637159 0.00365533 0.0113967 0.0154231 0.022318 0.0412845 0.0641874 0.0671767 0.0438224 0.0149733 0.00602985 0.0198405 0.0350172 0.0350645 0.0281555 0.031665 
0.0390963 0.0302611 0.017645 0.0065864 0.00265147 0.0124342 0.0371615 0.0592254 0.0589778 0.0365488 0.0100133 -0.00387635 -0.00461429 -0.00191045 -0.00275561 -0.00532326 -0.00570194 -0.00472268 -0.00413841 -0.005236 -0.00784829 -0.0103069 -0.0135816 -0.0177876 -0.0187427 -0.0132504 -0.003505 0.00630311 0.0140427 0.0176275 0.0153073 0.0122642 0.0176605 0.0264791 0.0225421 0.00292511 -0.0186952 -0.0207953 0.00546137 0.0395238 0.0567206 0.055377 0.0467952 
0.0244778 0.0119775 0.00939234 0.0143697 0.0205855 0.0275425 0.0391575 0.0505862 0.0522298 0.038662 0.0177455 0.00445586 0.00226154 0.00396477 0.00414524 0.00446293 0.00692976 0.00878991 0.00808124 0.00472857 -0.000136383 -0.00385792 -0.00643403 -0.00868792 -0.00826924 -0.0028414 0.00628207 0.01548 0.0208033 0.0181879 0.00696289 -0.00500987 -0.0083578 -0.00825351 -0.0147536 -0.0245874 -0.0311824 -0.0262563 -0.000455276 0.0354406 0.0594236 0.0617452 0.0452017 
-0.00665726 -0.0137181 -0.00401494 0.0119711 0.0230258 0.0257485 0.0268154 0.0335914 0.0442266 0.0455593 0.0336604 0.0201702 0.0124542 0.009232 0.00819661 0.00890626 0.0108662 0.0114719 0.00940709 0.00549196 0.00160818 0.000259043 0.000636386 0.000354597 -0.000132816 0.00127896 0.00637657 0.0144231 0.0196458 0.0143118 -0.0015195 -0.016119 -0.0193864 -0.0181975 -0.0211292 -0.0218581 -0.0183006 -0.0144459 -0.00246141 0.0200768 0.0396646 0.0403454 0.0181484 
-0.0236448 -0.0274878 -0.0160915 -0.000695571 0.0105392 0.012345 0.00848297 0.0114347 0.0247051 0.0343737 0.0319206 0.0234599 0.0143017 0.00663681 0.00270506 0.00234822 0.00350603 0.00376664 0.0025988 0.00111999 0.000427983 0.00179251 0.00405868 0.00448329 0.00241685 -4.36015e-05 0.00121794 0.00791884 0.0143445 0.0108539 -0.00327564 -0.0151573 -0.0138483 -0.0065871 -0.00426632 -0.00342504 -0.00236508 -0.0064947 -0.00862957 0.000585552 0.0155882 0.0181701 -0.0014056 
-0.0174104 -0.0251292 -0.0227202 -0.0142164 -0.00347907 0.000106485 -0.00606376 -0.00994305 -0.00307248 0.0077517 0.0143608 0.0146602 0.0082373 -0.0011698 -0.00701356 -0.00733277 -0.00495755 -0.00322027 -0.00238586 -0.00128057 -3.6546e-06 0.00184541 0.00435673 0.00583838 0.00449324 0.00125678 0.000174139 0.00392133 0.00937494 0.00841668 -0.00171815 -0.0109203 -0.00781817 0.00311683 0.0094447 0.00900616 0.00376325 -0.00642833 -0.0141902 -0.0112102 0.00149648 0.00955508 -0.000288152 
-0.0083217 -0.0212019 -0.025834 -0.0197858 -0.00828463 -0.00469459 -0.013468 -0.0234765 -0.0233328 -0.0133345 -0.00175869 0.00352065 -0.000202452 -0.00821914 -0.0127678 -0.0109759 -0.00599966 -0.00225108 -0.00056849 0.000185928 0.000275359 0.000962321 0.0036826 0.00693295 0.00741295 0.0047491 0.00214637 0.00245148 0.00543425 0.00575267 -0.00126106 -0.0101305 -0.0101807 -0.00100589 0.00704758 0.00788784 0.00187546 -0.00788053 -0.0146318 -0.013779 -0.00428388 0.00639989 0.00492389 
-0.00786343 -0.0203157 -0.0237215 -0.0156728 -0.00601775 -0.00673352 -0.0171472 -0.0270158 -0.0274588 -0.0181595 -0.0076683 -0.00337902 -0.00567869 -0.0100601 -0.0109851 -0.00676493 -0.000524386 0.00364968 0.00463041 0.00342362 0.00137785 0.00096786 0.00372869 0.00740464 0.00823447 0.00577333 0.00289325 0.00216758 0.00412593 0.00503842 0.000132657 -0.00867101 -0.0130516 -0.00850713 -0.00100847 0.00210332 -0.000858766 -0.00671684 -0.0107469 -0.0115994 -0.00740657 0.000559514 0.00209466 
-0.0100529 -0.0190408 -0.0197966 -0.0122626 -0.00783008 -0.0127461 -0.0206285 -0.0245574 -0.0223189 -0.0155431 -0.0101269 -0.0085476 -0.00845898 -0.0077964 -0.00489423 0.000327822 0.00551385 0.00833338 0.00829622 0.00619143 0.00328632 0.00180014 0.00301083 0.00512472 0.00548927 0.00400614 0.00293921 0.00390206 0.00633143 0.00730401 0.00404585 -0.00336265 -0.0103892 -0.0107337 -0.00571452 -0.00201294 -0.00270987 -0.00559269 -0.00763538 -0.00943352 -0.00981054 -0.00618264 -0.00392536 
-0.00681558 -0.0147014 -0.0170211 -0.013541 -0.0132761 -0.018102 -0.0207873 -0.0190201 -0.0160719 -0.0141779 -0.0145395 -0.0143996 -0.0106983 -0.00523559 -0.00018318 0.00399425 0.00706736 0.00875932 0.00867983 0.00698438 0.00413153 0.00121874 -0.000273748 -0.000241436 0.00043962 0.00143114 0.00334317 0.00627273 0.00854568 0.00848701 0.0061637 0.000713104 -0.00721764 -0.0113532 -0.00924721 -0.00606221 -0.00621833 -0.00860804 -0.0100318 -0.0110667 -0.011945 -0.00877634 -0.0040495 
0.000926966 -0.00484396 -0.00874606 -0.00948337 -0.011621 -0.0145205 -0.0137827 -0.0110013 -0.0107105 -0.013717 -0.0179895 -0.0182594 -0.0119411 -0.00367565 0.00156323 0.00325464 0.0039669 0.00542496 0.0062369 0.00518827 0.00247151 -0.00112932 -0.00413355 -0.00533139 -0.00401612 -0.000558157 0.00363176 0.00669756 0.0065995 0.0039322 0.0013753 -0.00261885 -0.010015 -0.0154789 -0.014745 -0.0117766 -0.0120221 -0.014829 -0.0161593 -0.0161723 -0.0154994 -0.00963719 -0.000608276 
0.00952914 0.0108651 0.00879984 0.00401484 -0.00247128 -0.00584787 -0.00455653 -0.00429636 -0.00846894 -0.0149125 -0.0205716 -0.0206478 -0.0129802 -0.00273742 0.00326986 0.00329822 0.00164634 0.00225184 0.00330879 0.00230792 -0.000296588 -0.00309858 -0.00538567 -0.00677153 -0.00548924 -0.00101564 0.0038822 0.00533973 0.00136962 -0.00454341 -0.0077104 -0.0105557 -0.0162013 -0.0204628 -0.0195726 -0.017215 -0.01834 -0.0212954 -0.0224239 -0.0230537 -0.0222752 -0.0135554 0.000690813 
0.0195665 0.0263054 0.0257029 0.0173939 0.00576691 -0.00043577 -0.000867453 -0.00443959 -0.0127332 -0.0204701 -0.0247201 -0.0226864 -0.0129386 -3.76459e-05 0.00801354 0.00747269 0.00331583 0.00176038 0.0018738 0.000637793 -0.00125687 -0.00187755 -0.00195205 -0.00298919 -0.00265531 0.000987902 0.00511123 0.00497081 -0.00148874 -0.0090091 -0.0116772 -0.0127458 -0.0158131 -0.0173296 -0.0149889 -0.0137512 -0.0179878 -0.0233521 -0.0252422 -0.0264371 -0.0248169 -0.0127833 0.00551525 
0.027903 0.0307835 0.0283265 0.0198879 0.00790264 0.000534836 -0.00249615 -0.0100122 -0.0206869 -0.0273123 -0.027561 -0.0209359 -0.00856016 0.00483611 0.0123859 0.0107169 0.00495507 0.00195796 0.00164359 0.00105682 0.000822216 0.00263707 0.00417406 0.00263591 0.00106028 0.00298719 0.00681518 0.00789593 0.00285541 -0.00370415 -0.00521388 -0.00474177 -0.00572042 -0.00398844 0.00201655 0.00432391 -0.00368985 -0.014669 -0.0186043 -0.0177687 -0.0124857 0.00172798 0.0181413 
0.0253046 0.0182892 0.0138938 0.0103788 0.0044 0.000247465 -0.00311728 -0.0123687 -0.0233115 -0.0281945 -0.0251625 -0.0150796 -0.00245816 0.00702527 0.0103417 0.00740257 0.00243554 0.000487903 0.00168502 0.00299983 0.00420245 0.00618941 0.00594058 0.00129561 -0.00317027 -0.00209384 0.00452075 0.0108951 0.01026 0.00568863 0.00473903 0.00536783 0.00526415 0.0100795 0.0204855 0.025163 0.014561 -0.00155923 -0.00669456 -0.00201106 0.00731042 0.0202941 0.0280876 
0.0086734 -0.00733869 -0.00979842 -0.00355883 0.000360845 0.00157803 -2.95505e-05 -0.00796595 -0.0167572 -0.0196381 -0.0159664 -0.00683052 0.00242213 0.00620016 0.00479387 0.000950272 -0.00256445 -0.00277605 0.00068163 0.00408976 0.00543838 0.00482509 -3.84559e-05 -0.00924639 -0.0163827 -0.0147001 -0.00360418 0.0082183 0.0102348 0.00571261 0.00434269 0.00548894 0.00798587 0.0168504 0.0292114 0.0319971 0.0174492 -0.00108154 -0.0045449 0.00483213 0.0182522 0.029258 0.0261015 
-0.00964106 -0.0308225 -0.0290585 -0.0127867 -0.000348238 0.0035396 0.00339298 0.000627672 -0.00147148 -0.000358747 0.00202434 0.00543113 0.0078336 0.00613942 0.00169446 -0.00256972 -0.00562742 -0.00568896 -0.00161183 0.00293558 0.00436136 0.00128622 -0.00757113 -0.0196172 -0.0266675 -0.0224225 -0.00855264 0.00337747 0.0022744 -0.00605246 -0.00903563 -0.00461483 0.00605885 0.021778 0.0327706 0.0271184 0.00510539 -0.0138683 -0.0124693 0.00316389 0.0221643 0.032809 0.0198976 
-0.0126223 -0.0309709 -0.0258553 -0.00811864 0.0038028 0.00526404 0.00700033 0.0138752 0.0212458 0.0247309 0.0220892 0.0159536 0.00986657 0.00443232 0.000104167 -0.00233027 -0.0044104 -0.0053715 -0.00266113 0.00225739 0.00530832 0.00191874 -0.00922566 -0.0218793 -0.0252773 -0.0156031 -0.000354686 0.00698976 -0.00112863 -0.0149862 -0.0190924 -0.008119 0.0144125 0.0364269 0.0406908 0.0201692 -0.0120015 -0.0284957 -0.0171242 0.00719493 0.03006 0.0385805 0.0196828 
0.0160052 0.0105825 0.0130621 0.0168457 0.0160631 0.0108171 0.0132168 0.0268831 0.037875 0.0376897 0.0288169 0.0167908 0.0076024 0.00281193 0.000868789 0.00137855 0.00100779 -0.000941814 -0.000805241 0.00316444 0.0076376 0.00485091 -0.0071802 -0.0188563 -0.017528 -0.00253437 0.0132813 0.0166026 0.00461877 -0.0100442 -0.0105626 0.00881882 0.0397809 0.0611165 0.0521815 0.0134043 -0.0282662 -0.038538 -0.0137873 0.017419 0.037221 0.0428482 0.0316475 
0.110408 0.114834 0.0898741 0.0557361 0.0307579 0.0156209 0.0137706 0.0247588 0.0324572 0.0298857 0.023521 0.0170827 0.0131823 0.0107459 0.00803521 0.0081396 0.00805136 0.00424748 0.000178018 0.000469505 0.00373191 0.00140572 -0.00906333 -0.0177749 -0.0140106 0.000405435 0.0130661 0.0145962 0.00541398 -0.00274548 0.00408045 0.0285101 0.0598832 0.0774022 0.0625824 0.0177328 -0.0272608 -0.0365685 -0.00978544 0.0189745 0.0349374 0.0546155 0.083951 
0.299243 0.293551 0.200047 0.0974289 0.0358652 0.00821786 0.00101625 0.00670099 0.0123112 0.0146793 0.0192241 0.0240961 0.0264079 0.0230245 0.0156328 0.0125764 0.0109199 0.00357919 -0.00610846 -0.0106823 -0.00950032 -0.0103797 -0.0166619 -0.0212721 -0.0182144 -0.010614 -0.00530354 -0.00466828 -0.00725819 -0.00739816 0.00182603 0.0213956 0.0465408 0.0667502 0.0670386 0.0400607 0.00146545 -0.0183609 -0.00825089 0.0120496 0.0385726 0.104168 0.211951 
0.508228 0.483299 0.313569 0.137703 0.034222 -0.00946132 -0.0196457 -0.0140256 -0.00649363 0.00172445 0.0145879 0.0266085 0.0305975 0.024322 0.0141812 0.00949312 0.00558295 -0.00563009 -0.0193158 -0.0261067 -0.0244686 -0.0216265 -0.0228112 -0.0250817 -0.025548 -0.0263012 -0.0280066 -0.0264177 -0.0205999 -0.0141998 -0.00832303 0.00114137 0.0202984 0.0476658 0.0673775 0.062357 0.0351409 0.00757401 0.00124325 0.0169906 0.0635445 0.181135 0.365994 
