0.252398 0.231237 0.2024 0.166834 0.135846 0.115523 0.0924626 0.0611919 0.0309881 0.00890083 -0.00143162 -0.000868985 -2.67029e-05 -0.00717302 -0.0161994 -0.0182976 -0.0151687 -0.0116168 -0.00448031 0.0112683 0.0335057 0.0552594 0.072557 0.0926081 0.128722 0.181197 0.231134 0.256657 
0.242601 0.215724 0.184964 0.149687 0.118802 0.0990726 0.0781805 0.0498664 0.0224758 0.00327423 -0.00489391 -0.0035855 -0.00161764 -0.00683482 -0.0166471 -0.0230477 -0.0234408 -0.0200044 -0.0131266 -0.00244471 0.0118419 0.0308273 0.0554966 0.0858673 0.125011 0.175871 0.226402 0.251786 
0.209196 0.176176 0.140462 0.110157 0.0876535 0.0713162 0.0523221 0.0301016 0.0101142 -0.00470588 -0.0109009 -0.00812089 -0.00375522 -0.00608164 -0.0152031 -0.0234811 -0.0260702 -0.0247074 -0.0223385 -0.0197944 -0.0143999 0.00108244 0.0337761 0.0777911 0.11864 0.155503 0.193151 0.217419 
0.174315 0.143471 0.108162 0.0819611 0.0631287 0.0455319 0.0260574 0.0100882 -0.000652117 -0.00943552 -0.0139208 -0.011889 -0.0075504 -0.00762514 -0.0138856 -0.020525 -0.0237349 -0.0266269 -0.0330448 -0.0412868 -0.0438105 -0.0306841 0.00647323 0.0595816 0.103578 0.130561 0.155434 0.177427 
0.157204 0.138616 0.108293 0.0781529 0.0509421 0.0263212 0.00562343 -0.00598305 -0.0100825 -0.0123951 -0.0126184 -0.0105821 -0.00876422 -0.00954819 -0.0137092 -0.018519 -0.0224958 -0.0289664 -0.0415762 -0.0565505 -0.0622993 -0.0490718 -0.0134672 0.0365688 0.0799742 0.106383 0.128153 0.150735 
0.155836 0.155378 0.131338 0.092537 0.0525595 0.0198027 -0.00366101 -0.0159695 -0.0196229 -0.0178738 -0.010742 -0.00371553 -0.00318353 -0.00763416 -0.0132105 -0.0187234 -0.0238295 -0.0297191 -0.039642 -0.0512127 -0.0533043 -0.0388703 -0.0115035 0.022172 0.0548596 0.0815887 0.106904 0.135001 
0.157141 0.170126 0.15036 0.107471 0.0630463 0.0269745 -0.00123129 -0.0198542 -0.0286221 -0.0269769 -0.0137061 0.000982089 0.00379912 -0.00316233 -0.0110596 -0.0185376 -0.0251326 -0.0284276 -0.0303647 -0.0315915 -0.0254792 -0.00936514 0.00855052 0.0232285 0.0394381 0.0610076 0.0889976 0.123816 
0.147386 0.15805 0.137421 0.0995034 0.0644306 0.0343661 0.00497449 -0.019206 -0.0337449 -0.0354207 -0.0213969 -0.00234274 0.00471504 -0.000340658 -0.00780215 -0.0164542 -0.0250775 -0.0278884 -0.0248899 -0.0184443 -0.00581167 0.0127944 0.0281283 0.0346961 0.0399766 0.0539158 0.079978 0.115014 
0.114523 0.109436 0.0860616 0.0603714 0.0429601 0.026645 0.0053258 -0.0156669 -0.0314535 -0.03731 -0.0277954 -0.0102039 -0.000432879 -0.00145534 -0.00646696 -0.0145507 -0.0239955 -0.0284827 -0.0269305 -0.0212268 -0.00932704 0.00960637 0.0287984 0.0401557 0.0458505 0.0561423 0.0761909 0.0998168 
0.0582198 0.0390147 0.018249 0.00623483 0.00350561 0.00147059 -0.00371406 -0.0112777 -0.0218245 -0.0301231 -0.0271567 -0.015107 -0.00602072 -0.00502383 -0.00863692 -0.0148525 -0.0221587 -0.0272179 -0.0292264 -0.0290168 -0.0241524 -0.00988787 0.01238 0.032018 0.043285 0.0524751 0.0628103 0.0668384 
-0.00451344 -0.024508 -0.0356516 -0.0387344 -0.0370951 -0.0308233 -0.018991 -0.00879354 -0.00909245 -0.0158085 -0.0178181 -0.0125007 -0.00695854 -0.00701972 -0.0112553 -0.0154523 -0.0183779 -0.0208263 -0.023206 -0.0265136 -0.0290209 -0.0222654 -0.00212516 0.0194615 0.0302564 0.0330292 0.0306179 0.0175242 
-0.0490729 -0.0605529 -0.0618521 -0.0622069 -0.0635888 -0.0557485 -0.033412 -0.00953639 0.000980517 -0.000710276 -0.00437194 -0.00434696 -0.00316872 -0.00573264 -0.0111433 -0.0136677 -0.0124918 -0.0112743 -0.0113126 -0.0138867 -0.0186342 -0.017232 -0.00386962 0.0104675 0.0120482 0.00353453 -0.00899345 -0.0279806 
-0.0590606 -0.0662078 -0.0656973 -0.0667553 -0.0699238 -0.0620633 -0.0372855 -0.00943882 0.00608851 0.00846389 0.00575188 0.00401602 0.00248914 -0.00234667 -0.00858481 -0.0101945 -0.00720862 -0.00429716 -0.00245078 -0.00167825 -0.00252445 -0.0015439 0.00381924 0.00624082 -0.00264679 -0.0175033 -0.0303529 -0.0442648 
-0.0402945 -0.051281 -0.0573838 -0.0610829 -0.0622117 -0.052035 -0.0287562 -0.0050994 0.00762993 0.0102673 0.00960322 0.00944703 0.00762391 0.00161662 -0.0049505 -0.00631028 -0.00317462 -6.59951e-05 0.00259879 0.00649418 0.0109519 0.0137183 0.0122619 0.00382976 -0.0107402 -0.0227472 -0.0265117 -0.0300902 
-0.0166825 -0.0325683 -0.0461687 -0.0527565 -0.050927 -0.0377268 -0.0168568 -0.000195886 0.0060215 0.00671142 0.00830552 0.010806 0.00993481 0.00442363 -0.00123141 -0.00218882 0.000896501 0.00434057 0.00758998 0.0124898 0.018486 0.0206504 0.0136557 -0.0015461 -0.0166536 -0.0214385 -0.0146928 -0.00931471 
-0.0114121 -0.029026 -0.0430754 -0.0471696 -0.0407474 -0.0251949 -0.0071836 0.00302054 0.00325767 0.00190738 0.0049932 0.0090103 0.00878691 0.00478284 0.00115732 0.0010704 0.00414769 0.0077133 0.0108342 0.0146004 0.0183145 0.0172116 0.00685923 -0.00929588 -0.02066 -0.0190286 -0.00813861 -0.00246828 
-0.028504 -0.0456063 -0.0519309 -0.0461265 -0.0324873 -0.0150247 0.000621607 0.0072168 0.00457746 0.00184407 0.00458099 0.00796954 0.00717587 0.00400913 0.00213075 0.00321877 0.00653507 0.00964148 0.0115205 0.0131521 0.0138094 0.00971009 -0.00103509 -0.0136052 -0.0192656 -0.0144449 -0.00758673 -0.0118221 
-0.0481044 -0.0620803 -0.0589594 -0.0437347 -0.0256225 -0.00889818 0.0048971 0.0119358 0.0108102 0.00792169 0.00874956 0.0100941 0.00807474 0.00460474 0.00319169 0.00503897 0.00883103 0.0119002 0.012982 0.0129256 0.0113567 0.0056469 -0.00410683 -0.0125465 -0.0140159 -0.00978971 -0.0105667 -0.0255208 
-0.0486181 -0.0551948 -0.0470635 -0.0313367 -0.017091 -0.00620906 0.00446464 0.0136797 0.0166952 0.0149829 0.0138885 0.0133802 0.0106481 0.00655796 0.0044182 0.00570321 0.00916768 0.0126865 0.0146475 0.0144528 0.0115883 0.00504546 -0.00356254 -0.00906569 -0.00885208 -0.00754239 -0.0139146 -0.0307477 
-0.0313448 -0.0272861 -0.017797 -0.00873754 -0.00477287 -0.0038448 0.000696859 0.00947757 0.0156576 0.01614 0.0147616 0.0137727 0.0113622 0.00715184 0.00414006 0.00427263 0.00656086 0.00991354 0.0131798 0.0140654 0.0110821 0.00498403 -0.00151275 -0.00503203 -0.00564846 -0.0081387 -0.0162906 -0.0266837 
-0.0130997 -0.000353683 0.00968004 0.0122277 0.0064027 -0.00230391 -0.00547933 -0.000956081 0.00535996 0.00801814 0.00815792 0.00846362 0.00767352 0.00445545 0.0016153 0.00158149 0.00312219 0.0053692 0.008367 0.00990886 0.00814382 0.0048986 0.00227556 -0.000129394 -0.00405303 -0.0107946 -0.0184363 -0.0206674 
-0.00622688 0.00731816 0.0164413 0.016622 0.00741642 -0.00457791 -0.011412 -0.0110302 -0.00725695 -0.00479096 -0.00346773 -0.000959708 0.00088838 -0.000203753 -0.00161672 -0.000744653 0.000706342 0.00133935 0.00227097 0.00319803 0.00319489 0.00392833 0.00552674 0.00427684 -0.0019702 -0.011106 -0.0180428 -0.0168245 
-0.0102353 -0.00352855 0.00251519 0.0044094 -0.000180271 -0.00670394 -0.010209 -0.0110323 -0.0115463 -0.012977 -0.0130239 -0.00939326 -0.00530905 -0.00404281 -0.00341685 -0.00131496 0.000260173 -0.000361474 -0.00158747 -0.00185048 -0.00110078 0.00118966 0.00402691 0.00381362 -0.000816438 -0.00790344 -0.0139284 -0.0148625 
-0.0144147 -0.0148533 -0.0115624 -0.00583481 -0.00222436 -0.000218653 0.00139862 0.000355952 -0.0044673 -0.0112115 -0.0152008 -0.0132885 -0.00897634 -0.006269 -0.00397064 -0.000789808 0.00150066 0.0014957 0.000227305 -0.000547476 -0.000645127 -0.000720125 -0.00127448 -0.00290482 -0.00512193 -0.00761831 -0.0105726 -0.0129075 
-0.0106866 -0.0126424 -0.00971127 -0.00154634 0.00637435 0.011927 0.0149815 0.0139036 0.00795278 -0.00171513 -0.0102876 -0.0125847 -0.0102648 -0.00783127 -0.00560029 -0.00233703 0.00145454 0.00454149 0.00611799 0.0064274 0.00519685 0.0013465 -0.00444039 -0.00981625 -0.0124769 -0.012157 -0.0105142 -0.00942613 
-0.00444792 -0.00354768 0.000274068 0.00761693 0.0136305 0.0168002 0.0189588 0.0199245 0.0169329 0.00776539 -0.00340555 -0.00912619 -0.00901932 -0.00823263 -0.00835422 -0.00676726 -0.00186532 0.00466295 0.00987791 0.0123813 0.0110926 0.00486662 -0.00426288 -0.0121709 -0.0163237 -0.0162827 -0.0125316 -0.00733389 
-0.00672732 -0.0037175 0.00012835 0.00596057 0.00965058 0.0105517 0.0128828 0.0170053 0.0176021 0.0105245 0.000244692 -0.00514984 -0.00540622 -0.00630699 -0.00945571 -0.0102698 -0.00548275 0.00234374 0.00919738 0.0133816 0.0128038 0.00550201 -0.00510259 -0.0129877 -0.0167684 -0.0182072 -0.0167377 -0.011798 
-0.0178539 -0.014667 -0.0117044 -0.00575473 -9.79198e-05 0.00276772 0.00630072 0.01123 0.0129124 0.00824628 0.0015108 -0.00129441 -0.00145576 -0.00384357 -0.00835734 -0.00957817 -0.00454129 0.00312422 0.00926721 0.0129776 0.0118475 0.00296345 -0.00936023 -0.0170879 -0.0195359 -0.0216861 -0.0239081 -0.0223797 
-0.0270054 -0.021534 -0.0183299 -0.012096 -0.00318328 0.00363638 0.00808105 0.0110567 0.0114309 0.00854186 0.00479256 0.00250922 3.36564e-05 -0.00408217 -0.007129 -0.00494491 0.00276483 0.0110433 0.0155192 0.0158901 0.0110608 -0.000821021 -0.0154213 -0.0249028 -0.0280023 -0.0299959 -0.0331351 -0.0328451 
-0.0272171 -0.0169566 -0.0122459 -0.00661391 0.00351401 0.013006 0.0179998 0.0186394 0.0165075 0.0129747 0.00867629 0.00354041 -0.00270284 -0.00781082 -0.00730728 0.000570245 0.0125032 0.0222202 0.0250991 0.0213145 0.0124207 -0.000908257 -0.0160738 -0.0288848 -0.036561 -0.0398491 -0.0411262 -0.0377818 
-0.0226482 -0.0112233 -0.00688411 -0.00156142 0.00949615 0.0205866 0.0262432 0.0259327 0.0215028 0.0149373 0.00711827 -0.00139412 -0.00941056 -0.0137253 -0.00976585 0.00269364 0.0179096 0.0286943 0.0307477 0.0255405 0.0171683 0.00687696 -0.00698563 -0.0244616 -0.0395742 -0.046103 -0.0447961 -0.0366903 
-0.0200857 -0.0136197 -0.0126621 -0.0074046 0.00527472 0.0181244 0.0252147 0.0258039 0.0204235 0.0105434 -0.00103368 -0.0111265 -0.0179143 -0.0197642 -0.0135003 0.000850529 0.0174161 0.0289038 0.0317371 0.0286497 0.0240399 0.0167675 0.00152788 -0.021699 -0.0422836 -0.0497988 -0.0448153 -0.0329015 
-0.0194599 -0.017128 -0.0177748 -0.0131965 -0.00145899 0.0113081 0.0192809 0.0207442 0.0146821 0.00200754 -0.0124901 -0.02296 -0.0269273 -0.0247317 -0.0161036 -0.00154563 0.0149738 0.0275704 0.0334034 0.0344891 0.031938 0.0217828 0.00045378 -0.0268736 -0.0471691 -0.0516978 -0.042888 -0.0293215 
-0.0134815 -0.00738651 -0.00315653 0.000752467 0.00606165 0.0120602 0.0158854 0.0154053 0.00777894 -0.00759097 -0.0247548 -0.0354373 -0.0362987 -0.0294574 -0.0181691 -0.00390487 0.0122122 0.0269168 0.0375815 0.0432413 0.040219 0.024062 -0.00257028 -0.0288895 -0.0441829 -0.0452217 -0.0357964 -0.0232478 
0.00938832 0.0219582 0.0316514 0.0335326 0.0282265 0.0197501 0.0120041 0.00650786 -0.00188715 -0.0180776 -0.0361836 -0.0456886 -0.0434297 -0.0339167 -0.0222204 -0.00915959 0.00658222 0.0236351 0.0386425 0.0472825 0.0435138 0.0249475 -0.00107416 -0.0218978 -0.0299452 -0.0259704 -0.0150536 -0.00273097 
0.0476546 0.0598057 0.0661511 0.0623422 0.0483029 0.0265506 0.00526057 -0.00772613 -0.0172828 -0.0317851 -0.0465997 -0.0515953 -0.0460619 -0.0371545 -0.0289305 -0.0187662 -0.00382427 0.0141964 0.030748 0.0402188 0.0374447 0.0215998 -0.000316092 -0.016425 -0.0179657 -0.00435733 0.0161899 0.0338195 
0.0733294 0.0799678 0.0781026 0.0696669 0.0564318 0.0346678 0.00788308 -0.0143586 -0.0317979 -0.0477773 -0.0573132 -0.0554561 -0.0466852 -0.0398445 -0.0366108 -0.0299946 -0.0158559 0.00196201 0.0172668 0.0259559 0.0256159 0.0146638 -0.00344653 -0.0182301 -0.0174231 0.0041614 0.0355708 0.0596474 
0.065649 0.0697915 0.0662629 0.0612504 0.0581276 0.0485718 0.0274568 -0.00171817 -0.0334119 -0.0582054 -0.0664625 -0.0595969 -0.0482754 -0.0423327 -0.041819 -0.0370896 -0.0227575 -0.00535936 0.00604329 0.0103984 0.0106767 0.00516405 -0.00713107 -0.0192308 -0.0190924 0.000877108 0.0310942 0.053817 
0.0467404 0.0546098 0.0559049 0.0559486 0.0584802 0.0578866 0.0467503 0.0195316 -0.0203534 -0.0551255 -0.0684219 -0.0621163 -0.0501974 -0.0441169 -0.0437181 -0.0389845 -0.0245043 -0.00887847 -0.0036171 -0.00624877 -0.0065968 -0.00481995 -0.00683431 -0.0111641 -0.0106213 0.000288499 0.0182642 0.0344468 
0.0554347 0.0678718 0.0674936 0.0593063 0.0514629 0.0476806 0.0448694 0.0306172 -0.00205589 -0.0395961 -0.0607358 -0.0599599 -0.0502055 -0.0451097 -0.0443802 -0.0388997 -0.0260137 -0.0150458 -0.0151279 -0.0197324 -0.0161739 -0.00601767 0.00195858 0.0073516 0.0117872 0.0152413 0.0224548 0.0370433 
0.0994742 0.10713 0.0914739 0.063922 0.0396562 0.0285062 0.0303109 0.0306349 0.0126254 -0.0207645 -0.0465199 -0.0506995 -0.0444193 -0.0422717 -0.0415087 -0.0341075 -0.0232867 -0.018389 -0.02055 -0.0190545 -0.00695355 0.00854499 0.0214329 0.0358816 0.0489192 0.0526071 0.0569855 0.0756864 
0.157063 0.149268 0.114003 0.073928 0.0452387 0.0322905 0.0319026 0.0335905 0.0214729 -0.00694794 -0.0304891 -0.0340308 -0.0299665 -0.0318156 -0.0320093 -0.0227947 -0.0132423 -0.0126769 -0.0139628 -0.00366373 0.0167204 0.0344547 0.0487872 0.0701187 0.0933804 0.103975 0.112107 0.135307 
0.205687 0.185103 0.141628 0.102173 0.0788437 0.067051 0.0573972 0.0456338 0.0270229 0.00130501 -0.0159779 -0.0156222 -0.0123231 -0.0177388 -0.0210224 -0.0135131 -0.00546148 -0.00564485 -0.0040063 0.0126633 0.0386348 0.0588574 0.0733832 0.0954146 0.124609 0.146848 0.165445 0.19134 
0.237519 0.215605 0.179011 0.143461 0.119423 0.104154 0.084604 0.0584345 0.0313128 0.00728057 -0.00529329 -0.00367871 -0.00160348 -0.00893411 -0.0159079 -0.0131013 -0.00712584 -0.00530902 -0.00023884 0.0181187 0.0450406 0.0673581 0.0817765 0.100248 0.132301 0.17096 0.206324 0.232562 
