0.217759 0.228867 0.23625 0.229172 0.201291 0.166017 0.144412 0.134899 0.11711 0.0818421 0.0405372 0.0113126 -0.000150827 -0.00389474 -0.0101393 -0.0184275 -0.0226734 -0.0199421 -0.0128503 -0.00631135 -0.00261251 0.00042065 0.0074227 0.0236356 0.048845 0.0713392 0.0841662 0.0995614 0.125319 0.148677 0.159813 0.166555 0.178248 0.19328 0.206495 
0.202217 0.211704 0.217062 0.207852 0.178847 0.147394 0.134084 0.131368 0.116891 0.0849307 0.0488565 0.0245704 0.0149027 0.00949874 0.000252673 -0.0103757 -0.0173092 -0.0195707 -0.0178132 -0.0130037 -0.00752024 -0.00334435 0.000614111 0.00894061 0.0239802 0.0393189 0.0496997 0.0625107 0.0847567 0.110945 0.134021 0.152942 0.167906 0.180019 0.191449 
0.140188 0.140918 0.142963 0.136708 0.115928 0.0953963 0.0915713 0.0942622 0.0838776 0.0600367 0.0370959 0.0255691 0.0225838 0.0174583 0.00567419 -0.00763755 -0.0181129 -0.0258243 -0.0290513 -0.0254325 -0.0174555 -0.0102539 -0.0056163 0.000357296 0.0114478 0.0237864 0.0317857 0.0386398 0.052265 0.075422 0.104371 0.13004 0.142894 0.143898 0.141618 
0.0718331 0.0634207 0.0634353 0.0617086 0.0505594 0.0396395 0.0401966 0.0426962 0.0340924 0.0202075 0.014549 0.0193556 0.0243447 0.0193268 0.00521374 -0.00957993 -0.0215148 -0.031706 -0.0372259 -0.0345239 -0.0263582 -0.0181531 -0.0117675 -0.00437862 0.00634839 0.0166018 0.0216273 0.0245521 0.0339915 0.0549515 0.0840955 0.109484 0.117699 0.107379 0.0887145 
0.0339339 0.0232722 0.0243137 0.024755 0.0181691 0.0118097 0.0115345 0.00815528 -0.00364783 -0.0110408 -0.00217614 0.0161548 0.0267845 0.0207899 0.00452643 -0.0107443 -0.0221793 -0.032006 -0.0379073 -0.0372667 -0.0326554 -0.0268651 -0.0199039 -0.0112189 -0.00145742 0.00619916 0.0095678 0.0131118 0.024251 0.0449918 0.0703279 0.0909939 0.0969586 0.0840011 0.058231 
0.0262656 0.0199298 0.02405 0.0237846 0.0176116 0.0139823 0.0123868 0.00140419 -0.0174991 -0.0247097 -0.00961905 0.0146358 0.0273809 0.0212193 0.0049006 -0.010002 -0.0207942 -0.029625 -0.0355084 -0.0373318 -0.0364029 -0.0326398 -0.0258051 -0.0181249 -0.0108212 -0.00398422 0.00174664 0.00886712 0.0213097 0.0381799 0.0556816 0.0713205 0.080111 0.0729617 0.0492843 
0.0253113 0.0232503 0.0296603 0.0294328 0.0251981 0.0254848 0.0238954 0.00699607 -0.0192957 -0.0316401 -0.0197575 0.00234793 0.015169 0.0121261 -4.07474e-05 -0.0125497 -0.0225288 -0.0306621 -0.0367255 -0.0401008 -0.0398651 -0.0348801 -0.0275469 -0.0221108 -0.0169897 -0.00780136 0.00453903 0.017079 0.028213 0.0363432 0.043277 0.0540452 0.065796 0.0644229 0.0447705 
0.0153659 0.012682 0.0184737 0.0211253 0.0223582 0.0271322 0.0272637 0.0101571 -0.0186491 -0.0377685 -0.0357746 -0.0212171 -0.00892175 -0.00629824 -0.0115593 -0.0197698 -0.0277695 -0.0345892 -0.0401347 -0.0435701 -0.0422921 -0.0353164 -0.0272827 -0.0227151 -0.0173465 -0.00418281 0.0153533 0.0335045 0.0430883 0.0423889 0.0387133 0.0418387 0.0500132 0.0490341 0.032522 
0.000612943 -0.00716277 -0.00511505 0.000381128 0.00629501 0.0132831 0.0167709 0.00737666 -0.0148266 -0.0360054 -0.043697 -0.0381152 -0.0280808 -0.0219951 -0.0223251 -0.0266648 -0.0317839 -0.0361269 -0.0396766 -0.0416214 -0.0395253 -0.0327596 -0.0251362 -0.0198213 -0.0128051 0.00236364 0.0250653 0.0464461 0.0558952 0.050536 0.0391612 0.0330224 0.0331998 0.0301194 0.0169273 
-0.00641156 -0.0195184 -0.0224415 -0.0180532 -0.013338 -0.00888798 -0.00298623 -0.0010919 -0.0094911 -0.0239584 -0.0341284 -0.0349314 -0.0298877 -0.0259309 -0.0262046 -0.0289665 -0.0316699 -0.033565 -0.0348665 -0.0348482 -0.0322106 -0.0267113 -0.0199308 -0.0137386 -0.00656922 0.00651862 0.0275423 0.0495304 0.0602412 0.054545 0.0399474 0.0279056 0.0227442 0.0192709 0.0095657 
-0.0032503 -0.0178248 -0.0236062 -0.0229426 -0.0235389 -0.0242911 -0.0188467 -0.0096049 -0.00548459 -0.0087892 -0.0140697 -0.0166506 -0.0170473 -0.0185191 -0.0219342 -0.0253447 -0.0275114 -0.0289105 -0.029756 -0.0289742 -0.0258537 -0.0204801 -0.013457 -0.00691013 -0.00183168 0.0063441 0.0231585 0.0440924 0.0557597 0.0509207 0.0363505 0.0240559 0.0193895 0.0180613 0.0113924 
0.00357537 -0.00815152 -0.0134912 -0.0152063 -0.0193575 -0.0232146 -0.0197726 -0.0100861 -0.00137337 0.00307787 0.00435025 0.00324494 -0.000397292 -0.00634606 -0.012725 -0.0175052 -0.0207791 -0.023704 -0.0260571 -0.0261737 -0.0231806 -0.0173162 -0.00969598 -0.00360648 -0.00142747 0.00170781 0.0136796 0.0317656 0.0424728 0.0379431 0.02524 0.0166084 0.0161245 0.0182411 0.014735 
0.00847479 0.00144269 -0.00198036 -0.00374826 -0.00740033 -0.0104716 -0.0085323 -0.00268423 0.00354544 0.00964034 0.0146776 0.0154783 0.0108695 0.00311279 -0.00426971 -0.00957296 -0.0138172 -0.0182943 -0.0224271 -0.0243379 -0.0227775 -0.0177454 -0.0108722 -0.00589918 -0.0053562 -0.00495784 0.00288331 0.0167166 0.0252962 0.0219929 0.0131284 0.00894414 0.0115541 0.0154581 0.014746 
0.00717386 0.00468657 0.00338343 0.00298839 0.00245657 0.00276004 0.00461949 0.00633242 0.00791533 0.0121511 0.0178064 0.0195777 0.0154448 0.00817944 0.00146516 -0.00345545 -0.00772943 -0.0123901 -0.0170532 -0.0204906 -0.0213866 -0.0189633 -0.0143394 -0.0105769 -0.0098172 -0.00952284 -0.00439555 0.005162 0.0118885 0.0112993 0.00730104 0.00589803 0.00756337 0.00927744 0.00917226 
-0.00211387 -0.000813653 0.000443296 0.00241153 0.00568999 0.00980246 0.012508 0.0118029 0.0102084 0.0122698 0.0169245 0.018903 0.0160764 0.0105498 0.00513864 0.000875069 -0.00273538 -0.00622908 -0.0097621 -0.0133039 -0.0160047 -0.016398 -0.0146071 -0.0125286 -0.0116042 -0.0108892 -0.00768111 -0.00186261 0.00299445 0.00449276 0.00404296 0.00332081 0.00158182 -0.00115961 -0.0026972 
-0.0163988 -0.0127654 -0.0086747 -0.00367045 0.00288655 0.00950598 0.0127804 0.0113126 0.00891163 0.00995482 0.0133902 0.0152605 0.0138514 0.0101979 0.006136 0.00277079 0.000293203 -0.00150493 -0.00312825 -0.00530194 -0.00783635 -0.00946808 -0.00998745 -0.0102909 -0.0106562 -0.0105382 -0.00923094 -0.00709523 -0.00532957 -0.00410815 -0.00313339 -0.00385591 -0.00808832 -0.0141333 -0.0175585 
-0.0308031 -0.0266013 -0.0200881 -0.0121955 -0.00352711 0.00413277 0.00796675 0.00749005 0.00627021 0.00740015 0.00998294 0.0116474 0.0111893 0.00888196 0.00601676 0.00370722 0.00217219 0.00121993 0.000645123 -4.77625e-05 -0.00118669 -0.00250888 -0.00418498 -0.00648442 -0.00859557 -0.00966778 -0.0102514 -0.011754 -0.0140957 -0.0150891 -0.0142279 -0.0147662 -0.0193045 -0.0260783 -0.0308302 
-0.0408019 -0.0371891 -0.029693 -0.0206902 -0.0117976 -0.00395049 0.00142239 0.00388131 0.00528177 0.00727677 0.0095107 0.0109182 0.010789 0.00926157 0.00745685 0.0061386 0.00489963 0.00348093 0.00262726 0.00268688 0.00279493 0.00197346 -0.000226451 -0.00348192 -0.00651561 -0.0084712 -0.0105191 -0.0146891 -0.0203991 -0.0240626 -0.0245131 -0.0252964 -0.0290233 -0.0346046 -0.0394593 
-0.0446742 -0.0422539 -0.0361278 -0.0289417 -0.0221043 -0.0151375 -0.00825189 -0.00245864 0.00206788 0.00565283 0.00823413 0.00959702 0.00975719 0.00924999 0.00896779 0.0089309 0.00798927 0.0059475 0.00459981 0.00511061 0.00606708 0.00542232 0.00274859 -0.000902882 -0.00414161 -0.00648224 -0.00923325 -0.0143412 -0.0214412 -0.0271622 -0.0297233 -0.03163 -0.0349318 -0.0390646 -0.0429378 
-0.0446709 -0.0435433 -0.0401144 -0.0361204 -0.0321863 -0.0270869 -0.0203547 -0.0131481 -0.00677917 -0.00190131 0.00132102 0.00318179 0.00447114 0.00607556 0.00824671 0.0100583 0.00999583 0.00811636 0.00676054 0.00755329 0.00902834 0.00865342 0.00585603 0.00197359 -0.00160987 -0.00451713 -0.0075418 -0.0121508 -0.0188982 -0.0257645 -0.0304454 -0.0338049 -0.037336 -0.0407107 -0.0433667 
-0.0421449 -0.0421709 -0.0407146 -0.0384414 -0.0357944 -0.031965 -0.0265261 -0.0204396 -0.0149512 -0.0105785 -0.00726209 -0.00454577 -0.00152687 0.00250399 0.00704748 0.0105116 0.0115113 0.0103835 0.0092486 0.0097386 0.01106 0.0110752 0.00886072 0.00515567 0.000827029 -0.00356775 -0.00747147 -0.0113682 -0.016959 -0.0239802 -0.0298739 -0.0339547 -0.0372093 -0.0396449 -0.0411638 
-0.0359259 -0.0374552 -0.0371162 -0.0348979 -0.031631 -0.027348 -0.0225262 -0.0185726 -0.0158802 -0.0134482 -0.0105387 -0.00710821 -0.00297246 0.00212488 0.00745186 0.0114685 0.0132545 0.0131749 0.0124597 0.0123233 0.0129469 0.0132286 0.0121544 0.00950465 0.00485573 -0.00157942 -0.00750298 -0.0115416 -0.0159792 -0.0222258 -0.0279669 -0.0315195 -0.0333202 -0.0339238 -0.0344101 
-0.0264218 -0.0290131 -0.0298391 -0.0284617 -0.0252845 -0.020149 -0.0148962 -0.012546 -0.0127403 -0.0124074 -0.0100283 -0.00625286 -0.00184287 0.00309985 0.00806434 0.0119179 0.0141168 0.0149125 0.0147927 0.014501 0.0147195 0.0151652 0.0151785 0.0141749 0.0102932 0.00257806 -0.00540407 -0.0101792 -0.014 -0.0193734 -0.0243321 -0.0268777 -0.0270535 -0.025653 -0.0248158 
-0.0174751 -0.0181817 -0.0195154 -0.0206073 -0.019829 -0.0154283 -0.0102776 -0.00936824 -0.0122369 -0.0141517 -0.012643 -0.0086997 -0.0039059 0.001309 0.00665993 0.0109453 0.0132385 0.0139255 0.0140564 0.0143888 0.0150467 0.015465 0.0154668 0.0152438 0.0126178 0.00549831 -0.00262322 -0.0077633 -0.0121695 -0.0179872 -0.0227545 -0.0248327 -0.0245471 -0.0220753 -0.0188871 
-0.0153007 -0.0115145 -0.0112045 -0.0133015 -0.014316 -0.0114514 -0.00796742 -0.00940929 -0.015126 -0.0194281 -0.0189894 -0.0149554 -0.00967173 -0.00371118 0.00307869 0.0089203 0.0115191 0.0114535 0.01148 0.0129596 0.0147073 0.0147175 0.0130173 0.0116159 0.00985182 0.00527912 -0.000458135 -0.0054167 -0.0119246 -0.0195909 -0.0242104 -0.025705 -0.0264861 -0.0255861 -0.0212028 
-0.0224828 -0.0159428 -0.0115293 -0.00954384 -0.00759555 -0.00423633 -0.00281803 -0.00722184 -0.015391 -0.0212864 -0.0217614 -0.0183787 -0.0137743 -0.00822151 -0.000826596 0.00637737 0.00975294 0.00961836 0.00985415 0.0123955 0.0150588 0.0142625 0.00991141 0.00608287 0.00457383 0.00315318 0.000913531 -0.00323267 -0.0114986 -0.0197815 -0.0216971 -0.0203203 -0.0226437 -0.0273136 -0.0277027 
-0.0322555 -0.0263492 -0.0163414 -0.00639266 0.00237785 0.00891548 0.00941317 0.00237731 -0.00744239 -0.0139179 -0.0155278 -0.0142951 -0.0120516 -0.00866981 -0.00297728 0.00355819 0.00739956 0.00833912 0.00945961 0.0122817 0.0146116 0.0125878 0.00599192 -8.35048e-05 -0.00207857 -0.00146242 -0.000256974 -0.00153817 -0.00787593 -0.0128662 -0.00885273 -0.00229769 -0.0054482 -0.0181479 -0.0296175 
-0.0368399 -0.0310764 -0.0153754 0.00173241 0.0167019 0.0270619 0.0277843 0.0185347 0.00716259 0.000217708 -0.00318961 -0.00548018 -0.00677683 -0.00661288 -0.00429337 -0.000324539 0.00326605 0.00595056 0.00846535 0.0107253 0.0114534 0.00835415 0.00102558 -0.00645946 -0.00985629 -0.00857843 -0.00356487 0.00129238 0.00190472 0.00363944 0.0131047 0.0222629 0.0169122 -0.00378476 -0.0263647 
-0.0365887 -0.027695 -0.00783142 0.013153 0.0316307 0.04472 0.0461158 0.0352758 0.0220482 0.0136325 0.00731702 0.000406738 -0.00538997 -0.00881526 -0.00958966 -0.00774663 -0.00420151 4.50117e-05 0.00341449 0.00446685 0.00355536 0.000725541 -0.00523827 -0.012922 -0.0177929 -0.0162773 -0.00737518 0.00510248 0.015366 0.0243826 0.0345432 0.0388354 0.0271533 0.000656887 -0.0258836 
-0.0318986 -0.0192035 0.00134423 0.0230259 0.0427363 0.0567599 0.0586443 0.0473637 0.0322481 0.0205312 0.00969967 -0.00247938 -0.0131648 -0.0198481 -0.0218472 -0.0196107 -0.014991 -0.0103377 -0.00804242 -0.00894553 -0.010926 -0.0125176 -0.0159474 -0.0220604 -0.0264552 -0.0241754 -0.0132464 0.00399714 0.0216054 0.0350096 0.0410769 0.0359605 0.0177966 -0.00815959 -0.0284764 
-0.0171406 -0.00459674 0.0113092 0.0299667 0.0483875 0.0609949 0.0622426 0.0513248 0.0350267 0.0195192 0.00428173 -0.0117498 -0.0258142 -0.0344568 -0.036031 -0.0318184 -0.0259545 -0.0223446 -0.0224007 -0.025039 -0.0276379 -0.0288553 -0.030554 -0.0336016 -0.0347879 -0.0311527 -0.0213669 -0.00511173 0.0138841 0.0279742 0.0301572 0.0196354 0.00182676 -0.0150987 -0.0223518 
0.00875976 0.0165481 0.0228532 0.0333189 0.0460828 0.0542232 0.0533435 0.0436331 0.0290341 0.0134268 -0.0023186 -0.0185172 -0.0330433 -0.042017 -0.0433596 -0.0390454 -0.0343339 -0.0330663 -0.0347684 -0.0373479 -0.0397345 -0.041484 -0.0424978 -0.0423423 -0.0401173 -0.0362988 -0.0305497 -0.0198538 -0.00356756 0.0118665 0.0166458 0.00897882 -0.00222559 -0.00692181 -0.0015642 
0.0374351 0.0408734 0.0380029 0.0368833 0.0386263 0.0385492 0.0343523 0.0271669 0.0182959 0.00817654 -0.00348772 -0.0172895 -0.0305646 -0.038789 -0.0409325 -0.039668 -0.0390244 -0.04092 -0.0434654 -0.0450674 -0.0466954 -0.0482904 -0.0479011 -0.0451568 -0.0421316 -0.0408356 -0.0403372 -0.0358358 -0.0215237 0.000595602 0.0168456 0.0181775 0.0130714 0.0148231 0.0258062 
0.0634978 0.0665007 0.0606339 0.0503174 0.0389679 0.0276547 0.0183113 0.0128652 0.010323 0.00772359 0.00140289 -0.0106152 -0.0234074 -0.0308015 -0.0337086 -0.0358304 -0.0390513 -0.0434228 -0.0471501 -0.0494601 -0.0514033 -0.0516709 -0.0475981 -0.0414026 -0.038569 -0.040128 -0.0426823 -0.0410653 -0.0261964 0.00503175 0.0360975 0.048615 0.0467502 0.046388 0.0538609 
0.0899497 0.0919782 0.0868717 0.0735494 0.054313 0.0333744 0.0163954 0.00706516 0.00489318 0.00639835 0.00431004 -0.00644537 -0.0193246 -0.0262403 -0.0292482 -0.032734 -0.0371054 -0.0418172 -0.0465669 -0.0513309 -0.0551225 -0.0536221 -0.0440544 -0.0325228 -0.0275778 -0.0282154 -0.028472 -0.024637 -0.00862038 0.0256464 0.0641811 0.0860723 0.0895071 0.0866108 0.0864052 
0.11292 0.107953 0.102248 0.0929465 0.0774842 0.0548055 0.0296135 0.00896851 -0.00246642 -0.00439807 -0.00517633 -0.013135 -0.0231949 -0.0281 -0.0305126 -0.0341572 -0.0380317 -0.0411476 -0.0449534 -0.0510021 -0.0565348 -0.0539235 -0.0402065 -0.0242701 -0.0153523 -0.0102696 -0.0026561 0.00789092 0.0249605 0.054152 0.0883709 0.113666 0.125307 0.12588 0.119753 
0.120408 0.106933 0.101867 0.103351 0.101443 0.0844798 0.0537201 0.0205736 -0.00465786 -0.0174089 -0.0228193 -0.0282124 -0.0318646 -0.0319286 -0.0330783 -0.0373879 -0.0413507 -0.0423147 -0.0429133 -0.0475067 -0.0535459 -0.0512511 -0.0368595 -0.0190083 -0.00483254 0.00933938 0.0270789 0.045761 0.0649263 0.0869484 0.109634 0.12881 0.142649 0.146913 0.137436 
0.120181 0.106 0.10599 0.118169 0.12663 0.113781 0.08159 0.0445756 0.0118962 -0.0128361 -0.028894 -0.036562 -0.0357032 -0.0314444 -0.0318063 -0.0376601 -0.042654 -0.0418398 -0.0385288 -0.0399428 -0.0449477 -0.0431122 -0.0291307 -0.00822815 0.0148241 0.0392675 0.0633734 0.0857914 0.106324 0.122498 0.13179 0.137474 0.144534 0.148384 0.139165 
0.140043 0.134139 0.139581 0.151739 0.154835 0.137008 0.106856 0.0773591 0.0479873 0.0160437 -0.0125528 -0.0285516 -0.0298759 -0.0257916 -0.026936 -0.0340416 -0.0393646 -0.0368 -0.0299648 -0.0273571 -0.0292678 -0.026475 -0.0123468 0.0129594 0.0459001 0.0773774 0.100267 0.119779 0.140115 0.15304 0.152597 0.147614 0.149285 0.154093 0.150643 
0.184536 0.189289 0.196909 0.198921 0.184655 0.155973 0.12944 0.111385 0.0891725 0.054361 0.0161567 -0.00925978 -0.0168026 -0.0166049 -0.0199247 -0.0273915 -0.0317051 -0.027681 -0.0188084 -0.0127562 -0.0110678 -0.00757466 0.00434593 0.0286826 0.0631225 0.0934993 0.110795 0.126778 0.149342 0.165384 0.165637 0.161564 0.166395 0.176688 0.182531 
