0.199486 0.174573 0.14975 0.136558 0.13103 0.120027 0.0962848 0.0644627 0.0332067 0.00859791 -0.00547907 -0.00816329 -0.00327106 0.00354652 0.00829888 0.00866885 0.00412888 -0.00280877 -0.00757117 -0.00710468 -0.00317415 -0.0011402 -0.00393344 -0.00971262 -0.0174994 -0.0296885 -0.045078 -0.0559434 -0.0563884 -0.0475338 -0.0315868 -0.00623576 0.0312716 0.0756165 0.111672 0.124778 0.115592 0.102961 0.109103 0.140578 0.18124 0.205048 
0.19401 0.171276 0.150047 0.141034 0.138596 0.129374 0.107162 0.0765743 0.0451491 0.0184477 0.000405622 -0.00779571 -0.00812703 -0.00331291 0.00356785 0.00822774 0.00783393 0.00387191 0.000423893 0.000145237 0.00145729 -0.000288481 -0.00737146 -0.0173885 -0.0281669 -0.0401318 -0.0511181 -0.0556681 -0.0524689 -0.0454363 -0.0350644 -0.0146597 0.0206521 0.0627996 0.0934753 0.100586 0.0908044 0.0844051 0.0984951 0.134242 0.175286 0.198746 
0.166716 0.153702 0.141177 0.137616 0.136964 0.127268 0.103894 0.0719754 0.0396694 0.0130613 -0.00486239 -0.0140302 -0.0155023 -0.0102463 -0.00120972 0.00626485 0.00880818 0.00758881 0.00547751 0.00369611 0.000791728 -0.00607048 -0.0175522 -0.0307782 -0.0428047 -0.0523679 -0.0572535 -0.0555935 -0.050854 -0.0487856 -0.0476739 -0.0368331 -0.00878218 0.0284445 0.0564827 0.0654304 0.0631663 0.0653931 0.0815643 0.11078 0.143479 0.165178 
0.136073 0.132462 0.127907 0.126742 0.122426 0.106586 0.0783001 0.044184 0.0133399 -0.00798625 -0.0189931 -0.0223409 -0.0200344 -0.0127811 -0.00311331 0.00451592 0.00787787 0.00817633 0.00663016 0.0026439 -0.00483234 -0.0160803 -0.0299655 -0.0438358 -0.0547903 -0.0604739 -0.0591191 -0.0520672 -0.0459523 -0.0474491 -0.0539531 -0.0525791 -0.0326272 0.000903788 0.0310778 0.0470848 0.0532855 0.0599397 0.0721645 0.090102 0.111458 0.129411 
0.124569 0.124615 0.121017 0.114135 0.0979417 0.0700015 0.0352281 0.00185825 -0.0221622 -0.0329608 -0.033011 -0.0277579 -0.0204721 -0.0117726 -0.00285552 0.0037554 0.00686302 0.00720432 0.00473084 -0.00192846 -0.0127677 -0.0257119 -0.0385282 -0.0495243 -0.0566716 -0.0575228 -0.0511329 -0.0406943 -0.0334788 -0.0357895 -0.0452854 -0.0489359 -0.0335894 -0.000634028 0.0339369 0.0558989 0.0650479 0.0697782 0.0760543 0.0860521 0.100616 0.115983 
0.133831 0.131438 0.12101 0.101101 0.0687688 0.0285057 -0.00964552 -0.037359 -0.0502051 -0.04875 -0.038843 -0.0273907 -0.017698 -0.00939519 -0.00174328 0.00427229 0.00718707 0.00655442 0.00199559 -0.00699274 -0.018968 -0.0306975 -0.039929 -0.0460059 -0.0479286 -0.0439764 -0.0343166 -0.0228981 -0.0159491 -0.0181435 -0.0269792 -0.0301813 -0.0143148 0.0206956 0.0587913 0.0827858 0.0900573 0.090313 0.0924281 0.0996511 0.112315 0.126338 
0.13906 0.130548 0.111545 0.0801313 0.0371727 -0.00763061 -0.0421534 -0.060071 -0.0611867 -0.0500787 -0.0345352 -0.0212457 -0.0123371 -0.00589772 0.000466923 0.00636285 0.00919757 0.00721968 0.000492992 -0.00966809 -0.0206531 -0.0295595 -0.0349813 -0.0368188 -0.0346335 -0.027609 -0.0168347 -0.00622802 -0.000469591 -0.00227263 -0.00838562 -0.00749293 0.0121009 0.0495069 0.0885221 0.111649 0.116359 0.113602 0.113398 0.11857 0.127999 0.137125 
0.114256 0.0991063 0.0769417 0.0449074 0.00460724 -0.0331253 -0.0568861 -0.0632062 -0.0553739 -0.0398841 -0.0239529 -0.0124205 -0.00585524 -0.00141736 0.00380001 0.00930042 0.0116668 0.00844506 0.000336796 -0.00976212 -0.0187867 -0.0250559 -0.0281931 -0.0280238 -0.0241639 -0.0165603 -0.0066725 0.00252608 0.00817562 0.0088891 0.00767313 0.0139481 0.0367201 0.073512 0.109126 0.128531 0.130614 0.125814 0.122742 0.122875 0.124094 0.122471 
0.0598172 0.0401528 0.0213486 -0.000428171 -0.0262227 -0.0481286 -0.0571793 -0.0523811 -0.0391853 -0.0239661 -0.0113196 -0.0032584 0.000919169 0.00385236 0.00779425 0.0119959 0.0131633 0.00894876 0.000399811 -0.00902991 -0.01655 -0.021627 -0.0243672 -0.0240248 -0.0200305 -0.0130055 -0.00449634 0.00399237 0.0116209 0.0175804 0.023028 0.03414 0.0570242 0.0882813 0.115039 0.126359 0.12327 0.115061 0.107855 0.101228 0.0923518 0.0785365 
-0.000387884 -0.0213189 -0.0349795 -0.0442899 -0.0525809 -0.0565721 -0.0510588 -0.0370113 -0.0205346 -0.00679224 0.00234146 0.00721678 0.00936794 0.010852 0.0129333 0.014735 0.013786 0.00849264 1.78275e-05 -0.00864509 -0.0155142 -0.0206291 -0.0239042 -0.0239341 -0.0199405 -0.0130821 -0.0051223 0.00354435 0.0137437 0.024952 0.0361737 0.0500863 0.0699927 0.0919681 0.10585 0.105342 0.0945853 0.0825236 0.0724552 0.0611737 0.0452961 0.0239089 
-0.0428141 -0.0617274 -0.0723219 -0.0743715 -0.0702341 -0.060318 -0.0438711 -0.0234732 -0.00459771 0.00885423 0.0162937 0.0192169 0.0198712 0.0200349 0.0200053 0.0186579 0.0145711 0.0075316 -0.000866649 -0.00851884 -0.0146211 -0.0195228 -0.0228273 -0.0228797 -0.0188287 -0.0120595 -0.00454726 0.00385786 0.0149743 0.0285359 0.0422481 0.0561977 0.0712211 0.0827919 0.0831686 0.0706974 0.0532922 0.0400316 0.0309231 0.0193718 0.0019247 -0.019946 
-0.0597657 -0.0738893 -0.0830904 -0.0835947 -0.0743698 -0.0572995 -0.0352888 -0.0121547 0.00757405 0.0207444 0.0271214 0.0290005 0.0293206 0.0292558 0.0276993 0.0231238 0.0153612 0.00606786 -0.00225785 -0.00826545 -0.012462 -0.0157636 -0.0179375 -0.0176516 -0.0141404 -0.00860371 -0.0028278 0.00374438 0.0134956 0.0264368 0.0396628 0.0514213 0.0606124 0.0625701 0.0520243 0.0313172 0.0110778 -0.000244251 -0.0055502 -0.0136518 -0.0275166 -0.0438216 
-0.0582095 -0.0663639 -0.0739735 -0.0751675 -0.0657438 -0.0471878 -0.0241897 -0.00148926 0.016687 0.0275367 0.0315994 0.0325316 0.0335492 0.0342352 0.0318147 0.0247872 0.0143893 0.00379067 -0.00382607 -0.00754767 -0.00888114 -0.00959617 -0.0101612 -0.00978972 -0.00765721 -0.00437902 -0.00123117 0.00260363 0.00977858 0.0206729 0.0320382 0.0404445 0.0434577 0.037531 0.0203823 -0.00322511 -0.0226553 -0.0312228 -0.0329052 -0.0361463 -0.0432908 -0.0510469 
-0.05009 -0.0534494 -0.0585941 -0.0595085 -0.0509302 -0.0335373 -0.0121816 0.0080292 0.0227981 0.0296056 0.0301299 0.0294149 0.0304942 0.031356 0.028384 0.0207107 0.0104485 0.000991157 -0.00467107 -0.00583999 -0.00439613 -0.00285265 -0.00246884 -0.00270331 -0.00223394 -0.000906709 0.000332926 0.00205257 0.00677773 0.0153421 0.0244476 0.0292336 0.0265301 0.014974 -0.00454244 -0.026725 -0.0434098 -0.0500515 -0.0497301 -0.0486941 -0.049119 -0.0494656 
-0.0434529 -0.0442604 -0.0461223 -0.0444953 -0.0355165 -0.019924 -0.00183857 0.014436 0.0251477 0.0280243 0.0251162 0.0219101 0.0213664 0.0212559 0.018316 0.012158 0.00470958 -0.00147467 -0.00421832 -0.00303788 0.000239191 0.00282044 0.00312811 0.00194113 0.00123187 0.00162507 0.00208638 0.00267045 0.00565758 0.012285 0.0193684 0.0211234 0.0142011 -0.000396677 -0.0191803 -0.0376453 -0.0510384 -0.0565754 -0.0555416 -0.0518192 -0.0481024 -0.0450639 
-0.0397084 -0.0389655 -0.0369359 -0.0315614 -0.021664 -0.00860721 0.0048272 0.0162533 0.0231649 0.0233754 0.0183035 0.0129272 0.0103971 0.00935308 0.00726149 0.0035964 -0.000434716 -0.00310066 -0.00300862 -0.000122645 0.00376932 0.00616142 0.00588893 0.00415422 0.00305021 0.00300532 0.00278208 0.0023806 0.00417925 0.00956912 0.0152142 0.0148784 0.00565006 -0.00943813 -0.0253645 -0.0391118 -0.0491832 -0.0540954 -0.053329 -0.0488036 -0.0438916 -0.0408795 
-0.036232 -0.0333357 -0.027694 -0.0197655 -0.0105206 -0.00132845 0.00682545 0.0135843 0.0175692 0.0165722 0.0111469 0.00533461 0.00216404 0.000971918 -0.000244186 -0.00216536 -0.00394266 -0.00417023 -0.00207996 0.00163699 0.00512116 0.00664499 0.00596295 0.00444866 0.00352571 0.00298922 0.00170419 0.000172956 0.000966614 0.0051788 0.00912411 0.00682662 -0.00341834 -0.017024 -0.0286345 -0.0371191 -0.0437712 -0.0481838 -0.0484023 -0.0445574 -0.0399798 -0.0375212 
-0.0303394 -0.0247789 -0.016912 -0.00881523 -0.00222423 0.00233498 0.00561931 0.00866723 0.010757 0.0097192 0.00542184 0.000759329 -0.00193201 -0.00312194 -0.00426691 -0.00567071 -0.00634148 -0.00507975 -0.00183862 0.00191929 0.00444277 0.00507676 0.00447731 0.00376562 0.00337885 0.00263442 0.000769241 -0.00141917 -0.00180942 6.85315e-05 0.000827003 -0.00398267 -0.0143513 -0.0251285 -0.0318481 -0.0352054 -0.0384188 -0.0419444 -0.0430655 -0.0404479 -0.0364439 -0.0334489 
-0.0221756 -0.014568 -0.00596991 0.000874338 0.00440494 0.00506897 0.00471463 0.00506687 0.00584237 0.00505056 0.00202698 -0.00143478 -0.00372275 -0.00517475 -0.00666748 -0.00796443 -0.0078781 -0.00559494 -0.00187693 0.00133032 0.00277882 0.00288797 0.00280407 0.00314085 0.00362382 0.00346976 0.00210126 -0.000168921 -0.0023203 -0.00419461 -0.00760873 -0.014409 -0.0232704 -0.0301023 -0.0323657 -0.0318759 -0.0323317 -0.0345824 -0.0359372 -0.0343944 -0.0310834 -0.0273361 
-0.0146163 -0.00645862 0.00184254 0.0074266 0.00921153 0.00817596 0.00622957 0.00495908 0.00433685 0.00283871 -0.000176723 -0.00338114 -0.00551312 -0.00687921 -0.00817938 -0.00899876 -0.00815312 -0.00529135 -0.00179249 0.000409177 0.00088277 0.000870648 0.00156226 0.00303447 0.0046331 0.00553017 0.00492013 0.00231666 -0.0020687 -0.00763643 -0.0140645 -0.0208455 -0.0263979 -0.0288093 -0.0277482 -0.0252977 -0.0243508 -0.0255638 -0.0267194 -0.0259719 -0.0237423 -0.0203317 
-0.0095417 -0.0026501 0.00437626 0.0091342 0.0109005 0.0104262 0.00875197 0.00666507 0.00421799 0.000789326 -0.00334452 -0.00659611 -0.00803612 -0.00842549 -0.00874227 -0.00865386 -0.0071379 -0.0042792 -0.00167332 -0.000697388 -0.00086924 -0.00055157 0.00112064 0.00368784 0.00617158 0.00756162 0.00682949 0.00328667 -0.00277887 -0.0100942 -0.0171012 -0.0223099 -0.0244971 -0.0234508 -0.0203738 -0.0173314 -0.0161554 -0.0169577 -0.0178984 -0.0175883 -0.0163626 -0.0141087 
-0.00529568 -0.000705484 0.00435332 0.0084152 0.0105337 0.010567 0.00886238 0.00587377 0.001766 -0.00327641 -0.00791833 -0.0102584 -0.0100319 -0.00882176 -0.00791006 -0.0069644 -0.005162 -0.00289725 -0.00151528 -0.00146236 -0.00155375 -0.000339619 0.00235757 0.00550582 0.00786945 0.00851802 0.00682437 0.00261006 -0.00355165 -0.0104023 -0.0164699 -0.0203006 -0.0207838 -0.0180851 -0.0139966 -0.0108199 -0.00991432 -0.0108355 -0.0117005 -0.0112975 -0.0100951 -0.00835505 
0.000570898 0.00337866 0.00661036 0.00950518 0.0102602 0.00815308 0.00444491 0.000519583 -0.00364163 -0.00818891 -0.0115645 -0.011823 -0.00939121 -0.00663698 -0.00498691 -0.00389363 -0.00251657 -0.00122547 -0.000810389 -0.000894106 -0.000122644 0.0022272 0.00544517 0.00805651 0.00896542 0.00800906 0.00557461 0.00190194 -0.00294504 -0.00850893 -0.013684 -0.0169814 -0.0171605 -0.0142167 -0.00992803 -0.00682198 -0.00629119 -0.00757242 -0.00843419 -0.0073911 -0.00491549 -0.00211728 
0.00760868 0.00948617 0.0110767 0.0117643 0.00910018 0.00304385 -0.00288435 -0.0061667 -0.00799716 -0.0100851 -0.0112883 -0.00952532 -0.00548649 -0.00203701 -0.000623368 -0.000258685 0.000242951 0.000733765 0.000819757 0.00120903 0.00295086 0.00587522 0.00854216 0.00945139 0.00820981 0.00584813 0.00365842 0.00157023 -0.00162771 -0.00632166 -0.0111168 -0.0140697 -0.0142246 -0.0119166 -0.00856461 -0.00618857 -0.00605632 -0.00735034 -0.00763144 -0.00517981 -0.000537243 0.00428835 
0.0129482 0.0131185 0.0122749 0.00998283 0.0041641 -0.00380763 -0.00893797 -0.00901271 -0.00710979 -0.00651357 -0.0064158 -0.00432832 -0.000524593 0.00227576 0.00279557 0.00241662 0.00254429 0.00290517 0.00303503 0.00370742 0.00570524 0.0081535 0.00918835 0.00778356 0.00463006 0.00171806 0.000532197 0.000186207 -0.00172907 -0.00598633 -0.0104981 -0.0128879 -0.0130045 -0.012001 -0.0106642 -0.00970334 -0.00975602 -0.00994909 -0.00803957 -0.00291434 0.00404631 0.0100413 
0.0140396 0.0103441 0.00607644 0.00144165 -0.00469106 -0.0103575 -0.0113626 -0.00713804 -0.00198705 0.000215841 2.28041e-05 0.00037501 0.00225946 0.00391741 0.00411141 0.00395881 0.0045546 0.00514732 0.00506828 0.00536049 0.00684915 0.00808991 0.00691292 0.00306358 -0.0015889 -0.00460478 -0.0048793 -0.00397246 -0.0048644 -0.00842773 -0.0122141 -0.0138572 -0.014035 -0.0144181 -0.0149045 -0.0148394 -0.0142571 -0.0121735 -0.00672223 0.00172614 0.00995771 0.0144944 
0.0104189 0.00196231 -0.00530095 -0.0105202 -0.0143182 -0.0155779 -0.0123427 -0.00537835 0.00139461 0.00437316 0.00351012 0.00195836 0.00238332 0.00412762 0.00528649 0.00593468 0.00681033 0.00715963 0.00651192 0.00627087 0.00718656 0.00713779 0.00366782 -0.00264205 -0.00883781 -0.012296 -0.0123204 -0.0107036 -0.0105103 -0.0126743 -0.0148173 -0.0150387 -0.0147736 -0.0156908 -0.016585 -0.0159313 -0.0139043 -0.0097224 -0.00170707 0.00845825 0.0157213 0.0162666 
0.00450879 -0.0069331 -0.0155645 -0.0203357 -0.0219053 -0.0204465 -0.0157427 -0.00850192 -0.00118179 0.00302109 0.00308985 0.00184965 0.00291398 0.00603813 0.00834678 0.00904702 0.00917412 0.00880008 0.00792383 0.00777797 0.00844142 0.00714438 0.00147859 -0.00711148 -0.014795 -0.0187994 -0.0186658 -0.0163179 -0.0149243 -0.0153573 -0.0150543 -0.0125974 -0.0105238 -0.0108062 -0.0113518 -0.0100643 -0.00757145 -0.00341245 0.00427016 0.0133903 0.0180313 0.0145129 
0.000814167 -0.0113068 -0.0204479 -0.0254634 -0.0269293 -0.0255763 -0.0215337 -0.0146957 -0.00648133 -7.75279e-05 0.00266065 0.00373224 0.0063093 0.00996167 0.0118281 0.0114611 0.0106289 0.0101528 0.0100296 0.0105296 0.0107208 0.0077713 8.80322e-05 -0.00995631 -0.0180406 -0.0214175 -0.019975 -0.0162175 -0.0138326 -0.0133379 -0.0110779 -0.00548479 -0.000528756 0.000447142 -0.00054172 -0.000842497 -0.000588838 0.00122763 0.00691342 0.014289 0.0171345 0.0119534 
0.00279916 -0.00927335 -0.0194319 -0.0260674 -0.0291739 -0.0290081 -0.0251777 -0.0174635 -0.00773729 0.000573875 0.00560683 0.00856263 0.0112212 0.0129703 0.0124681 0.0107494 0.0099492 0.0105776 0.0117959 0.0126051 0.0114493 0.00636441 -0.00270838 -0.0126175 -0.0192307 -0.0202947 -0.0163509 -0.0109306 -0.00849356 -0.00890503 -0.00665764 0.000863076 0.00865019 0.0112726 0.00938592 0.00597164 0.0026554 0.00209905 0.00688005 0.0142028 0.0174659 0.0131128 
0.0100019 -0.00143475 -0.0125286 -0.021236 -0.0266219 -0.0275951 -0.0230111 -0.0137446 -0.00327709 0.00509565 0.0105563 0.0137704 0.014792 0.0130505 0.00949848 0.00687367 0.0069427 0.00895962 0.0109262 0.0110178 0.00783123 0.000870132 -0.00831035 -0.0163495 -0.0201588 -0.0185162 -0.0126909 -0.00695492 -0.00604862 -0.00896287 -0.00839016 -0.000255968 0.0101851 0.0154716 0.01413 0.00906534 0.00394837 0.00303494 0.00847675 0.0166178 0.021044 0.0185174 
0.0184353 0.00946772 -0.000654374 -0.0102577 -0.0176158 -0.0199627 -0.0153179 -0.00581452 0.00363025 0.0103935 0.0150368 0.01769 0.0167662 0.0118573 0.00593223 0.00284512 0.00350673 0.00580739 0.00706534 0.00548847 0.000402771 -0.00733863 -0.0151974 -0.0203666 -0.0214165 -0.0184026 -0.012961 -0.00905523 -0.0106274 -0.0157701 -0.0162628 -0.00705434 0.00662308 0.0156051 0.0164953 0.0121915 0.00782987 0.00810188 0.014009 0.0214693 0.0255016 0.0242859 
0.0239745 0.0179169 0.0104511 0.00236177 -0.00465541 -0.00741954 -0.00358107 0.00466414 0.0123283 0.0173687 0.0208713 0.0224501 0.0197966 0.0128983 0.00570236 0.00216592 0.00228903 0.00318517 0.00230831 -0.00136425 -0.00760609 -0.0148054 -0.0203581 -0.0225917 -0.0217648 -0.0188814 -0.0152579 -0.0135243 -0.0161685 -0.0208989 -0.0199117 -0.00815235 0.00901856 0.0211486 0.0237026 0.0201184 0.0166418 0.0177693 0.0232676 0.0286338 0.0302366 0.0282411 
0.0243725 0.0182204 0.0133819 0.0102395 0.00856418 0.00863169 0.0118809 0.0180748 0.0242828 0.0285185 0.0307393 0.0301016 0.0251518 0.0168643 0.00904905 0.00475263 0.00328324 0.00171495 -0.00185055 -0.00742255 -0.0139422 -0.0195854 -0.0224348 -0.0221727 -0.020135 -0.0173253 -0.0140582 -0.0115869 -0.011626 -0.0125933 -0.00814216 0.00630166 0.0255697 0.0385686 0.039996 0.03398 0.0283239 0.0284403 0.0337297 0.0381622 0.0369537 0.031204 
0.0187124 0.00987944 0.0086123 0.0150101 0.0237333 0.028505 0.0293601 0.0307891 0.0346113 0.0389021 0.0407508 0.0379174 0.0302948 0.0204334 0.0118956 0.00661544 0.00347582 -0.000167051 -0.00565452 -0.0122482 -0.0182236 -0.0218088 -0.0221268 -0.020053 -0.017009 -0.0128342 -0.0065684 0.000805821 0.00663447 0.0108 0.0181644 0.0332309 0.0517624 0.0626806 0.0597927 0.047574 0.0360005 0.0329296 0.0385112 0.0443979 0.0420451 0.0314144 
0.0105081 0.00139792 0.00701786 0.0259437 0.045096 0.0508126 0.0435234 0.0351408 0.0342427 0.0394739 0.0439058 0.0418467 0.0329309 0.0212632 0.0114009 0.0051941 0.0012474 -0.00311957 -0.00912408 -0.0156555 -0.0205152 -0.0220707 -0.0204458 -0.0172863 -0.0133182 -0.00664623 0.00462938 0.0185051 0.0301521 0.0377229 0.0454439 0.0582475 0.0729359 0.0788649 0.0695296 0.0500296 0.0322585 0.0257349 0.0312257 0.0393835 0.038671 0.0265318 
0.0119779 0.00840838 0.0224006 0.050072 0.0719818 0.0707161 0.0500033 0.0293988 0.0232633 0.0305174 0.0402226 0.0421967 0.034041 0.0208726 0.00949095 0.00284593 -0.00085554 -0.00497148 -0.0108729 -0.0170724 -0.0209571 -0.0210663 -0.0182047 -0.0142872 -0.00928013 -0.000218813 0.0147805 0.0322809 0.045824 0.0529692 0.0581543 0.0665685 0.0754564 0.0750363 0.0599554 0.0367377 0.0177689 0.010983 0.0161274 0.0257441 0.029645 0.0231903 
0.0360845 0.0423281 0.0607935 0.0863286 0.0993023 0.0848561 0.0513008 0.0221106 0.0130227 0.0218083 0.0351088 0.0403544 0.0337075 0.0205657 0.00923093 0.00343048 0.000677207 -0.00326499 -0.00966841 -0.0162668 -0.0200176 -0.0196621 -0.016185 -0.0112897 -0.00482085 0.00553409 0.0203754 0.035518 0.0450377 0.0476067 0.0481133 0.0514133 0.0550244 0.0508405 0.0354934 0.016323 0.00394299 0.00182711 0.0073648 0.0174258 0.0279001 0.0339998 
0.0798654 0.0952813 0.110951 0.123501 0.120272 0.0934322 0.0536942 0.0223846 0.0118652 0.018178 0.0287614 0.0330935 0.02824 0.0185349 0.0106573 0.00727656 0.00534696 0.000660344 -0.00714464 -0.0147088 -0.0188207 -0.0185845 -0.014734 -0.00848927 -0.000508216 0.009129 0.0190477 0.0258235 0.0265864 0.0224618 0.0183767 0.0181333 0.0199109 0.018247 0.0112557 0.00443392 0.00408195 0.00883782 0.0146221 0.0238486 0.0405439 0.0613951 
0.123211 0.141594 0.148228 0.144696 0.128239 0.0969439 0.0590474 0.0292706 0.0155149 0.0140189 0.0163859 0.0173409 0.0159231 0.0133692 0.0115243 0.0106657 0.00826005 0.00178813 -0.00740604 -0.015125 -0.0186935 -0.018038 -0.0136592 -0.00629923 0.0020398 0.00824957 0.00947055 0.00480012 -0.00394749 -0.0128777 -0.0178556 -0.0170416 -0.0117194 -0.00443458 0.00338447 0.0124977 0.0230755 0.0310057 0.0341577 0.0409382 0.0616349 0.0934525 
0.150709 0.162859 0.158097 0.143932 0.124186 0.0972724 0.0649921 0.0356107 0.0156278 0.00444486 -0.00104523 -0.00154583 0.00241165 0.00765555 0.0108078 0.0104314 0.00586391 -0.00261609 -0.011914 -0.0177967 -0.0189805 -0.0169087 -0.0123466 -0.00548815 0.000917071 0.00158941 -0.00663757 -0.0211293 -0.0354533 -0.0439562 -0.0442114 -0.0367951 -0.0229862 -0.00330402 0.0200748 0.0417922 0.0561174 0.0599808 0.0575834 0.0625251 0.0856742 0.120933 
0.167697 0.166225 0.151318 0.134276 0.119102 0.0997853 0.0718151 0.0403419 0.0136017 -0.00477479 -0.0139467 -0.0130484 -0.00437319 0.00532271 0.0100453 0.00825454 0.00126336 -0.0082858 -0.0162083 -0.018892 -0.0167829 -0.0132526 -0.00988174 -0.00608837 -0.00397199 -0.00918668 -0.0240339 -0.0426442 -0.0559004 -0.0586249 -0.0507177 -0.0341278 -0.00976849 0.0221253 0.0567108 0.0829608 0.092407 0.0876023 0.0817034 0.0902412 0.117198 0.149066 
0.185573 0.169184 0.147086 0.131356 0.121958 0.108108 0.0823795 0.0494132 0.0187758 -0.0034374 -0.0142674 -0.0130218 -0.00382228 0.00571161 0.0100056 0.00776099 0.000461585 -0.00856022 -0.0147184 -0.014895 -0.0106673 -0.00692882 -0.00620253 -0.00717001 -0.0103738 -0.0202003 -0.0372329 -0.0536856 -0.0607172 -0.0559187 -0.0411874 -0.0174818 0.01582 0.056685 0.0953915 0.117401 0.116776 0.104876 0.102293 0.121649 0.155491 0.181976 
