0.393981 0.28882 0.140179 0.0320536 -0.0222698 -0.023745 -0.0069987 0.00100966 -0.00116012 0.00129892 0.0135548 0.0300381 0.0465379 0.0684789 0.147552 0.310279 
0.246942 0.205602 0.13133 0.0449418 -0.0153662 -0.0178784 -0.00370864 -0.00645255 -0.0156777 -0.0153023 -0.00653192 0.0137084 0.0333776 0.0412975 0.0805794 0.183108 
0.0691505 0.103072 0.106094 0.0518844 -0.00464384 -0.0147988 -0.00860345 -0.0137485 -0.0210741 -0.0165324 -0.00820342 0.004571 0.0151699 0.0134508 0.0116788 0.0308264 
-0.00610539 0.0570795 0.0821297 0.0475139 0.00390912 -0.0166073 -0.0232864 -0.0228432 -0.0186231 -0.00894522 -0.00177857 0.00110534 0.00586266 0.00898607 -0.00873378 -0.0334816 
-0.00931208 0.0380044 0.0466183 0.022363 -0.00140595 -0.0237816 -0.0383505 -0.0334186 -0.0205928 -0.00996124 -0.00203334 0.000989365 0.0086163 0.018924 0.00278771 -0.0276009 
-0.0152989 0.00785304 0.0159433 0.00707635 -0.00472418 -0.0239608 -0.0366059 -0.0316167 -0.0209265 -0.0125741 -0.000817834 0.00738248 0.0191464 0.0306064 0.0166991 -0.0114188 
-0.0168039 -0.0021794 0.0184798 0.0162639 0.00260133 -0.0101322 -0.0150572 -0.0155798 -0.0144275 -0.0115357 0.00141999 0.0184505 0.0375358 0.0503448 0.0388703 0.0084381 
0.0247592 0.0345418 0.0488862 0.0351682 0.016342 0.00881184 0.00633189 -0.000377743 -0.00487006 -0.00559049 0.00411677 0.0236008 0.0428571 0.0603527 0.0692481 0.0531756 
0.0787899 0.0860858 0.0735023 0.0363901 0.012581 0.00860133 0.00739888 0.00285851 -0.000664853 -0.00222009 0.00122146 0.00951905 0.0177369 0.0331835 0.0597833 0.0776738 
0.0975101 0.101161 0.0651762 0.0228125 0.00417563 0.00381263 0.00336619 0.000711415 -0.00344092 -0.00553739 -0.00470133 -0.00277635 0.00172158 0.00926819 0.0268084 0.0621785 
0.0635531 0.0572461 0.0242985 0.00914171 0.00769581 0.00650357 0.00168443 -0.00299805 -0.00715467 -0.00813236 -0.00400531 0.00532241 0.0176867 0.0203782 0.015385 0.0321547 
-0.00118509 -0.0158582 -0.0233704 -0.00656859 0.00617138 0.00193242 -0.00737996 -0.0112384 -0.0106867 -0.00832231 -0.00155173 0.0131956 0.0307807 0.0357053 0.0191507 0.00351984 
-0.0337495 -0.0490498 -0.0400861 -0.0120478 0.00470474 -0.00248335 -0.0149452 -0.0165584 -0.0112702 -0.00680661 -0.00344334 0.00440564 0.0177414 0.0269785 0.0165253 -0.00899031 
-0.0072471 -0.0234036 -0.0211701 -0.00330567 0.00905714 0.00299953 -0.00828597 -0.0100274 -0.00693259 -0.00645655 -0.00966609 -0.0110955 -0.00488967 0.00601925 0.0127726 0.00788249 
0.0314855 0.0201521 0.0130307 0.011461 0.0121795 0.00961165 0.00522193 0.00267159 -0.00179476 -0.00839272 -0.0146625 -0.018803 -0.0162027 -0.00468068 0.0145654 0.0303648 
0.0390253 0.0404199 0.0348715 0.0209681 0.012129 0.0117391 0.0133413 0.0115759 0.00307431 -0.00698184 -0.0128331 -0.0168453 -0.0157639 -0.00326415 0.0164608 0.031664 
0.0118215 0.0204829 0.025855 0.018445 0.0115618 0.0126906 0.0148486 0.0132066 0.00542672 -0.00289221 -0.00605445 -0.00818421 -0.00925873 -0.0035281 0.00485368 0.0082021 
-0.0226452 -0.0124484 0.00292233 0.00840208 0.0102583 0.0140136 0.0146537 0.0111127 0.00506936 0.00155319 0.00147615 0.00172891 -0.000566493 -0.00697142 -0.0156885 -0.0227216 
-0.0319903 -0.024553 -0.0127376 -0.00588196 0.0016772 0.0104278 0.0130064 0.00822263 0.00356057 0.00416713 0.00508252 0.00549198 0.00461877 -0.00619036 -0.0234751 -0.0333588 
-0.0238266 -0.0249815 -0.0247783 -0.0192049 -0.00522012 0.00752988 0.0111022 0.00618346 0.00160998 0.00146452 0.00148211 0.00155918 0.000336466 -0.00995281 -0.0238105 -0.0275334 
-0.0166605 -0.0211894 -0.0233359 -0.0158862 -0.000780889 0.00752941 0.00757599 0.00400374 -0.000193412 -0.00402761 -0.00649347 -0.00781545 -0.0108064 -0.0170487 -0.0217754 -0.01952 
-0.0186777 -0.0160285 -0.00978439 -0.00208712 0.00513562 0.00550984 0.00421223 0.00357942 -0.000288121 -0.00774052 -0.0143712 -0.0179572 -0.018453 -0.0170435 -0.0176937 -0.018908 
-0.0260365 -0.0166113 -0.00431579 0.00197271 0.00302639 0.00112675 0.00260238 0.00475081 0.000960462 -0.00831091 -0.0169896 -0.0200013 -0.0180076 -0.015884 -0.0196485 -0.0258316 
-0.0316794 -0.026128 -0.0125816 -0.00565588 -0.00541962 -0.00543369 -0.00066536 0.00456872 0.00346664 -0.00364346 -0.00906505 -0.00844106 -0.00942869 -0.0150806 -0.0205492 -0.0262754 
-0.0392134 -0.0391088 -0.0218112 -0.0122819 -0.0132121 -0.0127783 -0.00536034 0.00374025 0.00655254 0.00352158 0.00240288 0.00441728 0.000445827 -0.00887259 -0.0144875 -0.0229488 
-0.0468435 -0.046869 -0.0295929 -0.0169223 -0.0174185 -0.0188166 -0.0112239 0.000627501 0.00702093 0.00866958 0.00968102 0.00735177 0.00148285 -0.00453685 -0.012346 -0.0274657 
-0.0416183 -0.0411866 -0.0295606 -0.0151776 -0.0143932 -0.0198573 -0.0178919 -0.00884929 0.00055738 0.00930828 0.0136845 0.00848759 0.00133676 -0.0025942 -0.0126965 -0.0288835 
-0.0140259 -0.0176177 -0.014764 -0.0048865 -0.00539668 -0.013922 -0.0193031 -0.0175362 -0.0082938 0.00498586 0.0122983 0.0110172 0.00700492 0.00239505 -0.00479856 -0.0102227 
0.0138795 0.00282059 -0.0035183 0.000213655 0.00092051 -0.00466095 -0.0118381 -0.0151881 -0.00995086 0.000189309 0.00537461 0.00768914 0.00899791 0.00648234 0.0071444 0.0140101 
0.0126722 -0.00197575 -0.0104751 -0.00355045 0.00412005 0.00357688 -0.00181787 -0.00622877 -0.0051788 -0.000971189 0.000973622 0.00213861 0.00245898 0.000494631 0.00483855 0.0134604 
-0.000848153 -0.0138884 -0.0248471 -0.0109765 0.00567326 0.00678619 0.00177848 -0.000616641 -0.000108759 0.00105254 0.00282992 0.00422451 0.000346031 -0.0088415 -0.00955646 -0.00417205 
0.0114949 0.00761065 -0.0178585 -0.0152412 0.000497399 0.000285145 -0.00432798 -0.00207802 0.00221383 0.0049321 0.0106877 0.0182767 0.0161662 -0.000108621 -0.010986 -0.00776654 
0.0387927 0.0527055 0.0156276 -0.00833158 -0.00680734 -0.00700926 -0.0076095 -0.00310404 0.00225469 0.00789724 0.0188909 0.0318369 0.0376868 0.0280504 0.0082826 0.00347451 
0.0445293 0.079885 0.0565813 0.0177676 -0.00146184 -0.00441808 -0.000801048 -0.000239086 -0.0018464 0.00260828 0.015572 0.0287648 0.0422857 0.0462985 0.0208529 0.00431256 
0.0440901 0.0867787 0.0848335 0.0480363 0.0128575 0.0014629 0.00372696 -0.000663357 -0.0101442 -0.0112883 -0.00218591 0.00574611 0.0172112 0.0304176 0.0178463 0.0077006 
0.0563572 0.0909267 0.0971689 0.0644173 0.0240911 0.00420744 0.000483624 -0.00462151 -0.0157066 -0.0237823 -0.0266315 -0.0295246 -0.0230725 -0.000657192 0.0161817 0.0271385 
0.0406323 0.0629405 0.0807461 0.0666365 0.0368592 0.0137447 0.001387 -0.00475194 -0.0121691 -0.0238215 -0.0403219 -0.0545201 -0.0497286 -0.021757 0.0109996 0.0287548 
0.00275761 0.0159023 0.0488356 0.0583468 0.0435876 0.0246412 0.00755192 -0.00266026 -0.005185 -0.0117563 -0.0290693 -0.045638 -0.042459 -0.0147604 0.0165678 0.0189705 
0.00926576 0.0252413 0.0491198 0.0476421 0.0286028 0.0141376 0.00351658 -0.00621286 -0.0066479 -0.00210768 -0.00515821 -0.0148964 -0.0138571 0.0119463 0.0386143 0.0293591 
0.0721311 0.0822824 0.0651279 0.029529 -0.00102163 -0.0118967 -0.00958583 -0.0113041 -0.0126089 -0.0035714 0.00531222 0.00201056 0.00123485 0.0253343 0.0572123 0.0661654 
0.204652 0.165699 0.0813342 0.0127884 -0.02352 -0.0302253 -0.0177297 -0.00922675 -0.00984234 -0.00274418 0.0110169 0.0136457 0.0142162 0.0388208 0.096094 0.166113 
0.366548 0.265225 0.115077 0.0155938 -0.0285544 -0.0320381 -0.0152692 -0.00125009 0.000534654 0.00622758 0.0217065 0.0312649 0.0377335 0.0641855 0.150145 0.295449 
