0.432771 0.231698 0.0771444 0.0415277 0.0324927 0.0236514 0.00851249 -0.00703329 -0.00756954 -0.00208305 -0.00548429 -0.0147118 -0.0137234 0.0196011 0.158556 0.390452 
0.162188 0.082738 0.0449962 0.0509906 0.0389897 0.0125864 -0.00683412 -0.0093643 -0.00277919 -0.00029479 -0.0051302 -0.0127949 -0.0140394 0.00121317 0.0627489 0.153327 
0.00773547 -0.0148669 0.00202446 0.0277326 0.0217916 -0.0040952 -0.0147788 -0.00148021 0.00832769 0.00660951 0.0025918 -0.00285448 -0.00522275 0.00086078 0.0196712 0.0276398 
-0.0332796 -0.0293242 -0.00599342 0.014067 0.0098189 -0.0122501 -0.0171271 0.00112482 0.00786535 0.00335026 0.00445181 0.00839318 0.00812328 0.00208287 -0.0011647 -0.0172487 
-0.008098 0.00950151 0.0182691 0.0199953 0.0143792 -0.00351898 -0.0104726 -0.00344656 -0.00770543 -0.0139624 -0.00377949 0.0152581 0.0250761 0.0197531 0.0122121 -0.00589627 
0.0254895 0.0518983 0.0461641 0.0328139 0.0295799 0.0185993 0.00789734 -0.00267091 -0.0206128 -0.0292243 -0.0131602 0.0182895 0.0405647 0.0427703 0.0360008 0.0179348 
0.0331825 0.0692176 0.0700717 0.0573084 0.0514014 0.0389591 0.0251233 0.00491643 -0.0177851 -0.0277912 -0.0154502 0.0176593 0.0438638 0.0465579 0.0382877 0.0214834 
0.0361804 0.0661688 0.07086 0.0626071 0.0528416 0.0402585 0.029742 0.0118046 -0.00575245 -0.0154586 -0.0131617 0.0113 0.0331167 0.0316492 0.0263456 0.0226361 
0.0545257 0.0605259 0.0516267 0.0418041 0.0312659 0.0233704 0.020594 0.0112457 0.0027283 -0.00445912 -0.0100804 0.00458699 0.0206909 0.0163171 0.0213511 0.0403243 
0.0533344 0.0440131 0.0310274 0.0206151 0.00936377 0.00527217 0.00775907 0.00608106 0.00589806 0.00485774 0.00117104 0.0136961 0.0278499 0.02164 0.0253147 0.046308 
0.0178876 0.0114577 0.0136233 0.0122975 0.00350865 -0.00240954 -0.00420059 -0.00346445 0.00180469 0.00777146 0.0121541 0.0270208 0.044436 0.0416319 0.0275181 0.0236105 
-0.0127698 -0.0108669 0.00594326 0.0186176 0.0178557 0.00429629 -0.0111455 -0.0140923 -0.00755569 0.000613984 0.00752146 0.0188639 0.0354529 0.0412646 0.0203514 -0.00110763 
-0.017474 -0.0115791 0.00623187 0.0203721 0.0244093 0.010063 -0.00990562 -0.0167865 -0.0147212 -0.0113496 -0.00804053 -0.00166516 0.00799057 0.018849 0.0116616 -0.00589279 
-0.00622248 -0.0018318 0.0085383 0.0144571 0.0166602 0.00756674 -0.00568444 -0.0120207 -0.0154489 -0.0196076 -0.0224717 -0.0194807 -0.0134246 0.00236788 0.0137023 0.00563704 
0.006523 0.00707668 0.00720851 0.00546021 0.00559884 0.0026055 -0.00393462 -0.00891498 -0.0138648 -0.0199262 -0.0263935 -0.0288313 -0.0245132 -0.00395681 0.0171651 0.0154065 
0.00829658 0.00897001 0.0017892 -0.00434996 -0.00418591 -0.00296905 -0.00523668 -0.00939673 -0.0121645 -0.0115148 -0.0141103 -0.0222803 -0.0251744 -0.010648 0.00647192 0.00832392 
0.00146912 0.000798737 -0.00698144 -0.0117059 -0.00902541 -0.0061449 -0.00709923 -0.0105406 -0.00916659 -0.000934057 0.000933624 -0.00927833 -0.0199235 -0.0194595 -0.0101497 -0.00305992 
-0.0105892 -0.0136365 -0.0176599 -0.0182466 -0.0119747 -0.00687994 -0.00783147 -0.0110565 -0.00691846 0.00277583 0.00491303 -0.00184094 -0.0117648 -0.0199272 -0.0185145 -0.0124367 
-0.0171642 -0.0207711 -0.0227914 -0.0229688 -0.0167412 -0.0100813 -0.00934338 -0.0109679 -0.00724148 -0.00131588 0.00114961 0.00261019 0.00133182 -0.00472616 -0.0106557 -0.0142773 
-0.0164684 -0.0196778 -0.0218128 -0.0226908 -0.0184731 -0.0108425 -0.00606759 -0.0057565 -0.00625755 -0.00715148 -0.0057315 -0.000272623 0.00169593 -0.00283895 -0.00989464 -0.0143644 
-0.0200141 -0.0199154 -0.0195854 -0.0178326 -0.0135312 -0.00558685 0.00092977 0.00113483 -0.00369951 -0.0090709 -0.0102339 -0.00893797 -0.0119244 -0.0195142 -0.0249471 -0.0231433 
-0.0241053 -0.0179186 -0.0141001 -0.0124979 -0.00920866 -0.00140473 0.00429287 0.00397281 -0.00116356 -0.00573918 -0.00691836 -0.00935932 -0.0163405 -0.026303 -0.0322868 -0.029829 
-0.0269689 -0.0174262 -0.0110474 -0.0112799 -0.00869266 1.02315e-05 0.00480772 0.00446415 0.00202219 0.000951976 0.00245418 0.0014981 -0.00668312 -0.0203699 -0.0291715 -0.0301128 
-0.029463 -0.0189758 -0.0108285 -0.011148 -0.00886188 -0.000678972 0.00345766 0.00514704 0.00758974 0.00999781 0.0118716 0.0114817 0.00402029 -0.0115429 -0.0244763 -0.0300512 
-0.0221184 -0.0125135 -0.00757402 -0.00851004 -0.00706797 -0.0015134 0.00193142 0.00733217 0.0145102 0.0175228 0.0142298 0.0095801 0.00603123 -0.00232513 -0.0147938 -0.0236005 
-0.0135661 -0.00706498 -0.00287163 0.000325442 0.00242694 0.00421458 0.00525879 0.0109915 0.0183398 0.0184986 0.00908434 0.00105329 0.00347335 0.00606164 -0.00104657 -0.0120337 
-0.0106714 -0.00549064 0.00643697 0.0166515 0.0164469 0.0107953 0.00608771 0.00842387 0.0133609 0.0109319 0.000993907 -0.00205471 0.00885935 0.0191269 0.0145446 -0.00106054 
-0.0148001 -0.002596 0.0158558 0.024138 0.0165676 0.00633669 0.00130982 0.00347299 0.00653299 0.00316677 -0.00228432 0.00253253 0.0146506 0.0181022 0.00590057 -0.00924599 
-0.0268185 -0.00981794 0.00616744 0.0107848 0.000712649 -0.00593522 -0.00189237 0.00572295 0.00705831 0.00329025 0.00279284 0.00918911 0.0129373 0.000702657 -0.0244928 -0.0343763 
-0.0135389 -0.00627295 -0.00134828 0.0040954 -0.00134312 -0.00499285 0.00265057 0.011309 0.0112587 0.00962957 0.0122526 0.0133907 0.0090496 -0.00637147 -0.0278773 -0.0270088 
0.0205777 0.0122188 0.00559015 0.0146135 0.0185344 0.0137923 0.0109927 0.00967251 0.00986405 0.0144786 0.0195863 0.0144632 0.00444133 -0.00293318 -0.00265762 0.0118955 
0.0401497 0.0179378 0.00342667 0.0180567 0.032619 0.0262561 0.0102952 -0.00134266 0.00039861 0.0106717 0.0193647 0.0151314 0.00475551 0.00415126 0.0215607 0.0424492 
0.0479694 0.0153846 -0.00588207 0.00910198 0.0279263 0.0218787 0.000893597 -0.0131088 -0.0100759 0.00149198 0.0121515 0.0131529 0.00839223 0.0126198 0.0357315 0.0577892 
0.0406697 0.0142571 -0.00262485 0.00776835 0.020547 0.0129652 -0.00800162 -0.019173 -0.0148803 -0.00615664 0.000338603 0.00263368 0.00570429 0.0126463 0.0284939 0.0462905 
0.0270205 0.0241879 0.0201937 0.0212902 0.0182397 0.00155451 -0.0201586 -0.0266267 -0.0202513 -0.0149992 -0.0150381 -0.0131394 -0.000792103 0.00772364 0.0101583 0.019156 
0.0149978 0.035881 0.0468364 0.0434495 0.024157 -0.00308629 -0.0250882 -0.0296328 -0.024551 -0.0232499 -0.0260405 -0.0220906 -0.00870054 -0.00786201 -0.0168187 -0.00971419 
-0.00164552 0.0277029 0.0449116 0.0401109 0.015237 -0.00910229 -0.0222313 -0.0240659 -0.0215754 -0.023567 -0.0254395 -0.0191419 -0.0130585 -0.0253525 -0.0435388 -0.0353486 
0.00221597 0.0181117 0.0202023 0.00628179 -0.0134455 -0.0205567 -0.0168627 -0.0143082 -0.0129203 -0.0144567 -0.0159257 -0.0114542 -0.00863019 -0.0208118 -0.038336 -0.0278197 
0.0551103 0.0297606 -0.00221725 -0.0251155 -0.0345003 -0.0241694 -0.00799461 -0.00472544 -0.00581823 -0.0068427 -0.0112513 -0.0107523 -0.00326635 -0.00202782 0.000701895 0.0339629 
0.189335 0.0775062 -0.0155287 -0.0458194 -0.0424825 -0.0171531 0.00452966 0.00167318 -0.0064618 -0.00928073 -0.0167256 -0.0217051 -0.0110346 0.00955877 0.0634826 0.170617 
0.460098 0.211341 0.0182269 -0.0335513 -0.0270342 0.00282509 0.0203108 0.00680739 -0.00841433 -0.0118251 -0.0193546 -0.0316932 -0.0235087 0.0274311 0.182189 0.432707 
0.619097 0.311755 0.0721785 0.00945913 0.00847749 0.0234499 0.0248044 0.00511718 -0.00642553 -0.00502096 -0.00988101 -0.0237812 -0.0193693 0.0411429 0.247949 0.576724 
