0.230385 0.195374 0.16428 0.142911 0.121746 0.104066 0.0918826 0.0756642 0.0510493 0.0267649 0.013199 0.00747562 0.000176716 -0.0117883 -0.0227776 -0.0255613 -0.0230097 -0.0215324 -0.0219926 -0.023005 -0.0237146 -0.0250072 -0.0290655 -0.0348982 -0.0375325 -0.0336102 -0.0256381 -0.0195657 -0.0181481 -0.0175851 -0.0114605 0.00227179 0.022273 0.0467943 0.0691482 0.0843177 0.0974405 0.111922 0.125892 0.142505 0.169306 0.208022 0.237709 
0.202836 0.174513 0.148706 0.129858 0.11059 0.0970447 0.0890937 0.0736794 0.048816 0.028128 0.0201799 0.0158849 0.00477658 -0.0112636 -0.0237222 -0.0269956 -0.0248593 -0.0233894 -0.0240027 -0.0258207 -0.0265668 -0.0255777 -0.0266313 -0.031669 -0.0356367 -0.032539 -0.0242563 -0.0183179 -0.0173871 -0.0172621 -0.0117247 0.00222022 0.0231287 0.0474641 0.0677818 0.0813083 0.0970882 0.121007 0.147212 0.166561 0.178495 0.193804 0.20938 
0.15699 0.136356 0.120099 0.111441 0.104176 0.100706 0.0959458 0.0791108 0.0556461 0.0401026 0.0342542 0.0272135 0.0134174 -0.00240128 -0.01455 -0.0206146 -0.0220491 -0.0217883 -0.021961 -0.0234417 -0.0239174 -0.0218701 -0.0216213 -0.0266366 -0.0318829 -0.0298654 -0.0217519 -0.0152957 -0.0134303 -0.0130319 -0.0085315 0.00391491 0.0222931 0.0418797 0.0580532 0.0721502 0.092511 0.122629 0.155423 0.175963 0.175819 0.168502 0.166171 
0.11118 0.0982867 0.093529 0.0985364 0.108696 0.117784 0.112529 0.0885821 0.0629152 0.0498491 0.0439464 0.0352311 0.0228888 0.0100234 -0.00266446 -0.0135551 -0.019684 -0.0208402 -0.0198965 -0.0193936 -0.0186387 -0.0172038 -0.0184393 -0.0240721 -0.0292629 -0.0280003 -0.0213947 -0.015128 -0.0113541 -0.00864413 -0.00265967 0.0102647 0.0264272 0.0399826 0.0499555 0.0612548 0.0810402 0.110758 0.142985 0.162605 0.158488 0.140202 0.124409 
0.0706316 0.0638968 0.0682667 0.0835846 0.106744 0.122919 0.112194 0.0786513 0.0501593 0.0404373 0.0387149 0.0343051 0.0266328 0.0164089 0.00277041 -0.0107432 -0.0184512 -0.0198502 -0.0183976 -0.0166102 -0.0149112 -0.0146901 -0.0181539 -0.0240133 -0.0276908 -0.0262028 -0.0215931 -0.0171115 -0.0127433 -0.0075701 0.00116882 0.0163753 0.0332034 0.0438805 0.0470176 0.0483221 0.0574288 0.0794347 0.108047 0.128609 0.12864 0.110107 0.087228 
0.040557 0.0370399 0.0435511 0.0596827 0.0833826 0.0959774 0.0778714 0.0404933 0.0155573 0.0145284 0.0230031 0.026345 0.0218414 0.012531 0.000684578 -0.00977139 -0.014858 -0.0154517 -0.0143997 -0.0131284 -0.0123219 -0.0138025 -0.0183925 -0.0234043 -0.0254124 -0.0234153 -0.0200077 -0.0175981 -0.0146078 -0.00961606 -0.00118464 0.0135922 0.0311386 0.0419098 0.0405012 0.0312021 0.026977 0.0385479 0.0630552 0.0862936 0.093279 0.0796762 0.0568123 
0.0217141 0.0179411 0.0202244 0.0304368 0.0465894 0.0503823 0.0282779 -0.00432331 -0.0200614 -0.0111223 0.0077535 0.0184085 0.0154664 0.00629588 -0.00232315 -0.00817575 -0.0106203 -0.0105402 -0.00914217 -0.00789171 -0.0086069 -0.0121469 -0.0169653 -0.0205484 -0.0215983 -0.0196943 -0.016705 -0.0151899 -0.0139237 -0.0114892 -0.00712519 0.0027188 0.017114 0.0272433 0.0258207 0.0152057 0.00642253 0.0102447 0.0279233 0.048867 0.0583172 0.0504366 0.0339118 
0.00448386 -0.00261655 -0.0060712 -0.00109947 0.00971595 0.00990775 -0.00904777 -0.0322801 -0.0399267 -0.0272181 -0.00464419 0.0111187 0.0115285 0.00344078 -0.00405267 -0.00867227 -0.0103875 -0.0090317 -0.00542787 -0.00258302 -0.00384095 -0.00871806 -0.0132053 -0.0152247 -0.0155858 -0.0143826 -0.0122864 -0.0112532 -0.0108659 -0.0105934 -0.0105432 -0.00753652 -0.000461809 0.00585995 0.00711809 0.00376282 -0.000725334 -0.000910871 0.00791881 0.0213402 0.0278408 0.0233741 0.0136783 
-0.0150715 -0.025805 -0.0320202 -0.0282398 -0.0172802 -0.013306 -0.023911 -0.0381003 -0.042282 -0.0331406 -0.0146915 0.00213534 0.00656106 0.000419219 -0.00760666 -0.0125649 -0.0127095 -0.00831673 -0.00200734 0.00205224 0.000696599 -0.00432553 -0.00797827 -0.00865958 -0.00856281 -0.00866866 -0.00870556 -0.00891249 -0.00867424 -0.00850762 -0.0100515 -0.0117119 -0.0119631 -0.0115726 -0.00995448 -0.0073503 -0.00714065 -0.0088557 -0.00590186 0.0018024 0.00548796 0.00220216 -0.00504235 
-0.0312736 -0.0416712 -0.0459993 -0.0411906 -0.0296603 -0.0219782 -0.0255988 -0.0337714 -0.0374859 -0.0342005 -0.0229215 -0.00872181 -0.00215074 -0.00563426 -0.0124133 -0.0156409 -0.0124293 -0.00474308 0.00276059 0.00624719 0.00447429 5.68154e-05 -0.00267384 -0.00274045 -0.0026405 -0.00393821 -0.00611116 -0.00807117 -0.00830209 -0.00742509 -0.00816554 -0.0106807 -0.0147428 -0.0200099 -0.0226136 -0.0215085 -0.0214908 -0.0233384 -0.0213853 -0.015212 -0.0116449 -0.0136068 -0.0204326 
-0.0383475 -0.0444344 -0.0450909 -0.0410235 -0.0334168 -0.0270738 -0.0275632 -0.0321703 -0.0359268 -0.0365807 -0.0305238 -0.0194503 -0.0120679 -0.0118765 -0.0143439 -0.0137874 -0.00782789 0.000945247 0.00768091 0.00963819 0.00732597 0.00361407 0.00156799 0.00169336 0.00197984 0.000793021 -0.00186021 -0.00499549 -0.0064795 -0.0058482 -0.00576268 -0.00793443 -0.0137545 -0.0231269 -0.0312683 -0.0358273 -0.0392581 -0.0407576 -0.0373168 -0.0309342 -0.0264365 -0.0258911 -0.0302775 
-0.0365817 -0.0390001 -0.0381872 -0.0371575 -0.0356021 -0.0324953 -0.0308513 -0.0322358 -0.0356234 -0.0381631 -0.034549 -0.0252378 -0.0174909 -0.014129 -0.0120417 -0.00819286 -0.00165949 0.00567901 0.010697 0.011751 0.00952771 0.00643505 0.00484539 0.0052274 0.00610337 0.0059513 0.00420997 0.00103998 -0.00168792 -0.00254485 -0.00354425 -0.00701102 -0.0142558 -0.0247905 -0.0350769 -0.0434034 -0.0498676 -0.0515523 -0.0469831 -0.0399995 -0.0344045 -0.0313775 -0.0323854 
-0.0328077 -0.0338773 -0.0334601 -0.0346109 -0.03619 -0.0340322 -0.0294331 -0.0273585 -0.0300023 -0.033747 -0.0318463 -0.0238802 -0.0162803 -0.011645 -0.00766283 -0.00279838 0.00284961 0.00801542 0.011594 0.0129325 0.0117509 0.00938181 0.00798464 0.00830256 0.00930058 0.00973076 0.00890631 0.00635053 0.00301845 0.000246356 -0.00325019 -0.00876648 -0.0158391 -0.0236866 -0.031717 -0.0404072 -0.0487503 -0.0521712 -0.0485944 -0.0417004 -0.0355405 -0.0316111 -0.0309104 
-0.0312364 -0.0313162 -0.0305151 -0.0315423 -0.0329979 -0.0296073 -0.0219494 -0.016952 -0.0187114 -0.0234283 -0.0239176 -0.0184075 -0.0116678 -0.00680135 -0.00285596 0.00136112 0.00574443 0.00925272 0.0119355 0.0138737 0.0139082 0.0122376 0.0107064 0.0102831 0.0105044 0.0106884 0.0102762 0.00839402 0.00514221 0.00127376 -0.00397868 -0.0103743 -0.0156368 -0.0192156 -0.0234305 -0.030856 -0.0403657 -0.0465837 -0.0460184 -0.0408725 -0.0352278 -0.0315197 -0.0305016 
-0.028092 -0.0269039 -0.0243426 -0.0241699 -0.0248931 -0.0202472 -0.0107719 -0.00437096 -0.00552282 -0.0108221 -0.014204 -0.0125801 -0.00755079 -0.00218038 0.00214014 0.00552327 0.00826164 0.010251 0.0122008 0.014198 0.0146919 0.0133529 0.0116204 0.0104374 0.00978088 0.00951637 0.00922077 0.00779707 0.00513509 0.00179499 -0.00309513 -0.00901099 -0.0127664 -0.0136029 -0.0151327 -0.021018 -0.0307819 -0.0395858 -0.0427463 -0.0398473 -0.0338734 -0.0290406 -0.0276796 
-0.0195476 -0.0174247 -0.0133223 -0.0128745 -0.0137971 -0.00879241 0.000542466 0.00614607 0.00488199 -0.000428667 -0.00605333 -0.00843127 -0.00549463 0.000846858 0.00640006 0.00890398 0.00928103 0.00962515 0.0111302 0.0127605 0.0128785 0.0115942 0.0100565 0.00884118 0.0079688 0.00748607 0.00691735 0.00524359 0.00313867 0.00169545 -0.000838912 -0.00531892 -0.00843221 -0.00838578 -0.00843064 -0.0124167 -0.0211504 -0.0317537 -0.0386585 -0.0372918 -0.0287721 -0.0206826 -0.0186518 
-0.00713346 -0.00511946 -0.00184532 -0.00344192 -0.00524013 9.91849e-05 0.00823154 0.0115119 0.00962761 0.00510647 -0.00120569 -0.00622091 -0.00491355 0.00217374 0.00838208 0.00939942 0.00727734 0.00633377 0.00773266 0.00893581 0.00862813 0.00778754 0.00693816 0.00595389 0.00502893 0.00443976 0.00338799 0.00092305 -0.000962473 -0.000186452 0.000362738 -0.00216291 -0.00483219 -0.00483673 -0.00396383 -0.00495886 -0.0101252 -0.020182 -0.0299019 -0.0300505 -0.0191754 -0.00811667 -0.00556992 
0.00605397 0.00575872 0.00531668 0.000568292 -0.00137046 0.00466857 0.0109915 0.011362 0.00897156 0.00598627 2.14577e-06 -0.00620875 -0.00524963 0.00256486 0.008507 0.00768485 0.00367873 0.00186875 0.00280845 0.00344769 0.00331727 0.00356607 0.00339389 0.00202826 0.000490158 -0.000210455 -0.00123432 -0.0039764 -0.00579788 -0.00361193 -0.000624679 -0.00110379 -0.00307154 -0.0035805 -0.00230719 0.00061002 0.00169685 -0.00414283 -0.0138117 -0.0156042 -0.0052664 0.00616488 0.00868074 
0.0177437 0.0127418 0.00787246 0.00223199 0.00283024 0.00927261 0.0107672 0.00555603 0.00198549 0.00101034 -0.00394239 -0.0098777 -0.00724151 0.00270226 0.00913368 0.00697971 0.00137396 -0.00153552 -0.00169149 -0.00165559 -0.00124267 -0.000210319 -0.000449437 -0.00263144 -0.00484678 -0.00538051 -0.00543435 -0.00730107 -0.00924637 -0.00745295 -0.00356963 -0.00187688 -0.00207129 -0.00229603 -0.000461008 0.00608846 0.013509 0.0137597 0.00738911 0.00494415 0.0121084 0.0212333 0.0228169 
0.0255668 0.0154385 0.00772959 0.00476635 0.0113629 0.0183817 0.0111333 -0.00375564 -0.00989375 -0.00862827 -0.0117016 -0.0160817 -0.01047 0.00287869 0.0110145 0.00800457 0.000282831 -0.00451043 -0.00588246 -0.00585466 -0.00482924 -0.00411158 -0.00535618 -0.00801622 -0.00992384 -0.00943796 -0.00768879 -0.00798954 -0.010417 -0.010728 -0.0076945 -0.00402335 -0.000885092 0.00161208 0.00541589 0.0144687 0.0258471 0.0311407 0.0293432 0.0275677 0.0305809 0.0353169 0.0343187 
0.030858 0.0177146 0.00857913 0.00921877 0.0225451 0.0307226 0.0158921 -0.00673738 -0.0147229 -0.0127686 -0.0154246 -0.0186572 -0.0108814 0.00421984 0.0123494 0.00758763 -0.0024847 -0.00927985 -0.0116073 -0.0111269 -0.00951117 -0.00955671 -0.012001 -0.0145586 -0.0149521 -0.0123978 -0.00885782 -0.00843845 -0.0115549 -0.0134181 -0.0113477 -0.00647399 0.000282523 0.00760066 0.0151447 0.0256652 0.0376838 0.0448674 0.047069 0.0482118 0.0491155 0.0484724 0.0428059 
0.0415508 0.0268725 0.01613 0.0188332 0.0363176 0.0454556 0.0290606 0.00620541 -0.00232917 -0.00402447 -0.00982479 -0.012747 -0.00429174 0.00862639 0.0124769 0.00423368 -0.00732525 -0.0147377 -0.0176147 -0.0172704 -0.0153855 -0.0155244 -0.0185991 -0.0213052 -0.0204511 -0.0159864 -0.0117525 -0.0121813 -0.0157284 -0.0166281 -0.013151 -0.00673762 0.00257108 0.0139641 0.0256762 0.0380899 0.0490294 0.0545356 0.0588376 0.0659383 0.0703063 0.0665994 0.0557952 
0.0662494 0.0476768 0.0344894 0.038305 0.0570489 0.0663003 0.0525503 0.0332882 0.022758 0.0135338 0.00249415 -0.000767657 0.00677146 0.0147557 0.0122542 0.00044499 -0.0110909 -0.0172554 -0.0199403 -0.0204631 -0.01891 -0.0186598 -0.0222571 -0.0265432 -0.0264583 -0.0215317 -0.0170847 -0.0178536 -0.0210663 -0.0201854 -0.0137468 -0.00437435 0.00686576 0.0200486 0.0352738 0.0518184 0.0632971 0.0651103 0.0679228 0.0813476 0.095167 0.0956828 0.0836334 
0.10878 0.0824993 0.0657808 0.0691492 0.0845476 0.090376 0.0783586 0.0615444 0.0477941 0.0314104 0.0152255 0.00947728 0.0135386 0.0162002 0.00945882 -0.00276611 -0.011967 -0.0157944 -0.0176935 -0.0190518 -0.01857 -0.0188467 -0.0236732 -0.030338 -0.0321399 -0.0275351 -0.0218134 -0.0201448 -0.0217186 -0.0207096 -0.0134698 -0.00204719 0.0108494 0.0254813 0.0440813 0.065446 0.0789208 0.0772145 0.0753913 0.0916239 0.117526 0.132723 0.12898 
0.165884 0.131492 0.108799 0.105977 0.109932 0.106231 0.0928294 0.0767352 0.0602161 0.0396695 0.0203779 0.0112587 0.0105924 0.00873508 0.000821579 -0.00791941 -0.0125592 -0.0140384 -0.0151945 -0.0166594 -0.0173201 -0.019174 -0.025372 -0.0331469 -0.0357468 -0.0312416 -0.0238298 -0.0186322 -0.0178371 -0.0175039 -0.011765 -0.000557089 0.0136999 0.0311788 0.0526433 0.0752921 0.0895684 0.0881101 0.0840533 0.0995445 0.134735 0.170311 0.184346 
0.216686 0.178719 0.149244 0.135116 0.123396 0.109278 0.0947184 0.0784119 0.0579302 0.0345951 0.0161699 0.00710992 0.00290586 -0.00347304 -0.0122062 -0.0168227 -0.0168545 -0.0165134 -0.0171308 -0.0180629 -0.0189865 -0.0216113 -0.0277957 -0.0348774 -0.0372125 -0.0328064 -0.0248132 -0.0182515 -0.0163351 -0.0159524 -0.0106135 0.00113256 0.0178351 0.0391841 0.0619184 0.0813191 0.0947542 0.0995205 0.101292 0.11627 0.152471 0.199669 0.22911 
