0.219081 0.199344 0.17463 0.145098 0.108485 0.0670045 0.0313216 0.0124874 0.00962797 0.0100782 0.00468016 -0.00233251 -0.00270837 0.00316066 0.00753826 0.00486054 -0.00333243 -0.0114124 -0.0152879 -0.0146334 -0.0117451 -0.00961982 -0.00999136 -0.0120203 -0.012751 -0.00931171 -0.00137325 0.00829213 0.0165453 0.0239368 0.0353852 0.0560551 0.0857506 0.117073 0.141518 0.158681 0.175736 0.196763 0.217499 0.231352 0.235843 0.231595 
0.200572 0.174916 0.144325 0.113215 0.0806566 0.0462503 0.0163501 -0.000212772 -0.00307275 -0.00240239 -0.00651034 -0.0123088 -0.0125752 -0.00722242 -0.00261857 -0.0033209 -0.00811021 -0.012803 -0.0143276 -0.0121635 -0.00806768 -0.00480453 -0.00369789 -0.00329267 -0.000977948 0.00457541 0.0128402 0.0222252 0.0313334 0.0408448 0.0540594 0.0742136 0.100735 0.128339 0.150757 0.166243 0.178215 0.190012 0.201665 0.211586 0.217469 0.215128 
0.145132 0.118192 0.0877329 0.0610067 0.0382688 0.0166772 -0.00281185 -0.0151718 -0.0185299 -0.0183701 -0.0205413 -0.0235349 -0.0224455 -0.0171022 -0.0118846 -0.00983679 -0.0103184 -0.0111742 -0.0106874 -0.00817143 -0.00460852 -0.00202294 -0.000811986 0.0012322 0.00607117 0.0130569 0.0204663 0.0276818 0.0351474 0.043989 0.0559719 0.0722632 0.0918575 0.111762 0.128594 0.140285 0.146918 0.150121 0.15255 0.156833 0.161668 0.160023 
0.070825 0.0479804 0.0246516 0.00810958 -0.00112305 -0.00774162 -0.015442 -0.0229026 -0.0269953 -0.0283439 -0.029566 -0.0299991 -0.0269505 -0.0205871 -0.0139439 -0.00924453 -0.00672403 -0.0058432 -0.00562799 -0.00496329 -0.00390854 -0.00350965 -0.00333138 -0.0008869 0.00507513 0.0125395 0.0188701 0.023696 0.0283042 0.0339444 0.0414331 0.0510664 0.062191 0.073469 0.0833414 0.0900824 0.0924418 0.0907238 0.0877262 0.0871774 0.0884449 0.0849241 
0.00634772 -0.00878305 -0.020811 -0.0247926 -0.0209669 -0.0151622 -0.0136593 -0.0171716 -0.0218659 -0.0253398 -0.0275014 -0.0272477 -0.0228991 -0.0152032 -0.00710906 -0.00112923 0.00163434 0.00120549 -0.00114982 -0.0036927 -0.00579645 -0.00782462 -0.00911698 -0.00755984 -0.00231149 0.00447509 0.00991453 0.013142 0.0150572 0.0165922 0.0183004 0.0208045 0.0244206 0.0287829 0.0330467 0.036111 0.0368988 0.0348235 0.0310295 0.0278932 0.0250318 0.0185702 
-0.0288157 -0.0350201 -0.0364522 -0.0310568 -0.0198544 -0.00857452 -0.00344913 -0.00502892 -0.00928047 -0.0133603 -0.0162468 -0.016027 -0.0109762 -0.00237741 0.00611261 0.011274 0.0117275 0.00806905 0.00244339 -0.0030042 -0.0075036 -0.0112597 -0.0139494 -0.0142271 -0.0113058 -0.00643983 -0.00202525 0.000394074 0.000702598 -0.000723822 -0.0033687 -0.00612992 -0.00780829 -0.00799168 -0.0069988 -0.00527154 -0.0035398 -0.00330751 -0.00537863 -0.00893292 -0.0137955 -0.0207671 
-0.0339511 -0.0321465 -0.027212 -0.0190172 -0.0082186 0.00116452 0.00494472 0.0039815 0.00207728 0.000652809 -0.000390559 0.000705624 0.00592591 0.0139802 0.0209053 0.023309 0.020239 0.0132252 0.00505286 -0.00219035 -0.00796788 -0.0126389 -0.0164472 -0.0188705 -0.0190372 -0.01699 -0.0141746 -0.0123682 -0.0125111 -0.0148714 -0.019295 -0.0246966 -0.0293504 -0.0321133 -0.0327389 -0.0311376 -0.027835 -0.0249114 -0.0242902 -0.0259739 -0.0291163 -0.0324846 
-0.0212992 -0.0140917 -0.00689408 -0.000534841 0.00549748 0.00975687 0.010625 0.010204 0.0116822 0.014579 0.0167417 0.0187698 0.0227091 0.0280257 0.0315043 0.030303 0.0240669 0.0148489 0.00542536 -0.00249033 -0.00857687 -0.013365 -0.0176447 -0.0215493 -0.0242027 -0.0248411 -0.0239775 -0.0229186 -0.0227249 -0.0242483 -0.0280502 -0.0334132 -0.0384746 -0.0418686 -0.0431889 -0.0419527 -0.0381763 -0.0336029 -0.0302308 -0.0285636 -0.0277994 -0.0260356 
-0.00516271 0.00425597 0.0117735 0.0160254 0.018201 0.0187109 0.0176697 0.017691 0.0213362 0.0268315 0.0304599 0.0317086 0.032703 0.0340768 0.0338994 0.0299948 0.0222137 0.0125438 0.00333294 -0.00412065 -0.00955559 -0.0135704 -0.0172984 -0.0212258 -0.0246169 -0.0265824 -0.0270634 -0.0264608 -0.0253454 -0.0249456 -0.0265131 -0.029731 -0.0330489 -0.0355992 -0.0372462 -0.0371482 -0.0345226 -0.0302147 -0.025709 -0.0217463 -0.0180524 -0.0130393 
0.00460079 0.0136727 0.0207952 0.0246702 0.026291 0.026239 0.0248687 0.0247656 0.028304 0.033324 0.0355167 0.0340372 0.0314949 0.0297029 0.0276912 0.0234043 0.0163395 0.00808494 0.000519551 -0.0054171 -0.0095119 -0.0123119 -0.0149199 -0.0177978 -0.0203839 -0.0220806 -0.0226684 -0.0218361 -0.0196363 -0.0174167 -0.0167627 -0.0176664 -0.0191653 -0.0210674 -0.0233826 -0.0248441 -0.0240546 -0.0213174 -0.0177558 -0.0138768 -0.00944639 -0.00353486 
0.00477684 0.0120972 0.0181641 0.0224499 0.0255814 0.0272279 0.0268746 0.0266972 0.0291421 0.032169 0.0315063 0.0266749 0.0212514 0.0181092 0.016592 0.0141367 0.00956372 0.00398562 -0.00111036 -0.00512605 -0.00798499 -0.0100541 -0.0120043 -0.0139657 -0.0154675 -0.0162305 -0.016163 -0.0148506 -0.0121943 -0.00937486 -0.0078766 -0.00794548 -0.00917912 -0.0116503 -0.0150544 -0.017636 -0.0177612 -0.015943 -0.0136682 -0.0111737 -0.00756234 -0.00217148 
-0.00127776 0.00404724 0.00862947 0.0126826 0.0168488 0.0202004 0.0213859 0.0219047 0.0239995 0.025796 0.0232826 0.0164581 0.00977843 0.00683066 0.00686933 0.00676823 0.00486759 0.00191463 -0.000942429 -0.00342659 -0.00565894 -0.00777878 -0.00983879 -0.0115319 -0.0124213 -0.0124641 -0.0118568 -0.0105208 -0.00839653 -0.00619147 -0.00499787 -0.00530897 -0.00713114 -0.0104287 -0.0144219 -0.0170012 -0.0165551 -0.0142266 -0.0124693 -0.0116914 -0.0100977 -0.00643586 
-0.00790076 -0.00409439 -0.000873814 0.00203193 0.00550412 0.00897153 0.0110834 0.0126779 0.0154416 0.0176794 0.0157082 0.0095193 0.00356848 0.00151458 0.00255759 0.00359667 0.00306836 0.00159737 9.16052e-05 -0.00141211 -0.00327064 -0.00553652 -0.00779438 -0.00940509 -0.00997858 -0.00968442 -0.00902359 -0.00824686 -0.00723776 -0.00611689 -0.00551344 -0.0060374 -0.00789358 -0.0109285 -0.0142278 -0.0157616 -0.0141481 -0.0110417 -0.00971099 -0.0109359 -0.0122054 -0.0111426 
-0.0123965 -0.00968185 -0.00742975 -0.00587071 -0.00408984 -0.00179998 0.000365176 0.00279514 0.00650981 0.0101031 0.0103347 0.0067156 0.00274835 0.00157965 0.00261799 0.00341708 0.0029129 0.00178379 0.000852185 5.74905e-05 -0.00117604 -0.00301748 -0.00493987 -0.00623189 -0.00659383 -0.00632494 -0.00602907 -0.00601816 -0.00609443 -0.00607443 -0.0062168 -0.00686377 -0.00805603 -0.00969079 -0.0112721 -0.0113994 -0.00910664 -0.00608389 -0.00561348 -0.00864044 -0.0124575 -0.0138847 
-0.0141473 -0.0124522 -0.0108877 -0.0102676 -0.0099825 -0.00902657 -0.00713277 -0.0041808 0.000120463 0.00460336 0.00668504 0.00556092 0.00355374 0.00304836 0.00377798 0.00411173 0.00341987 0.00236787 0.00176066 0.00157724 0.00116235 0.000202264 -0.000943795 -0.00177644 -0.00213175 -0.00224717 -0.00249421 -0.00301245 -0.0037257 -0.00466357 -0.00589252 -0.00707554 -0.00768232 -0.0077422 -0.00755607 -0.00668878 -0.00460147 -0.00246057 -0.00274443 -0.00637342 -0.0112071 -0.0141536 
-0.0117331 -0.0110195 -0.0100944 -0.0100981 -0.0107669 -0.0106942 -0.00895589 -0.0057063 -0.00149978 0.00252572 0.0046788 0.00448402 0.00351138 0.00341097 0.00411937 0.00460664 0.00438385 0.00388484 0.00380724 0.00421382 0.004544 0.00447052 0.00413949 0.00373829 0.0033033 0.00280278 0.00228174 0.0018099 0.00111642 -0.000391864 -0.00277907 -0.00495779 -0.00565895 -0.00493293 -0.00383901 -0.00287121 -0.00174462 -0.000720407 -0.00107269 -0.00369417 -0.00764466 -0.0107643 
-0.00512669 -0.00504872 -0.00471776 -0.00532687 -0.00665185 -0.00701562 -0.00527388 -0.00204978 0.0012674 0.00354781 0.00414617 0.00336063 0.00243195 0.0024115 0.00330526 0.00443038 0.00520708 0.00567655 0.00633694 0.00735208 0.00834668 0.009032 0.00940097 0.00946314 0.00922163 0.00881568 0.00858297 0.00867818 0.00845859 0.006826 0.0036538 0.00048132 -0.00091382 -0.00043454 0.000499388 0.000777377 0.000606725 0.000667209 0.000816348 0.00014162 -0.00173733 -0.00392512 
0.00241295 0.00240616 0.00234846 0.00104355 -0.000985411 -0.00174312 -0.000206961 0.0024252 0.00424529 0.00438625 0.00319928 0.0016114 0.000519016 0.000467665 0.00155485 0.00334744 0.00508011 0.00638214 0.0076066 0.0091211 0.0107537 0.012143 0.0131243 0.0137169 0.0139963 0.0141117 0.0144092 0.0150115 0.0151241 0.0135334 0.0101649 0.00659663 0.00459437 0.0043911 0.00464954 0.00406398 0.00287817 0.0024225 0.0032225 0.00427159 0.00429153 0.00327263 
0.00760598 0.00773816 0.00731941 0.00513365 0.00215594 0.000649069 0.00136029 0.00275913 0.00298737 0.00166809 -0.000203427 -0.00159951 -0.00224658 -0.00207826 -0.000794772 0.0014591 0.00375929 0.00542344 0.00680383 0.00856419 0.010691 0.0126368 0.0140726 0.0151269 0.0159727 0.0166315 0.0172572 0.0179176 0.0179507 0.0164193 0.013424 0.0102763 0.00827618 0.00762006 0.00727936 0.00614872 0.00465701 0.00438553 0.00586045 0.00778935 0.00858778 0.00810747 
0.0101837 0.0101578 0.00896912 0.00560017 0.00149327 -0.00107841 -0.00171707 -0.00189464 -0.00294072 -0.00475839 -0.00619733 -0.00654597 -0.00620503 -0.00548843 -0.00389214 -0.0013099 0.00125893 0.00301341 0.00441971 0.00633818 0.00874752 0.0109306 0.0125374 0.0138504 0.0151098 0.0162143 0.0171203 0.0178084 0.0177793 0.0164346 0.0140334 0.0115585 0.00979006 0.00879446 0.00786561 0.00637513 0.00512555 0.00565605 0.00796883 0.010289 0.011083 0.0105881 
0.0113933 0.0108075 0.00824764 0.00331285 -0.00206791 -0.00576205 -0.0076567 -0.00904211 -0.0107902 -0.0125849 -0.0133991 -0.01284 -0.0116482 -0.0102901 -0.00820196 -0.00520762 -0.00229762 -0.000202567 0.00162667 0.00393198 0.00644815 0.00844454 0.00983219 0.0111072 0.0125681 0.0141391 0.0157098 0.0170326 0.0174458 0.0164356 0.0143709 0.0120904 0.0100828 0.0082894 0.00628327 0.0040962 0.00303766 0.00445626 0.00770491 0.0105965 0.011726 0.011605 
0.0111097 0.00970179 0.00533895 -0.00140395 -0.00805849 -0.0124924 -0.0146263 -0.0158165 -0.0171735 -0.0185828 -0.0190854 -0.0183088 -0.016949 -0.0153942 -0.0130503 -0.00969054 -0.00617877 -0.00318231 -0.000369823 0.0024995 0.00482576 0.00613397 0.00686441 0.00776685 0.00920553 0.0112817 0.0139447 0.0165443 0.0178502 0.0171812 0.015125 0.0126638 0.0101094 0.00714275 0.00354706 0.000142705 -0.0012121 0.00055843 0.00431327 0.00781258 0.00986059 0.0108329 
0.00846759 0.00618986 9.7626e-05 -0.00812192 -0.0154415 -0.0195738 -0.0203447 -0.0195645 -0.0192674 -0.0198005 -0.0200662 -0.0195374 -0.018844 -0.018183 -0.0166205 -0.0135043 -0.00941178 -0.00521696 -0.00128596 0.00190761 0.00361035 0.00386887 0.00373386 0.00415004 0.00549513 0.00805376 0.0118696 0.0158447 0.0180199 0.0174877 0.0153001 0.0129074 0.0104355 0.00698854 0.00228956 -0.00216373 -0.00406384 -0.0027076 0.000395766 0.00340306 0.00576455 0.00770594 
0.00462376 0.00214447 -0.00489257 -0.0137777 -0.0208834 -0.0237542 -0.0223185 -0.0190538 -0.0168446 -0.0162405 -0.0159398 -0.0155603 -0.0160456 -0.0174022 -0.0178979 -0.0159389 -0.0116973 -0.00657281 -0.00193271 0.00113705 0.00202289 0.0013583 0.000649729 0.000887936 0.00233589 0.00530351 0.00986085 0.0145974 0.0170225 0.0161103 0.0135477 0.0115854 0.0103496 0.00811809 0.00401301 -0.000274736 -0.00225547 -0.00178104 -0.000801067 -0.000304581 0.000765836 0.00310137 
0.0022292 0.000910308 -0.0060227 -0.0149856 -0.0216293 -0.0233641 -0.0205104 -0.016047 -0.0128963 -0.0112645 -0.0099128 -0.00919516 -0.0107128 -0.0143244 -0.0173672 -0.0171221 -0.0132924 -0.00784199 -0.00302322 -0.000254479 9.57359e-05 -0.000951265 -0.00166962 -0.00113587 0.000678751 0.00390177 0.00849144 0.012907 0.0145462 0.0124791 0.00897497 0.00721945 0.00769186 0.0078643 0.00580247 0.00294019 0.00174651 0.00159368 -0.000162924 -0.00334931 -0.00431884 -0.00124138 
0.00141204 0.00208764 -0.00397344 -0.0125213 -0.0186316 -0.0197644 -0.0168292 -0.0129304 -0.0101343 -0.00786538 -0.00528027 -0.0038052 -0.00563624 -0.010538 -0.0153614 -0.0166552 -0.0136504 -0.00853187 -0.0039777 -0.00148498 -0.00131576 -0.00236887 -0.00284781 -0.00189421 0.00026355 0.00348273 0.00751877 0.0107714 0.0108386 0.00707267 0.00206329 -0.000356363 0.000798511 0.00250203 0.00191982 0.000359588 0.0004003 0.000612982 -0.00256661 -0.00806269 -0.00979473 -0.00489464 
-0.00175148 0.000919709 -0.00316077 -0.00985787 -0.0144597 -0.0147229 -0.0121256 -0.0097063 -0.00828083 -0.00614465 -0.00271772 -0.000340762 -0.00152225 -0.00600803 -0.0109003 -0.0128613 -0.0108539 -0.00680994 -0.00324112 -0.00145264 -0.00167743 -0.00294451 -0.00351052 -0.00256741 -0.00050485 0.00239079 0.00573098 0.00780849 0.00644401 0.00131956 -0.00501441 -0.00877289 -0.00873449 -0.00791485 -0.00922352 -0.0109505 -0.0102174 -0.00897559 -0.0115201 -0.0165831 -0.0171665 -0.0102331 
-0.0100006 -0.00481112 -0.00492467 -0.00777574 -0.00979014 -0.00877142 -0.0062617 -0.00528441 -0.00568816 -0.00447443 -0.000762893 0.00261391 0.00294805 0.000401221 -0.00290002 -0.00458285 -0.00376069 -0.00174416 -0.000310986 -0.000232101 -0.00155026 -0.0034975 -0.00464959 -0.00437556 -0.00305291 -0.00082509 0.001952 0.00346333 0.0017122 -0.00328647 -0.00935206 -0.0136279 -0.0152736 -0.0167872 -0.020155 -0.0230747 -0.022804 -0.0216226 -0.0237957 -0.0279558 -0.0274106 -0.0195809 
-0.0188914 -0.0101621 -0.00509894 -0.00368171 -0.00358028 -0.00194019 0.000374126 0.000348149 -0.0015303 -0.00128496 0.00265359 0.00730208 0.00955484 0.0093083 0.00796529 0.00667212 0.00580511 0.00482809 0.00313529 0.000792204 -0.00191097 -0.00452863 -0.00634938 -0.00717099 -0.00720282 -0.00612391 -0.00396665 -0.00236826 -0.00296664 -0.0054675 -0.00843092 -0.0107118 -0.0124957 -0.0154143 -0.0197732 -0.0229768 -0.0235799 -0.0246394 -0.0295906 -0.0358896 -0.0366338 -0.0294043 
-0.0193151 -0.00760265 0.000860192 0.00433805 0.00474337 0.00574481 0.00730269 0.00664023 0.00422002 0.00427546 0.00884864 0.0148609 0.018473 0.0192052 0.0184733 0.0168577 0.0140317 0.00988211 0.0051095 0.000838649 -0.00244985 -0.00501505 -0.00719249 -0.00932388 -0.0113211 -0.0121482 -0.0111163 -0.00907957 -0.00696966 -0.00455809 -0.00181919 0.000151002 -4.28268e-05 -0.00277818 -0.00609796 -0.00727412 -0.00725693 -0.0109935 -0.0210842 -0.0325477 -0.0367719 -0.0308485 
-0.00668709 0.00541161 0.0131636 0.0154243 0.014713 0.0145618 0.014952 0.0136906 0.0115009 0.012245 0.0176078 0.0241241 0.0272318 0.026393 0.0241282 0.0216151 0.0177386 0.0118676 0.00559351 0.00112471 -0.00124418 -0.00299977 -0.00554662 -0.00941529 -0.0139609 -0.0173901 -0.0181545 -0.0158404 -0.0103292 -0.00191128 0.00715846 0.0131959 0.0139995 0.0111356 0.0093936 0.0119345 0.0151321 0.0112034 -0.00236547 -0.0179583 -0.0246271 -0.0190144 
0.0127862 0.0233062 0.0277567 0.0276648 0.0265085 0.0261813 0.0254446 0.0229259 0.0205435 0.0218813 0.0272613 0.0322926 0.0323921 0.027831 0.0227721 0.0195714 0.0164268 0.0113766 0.00599531 0.00309348 0.00244821 0.00127256 -0.00240128 -0.00852379 -0.0155585 -0.021302 -0.0239148 -0.0218805 -0.0137696 -0.000288015 0.013704 0.0216833 0.0209397 0.0155143 0.0133985 0.0186951 0.0258429 0.0245371 0.0118127 -0.00317786 -0.00827531 -0.000541639 
0.0275221 0.0374501 0.0404643 0.040783 0.0419691 0.0431987 0.0413643 0.0360477 0.0313967 0.0316109 0.0353051 0.036781 0.0323478 0.0239076 0.0167029 0.0136057 0.0123553 0.00975323 0.00659689 0.00546365 0.00561215 0.00371488 -0.00186698 -0.00992648 -0.0180734 -0.024413 -0.0278139 -0.0263545 -0.0172373 -0.000787081 0.0163513 0.0249014 0.021044 0.0106193 0.00457552 0.00857228 0.0167528 0.0180334 0.00926566 -0.000481383 -1.23609e-06 0.0121524 
0.0348938 0.0466285 0.0519109 0.0559034 0.0608522 0.0635724 0.0599607 0.0506097 0.0417891 0.0389162 0.0395696 0.0369082 0.0283456 0.0175137 0.00984204 0.00756598 0.00800182 0.00743098 0.00585164 0.00511047 0.00425024 0.000473271 -0.00679911 -0.0152936 -0.0224062 -0.0272825 -0.0300532 -0.0288758 -0.0197873 -0.00196308 0.0176928 0.0278352 0.0223103 0.00670195 -0.0061494 -0.00844321 -0.00439617 -0.00359688 -0.00834419 -0.0105616 -0.00192917 0.0162522 
0.0442594 0.0577962 0.0652605 0.0712446 0.0764127 0.0772667 0.0707492 0.0582319 0.0462868 0.0407268 0.0389868 0.0336991 0.0228432 0.0112817 0.00441047 0.0033178 0.00463124 0.00459728 0.0030022 0.00120654 -0.00162412 -0.00722345 -0.0149841 -0.0221713 -0.0268628 -0.0296279 -0.0314903 -0.0303294 -0.0211958 -0.00211224 0.0206384 0.0345338 0.0304695 0.0118532 -0.00806789 -0.0193832 -0.0233712 -0.0261989 -0.0279217 -0.0214876 -0.00285046 0.0223601 
0.0632782 0.0750488 0.0799621 0.0817805 0.0807666 0.075352 0.0650799 0.0517659 0.0402221 0.0348908 0.0332325 0.0280508 0.0174555 0.00690371 0.00183635 0.00224235 0.00378893 0.00281886 -0.000346226 -0.00403848 -0.0086448 -0.0150204 -0.0218947 -0.0268204 -0.0292009 -0.0309443 -0.0330198 -0.0320863 -0.0222449 -0.00121784 0.0248422 0.0428924 0.0418621 0.0228287 -0.00178592 -0.0208601 -0.0324457 -0.0382897 -0.0356981 -0.0192425 0.0097648 0.0407555 
0.0896666 0.0958998 0.0938467 0.0867977 0.0758956 0.0621144 0.0475464 0.0345777 0.0258714 0.023288 0.0238389 0.0211002 0.0133894 0.00597369 0.00381524 0.00582729 0.00686406 0.00361691 -0.00247964 -0.00865897 -0.0145075 -0.0205155 -0.0256647 -0.0284231 -0.0295092 -0.0315618 -0.0347296 -0.0341134 -0.0233259 -0.000899171 0.0263681 0.0458407 0.0468233 0.0293568 0.00418667 -0.0175965 -0.0312964 -0.0348847 -0.0245081 0.00201531 0.0381745 0.0705101 
0.115769 0.116198 0.107144 0.0917127 0.072407 0.0517352 0.0330616 0.0197396 0.0134633 0.0135562 0.0162171 0.01633 0.0127197 0.00950794 0.010212 0.01283 0.0122081 0.00592052 -0.00343536 -0.0119702 -0.0184606 -0.0235225 -0.0271341 -0.0288134 -0.0297744 -0.0323774 -0.0359477 -0.0351659 -0.0243735 -0.00333896 0.0210136 0.0380491 0.0396195 0.0257146 0.00467727 -0.0133029 -0.0216665 -0.016862 0.00318711 0.0363777 0.0734003 0.101989 
0.13481 0.132063 0.119515 0.0999368 0.0767344 0.0527853 0.0316359 0.017595 0.0123474 0.0132991 0.0159637 0.0170642 0.0163305 0.0161116 0.0177826 0.0188889 0.0154842 0.00668516 -0.00427875 -0.0134801 -0.0196639 -0.0239184 -0.0272124 -0.029523 -0.031363 -0.0339444 -0.0364706 -0.0351599 -0.0263193 -0.0102423 0.00782612 0.0206912 0.0232338 0.0150137 0.00141206 -0.00843519 -0.00682893 0.00902236 0.0372146 0.0717903 0.10388 0.125789 
0.146347 0.142691 0.130262 0.110572 0.0865699 0.0613534 0.0391918 0.0251692 0.0205447 0.020878 0.0212808 0.0207878 0.0206187 0.0214396 0.0222258 0.0203249 0.0138165 0.0038731 -0.00615395 -0.0136211 -0.018377 -0.0221598 -0.0263285 -0.0305092 -0.033774 -0.0358841 -0.0365979 -0.0349636 -0.0297247 -0.0205491 -0.00925979 0.000943752 0.00694265 0.00660694 0.00195986 0.00119422 0.0129032 0.0383375 0.0712288 0.102894 0.126933 0.14123 
0.158232 0.153845 0.142646 0.123732 0.0980978 0.0696125 0.0451163 0.0309667 0.0271027 0.0265864 0.0239587 0.020666 0.0199928 0.0214767 0.0216521 0.0173626 0.00857512 -0.00144704 -0.00924067 -0.0137818 -0.016465 -0.0196296 -0.0245842 -0.0304044 -0.0348532 -0.0363362 -0.0351024 -0.0329138 -0.0307862 -0.0273788 -0.0205843 -0.00971777 0.00308867 0.0130561 0.0183957 0.0259086 0.0449748 0.0760704 0.109776 0.135853 0.150808 0.157272 
0.178887 0.171938 0.159834 0.139488 0.109528 0.074518 0.0447441 0.0287941 0.025401 0.024656 0.019842 0.0143022 0.0136184 0.0168276 0.0181315 0.0133353 0.00356038 -0.00627087 -0.0123168 -0.0144721 -0.0151399 -0.0170352 -0.0214857 -0.0274666 -0.0320651 -0.0325643 -0.0290575 -0.0248746 -0.0228341 -0.021296 -0.0152977 -0.00096533 0.0203479 0.0414229 0.0565777 0.0703571 0.0926061 0.12454 0.15591 0.17602 0.183225 0.182761 
0.205121 0.192703 0.175631 0.150971 0.116076 0.0750359 0.0399608 0.0215999 0.0184439 0.0182059 0.0125532 0.00581033 0.00549191 0.0107156 0.0139834 0.00999015 0.000305094 -0.00923146 -0.0143738 -0.0150828 -0.0139561 -0.0139062 -0.0165167 -0.0209991 -0.0242932 -0.0230943 -0.0170258 -0.00962877 -0.00459248 -0.000831308 0.00745554 0.0258021 0.0536623 0.0827979 0.104857 0.121717 0.142779 0.171026 0.198165 0.21444 0.218164 0.213849 
