0.35978 0.295785 0.198194 0.110246 0.0437284 -0.00459541 -0.0350588 -0.0387999 -0.0127555 0.0246567 0.0480838 0.0502684 0.0391742 0.0234272 0.0123718 0.00899059 0.00329121 -0.0105518 -0.0233434 -0.0242664 -0.0169845 -0.0140354 -0.0199282 -0.0302752 -0.037323 -0.0335871 -0.0205346 -0.00827835 -0.00378758 -0.0039831 0.00530212 0.0349734 0.0701515 0.0829293 0.0681565 0.0434822 0.0227136 0.0145221 0.0328158 0.0824024 0.156993 0.253283 0.34127 
0.368689 0.30734 0.191975 0.0752563 -0.00800758 -0.05114 -0.0631435 -0.0481927 -0.00748127 0.0415681 0.0683531 0.0614752 0.0375841 0.0154038 0.00434387 0.00262617 -0.00279225 -0.0168342 -0.0287757 -0.0286479 -0.0211799 -0.018649 -0.023936 -0.0307739 -0.0323084 -0.0238795 -0.00864272 0.00245524 0.00356411 0.00291814 0.0181239 0.0549209 0.0899158 0.094811 0.0738322 0.0522785 0.0386739 0.0269331 0.0271066 0.0604414 0.134401 0.24029 0.339132 
0.299466 0.263501 0.165834 0.0464139 -0.0391677 -0.0709204 -0.063734 -0.0322062 0.0141781 0.0577345 0.074923 0.0587201 0.0264056 -0.00137361 -0.0138926 -0.0144544 -0.0172815 -0.0268402 -0.0337593 -0.031611 -0.0261152 -0.0264587 -0.0314699 -0.0336238 -0.0293978 -0.0183945 -0.00404331 0.00532714 0.00629989 0.0077932 0.0231414 0.051927 0.0731016 0.0687544 0.0490863 0.0365126 0.0324187 0.0205342 0.00836672 0.0311878 0.101636 0.19437 0.270785 
0.206224 0.197582 0.134424 0.0338776 -0.0414906 -0.0618549 -0.0436038 -0.00626417 0.0336853 0.0578258 0.056064 0.0332618 0.00352164 -0.0202667 -0.030422 -0.0290112 -0.0269331 -0.028866 -0.0304358 -0.0291629 -0.0283803 -0.0313684 -0.0343367 -0.0319579 -0.0250384 -0.0154674 -0.00415399 0.00472329 0.00872966 0.0134685 0.0258663 0.0424718 0.0495203 0.0399192 0.0243327 0.017241 0.0162633 0.00470062 -0.0117708 0.00409021 0.0653193 0.137154 0.184668 
0.131814 0.127948 0.0884517 0.0164143 -0.0380703 -0.0455958 -0.0207346 0.0136971 0.0379741 0.0385703 0.0201111 -0.00136144 -0.0166398 -0.0246348 -0.0249632 -0.0191839 -0.0131378 -0.0114542 -0.0143754 -0.0201316 -0.0260896 -0.029794 -0.0291017 -0.0245046 -0.0199185 -0.0160139 -0.00993681 -0.00197296 0.00638655 0.016678 0.029686 0.0410546 0.0433058 0.0346607 0.022391 0.0141566 0.00801811 -0.00559739 -0.0213331 -0.0112249 0.0362139 0.0914303 0.12202 
0.0827767 0.0631026 0.0313338 -0.0100185 -0.0339926 -0.0239694 0.00540877 0.0306238 0.0364037 0.020003 -0.0042488 -0.0172853 -0.0164091 -0.00880189 0.00134189 0.0114405 0.0173427 0.014852 0.00373448 -0.0112044 -0.0225427 -0.025934 -0.0228422 -0.0189621 -0.0193207 -0.0219012 -0.0211971 -0.0150476 -0.0033106 0.0125121 0.0281606 0.0401622 0.0460588 0.0429801 0.0316443 0.0179872 0.0047587 -0.00985102 -0.0201719 -0.0100558 0.0274694 0.0711155 0.090524 
0.0346243 -0.000253489 -0.0262505 -0.0357283 -0.0231107 0.0064938 0.0347656 0.0467892 0.0403284 0.0200903 -0.000774414 -0.00716848 -0.000183965 0.0117321 0.02463 0.0350067 0.0375004 0.0279985 0.00952802 -0.00891229 -0.0196191 -0.0212085 -0.017922 -0.0162058 -0.0198071 -0.0252839 -0.0269715 -0.0224625 -0.0111717 0.00402898 0.0179554 0.0303335 0.0413954 0.0425462 0.0281626 0.00862679 -0.00638377 -0.0169377 -0.0203594 -0.00807737 0.0227597 0.0545161 0.0599768 
-0.023211 -0.0584717 -0.0707695 -0.051752 -0.0105119 0.0301522 0.05177 0.0541722 0.0463413 0.0312189 0.0146992 0.00845898 0.0122871 0.0196007 0.027578 0.033412 0.0326854 0.0217903 0.0046819 -0.00899812 -0.0142023 -0.0134462 -0.0119102 -0.0130006 -0.0171095 -0.0211939 -0.0218277 -0.0181079 -0.0106134 -0.00180988 0.00616415 0.0160645 0.0276937 0.0282485 0.0106053 -0.00980704 -0.0199827 -0.0241089 -0.0254047 -0.017771 0.00219114 0.019455 0.0110788 
-0.0632078 -0.0860459 -0.0827755 -0.0501467 -0.00342577 0.032473 0.0465922 0.0476691 0.0450053 0.0362057 0.0227189 0.0150634 0.0145546 0.0155494 0.0158498 0.0154371 0.0141093 0.00963042 0.0023628 -0.00299965 -0.00423992 -0.00415171 -0.00623573 -0.0102965 -0.0138334 -0.0150496 -0.0131877 -0.00903469 -0.00464824 -0.00173314 0.000575711 0.00624666 0.0142254 0.0128848 -0.00240817 -0.0170953 -0.0212208 -0.0226059 -0.0275192 -0.0296323 -0.0230737 -0.0185592 -0.0330597 
-0.0622135 -0.0710033 -0.0611159 -0.0346636 -0.00469833 0.0152881 0.0242805 0.0286817 0.0305984 0.0265891 0.0182313 0.013183 0.0118009 0.00913247 0.00436021 0.000368327 0.000246382 0.00313279 0.0056681 0.00657077 0.00588888 0.00283631 -0.00291721 -0.0089042 -0.0121192 -0.0118702 -0.00860362 -0.00406348 -0.00115154 -0.00108995 -0.00211063 -0.000379375 0.00398351 0.00372243 -0.00424445 -0.0117867 -0.0135502 -0.015983 -0.0239967 -0.0315457 -0.0328781 -0.0340309 -0.0448491 
-0.0359445 -0.0365799 -0.0285283 -0.0171798 -0.00993701 -0.00596174 4.93388e-05 0.00651368 0.00934015 0.008796 0.00784103 0.00880939 0.00934945 0.00606077 0.000332102 -0.00370653 -0.00297187 0.00224268 0.00834234 0.0118466 0.0111794 0.00617747 -0.00118114 -0.00726285 -0.0101605 -0.0101474 -0.00758074 -0.00424757 -0.00296605 -0.00415017 -0.00622443 -0.00684952 -0.00487809 -0.00289251 -0.00439359 -0.00864624 -0.0122095 -0.015901 -0.0217676 -0.0268055 -0.0282185 -0.0280497 -0.0306524 
-0.0148624 -0.0115085 -0.00512244 -0.00342391 -0.0101429 -0.0160643 -0.013481 -0.00802735 -0.00531898 -0.00273703 0.00210348 0.00735398 0.00924249 0.00649144 0.00220137 -9.42438e-05 0.000783608 0.00435418 0.00889263 0.0121301 0.0119469 0.00750294 0.00128564 -0.00288773 -0.00449925 -0.00504502 -0.00447206 -0.00353838 -0.00448373 -0.00707668 -0.00948368 -0.0108834 -0.0104166 -0.0079782 -0.00743858 -0.0125245 -0.019684 -0.0236219 -0.0236801 -0.0220561 -0.0208026 -0.018799 -0.0161726 
-0.00901398 -0.00343808 0.00355301 0.00348578 -0.00625159 -0.0162688 -0.0186248 -0.0156501 -0.0112499 -0.00556736 0.000675497 0.00540008 0.00690717 0.00583003 0.00473074 0.00480768 0.00577196 0.00727594 0.00906269 0.0107327 0.0109225 0.00852266 0.00529574 0.00397926 0.00389165 0.00275053 0.00124441 6.79642e-05 -0.00268506 -0.00682138 -0.00944335 -0.00980762 -0.00877985 -0.00700536 -0.0081915 -0.0157162 -0.0247581 -0.0272576 -0.0215878 -0.0146906 -0.0134538 -0.0141908 -0.0121823 
-0.00766616 -0.00297875 0.00249842 0.00259204 -0.00530462 -0.0163987 -0.0233382 -0.0222101 -0.0152231 -0.00785448 -0.00412755 -0.00308393 -0.0017844 0.000959348 0.00422252 0.00638884 0.00781969 0.00905907 0.00960174 0.00988569 0.00998332 0.00919414 0.00828989 0.00844296 0.00851033 0.00677147 0.00445487 0.00272004 -5.46311e-05 -0.0035272 -0.00441175 -0.00246814 -0.000566598 -0.000685079 -0.00498184 -0.0136197 -0.0208443 -0.0199254 -0.0107879 -0.00277644 -0.00443459 -0.00977382 -0.0103377 
0.000367972 0.000867019 0.000651568 -0.0012679 -0.00752369 -0.0183343 -0.0275211 -0.0272777 -0.0195486 -0.0131949 -0.0132519 -0.0154936 -0.0130865 -0.00593936 0.000705915 0.00403701 0.00666597 0.00974748 0.0108839 0.010271 0.00963857 0.00901955 0.00836653 0.00786896 0.00702425 0.00537949 0.00378652 0.00273315 0.00154894 0.00132398 0.00378093 0.00662888 0.0060849 0.00203174 -0.00409423 -0.0106341 -0.0138305 -0.00980207 0.000289407 0.00754204 0.00475892 -0.00134405 -0.00179259 
0.0146294 0.0103676 0.00244906 -0.00377316 -0.00932709 -0.0178492 -0.0266519 -0.0280083 -0.0227053 -0.0188096 -0.0208124 -0.0240179 -0.0206709 -0.0117442 -0.00446359 -0.00100807 0.00284111 0.00812148 0.0106411 0.009949 0.00913457 0.0088748 0.00810409 0.00640296 0.00448088 0.00288322 0.0016746 0.00111182 0.0017236 0.00440518 0.00795293 0.00770953 0.00168923 -0.00565464 -0.0102999 -0.0125798 -0.0125775 -0.00753247 0.00261368 0.0109349 0.0115327 0.00932179 0.011824 
0.028273 0.0215604 0.00769555 -0.00261074 -0.00709484 -0.0116486 -0.0194716 -0.0247193 -0.0235953 -0.0205946 -0.0216249 -0.0250306 -0.0232513 -0.0159052 -0.00986725 -0.00721692 -0.00365858 0.00241579 0.00681093 0.0078903 0.00873041 0.0103111 0.010337 0.00760032 0.00399232 0.000994579 -0.00131425 -0.00168284 0.000703607 0.00436576 0.00543327 -0.000226796 -0.0101665 -0.0163496 -0.016774 -0.0162409 -0.0161001 -0.0113373 2.91716e-05 0.0116012 0.0169305 0.018704 0.0239501 
0.0380042 0.0297633 0.0120816 2.69233e-05 -0.00173798 -0.0022499 -0.0102351 -0.0209797 -0.0241085 -0.0198517 -0.0183378 -0.0230548 -0.0250938 -0.0198358 -0.0141098 -0.0125348 -0.0111742 -0.00571086 0.00136833 0.00594672 0.00894016 0.0117563 0.0120967 0.00829223 0.00281794 -0.00208712 -0.00570495 -0.00564243 -0.00176293 0.0015958 5.99456e-05 -0.00718381 -0.0141522 -0.0139468 -0.0103748 -0.0116766 -0.016177 -0.0134367 0.000786713 0.0178887 0.0272779 0.0295418 0.0338552 
0.0443148 0.0318998 0.0105159 -0.000882612 0.001489 0.00399836 -0.00424866 -0.0189731 -0.0263002 -0.0220755 -0.0185057 -0.0238484 -0.0283426 -0.0233168 -0.0162113 -0.015313 -0.0170008 -0.0131462 -0.00378116 0.0040317 0.00779165 0.00944444 0.00838206 0.00345434 -0.00289247 -0.00817167 -0.0114549 -0.0105482 -0.00620083 -0.00347968 -0.00450265 -0.00683047 -0.0053338 0.00229752 0.00821849 0.00347989 -0.00737892 -0.00891486 0.0075068 0.0319384 0.0463616 0.0465055 0.0449121 
0.0459962 0.029481 0.00679391 -0.00234295 0.00277479 0.00702585 0.0020977 -0.0105696 -0.0218026 -0.0236312 -0.022369 -0.0269106 -0.0304968 -0.0244384 -0.015577 -0.0141071 -0.0178605 -0.0163686 -0.00717085 0.00138231 0.00450705 0.00389979 0.000253328 -0.00639227 -0.0132249 -0.0173704 -0.0183889 -0.0159233 -0.0113341 -0.00775656 -0.00459553 -0.000301473 0.00585178 0.0153458 0.0236828 0.0225543 0.0131004 0.00847746 0.0212269 0.0463823 0.0631105 0.0608118 0.0526414 
0.038785 0.0242854 0.00681447 0.00112237 0.00607113 0.0127618 0.0182686 0.0158497 0.00217592 -0.0117631 -0.0187098 -0.0231646 -0.0249351 -0.019029 -0.00948933 -0.00631125 -0.010691 -0.0124621 -0.00695496 -0.000957596 0.000952464 -0.00111015 -0.00717396 -0.015892 -0.023238 -0.0257385 -0.0237699 -0.019197 -0.0133178 -0.00618077 0.0031112 0.0105071 0.0128794 0.0177858 0.0298879 0.0411067 0.0429714 0.0374237 0.0365083 0.0471833 0.0579396 0.055343 0.0465338 
0.0264177 0.0177584 0.00950205 0.00919092 0.0151216 0.0265165 0.0445687 0.053364 0.037901 0.0129729 -5.25554e-05 -0.00228338 -0.00258776 -6.34304e-06 0.0064893 0.00905573 0.00319252 -0.00314328 -0.00382381 -0.00196419 -0.000848238 -0.00322549 -0.0110465 -0.0215918 -0.0292168 -0.0302313 -0.0257758 -0.0188866 -0.0101131 0.00220631 0.0163197 0.023216 0.0198122 0.0197924 0.0343942 0.0555085 0.0658226 0.05623 0.0370952 0.0277916 0.0313969 0.0342392 0.0314737 
0.0278462 0.0196343 0.0149775 0.0194926 0.029965 0.044675 0.0652783 0.0754005 0.0579759 0.0308853 0.0220145 0.0283094 0.0309626 0.0277156 0.0262667 0.0241832 0.0159179 0.0056374 -0.000472752 -0.00140062 -8.78503e-05 -0.00268265 -0.0121756 -0.0243522 -0.0323145 -0.0326094 -0.0270312 -0.018346 -0.00589819 0.0105238 0.024744 0.0285216 0.0233397 0.0228725 0.0370243 0.0571173 0.0628951 0.0445861 0.0166979 0.00406271 0.013506 0.0280304 0.0326007 
0.0632131 0.0459143 0.0340667 0.0369429 0.0476514 0.0556997 0.0628313 0.0643471 0.0492728 0.0306376 0.0317142 0.0473617 0.0534663 0.0445692 0.0341997 0.0277228 0.0195374 0.008141 -0.00100657 -0.00282243 -0.000684913 -0.00349541 -0.0138631 -0.0267193 -0.0350278 -0.0353945 -0.0300242 -0.0209218 -0.00661264 0.00961122 0.0186156 0.0183487 0.0158973 0.0193469 0.0314993 0.0427722 0.0368306 0.0136955 -0.00375133 0.00492552 0.0346566 0.0624749 0.0720528 
0.145749 0.113428 0.0842257 0.0720574 0.0668588 0.0538711 0.0379483 0.029368 0.0242717 0.0215503 0.0304866 0.0478316 0.0539022 0.0420174 0.0273857 0.0202083 0.0140914 0.00284326 -0.00789258 -0.00962905 -0.00596689 -0.00752192 -0.0168674 -0.0294623 -0.0385794 -0.0394015 -0.0336497 -0.0242639 -0.0114253 -0.000263332 0.0032435 0.00461962 0.0111113 0.0205217 0.0273531 0.0250971 0.00931511 -0.00774272 -0.000566028 0.0392918 0.0923608 0.135753 0.156269 
0.264811 0.215224 0.155228 0.1095 0.0732022 0.0357808 0.00295694 -0.00935356 0.000155971 0.0172984 0.0327321 0.0438621 0.0439615 0.0310819 0.0176882 0.0122168 0.00690221 -0.00521442 -0.0169983 -0.0182408 -0.0124894 -0.011465 -0.0188752 -0.0309414 -0.0405282 -0.0405206 -0.0318102 -0.0208052 -0.0117733 -0.00740696 -0.0039163 0.00937879 0.0311243 0.0451102 0.0417401 0.0248792 0.00379869 -0.00463141 0.0197885 0.0764854 0.145389 0.213882 0.264651 
