0.20588 0.181615 0.145051 0.111354 0.0914266 0.0844422 0.0800484 0.0703521 0.0546324 0.0343375 0.0139065 0.00214566 0.00245808 0.00694031 0.00560116 -0.003127 -0.0128252 -0.0172771 -0.0166631 -0.0157598 -0.0175937 -0.0204454 -0.0213557 -0.0211725 -0.0233759 -0.0281425 -0.0316654 -0.0322043 -0.0322012 -0.0319607 -0.0250191 -0.00432822 0.026651 0.0531688 0.0647993 0.0687742 0.0792364 0.0991729 0.124134 0.153637 0.185281 0.206883 
0.191162 0.164347 0.130646 0.105124 0.0952435 0.0952186 0.0916969 0.0781356 0.0585317 0.0382931 0.0208866 0.00997426 0.00589946 0.0040064 6.57368e-05 -0.00589891 -0.0108724 -0.0124807 -0.0120693 -0.0133985 -0.0179101 -0.0230986 -0.0263796 -0.0287537 -0.0326208 -0.0374233 -0.0407287 -0.0429473 -0.0466149 -0.049575 -0.0427515 -0.0188126 0.0168746 0.0477259 0.0628083 0.0694025 0.0814398 0.10167 0.125779 0.153324 0.181366 0.197621 
0.159675 0.138392 0.116607 0.10503 0.105684 0.108791 0.100924 0.0793026 0.0533754 0.0326228 0.0193778 0.0114892 0.00580676 0.000636365 -0.00347676 -0.00600648 -0.00744162 -0.00845381 -0.010396 -0.0148725 -0.0212737 -0.0269324 -0.0306945 -0.0343898 -0.0397912 -0.0460029 -0.0516604 -0.0580093 -0.0662685 -0.071875 -0.0649862 -0.0392164 -5.70856e-05 0.0371752 0.0613717 0.0760777 0.090523 0.106418 0.122357 0.140723 0.159566 0.168322 
0.13618 0.123776 0.114416 0.112305 0.115076 0.112597 0.0949791 0.0640904 0.0328702 0.0127903 0.00506809 0.00319158 0.000888515 -0.00265607 -0.00483348 -0.00498781 -0.00513764 -0.00717313 -0.0118702 -0.0186658 -0.0253261 -0.0299443 -0.0333677 -0.0379949 -0.0445674 -0.0517811 -0.0591616 -0.0684582 -0.0799855 -0.0880842 -0.0829014 -0.0578391 -0.0160879 0.0298065 0.0675382 0.0937987 0.110453 0.118686 0.123074 0.130927 0.140994 0.143916 
0.135247 0.128602 0.122766 0.117717 0.110908 0.0959274 0.0679534 0.031794 0.000436164 -0.0155286 -0.016283 -0.0107159 -0.00702005 -0.00647201 -0.00618479 -0.0050276 -0.00472406 -0.00733669 -0.0133535 -0.02086 -0.0268158 -0.0303297 -0.0334798 -0.0381766 -0.0439622 -0.0498088 -0.0566662 -0.0668505 -0.0800383 -0.0899844 -0.0867458 -0.0630041 -0.0197988 0.0322884 0.0794466 0.112453 0.127765 0.128041 0.12454 0.128332 0.136794 0.139726 
0.150664 0.141273 0.126523 0.107441 0.0852519 0.0588466 0.0271165 -0.00557329 -0.0296435 -0.0377764 -0.0318588 -0.0211542 -0.0135533 -0.0101589 -0.00811992 -0.00595004 -0.00492561 -0.00714622 -0.0130078 -0.0200547 -0.0252583 -0.0283912 -0.0313634 -0.0347222 -0.037326 -0.0394973 -0.044069 -0.053573 -0.0664237 -0.0753897 -0.0707824 -0.0463168 -0.0036338 0.0470433 0.0920447 0.121046 0.130247 0.125436 0.121748 0.130215 0.14495 0.152983 
0.159519 0.13741 0.106532 0.0730154 0.041354 0.0129293 -0.0126085 -0.0334919 -0.0448802 -0.0437067 -0.0335559 -0.0222779 -0.0149857 -0.0111682 -0.00811144 -0.00503924 -0.00355473 -0.0054648 -0.0106486 -0.0167919 -0.0216944 -0.0253302 -0.0284068 -0.029999 -0.0290315 -0.0275007 -0.0294272 -0.0365445 -0.0455951 -0.0489124 -0.0385532 -0.0114018 0.0283552 0.0703157 0.102901 0.119157 0.119467 0.113094 0.114983 0.13233 0.155063 0.166499 
0.138401 0.0991851 0.0558977 0.0193592 -0.00739 -0.0258815 -0.038398 -0.0451462 -0.0442057 -0.0357599 -0.0246229 -0.0162238 -0.0116076 -0.00814512 -0.00398129 -0.000259074 0.000771475 -0.00157734 -0.00620138 -0.0116454 -0.0171082 -0.0222768 -0.0262134 -0.0270281 -0.0242756 -0.0209504 -0.0206026 -0.0231988 -0.0246674 -0.0189978 -0.0017091 0.0269525 0.0612952 0.0916433 0.108812 0.110088 0.101422 0.0951123 0.103258 0.12708 0.152059 0.158603 
0.0844039 0.0340817 -0.00955751 -0.0352823 -0.0454066 -0.0473458 -0.0463053 -0.042801 -0.034924 -0.0237607 -0.0141849 -0.00912667 -0.0063189 -0.00213572 0.00352765 0.00743206 0.00721788 0.00384417 -0.000770336 -0.00642653 -0.0134564 -0.0206565 -0.0255901 -0.0263271 -0.0234395 -0.0198607 -0.0171962 -0.0136767 -0.00629233 0.00733504 0.0280968 0.054355 0.081409 0.101335 0.106303 0.0960418 0.080661 0.0743184 0.085333 0.108739 0.126677 0.120105 
0.0178339 -0.0308034 -0.0629779 -0.0715698 -0.0638388 -0.0512446 -0.0409946 -0.0332295 -0.0245786 -0.0148686 -0.00755672 -0.00370956 -8.51892e-05 0.00593712 0.0125257 0.0155446 0.013485 0.00865876 0.00306746 -0.00404113 -0.0130122 -0.0213388 -0.0258904 -0.0257975 -0.0228812 -0.0192228 -0.013965 -0.00451619 0.00951934 0.0266322 0.0458674 0.0665311 0.0861138 0.0983743 0.0961021 0.0798557 0.0613599 0.0546513 0.0641545 0.0800495 0.0839832 0.06234 
-0.0357322 -0.0721422 -0.0882263 -0.0825724 -0.0641884 -0.0444888 -0.0307372 -0.0228299 -0.016301 -0.0091384 -0.00284329 0.00231849 0.00840086 0.0158579 0.0217048 0.0224768 0.0181016 0.0114456 0.00397471 -0.00518701 -0.0153054 -0.0228353 -0.025114 -0.0230178 -0.0194906 -0.0155668 -0.0084165 0.00456007 0.0212367 0.03768 0.052903 0.0677706 0.0810987 0.0876047 0.0810649 0.0625712 0.0434026 0.0359093 0.0414254 0.0475021 0.037957 0.00699827 
-0.0620709 -0.0834094 -0.0868613 -0.0750179 -0.0554615 -0.0363094 -0.0229967 -0.0154409 -0.00961503 -0.00298928 0.00401294 0.0110818 0.0186968 0.0257832 0.0293642 0.0273279 0.0207588 0.0123483 0.0030061 -0.00748847 -0.0171252 -0.0222535 -0.0215184 -0.0173105 -0.0130811 -0.00914113 -0.00187372 0.0110686 0.0267071 0.040749 0.052538 0.0630585 0.0708593 0.0714879 0.0608273 0.0408513 0.0213492 0.0126441 0.0147664 0.0151519 0.000508807 -0.0293998 
-0.0639041 -0.0733081 -0.0711117 -0.0608578 -0.0467699 -0.0323332 -0.0203553 -0.0112771 -0.003191 0.00514464 0.0132254 0.0206136 0.0273005 0.0321564 0.0329831 0.0287697 0.0210012 0.0118023 0.00184564 -0.00823628 -0.0158776 -0.0183225 -0.0155981 -0.0105786 -0.00624404 -0.00256831 0.0035472 0.0140339 0.0266776 0.0381497 0.0473916 0.0537991 0.0550362 0.0483372 0.0328367 0.0116619 -0.00746555 -0.016499 -0.0153658 -0.0145285 -0.0246291 -0.0446253 
-0.0559551 -0.0579545 -0.0547139 -0.0486441 -0.0405753 -0.0302802 -0.0187052 -0.00723142 0.00365971 0.0135334 0.0214183 0.0269879 0.0307366 0.0324442 0.0309411 0.0258493 0.0184216 0.0100936 0.00147213 -0.00639385 -0.011368 -0.0120824 -0.00939881 -0.00547662 -0.00188965 0.00162431 0.00682066 0.0147695 0.0242311 0.0328723 0.038743 0.039543 0.0329008 0.0186957 -0.000456973 -0.0205547 -0.0365753 -0.0437258 -0.0420046 -0.0384318 -0.0406094 -0.0485441 
-0.0513772 -0.0489778 -0.0446047 -0.0396019 -0.0333759 -0.0244171 -0.0130733 -0.00113104 0.0100615 0.0194145 0.0255543 0.0281288 0.0283114 0.027065 0.024239 0.0196597 0.0139286 0.00784674 0.00198785 -0.00276669 -0.005324 -0.00555277 -0.00442811 -0.00274429 -0.000414042 0.00302431 0.00788178 0.0140572 0.0205919 0.0256387 0.0268269 0.0215091 0.0084054 -0.0101446 -0.0292707 -0.0449904 -0.055241 -0.0590221 -0.0571471 -0.0531863 -0.0510615 -0.0513376 
-0.0517257 -0.045848 -0.038009 -0.0300872 -0.0224316 -0.0139597 -0.00454564 0.00488614 0.0136616 0.0208172 0.0245935 0.0243865 0.0218277 0.0188534 0.0160134 0.0129039 0.00931817 0.00567977 0.00263125 0.000605211 -0.000367769 -0.000823279 -0.00134051 -0.00155654 -0.000401974 0.00252273 0.00655486 0.0107666 0.0141343 0.0152086 0.0122285 0.00344431 -0.0113735 -0.0290392 -0.0444225 -0.05431 -0.0587551 -0.0595435 -0.0586436 -0.0574306 -0.0563509 -0.054881 
-0.0501754 -0.0408588 -0.0289393 -0.0179919 -0.00992115 -0.00383041 0.00168656 0.0072107 0.0128039 0.0174856 0.0192593 0.0174463 0.0138414 0.010702 0.00872607 0.00714811 0.0052343 0.00333808 0.00221463 0.00188266 0.001707 0.00104669 -0.000211134 -0.00125401 -0.000950975 0.000804135 0.00298545 0.00447271 0.00438169 0.00204745 -0.00286302 -0.0109325 -0.0224311 -0.0352605 -0.0455215 -0.050775 -0.0516247 -0.0507773 -0.0510873 -0.053283 -0.055427 -0.0549337 
-0.0415068 -0.0298999 -0.0164644 -0.00593206 -0.000531588 0.00142884 0.00282103 0.00517234 0.00850733 0.0115228 0.0122337 0.0100469 0.00656883 0.00383398 0.00252046 0.00185625 0.000994732 0.000230402 0.000284115 0.000960593 0.00140826 0.00106172 -4.26145e-05 -0.00118834 -0.00150267 -0.00107625 -0.0010026 -0.0023644 -0.00566723 -0.0104292 -0.0153856 -0.0203332 -0.0264068 -0.0334611 -0.0393012 -0.0420077 -0.0416567 -0.0403555 -0.0410069 -0.0444974 -0.0480893 -0.0477954 
-0.0282384 -0.0171789 -0.00577284 0.00141209 0.00295277 0.00145846 0.000429106 0.00138312 0.00387978 0.00631545 0.00674258 0.00453145 0.00104081 -0.00178017 -0.00300113 -0.00313545 -0.00311466 -0.00294251 -0.00203801 -0.0005376 0.000746409 0.00117772 0.000632075 -0.000354446 -0.00101927 -0.00152355 -0.0030661 -0.0067092 -0.0124274 -0.0186513 -0.0230766 -0.0251881 -0.0268141 -0.0293218 -0.0320607 -0.0337055 -0.0336465 -0.0325652 -0.0323336 -0.0341036 -0.0361419 -0.0349091 
-0.017518 -0.00981823 -0.00225278 0.00150279 0.000843126 -0.00143078 -0.00230218 -0.00100432 0.00148961 0.0034993 0.00330389 0.000514551 -0.00334802 -0.00620069 -0.00701944 -0.00635768 -0.0054005 -0.00447262 -0.0030434 -0.00101141 0.000941145 0.00206047 0.00211646 0.0015904 0.00103331 -1.54702e-05 -0.00281219 -0.00802233 -0.01492 -0.0214695 -0.0253682 -0.0261027 -0.0254463 -0.0253233 -0.0262161 -0.0275229 -0.0282048 -0.0274354 -0.0256131 -0.0241857 -0.0236077 -0.0221401 
-0.0124257 -0.00892852 -0.0050854 -0.00344324 -0.00399632 -0.00444497 -0.00316662 -0.000748404 0.00127156 0.00163182 -0.000294595 -0.00387159 -0.00730037 -0.00897303 -0.00852247 -0.00684127 -0.00516384 -0.00384585 -0.00234705 -0.000367701 0.00162987 0.00301784 0.00371044 0.00407549 0.00399776 0.0024152 -0.00159237 -0.00760596 -0.0142245 -0.0199221 -0.0233529 -0.024037 -0.0229981 -0.021952 -0.021972 -0.0229682 -0.0237648 -0.0227649 -0.0195395 -0.0158603 -0.0139798 -0.0136824 
-0.00926271 -0.00869006 -0.00767765 -0.00736789 -0.0070376 -0.00520596 -0.00195322 0.000771106 0.00110695 -0.00124641 -0.00509054 -0.00850893 -0.0100631 -0.00956049 -0.00768472 -0.00540925 -0.00357274 -0.00231958 -0.00112701 0.000417919 0.00214993 0.00372863 0.00518692 0.00652763 0.00680837 0.00457476 -0.000307503 -0.00615465 -0.0113648 -0.0156586 -0.018883 -0.0202853 -0.0198031 -0.0187079 -0.0183234 -0.0187209 -0.0187294 -0.0169179 -0.0130746 -0.00911604 -0.0075308 -0.00838418 
-0.00347453 -0.0036551 -0.00442273 -0.00548291 -0.00549066 -0.00366844 -0.000884834 0.000718234 -0.000613126 -0.00463512 -0.00901894 -0.0111783 -0.0104329 -0.00804073 -0.00542797 -0.00332009 -0.00201093 -0.00132342 -0.000607859 0.00068421 0.00253384 0.00460931 0.00671169 0.00841917 0.00851977 0.00585343 0.00103533 -0.00376507 -0.00739713 -0.0106551 -0.0138823 -0.0157344 -0.0154135 -0.0142243 -0.0138105 -0.0140253 -0.0133487 -0.0107876 -0.00699851 -0.00386896 -0.00277194 -0.00312633 
0.00482123 0.00566015 0.00403456 0.00112946 -0.00138006 -0.00267376 -0.00266393 -0.00223612 -0.00313269 -0.00611666 -0.00945205 -0.0104511 -0.00849072 -0.00532863 -0.00275063 -0.00134932 -0.00100944 -0.00112321 -0.000733336 0.000765929 0.00315304 0.00569193 0.00771583 0.00871912 0.00812614 0.00559864 0.00182748 -0.00174959 -0.00465521 -0.00762751 -0.0104214 -0.0113337 -0.00998732 -0.00857197 -0.00902895 -0.010347 -0.00995759 -0.0070706 -0.00341826 -0.000897859 0.000621024 0.00252929 
0.0110137 0.013141 0.0112033 0.00647827 0.000784498 -0.00422747 -0.00665865 -0.00594128 -0.004289 -0.00447948 -0.00639601 -0.00733758 -0.0057336 -0.00283519 -0.000611397 0.000174075 -0.000131766 -0.000563986 -7.73237e-05 0.00170546 0.00422256 0.00633086 0.00704356 0.00628581 0.00475534 0.0029178 0.000653261 -0.00215696 -0.00536614 -0.00840723 -0.0098208 -0.00834029 -0.00527532 -0.00410269 -0.00645991 -0.0097532 -0.010136 -0.00703401 -0.00317675 -0.000546265 0.00199918 0.00623489 
0.0106995 0.0127106 0.0109823 0.00620721 -0.000227455 -0.00621266 -0.00896423 -0.00732072 -0.00362559 -0.00169267 -0.00271251 -0.00424269 -0.00368978 -0.00131962 0.000916046 0.00186734 0.00184115 0.00185208 0.00264143 0.00418704 0.00576741 0.00612298 0.00427705 0.000999217 -0.00154761 -0.00242568 -0.00312321 -0.0054812 -0.00926049 -0.012086 -0.011386 -0.00701889 -0.00246516 -0.00216494 -0.00669763 -0.0116451 -0.0123462 -0.00874132 -0.00429215 -0.00115256 0.00182702 0.00617128 
0.00518119 0.00606137 0.00564702 0.00351802 -0.00036958 -0.00469802 -0.00723723 -0.00666394 -0.00393642 -0.0017448 -0.00184724 -0.0029582 -0.00249403 9.43944e-05 0.00308927 0.0048953 0.00554444 0.00599681 0.00676884 0.00759265 0.00763558 0.00553115 0.000525539 -0.00553847 -0.00913471 -0.00910618 -0.00829735 -0.0100019 -0.013791 -0.0158103 -0.0128231 -0.00588337 -0.00025205 -0.000862285 -0.00710524 -0.0130572 -0.0136855 -0.00951481 -0.00448126 -0.00103655 0.00125062 0.00337408 
0.00178018 0.00260237 0.00429511 0.00530576 0.00407054 0.000702958 -0.003581 -0.00706906 -0.00812091 -0.00685796 -0.00509371 -0.00355187 -0.00109687 0.00280005 0.00676193 0.00916271 0.0099441 0.0101617 0.0104755 0.0106155 0.00943916 0.00524287 -0.00243394 -0.0107473 -0.0151976 -0.0144897 -0.0122963 -0.0128451 -0.0157214 -0.016377 -0.0113829 -0.00258869 0.0037472 0.00247325 -0.00503169 -0.0118623 -0.0127738 -0.00873381 -0.0038839 -0.000634496 0.00101517 0.00160508 
0.00636357 0.0081388 0.0104037 0.0114377 0.00964841 0.00496069 -0.00205509 -0.0096527 -0.0143661 -0.0139507 -0.00969593 -0.00413287 0.00152178 0.00675483 0.0107214 0.0127942 0.0132866 0.013073 0.012792 0.0123001 0.010281 0.00487315 -0.00406514 -0.013257 -0.0180141 -0.0169133 -0.0135743 -0.0124595 -0.0135144 -0.0124596 -0.00614641 0.00325412 0.0093573 0.00728449 -0.000976683 -0.00811586 -0.00927205 -0.00607799 -0.00240594 0.0004405 0.00292025 0.00491829 
0.0159079 0.0169238 0.0162718 0.0132617 0.0081182 0.00204152 -0.00474242 -0.0119718 -0.016931 -0.0163706 -0.0103135 -0.00183191 0.00575116 0.0105753 0.0127976 0.01381 0.014406 0.0143298 0.0134599 0.0119187 0.0089261 0.00308966 -0.00553822 -0.01419 -0.0189041 -0.0180783 -0.0143315 -0.0116415 -0.0106147 -0.00803845 -0.00138599 0.00721819 0.0120834 0.00951745 0.00244255 -0.00229899 -0.00173798 0.00112501 0.00329937 0.00557593 0.00927013 0.0132695 
0.0218467 0.0191595 0.0133645 0.00478683 -0.00367583 -0.00855902 -0.0101508 -0.011385 -0.0125427 -0.0106609 -0.00423392 0.00435156 0.0108936 0.0129474 0.0121116 0.0119188 0.0131756 0.0136979 0.0121683 0.00921145 0.0052105 -0.000423074 -0.00783633 -0.0154928 -0.0205702 -0.0211874 -0.018503 -0.01557 -0.0135304 -0.0102762 -0.00387347 0.00370836 0.00783768 0.0066919 0.00430029 0.00590024 0.0110239 0.0149202 0.0159667 0.0169467 0.0194744 0.0217708 
0.0203427 0.0125758 0.00244024 -0.0100031 -0.0195622 -0.0204328 -0.0139246 -0.00675903 -0.00242398 0.00126211 0.00668068 0.0125492 0.0153902 0.0134822 0.00969609 0.00860702 0.0104039 0.0112131 0.00893245 0.00482821 0.000396226 -0.00444698 -0.0104659 -0.0173672 -0.0231468 -0.0257217 -0.0253014 -0.0240734 -0.0228897 -0.019713 -0.0128731 -0.00465862 0.000798354 0.00330115 0.00757929 0.0166025 0.0265549 0.031957 0.0327866 0.0322832 0.0308485 0.026777 
0.0145355 0.00146351 -0.0107695 -0.0234239 -0.0305779 -0.0254009 -0.0106762 0.00396448 0.0130048 0.0177278 0.0204668 0.0211761 0.0185938 0.012811 0.00712444 0.00538985 0.00679744 0.00691436 0.00374547 -0.000874245 -0.00485866 -0.00828992 -0.0126427 -0.0183343 -0.0236404 -0.0266966 -0.027941 -0.0291012 -0.029606 -0.0260537 -0.0168601 -0.00568767 0.0026473 0.00874639 0.0173638 0.0293858 0.0397726 0.0450204 0.0470355 0.0471061 0.041934 0.0296063 
0.00747487 -0.0112856 -0.0235081 -0.0315497 -0.031498 -0.0183886 0.00341272 0.0232835 0.0349283 0.0386599 0.0365721 0.0302264 0.0212716 0.0118854 0.00494551 0.00233601 0.00219011 0.000577962 -0.00367493 -0.00831441 -0.011183 -0.0126818 -0.0147362 -0.0178689 -0.0203959 -0.021174 -0.0217039 -0.0235145 -0.0240624 -0.0181459 -0.00472603 0.01021 0.0205496 0.0274101 0.0351837 0.0430081 0.0469187 0.0483845 0.0521919 0.0560926 0.0505686 0.0315691 
-0.000890131 -0.0237287 -0.032911 -0.0313168 -0.0200198 0.00112662 0.0268149 0.0479312 0.0587184 0.0590126 0.0512577 0.0384994 0.0242126 0.0116963 0.00324054 -0.000934211 -0.00336093 -0.00709145 -0.0122782 -0.0164561 -0.0179465 -0.0177017 -0.0175475 -0.0174455 -0.0157735 -0.0124613 -0.0100181 -0.00953007 -0.00689833 0.00370184 0.0217347 0.0387666 0.0480153 0.0517577 0.0542721 0.0531434 0.0460723 0.0403567 0.0445261 0.0534791 0.0511957 0.0296115 
-0.00761886 -0.0278219 -0.029365 -0.0164497 0.00403243 0.027683 0.0503462 0.0667244 0.0728391 0.0688722 0.057974 0.0433573 0.0276269 0.0133403 0.00272959 -0.00383253 -0.00855401 -0.0137181 -0.0187919 -0.0216362 -0.021863 -0.0211518 -0.0202866 -0.0177271 -0.0120528 -0.00472195 0.00115471 0.00540244 0.0127623 0.0280325 0.0485921 0.0645368 0.0694814 0.0672421 0.0625934 0.0525477 0.0358986 0.0233881 0.0261616 0.0383576 0.0406612 0.0218972 
-0.00154746 -0.00962939 -0.00083378 0.0177026 0.0365783 0.0516359 0.0628558 0.0696349 0.0698311 0.0637371 0.0543374 0.0433177 0.0303998 0.016255 0.00369104 -0.00514069 -0.0112316 -0.0163306 -0.019857 -0.020741 -0.020396 -0.0208508 -0.0207965 -0.0166164 -0.00755847 0.00279879 0.0108653 0.017345 0.0267171 0.0422831 0.0606333 0.0724471 0.0722222 0.0640972 0.0532784 0.0380591 0.0182538 0.00426345 0.00663908 0.0201626 0.0270022 0.016654 
0.0280046 0.036792 0.052655 0.0658311 0.0701945 0.0673023 0.0625908 0.0589467 0.0548891 0.0495118 0.0440487 0.0381312 0.029392 0.0173647 0.00526505 -0.00355619 -0.0092258 -0.0131584 -0.0150398 -0.0149868 -0.0155041 -0.0177996 -0.018176 -0.0118754 0.000158082 0.0120307 0.0198101 0.0246638 0.0304105 0.0398623 0.0512548 0.0579948 0.0553736 0.0457137 0.0332467 0.018302 0.0020953 -0.00733772 -0.00229468 0.0130123 0.0252277 0.0276323 
0.0739408 0.094926 0.110107 0.110274 0.0961696 0.0759962 0.0584416 0.0472602 0.0405778 0.0357759 0.0319882 0.0281255 0.0224463 0.0146647 0.0068679 0.00110366 -0.00296321 -0.00615398 -0.00799899 -0.00908786 -0.011566 -0.0147549 -0.0134307 -0.0038954 0.00993517 0.0203232 0.023913 0.0228836 0.021166 0.022208 0.0266522 0.0308975 0.0309477 0.0264183 0.0187895 0.00887053 -0.00102132 -0.0045286 0.00399992 0.0218832 0.0404191 0.0561937 
0.114592 0.136991 0.144612 0.132513 0.1074 0.0801305 0.0582764 0.0439149 0.0346837 0.0273652 0.0206802 0.0152776 0.0120037 0.0103355 0.00879279 0.00625487 0.00246607 -0.00159171 -0.00464174 -0.00734524 -0.0109922 -0.0131946 -0.00853481 0.00402506 0.0171551 0.0222448 0.018056 0.00943134 0.00172636 -0.00121863 0.0016419 0.00794197 0.0145293 0.0191376 0.019899 0.0164468 0.0117452 0.0117455 0.0215224 0.0405336 0.063767 0.0884418 
0.141296 0.155288 0.151747 0.131822 0.105239 0.081043 0.0623418 0.0482078 0.0361356 0.0236326 0.0111405 0.00310235 0.00299191 0.00792003 0.0109872 0.00831289 0.00172718 -0.00449399 -0.00819 -0.0107236 -0.0134716 -0.0136337 -0.00652685 0.00656087 0.0163271 0.0147909 0.00368882 -0.00917824 -0.0174447 -0.0183318 -0.0121787 -0.0010745 0.0127027 0.0254678 0.0326584 0.0336744 0.0329491 0.0358826 0.0461463 0.0648576 0.089857 0.116998 
0.165861 0.166298 0.149866 0.123647 0.098638 0.0806165 0.0675506 0.0553163 0.041205 0.0236588 0.00556682 -0.0044967 -0.00151467 0.00795389 0.0121045 0.00621687 -0.00447379 -0.0124264 -0.0153001 -0.0159543 -0.016853 -0.0159176 -0.00944438 0.000557431 0.00557751 4.55436e-05 -0.0120135 -0.0224577 -0.0267143 -0.0241446 -0.0151397 0.000173509 0.0200699 0.0382201 0.0479699 0.0509172 0.0545594 0.0629656 0.0766138 0.0969434 0.12339 0.149387 
0.192884 0.17908 0.149981 0.117575 0.0935272 0.0806885 0.0726377 0.0626031 0.0478828 0.0277967 0.00676885 -0.0045676 -0.00113385 0.00824897 0.0103674 0.00160328 -0.0106903 -0.0180561 -0.0190685 -0.0180363 -0.018315 -0.0184801 -0.0154478 -0.0106875 -0.010038 -0.0158727 -0.0235378 -0.027733 -0.0279273 -0.025013 -0.0165072 0.00146994 0.0269429 0.0493378 0.0599049 0.0634925 0.0713914 0.0866667 0.106596 0.131827 0.161435 0.18571 
