0.0860164 0.0246535 0.00720628 0.022097 0.0518988 0.0776501 0.0852183 0.0739607 0.0552474 0.0413945 0.0386598 0.0427234 0.0392923 0.0230755 0.00765571 0.00570359 0.0135116 0.0184014 0.0127733 -0.00133404 -0.0168643 -0.0269062 -0.0287795 -0.0259301 -0.0255822 -0.0323845 -0.0426842 -0.0465581 -0.0373125 -0.0175646 0.00568108 0.0249706 0.0337939 0.0395255 0.0653639 0.122879 0.197875 0.266129 0.298373 0.267534 0.181234 
0.0508846 0.0190689 0.0143084 0.0310537 0.0589377 0.0819342 0.0868831 0.074239 0.0551828 0.0423429 0.0442406 0.0557047 0.0559418 0.0356122 0.0124122 0.00451448 0.00946184 0.0138213 0.00914608 -0.00362719 -0.0187666 -0.0303605 -0.0351697 -0.034136 -0.0326316 -0.0368173 -0.0464041 -0.0526293 -0.0458708 -0.0240893 0.00743019 0.0377302 0.0545912 0.0617271 0.0802178 0.117139 0.153449 0.173225 0.174224 0.151026 0.103038 
0.0368455 0.0281364 0.0342334 0.0568536 0.091743 0.11938 0.121041 0.0989917 0.0698155 0.0492983 0.0466265 0.0556863 0.0548927 0.0350797 0.0128982 0.00417188 0.00630476 0.00827352 0.00341433 -0.00710369 -0.0185468 -0.027399 -0.0323035 -0.033191 -0.0329846 -0.0372519 -0.0475628 -0.057334 -0.0565153 -0.0391227 -0.00660335 0.029949 0.0552604 0.0688445 0.0874129 0.116053 0.135214 0.129967 0.108734 0.0835273 0.0577718 
0.0394259 0.0402683 0.0500287 0.0781108 0.122585 0.156196 0.153346 0.119756 0.0797135 0.0516016 0.0417629 0.0426673 0.0376202 0.0216281 0.00656866 0.0010217 0.00166038 0.00113095 -0.00426271 -0.012125 -0.0183851 -0.0222039 -0.0251293 -0.02798 -0.0320535 -0.0403216 -0.0531938 -0.0652329 -0.0677235 -0.0543059 -0.0254393 0.00954148 0.0383352 0.0590852 0.0816876 0.108845 0.124294 0.113122 0.0844676 0.0588249 0.0446625 
0.038219 0.0392538 0.0464941 0.0751412 0.12212 0.155263 0.147971 0.109569 0.0678858 0.0407614 0.0300176 0.026084 0.0176814 0.00480192 -0.00424987 -0.00667258 -0.00658691 -0.00861936 -0.0134264 -0.0174503 -0.0180726 -0.0169937 -0.0179975 -0.0232911 -0.0331773 -0.0469247 -0.0616019 -0.0716875 -0.0709757 -0.0564256 -0.0314623 -0.00415425 0.0197242 0.041076 0.0647027 0.0903058 0.10445 0.0929684 0.064341 0.0423982 0.03666 
0.0243622 0.0235325 0.028234 0.0538633 0.0935848 0.117321 0.10635 0.0730303 0.0415708 0.0247367 0.019822 0.0158012 0.00537176 -0.00719222 -0.014276 -0.0156986 -0.0162187 -0.0186037 -0.0209656 -0.0198066 -0.0151396 -0.0106703 -0.010857 -0.0184466 -0.0328586 -0.0498032 -0.0629093 -0.0670697 -0.0599811 -0.0427817 -0.0218028 -0.0048595 0.00737204 0.0211207 0.0414133 0.0653987 0.0784584 0.0665421 0.039109 0.0211758 0.0206334 
0.00843338 0.0103654 0.0167624 0.0375566 0.0632525 0.0724399 0.0586751 0.0357485 0.0199743 0.0165564 0.0187491 0.0154699 0.0031047 -0.0105957 -0.0177428 -0.0193826 -0.0205388 -0.0225667 -0.0223124 -0.0174316 -0.0101225 -0.00457018 -0.0044066 -0.0122362 -0.027406 -0.0438708 -0.0533093 -0.0518435 -0.0409269 -0.0237016 -0.00679474 0.00112995 0.000760262 0.00377207 0.0195864 0.0436781 0.0570615 0.0448091 0.0179107 0.00143345 0.002612 
0.000916464 0.0126874 0.023626 0.0363908 0.0450274 0.0411626 0.027367 0.0146754 0.0117459 0.0181093 0.0240884 0.0196521 0.00511366 -0.00949899 -0.0164984 -0.0174435 -0.017563 -0.0182825 -0.0168789 -0.0118945 -0.00569825 -0.00129886 -0.000732405 -0.00619179 -0.0180162 -0.0309701 -0.0368992 -0.0330174 -0.0224298 -0.00771726 0.00578807 0.00806198 -0.00120308 -0.00704828 0.00415423 0.0276744 0.0416027 0.0300409 0.00358925 -0.0135013 -0.0113541 
0.00161429 0.0237113 0.0368601 0.0386762 0.0322416 0.0222138 0.0133203 0.0093807 0.013537 0.0233074 0.0279991 0.019706 0.00254015 -0.0125486 -0.0184659 -0.0166814 -0.0132372 -0.0114446 -0.00979296 -0.00647057 -0.00242682 0.000625737 0.00165575 -0.000860197 -0.00786716 -0.0159033 -0.0185157 -0.01408 -0.00611845 0.00413482 0.013546 0.012517 -0.000399837 -0.0109698 -0.00524722 0.0134477 0.0256725 0.0167219 -0.00599007 -0.0219348 -0.0181936 
0.00524068 0.0288629 0.0388448 0.0312902 0.0168441 0.00781834 0.00685452 0.0102266 0.0173317 0.0257101 0.0257202 0.0124495 -0.00696292 -0.0215589 -0.0253158 -0.0199259 -0.0123148 -0.00762913 -0.00537687 -0.00282952 0.000780692 0.00416112 0.00588069 0.0049431 0.00123668 -0.00237972 -0.00146531 0.00366605 0.00854281 0.0127361 0.0164289 0.0136895 0.00280302 -0.00685996 -0.00589537 0.0038989 0.0105731 0.00494716 -0.00925371 -0.0197726 -0.0153436 
0.00750702 0.0234209 0.0273267 0.0157466 0.00060069 -0.00495109 -0.000271933 0.00709133 0.014336 0.0196965 0.0160056 0.000921063 -0.0171982 -0.0284654 -0.0292188 -0.0220369 -0.0128546 -0.00645952 -0.00330461 -0.000670912 0.00352404 0.00829471 0.011173 0.0109583 0.00883164 0.00829249 0.0123102 0.0185459 0.0213942 0.0204924 0.0190419 0.0161835 0.0108933 0.00628634 0.00505975 0.00590382 0.00503931 0.000939538 -0.00446167 -0.0084096 -0.00573088 
0.00876325 0.0147464 0.0133692 0.00208201 -0.0100595 -0.012959 -0.00719955 -0.000601185 0.00392278 0.00618479 0.0020377 -0.00953817 -0.0211855 -0.025738 -0.0233848 -0.0176753 -0.011044 -0.00545643 -0.00220247 0.000141033 0.00415626 0.00958504 0.0135893 0.0144507 0.013783 0.0154224 0.0214587 0.0288481 0.0319866 0.0297763 0.0258359 0.0227701 0.0211794 0.0203914 0.0185758 0.0145187 0.00891417 0.0047976 0.00418683 0.00439763 0.00461016 
0.0085474 0.00763995 0.00338066 -0.00544546 -0.0127409 -0.0123684 -0.00715676 -0.00433847 -0.00484601 -0.00613034 -0.00933462 -0.0150248 -0.0183637 -0.0158177 -0.011186 -0.00857633 -0.00668261 -0.00398281 -0.00175245 -7.86247e-05 0.00298556 0.00757712 0.0114641 0.0132573 0.0143799 0.0177495 0.0246287 0.032804 0.0379583 0.0375397 0.0327693 0.0272691 0.0241386 0.0228647 0.0208546 0.0170649 0.0119181 0.00787788 0.00800088 0.00998435 0.00972881 
0.00222558 -0.00168071 -0.00570714 -0.0100375 -0.010892 -0.00559121 5.07617e-05 -0.0010266 -0.00695129 -0.0119666 -0.0146473 -0.0157751 -0.013645 -0.0074612 -0.00212876 -0.00165565 -0.00318076 -0.00307916 -0.00170726 -1.18806e-05 0.00250097 0.00552774 0.00776062 0.00911513 0.0110673 0.0150917 0.0215845 0.029574 0.0361875 0.0374951 0.0318577 0.0226712 0.0155176 0.0121187 0.0108742 0.0104168 0.00853241 0.00461225 0.00284481 0.00462736 0.00516214 
-0.00870785 -0.0122649 -0.0130041 -0.0117509 -0.00706734 0.00166901 0.00722662 0.00303146 -0.00684512 -0.0142514 -0.0163277 -0.014991 -0.0114227 -0.00567441 -0.00114609 -0.00109792 -0.00311384 -0.00334665 -0.00138243 0.00141113 0.00411117 0.00578348 0.00589341 0.00556776 0.00648569 0.00928946 0.0140164 0.0203711 0.0261953 0.0273021 0.021063 0.0105029 0.00216233 -0.000865527 0.000121877 0.00280938 0.00331255 -0.000884318 -0.00531968 -0.00555914 -0.00538995 
-0.0145939 -0.0153894 -0.01181 -0.00691251 -0.000907805 0.00677418 0.0099186 0.00322855 -0.00827242 -0.0157751 -0.0166247 -0.0143885 -0.011773 -0.0080967 -0.00460785 -0.00374727 -0.00408359 -0.0027258 0.000596597 0.00428325 0.00686233 0.00743222 0.00609405 0.00421124 0.00310261 0.00327824 0.00508022 0.008344 0.0112195 0.0106837 0.00511082 -0.00292928 -0.00817347 -0.00825393 -0.00494004 -0.000983191 0.000240109 -0.00356597 -0.00881781 -0.0107802 -0.0117624 
-0.0118907 -0.0103368 -0.00457102 0.000465947 0.0040811 0.00791041 0.00800659 0.00062799 -0.00963325 -0.0152101 -0.0148637 -0.0131478 -0.012162 -0.00968253 -0.00592547 -0.00338255 -0.00161441 0.00112127 0.00467468 0.00771045 0.00919956 0.00887414 0.00718996 0.00474114 0.00184382 -0.000842901 -0.00236584 -0.00287052 -0.00374509 -0.00611702 -0.00994571 -0.0135887 -0.0147962 -0.013107 -0.00983502 -0.00636696 -0.00449486 -0.00579524 -0.00826353 -0.00903528 -0.00994763 
-0.0080301 -0.00738458 -0.00267466 0.00105823 0.00250843 0.00360027 0.00271978 -0.00241095 -0.00879252 -0.0114275 -0.010603 -0.0104629 -0.0109679 -0.00834145 -0.00303298 0.00133431 0.00404105 0.00630258 0.00838794 0.00978741 0.0101038 0.00944273 0.0080454 0.00546348 0.00124225 -0.00360791 -0.00757443 -0.0107381 -0.0141007 -0.017387 -0.0193061 -0.0194089 -0.0187973 -0.0187041 -0.0186741 -0.0173566 -0.0148223 -0.0122281 -0.00926979 -0.00604512 -0.00567748 
-0.0091953 -0.0116057 -0.00900883 -0.00544276 -0.0037385 -0.00281175 -0.00234031 -0.00350755 -0.00532584 -0.00541811 -0.00484475 -0.00642465 -0.00811551 -0.0053213 0.00103507 0.00619335 0.00830293 0.00868872 0.00880589 0.00900072 0.00900378 0.00858128 0.00728781 0.00417125 -0.000985844 -0.00664487 -0.0110679 -0.014247 -0.0172127 -0.0196553 -0.0200614 -0.0188731 -0.0191889 -0.0227738 -0.0274542 -0.0297486 -0.0280411 -0.0224862 -0.0141186 -0.0065061 -0.00503032 
-0.0122622 -0.016306 -0.0146009 -0.0105996 -0.00822973 -0.0066767 -0.00430737 -0.00213166 -0.000844048 0.000348862 0.000548358 -0.00167485 -0.00367189 -0.00135967 0.00426607 0.0085493 0.00917399 0.00766126 0.00639808 0.00612019 0.00631007 0.0061644 0.00459958 0.000789919 -0.0045683 -0.00954973 -0.0126455 -0.0136832 -0.0138145 -0.0137977 -0.0131606 -0.0129892 -0.016374 -0.0240102 -0.0326992 -0.0385612 -0.0387466 -0.0317243 -0.0195257 -0.00899972 -0.00701069 
-0.0121361 -0.0148306 -0.0127112 -0.00969719 -0.00895986 -0.00803877 -0.00459708 -0.00056203 0.00207534 0.00346301 0.00357008 0.00243399 0.00212923 0.00463659 0.00859469 0.0106502 0.00927382 0.00625701 0.00413041 0.00342787 0.00336388 0.002975 0.00108271 -0.00283142 -0.00748859 -0.0110007 -0.0122089 -0.0106629 -0.00753111 -0.0048469 -0.00368544 -0.00564723 -0.0126825 -0.0235637 -0.034478 -0.042199 -0.0434484 -0.0355484 -0.0215209 -0.0101719 -0.00792632 
-0.0109623 -0.00982296 -0.00646208 -0.00595325 -0.00890701 -0.0096774 -0.00571283 -0.000530691 0.00279612 0.00402404 0.00401964 0.0046187 0.00756249 0.0119607 0.0148836 0.0143427 0.0107565 0.00654482 0.00372692 0.00224635 0.00121951 -4.91984e-06 -0.00214443 -0.00555108 -0.0092676 -0.0117659 -0.0116778 -0.00815036 -0.00274253 0.00148409 0.00268555 -0.000704057 -0.00961699 -0.0215962 -0.0325983 -0.0400062 -0.0410207 -0.0335434 -0.0212969 -0.0121097 -0.00983166 
-0.0123235 -0.00591734 -0.00133703 -0.00454518 -0.0122683 -0.0151375 -0.0107981 -0.00439 0.000374048 0.00274608 0.00337275 0.00525033 0.0108183 0.0173954 0.0201169 0.0177335 0.0126491 0.0078241 0.00449866 0.00220644 0.00022321 -0.00181728 -0.004137 -0.00706089 -0.010541 -0.013482 -0.0135746 -0.00927975 -0.00278139 0.00220706 0.00387106 0.000961903 -0.00703287 -0.0174716 -0.0264294 -0.031726 -0.0321753 -0.0280042 -0.0224508 -0.018575 -0.0160818 
-0.0116851 -0.000398097 0.00329849 -0.00618321 -0.0209145 -0.0278013 -0.0243335 -0.0165339 -0.00845155 -0.00180651 0.00219867 0.00582316 0.0124064 0.0197244 0.0225157 0.0197249 0.0143327 0.00921276 0.00531969 0.00253744 0.000430861 -0.00164416 -0.00397269 -0.00686067 -0.0108964 -0.0153269 -0.0169691 -0.0134336 -0.00689554 -0.00121458 0.00157189 0.000245379 -0.00503509 -0.0115136 -0.0162341 -0.0184963 -0.0194076 -0.0212031 -0.0247809 -0.0263822 -0.0218581 
-0.00295446 0.0109741 0.0112921 -0.00601156 -0.0295528 -0.0435854 -0.0438672 -0.0353531 -0.0225769 -0.00926795 0.000563868 0.00702633 0.0137753 0.020697 0.0239292 0.021967 0.0166366 0.0106065 0.00571695 0.00283835 0.0015896 0.000420257 -0.00165693 -0.00479063 -0.00923526 -0.0142621 -0.0167718 -0.0142476 -0.00845872 -0.0031414 -0.000859983 -0.00218562 -0.00471833 -0.00539091 -0.00425057 -0.00393568 -0.00696025 -0.0148462 -0.0249574 -0.0283326 -0.0193932 
0.0113963 0.024532 0.0215147 -0.000186701 -0.0296935 -0.0516919 -0.058515 -0.0510039 -0.0340189 -0.0146475 0.000163992 0.00893553 0.0156715 0.0223801 0.0264852 0.0251924 0.0188311 0.0108318 0.00475482 0.00210893 0.00198551 0.00189077 0.000222161 -0.00276107 -0.00622739 -0.00920561 -0.00988085 -0.00708475 -0.00245252 0.000759629 -0.000146699 -0.00417087 -0.00569663 -0.00150528 0.00435922 0.00579161 0.000666057 -0.00959964 -0.0197789 -0.0203551 -0.00745711 
0.023087 0.0328872 0.0293012 0.00956886 -0.0203324 -0.0485458 -0.0630419 -0.0580803 -0.038211 -0.0149161 0.00202286 0.0114963 0.0187943 0.0265398 0.0314179 0.0290213 0.019704 0.00902062 0.00192394 -0.000770732 -0.00100683 -0.00125485 -0.00267238 -0.00458997 -0.00546108 -0.00432997 -0.00144345 0.00230207 0.00604203 0.00805181 0.00506094 -0.00218379 -0.00606636 -0.00207305 0.00456934 0.00625477 0.00144463 -0.00599567 -0.0103264 -0.00590742 0.00741968 
0.0257836 0.0340778 0.0344237 0.0214149 -0.0056855 -0.0386553 -0.0609023 -0.0598259 -0.0388631 -0.0136156 0.0034409 0.0130501 0.0224119 0.0326049 0.0376433 0.032461 0.0194113 0.00652801 -0.00103394 -0.00439726 -0.00660744 -0.0088045 -0.0105415 -0.0111935 -0.00968843 -0.00555931 -0.000719698 0.00312877 0.00762137 0.0130804 0.0134472 0.00514659 -0.00428327 -0.00630429 -0.00254843 -0.000305891 -0.00248527 -0.00531123 -0.00372649 0.00377651 0.0146972 
0.018671 0.0305082 0.0392065 0.0352583 0.0120228 -0.024408 -0.0538936 -0.0586155 -0.0398354 -0.0152844 0.00045538 0.0101373 0.0224091 0.0350933 0.0392302 0.0311294 0.0161391 0.0034601 -0.00287508 -0.00612374 -0.010297 -0.0150351 -0.0179164 -0.0183785 -0.0165776 -0.0129793 -0.00988177 -0.00731671 -0.000193805 0.0126036 0.0207301 0.0147847 0.000687889 -0.00868339 -0.00921541 -0.0063037 -0.00509694 -0.00503155 -0.00316052 0.00163683 0.00889328 
0.0074595 0.0245268 0.0419007 0.0467587 0.0286442 -0.00778579 -0.0415091 -0.0524884 -0.0393712 -0.0191129 -0.00664361 0.00211117 0.0158963 0.028977 0.030754 0.0208241 0.00730477 -0.00181241 -0.00476373 -0.00597926 -0.0100923 -0.0164081 -0.0209478 -0.0222732 -0.0215863 -0.020964 -0.0222654 -0.0220139 -0.0122359 0.00696884 0.0222033 0.0211839 0.0074553 -0.00518646 -0.00824706 -0.00362586 0.00249959 0.00489683 0.00158907 -0.00323555 -0.00234458 
0.00205957 0.0190498 0.0389234 0.0491169 0.0382585 0.00858769 -0.0223691 -0.0368174 -0.0316299 -0.0193291 -0.0119092 -0.00548467 0.00656577 0.0165942 0.0151826 0.00565781 -0.0031407 -0.00696073 -0.00660881 -0.005727 -0.00835023 -0.0144216 -0.0196269 -0.0214864 -0.0218786 -0.0246549 -0.030936 -0.0335528 -0.0229374 -0.00124193 0.0175804 0.0217341 0.0122089 0.00144968 0.00142744 0.0137356 0.0303667 0.0379312 0.0272813 0.0071948 -0.00355194 
0.0107552 0.0177802 0.0310073 0.042979 0.043826 0.030233 0.010269 -0.00526719 -0.0115929 -0.0118039 -0.0109483 -0.00747137 0.000201279 0.00487314 0.00153527 -0.00432353 -0.00694316 -0.00709296 -0.00665097 -0.00619941 -0.00734539 -0.010601 -0.0134604 -0.0144483 -0.016077 -0.022528 -0.0334397 -0.0394049 -0.0309298 -0.0109845 0.00857444 0.0171048 0.0123725 0.00638028 0.0166174 0.047827 0.0865529 0.106925 0.0898715 0.0491407 0.0183585 
0.0389411 0.0245988 0.0246071 0.0376337 0.0551288 0.0647117 0.0599324 0.0420938 0.0194596 0.0023455 -0.00497065 -0.00435438 -0.00109243 -0.000933358 -0.0034275 -0.00357699 -0.00137324 -0.00142095 -0.00444103 -0.00704123 -0.00737075 -0.00590259 -0.00371503 -0.00279485 -0.00637457 -0.0169215 -0.0315235 -0.0404755 -0.0363879 -0.021714 -0.00400173 0.00750022 0.00711001 0.00706597 0.0321875 0.0926211 0.169151 0.21846 0.203712 0.138598 0.0745819 
0.0829558 0.0385017 0.0242149 0.0388148 0.0718007 0.101949 0.109407 0.0881858 0.0512818 0.0199268 0.00506509 0.00242741 0.00201145 -0.000257254 -0.000304538 0.00448219 0.00913 0.00747265 0.000202595 -0.00668014 -0.00818679 -0.00377054 0.00264148 0.00540846 0.000280927 -0.0131562 -0.0291936 -0.0386085 -0.0372802 -0.0280485 -0.0145903 -0.00320546 -0.00060341 0.0047952 0.0428253 0.131329 0.251432 0.345141 0.350818 0.268433 0.161941 
0.118842 0.0472721 0.0233114 0.0390754 0.0787811 0.11701 0.129055 0.107802 0.0690386 0.0356362 0.0184099 0.0126306 0.00829938 0.00339556 0.00373956 0.0106302 0.0171602 0.0160671 0.00697248 -0.00407567 -0.0100131 -0.00795926 -0.0014396 0.0024321 -0.00212288 -0.0152827 -0.0298699 -0.0367364 -0.0338252 -0.0256727 -0.0152704 -0.00588144 -0.00230431 0.00572044 0.0478139 0.146076 0.287302 0.413778 0.449781 0.371856 0.237353 
0.118941 0.0399165 0.0147624 0.0303595 0.0670056 0.100842 0.111426 0.0951135 0.0664532 0.0425688 0.0305623 0.026213 0.019953 0.0100227 0.00493045 0.00947872 0.0177871 0.0200964 0.0123249 -0.00135675 -0.0131985 -0.0175653 -0.014782 -0.0108517 -0.0129812 -0.0232402 -0.0352472 -0.0393618 -0.03243 -0.0195255 -0.00582599 0.00511308 0.00970987 0.0170733 0.0533044 0.137045 0.257854 0.37391 0.423308 0.369507 0.244544 
