0.353428 0.345332 0.27801 0.184229 0.0927616 0.0217188 -0.0184436 -0.028757 -0.0207732 -0.00922318 -0.00457531 -0.00833679 -0.0155013 -0.0210788 -0.0231259 -0.0223574 -0.0209294 -0.0202689 -0.0196667 -0.0179788 -0.0155082 -0.013212 -0.0120419 -0.0130313 -0.015849 -0.0181717 -0.0176535 -0.0130507 -0.00403336 0.00732077 0.0160235 0.0193644 0.0222361 0.0319991 0.0473017 0.0574256 0.0557755 0.0521575 0.0680874 0.119385 0.203577 0.295636 
0.413867 0.419962 0.345182 0.227834 0.112676 0.0282588 -0.0153776 -0.024945 -0.0156321 -0.00172225 0.00730745 0.00842106 0.00341587 -0.00452738 -0.0118058 -0.0155597 -0.0158747 -0.0146657 -0.0127001 -0.00991228 -0.00723783 -0.0061115 -0.00729285 -0.0105774 -0.0146315 -0.0178679 -0.0197293 -0.019757 -0.0167484 -0.0112201 -0.00650692 -0.00384442 0.00179989 0.0164219 0.0381565 0.057277 0.0660398 0.0696343 0.0866221 0.136222 0.224372 0.332583 
0.398206 0.42313 0.365243 0.253736 0.13561 0.0469637 0.0021483 -0.00621599 0.00445182 0.0190717 0.0282623 0.0283375 0.0201013 0.00682896 -0.00623067 -0.0140219 -0.0154281 -0.0127438 -0.00819029 -0.0033255 -0.000193222 -0.000529079 -0.00411574 -0.00876258 -0.012171 -0.0141594 -0.0164755 -0.0196161 -0.0215629 -0.0210999 -0.0194532 -0.0164897 -0.00877919 0.00566267 0.0238172 0.0406314 0.053258 0.064538 0.0850252 0.129045 0.206336 0.308878 
0.307102 0.341178 0.311982 0.232593 0.137225 0.0601546 0.0205979 0.0152146 0.0266229 0.0386381 0.0425439 0.0363807 0.0226193 0.00554847 -0.00984362 -0.0192103 -0.0211538 -0.0170503 -0.00923846 -0.00090342 0.00406981 0.00340892 -0.00134493 -0.0059876 -0.00770026 -0.00772191 -0.00945905 -0.0139975 -0.0187681 -0.0211655 -0.0208857 -0.0176898 -0.0107688 -0.00177411 0.00628821 0.0142237 0.0257314 0.0425152 0.0656517 0.100456 0.155711 0.232174 
0.181277 0.210307 0.204991 0.166639 0.110427 0.0586513 0.0306003 0.0285924 0.0383033 0.0442856 0.0401218 0.0273285 0.0109469 -0.00450546 -0.0166997 -0.0243543 -0.026288 -0.0217391 -0.0116761 -0.000153941 0.00720928 0.00755724 0.00325193 -0.000764476 -0.00199035 -0.00213382 -0.00433626 -0.00943032 -0.0150335 -0.018382 -0.0188431 -0.01689 -0.013334 -0.010497 -0.00975469 -0.0070277 0.00369953 0.0220288 0.0422886 0.0633176 0.092133 0.134466 
0.0714307 0.0884398 0.0947425 0.0877531 0.0682803 0.0443503 0.0302184 0.031456 0.0380741 0.0374657 0.0263664 0.00962138 -0.00578859 -0.0159454 -0.0217609 -0.0253612 -0.0262362 -0.0218837 -0.0115737 0.000959118 0.00970267 0.0116949 0.00900849 0.00538329 0.00241889 -0.000508094 -0.00439259 -0.00943083 -0.0144069 -0.0176579 -0.0190811 -0.019661 -0.0198345 -0.0197384 -0.0186157 -0.0130914 -0.000217042 0.0165065 0.0289164 0.0341202 0.0389411 0.0517213 
0.0121641 0.0201391 0.0279002 0.0329258 0.0320366 0.0262951 0.0239106 0.0290279 0.0341077 0.0296827 0.0149163 -0.00351956 -0.0176925 -0.0240217 -0.0248683 -0.0241766 -0.0227092 -0.0181823 -0.00911564 0.00199406 0.0103563 0.0135703 0.0126392 0.00906649 0.00374079 -0.00186211 -0.00637198 -0.0100992 -0.0135775 -0.0162381 -0.0182772 -0.0208716 -0.0235343 -0.0236378 -0.0185005 -0.00689951 0.00972743 0.0254909 0.0318556 0.0256295 0.0141994 0.00859433 
0.00589622 0.011203 0.0148864 0.0147959 0.0124474 0.0112774 0.0157317 0.02526 0.0318341 0.0276553 0.0126879 -0.00603598 -0.0202501 -0.0260969 -0.0253062 -0.0217341 -0.0176018 -0.0125098 -0.00542531 0.00258234 0.00884586 0.01203 0.0122127 0.0091331 0.00345175 -0.00178547 -0.00434973 -0.00572498 -0.00785402 -0.0101271 -0.0121588 -0.0153063 -0.0191646 -0.0197827 -0.0131096 0.00139032 0.0208628 0.0391378 0.0466835 0.0378005 0.0196139 0.00677255 
0.0252619 0.0308669 0.0289974 0.0177682 0.00535558 0.000705119 0.00688758 0.0192283 0.0283733 0.0268563 0.0142259 -0.00297954 -0.0166191 -0.0225395 -0.0213594 -0.0162314 -0.0103972 -0.00529699 -0.000727328 0.0033247 0.00631396 0.00818809 0.00884554 0.00743476 0.00444386 0.0027073 0.0034558 0.00388504 0.001726 -0.00144305 -0.00416325 -0.00768302 -0.0121393 -0.0139377 -0.00907094 0.00354599 0.0229947 0.0450112 0.0586695 0.0542281 0.0371596 0.0245959 
0.0371885 0.0428648 0.0382613 0.0218947 0.00425778 -0.00385562 0.000242921 0.0111405 0.0200618 0.0202847 0.0109661 -0.00258288 -0.013366 -0.0174508 -0.0148505 -0.00843263 -0.00195191 0.00236164 0.00433427 0.0046737 0.00430346 0.00420166 0.00473673 0.00550126 0.00664165 0.0092038 0.0124835 0.0131335 0.00950979 0.0039974 -0.00113181 -0.00616914 -0.0108893 -0.0129762 -0.0105058 -0.0025142 0.0128669 0.0344205 0.0518143 0.0535181 0.0425046 0.0342639 
0.0261865 0.0323356 0.0307219 0.01965 0.00638205 -0.00117531 -0.000522718 0.00512771 0.00974626 0.00883858 0.00223222 -0.00659986 -0.0132783 -0.0147402 -0.0104677 -0.00298685 0.00384127 0.00760667 0.00811649 0.00644901 0.00403029 0.0021013 0.00162562 0.00326557 0.00706101 0.0120827 0.0159968 0.0158001 0.0106797 0.00293853 -0.00492886 -0.0115909 -0.0156249 -0.0163744 -0.0151483 -0.0121072 -0.0038428 0.0108309 0.0247517 0.0289887 0.0246491 0.0217671 
-0.000803573 0.00678563 0.011584 0.0108096 0.00655711 0.00272552 0.00186634 0.00317209 0.00305465 -0.000352634 -0.0054408 -0.0102461 -0.0136806 -0.0141142 -0.0102079 -0.00317456 0.0037724 0.00806019 0.00915342 0.00799632 0.0056556 0.00281473 0.000671064 0.000991554 0.00421804 0.00848526 0.0109553 0.00957543 0.00418015 -0.00366332 -0.0118503 -0.0180137 -0.0200744 -0.0187908 -0.017568 -0.0173907 -0.015256 -0.00993465 -0.0050534 -0.00414074 -0.00591225 -0.00577396 
-0.0252928 -0.017657 -0.00926296 -0.00355387 -0.00151617 -0.00127838 -3.81974e-05 0.00197918 0.00129449 -0.00277004 -0.00686901 -0.00942548 -0.0115868 -0.0130804 -0.0118673 -0.00724199 -0.00095945 0.004404 0.00753134 0.00865254 0.00800713 0.00540624 0.00185164 -0.000340477 -0.000181512 0.000725908 0.000230972 -0.00242715 -0.0068014 -0.0120372 -0.0170371 -0.0201651 -0.0200559 -0.017701 -0.0157816 -0.0150232 -0.014499 -0.0152801 -0.0190504 -0.0244339 -0.0284461 -0.0290829 
-0.0336561 -0.028724 -0.0224555 -0.0175662 -0.0149376 -0.0125752 -0.00761226 -0.00123736 0.00157154 -0.000470986 -0.00366405 -0.00607533 -0.00888892 -0.0120274 -0.0133218 -0.0111551 -0.00605638 -0.000120852 0.00487132 0.00828349 0.00947459 0.00763202 0.0034682 -0.000796295 -0.00391928 -0.00667427 -0.00997859 -0.0134118 -0.0159968 -0.0173234 -0.0176512 -0.0173532 -0.016403 -0.0146864 -0.012219 -0.00897562 -0.00643729 -0.00804614 -0.0150062 -0.0240955 -0.031378 -0.0347969 
-0.0261495 -0.0239558 -0.0222437 -0.0225918 -0.0237157 -0.0222214 -0.0154286 -0.00575007 0.000596256 0.00105368 -0.0018079 -0.00578275 -0.0103124 -0.0140106 -0.0151095 -0.0130658 -0.00851498 -0.00273872 0.00291112 0.0073106 0.0092035 0.00768587 0.00345758 -0.00159211 -0.00627319 -0.0106588 -0.0147155 -0.0174492 -0.0178575 -0.0160821 -0.0135273 -0.0119314 -0.0116994 -0.0113065 -0.00882832 -0.00405851 0.000457967 0.00115894 -0.00319683 -0.0110986 -0.0196904 -0.0253589 
-0.0118559 -0.0093856 -0.0106642 -0.0168125 -0.0235775 -0.0255141 -0.0201911 -0.0107442 -0.00343513 -0.00163047 -0.00453421 -0.0102669 -0.0162716 -0.0192095 -0.0177564 -0.0134947 -0.00828089 -0.00279189 0.00250548 0.00646392 0.00767639 0.00567378 0.00149753 -0.00316248 -0.0072817 -0.0106845 -0.0130504 -0.013512 -0.0117057 -0.00868825 -0.00636552 -0.00596287 -0.0068052 -0.0067831 -0.00442037 -0.000266472 0.0038619 0.00650161 0.0063995 0.00184806 -0.00616683 -0.0119996 
0.00111252 0.00642769 0.00456551 -0.00547184 -0.0169847 -0.0230265 -0.021498 -0.0153112 -0.00935847 -0.00694846 -0.00909695 -0.0150887 -0.021463 -0.0233836 -0.0194555 -0.01269 -0.00622623 -0.000781332 0.0037099 0.0063587 0.00611812 0.00322914 -0.000830031 -0.00444506 -0.00681653 -0.00792619 -0.00763435 -0.00552303 -0.00207766 0.000782576 0.00132141 -1.46635e-05 -0.0009424 0.00018389 0.00272608 0.00498291 0.00661939 0.00856238 0.00982512 0.00706387 0.000632863 -0.00273336 
0.00914697 0.0171601 0.0164749 0.00627193 -0.00642498 -0.0149925 -0.0177435 -0.0163129 -0.0131595 -0.0107204 -0.0113143 -0.0158159 -0.0213315 -0.0226867 -0.0179311 -0.0100617 -0.00286851 0.002351 0.00565787 0.00662527 0.00494387 0.00149683 -0.00205494 -0.00428893 -0.00479029 -0.00395142 -0.00188924 0.00155938 0.00549038 0.00775148 0.00715818 0.00543693 0.00564292 0.00848786 0.0113808 0.0117858 0.010369 0.00928905 0.00826104 0.00504561 0.000836131 0.00142374 
0.0121564 0.0202934 0.0213246 0.0144242 0.00450234 -0.00375131 -0.00906002 -0.0116967 -0.0119529 -0.0108459 -0.0105233 -0.0127316 -0.0162062 -0.0169829 -0.0127846 -0.00562477 0.000867886 0.00491808 0.00650234 0.0058124 0.0033239 0.000201076 -0.00214858 -0.00270812 -0.00155604 0.00038961 0.00277496 0.00582156 0.00885709 0.0103134 0.00975133 0.00909169 0.0108103 0.0147225 0.0175475 0.0166397 0.0129341 0.00880442 0.00496984 0.00139269 -0.000123542 0.00348405 
0.0121382 0.0170657 0.0184768 0.0154942 0.010085 0.00468086 1.67007e-05 -0.00396352 -0.00690908 -0.00833465 -0.00844452 -0.00846307 -0.00907591 -0.00876892 -0.0056841 -0.000660494 0.00355493 0.00537015 0.00498142 0.00316346 0.000833228 -0.00106217 -0.00169933 -0.000458889 0.00227683 0.00506732 0.00708236 0.00856239 0.0095362 0.00973163 0.00965421 0.0106087 0.013412 0.0169886 0.018571 0.0163908 0.0116156 0.00655858 0.00265037 0.000911335 0.00220331 0.00639311 
0.0103827 0.0102931 0.0100974 0.00935286 0.00800161 0.0066496 0.00515265 0.00256668 -0.00137764 -0.00507545 -0.00621287 -0.00472167 -0.00276093 -0.00128044 0.000671516 0.0030752 0.0043806 0.00378215 0.00191594 -0.000175297 -0.00164765 -0.00204031 -0.0010253 0.00188819 0.00627723 0.0101674 0.0119073 0.011581 0.0102181 0.00916613 0.00975879 0.0122307 0.0153092 0.0170081 0.0157346 0.0115951 0.00663138 0.00305446 0.00195528 0.00355419 0.00684467 0.00954302 
0.00600423 0.00180242 -0.00064512 -0.000752028 0.000856273 0.00340887 0.00557686 0.00536944 0.00182783 -0.0028389 -0.004661 -0.002498 0.000951895 0.00327546 0.00445062 0.00470943 0.00361746 0.00139783 -0.00094973 -0.00261323 -0.00321096 -0.00256043 -0.000304935 0.00414378 0.0102115 0.0152891 0.0169462 0.0153075 0.01255 0.0112509 0.0128051 0.0161195 0.01828 0.0168558 0.0116347 0.00495088 0.000183169 -0.000802591 0.00150383 0.00545439 0.00884068 0.00919863 
-0.000888065 -0.00656539 -0.0105023 -0.0109019 -0.00773342 -0.00253167 0.00222064 0.00383234 0.00117708 -0.00325754 -0.00498607 -0.00236783 0.00200648 0.005073 0.00588365 0.00464 0.00196742 -0.000892748 -0.00285069 -0.00375079 -0.00379002 -0.00265779 0.00050659 0.00634944 0.0137595 0.0194898 0.0208846 0.0186095 0.0157987 0.0152902 0.0176053 0.0204777 0.0204981 0.0156746 0.00695087 -0.00181869 -0.00622586 -0.00496664 -0.000582535 0.00349584 0.00523833 0.00371668 
-0.00666526 -0.0113012 -0.0157508 -0.0174462 -0.0149565 -0.00946542 -0.00398039 -0.0015714 -0.00327087 -0.006532 -0.00708546 -0.00337565 0.00204418 0.00569706 0.00605795 0.00361287 4.6112e-05 -0.00272103 -0.00386609 -0.00396844 -0.00359693 -0.00211978 0.00178918 0.00860808 0.0165047 0.0218371 0.022395 0.0197581 0.0175041 0.0177664 0.0198087 0.0208714 0.0182419 0.0110089 0.000677576 -0.00871179 -0.0125657 -0.0100001 -0.00490502 -0.00169632 -0.00151314 -0.00333743 
-0.00744062 -0.00975783 -0.0141827 -0.0183777 -0.0193535 -0.0165165 -0.0121868 -0.00950182 -0.00967478 -0.0106424 -0.00894346 -0.00363122 0.0024973 0.00588765 0.00530551 0.00202661 -0.00160586 -0.0037118 -0.00400722 -0.00349301 -0.0026963 -0.000734705 0.00375341 0.0108817 0.0182725 0.0222397 0.0213982 0.0182864 0.0163809 0.0165278 0.0168564 0.0148557 0.00925792 0.00058201 -0.00939041 -0.0174292 -0.0197883 -0.0159683 -0.0101052 -0.00673799 -0.00637773 -0.00681608 
-0.00380665 -0.00391721 -0.0081889 -0.0154802 -0.0214851 -0.022866 -0.02029 -0.016818 -0.0144364 -0.0123678 -0.00842231 -0.00230617 0.00319967 0.00515769 0.00343459 0.000105481 -0.00267389 -0.00375897 -0.003367 -0.00245614 -0.00121835 0.00127333 0.0060267 0.0127801 0.0189929 0.0212675 0.0190598 0.0155525 0.0136474 0.0126872 0.00988962 0.00334851 -0.00646533 -0.0171298 -0.0259558 -0.0305828 -0.0291642 -0.0223853 -0.0143138 -0.00910143 -0.00705227 -0.00559203 
-0.00139882 -0.000524204 -0.00444954 -0.0132147 -0.0218644 -0.0251503 -0.0226956 -0.0176924 -0.0129031 -0.00885373 -0.00450248 0.00028006 0.00343041 0.00321007 0.000685527 -0.00185415 -0.00321118 -0.00322355 -0.00232973 -0.00114151 0.00048173 0.00329775 0.00780814 0.0135019 0.0181152 0.0189284 0.016078 0.0127281 0.0106961 0.00793111 0.00112599 -0.010904 -0.0260219 -0.0396044 -0.0472467 -0.0470192 -0.039663 -0.0281907 -0.0170686 -0.00977632 -0.00626618 -0.00392843 
-0.00643925 -0.00622552 -0.00891302 -0.0145435 -0.019071 -0.0186083 -0.0138942 -0.00807779 -0.00320398 0.000163679 0.00238878 0.00367743 0.00311168 0.000381002 -0.00260001 -0.00395217 -0.00374329 -0.00270697 -0.00135589 3.32111e-05 0.0018339 0.00463211 0.00845444 0.0125643 0.015258 0.0148995 0.0121773 0.00953075 0.00730407 0.00252963 -0.00789512 -0.024282 -0.0432666 -0.0585579 -0.0643306 -0.0591036 -0.0461528 -0.0309785 -0.0186393 -0.0115907 -0.00877175 -0.00753351 
-0.0183925 -0.019944 -0.0203576 -0.0182533 -0.0124409 -0.00419978 0.00298035 0.0074028 0.00993468 0.0110226 0.0101385 0.00711478 0.00216457 -0.00345809 -0.00710084 -0.00741677 -0.00563053 -0.00331702 -0.0012715 0.00031507 0.00209088 0.00478477 0.00806251 0.010742 0.011591 0.0101882 0.0076901 0.00554379 0.0027527 -0.00384525 -0.0163744 -0.0340881 -0.0529966 -0.0664148 -0.0685838 -0.059113 -0.0430578 -0.0273073 -0.0171687 -0.0139284 -0.0147843 -0.0165823 
-0.0281962 -0.0316466 -0.0302927 -0.0206387 -0.00482754 0.00959706 0.0168511 0.0183346 0.0186036 0.0185185 0.0157145 0.00909472 -8.88691e-05 -0.0088633 -0.013653 -0.0133453 -0.00997501 -0.0059543 -0.00274601 -0.000788036 0.000993147 0.00393791 0.00749945 0.00972525 0.00943135 0.00705061 0.00403665 0.00120949 -0.00296858 -0.0112372 -0.0244584 -0.0406425 -0.0554469 -0.0630672 -0.0595031 -0.0460228 -0.0284346 -0.0138361 -0.00774198 -0.010691 -0.0175634 -0.0235014 
-0.0272714 -0.031846 -0.0309208 -0.0191097 8.52417e-05 0.0154756 0.0205397 0.0194625 0.019034 0.0195081 0.016566 0.00812794 -0.00380284 -0.0147483 -0.0203465 -0.0196148 -0.0149166 -0.00912567 -0.00451494 -0.00211581 -0.000396685 0.00300868 0.00761038 0.0105225 0.0100459 0.00673262 0.00211612 -0.00276759 -0.00887741 -0.0184427 -0.0316618 -0.0452483 -0.0541236 -0.0538933 -0.0432514 -0.0250617 -0.00510997 0.00938421 0.011963 0.00237072 -0.0113131 -0.0211653 
-0.0154508 -0.0198667 -0.0214656 -0.013558 0.00194148 0.0141978 0.0168332 0.0143509 0.0135342 0.0143935 0.0121991 0.00430011 -0.00724809 -0.0173772 -0.0219368 -0.0206549 -0.0156902 -0.00927362 -0.00394286 -0.00156744 -0.000535627 0.00262483 0.0079618 0.0119188 0.0118377 0.00764163 0.000877413 -0.00631568 -0.0135524 -0.0231156 -0.035862 -0.0475883 -0.0518222 -0.045111 -0.0285648 -0.00589285 0.0176188 0.0339063 0.0346198 0.0198445 0.00113086 -0.0103737 
0.00210115 -0.00164553 -0.00679995 -0.00561095 0.00308865 0.0110387 0.0119445 0.00849719 0.00635811 0.00643799 0.00527391 0.000232637 -0.0071197 -0.0124911 -0.0136576 -0.0119993 -0.00888979 -0.00440778 -0.000179189 0.00117465 0.000587629 0.00210515 0.00672002 0.0108709 0.0109573 0.00600989 -0.00227398 -0.0103904 -0.0167742 -0.0244494 -0.0359562 -0.0470123 -0.0497819 -0.0408816 -0.0225213 0.0018817 0.0280532 0.0469654 0.048193 0.0322013 0.013305 0.00410183 
0.0210258 0.0170158 0.00818767 0.00334933 0.00593809 0.00983729 0.00867923 0.00352953 -0.000431081 -0.00101238 -0.000422983 -0.000965739 -0.00151252 0.000268433 0.00330661 0.00438344 0.00357071 0.00371738 0.00485993 0.0040577 0.00119484 0.000117667 0.00257591 0.00546081 0.00481816 -0.000590286 -0.00865222 -0.0152541 -0.0187216 -0.0229019 -0.0317741 -0.0419218 -0.0454418 -0.0386273 -0.0230942 -0.00094879 0.024922 0.0455634 0.0495913 0.037376 0.0236653 0.0198309 
0.0380618 0.0329788 0.0220407 0.0142631 0.0131143 0.0130836 0.00807022 -0.000604897 -0.00658512 -0.00680131 -0.00371782 0.000309279 0.00620425 0.0140256 0.0196874 0.0193368 0.0148025 0.0108444 0.0084918 0.00502603 -4.05035e-05 -0.00334426 -0.00318858 -0.00242589 -0.00447538 -0.00959618 -0.0151105 -0.0176822 -0.0167721 -0.0164646 -0.0209384 -0.0281814 -0.0320271 -0.0288609 -0.0185705 -0.00147329 0.0207111 0.0403143 0.0470258 0.0408207 0.034184 0.0354001 
0.0488456 0.0433572 0.0342507 0.0285573 0.0270489 0.0235335 0.0128433 -0.00158375 -0.0107393 -0.0109875 -0.00643 -0.000222864 0.00846798 0.01829 0.0240765 0.0229944 0.0178931 0.0130156 0.00897069 0.00384227 -0.0021352 -0.00608363 -0.00722537 -0.00839583 -0.0115396 -0.0150306 -0.015995 -0.0130396 -0.0073429 -0.00265022 -0.00223222 -0.00498707 -0.00705396 -0.00583997 -4.71652e-05 0.0113499 0.0272411 0.0419252 0.0482345 0.0462615 0.0444072 0.0472337 
0.0516241 0.0471624 0.0445846 0.0465833 0.048813 0.0433636 0.0264232 0.00457796 -0.00983447 -0.0124958 -0.00941597 -0.00511805 0.00121028 0.00848964 0.0127763 0.0129387 0.0111922 0.00909154 0.00610485 0.00161226 -0.00310908 -0.00601604 -0.00753862 -0.0100149 -0.0132419 -0.0139192 -0.00978573 -0.00160823 0.00800465 0.0155859 0.018982 0.0198207 0.0210661 0.0236581 0.0279703 0.0348767 0.0435196 0.0507182 0.0537727 0.0533811 0.0528967 0.0533274 
0.0530793 0.0518818 0.0589561 0.0716347 0.0797091 0.0731407 0.0497713 0.0197728 -0.00134387 -0.00852494 -0.00941664 -0.0104541 -0.010866 -0.00955839 -0.00752828 -0.00470967 -0.00108483 0.00150054 0.00151664 -0.000474288 -0.00271287 -0.00416512 -0.0058116 -0.00874507 -0.0109631 -0.00872326 -0.000814594 0.0107577 0.0226933 0.0313217 0.0350909 0.0370238 0.0407968 0.0461419 0.0512911 0.0556726 0.0585956 0.0598401 0.0608513 0.061932 0.0612463 0.0577912 
0.0630188 0.0689387 0.0861234 0.107153 0.117784 0.107413 0.0767516 0.0395371 0.0129456 0.00175013 -0.0032443 -0.0105772 -0.0194765 -0.0254569 -0.0259403 -0.0206413 -0.0123535 -0.00560442 -0.00250536 -0.00208429 -0.00273003 -0.00372323 -0.00537981 -0.00753126 -0.00791192 -0.00367172 0.00580636 0.0186539 0.0315175 0.0403889 0.0438329 0.0453739 0.0490023 0.0542948 0.0587258 0.0608138 0.0604266 0.0602471 0.0638266 0.0689185 0.069621 0.0656482 
0.0846777 0.0993495 0.122432 0.143969 0.149026 0.129793 0.0919677 0.0518848 0.0250014 0.0132471 0.0059284 -0.00624398 -0.0217722 -0.0331312 -0.0352731 -0.0286585 -0.0183662 -0.0100219 -0.00566297 -0.0044713 -0.00521292 -0.00670712 -0.00802197 -0.00852432 -0.00711771 -0.00220665 0.00713921 0.020044 0.033413 0.0432027 0.0478182 0.0495875 0.0512393 0.0527445 0.0525825 0.0496749 0.0454679 0.0458208 0.0550572 0.0677026 0.0753165 0.0785854 
0.119127 0.13567 0.152903 0.162886 0.153429 0.122099 0.0804 0.0449562 0.0254475 0.0180485 0.0107931 -0.00373378 -0.0218208 -0.0343967 -0.0363412 -0.0296015 -0.0202959 -0.013442 -0.0101512 -0.00958104 -0.0108128 -0.0123667 -0.012776 -0.0118675 -0.00986069 -0.00565163 0.00264561 0.0152954 0.0296897 0.0418927 0.0495068 0.0527607 0.0530505 0.0510736 0.0459124 0.0362703 0.0255045 0.0237125 0.0377293 0.0614561 0.0842696 0.10287 
0.174702 0.181233 0.175958 0.160017 0.128472 0.0847561 0.0437086 0.0188263 0.0116704 0.0119242 0.00698581 -0.00709508 -0.0237932 -0.0340829 -0.0345757 -0.0286199 -0.0220112 -0.0181461 -0.0167939 -0.0167218 -0.0172735 -0.0174558 -0.0164589 -0.0150159 -0.0138772 -0.0114897 -0.00501154 0.00672322 0.0219487 0.0368602 0.0474919 0.0520985 0.0524498 0.0511047 0.0466203 0.0350081 0.0192823 0.0133176 0.0295686 0.0661665 0.110891 0.150547 
0.258448 0.251822 0.213022 0.15895 0.0988201 0.0423103 0.00314297 -0.0117546 -0.0084396 -0.00114885 -0.00186955 -0.0120837 -0.024447 -0.0314716 -0.0313272 -0.0272105 -0.0234469 -0.0219421 -0.0216209 -0.0209906 -0.0198009 -0.0180803 -0.0161336 -0.0152806 -0.015981 -0.0160217 -0.012281 -0.0032219 0.0104731 0.025552 0.0367913 0.0412664 0.0424284 0.0457764 0.049647 0.0459504 0.033469 0.0261057 0.0425463 0.089559 0.157161 0.222517 
