0.245522 0.323567 0.363845 0.340164 0.257127 0.156369 0.0837934 0.0567025 0.0610529 0.069493 0.0660761 0.053935 0.0405127 0.0269772 0.0132143 0.00266627 -0.00163026 -0.00125685 -0.00150709 -0.00564345 -0.0110284 -0.0126271 -0.00602306 0.00966826 0.0293121 0.0467031 0.0596213 0.0684825 0.0719303 0.068589 0.0626466 0.0618076 0.0735776 0.105526 0.164446 
0.216413 0.288653 0.324949 0.304944 0.227931 0.127127 0.0511147 0.0227202 0.0273205 0.0375781 0.0402681 0.03776 0.0329149 0.0243982 0.0138389 0.00655564 0.00466337 0.00535434 0.00420351 -0.000831203 -0.00761365 -0.0120569 -0.00986548 -0.00076527 0.00919653 0.0154233 0.0202364 0.0280975 0.0380646 0.0456322 0.0503993 0.054948 0.063304 0.0866622 0.139303 
0.162982 0.213208 0.239463 0.229317 0.175901 0.0957336 0.0277948 -0.00364512 -0.00701967 -0.00204083 0.00276471 0.00790829 0.0114162 0.0102739 0.00741487 0.00754846 0.00959235 0.00969354 0.00648425 0.000547353 -0.00703625 -0.014457 -0.0185011 -0.017976 -0.0160072 -0.0144254 -0.0104773 -0.00135689 0.0113982 0.0256597 0.0420339 0.0574686 0.0671083 0.0787385 0.110404 
0.107685 0.125304 0.134165 0.131477 0.106559 0.0589002 0.0115916 -0.0152453 -0.0234634 -0.0229754 -0.0175151 -0.00863315 -0.00171598 0.000387081 0.00246616 0.00842121 0.0139493 0.0136185 0.00798942 -2.01617e-05 -0.00901934 -0.0182318 -0.0259353 -0.0302065 -0.0308492 -0.0284966 -0.0230546 -0.0152666 -0.00629433 0.00781674 0.0322256 0.0595784 0.0755857 0.0803256 0.0889963 
0.0683618 0.0572312 0.048432 0.0452761 0.0367463 0.0154658 -0.00705964 -0.0196892 -0.023673 -0.0219068 -0.0143561 -0.00449892 0.000703186 0.000269046 0.00124449 0.00793546 0.0151108 0.015853 0.00988279 0.000514369 -0.00950449 -0.0184335 -0.025203 -0.0280473 -0.0263451 -0.0227799 -0.0203726 -0.020742 -0.021772 -0.0123854 0.0169788 0.055231 0.0801701 0.0843585 0.0775654 
0.0563828 0.0324906 0.0140098 0.00564021 -0.000993494 -0.0108446 -0.0178743 -0.019931 -0.0199349 -0.0158636 -0.00565023 0.00446159 0.00669758 0.00248929 0.000173841 0.00457106 0.0116239 0.0140779 0.00988534 0.00149419 -0.00755213 -0.0141198 -0.0169234 -0.0154295 -0.0114505 -0.0104986 -0.0160377 -0.0271093 -0.0377693 -0.0330144 -0.00155489 0.0434453 0.0760879 0.0851303 0.075981 
0.0623244 0.0441704 0.0254117 0.0109291 -0.000614139 -0.00890995 -0.0127675 -0.0163676 -0.0214181 -0.0211938 -0.0122462 -0.00255111 -0.000211314 -0.00319371 -0.00485633 -0.00143808 0.00506515 0.0089194 0.00748648 0.00220808 -0.00391527 -0.0073409 -0.00658018 -0.00276493 1.01109e-05 -0.00404785 -0.0159455 -0.0316946 -0.0449109 -0.0428323 -0.0156081 0.0254108 0.0579232 0.0726375 0.0728825 
0.0626703 0.0589125 0.0440488 0.0238324 0.00718803 -0.00111442 -0.00612182 -0.0160288 -0.0295627 -0.0370092 -0.0336989 -0.0259699 -0.0206621 -0.0172515 -0.0134015 -0.00803221 -0.00149572 0.00319771 0.00432746 0.00279756 0.00041545 -7.83994e-05 0.00226669 0.00537571 0.0054916 -0.00087456 -0.0125409 -0.0249575 -0.0345392 -0.0345962 -0.0182853 0.00803529 0.0306837 0.0457589 0.0566436 
0.0464794 0.0494627 0.0349638 0.0101856 -0.00780945 -0.0124858 -0.0143707 -0.0238127 -0.03798 -0.0477864 -0.0486909 -0.0435804 -0.0365627 -0.0283294 -0.019807 -0.0121684 -0.00546216 -0.000859416 0.00118693 0.00185688 0.0023543 0.00414742 0.00701608 0.00878606 0.00799235 0.0040015 -0.00226578 -0.00839094 -0.013482 -0.0155266 -0.00996492 0.00175444 0.0128988 0.0224421 0.0341145 
0.0237502 0.0194227 -0.000543381 -0.028131 -0.0437843 -0.041313 -0.0336794 -0.0324588 -0.0364631 -0.0403428 -0.0410246 -0.0383523 -0.0335149 -0.0268305 -0.0193437 -0.0123918 -0.00648299 -0.00277422 -0.00139795 -0.000683231 0.000754994 0.003535 0.00640059 0.00721781 0.00675685 0.00679208 0.00665426 0.00572457 0.00431636 0.00334586 0.00589395 0.0124535 0.0181811 0.0201784 0.0213942 
0.00699018 -0.00820126 -0.0330733 -0.0612812 -0.0747889 -0.0666181 -0.0483595 -0.0329014 -0.0233028 -0.0186725 -0.0173165 -0.017041 -0.0168702 -0.0159799 -0.0138032 -0.0103307 -0.00616622 -0.00325209 -0.00241495 -0.00208201 -0.000745563 0.00174373 0.00362409 0.00284101 0.00166884 0.00388599 0.00779368 0.0104933 0.0131613 0.01758 0.0246723 0.0332255 0.0374506 0.0320689 0.0197002 
-0.00222392 -0.020273 -0.0435462 -0.0695103 -0.0827372 -0.0737389 -0.0505647 -0.026919 -0.00956558 -0.000135945 0.00253445 0.00120971 -0.00235941 -0.00651722 -0.00920776 -0.00889714 -0.00586586 -0.00286282 -0.00169432 -0.00117437 7.177e-05 0.00175351 0.00203601 -0.000632568 -0.00309472 -0.000437002 0.00558665 0.0110549 0.0176269 0.027599 0.0393419 0.0488045 0.0499587 0.0382462 0.0176534 
-0.00737317 -0.0208845 -0.0376594 -0.0582884 -0.0705834 -0.0642039 -0.043916 -0.0220055 -0.00560573 0.0037934 0.00727537 0.00656812 0.00263681 -0.00293251 -0.00737207 -0.00803317 -0.00489003 -0.00138161 8.2794e-06 0.000415641 0.00123148 0.00180057 0.000509125 -0.00327476 -0.00611217 -0.0031227 0.00447584 0.012576 0.0216623 0.0331321 0.0442121 0.0502385 0.0467541 0.0316686 0.0104486 
-0.0100301 -0.0172954 -0.0268892 -0.0401169 -0.0490555 -0.0461927 -0.0340453 -0.0204294 -0.00956887 -0.00175245 0.00356743 0.00607627 0.00491732 0.000802188 -0.00336485 -0.00422325 -0.00142219 0.0014912 0.00198984 0.0014509 0.00133269 0.000571229 -0.00226498 -0.00678234 -0.00950186 -0.00623187 0.00247504 0.0126711 0.022549 0.0318239 0.0384963 0.0397068 0.0330296 0.0183375 0.00155662 
-0.0107656 -0.0127493 -0.0163617 -0.0221201 -0.0264223 -0.02649 -0.0234067 -0.0190323 -0.0133419 -0.00583138 0.00265428 0.00936799 0.0114511 0.00886394 0.00474492 0.00282219 0.00374083 0.00452543 0.00319434 0.00142547 0.000599447 -0.000938028 -0.00475111 -0.00958944 -0.011955 -0.00874041 -0.00020774 0.0102802 0.0193933 0.0256301 0.0282176 0.0261083 0.0181278 0.00553872 -0.00560189 
-0.00943164 -0.00824793 -0.00811764 -0.00851155 -0.00879329 -0.0101196 -0.0129969 -0.0148232 -0.0122424 -0.00439092 0.00646832 0.0156191 0.0189103 0.0163321 0.0115297 0.00818174 0.00691527 0.00546165 0.0025186 -6.79914e-05 -0.00104519 -0.00243547 -0.00593316 -0.00986457 -0.011108 -0.00795052 -0.000768639 0.00816678 0.0157793 0.0202909 0.0211407 0.0176026 0.00912775 -0.00164572 -0.00857797 
-0.00549085 -0.00348655 -0.00248913 -0.000853739 0.00100759 0.000312564 -0.00337504 -0.00639085 -0.00481787 0.00226692 0.0123841 0.0204992 0.0225157 0.0188718 0.0133374 0.00907672 0.00649345 0.00391244 0.00046432 -0.00227522 -0.00327225 -0.00429111 -0.00667956 -0.00884879 -0.00859675 -0.00542306 4.79221e-05 0.00656223 0.0124509 0.016442 0.0172905 0.0136174 0.00550065 -0.00320493 -0.00692568 
-0.00131898 0.000832901 0.00149321 0.00300273 0.00506203 0.00565131 0.00490469 0.00491642 0.00736154 0.0127312 0.0195787 0.0242113 0.0236707 0.0187849 0.0128199 0.00810723 0.0048054 0.00179586 -0.00150144 -0.00407993 -0.0052334 -0.00606494 -0.00730967 -0.00787308 -0.00653392 -0.00326403 0.00106509 0.00536348 0.00917293 0.0121495 0.0126746 0.0090247 0.00200942 -0.00393881 -0.0044937 
-0.00117421 0.00207076 0.00376446 0.00566275 0.0073866 0.00874352 0.0112311 0.0150225 0.0188283 0.0225201 0.0260315 0.0273725 0.0247846 0.0193323 0.0136037 0.00891476 0.00495465 0.00109359 -0.00266701 -0.00546715 -0.00676186 -0.00717616 -0.00730463 -0.00683896 -0.00499134 -0.00125402 0.00337002 0.00687494 0.008671 0.00916163 0.00755947 0.00290714 -0.00344221 -0.00736818 -0.00578961 
-0.00662352 -0.00104287 0.00367967 0.00776543 0.0103236 0.0125106 0.0168978 0.0225122 0.026333 0.0281575 0.029211 0.0287833 0.0257212 0.0210684 0.0167922 0.0130066 0.00850529 0.00299096 -0.00248446 -0.00637014 -0.00791405 -0.00780988 -0.00727731 -0.00666831 -0.00475401 -6.46319e-05 0.00615918 0.010448 0.0109774 0.00830961 0.00322983 -0.00362594 -0.0105788 -0.0142834 -0.012288 
-0.0158375 -0.00712036 0.00136476 0.00858702 0.0135563 0.0178256 0.0236766 0.0293521 0.0316382 0.0310589 0.0300624 0.0288402 0.0263156 0.0232864 0.0212355 0.0191178 0.0146178 0.0074591 -0.000278339 -0.0059038 -0.00818958 -0.00835089 -0.00854766 -0.00908339 -0.00750255 -0.00172989 0.00610655 0.0113112 0.0112293 0.00621461 -0.00196298 -0.0112846 -0.0197556 -0.0244797 -0.0228106 
-0.0250144 -0.0139555 -0.00296282 0.00670318 0.014641 0.0220407 0.0296148 0.0348203 0.0352257 0.0325068 0.0299629 0.0281887 0.0259999 0.0240966 0.0237691 0.0232799 0.0195485 0.0119536 0.00287195 -0.00415109 -0.00741658 -0.00879375 -0.0110757 -0.0136858 -0.012735 -0.00629443 0.00210535 0.00723728 0.00678643 0.000886899 -0.00880176 -0.0195999 -0.0291758 -0.0347239 -0.033196 
-0.0306692 -0.0205947 -0.0101137 0.000336806 0.0109505 0.0217986 0.0312282 0.035838 0.0346071 0.0306905 0.0275181 0.0252085 0.0226172 0.0208657 0.021195 0.0216426 0.019148 0.0127492 0.00427995 -0.00266324 -0.00621826 -0.00867848 -0.0128232 -0.0169473 -0.0164484 -0.0101077 -0.00226527 0.00226255 0.0018161 -0.00405737 -0.0142358 -0.0252895 -0.0343817 -0.0393613 -0.0379901 
-0.0335811 -0.0283093 -0.021168 -0.0112162 0.00179037 0.0163215 0.0279249 0.0319071 0.0289909 0.0244703 0.0214496 0.0186964 0.0152821 0.0131957 0.0135426 0.0142778 0.0130067 0.00886759 0.00283113 -0.00235037 -0.00506052 -0.00727952 -0.0110842 -0.0144454 -0.0135535 -0.00804147 -0.00159119 0.0024553 0.00259757 -0.00315193 -0.0143848 -0.0261247 -0.0341971 -0.0377382 -0.037144 
-0.0394854 -0.0396413 -0.0358592 -0.0260581 -0.0104138 0.00806639 0.0221188 0.0252256 0.0199711 0.0146509 0.0122659 0.00974572 0.00597487 0.00365517 0.00392391 0.00488359 0.00486617 0.00333931 0.000497563 -0.0023046 -0.00386832 -0.00477288 -0.00575873 -0.00573133 -0.00313813 0.0014807 0.0058603 0.00885782 0.00958388 0.00428979 -0.00858546 -0.0233451 -0.0333231 -0.0373665 -0.0385061 
-0.0518404 -0.0537106 -0.0501319 -0.0383656 -0.0190337 0.00336973 0.0188775 0.0195267 0.0103844 0.00341483 0.00189854 0.000680564 -0.00249409 -0.00486009 -0.00470214 -0.00316911 -0.00154475 -0.00043113 -0.000333113 -0.00127955 -0.0025366 -0.00285683 -0.00109783 0.00298327 0.00857245 0.0136849 0.0162398 0.0170223 0.0175554 0.0137434 0.000178486 -0.0198633 -0.0368947 -0.0456655 -0.0490251 
-0.0639371 -0.0616547 -0.0547487 -0.0398709 -0.0173354 0.00700209 0.0213401 0.0178977 0.0043964 -0.00460112 -0.0057434 -0.00571975 -0.00808926 -0.0106188 -0.0109186 -0.00897126 -0.00586273 -0.00271559 -0.000512826 -7.67188e-05 -0.00153045 -0.00303137 -0.00148054 0.00463775 0.0139973 0.0225246 0.0257962 0.0248606 0.024574 0.0222783 0.0084462 -0.0181187 -0.0454313 -0.0611674 -0.0648603 
-0.0653413 -0.0547737 -0.0437635 -0.0283408 -0.00747183 0.0133309 0.0235666 0.0177358 0.00385791 -0.00504982 -0.00648989 -0.00670746 -0.00909766 -0.0121726 -0.0136182 -0.0124683 -0.00946639 -0.00612068 -0.00317779 -0.00120546 -0.00172895 -0.00462612 -0.00576675 -0.000213678 0.012651 0.0269637 0.0345085 0.034514 0.0337803 0.0313723 0.0153063 -0.0185281 -0.0553654 -0.0757815 -0.0755079 
-0.0532222 -0.0359204 -0.0235785 -0.0122182 0.000306603 0.011095 0.0151342 0.0111066 0.00405964 0.000382509 -5.06554e-06 -0.00125389 -0.00465856 -0.00885667 -0.0121278 -0.0131732 -0.0123558 -0.0110886 -0.00906829 -0.00554722 -0.00332507 -0.0055825 -0.00887847 -0.00498577 0.00957423 0.0283748 0.0405822 0.0432331 0.0430138 0.0395182 0.0202061 -0.0187458 -0.0598081 -0.0797006 -0.0727504 
-0.0275755 -0.0114987 -0.00387502 -0.000980192 -0.00066785 -0.00270974 -0.00529319 -0.00508967 -0.000973732 0.00483742 0.00804279 0.00625113 0.00129802 -0.00413343 -0.00869212 -0.0117153 -0.0136714 -0.0155177 -0.0155595 -0.0111691 -0.00543558 -0.00479602 -0.00815916 -0.00609794 0.00692219 0.025138 0.0378426 0.0416744 0.0421476 0.0381476 0.0186903 -0.0170419 -0.0511288 -0.0629966 -0.0497943 
0.0130183 0.019486 0.0154174 0.00607697 -0.00593382 -0.0183381 -0.0253707 -0.021514 -0.00883557 0.00422043 0.00999888 0.00722211 0.000722085 -0.0047723 -0.00831508 -0.0110917 -0.0144089 -0.0184853 -0.0203144 -0.0156372 -0.00691783 -0.00278322 -0.00523162 -0.00560986 0.00265629 0.0152209 0.0237832 0.026651 0.0275101 0.0238296 0.00880062 -0.0136904 -0.028855 -0.0249633 -0.00555409 
0.0570688 0.052729 0.0358678 0.0152313 -0.00510971 -0.0223403 -0.0304855 -0.0252859 -0.0114554 0.000620123 0.00369484 -0.00166686 -0.00900936 -0.0129651 -0.0135741 -0.0141828 -0.0169789 -0.0210992 -0.0227609 -0.0174563 -0.00700106 -0.000556952 -0.00233582 -0.0051601 -0.00223879 0.00343036 0.0067571 0.0086105 0.0106491 0.00903755 0.00151198 -0.00508974 -0.000803686 0.0180636 0.0428736 
0.0809142 0.0697636 0.0472933 0.0241775 0.00400712 -0.0116439 -0.0182003 -0.0142908 -0.00691367 -0.00435187 -0.00864322 -0.0163576 -0.022442 -0.0239969 -0.0222979 -0.0211598 -0.0223598 -0.0240374 -0.0230759 -0.0167129 -0.00641935 0.000268824 -0.000934992 -0.004166 -0.00353003 -0.0018167 -0.00183927 -0.000403913 0.00413116 0.00836577 0.010448 0.0140734 0.0256715 0.04787 0.0716738 
0.0790474 0.0628897 0.0415005 0.0244922 0.0122871 0.00357097 0.000489441 0.0010728 -0.0030534 -0.014667 -0.0269363 -0.0338387 -0.0355169 -0.0344296 -0.03243 -0.0309229 -0.0297821 -0.0273405 -0.0229098 -0.0163489 -0.00849305 -0.00361365 -0.00424598 -0.00523195 -0.00216316 0.000807918 0.000375322 0.000938075 0.00807694 0.0214463 0.033895 0.0406672 0.0480983 0.0632347 0.0784631 
0.0713325 0.0531031 0.0331037 0.0203174 0.0156443 0.0151171 0.015123 0.00975904 -0.00780403 -0.032764 -0.0500219 -0.0527933 -0.0480135 -0.0441041 -0.0424835 -0.0406292 -0.0367581 -0.0307847 -0.0243821 -0.018904 -0.0144414 -0.0124685 -0.0133266 -0.0113145 -0.00250258 0.006635 0.00883787 0.00798389 0.016037 0.0370959 0.0571573 0.0631363 0.0632758 0.0698806 0.0769091 
0.0724154 0.0648914 0.0476734 0.0307054 0.0253341 0.0294435 0.029868 0.0153946 -0.015364 -0.0496534 -0.0688555 -0.0675661 -0.0572511 -0.0502124 -0.047485 -0.0442717 -0.0388066 -0.0321175 -0.0257639 -0.0209487 -0.0182115 -0.0186462 -0.0209933 -0.0174508 -0.00263768 0.0150239 0.0224569 0.0206811 0.0259288 0.0467476 0.0675497 0.071 0.0643757 0.0638391 0.0698114 
0.0824838 0.101347 0.0955353 0.0714114 0.0554519 0.0557583 0.0529665 0.0300319 -0.00940816 -0.047897 -0.0687103 -0.0682927 -0.0575475 -0.0487912 -0.0439397 -0.0394735 -0.0345957 -0.0293776 -0.023389 -0.017617 -0.0143753 -0.0159891 -0.0200487 -0.0160037 0.00395487 0.0308742 0.0464504 0.0458435 0.0439894 0.0539431 0.067164 0.0671321 0.0553673 0.0486301 0.0586459 
0.109925 0.157527 0.17169 0.145414 0.110999 0.0930093 0.0796405 0.0532087 0.0166037 -0.0174381 -0.039616 -0.046778 -0.0434933 -0.0379413 -0.0336982 -0.0305335 -0.0280125 -0.0243541 -0.0183122 -0.0118423 -0.00837459 -0.0102201 -0.0137631 -0.0073264 0.017709 0.0531587 0.0785091 0.0821841 0.0730354 0.0673509 0.0685529 0.0663396 0.0564525 0.0505457 0.0664341 
0.165633 0.231218 0.263676 0.23995 0.183993 0.134233 0.0999851 0.0729282 0.0504239 0.03049 0.0106208 -0.00551218 -0.0138645 -0.0166679 -0.0181077 -0.019788 -0.0206105 -0.018438 -0.0137407 -0.00968404 -0.00833677 -0.00955439 -0.00893508 0.00275059 0.0311542 0.0691886 0.0993674 0.108225 0.0978723 0.082685 0.0744345 0.0727278 0.07389 0.0819077 0.109522 
0.225718 0.299841 0.340322 0.317678 0.243715 0.161933 0.10414 0.0766148 0.07043 0.067485 0.0550294 0.0366428 0.0210954 0.00991327 0.00047134 -0.00724232 -0.0109995 -0.0103236 -0.00858646 -0.00931248 -0.0116366 -0.012183 -0.00652486 0.00976483 0.0365155 0.0671731 0.0917382 0.102395 0.0978128 0.0846719 0.0738521 0.0726395 0.0839788 0.110118 0.15645 
