0.114039 0.144269 0.134285 0.0857774 0.0431194 0.00995518 -0.0195893 -0.033644 -0.0347099 -0.034998 -0.0288018 0.000670646 0.0479689 0.0727787 0.0673456 0.0652582 0.0824916 
0.0764567 0.0839676 0.0877857 0.06805 0.0398306 0.0085583 -0.023411 -0.0398584 -0.0391094 -0.033903 -0.0249031 0.00318106 0.0459118 0.0701861 0.0692561 0.067886 0.073611 
0.0452845 0.0369581 0.0455239 0.041304 0.0228338 0.00460719 -0.0177736 -0.0356554 -0.0381451 -0.0303808 -0.0196462 -0.00256121 0.0212408 0.041742 0.0472672 0.0467753 0.0523247 
0.0298005 0.0136848 0.0192738 0.0239261 0.0136894 0.00682299 -0.00418031 -0.0195968 -0.0258078 -0.0208303 -0.0102064 -0.00512121 -0.00303927 0.0133927 0.0277712 0.0284333 0.0358547 
0.0014675 -0.0217994 -0.00900936 0.0158 0.0185646 0.0164482 0.00885645 -0.00685988 -0.0155043 -0.0133648 -0.00287955 -0.00135056 -0.00792365 0.00573066 0.023944 0.0236068 0.0206372 
-0.0282466 -0.0533237 -0.0348515 0.00106938 0.0166827 0.0209829 0.0138899 -0.00371653 -0.0121179 -0.00884023 0.00237065 0.00678504 -0.000291617 0.0046613 0.0169447 0.0164162 0.00325269 
-0.0129532 -0.0264791 -0.0130094 0.00506367 0.0104835 0.0135824 0.00987601 -0.00350716 -0.00943558 -0.00317369 0.0106442 0.0187136 0.00927731 -0.000752836 0.00164357 0.009664 0.00705097 
0.0472006 0.048525 0.0471746 0.0298876 0.00828531 0.00316442 0.00451663 -0.00192894 -0.00732752 -0.00121147 0.0146312 0.0256782 0.0154187 -0.00341622 -0.00388392 0.0212484 0.0429947 
0.108273 0.11195 0.0856691 0.038982 0.00418894 -0.00299037 0.00112446 -0.00110996 -0.00670986 -0.00206442 0.0133708 0.0246528 0.0176489 9.34719e-05 -0.000101063 0.0379103 0.0834974 
0.139531 0.134205 0.0867207 0.0317343 -0.000680476 -0.00915863 -0.00463453 -0.00185557 -0.00488019 -4.18035e-05 0.0143783 0.0241328 0.0217316 0.0106198 0.00921645 0.0466163 0.104267 
0.14059 0.125731 0.0746239 0.0232065 -0.0105322 -0.0237239 -0.0156595 -0.00468153 -0.00299211 0.00349966 0.0188435 0.0297071 0.0307543 0.0261462 0.0275578 0.0585009 0.110742 
0.108251 0.0959951 0.0610465 0.0137388 -0.0254346 -0.0381249 -0.0233253 -0.00582479 -0.000465474 0.00603977 0.0208797 0.0343757 0.0382609 0.0365224 0.0412757 0.0641649 0.0956985 
0.0430783 0.0432433 0.0320835 -0.00134826 -0.0321766 -0.0353427 -0.0167962 0.000341171 0.00497838 0.0071548 0.0148931 0.0247864 0.0296202 0.0269412 0.0245158 0.0309073 0.0405035 
-0.0207786 -0.0144184 -0.00929528 -0.0173836 -0.027171 -0.0216293 -0.00533837 0.00695426 0.00786566 0.00384704 0.00220235 0.00448619 0.00807397 0.00537136 -0.0068494 -0.0186832 -0.0223952 
-0.043785 -0.0447359 -0.0413829 -0.0340262 -0.0262997 -0.0150272 -0.000951999 0.00814187 0.00710008 -0.000743152 -0.00800311 -0.00987671 -0.0076977 -0.00767138 -0.0180174 -0.0337171 -0.0422862 
-0.0325326 -0.0390004 -0.045831 -0.0415858 -0.0287162 -0.0146954 -0.00271815 0.00484387 0.00585254 -0.000511716 -0.00905019 -0.012445 -0.0111402 -0.00833223 -0.0100924 -0.0193585 -0.0289568 
-0.0238727 -0.0256977 -0.0342487 -0.0352527 -0.0240744 -0.0122533 -0.0053432 0.000329507 0.00468018 0.00258453 -0.00551898 -0.0116957 -0.0114554 -0.00737214 -0.00604651 -0.0128316 -0.0227091 
-0.0313975 -0.0265673 -0.0266048 -0.0237632 -0.0145932 -0.00740256 -0.00436534 2.79715e-05 0.00453363 0.0031887 -0.0050169 -0.0147801 -0.0184382 -0.0153599 -0.0138174 -0.0208936 -0.0312968 
-0.0468038 -0.0362252 -0.023839 -0.0126644 -0.00633574 -0.00473977 -0.00188114 0.00375921 0.00603107 0.00123557 -0.00716472 -0.0171416 -0.0251098 -0.0263013 -0.0261927 -0.0345591 -0.046245 
-0.0612816 -0.0427112 -0.0180324 -0.000737378 0.000996872 -0.00417387 -0.00206218 0.00534502 0.00703338 -2.48247e-05 -0.00821253 -0.0154779 -0.0253312 -0.0355126 -0.0441813 -0.0551742 -0.0644882 
-0.0691695 -0.0469172 -0.0157993 0.00552205 0.00616573 -0.00317795 -0.00448546 0.00257468 0.00652625 0.00212177 -0.0043844 -0.00955197 -0.0208012 -0.0408327 -0.0600347 -0.0713694 -0.0754884 
-0.0681678 -0.0534552 -0.0254951 -0.00118064 0.00534021 -0.00113615 -0.00492199 0.000120093 0.00559312 0.0051065 0.00150223 -0.00322199 -0.0157923 -0.0379555 -0.0583789 -0.0676429 -0.0699729 
-0.0575757 -0.054406 -0.0332096 -0.00948194 0.00103429 0.000358419 -0.0013628 0.00227397 0.00571332 0.00532908 0.00327392 -0.00133593 -0.0124373 -0.0271902 -0.0385207 -0.0445642 -0.0500219 
-0.0454416 -0.0450566 -0.0269718 -0.00792023 -0.000969248 0.000295766 0.00254879 0.00691792 0.00838103 0.00583989 0.00279908 -0.0018085 -0.00904458 -0.0142505 -0.0167769 -0.0224059 -0.0332903 
-0.0397229 -0.0362047 -0.021552 -0.00949516 -0.00672317 -0.00453098 0.00155112 0.0086298 0.0119667 0.0102477 0.00650073 0.000570242 -0.00611603 -0.00924896 -0.0117118 -0.0193768 -0.0313558 
-0.0337053 -0.029453 -0.0234108 -0.0198916 -0.0176644 -0.0123426 -0.0039928 0.00458578 0.0110964 0.0140639 0.0136094 0.00761354 -0.00228152 -0.0113162 -0.0190083 -0.0262283 -0.0329027 
-0.0206277 -0.0165058 -0.01539 -0.0160876 -0.0142984 -0.0110733 -0.00712885 -0.00146146 0.00464486 0.0101166 0.0132071 0.0100931 0.00103411 -0.00904892 -0.0159282 -0.019689 -0.0229882 
0.000148325 0.00253436 0.00179293 0.00234355 0.00358029 -0.000340979 -0.00529026 -0.00581881 -0.00368605 -0.000861625 0.000861057 0.00128129 0.00130415 0.000541121 -0.00110348 -0.00178088 -0.0024504 
0.0221793 0.0168959 0.00623764 0.00641362 0.0114491 0.00782733 -0.000675818 -0.00659165 -0.00831852 -0.00856488 -0.00972735 -0.00812581 6.01358e-05 0.0083838 0.00806731 0.00927878 0.016712 
0.030605 0.0139568 -0.00665852 -0.00680471 0.00406295 0.00781832 0.00423025 -0.00173228 -0.0048921 -0.00546283 -0.00646001 -0.00670484 9.91146e-06 0.0115114 0.0152561 0.0195963 0.0294393 
0.0250307 0.000728484 -0.0211439 -0.0232113 -0.0155102 -0.00780033 -0.000695907 0.00163878 0.000502719 0.000295154 0.000951002 0.000233253 0.00310761 0.0145134 0.0260386 0.0331394 0.0355482 
0.0157027 -0.007654 -0.024495 -0.0305998 -0.0313805 -0.0234814 -0.00851095 0.00060565 -5.9176e-05 -0.00270174 -0.000924489 0.00430473 0.0110007 0.0202992 0.0310226 0.0370304 0.0332576 
0.015721 -0.00689936 -0.01785 -0.0232317 -0.0258031 -0.017947 -0.00568606 -0.000979967 -0.00520229 -0.0106193 -0.00803635 0.00305394 0.0132155 0.0184028 0.0245684 0.0357577 0.0370365 
0.0330315 0.00304798 -0.00850153 -0.0119832 -0.0142968 -0.0117699 -0.00951229 -0.0102903 -0.0124633 -0.0143008 -0.0104806 -0.0011221 0.0042198 0.00586447 0.0144231 0.0413135 0.0579429 
0.0690378 0.035793 0.0214871 0.0146402 0.00270209 -0.0128588 -0.0243885 -0.0267069 -0.0225203 -0.0182224 -0.0124536 -0.00480161 -0.0015025 0.00323569 0.0225175 0.0668067 0.0949896 
0.109367 0.0816674 0.0657106 0.052689 0.0310152 5.15383e-05 -0.0262218 -0.0376702 -0.0356106 -0.0295666 -0.0218307 -0.0109814 -0.000110158 0.0190174 0.058103 0.112744 0.135854 
0.124612 0.108831 0.0903029 0.0695287 0.0508799 0.0257593 -0.00827061 -0.0363525 -0.0445459 -0.0388969 -0.0293844 -0.0162035 0.00509554 0.0431579 0.0973803 0.143514 0.14802 
0.120862 0.119967 0.0996962 0.0711644 0.0598691 0.0488423 0.016096 -0.0225048 -0.0407812 -0.0373549 -0.0265289 -0.012995 0.0136289 0.057202 0.104002 0.131303 0.129733 
0.125501 0.126072 0.105045 0.0747071 0.0653334 0.0595437 0.0299994 -0.0108424 -0.0349202 -0.0342718 -0.0195665 -0.00276621 0.0210048 0.0528478 0.0832336 0.108122 0.122359 
0.129868 0.125819 0.10781 0.0805212 0.0625896 0.0476558 0.0164904 -0.0211522 -0.0421227 -0.0393704 -0.0174958 0.00720485 0.0265215 0.0440925 0.0636408 0.0925433 0.120961 
0.128469 0.133211 0.120469 0.0866929 0.0487247 0.0201715 -0.0118561 -0.0418109 -0.0540775 -0.0480123 -0.0227727 0.0111569 0.0342232 0.0445538 0.0492673 0.0675051 0.10376 
0.143996 0.159278 0.143679 0.0928532 0.0342609 0.000164747 -0.0257936 -0.0480376 -0.0549314 -0.049584 -0.0292147 0.00634862 0.0360662 0.045578 0.0366691 0.0457695 0.0964127 
0.156433 0.181414 0.160772 0.0959952 0.027689 -0.00581474 -0.0244859 -0.040811 -0.0460685 -0.0433823 -0.0309168 -0.0024384 0.030823 0.0449586 0.0335418 0.0401278 0.0954966 
0.140167 0.178347 0.16176 0.0960644 0.0350821 0.00230117 -0.0193079 -0.0335295 -0.037755 -0.0383354 -0.0312443 -0.00532695 0.0351263 0.0557661 0.0459664 0.0464164 0.084245 
