0.268882 0.277582 0.258491 0.225184 0.181274 0.128072 0.0710472 0.0189153 -0.0178238 -0.0306722 -0.0226444 -0.00730276 0.00493828 0.0114651 0.012593 0.00724714 -0.00438179 -0.0148473 -0.0159172 -0.00922643 -0.00193803 0.00593235 0.0223473 0.0505393 0.0843851 0.119731 0.165757 0.224417 
0.282015 0.281532 0.247908 0.200892 0.149483 0.0989589 0.053394 0.0122509 -0.0200523 -0.0306435 -0.0195884 -0.00409283 0.00612603 0.0136205 0.0180306 0.0137295 0.000716209 -0.0101076 -0.00919429 -0.000713263 0.00564355 0.0118026 0.029646 0.0594244 0.0886631 0.118079 0.167594 0.235658 
0.254161 0.236542 0.195599 0.148858 0.102564 0.0624806 0.0304275 0.000413813 -0.0245748 -0.0304855 -0.017554 -0.00351324 0.00310166 0.00908348 0.0158457 0.0146508 0.00410796 -0.00376497 0.000326484 0.0114359 0.0193315 0.0256488 0.044241 0.0755533 0.102823 0.127031 0.170838 0.227304 
0.183386 0.161819 0.128262 0.0922809 0.0610363 0.0386461 0.0195309 -0.00370491 -0.0239797 -0.0286995 -0.019346 -0.00877932 -0.00387579 0.000819189 0.00813121 0.0102693 0.00452372 0.000918533 0.00673915 0.0174806 0.0264074 0.0366566 0.0593562 0.0915383 0.114362 0.127381 0.150436 0.178348 
0.106311 0.095897 0.0754401 0.0464989 0.0256318 0.0189747 0.0132465 -0.000349462 -0.0140192 -0.0205193 -0.0210292 -0.0180612 -0.0141634 -0.00867938 -0.000207535 0.00554158 0.00437141 0.00291983 0.0069697 0.013686 0.0221784 0.0391434 0.0689079 0.100363 0.114852 0.11226 0.109751 0.110571 
0.0563572 0.0530927 0.0403162 0.0161893 0.00265394 0.00575211 0.00849262 0.00338933 -0.00329133 -0.0113255 -0.0219257 -0.0278483 -0.0255902 -0.0180841 -0.00751308 0.00110015 0.00286505 0.00167742 0.00256646 0.00448633 0.0110074 0.0323041 0.0672322 0.0972917 0.104886 0.092217 0.0757957 0.0636203 
0.0353189 0.0262782 0.01592 0.00223283 -0.000376606 0.00754318 0.00912764 0.00268618 -0.00307475 -0.0114408 -0.0256205 -0.0357888 -0.035077 -0.0263831 -0.0141577 -0.00391762 -0.000355912 -0.00126429 -0.00248239 -0.0043749 -0.00197525 0.0179326 0.0540939 0.0838303 0.0892734 0.0763572 0.0616421 0.0485908 
0.0318606 0.0143547 0.00715251 0.00714931 0.0148317 0.0225055 0.0160549 -3.26016e-05 -0.0114721 -0.0199648 -0.031244 -0.0399593 -0.0403074 -0.0321694 -0.0191628 -0.00790318 -0.00333004 -0.00409728 -0.00655834 -0.0106632 -0.0116029 0.00469149 0.0381799 0.0657238 0.0713713 0.0650544 0.0604787 0.0516077 
0.0349296 0.0161531 0.014104 0.0241964 0.0369063 0.0420987 0.029244 0.00450354 -0.0145944 -0.0250664 -0.0328578 -0.0387731 -0.0404393 -0.0345916 -0.0222717 -0.0105096 -0.00483526 -0.00477973 -0.00727053 -0.0110129 -0.0111666 0.00217091 0.0267042 0.0451656 0.0500617 0.0524239 0.0584251 0.0550136 
0.0364425 0.0207671 0.0193822 0.0312872 0.0450603 0.0507281 0.0402316 0.0160651 -0.00715821 -0.0214717 -0.0287084 -0.0326593 -0.0350257 -0.0325832 -0.0238583 -0.0135202 -0.00641105 -0.00345814 -0.00339734 -0.00443203 -0.00217457 0.00669204 0.0170884 0.0223774 0.0253423 0.0339791 0.0469228 0.0500081 
0.0370642 0.0218362 0.0131417 0.0196762 0.0328003 0.0409089 0.0374867 0.020767 -0.00152811 -0.0183804 -0.025342 -0.0261347 -0.0264778 -0.0263014 -0.0225825 -0.0156129 -0.00811648 -0.00190848 0.00204581 0.00344537 0.00472071 0.0063098 0.00444476 0.0008118 0.00275537 0.0142028 0.0313137 0.0421288 
0.0375887 0.0210513 0.00526453 0.00649035 0.0177527 0.0252549 0.0246209 0.0129688 -0.00727876 -0.0240399 -0.028924 -0.0254474 -0.0214982 -0.01975 -0.0175612 -0.0128052 -0.00636964 0.000377849 0.00556741 0.00599262 0.00234114 -0.00258555 -0.00900276 -0.0139209 -0.0113386 0.000873674 0.0202685 0.0369774 
0.0304038 0.0152498 0.00163355 0.00385006 0.0135109 0.0178508 0.0151849 0.00349983 -0.0162027 -0.0321291 -0.0356293 -0.0299626 -0.0220159 -0.0153249 -0.00983733 -0.00461962 -2.52426e-05 0.00375001 0.00559753 0.00166669 -0.00693831 -0.0136361 -0.0172389 -0.0186253 -0.0144198 -0.00246104 0.0150761 0.0299945 
0.00796806 -0.00162664 -0.00368724 0.0063156 0.0171165 0.0195869 0.0143399 0.00102054 -0.0181412 -0.0332283 -0.0374364 -0.0323331 -0.0221847 -0.0110303 -0.00168626 0.0046535 0.0074045 0.00716987 0.00396921 -0.00465551 -0.0157787 -0.0204216 -0.0182135 -0.0150621 -0.00964156 0.000152025 0.00957747 0.0130737 
-0.0264999 -0.0264978 -0.0144761 0.00460058 0.0186683 0.0218637 0.0158272 0.00205706 -0.0151946 -0.0282817 -0.0327727 -0.0288951 -0.0191281 -0.00723731 0.00355416 0.0109272 0.0132264 0.0109533 0.00472546 -0.00657656 -0.0186269 -0.021255 -0.0146013 -0.00878254 -0.00528633 -0.00235868 -0.00621668 -0.0173006 
-0.0553026 -0.0457592 -0.0267275 -0.00567639 0.00944999 0.0152693 0.0124546 0.00183867 -0.0120244 -0.0221206 -0.0253442 -0.0226476 -0.0158042 -0.00625468 0.00459095 0.0134093 0.0165794 0.0143317 0.00790922 -0.00328275 -0.0150873 -0.0177224 -0.0108937 -0.0064052 -0.00861962 -0.0155508 -0.030792 -0.0490154 
-0.0612607 -0.0496453 -0.0353821 -0.0220154 -0.0104857 -0.0011846 0.00436465 0.00207305 -0.00703375 -0.0152453 -0.0182009 -0.0173601 -0.0136736 -0.00621932 0.00437545 0.0135261 0.0166772 0.0148132 0.010155 0.00184756 -0.00794604 -0.0120241 -0.00960212 -0.010249 -0.0183032 -0.0306761 -0.0470684 -0.0609995 
-0.0468311 -0.0413055 -0.0379174 -0.0355753 -0.0303765 -0.019319 -0.00498392 0.00277566 -0.000753734 -0.00807607 -0.0122741 -0.013439 -0.0112608 -0.00436021 0.00535631 0.0127479 0.0143654 0.012652 0.0106397 0.00650412 -0.000594138 -0.00657978 -0.0101429 -0.0163728 -0.0267492 -0.0369876 -0.0452216 -0.0493922 
-0.0269903 -0.0287156 -0.0331098 -0.0381161 -0.0394688 -0.0314539 -0.0149431 -0.00134022 0.000819546 -0.00346004 -0.00702855 -0.00867787 -0.00698977 -0.00083428 0.00684355 0.0115883 0.0117327 0.0104661 0.0108515 0.0100216 0.00477191 -0.00250744 -0.00957672 -0.018053 -0.0270314 -0.0318656 -0.0312523 -0.0284182 
-0.0140124 -0.0195993 -0.0258289 -0.0327568 -0.0384098 -0.0360693 -0.0236254 -0.00970233 -0.00320214 -0.00251977 -0.00280043 -0.00293655 -0.00139228 0.00294791 0.00778184 0.010198 0.00973125 0.0092508 0.0111227 0.0120821 0.0082473 0.00167849 -0.00477928 -0.0118048 -0.0181292 -0.0193333 -0.0153441 -0.0120755 
-0.0146494 -0.0214117 -0.0262084 -0.0306121 -0.0350976 -0.0347482 -0.0261687 -0.0143312 -0.00659208 -0.00330166 -0.00111393 0.000889428 0.00310438 0.00592751 0.00836878 0.00923316 0.00869693 0.0089973 0.0114622 0.0128595 0.0100972 0.00570657 0.0024742 -0.0013284 -0.00584623 -0.00745875 -0.00672575 -0.00861585 
-0.0268955 -0.0332058 -0.0354339 -0.0345277 -0.0329122 -0.0297431 -0.0221759 -0.0121819 -0.00527604 -0.00238823 -0.000325631 0.00233133 0.00502452 0.00713744 0.00843999 0.00883723 0.0088178 0.00994304 0.012159 0.0123593 0.00931577 0.00667975 0.00692808 0.00676631 0.00336974 -0.00191196 -0.00890169 -0.0179503 
-0.0381272 -0.0420194 -0.0414689 -0.0362979 -0.0296703 -0.0238479 -0.0164346 -0.00731551 -0.000763639 0.00172505 0.00248454 0.00318426 0.00411291 0.00530456 0.00675087 0.00817653 0.00981349 0.0121681 0.013533 0.0115049 0.00763028 0.00636542 0.00894477 0.0111492 0.00837488 -0.000816915 -0.0151159 -0.0292 
-0.0372334 -0.0379668 -0.0358273 -0.0305345 -0.0240951 -0.0185536 -0.0113055 -0.00203945 0.00483285 0.00725307 0.00640932 0.00373217 0.00129067 0.00119842 0.00361125 0.00709894 0.0110305 0.0147477 0.0155002 0.0124544 0.00967254 0.0106787 0.0139084 0.0153272 0.0117902 0.00100168 -0.0157786 -0.0305769 
-0.0268726 -0.0269198 -0.0248359 -0.021469 -0.0177284 -0.0136567 -0.00610933 0.00421325 0.0113824 0.0127732 0.00983276 0.00438292 -0.000597509 -0.00181579 0.0010672 0.00576605 0.0107526 0.0149096 0.0159858 0.0145571 0.0150296 0.0186599 0.0213067 0.0199643 0.0149458 0.00531925 -0.00880812 -0.0213208 
-0.0180387 -0.0196565 -0.0176748 -0.0149043 -0.012709 -0.0095249 -0.00155263 0.0101334 0.0180799 0.0183649 0.0131954 0.00589844 -0.000340583 -0.00282718 -0.00107503 0.00304429 0.00745769 0.0111572 0.0134701 0.0148745 0.0175086 0.0214435 0.0228196 0.0195097 0.013718 0.00649998 -0.00258343 -0.011721 
-0.0151854 -0.0162759 -0.0124048 -0.00898044 -0.00763192 -0.00487187 0.00339878 0.0158055 0.0243923 0.0239385 0.0166367 0.00756232 0.00021075 -0.00408276 -0.00457775 -0.00165674 0.00236475 0.00622879 0.0104692 0.0139919 0.0152888 0.0150685 0.0129767 0.008017 0.00212897 -0.00232056 -0.00545648 -0.00978615 
-0.0126569 -0.0105765 -0.00359123 0.000396361 0.000779559 0.00410314 0.0139784 0.0265633 0.0334019 0.0300036 0.0196552 0.00891356 0.000867409 -0.00506291 -0.00798823 -0.00620989 -0.00148493 0.00393189 0.0101573 0.014505 0.0123432 0.00469669 -0.00436466 -0.0125331 -0.0175848 -0.0173338 -0.0129537 -0.0108062 
-0.00331553 3.64387e-05 0.00782042 0.0119394 0.012407 0.0181852 0.0319601 0.0450077 0.0468571 0.0364356 0.0215526 0.0101174 0.00283602 -0.0036941 -0.00865926 -0.00807628 -0.00215206 0.00533402 0.0122837 0.0158169 0.0107187 -0.00311341 -0.0192193 -0.0308673 -0.0339459 -0.0270946 -0.014107 -0.00496458 
0.0109387 0.0122127 0.017641 0.0219887 0.0239686 0.0325057 0.0498405 0.0627356 0.0583368 0.0401903 0.0216416 0.010393 0.00381919 -0.00276106 -0.00797235 -0.00711792 0.000102861 0.00855118 0.0141319 0.0153803 0.00910794 -0.00591275 -0.0238485 -0.0366803 -0.0389383 -0.0281671 -0.00868915 0.00677437 
0.0180691 0.0177959 0.0220181 0.0283087 0.0323399 0.041052 0.0575377 0.0677239 0.058546 0.0370138 0.0183856 0.00737384 -0.000320639 -0.00678446 -0.00929029 -0.00533954 0.00300593 0.00994828 0.0122916 0.0111043 0.00536061 -0.0062807 -0.0198265 -0.0304734 -0.0344314 -0.0264746 -0.00685729 0.011863 
0.0099009 0.0116675 0.0200781 0.0307112 0.0357166 0.041003 0.0520417 0.0574675 0.0460744 0.0257048 0.0094706 -0.00113125 -0.00946252 -0.0144453 -0.0131288 -0.00567559 0.00273505 0.00590831 0.00397363 0.000955314 -0.00356974 -0.0105664 -0.0165209 -0.0203332 -0.0232373 -0.0211588 -0.00952321 0.00444579 
-0.00174985 0.00437242 0.0196606 0.03301 0.0356473 0.0357846 0.0404761 0.0407611 0.0284728 0.0109331 -0.00249539 -0.0112966 -0.0168747 -0.0188051 -0.0161177 -0.00882195 -0.00243442 -0.00357706 -0.00959032 -0.0145345 -0.0192362 -0.02396 -0.0230359 -0.0152125 -0.00783126 -0.00558093 -0.00443628 -0.00260059 
0.00411067 0.0139368 0.0311183 0.0401574 0.0366897 0.0329182 0.0333056 0.0278838 0.0131181 -0.00222617 -0.0121432 -0.0165906 -0.0166765 -0.0155925 -0.0145997 -0.0112771 -0.00859733 -0.012703 -0.0207628 -0.0276217 -0.0352737 -0.0426499 -0.0393935 -0.0201338 0.0032675 0.0145715 0.0124732 0.00599337 
0.0241116 0.0341424 0.0464828 0.0471744 0.0381903 0.0336667 0.0325362 0.0210655 0.000378455 -0.0157664 -0.0219974 -0.0204875 -0.0150609 -0.0115438 -0.011284 -0.0104924 -0.0100899 -0.0143783 -0.0213085 -0.0284846 -0.0398324 -0.053695 -0.0550178 -0.0321051 0.00301225 0.0264856 0.0304907 0.0250592 
0.0334271 0.0367471 0.0428058 0.0408083 0.033428 0.0319554 0.0310322 0.0143628 -0.0140197 -0.0338881 -0.0372129 -0.0302174 -0.0214449 -0.0160046 -0.0127703 -0.00929352 -0.0074043 -0.00937476 -0.0134524 -0.0190766 -0.0309983 -0.0497083 -0.0601408 -0.043831 -0.00616064 0.0273586 0.0409737 0.0382414 
0.0221699 0.0107961 0.0109181 0.0140803 0.0167202 0.0220869 0.0222937 0.00269386 -0.0304003 -0.0522032 -0.0517352 -0.0402797 -0.0310495 -0.0256216 -0.0189296 -0.0107555 -0.00559245 -0.00510118 -0.00768857 -0.0119442 -0.0203531 -0.037084 -0.0535221 -0.0480328 -0.0151179 0.0235905 0.0444888 0.0399803 
0.0041702 -0.0238633 -0.0316678 -0.0238574 -0.0108811 0.00175257 0.00559165 -0.010535 -0.0405641 -0.0594596 -0.0548341 -0.0414383 -0.0344491 -0.0308819 -0.0224115 -0.0105855 -0.00263062 -0.00192354 -0.0069058 -0.0122758 -0.0162357 -0.0253379 -0.03893 -0.0385304 -0.0120283 0.0249107 0.045935 0.0361797 
0.00324225 -0.0369219 -0.0554226 -0.050443 -0.0363772 -0.0221978 -0.0119937 -0.0164922 -0.0367859 -0.0515001 -0.046588 -0.0359028 -0.0328259 -0.030395 -0.0193286 -0.00355337 0.00687284 0.0056632 -0.00449259 -0.0125602 -0.0137459 -0.0151597 -0.0188196 -0.0123974 0.0126888 0.0432715 0.0571747 0.0421779 
0.0400705 -0.011207 -0.0440868 -0.0480226 -0.040918 -0.0318662 -0.0181289 -0.0126974 -0.0254595 -0.0384843 -0.0361374 -0.0298195 -0.0306331 -0.0290474 -0.0155585 0.00346428 0.0158843 0.0138198 0.00140161 -0.00659253 -0.00544264 -0.00199117 0.00465357 0.0226657 0.0527041 0.0816159 0.093327 0.0798275 
0.108141 0.0467124 -0.000262473 -0.0142884 -0.0173093 -0.0189729 -0.0120265 -0.00892609 -0.0207183 -0.0316725 -0.0287472 -0.0234787 -0.0269734 -0.0285728 -0.0168752 0.00160411 0.0145826 0.0145644 0.00572718 0.00243608 0.00741769 0.0136278 0.0248421 0.048936 0.0845094 0.120795 0.144506 0.144041 
0.17211 0.116141 0.0693382 0.049415 0.0329224 0.0129016 0.00082086 -0.00908313 -0.0226294 -0.0293792 -0.0234943 -0.0165683 -0.0200978 -0.024966 -0.0180142 -0.00359306 0.00723842 0.00859501 0.00463943 0.00738909 0.0172624 0.0255785 0.0357051 0.0582178 0.095681 0.139869 0.178221 0.195193 
0.211775 0.181404 0.15202 0.132436 0.103264 0.0629171 0.0259002 -0.00303322 -0.0220482 -0.027444 -0.0207694 -0.0116021 -0.0106118 -0.0140685 -0.0112111 -0.00363645 0.000533811 -0.00117052 -0.00316146 0.00318659 0.0158144 0.0255637 0.0349541 0.0565932 0.0950096 0.140844 0.183853 0.213365 
0.240459 0.237759 0.222804 0.201578 0.165199 0.113806 0.058443 0.0109278 -0.0190503 -0.0283634 -0.0218875 -0.00939095 -0.00107988 0.000902406 0.00139883 0.000662506 -0.00450741 -0.0114842 -0.0132081 -0.00635306 0.00445226 0.0139411 0.0264369 0.051481 0.0897695 0.131962 0.174936 0.216781 
