0.347655 0.338874 0.261003 0.161655 0.0738322 0.0281364 0.0228914 0.0350003 0.0504659 0.0551412 0.0438969 0.0204251 -0.00681348 -0.0194725 -0.013263 -0.00434859 -0.00464161 -0.011119 -0.019337 -0.0275098 -0.0296862 -0.0249314 -0.021044 -0.0248925 -0.0359227 -0.0454062 -0.0467963 -0.0421828 -0.0273118 -0.000941855 0.0176135 0.0268443 0.046752 0.0636486 0.055654 0.0459917 0.057277 0.0717613 0.0750603 0.0739759 0.0870784 0.15125 0.264482 
0.299132 0.301809 0.238817 0.138428 0.0405685 -0.00233401 0.00815041 0.0330409 0.0512231 0.0548385 0.0424946 0.0137587 -0.0220182 -0.0395251 -0.0304004 -0.0128403 -0.00561624 -0.0111065 -0.0219167 -0.0316859 -0.0353564 -0.0316456 -0.0270991 -0.0305145 -0.0406378 -0.0457209 -0.0400297 -0.0304456 -0.0169778 0.00325379 0.0203165 0.0396009 0.0720758 0.0912519 0.076701 0.0594714 0.0663892 0.0831665 0.0903737 0.0795541 0.0704607 0.115876 0.218214 
0.169375 0.191332 0.170546 0.106258 0.026749 -0.00955764 0.00198825 0.0250879 0.0414799 0.052517 0.0539327 0.0274081 -0.0205569 -0.0500577 -0.0442138 -0.0236252 -0.01111 -0.0138263 -0.0252776 -0.0349112 -0.0377774 -0.0336781 -0.0263169 -0.0243249 -0.0291015 -0.029795 -0.0202904 -0.00800569 0.00317206 0.0166546 0.0315288 0.0518823 0.0767056 0.0814333 0.0575947 0.0365435 0.0432072 0.0717566 0.0953591 0.0798651 0.0403743 0.0428173 0.105153 
0.0448534 0.0849037 0.105978 0.0819034 0.0288602 -0.000289537 0.0061164 0.025003 0.0410552 0.0593574 0.0751565 0.0552179 -0.00132057 -0.0432015 -0.0438274 -0.0242958 -0.00843803 -0.0069029 -0.0195888 -0.0335599 -0.0375656 -0.0315005 -0.0203085 -0.0132213 -0.0144048 -0.0151601 -0.00857009 0.00079153 0.00839157 0.0163513 0.0263915 0.0383809 0.0470165 0.0396866 0.0182219 0.00399413 0.0142763 0.0508024 0.0844915 0.0692002 0.0156638 -0.0151769 0.00310064 
-0.00689826 0.0349251 0.0639362 0.0554857 0.025038 0.00598697 0.0106422 0.031978 0.0513622 0.0651379 0.0762536 0.0610182 0.0127696 -0.0267988 -0.0303339 -0.0135677 0.00254829 0.00577185 -0.0100965 -0.0311903 -0.037676 -0.0288082 -0.0152115 -0.00826672 -0.0111985 -0.013871 -0.00839872 0.000589144 0.00799957 0.0144933 0.0184112 0.0169883 0.0112805 0.00232448 -0.00573683 -0.00662487 0.00460602 0.0310937 0.0554828 0.044991 0.00430573 -0.0291522 -0.0327976 
-0.00677784 0.0244542 0.0371123 0.0291917 0.0213396 0.0172299 0.0198535 0.0379152 0.0546234 0.0554899 0.0491171 0.0323072 0.00156929 -0.0202243 -0.0177407 -0.00309987 0.00886616 0.00926921 -0.00806414 -0.030155 -0.0357449 -0.024371 -0.0104843 -0.00624509 -0.0118414 -0.0152528 -0.00840696 0.00288374 0.0125028 0.0194498 0.0181549 0.00538501 -0.0101551 -0.0177248 -0.0133296 -0.00269221 0.00667962 0.0154819 0.0235267 0.0197571 0.00144015 -0.018946 -0.025634 
0.00481844 0.0271978 0.0259729 0.0147031 0.0187873 0.0271116 0.0312607 0.0411106 0.0470411 0.0369742 0.0186055 -0.00292098 -0.022747 -0.0266566 -0.0134275 0.00182194 0.00912613 0.00616038 -0.0078016 -0.0229834 -0.0258713 -0.0165563 -0.00616648 -0.00380188 -0.00838469 -0.0115796 -0.00716523 0.00293627 0.0131459 0.0183901 0.0138988 0.000432482 -0.0137984 -0.0196146 -0.01309 -0.00238748 0.00210363 0.000801612 0.00144029 0.00467664 0.00286664 -0.00667825 -0.0115731 
0.0153149 0.0284612 0.0209613 0.00608389 0.0073758 0.0195729 0.0314873 0.0391945 0.0355864 0.0218242 0.00352988 -0.0186228 -0.0351217 -0.0317315 -0.0135227 0.00161699 0.00594575 0.00185565 -0.00604395 -0.0118936 -0.0126419 -0.0085787 -0.003165 -0.0012005 -0.00255708 -0.0047194 -0.00444494 0.0024663 0.012433 0.014667 0.00725096 -0.000828979 -0.00498627 -0.00703447 -0.0062123 -0.00519424 -0.00750136 -0.0108481 -0.00969689 -0.00204109 0.00498404 0.00425373 0.00333808 
0.0161861 0.0156516 0.00522733 -0.00796053 -0.0115092 -0.00284454 0.0146272 0.0272727 0.0234787 0.0122741 -3.1088e-05 -0.0171507 -0.0310797 -0.0282377 -0.0125928 -0.000139117 0.00190453 -0.00257779 -0.00603646 -0.00500446 -0.00333107 -0.00169403 0.0020819 0.00491642 0.00496025 0.00296602 0.00111576 0.00572936 0.0145049 0.0140032 0.00427074 0.000602456 0.00608282 0.00850841 0.00331626 -0.00523507 -0.0123589 -0.0153923 -0.0140701 -0.00824113 0.000613734 0.00855971 0.0131417 
0.00829675 -0.00215825 -0.0122811 -0.0199159 -0.024438 -0.02203 -0.00650851 0.0108588 0.0132231 0.00573802 -0.00287612 -0.0136498 -0.0227608 -0.0213045 -0.00999176 -0.000114254 0.000963964 -0.0031596 -0.00429741 -0.000342737 0.00266755 0.00407986 0.0083827 0.0123792 0.0115968 0.00771744 0.00526076 0.00939794 0.0162751 0.0134419 0.00291341 0.000812158 0.00974161 0.0148819 0.00854742 -0.00304 -0.0119519 -0.0159309 -0.0165504 -0.0142995 -0.00617349 0.00679434 0.013535 
-0.000245924 -0.011458 -0.0173492 -0.0200434 -0.0240172 -0.0263246 -0.0171984 -0.00113216 0.00507803 -0.000234841 -0.00731805 -0.0126348 -0.01586 -0.0135696 -0.00493198 0.0031106 0.00417684 0.00118182 0.00105775 0.00473498 0.00663694 0.00704119 0.0111742 0.0156099 0.0139103 0.00818389 0.00531432 0.00900084 0.0139008 0.0106954 0.00180677 -0.00114352 0.00448912 0.00960504 0.00791883 0.00122506 -0.00666948 -0.013658 -0.0177481 -0.0168898 -0.0082266 0.00485887 0.00890453 
-0.00654299 -0.0135009 -0.0140605 -0.0133872 -0.0160635 -0.0201554 -0.0174473 -0.00732909 -0.00196418 -0.00554087 -0.0100775 -0.0115955 -0.0107296 -0.00565389 0.0035478 0.0105368 0.0104988 0.00691887 0.00571568 0.00713198 0.00662103 0.00571687 0.00964415 0.0144158 0.0130609 0.00727114 0.00310801 0.00303631 0.00398654 0.00179427 -0.00275721 -0.00510728 -0.00344133 5.54254e-05 0.00366639 0.00548047 0.00273377 -0.00554673 -0.0147618 -0.0173218 -0.00916508 0.00202455 0.0027288 
-0.0152595 -0.017543 -0.0144082 -0.0106886 -0.00948505 -0.0117692 -0.0132553 -0.010341 -0.00811837 -0.00909068 -0.00990915 -0.0100913 -0.00852051 -0.000748588 0.0113846 0.0187634 0.0171607 0.0117764 0.00835571 0.00657429 0.00315792 0.000932865 0.00455542 0.00968118 0.0101305 0.00647243 0.00142675 -0.00362334 -0.00767341 -0.00999194 -0.0110709 -0.0113569 -0.011013 -0.00950155 -0.00423409 0.00397653 0.00937104 0.00517791 -0.00796278 -0.0177052 -0.0141157 -0.00646651 -0.00802454 
-0.0296431 -0.027327 -0.0207778 -0.0143673 -0.00888975 -0.00710829 -0.00979461 -0.0136919 -0.0159248 -0.013869 -0.00957431 -0.0080715 -0.006765 0.00145627 0.014241 0.0218857 0.0205973 0.0152096 0.0102604 0.00535742 -0.000723079 -0.00426476 -0.00180244 0.00295578 0.00549672 0.00479945 0.000576321 -0.00596402 -0.0120839 -0.0156685 -0.0168312 -0.017279 -0.0187174 -0.0196484 -0.0146902 -0.00281476 0.0102511 0.01357 0.000736074 -0.015631 -0.0199715 -0.0192928 -0.0243999 
-0.0389959 -0.0361804 -0.0271055 -0.0185747 -0.0120013 -0.0100238 -0.0152954 -0.0237747 -0.02692 -0.0200654 -0.0102663 -0.00531123 -0.00183711 0.00532571 0.0135254 0.0182423 0.0182906 0.015231 0.0108143 0.00505599 -0.00174617 -0.00582617 -0.00443661 -3.76225e-05 0.00351244 0.00309204 -0.00200487 -0.0080504 -0.012366 -0.0145982 -0.0146449 -0.0156708 -0.0212559 -0.0261998 -0.0212816 -0.00729301 0.00853475 0.0164982 0.00804969 -0.00859477 -0.0178102 -0.022863 -0.0319441 
-0.0293604 -0.0368292 -0.0312684 -0.0193324 -0.0104024 -0.0135571 -0.0279245 -0.0390718 -0.0358461 -0.021362 -0.00802791 -0.000468916 0.00606347 0.011371 0.0120566 0.0106834 0.0102681 0.00969168 0.0080739 0.00511559 0.000238484 -0.00379587 -0.00323556 0.00125993 0.00442503 0.000293441 -0.00967011 -0.0163696 -0.0162305 -0.0112532 -0.00385425 -0.00291825 -0.015164 -0.0263743 -0.0193506 -0.00256995 0.00934826 0.014517 0.0114285 0.00194898 -0.00360927 -0.00599859 -0.0149639 
-0.000316777 -0.0270012 -0.0321472 -0.0138663 0.00503935 -0.00140882 -0.0281325 -0.0443535 -0.0363544 -0.0175469 -0.00345298 0.00621318 0.0150344 0.0179906 0.0120219 0.00370395 0.000360226 0.00109964 0.00257789 0.00351738 0.00179045 -0.00197478 -0.00328305 -0.000367671 0.000886665 -0.00739159 -0.0210246 -0.0264502 -0.0193806 -0.00404887 0.0128445 0.0153204 -0.00590154 -0.0251286 -0.0139848 0.00882715 0.0153766 0.0125323 0.0116543 0.0115755 0.0164349 0.0254167 0.0229214 
0.0272401 -0.0168425 -0.0313906 -0.00362945 0.0314526 0.0298597 -0.00517904 -0.0313398 -0.0280989 -0.0127069 -0.00139482 0.00907345 0.0191587 0.0213465 0.0129469 0.000100351 -0.00656021 -0.00510498 -0.00124749 0.00206146 0.00262222 -0.000859579 -0.00598916 -0.00850826 -0.0099692 -0.0177365 -0.0289398 -0.030542 -0.017866 0.0042067 0.0263328 0.0291598 0.00238224 -0.022882 -0.0104177 0.0175964 0.0225951 0.0124598 0.00866224 0.014636 0.0314614 0.053298 0.0576953 
0.0384432 -0.010843 -0.0294063 0.00519321 0.0537568 0.0611935 0.022205 -0.0161838 -0.0219755 -0.0112434 -0.00290314 0.00525637 0.0121285 0.0132461 0.00895041 0.000794125 -0.00503931 -0.00427707 -0.000339536 0.00333767 0.00485393 0.00134273 -0.00868736 -0.0179721 -0.0202395 -0.0226282 -0.0293986 -0.031446 -0.0206177 0.00158399 0.0256819 0.0330859 0.0139348 -0.00699997 0.00197807 0.025462 0.0290208 0.0143989 0.00298565 0.00732583 0.029508 0.0571321 0.0668826 
0.0679013 0.0241997 -0.00693854 0.0167118 0.0616318 0.0693158 0.0291479 -0.0133499 -0.0226015 -0.013063 -0.00373474 0.00392816 0.00499504 0.000727539 0.00100514 0.00395498 0.00290494 0.00031093 0.000307545 0.00297991 0.00565321 0.00205873 -0.0116219 -0.0238356 -0.0237937 -0.0210909 -0.0263645 -0.0331884 -0.0285712 -0.00845485 0.0178211 0.0336243 0.0331867 0.0283639 0.0322129 0.0385362 0.033047 0.0146204 -0.00439733 -0.0075175 0.010528 0.0411034 0.0706522 
0.148986 0.115328 0.0587949 0.0479118 0.0623719 0.0538495 0.0175956 -0.0132191 -0.0170442 -0.00735464 0.00360132 0.01302 0.0108312 -6.54168e-05 -0.00227395 0.00365605 0.00398776 -0.00177284 -0.00532149 -0.00334552 0.000941142 -0.00128438 -0.0138722 -0.0240566 -0.0228242 -0.0200602 -0.0245905 -0.0312658 -0.0271924 -0.00481038 0.0244042 0.0427223 0.0521318 0.0578669 0.0543695 0.0412058 0.0259633 0.0100299 -0.00525819 -0.00941347 0.00371513 0.0416594 0.107703 
0.245138 0.222204 0.148463 0.100806 0.074184 0.0438267 0.0138274 -0.000885079 0.00380361 0.0139548 0.0213828 0.0250259 0.0180217 0.00496818 -0.000257699 0.00041322 -0.00307238 -0.00977201 -0.0138482 -0.0132636 -0.0090129 -0.0076014 -0.0132825 -0.0192398 -0.0214473 -0.0238793 -0.0271694 -0.0278384 -0.0174596 0.010625 0.0400746 0.0512811 0.0545716 0.0564706 0.0448573 0.0252856 0.0154928 0.0139095 0.013686 0.0183847 0.0328508 0.0792402 0.172483 
0.316202 0.300846 0.223574 0.148616 0.0885293 0.0455752 0.0237592 0.0208709 0.0316187 0.0404405 0.0387685 0.0280961 0.0110452 -0.00103987 -0.00195805 -0.00140856 -0.0066394 -0.0133806 -0.0185176 -0.0219739 -0.0204668 -0.0159699 -0.0145842 -0.0178119 -0.025329 -0.0337097 -0.0372362 -0.0343079 -0.0191815 0.0109364 0.0349995 0.0395074 0.0426222 0.0462224 0.0347898 0.0223119 0.0280088 0.0400267 0.0470792 0.0547876 0.0729587 0.130183 0.235579 
